PdfType: replica
Format: lhagrid1
---
1.00000E-06 1.28121E-06 1.64152E-06 2.10317E-06 2.69463E-06 3.45242E-06 4.42329E-06 5.66715E-06 7.26076E-06 9.30241E-06 1.19180E-05 1.52689E-05 1.95617E-05 2.50609E-05 3.21053E-05 4.11287E-05 5.26863E-05 6.74889E-05 8.64459E-05 1.10720E-04 1.41800E-04 1.81585E-04 2.32503E-04 2.97652E-04 3.80981E-04 4.87518E-04 6.26039E-04 8.00452E-04 1.02297E-03 1.30657E-03 1.66759E-03 2.12729E-03 2.71054E-03 3.44865E-03 4.37927E-03 5.54908E-03 7.01192E-03 8.83064E-03 1.10763E-02 1.38266E-02 1.71641E-02 2.11717E-02 2.59364E-02 3.15062E-02 3.79623E-02 4.53425E-02 5.36750E-02 6.29705E-02 7.32221E-02 8.44039E-02 9.64793E-02 1.09332E-01 1.23067E-01 1.37507E-01 1.52639E-01 1.68416E-01 1.84794E-01 2.01731E-01 2.19016E-01 2.36948E-01 2.55242E-01 2.73927E-01 2.92954E-01 3.12340E-01 3.32036E-01 3.52019E-01 3.72282E-01 3.92772E-01 4.13533E-01 4.34326E-01 4.55495E-01 4.76836E-01 4.98342E-01 5.20006E-01 5.41818E-01 5.63773E-01 5.85861E-01 6.08077E-01 6.30459E-01 6.52800E-01 6.75387E-01 6.98063E-01 7.20830E-01 7.43683E-01 7.66623E-01 7.89636E-01 8.12791E-01 8.35940E-01 8.59175E-01 8.82485E-01 9.05866E-01 9.29311E-01 9.52817E-01 9.76387E-01 1.00000E+00 
1.14018E+00 1.22539E+00 1.32482E+00 1.44156E+00 1.57954E+00 1.74381E+00 1.94091E+00 2.12132E+00 2.17945E+00 2.49622E+00 2.89383E+00 3.39925E+00 4.05063E+00 4.90286E+00 6.03623E+00 7.57063E+00 9.68869E+00 1.26749E+01 1.69835E+01 2.33578E+01 3.30501E+01 4.82334E+01 7.28041E+01 1.13998E+02 1.85779E+02 3.16228E+02 
908 909 910 
7.94198E-01 4.58991E-02 2.66700E-01 
8.09272E-01 5.46977E-02 3.14229E-01 
8.42760E-01 7.07598E-02 3.74455E-01 
9.03564E-01 9.50869E-02 4.51446E-01 
9.85980E-01 1.24646E-01 5.51615E-01 
1.09386E+00 1.60212E-01 6.85409E-01 
1.23157E+00 2.02599E-01 8.65573E-01 
1.36103E+00 2.40505E-01 1.04834E+00 
1.40335E+00 2.52558E-01 1.11203E+00 
1.63320E+00 3.15884E-01 1.48802E+00 
1.91663E+00 3.90031E-01 2.04012E+00 
2.26237E+00 4.75753E-01 2.87145E+00 
2.67965E+00 5.74490E-01 4.15244E+00 
3.17797E+00 7.42927E-01 6.20024E+00 
3.77389E+00 8.81681E-01 9.57974E+00 
4.49564E+00 1.03669E+00 1.53244E+01 
5.36472E+00 1.20896E+00 2.54775E+01 
6.40512E+00 1.39888E+00 4.41020E+01 
7.64760E+00 1.60748E+00 7.94791E+01 
9.13752E+00 1.83742E+00 1.48902E+02 
1.09646E+01 2.09829E+00 2.87009E+02 
1.33735E+01 2.42470E+00 5.53239E+02 
1.70230E+01 2.91274E+00 1.01158E+03 
2.29365E+01 3.69010E+00 1.63172E+03 
3.10266E+01 4.67541E+00 2.21301E+03 
3.96285E+01 5.57317E+00 2.58370E+03 
1.47949E+00 8.49475E-02 4.53626E-01 
1.50851E+00 1.01698E-01 5.34227E-01 
1.57252E+00 1.32252E-01 6.36388E-01 
1.68825E+00 1.78535E-01 7.67696E-01 
1.84442E+00 2.34594E-01 9.39069E-01 
2.04782E+00 3.01809E-01 1.16611E+00 
2.30634E+00 3.81678E-01 1.47214E+00 
2.54924E+00 4.53030E-01 1.78369E+00 
2.62818E+00 4.75607E-01 1.89106E+00 
3.05757E+00 5.94339E-01 2.53099E+00 
3.58561E+00 7.32839E-01 3.46946E+00 
4.22809E+00 8.92681E-01 4.88295E+00 
5.00235E+00 1.07538E+00 7.06644E+00 
5.92659E+00 1.38822E+00 1.05456E+01 
7.02914E+00 1.64330E+00 1.62752E+01 
8.36236E+00 1.92786E+00 2.60384E+01 
9.96340E+00 2.24287E+00 4.32842E+01 
1.18764E+01 2.58921E+00 7.49389E+01 
1.41557E+01 2.96826E+00 1.35132E+02 
1.68820E+01 3.38454E+00 2.53194E+02 
2.02175E+01 3.85545E+00 4.87685E+02 
2.46113E+01 4.44431E+00 9.40232E+02 
3.12695E+01 5.32629E+00 1.71991E+03 
4.20487E+01 6.73130E+00 2.77364E+03 
5.67691E+01 8.50838E+00 3.76163E+03 
7.23664E+01 1.01176E+01 4.39107E+03 
1.40439E+00 7.99538E-02 3.85688E-01 
1.43324E+00 9.63555E-02 4.54108E-01 
1.49629E+00 1.26230E-01 5.41050E-01 
1.60890E+00 1.71228E-01 6.52560E-01 
1.76012E+00 2.25589E-01 7.98270E-01 
1.95611E+00 2.90569E-01 9.91137E-01 
2.20400E+00 3.67500E-01 1.25099E+00 
2.43630E+00 4.36041E-01 1.51584E+00 
2.51153E+00 4.57657E-01 1.60659E+00 
2.92041E+00 5.71198E-01 2.15021E+00 
3.42146E+00 7.03081E-01 2.94682E+00 
4.02924E+00 8.54686E-01 4.14681E+00 
4.75984E+00 1.02713E+00 6.00311E+00 
5.63259E+00 1.32232E+00 8.95720E+00 
6.67077E+00 1.56073E+00 1.38168E+01 
7.92234E+00 1.82562E+00 2.21009E+01 
9.42080E+00 2.11762E+00 3.67381E+01 
1.12058E+01 2.43728E+00 6.35896E+01 
1.33267E+01 2.78566E+00 1.14673E+02 
1.58565E+01 3.16669E+00 2.14838E+02 
1.89443E+01 3.59632E+00 4.13715E+02 
2.30053E+01 4.13292E+00 7.97418E+02 
2.91590E+01 4.93822E+00 1.45874E+03 
3.91154E+01 6.22208E+00 2.35213E+03 
5.26800E+01 7.84114E+00 3.18961E+03 
6.69901E+01 9.29621E+00 3.72278E+03 
1.32690E+00 7.48507E-02 3.26362E-01 
1.35556E+00 9.08919E-02 3.84176E-01 
1.41734E+00 1.19959E-01 4.57659E-01 
1.52659E+00 1.63551E-01 5.51899E-01 
1.67225E+00 2.16030E-01 6.74849E-01 
1.86026E+00 2.78589E-01 8.38016E-01 
2.09688E+00 3.52358E-01 1.05744E+00 
2.31796E+00 4.17880E-01 1.28133E+00 
2.38946E+00 4.38515E-01 1.35812E+00 
2.77678E+00 5.46532E-01 1.81693E+00 
3.24996E+00 6.71495E-01 2.48999E+00 
3.82188E+00 8.14489E-01 3.50255E+00 
4.50726E+00 9.76364E-01 5.06869E+00 
5.32738E+00 1.25348E+00 7.56402E+00 
6.30033E+00 1.47512E+00 1.16695E+01 
7.46888E+00 1.72019E+00 1.86582E+01 
8.86385E+00 1.98923E+00 3.10142E+01 
1.05203E+01 2.28245E+00 5.36649E+01 
1.24828E+01 2.60061E+00 9.67605E+01 
1.48173E+01 2.94718E+00 1.81243E+02 
1.76605E+01 3.33669E+00 3.49046E+02 
2.13935E+01 3.82264E+00 6.72566E+02 
2.70486E+01 4.55329E+00 1.23009E+03 
3.61945E+01 5.71943E+00 1.98324E+03 
4.86255E+01 7.18564E+00 2.68908E+03 
6.16814E+01 8.49314E+00 3.13826E+03 
1.25353E+00 7.00158E-02 2.75939E-01 
1.28214E+00 8.57610E-02 3.24794E-01 
1.34261E+00 1.14023E-01 3.86717E-01 
1.44863E+00 1.56288E-01 4.66397E-01 
1.58906E+00 2.06991E-01 5.70258E-01 
1.76924E+00 2.67181E-01 7.07767E-01 
1.99511E+00 3.37921E-01 8.92954E-01 
2.20545E+00 4.00543E-01 1.08206E+00 
2.27328E+00 4.20215E-01 1.14673E+00 
2.64023E+00 5.22964E-01 1.53415E+00 
3.08672E+00 6.41260E-01 2.10173E+00 
3.62479E+00 7.76055E-01 2.95635E+00 
4.26754E+00 9.27966E-01 4.27723E+00 
5.03728E+00 1.18796E+00 6.37941E+00 
5.94830E+00 1.39357E+00 9.84276E+00 
7.03878E+00 1.62007E+00 1.57365E+01 
8.33614E+00 1.86759E+00 2.61474E+01 
9.87230E+00 2.13617E+00 4.52509E+01 
1.16867E+01 2.42629E+00 8.15667E+01 
1.38391E+01 2.74096E+00 1.52776E+02 
1.64541E+01 3.09340E+00 2.94130E+02 
1.98835E+01 3.53286E+00 5.66852E+02 
2.50767E+01 4.19491E+00 1.03657E+03 
3.34708E+01 5.25271E+00 1.67099E+03 
4.48531E+01 6.57873E+00 2.26547E+03 
5.67541E+01 7.75185E+00 2.64372E+03 
1.18410E+00 6.54327E-02 2.32961E-01 
1.21272E+00 8.09198E-02 2.74222E-01 
1.27194E+00 1.08424E-01 3.26431E-01 
1.37475E+00 1.49397E-01 3.93535E-01 
1.51019E+00 1.98406E-01 4.81216E-01 
1.68297E+00 2.56357E-01 5.97251E-01 
1.89847E+00 3.24164E-01 7.53260E-01 
2.09843E+00 3.83979E-01 9.12581E-01 
2.16282E+00 4.02737E-01 9.67136E-01 
2.51020E+00 5.00407E-01 1.29365E+00 
2.93144E+00 6.12353E-01 1.77220E+00 
3.43724E+00 7.39286E-01 2.49209E+00 
4.03975E+00 8.81736E-01 3.60603E+00 
4.76190E+00 1.12521E+00 5.37755E+00 
5.61407E+00 1.31592E+00 8.29275E+00 
6.63106E+00 1.52503E+00 1.32615E+01 
7.83677E+00 1.75244E+00 2.20307E+01 
9.26001E+00 1.99806E+00 3.81206E+01 
1.09361E+01 2.26216E+00 6.87089E+01 
1.29189E+01 2.54735E+00 1.28692E+02 
1.53219E+01 2.86568E+00 2.47722E+02 
1.84686E+01 3.26227E+00 4.77324E+02 
2.32337E+01 3.86132E+00 8.72881E+02 
3.09323E+01 4.81968E+00 1.40707E+03 
4.13458E+01 6.01735E+00 1.90756E+03 
5.21835E+01 7.06811E+00 2.22593E+03 
1.11843E+00 6.10935E-02 1.96435E-01 
1.14688E+00 7.62821E-02 2.31181E-01 
1.20516E+00 1.03151E-01 2.75240E-01 
1.30490E+00 1.42897E-01 3.31722E-01 
1.43541E+00 1.90253E-01 4.05510E-01 
1.60102E+00 2.46035E-01 5.03217E-01 
1.80668E+00 3.11054E-01 6.34748E-01 
1.99669E+00 3.68168E-01 7.68810E-01 
2.05779E+00 3.86043E-01 8.14810E-01 
2.38655E+00 4.78849E-01 1.08980E+00 
2.78370E+00 5.84705E-01 1.49286E+00 
3.25891E+00 7.04108E-01 2.09891E+00 
3.82312E+00 8.37441E-01 3.03618E+00 
4.50035E+00 1.06551E+00 4.52883E+00 
5.29699E+00 1.24211E+00 6.98246E+00 
6.24440E+00 1.43484E+00 1.11637E+01 
7.36420E+00 1.64346E+00 1.85502E+01 
8.68157E+00 1.86770E+00 3.20859E+01 
1.02286E+01 2.10767E+00 5.78463E+01 
1.20532E+01 2.36563E+00 1.08310E+02 
1.42596E+01 2.65261E+00 2.08530E+02 
1.71445E+01 3.00990E+00 4.01779E+02 
2.15123E+01 3.55101E+00 7.34670E+02 
2.85671E+01 4.41811E+00 1.18425E+03 
3.80858E+01 5.49829E+00 1.60544E+03 
4.79457E+01 6.43791E+00 1.87340E+03 
1.05633E+00 5.69871E-02 1.65480E-01 
1.08464E+00 7.19046E-02 1.94688E-01 
1.14194E+00 9.81509E-02 2.31755E-01 
1.23883E+00 1.36756E-01 2.79356E-01 
1.36461E+00 1.82536E-01 3.41420E-01 
1.52334E+00 2.36239E-01 4.23649E-01 
1.71943E+00 2.98544E-01 5.34271E-01 
1.90001E+00 3.53075E-01 6.47201E-01 
1.95788E+00 3.70086E-01 6.85753E-01 
2.26877E+00 4.58196E-01 9.17027E-01 
2.64300E+00 5.58210E-01 1.25617E+00 
3.08927E+00 6.70474E-01 1.76627E+00 
3.61737E+00 7.95093E-01 2.55472E+00 
4.25185E+00 1.00858E+00 3.81071E+00 
4.99612E+00 1.17192E+00 5.87612E+00 
5.87802E+00 1.34927E+00 9.39293E+00 
6.91700E+00 1.54034E+00 1.56074E+01 
8.13543E+00 1.74471E+00 2.69978E+01 
9.56181E+00 1.96233E+00 4.86703E+01 
1.12395E+01 2.19520E+00 9.11352E+01 
1.32629E+01 2.45331E+00 1.75438E+02 
1.59053E+01 2.77457E+00 3.38045E+02 
1.99058E+01 3.26261E+00 6.18138E+02 
2.63643E+01 4.04596E+00 9.96399E+02 
3.50578E+01 5.01882E+00 1.35083E+03 
4.40194E+01 5.85757E+00 1.57635E+03 
9.97610E-01 5.31025E-02 1.39229E-01 
1.02595E+00 6.78234E-02 1.63819E-01 
1.08216E+00 9.34271E-02 1.94929E-01 
1.17632E+00 1.30947E-01 2.35011E-01 
1.29750E+00 1.75216E-01 2.87190E-01 
1.44963E+00 2.26924E-01 3.56416E-01 
1.63662E+00 2.86630E-01 4.49481E-01 
1.80805E+00 3.38654E-01 5.44352E-01 
1.86300E+00 3.54873E-01 5.76999E-01 
2.15689E+00 4.38491E-01 7.71495E-01 
2.50933E+00 5.32908E-01 1.05682E+00 
2.92806E+00 6.38337E-01 1.48574E+00 
3.42191E+00 7.54709E-01 2.14867E+00 
4.01587E+00 9.54276E-01 3.20502E+00 
4.71061E+00 1.10515E+00 4.94219E+00 
5.53092E+00 1.26813E+00 7.90092E+00 
6.49399E+00 1.44281E+00 1.31266E+01 
7.61985E+00 1.62870E+00 2.27105E+01 
8.93368E+00 1.82566E+00 4.09337E+01 
1.04746E+01 2.03540E+00 7.66643E+01 
1.23286E+01 2.26706E+00 1.47589E+02 
1.47462E+01 2.55528E+00 2.84355E+02 
1.84068E+01 2.99473E+00 5.20002E+02 
2.43145E+01 3.70140E+00 8.38259E+02 
3.22467E+01 4.57626E+00 1.13649E+03 
4.03831E+01 5.32354E+00 1.32629E+03 
9.42153E-01 4.94345E-02 1.17066E-01 
9.70429E-01 6.39453E-02 1.37754E-01 
1.02587E+00 8.90297E-02 1.63936E-01 
1.11718E+00 1.25471E-01 1.97596E-01 
1.23404E+00 1.68306E-01 2.41533E-01 
1.37968E+00 2.18060E-01 2.99615E-01 
1.55794E+00 2.75270E-01 3.77960E-01 
1.72066E+00 3.24892E-01 4.57698E-01 
1.77267E+00 3.40313E-01 4.85102E-01 
2.05038E+00 4.19619E-01 6.48721E-01 
2.38207E+00 5.08688E-01 8.88645E-01 
2.77477E+00 6.07625E-01 1.24940E+00 
3.23641E+00 7.16346E-01 1.80727E+00 
3.79186E+00 9.02659E-01 2.69486E+00 
4.43981E+00 1.04169E+00 4.15610E+00 
5.20209E+00 1.19118E+00 6.64415E+00 
6.09401E+00 1.35059E+00 1.10395E+01 
7.13327E+00 1.51934E+00 1.90987E+01 
8.34231E+00 1.69720E+00 3.44310E+01 
9.75595E+00 1.88565E+00 6.44757E+01 
1.14528E+01 2.09306E+00 1.24141E+02 
1.36628E+01 2.35113E+00 2.39220E+02 
1.70088E+01 2.74606E+00 4.37453E+02 
2.24077E+01 3.38258E+00 7.05219E+02 
2.96380E+01 4.16801E+00 9.56162E+02 
3.70176E+01 4.83253E+00 1.11594E+03 
8.89789E-01 4.59704E-02 9.84088E-02 
9.17936E-01 6.02670E-02 1.15774E-01 
9.72757E-01 8.49051E-02 1.37836E-01 
1.06130E+00 1.20312E-01 1.66082E-01 
1.17390E+00 1.61752E-01 2.03015E-01 
1.31345E+00 2.09664E-01 2.51925E-01 
1.48315E+00 2.64433E-01 3.17664E-01 
1.63759E+00 3.11750E-01 3.84794E-01 
1.68681E+00 3.26412E-01 4.07765E-01 
1.94897E+00 4.01548E-01 5.45240E-01 
2.26091E+00 4.85487E-01 7.46892E-01 
2.62893E+00 5.78194E-01 1.05033E+00 
3.06009E+00 6.79505E-01 1.51950E+00 
3.57929E+00 8.53308E-01 2.26633E+00 
4.18295E+00 9.81331E-01 3.49441E+00 
4.89072E+00 1.11824E+00 5.58786E+00 
5.71587E+00 1.26343E+00 9.28307E+00 
6.67422E+00 1.41628E+00 1.60636E+01 
7.78546E+00 1.57649E+00 2.89556E+01 
9.08119E+00 1.74542E+00 5.42354E+01 
1.06324E+01 1.93062E+00 1.04421E+02 
1.26501E+01 2.16110E+00 2.01235E+02 
1.57055E+01 2.51537E+00 3.68027E+02 
2.06350E+01 3.08781E+00 5.93356E+02 
2.72194E+01 3.79183E+00 8.04571E+02 
3.39049E+01 4.38151E+00 9.39096E+02 
8.40436E-01 4.27146E-02 8.27300E-02 
8.68439E-01 5.68198E-02 9.72941E-02 
9.22493E-01 8.09811E-02 1.15846E-01 
1.00858E+00 1.15468E-01 1.39628E-01 
1.11702E+00 1.55565E-01 1.70639E-01 
1.25055E+00 2.01673E-01 2.11728E-01 
1.41225E+00 2.54132E-01 2.67110E-01 
1.55862E+00 2.99203E-01 3.23462E-01 
1.60523E+00 3.13142E-01 3.42865E-01 
1.85267E+00 3.84315E-01 4.58517E-01 
2.14579E+00 4.63315E-01 6.28011E-01 
2.49036E+00 5.50049E-01 8.83215E-01 
2.89259E+00 6.44273E-01 1.27739E+00 
3.37747E+00 8.06359E-01 1.90572E+00 
3.93948E+00 9.24023E-01 2.93906E+00 
4.59586E+00 1.04914E+00 4.69901E+00 
5.35856E+00 1.18108E+00 7.80874E+00 
6.24130E+00 1.31921E+00 1.35116E+01 
7.26173E+00 1.46318E+00 2.43588E+01 
8.44776E+00 1.61415E+00 4.56265E+01 
9.86431E+00 1.77908E+00 8.78580E+01 
1.17044E+01 1.98441E+00 1.69326E+02 
1.44917E+01 2.30157E+00 3.09687E+02 
1.89876E+01 2.81545E+00 4.99330E+02 
2.49776E+01 3.44541E+00 6.77141E+02 
3.10274E+01 3.96754E+00 7.90439E+02 
7.93896E-01 3.96497E-02 6.95415E-02 
8.21949E-01 5.36496E-02 8.18168E-02 
8.75433E-01 7.74205E-02 9.74078E-02 
9.58800E-01 1.10926E-01 1.17367E-01 
1.06325E+00 1.49739E-01 1.43482E-01 
1.19103E+00 1.94115E-01 1.78031E-01 
1.34487E+00 2.44310E-01 2.24571E-01 
1.48361E+00 2.87238E-01 2.72002E-01 
1.52766E+00 3.00469E-01 2.88270E-01 
1.76098E+00 3.67801E-01 3.85538E-01 
2.03627E+00 4.42105E-01 5.28146E-01 
2.35865E+00 5.23209E-01 7.42748E-01 
2.73373E+00 6.10783E-01 1.07446E+00 
3.18595E+00 7.61680E-01 1.60258E+00 
3.70863E+00 8.69580E-01 2.47217E+00 
4.31676E+00 9.83667E-01 3.95209E+00 
5.02097E+00 1.10331E+00 6.56925E+00 
5.83320E+00 1.22782E+00 1.13666E+01 
6.76899E+00 1.35682E+00 2.04951E+01 
7.85345E+00 1.49136E+00 3.83930E+01 
9.14533E+00 1.63777E+00 7.39311E+01 
1.08215E+01 1.82020E+00 1.42501E+02 
1.33617E+01 2.10358E+00 2.60661E+02 
1.74579E+01 2.56406E+00 4.20311E+02 
2.29013E+01 3.12669E+00 5.70032E+02 
2.83694E+01 3.58797E+00 6.65482E+02 
7.50049E-01 3.67721E-02 5.84333E-02 
7.78084E-01 5.06530E-02 6.87762E-02 
8.30898E-01 7.40357E-02 8.18685E-02 
9.11838E-01 1.06675E-01 9.86770E-02 
1.01238E+00 1.44244E-01 1.20630E-01 
1.13465E+00 1.86957E-01 1.49732E-01 
1.28088E+00 2.34958E-01 1.88797E-01 
1.41233E+00 2.75819E-01 2.28764E-01 
1.45392E+00 2.88372E-01 2.42405E-01 
1.67373E+00 3.52001E-01 3.24193E-01 
1.93206E+00 4.21806E-01 4.44161E-01 
2.23343E+00 4.97546E-01 6.24598E-01 
2.58286E+00 5.78809E-01 9.03889E-01 
3.00431E+00 7.19062E-01 1.34827E+00 
3.48992E+00 8.17852E-01 2.07982E+00 
4.05282E+00 9.21687E-01 3.32596E+00 
4.70215E+00 1.02989E+00 5.52697E+00 
5.44864E+00 1.14181E+00 9.56648E+00 
6.30576E+00 1.25705E+00 1.72472E+01 
7.29605E+00 1.37656E+00 3.23107E+01 
8.47283E+00 1.50610E+00 6.22320E+01 
9.99766E+00 1.66770E+00 1.19950E+02 
1.23097E+01 1.92030E+00 2.19442E+02 
1.60383E+01 2.33222E+00 3.53894E+02 
2.09796E+01 2.83377E+00 4.80003E+02 
2.59157E+01 3.24027E+00 5.60438E+02 
7.08866E-01 3.40960E-02 4.91496E-02 
7.36757E-01 4.78405E-02 5.78368E-02 
7.89050E-01 7.09033E-02 6.88561E-02 
8.67599E-01 1.02717E-01 8.29909E-02 
9.64350E-01 1.39089E-01 1.01452E-01 
1.08119E+00 1.80176E-01 1.25914E-01 
1.22023E+00 2.26079E-01 1.58829E-01 
1.34457E+00 2.64930E-01 1.92399E-01 
1.38391E+00 2.76844E-01 2.03947E-01 
1.59089E+00 3.36938E-01 2.72770E-01 
1.83311E+00 4.02427E-01 3.73752E-01 
2.11449E+00 4.72997E-01 5.25533E-01 
2.43964E+00 5.48252E-01 7.60476E-01 
2.83202E+00 6.78531E-01 1.13449E+00 
3.28260E+00 7.68736E-01 1.74988E+00 
3.80302E+00 8.63000E-01 2.79903E+00 
4.40114E+00 9.60602E-01 4.65179E+00 
5.08635E+00 1.06091E+00 8.05119E+00 
5.87061E+00 1.16355E+00 1.45210E+01 
6.77364E+00 1.26931E+00 2.72041E+01 
7.84406E+00 1.38351E+00 5.23968E+01 
9.22967E+00 1.52623E+00 1.01011E+02 
1.13314E+01 1.75083E+00 1.84792E+02 
1.47215E+01 2.11856E+00 2.98045E+02 
1.92019E+01 2.56477E+00 4.04306E+02 
2.36521E+01 2.92209E+00 4.72110E+02 
6.70242E-01 3.16155E-02 4.13521E-02 
6.98047E-01 4.52779E-02 4.86543E-02 
7.49889E-01 6.80793E-02 5.79298E-02 
8.26039E-01 9.90715E-02 6.98355E-02 
9.19046E-01 1.34273E-01 8.53625E-02 
1.03060E+00 1.73779E-01 1.05925E-01 
1.16274E+00 2.17657E-01 1.33672E-01 
1.28026E+00 2.54564E-01 1.61886E-01 
1.31733E+00 2.65838E-01 1.71589E-01 
1.51207E+00 3.22527E-01 2.29542E-01 
1.73890E+00 3.83874E-01 3.14463E-01 
2.00150E+00 4.49549E-01 4.42314E-01 
2.30377E+00 5.19052E-01 6.40006E-01 
2.66870E+00 6.39912E-01 9.55000E-01 
3.08634E+00 7.22149E-01 1.47303E+00 
3.56684E+00 8.07480E-01 2.35595E+00 
4.11718E+00 8.95274E-01 3.91655E+00 
4.74526E+00 9.84871E-01 6.77781E+00 
5.46168E+00 1.07591E+00 1.22253E+01 
6.28418E+00 1.16917E+00 2.29096E+01 
7.25651E+00 1.26945E+00 4.41261E+01 
8.51381E+00 1.39505E+00 8.50770E+01 
1.04226E+01 1.59430E+00 1.55670E+02 
1.35010E+01 1.92187E+00 2.51091E+02 
1.75587E+01 2.31798E+00 3.40643E+02 
2.15655E+01 2.63121E+00 3.97822E+02 
6.34061E-01 2.93331E-02 3.47938E-02 
6.61680E-01 4.29000E-02 4.09374E-02 
7.13203E-01 6.55079E-02 4.87465E-02 
7.86926E-01 9.57080E-02 5.87634E-02 
8.76326E-01 1.29788E-01 7.18472E-02 
9.82790E-01 1.67770E-01 8.91494E-02 
1.10814E+00 2.09658E-01 1.12481E-01 
1.21920E+00 2.44699E-01 1.36262E-01 
1.25414E+00 2.55365E-01 1.44415E-01 
1.43711E+00 3.08761E-01 1.93171E-01 
1.64939E+00 3.66140E-01 2.64672E-01 
1.89416E+00 4.27143E-01 3.72315E-01 
2.17488E+00 4.91329E-01 5.38784E-01 
2.51381E+00 6.03241E-01 8.03877E-01 
2.90056E+00 6.77976E-01 1.24041E+00 
3.34369E+00 7.54998E-01 1.98379E+00 
3.84930E+00 8.33687E-01 3.29824E+00 
4.42430E+00 9.13429E-01 5.70878E+00 
5.07789E+00 9.93881E-01 1.02970E+01 
5.82582E+00 1.07574E+00 1.92947E+01 
6.70781E+00 1.16341E+00 3.71726E+01 
7.84706E+00 1.27352E+00 7.16749E+01 
9.57805E+00 1.44977E+00 1.31161E+02 
1.23706E+01 1.74097E+00 2.11593E+02 
1.60410E+01 2.09183E+00 2.87095E+02 
1.96436E+01 2.36561E+00 3.35330E+02 
6.00224E-01 2.72598E-02 2.92831E-02 
6.27655E-01 4.07460E-02 3.44626E-02 
6.78777E-01 6.31746E-02 4.10265E-02 
7.50199E-01 9.26428E-02 4.94485E-02 
8.36035E-01 1.25631E-01 6.04659E-02 
9.37604E-01 1.62133E-01 7.50553E-02 
1.05638E+00 2.02088E-01 9.46641E-02 
1.16122E+00 2.35319E-01 1.14703E-01 
1.19414E+00 2.45408E-01 1.21579E-01 
1.36595E+00 2.95643E-01 1.62636E-01 
1.56438E+00 3.49226E-01 2.22867E-01 
1.79225E+00 4.05776E-01 3.13464E-01 
2.05264E+00 4.64656E-01 4.53683E-01 
2.36707E+00 5.68250E-01 6.76866E-01 
2.72465E+00 6.36042E-01 1.04443E+00 
3.13276E+00 7.05352E-01 1.67067E+00 
3.59668E+00 7.75650E-01 2.77756E+00 
4.12239E+00 8.46347E-01 4.80934E+00 
4.71780E+00 9.17131E-01 8.67459E+00 
5.39696E+00 9.88640E-01 1.62585E+01 
6.19571E+00 1.06491E+00 3.13237E+01 
7.22655E+00 1.16105E+00 6.04057E+01 
8.79435E+00 1.31651E+00 1.10550E+02 
1.13242E+01 1.57475E+00 1.78364E+02 
1.46402E+01 1.88482E+00 2.42045E+02 
1.78746E+01 2.12336E+00 2.82749E+02 
5.68688E-01 2.54048E-02 2.46532E-02 
5.95919E-01 3.88318E-02 2.90115E-02 
6.46786E-01 6.11808E-02 3.45445E-02 
7.15849E-01 8.99097E-02 4.16456E-02 
7.98142E-01 1.21816E-01 5.09081E-02 
8.94900E-01 1.56865E-01 6.31927E-02 
1.00741E+00 1.94960E-01 7.97205E-02 
1.10623E+00 2.26428E-01 9.65786E-02 
1.13717E+00 2.35943E-01 1.02353E-01 
1.29830E+00 2.83126E-01 1.36944E-01 
1.48362E+00 3.33099E-01 1.87697E-01 
1.69551E+00 3.85403E-01 2.63993E-01 
1.93680E+00 4.39747E-01 3.82073E-01 
2.22814E+00 5.35239E-01 5.70189E-01 
2.55832E+00 5.96334E-01 8.79939E-01 
2.93367E+00 6.58480E-01 1.40764E+00 
3.35867E+00 7.21014E-01 2.33989E+00 
3.83855E+00 7.83402E-01 4.05250E+00 
4.38010E+00 8.45364E-01 7.30903E+00 
4.99579E+00 9.07488E-01 1.37023E+01 
5.71806E+00 9.73478E-01 2.64028E+01 
6.64933E+00 1.05703E+00 5.09213E+01 
8.06747E+00 1.19375E+00 9.32096E+01 
1.03564E+01 1.42220E+00 1.50404E+02 
1.33482E+01 1.69550E+00 2.04128E+02 
1.62478E+01 1.90265E+00 2.38496E+02 
5.39393E-01 2.37784E-02 2.07685E-02 
5.66465E-01 3.71973E-02 2.44392E-02 
6.16985E-01 5.94882E-02 2.90918E-02 
6.83715E-01 8.74962E-02 3.50736E-02 
7.62553E-01 1.18354E-01 4.28768E-02 
8.54608E-01 1.51984E-01 5.32215E-02 
9.61052E-01 1.88252E-01 6.71522E-02 
1.05409E+00 2.18015E-01 8.13403E-02 
1.08318E+00 2.26980E-01 8.62247E-02 
1.23407E+00 2.71215E-01 1.15336E-01 
1.40687E+00 3.17672E-01 1.58078E-01 
1.60376E+00 3.65900E-01 2.22437E-01 
1.82698E+00 4.15609E-01 3.21870E-01 
2.09650E+00 5.03701E-01 4.80337E-01 
2.40095E+00 5.58704E-01 7.41231E-01 
2.74573E+00 6.14220E-01 1.18611E+00 
3.13454E+00 6.69600E-01 1.97226E+00 
3.57187E+00 7.24381E-01 3.41529E+00 
4.06365E+00 7.78312E-01 6.16182E+00 
4.62085E+00 8.31951E-01 1.15506E+01 
5.27287E+00 8.88692E-01 2.22614E+01 
6.11292E+00 9.60955E-01 4.29434E+01 
7.39367E+00 1.08075E+00 7.86125E+01 
9.46212E+00 1.28233E+00 1.26872E+02 
1.21578E+01 1.52261E+00 1.72223E+02 
1.47531E+01 1.70185E+00 2.01252E+02 
5.12262E-01 2.24089E-02 1.74928E-02 
5.39014E-01 3.57805E-02 2.05866E-02 
5.89390E-01 5.81429E-02 2.45041E-02 
6.53726E-01 8.54317E-02 2.95439E-02 
7.29144E-01 1.15252E-01 3.61179E-02 
8.16600E-01 1.47482E-01 4.48285E-02 
9.17171E-01 1.81975E-01 5.65658E-02 
1.00468E+00 2.10073E-01 6.85305E-02 
1.03194E+00 2.18498E-01 7.26308E-02 
1.17312E+00 2.59894E-01 9.71724E-02 
1.33405E+00 3.02991E-01 1.33166E-01 
1.51665E+00 3.47407E-01 1.87374E-01 
1.72294E+00 3.92382E-01 2.71225E-01 
1.97198E+00 4.73614E-01 4.04795E-01 
2.25227E+00 5.23088E-01 6.24666E-01 
2.56837E+00 5.72436E-01 9.99542E-01 
2.92352E+00 6.21241E-01 1.66258E+00 
3.32145E+00 6.69075E-01 2.87905E+00 
3.76732E+00 7.15719E-01 5.19646E+00 
4.27071E+00 7.61704E-01 9.74148E+00 
4.85818E+00 8.10134E-01 1.87765E+01 
5.61459E+00 8.72266E-01 3.62247E+01 
6.76974E+00 9.76881E-01 6.63299E+01 
8.63634E+00 1.15426E+00 1.07070E+02 
1.10617E+01 1.36489E+00 1.45367E+02 
1.33809E+01 1.51938E+00 1.69900E+02 
4.87244E-01 2.13239E-02 1.47367E-02 
5.13474E-01 3.45923E-02 1.73426E-02 
5.63857E-01 5.71473E-02 2.06471E-02 
6.25785E-01 8.37362E-02 2.48883E-02 
6.97844E-01 1.12532E-01 3.04323E-02 
7.80828E-01 1.43386E-01 3.77737E-02 
8.75656E-01 1.76119E-01 4.76513E-02 
9.57854E-01 2.02601E-01 5.77448E-02 
9.83423E-01 2.10521E-01 6.12043E-02 
1.11532E+00 2.49165E-01 8.18925E-02 
1.26500E+00 2.89065E-01 1.12242E-01 
1.43409E+00 3.29799E-01 1.57891E-01 
1.62452E+00 3.71066E-01 2.28612E-01 
1.85422E+00 4.45373E-01 3.41281E-01 
2.11190E+00 4.89410E-01 5.26739E-01 
2.40128E+00 5.33053E-01 8.42974E-01 
2.72507E+00 5.75807E-01 1.40195E+00 
3.08649E+00 6.17290E-01 2.42806E+00 
3.48992E+00 6.57325E-01 4.38254E+00 
3.94392E+00 6.96427E-01 8.21959E+00 
4.47232E+00 7.37431E-01 1.58448E+01 
5.15226E+00 7.90515E-01 3.05740E+01 
6.19243E+00 8.81497E-01 5.59922E+01 
7.87440E+00 1.03711E+00 9.03992E+01 
1.00534E+01 1.22120E+00 1.22759E+02 
1.21225E+01 1.35380E+00 1.43508E+02 
4.64292E-01 2.05510E-02 1.24248E-02 
4.90011E-01 3.37422E-02 1.46170E-02 
5.40373E-01 5.65754E-02 1.74042E-02 
5.99879E-01 8.24517E-02 2.09772E-02 
6.68561E-01 1.10215E-01 2.56459E-02 
7.47170E-01 1.39702E-01 3.18378E-02 
8.36493E-01 1.70715E-01 4.01687E-02 
9.13536E-01 1.95610E-01 4.86663E-02 
9.37440E-01 2.03018E-01 5.15825E-02 
1.06044E+00 2.38986E-01 6.90148E-02 
1.19943E+00 2.75783E-01 9.45954E-02 
1.35591E+00 3.13029E-01 1.33122E-01 
1.53134E+00 3.50381E-01 1.92737E-01 
1.74287E+00 4.18491E-01 2.87760E-01 
1.97932E+00 4.57554E-01 4.44189E-01 
2.24378E+00 4.95929E-01 7.10937E-01 
2.53858E+00 5.33149E-01 1.18286E+00 
2.86625E+00 5.68850E-01 2.04918E+00 
3.23057E+00 6.02907E-01 3.69865E+00 
3.63915E+00 6.35828E-01 6.93704E+00 
4.11350E+00 6.70206E-01 1.33772E+01 
4.72360E+00 7.15231E-01 2.58186E+01 
5.65875E+00 7.94016E-01 4.72921E+01 
7.17225E+00 9.30104E-01 7.63699E+01 
9.12703E+00 1.09049E+00 1.03732E+02 
1.09696E+01 1.20377E+00 1.21292E+02 
4.43310E-01 2.01062E-02 1.04775E-02 
4.68613E-01 3.32832E-02 1.23245E-02 
5.18771E-01 5.64304E-02 1.46719E-02 
5.75888E-01 8.15996E-02 1.76878E-02 
6.41216E-01 1.08320E-01 2.16210E-02 
7.15512E-01 1.36443E-01 2.68360E-02 
7.99509E-01 1.65753E-01 3.38693E-02 
8.71618E-01 1.89096E-01 4.10331E-02 
8.93943E-01 1.96010E-01 4.34922E-02 
1.00849E+00 2.29390E-01 5.81987E-02 
1.13738E+00 2.63200E-01 7.97860E-02 
1.28185E+00 2.97091E-01 1.12279E-01 
1.44320E+00 3.30409E-01 1.62559E-01 
1.63764E+00 3.92802E-01 2.42678E-01 
1.85430E+00 4.27472E-01 3.74770E-01 
2.09558E+00 4.60988E-01 5.99936E-01 
2.36334E+00 4.93106E-01 9.98287E-01 
2.65984E+00 5.23556E-01 1.72975E+00 
2.98829E+00 5.52241E-01 3.12343E+00 
3.35523E+00 5.79630E-01 5.85856E+00 
3.78010E+00 6.08111E-01 1.13000E+01 
4.32647E+00 6.45975E-01 2.18146E+01 
5.16584E+00 7.13877E-01 3.99696E+01 
6.52572E+00 8.32493E-01 6.45624E+01 
8.27659E+00 9.71748E-01 8.77155E+01 
9.91451E+00 1.06804E+00 1.02589E+02 
4.24297E-01 2.00727E-02 8.83602E-03 
4.48987E-01 3.31634E-02 1.03951E-02 
4.99129E-01 5.68208E-02 1.23723E-02 
5.53728E-01 8.12281E-02 1.49165E-02 
6.15751E-01 1.06892E-01 1.82378E-02 
6.85820E-01 1.33639E-01 2.26338E-02 
7.64608E-01 1.61252E-01 2.85615E-02 
8.31980E-01 1.83067E-01 3.46056E-02 
8.52804E-01 1.89501E-01 3.66852E-02 
9.59304E-01 2.20362E-01 4.91005E-02 
1.07859E+00 2.51306E-01 6.73130E-02 
1.21177E+00 2.81976E-01 9.47331E-02 
1.36000E+00 3.12164E-01 1.37197E-01 
1.53840E+00 3.68804E-01 2.04893E-01 
1.73650E+00 3.99065E-01 3.16409E-01 
1.95617E+00 4.28101E-01 5.06651E-01 
2.19894E+00 4.55575E-01 8.43047E-01 
2.46672E+00 4.81266E-01 1.46120E+00 
2.76210E+00 5.05106E-01 2.63880E+00 
3.09097E+00 5.27568E-01 4.95244E+00 
3.47073E+00 5.50829E-01 9.55307E+00 
3.95900E+00 5.82353E-01 1.84464E+01 
4.71112E+00 6.40570E-01 3.38078E+01 
5.93098E+00 7.43569E-01 5.46233E+01 
7.49673E+00 8.64032E-01 7.42339E+01 
8.94993E+00 9.45434E-01 8.68446E+01 
4.07186E-01 2.04918E-02 7.45518E-03 
4.31100E-01 3.34290E-02 8.77116E-03 
4.81313E-01 5.77745E-02 1.04386E-02 
5.33294E-01 8.13648E-02 1.25840E-02 
5.92026E-01 1.05945E-01 1.53875E-02 
6.57980E-01 1.31307E-01 1.90997E-02 
7.31765E-01 1.57244E-01 2.41038E-02 
7.94580E-01 1.77540E-01 2.92090E-02 
8.13920E-01 1.83489E-01 3.09564E-02 
9.12719E-01 2.11886E-01 4.14299E-02 
1.02296E+00 2.40068E-01 5.68186E-02 
1.14552E+00 2.67691E-01 7.99767E-02 
1.28143E+00 2.94568E-01 1.15856E-01 
1.44479E+00 3.46082E-01 1.73048E-01 
1.62552E+00 3.72278E-01 2.67282E-01 
1.82513E+00 3.97177E-01 4.28086E-01 
2.04486E+00 4.20422E-01 7.12598E-01 
2.28610E+00 4.41798E-01 1.23529E+00 
2.55119E+00 4.61301E-01 2.23153E+00 
2.84522E+00 4.79385E-01 4.18855E+00 
3.18390E+00 4.98044E-01 8.08357E+00 
3.61936E+00 5.23983E-01 1.56133E+01 
4.29205E+00 5.73600E-01 2.86227E+01 
5.38461E+00 6.62690E-01 4.62610E+01 
6.78245E+00 7.66477E-01 6.28866E+01 
8.06927E+00 8.34877E-01 7.35910E+01 
3.91630E-01 2.14000E-02 6.27923E-03 
4.14679E-01 3.41533E-02 7.38492E-03 
4.64896E-01 5.93485E-02 8.79036E-03 
5.14241E-01 8.20795E-02 1.05941E-02 
5.69640E-01 1.05515E-01 1.29549E-02 
6.31502E-01 1.29445E-01 1.60828E-02 
7.00323E-01 1.53649E-01 2.02948E-02 
7.58707E-01 1.72421E-01 2.45995E-02 
7.76664E-01 1.77904E-01 2.60751E-02 
8.68021E-01 2.03848E-01 3.48975E-02 
9.69535E-01 2.29277E-01 4.78660E-02 
1.08198E+00 2.53909E-01 6.74036E-02 
1.20614E+00 2.77323E-01 9.76358E-02 
1.35518E+00 3.23993E-01 1.45850E-01 
1.51962E+00 3.46659E-01 2.25420E-01 
1.70034E+00 3.67708E-01 3.61088E-01 
1.89833E+00 3.87014E-01 6.01191E-01 
2.11490E+00 4.04456E-01 1.04274E+00 
2.35180E+00 4.20026E-01 1.88412E+00 
2.61356E+00 4.34180E-01 3.53722E+00 
2.91426E+00 4.48734E-01 6.82903E+00 
3.30108E+00 4.69703E-01 1.31960E+01 
3.90052E+00 5.11597E-01 2.41986E+01 
4.87580E+00 5.88152E-01 3.91232E+01 
6.11940E+00 6.76981E-01 5.32015E+01 
7.25432E+00 7.33899E-01 6.22761E+01 
3.78061E-01 2.28466E-02 5.30586E-03 
4.00410E-01 3.54943E-02 6.23951E-03 
4.50153E-01 6.14620E-02 7.42654E-03 
4.97085E-01 8.34017E-02 8.95185E-03 
5.49204E-01 1.05652E-01 1.09451E-02 
6.07103E-01 1.28120E-01 1.35892E-02 
6.71208E-01 1.50602E-01 1.71482E-02 
7.25411E-01 1.67888E-01 2.07861E-02 
7.42062E-01 1.72909E-01 2.20378E-02 
8.26483E-01 1.96480E-01 2.95061E-02 
9.19885E-01 2.19305E-01 4.04640E-02 
1.02300E+00 2.41133E-01 5.70084E-02 
1.13640E+00 2.61757E-01 8.25967E-02 
1.27230E+00 3.03718E-01 1.23468E-01 
1.42168E+00 3.22906E-01 1.90798E-01 
1.58516E+00 3.40473E-01 3.05663E-01 
1.76357E+00 3.56288E-01 5.09293E-01 
1.95774E+00 3.70232E-01 8.83448E-01 
2.16933E+00 3.82370E-01 1.59717E+00 
2.40216E+00 3.93119E-01 2.99978E+00 
2.66894E+00 4.04149E-01 5.79254E+00 
3.01230E+00 4.20839E-01 1.11962E+01 
3.54650E+00 4.56054E-01 2.05402E+01 
4.41713E+00 5.21681E-01 3.32200E+01 
5.52359E+00 5.97537E-01 4.51900E+01 
6.52433E+00 6.44671E-01 5.29136E+01 
3.66155E-01 2.49213E-02 4.48442E-03 
3.87438E-01 3.72361E-02 5.27483E-03 
4.37091E-01 6.44183E-02 6.27894E-03 
4.81314E-01 8.53429E-02 7.56827E-03 
5.30204E-01 1.06342E-01 9.25501E-03 
5.84253E-01 1.27312E-01 1.14924E-02 
6.43859E-01 1.48065E-01 1.45099E-02 
6.94016E-01 1.63842E-01 1.75842E-02 
7.09382E-01 1.68391E-01 1.86413E-02 
7.87234E-01 1.89634E-01 2.49671E-02 
8.73045E-01 2.09945E-01 3.42591E-02 
9.67341E-01 2.29090E-01 4.82564E-02 
1.07075E+00 2.46976E-01 6.99638E-02 
1.19429E+00 2.84614E-01 1.04596E-01 
1.32971E+00 3.00530E-01 1.61691E-01 
1.47732E+00 3.14922E-01 2.59227E-01 
1.63760E+00 3.27554E-01 4.31991E-01 
1.81131E+00 3.38379E-01 7.49653E-01 
1.99969E+00 3.47463E-01 1.35557E+00 
2.20624E+00 3.55237E-01 2.54732E+00 
2.44229E+00 3.63210E-01 4.92104E+00 
2.74634E+00 3.76188E-01 9.51510E+00 
3.22140E+00 4.05532E-01 1.74627E+01 
3.99726E+00 4.61508E-01 2.82539E+01 
4.97996E+00 5.25957E-01 3.84473E+01 
5.86047E+00 5.64657E-01 4.50323E+01 
3.55802E-01 2.76735E-02 3.79552E-03 
3.75884E-01 3.95514E-02 4.46318E-03 
4.25456E-01 6.82279E-02 5.31268E-03 
4.66862E-01 8.79601E-02 6.40568E-03 
5.12531E-01 1.07607E-01 7.83356E-03 
5.62814E-01 1.27007E-01 9.72833E-03 
6.18058E-01 1.45985E-01 1.22855E-02 
6.64409E-01 1.60258E-01 1.48962E-02 
6.78578E-01 1.64350E-01 1.57913E-02 
7.50173E-01 1.83278E-01 2.11524E-02 
8.28794E-01 2.01101E-01 2.90370E-02 
9.14930E-01 2.17669E-01 4.09234E-02 
1.00896E+00 2.32696E-01 5.93445E-02 
1.12098E+00 2.66306E-01 8.87403E-02 
1.24354E+00 2.79473E-01 1.37299E-01 
1.37640E+00 2.90937E-01 2.20206E-01 
1.52002E+00 3.00697E-01 3.67024E-01 
1.67497E+00 3.08735E-01 6.37228E-01 
1.84227E+00 3.15139E-01 1.15288E+00 
2.02493E+00 3.20324E-01 2.16711E+00 
2.23314E+00 3.25661E-01 4.18803E+00 
2.50171E+00 3.35439E-01 8.10224E+00 
2.92327E+00 3.59648E-01 1.48748E+01 
3.61347E+00 4.07127E-01 2.40758E+01 
4.48463E+00 4.61583E-01 3.27729E+01 
5.25758E+00 4.93046E-01 3.83973E+01 
3.46822E-01 3.11008E-02 3.21551E-03 
3.65921E-01 4.26071E-02 3.78169E-03 
4.14923E-01 7.28024E-02 4.50085E-03 
4.53539E-01 9.12210E-02 5.42885E-03 
4.96054E-01 1.09430E-01 6.63982E-03 
5.42695E-01 1.27189E-01 8.24883E-03 
5.93728E-01 1.44338E-01 1.04166E-02 
6.36437E-01 1.57085E-01 1.26361E-02 
6.49473E-01 1.60718E-01 1.33963E-02 
7.15184E-01 1.77356E-01 1.79538E-02 
7.87095E-01 1.92777E-01 2.46539E-02 
8.65561E-01 2.06850E-01 3.47601E-02 
9.50906E-01 2.19438E-01 5.04357E-02 
1.05225E+00 2.49213E-01 7.54783E-02 
1.16278E+00 2.59613E-01 1.16768E-01 
1.28206E+00 2.68415E-01 1.87383E-01 
1.41045E+00 2.75602E-01 3.12516E-01 
1.54824E+00 2.81162E-01 5.42831E-01 
1.69635E+00 2.85225E-01 9.82651E-01 
1.85734E+00 2.88171E-01 1.84800E+00 
2.04039E+00 2.91257E-01 3.57231E+00 
2.27692E+00 2.98291E-01 6.91396E+00 
2.65025E+00 3.18039E-01 1.26987E+01 
3.26313E+00 3.58065E-01 2.05611E+01 
4.03396E+00 4.03800E-01 2.79977E+01 
4.71089E+00 4.29091E-01 3.28112E+01 
3.39042E-01 3.52102E-02 2.72637E-03 
3.56938E-01 4.61336E-02 3.20724E-03 
4.04843E-01 7.77041E-02 3.81911E-03 
4.41116E-01 9.50808E-02 4.60644E-03 
4.80566E-01 1.11746E-01 5.63650E-03 
5.23691E-01 1.27788E-01 7.00422E-03 
5.70728E-01 1.43057E-01 8.85070E-03 
6.09965E-01 1.54264E-01 1.07368E-02 
6.21922E-01 1.57430E-01 1.13842E-02 
6.82102E-01 1.71804E-01 1.52651E-02 
7.47719E-01 1.84883E-01 2.09762E-02 
8.19017E-01 1.96553E-01 2.95815E-02 
8.96325E-01 2.06848E-01 4.29576E-02 
9.87641E-01 2.33018E-01 6.43069E-02 
1.08706E+00 2.40832E-01 9.95437E-02 
1.19390E+00 2.47226E-01 1.59836E-01 
1.30823E+00 2.52089E-01 2.66731E-01 
1.43038E+00 2.55472E-01 4.63563E-01 
1.56099E+00 2.57494E-01 8.39327E-01 
1.70236E+00 2.58532E-01 1.57929E+00 
1.86272E+00 2.59718E-01 3.05477E+00 
2.07035E+00 2.64419E-01 5.91383E+00 
2.40014E+00 2.80303E-01 1.08661E+01 
2.94330E+00 3.13811E-01 1.76003E+01 
3.62392E+00 3.51960E-01 2.39731E+01 
4.21514E+00 3.72012E-01 2.81003E+01 
3.32400E-01 4.00600E-02 2.31637E-03 
3.48970E-01 5.02077E-02 2.72482E-03 
3.95859E-01 8.36500E-02 3.24570E-03 
4.29460E-01 9.94626E-02 3.91668E-03 
4.65953E-01 1.14474E-01 4.79604E-03 
5.05691E-01 1.28702E-01 5.96109E-03 
5.48930E-01 1.42044E-01 7.53664E-03 
5.84921E-01 1.51702E-01 9.14753E-03 
5.95878E-01 1.54409E-01 9.70141E-03 
6.50847E-01 1.66525E-01 1.30145E-02 
7.10564E-01 1.77303E-01 1.78909E-02 
7.75268E-01 1.86682E-01 2.52592E-02 
8.45098E-01 1.94554E-01 3.66892E-02 
9.27091E-01 2.17381E-01 5.49498E-02 
1.01633E+00 2.23058E-01 8.51452E-02 
1.11168E+00 2.27271E-01 1.36778E-01 
1.21322E+00 2.30089E-01 2.28356E-01 
1.32108E+00 2.31563E-01 3.97017E-01 
1.43586E+00 2.31841E-01 7.19252E-01 
1.55951E+00 2.31274E-01 1.35391E+00 
1.69946E+00 2.30882E-01 2.62017E+00 
1.88116E+00 2.33633E-01 5.07433E+00 
2.17184E+00 2.46203E-01 9.32651E+00 
2.65228E+00 2.74044E-01 1.51108E+01 
3.25212E+00 3.05636E-01 2.05868E+01 
3.76717E+00 3.21286E-01 2.41337E+01 
3.26708E-01 4.56008E-02 1.97209E-03 
3.42167E-01 5.49877E-02 2.32170E-03 
3.87493E-01 9.02018E-02 2.76612E-03 
4.18353E-01 1.04202E-01 3.33927E-03 
4.51997E-01 1.17446E-01 4.09134E-03 
4.88561E-01 1.29794E-01 5.08984E-03 
5.28223E-01 1.41165E-01 6.43838E-03 
5.61146E-01 1.49250E-01 7.81730E-03 
5.71156E-01 1.51491E-01 8.29216E-03 
6.21289E-01 1.61387E-01 1.11334E-02 
6.75573E-01 1.69944E-01 1.53165E-02 
7.34129E-01 1.77117E-01 2.16405E-02 
7.97068E-01 1.82809E-01 3.14473E-02 
8.70472E-01 2.02574E-01 4.71507E-02 
9.50282E-01 2.06168E-01 7.30873E-02 
1.03510E+00 2.08439E-01 1.17459E-01 
1.12494E+00 2.09457E-01 1.96219E-01 
1.21988E+00 2.09299E-01 3.41352E-01 
1.32031E+00 2.08105E-01 6.18693E-01 
1.42803E+00 2.06217E-01 1.16513E+00 
1.54964E+00 2.04541E-01 2.25518E+00 
1.70812E+00 2.05686E-01 4.36935E+00 
1.96374E+00 2.15438E-01 8.03289E+00 
2.38793E+00 2.38384E-01 1.30174E+01 
2.91557E+00 2.64339E-01 1.77364E+01 
3.36313E+00 2.76329E-01 2.07920E+01 
3.21639E-01 5.15468E-02 1.68391E-03 
3.35904E-01 5.99647E-02 1.98385E-03 
3.79299E-01 9.70391E-02 2.36605E-03 
4.07652E-01 1.09149E-01 2.85823E-03 
4.38573E-01 1.20470E-01 3.50365E-03 
4.72137E-01 1.30855E-01 4.36182E-03 
5.08478E-01 1.40226E-01 5.52327E-03 
5.38561E-01 1.46745E-01 6.70990E-03 
5.47688E-01 1.48523E-01 7.11839E-03 
5.93344E-01 1.56251E-01 9.56460E-03 
6.42582E-01 1.62669E-01 1.31700E-02 
6.95502E-01 1.67783E-01 1.86200E-02 
7.52135E-01 1.71720E-01 2.70906E-02 
8.17505E-01 1.88399E-01 4.06313E-02 
8.88682E-01 1.90060E-01 6.30192E-02 
9.63915E-01 1.90621E-01 1.01335E-01 
1.04313E+00 1.90088E-01 1.69380E-01 
1.12632E+00 1.88548E-01 2.94785E-01 
1.21383E+00 1.86148E-01 5.34519E-01 
1.30722E+00 1.83199E-01 1.00681E+00 
1.41243E+00 1.80510E-01 1.94936E+00 
1.55016E+00 1.80362E-01 3.77726E+00 
1.77441E+00 1.87743E-01 6.94554E+00 
2.14832E+00 2.06490E-01 1.12560E+01 
2.61160E+00 2.27636E-01 1.53361E+01 
2.99953E+00 2.36616E-01 1.79750E+01 
3.17048E-01 5.77420E-02 1.44379E-03 
3.30097E-01 6.49311E-02 1.70191E-03 
3.70599E-01 1.03074E-01 2.03227E-03 
3.97085E-01 1.13885E-01 2.45715E-03 
4.25525E-01 1.23273E-01 3.01502E-03 
4.56310E-01 1.31647E-01 3.75690E-03 
4.89551E-01 1.38990E-01 4.75993E-03 
5.17030E-01 1.43965E-01 5.78802E-03 
5.25363E-01 1.45305E-01 6.14184E-03 
5.66881E-01 1.50915E-01 8.26001E-03 
6.11493E-01 1.55314E-01 1.13831E-02 
6.59213E-01 1.58512E-01 1.61037E-02 
7.10037E-01 1.60562E-01 2.34489E-02 
7.68010E-01 1.74505E-01 3.51956E-02 
8.31293E-01 1.74594E-01 5.46139E-02 
8.97758E-01 1.73683E-01 8.78664E-02 
9.67308E-01 1.71843E-01 1.46923E-01 
1.03989E+00 1.69171E-01 2.55808E-01 
1.11577E+00 1.65812E-01 4.63926E-01 
1.19630E+00 1.62048E-01 8.74035E-01 
1.28688E+00 1.58598E-01 1.69249E+00 
1.40610E+00 1.57436E-01 3.27954E+00 
1.60237E+00 1.62850E-01 6.03017E+00 
1.93135E+00 1.78017E-01 9.77135E+00 
2.33741E+00 1.95088E-01 1.33098E+01 
2.67277E+00 2.01625E-01 1.55938E+01 
3.12932E-01 6.41507E-02 1.24391E-03 
3.25146E-01 7.04404E-02 1.46842E-03 
3.62411E-01 1.09854E-01 1.75473E-03 
3.86591E-01 1.18184E-01 2.12434E-03 
4.12734E-01 1.25508E-01 2.60910E-03 
4.41010E-01 1.31868E-01 3.25572E-03 
4.71451E-01 1.37226E-01 4.12899E-03 
4.96530E-01 1.40692E-01 5.02363E-03 
5.04116E-01 1.41591E-01 5.33141E-03 
5.41864E-01 1.45201E-01 7.17802E-03 
5.82240E-01 1.47701E-01 9.89947E-03 
6.25226E-01 1.49125E-01 1.40210E-02 
6.70745E-01 1.49422E-01 2.04223E-02 
7.21896E-01 1.60966E-01 3.06710E-02 
7.77953E-01 1.59688E-01 4.76262E-02 
8.36443E-01 1.57536E-01 7.66412E-02 
8.97219E-01 1.54631E-01 1.28200E-01 
9.60208E-01 1.51069E-01 2.23204E-01 
1.02564E+00 1.46987E-01 4.04860E-01 
1.09470E+00 1.42640E-01 7.62677E-01 
1.17226E+00 1.38657E-01 1.47665E+00 
1.27505E+00 1.36740E-01 2.86069E+00 
1.44639E+00 1.40543E-01 5.25811E+00 
1.73542E+00 1.52693E-01 8.51723E+00 
2.09072E+00 1.66342E-01 1.15955E+01 
2.37994E+00 1.70933E-01 1.35765E+01 
3.09059E-01 7.01564E-02 1.07869E-03 
3.20166E-01 7.46791E-02 1.27540E-03 
3.53705E-01 1.15028E-01 1.52617E-03 
3.76140E-01 1.21607E-01 1.85007E-03 
4.00231E-01 1.26848E-01 2.27473E-03 
4.26223E-01 1.31188E-01 2.84061E-03 
4.54148E-01 1.34635E-01 3.60732E-03 
4.77069E-01 1.36680E-01 4.39198E-03 
4.83986E-01 1.37171E-01 4.66197E-03 
5.18317E-01 1.38933E-01 6.28212E-03 
5.54832E-01 1.39704E-01 8.67163E-03 
5.93470E-01 1.39557E-01 1.22869E-02 
6.34134E-01 1.38627E-01 1.79149E-02 
6.79002E-01 1.47755E-01 2.69060E-02 
7.28470E-01 1.45253E-01 4.17891E-02 
7.79716E-01 1.42104E-01 6.72753E-02 
8.32566E-01 1.38379E-01 1.12489E-01 
8.86956E-01 1.34163E-01 1.95887E-01 
9.43002E-01 1.29583E-01 3.55188E-01 
1.00184E+00 1.24866E-01 6.68943E-01 
1.06785E+00 1.20557E-01 1.29470E+00 
1.15609E+00 1.18114E-01 2.50668E+00 
1.30535E+00 1.20633E-01 4.60475E+00 
1.55892E+00 1.30261E-01 7.45373E+00 
1.86940E+00 1.41070E-01 1.01397E+01 
2.11825E+00 1.44141E-01 1.18604E+01 
3.05464E-01 7.54789E-02 9.43503E-04 
3.15834E-01 7.84972E-02 1.11700E-03 
3.45015E-01 1.19338E-01 1.33866E-03 
3.65753E-01 1.23548E-01 1.62465E-03 
3.88111E-01 1.26874E-01 2.00031E-03 
4.12117E-01 1.29346E-01 2.50016E-03 
4.37785E-01 1.31000E-01 3.17732E-03 
4.58771E-01 1.31735E-01 3.87159E-03 
4.65089E-01 1.31866E-01 4.11027E-03 
4.96308E-01 1.31951E-01 5.54197E-03 
5.29313E-01 1.31214E-01 7.65504E-03 
5.63988E-01 1.29718E-01 1.08497E-02 
6.00226E-01 1.27572E-01 1.58232E-02 
6.39319E-01 1.34680E-01 2.37711E-02 
6.82791E-01 1.31247E-01 3.69088E-02 
7.27451E-01 1.27359E-01 5.94065E-02 
7.73151E-01 1.23047E-01 9.93348E-02 
8.19773E-01 1.18402E-01 1.72864E-01 
8.67478E-01 1.13535E-01 3.13323E-01 
9.17235E-01 1.08644E-01 5.89692E-01 
9.73029E-01 1.04196E-01 1.14032E+00 
1.04844E+00 1.01427E-01 2.20609E+00 
1.17823E+00 1.02950E-01 4.04895E+00 
1.40046E+00 1.10500E-01 6.54738E+00 
1.67148E+00 1.18978E-01 8.89631E+00 
1.88517E+00 1.20893E-01 1.03923E+01 
3.02308E-01 7.96825E-02 8.33226E-04 
3.12435E-01 8.21187E-02 9.88107E-04 
3.36447E-01 1.21389E-01 1.18555E-03 
3.55794E-01 1.23875E-01 1.44046E-03 
3.76640E-01 1.25343E-01 1.77487E-03 
3.98927E-01 1.26105E-01 2.22111E-03 
4.22588E-01 1.26150E-01 2.82401E-03 
4.41831E-01 1.25728E-01 3.44251E-03 
4.47603E-01 1.25535E-01 3.65521E-03 
4.76007E-01 1.24177E-01 4.93033E-03 
5.05798E-01 1.22170E-01 6.81066E-03 
5.36858E-01 1.19569E-01 9.65712E-03 
5.69075E-01 1.16378E-01 1.40776E-02 
6.02877E-01 1.21740E-01 2.11451E-02 
6.40875E-01 1.17706E-01 3.28257E-02 
6.79574E-01 1.13311E-01 5.27981E-02 
7.18804E-01 1.08641E-01 8.82224E-02 
7.58468E-01 1.03776E-01 1.53401E-01 
7.98711E-01 9.88138E-02 2.77761E-01 
8.40434E-01 9.39210E-02 5.22221E-01 
8.87239E-01 8.94925E-02 1.00881E+00 
9.51400E-01 8.65749E-02 1.94915E+00 
1.06404E+00 8.73462E-02 3.57255E+00 
1.25869E+00 9.32088E-02 5.76899E+00 
1.49513E+00 9.97994E-02 7.82668E+00 
1.67834E+00 1.00865E-01 9.12784E+00 
2.99908E-01 8.26355E-02 7.43623E-04 
3.09591E-01 8.32807E-02 8.83228E-04 
3.28273E-01 1.21384E-01 1.06082E-03 
3.46664E-01 1.22286E-01 1.28995E-03 
3.66224E-01 1.22103E-01 1.59038E-03 
3.86971E-01 1.21329E-01 1.99074E-03 
4.08852E-01 1.20003E-01 2.53250E-03 
4.26505E-01 1.18617E-01 3.08683E-03 
4.31787E-01 1.18156E-01 3.27782E-03 
4.57617E-01 1.15635E-01 4.42165E-03 
4.84454E-01 1.12622E-01 6.10701E-03 
5.12188E-01 1.09180E-01 8.65439E-03 
5.40660E-01 1.05369E-01 1.26103E-02 
5.69659E-01 1.09136E-01 1.89292E-02 
6.02636E-01 1.04682E-01 2.93572E-02 
6.35913E-01 1.00009E-01 4.71774E-02 
6.69317E-01 9.51958E-02 7.87271E-02 
7.02780E-01 9.03013E-02 1.36743E-01 
7.36396E-01 8.54092E-02 2.47267E-01 
7.71025E-01 8.06611E-02 4.64225E-01 
8.09955E-01 7.63868E-02 8.95295E-01 
8.64272E-01 7.34578E-02 1.72728E+00 
9.61894E-01 7.36900E-02 3.16052E+00 
1.13235E+00 7.82012E-02 5.09449E+00 
1.33864E+00 8.32890E-02 6.89901E+00 
1.49556E+00 8.37526E-02 8.03007E+00 
2.98643E-01 8.38470E-02 6.71061E-04 
3.08057E-01 8.32062E-02 7.97613E-04 
3.21370E-01 1.19418E-01 9.58631E-04 
3.38840E-01 1.18636E-01 1.16595E-03 
3.57284E-01 1.17063E-01 1.43799E-03 
3.76651E-01 1.15064E-01 1.79955E-03 
3.96896E-01 1.12639E-01 2.28902E-03 
4.13091E-01 1.10502E-01 2.78955E-03 
4.17908E-01 1.09836E-01 2.96138E-03 
4.41328E-01 1.06439E-01 3.99288E-03 
4.65423E-01 1.02708E-01 5.51120E-03 
4.90052E-01 9.87050E-02 7.80286E-03 
5.15044E-01 9.45242E-02 1.13603E-02 
5.39633E-01 9.69707E-02 1.70291E-02 
5.68061E-01 9.22925E-02 2.63804E-02 
5.96403E-01 8.75539E-02 4.23249E-02 
6.24564E-01 8.27762E-02 7.05438E-02 
6.52437E-01 7.80117E-02 1.22305E-01 
6.80192E-01 7.33274E-02 2.20792E-01 
7.08593E-01 6.88395E-02 4.13761E-01 
7.40634E-01 6.48179E-02 7.96450E-01 
7.86406E-01 6.19929E-02 1.53359E+00 
8.70954E-01 6.18591E-02 2.80068E+00 
1.02032E+00 6.53085E-02 4.50521E+00 
1.20036E+00 6.92122E-02 6.08763E+00 
1.33471E+00 6.92707E-02 7.06973E+00 
2.98825E-01 8.33201E-02 6.11449E-04 
3.08160E-01 8.20629E-02 7.26767E-04 
3.16300E-01 1.14520E-01 8.73448E-04 
3.32852E-01 1.12934E-01 1.06212E-03 
3.50233E-01 1.10412E-01 1.30938E-03 
3.68299E-01 1.07481E-01 1.63795E-03 
3.86960E-01 1.04257E-01 2.08145E-03 
4.01759E-01 1.01588E-01 2.53541E-03 
4.06135E-01 1.00780E-01 2.69117E-03 
4.27252E-01 9.67999E-02 3.62417E-03 
4.48731E-01 9.26259E-02 4.99631E-03 
4.70415E-01 8.83087E-02 7.06534E-03 
4.92182E-01 8.38936E-02 1.02703E-02 
5.12765E-01 8.53071E-02 1.53732E-02 
5.36961E-01 8.06745E-02 2.37712E-02 
5.60819E-01 7.60413E-02 3.80784E-02 
5.84220E-01 7.14476E-02 6.33326E-02 
6.07129E-01 6.69388E-02 1.09607E-01 
6.29688E-01 6.25668E-02 1.97466E-01 
6.52620E-01 5.84178E-02 3.69290E-01 
6.78703E-01 5.47199E-02 7.09423E-01 
7.17050E-01 5.20747E-02 1.36286E+00 
7.90230E-01 5.17098E-02 2.48321E+00 
9.21209E-01 5.43349E-02 3.98515E+00 
1.07849E+00 5.73201E-02 5.37185E+00 
1.19355E+00 5.71233E-02 6.22332E+00 
3.00732E-01 8.13654E-02 5.61259E-04 
3.09922E-01 7.91126E-02 6.66836E-04 
3.13225E-01 1.08368E-01 8.00855E-04 
3.28992E-01 1.05876E-01 9.73215E-04 
3.45332E-01 1.02523E-01 1.19852E-03 
3.62091E-01 9.89568E-02 1.49772E-03 
3.79191E-01 9.52299E-02 1.90127E-03 
3.92591E-01 9.22418E-02 2.31349E-03 
3.96530E-01 9.13554E-02 2.45498E-03 
4.15417E-01 8.70636E-02 3.30136E-03 
4.34352E-01 8.26929E-02 4.54380E-03 
4.53234E-01 7.82840E-02 6.41531E-03 
4.71969E-01 7.38390E-02 9.30823E-03 
4.88914E-01 7.44617E-02 1.39074E-02 
5.09216E-01 7.00188E-02 2.14615E-02 
5.28994E-01 6.56227E-02 3.43144E-02 
5.48141E-01 6.13262E-02 5.69577E-02 
5.66647E-01 5.71570E-02 9.83614E-02 
5.84653E-01 5.31554E-02 1.76844E-01 
6.02850E-01 4.93954E-02 3.29912E-01 
6.23792E-01 4.60582E-02 6.32263E-01 
6.55780E-01 4.36370E-02 1.21186E+00 
7.19150E-01 4.31437E-02 2.20253E+00 
8.34229E-01 4.51403E-02 3.52572E+00 
9.71959E-01 4.74256E-02 4.74063E+00 
1.07064E+00 4.70823E-02 5.47802E+00 
3.04383E-01 7.79153E-02 5.17101E-04 
3.13365E-01 7.50807E-02 6.13984E-04 
3.12816E-01 1.00535E-01 7.36568E-04 
3.27364E-01 9.76507E-02 8.94057E-04 
3.42538E-01 9.38138E-02 1.09969E-03 
3.57908E-01 8.99074E-02 1.37238E-03 
3.73370E-01 8.59242E-02 1.73968E-03 
3.85361E-01 8.28057E-02 2.11431E-03 
3.88866E-01 8.18911E-02 2.24296E-03 
4.05501E-01 7.75190E-02 3.01099E-03 
4.21956E-01 7.31559E-02 4.13704E-03 
4.38144E-01 6.88304E-02 5.82927E-03 
4.53952E-01 6.45794E-02 8.44238E-03 
4.67621E-01 6.45835E-02 1.25873E-02 
4.84371E-01 6.03982E-02 1.93873E-02 
5.00441E-01 5.63297E-02 3.09280E-02 
5.15781E-01 5.23945E-02 5.12277E-02 
5.30372E-01 4.86136E-02 8.82672E-02 
5.44385E-01 4.50170E-02 1.58299E-01 
5.58491E-01 4.16600E-02 2.94672E-01 
5.75019E-01 3.86913E-02 5.63349E-01 
6.01546E-01 3.65161E-02 1.07706E+00 
6.56453E-01 3.59657E-02 1.95260E+00 
7.57762E-01 3.74856E-02 3.11758E+00 
8.78635E-01 3.92395E-02 4.18090E+00 
9.63406E-01 3.88234E-02 4.81862E+00 
3.09420E-01 7.35710E-02 4.76923E-04 
3.17964E-01 7.05669E-02 5.65604E-04 
3.14038E-01 9.23566E-02 6.77953E-04 
3.27690E-01 8.87524E-02 8.21649E-04 
3.41539E-01 8.48127E-02 1.00940E-03 
3.55384E-01 8.07978E-02 1.25789E-03 
3.69139E-01 7.67691E-02 1.59208E-03 
3.79677E-01 7.36648E-02 1.93251E-03 
3.82732E-01 7.27608E-02 2.04929E-03 
3.97116E-01 6.84838E-02 2.74612E-03 
4.11152E-01 6.42764E-02 3.76627E-03 
4.24744E-01 6.01628E-02 5.29655E-03 
4.37799E-01 5.61826E-02 7.65621E-03 
4.48530E-01 5.57480E-02 1.13924E-02 
4.62029E-01 5.19057E-02 1.75101E-02 
4.74762E-01 4.82085E-02 2.78714E-02 
4.86704E-01 4.46616E-02 4.60570E-02 
4.97873E-01 4.12816E-02 7.91796E-02 
5.08440E-01 3.80895E-02 1.41676E-01 
5.19025E-01 3.51260E-02 2.63140E-01 
5.31811E-01 3.25137E-02 5.01912E-01 
5.53680E-01 3.05836E-02 9.57066E-01 
6.01322E-01 3.00216E-02 1.73072E+00 
6.90746E-01 3.11830E-02 2.75614E+00 
7.97112E-01 3.25343E-02 3.68630E+00 
8.70126E-01 3.20927E-02 4.23748E+00 
3.15224E-01 6.87590E-02 4.39583E-04 
3.23165E-01 6.55558E-02 5.20714E-04 
3.17065E-01 8.37115E-02 6.23312E-04 
3.29324E-01 7.99883E-02 7.54631E-04 
3.41728E-01 7.59976E-02 9.25739E-04 
3.53946E-01 7.20356E-02 1.15201E-03 
3.65928E-01 6.81171E-02 1.45601E-03 
3.74980E-01 6.51304E-02 1.76541E-03 
3.77587E-01 6.42628E-02 1.87128E-03 
3.89757E-01 6.01961E-02 2.50350E-03 
4.01434E-01 5.62414E-02 3.42694E-03 
4.12549E-01 5.24170E-02 4.81084E-03 
4.23080E-01 4.87182E-02 6.94068E-03 
4.31184E-01 4.80031E-02 1.03080E-02 
4.41733E-01 4.45443E-02 1.58112E-02 
4.51498E-01 4.12285E-02 2.51171E-02 
4.60455E-01 3.80692E-02 4.14204E-02 
4.68654E-01 3.50762E-02 7.10519E-02 
4.76256E-01 3.22619E-02 1.26845E-01 
4.83870E-01 2.96671E-02 2.35037E-01 
4.93484E-01 2.73831E-02 4.47187E-01 
5.11431E-01 2.56850E-02 8.50755E-01 
5.52838E-01 2.51383E-02 1.53447E+00 
6.31996E-01 2.60297E-02 2.43713E+00 
7.25913E-01 2.70752E-02 3.25104E+00 
7.89003E-01 2.66360E-02 3.72742E+00 
3.21027E-01 6.37765E-02 4.04381E-04 
3.28262E-01 6.04594E-02 4.78710E-04 
3.20782E-01 7.50927E-02 5.72440E-04 
3.31540E-01 7.16261E-02 6.92411E-04 
3.42397E-01 6.77493E-02 8.48446E-04 
3.52933E-01 6.39521E-02 1.05468E-03 
3.63100E-01 6.02334E-02 1.33121E-03 
3.70695E-01 5.74171E-02 1.61239E-03 
3.72868E-01 5.66048E-02 1.70877E-03 
3.82887E-01 5.28110E-02 2.28261E-03 
3.92326E-01 4.91520E-02 3.11940E-03 
4.01158E-01 4.56369E-02 4.37214E-03 
4.09328E-01 4.22751E-02 6.29553E-03 
4.15164E-01 4.13599E-02 9.33342E-03 
4.23094E-01 3.82622E-02 1.42875E-02 
4.30250E-01 3.53132E-02 2.26521E-02 
4.36630E-01 3.25172E-02 3.72795E-02 
4.42281E-01 2.98810E-02 6.38128E-02 
4.47379E-01 2.74152E-02 1.13673E-01 
4.52485E-01 2.51450E-02 2.10126E-01 
4.59448E-01 2.31513E-02 3.98835E-01 
4.74080E-01 2.16624E-02 7.56931E-01 
5.10153E-01 2.11449E-02 1.36172E+00 
5.80462E-01 2.18314E-02 2.15704E+00 
6.63705E-01 2.26456E-02 2.86984E+00 
7.18416E-01 2.22232E-02 3.28171E+00 
3.26127E-01 5.90156E-02 3.71815E-04 
3.32483E-01 5.57732E-02 4.39941E-04 
3.23894E-01 6.78661E-02 5.25804E-04 
3.33652E-01 6.40007E-02 6.35461E-04 
3.42903E-01 6.03272E-02 7.78009E-04 
3.51758E-01 5.67441E-02 9.66095E-04 
3.60169E-01 5.32624E-02 1.21825E-03 
3.66361E-01 5.06399E-02 1.47417E-03 
3.68113E-01 4.98886E-02 1.56184E-03 
3.76114E-01 4.63835E-02 2.08338E-03 
3.83500E-01 4.30251E-02 2.84359E-03 
3.90236E-01 3.98219E-02 3.97823E-03 
3.96302E-01 3.67873E-02 5.72023E-03 
4.00171E-01 3.57380E-02 8.46370E-03 
4.05825E-01 3.29725E-02 1.29335E-02 
4.10727E-01 3.03539E-02 2.04632E-02 
4.14900E-01 2.78836E-02 3.36086E-02 
4.18395E-01 2.55636E-02 5.74057E-02 
4.21388E-01 2.34017E-02 1.02036E-01 
4.24403E-01 2.14162E-02 1.88175E-01 
4.29162E-01 1.96749E-02 3.56346E-01 
4.41004E-01 1.83682E-02 6.74540E-01 
4.72516E-01 1.78851E-02 1.21037E+00 
5.35203E-01 1.84152E-02 1.91217E+00 
6.09269E-01 1.90503E-02 2.53709E+00 
6.56910E-01 1.86523E-02 2.89349E+00 
3.29950E-01 5.47125E-02 3.42479E-04 
3.35430E-01 5.15094E-02 4.05089E-04 
3.27110E-01 6.07284E-02 4.83907E-04 
3.35091E-01 5.72982E-02 5.84536E-04 
3.42771E-01 5.38507E-02 7.15205E-04 
3.50012E-01 5.04926E-02 8.87282E-04 
3.56779E-01 4.72451E-02 1.11771E-03 
3.61664E-01 4.48155E-02 1.35148E-03 
3.63035E-01 4.41183E-02 1.43135E-03 
3.69195E-01 4.08870E-02 1.90659E-03 
3.74723E-01 3.78104E-02 2.59837E-03 
3.79603E-01 3.48927E-02 3.62949E-03 
3.83839E-01 3.21265E-02 5.20962E-03 
3.86030E-01 3.10115E-02 7.69517E-03 
3.89709E-01 2.85462E-02 1.17358E-02 
3.92688E-01 2.62189E-02 1.85314E-02 
3.94987E-01 2.40317E-02 3.03729E-02 
3.96670E-01 2.19848E-02 5.17649E-02 
3.97902E-01 2.00825E-02 9.17904E-02 
3.99185E-01 1.83423E-02 1.68898E-01 
4.02109E-01 1.68169E-02 3.19021E-01 
4.11601E-01 1.56663E-02 6.02371E-01 
4.39206E-01 1.52179E-02 1.07797E+00 
4.95310E-01 1.56273E-02 1.69827E+00 
5.61495E-01 1.61246E-02 2.24704E+00 
6.03121E-01 1.57516E-02 2.55548E+00 
3.32069E-01 5.09669E-02 3.16554E-04 
3.36736E-01 4.78112E-02 3.74381E-04 
3.29217E-01 5.45244E-02 4.47116E-04 
3.35385E-01 5.15875E-02 5.39734E-04 
3.41645E-01 4.83199E-02 6.59896E-04 
3.47419E-01 4.51697E-02 8.18085E-04 
3.52694E-01 4.21346E-02 1.02937E-03 
3.56423E-01 3.98729E-02 1.24352E-03 
3.57455E-01 3.92262E-02 1.31674E-03 
3.61992E-01 3.62376E-02 1.75169E-03 
3.65895E-01 3.34067E-02 2.38326E-03 
3.69168E-01 3.07344E-02 3.32409E-03 
3.71793E-01 2.82253E-02 4.76173E-03 
3.72583E-01 2.70594E-02 7.02037E-03 
3.74586E-01 2.48491E-02 1.06861E-02 
3.75932E-01 2.27718E-02 1.68359E-02 
3.76654E-01 2.08262E-02 2.75291E-02 
3.76815E-01 1.90123E-02 4.68074E-02 
3.76579E-01 1.73325E-02 8.28027E-02 
3.76413E-01 1.57982E-02 1.51960E-01 
3.77805E-01 1.44553E-02 2.86310E-01 
3.85304E-01 1.34384E-02 5.39037E-01 
4.09545E-01 1.30231E-02 9.61923E-01 
4.59943E-01 1.33382E-02 1.51107E+00 
5.19306E-01 1.37279E-02 1.99351E+00 
5.55786E-01 1.33794E-02 2.26045E+00 
3.32625E-01 4.78095E-02 2.94429E-04 
3.36532E-01 4.47008E-02 3.48100E-04 
3.29647E-01 4.96263E-02 4.15497E-04 
3.34544E-01 4.68109E-02 5.01210E-04 
3.39527E-01 4.37012E-02 6.12207E-04 
3.44017E-01 4.07136E-02 7.58114E-04 
3.47998E-01 3.78539E-02 9.52955E-04 
3.50718E-01 3.57316E-02 1.14994E-03 
3.51455E-01 3.51256E-02 1.21724E-03 
3.54582E-01 3.23395E-02 1.61667E-03 
3.57090E-01 2.97137E-02 2.19587E-03 
3.58968E-01 2.72512E-02 3.05630E-03 
3.60234E-01 2.49505E-02 4.36977E-03 
3.59830E-01 2.37611E-02 6.42834E-03 
3.60411E-01 2.17648E-02 9.76189E-03 
3.60381E-01 1.98977E-02 1.53465E-02 
3.59772E-01 1.81566E-02 2.50324E-02 
3.58651E-01 1.65397E-02 4.24518E-02 
3.57180E-01 1.50472E-02 7.48976E-02 
3.55799E-01 1.36876E-02 1.37076E-01 
3.55896E-01 1.24994E-02 2.57506E-01 
3.61704E-01 1.15953E-02 4.83507E-01 
3.83032E-01 1.12106E-02 8.60207E-01 
4.28461E-01 1.14516E-02 1.34716E+00 
4.81894E-01 1.17555E-02 1.77181E+00 
5.13964E-01 1.14317E-02 2.00297E+00 
3.31551E-01 4.51768E-02 2.75393E-04 
3.34796E-01 4.20981E-02 3.25354E-04 
3.28303E-01 4.57576E-02 3.88055E-04 
3.32474E-01 4.27870E-02 4.67624E-04 
3.36352E-01 3.98026E-02 5.70550E-04 
3.39733E-01 3.69450E-02 7.05556E-04 
3.42597E-01 3.42222E-02 8.85490E-04 
3.44449E-01 3.22126E-02 1.06729E-03 
3.44933E-01 3.16397E-02 1.12924E-03 
3.46850E-01 2.90169E-02 1.49683E-03 
3.48147E-01 2.65629E-02 2.02877E-03 
3.48831E-01 2.42748E-02 2.81765E-03 
3.48915E-01 2.21476E-02 4.01896E-03 
3.47489E-01 2.09496E-02 5.89815E-03 
3.46843E-01 1.91372E-02 8.93457E-03 
3.45621E-01 1.74510E-02 1.40077E-02 
3.43864E-01 1.58860E-02 2.27873E-02 
3.41642E-01 1.44383E-02 3.85379E-02 
3.39107E-01 1.31063E-02 6.77958E-02 
3.36682E-01 1.18976E-02 1.23723E-01 
3.35662E-01 1.08417E-02 2.31727E-01 
3.39985E-01 1.00362E-02 4.33743E-01 
3.58739E-01 9.68011E-03 7.69292E-01 
3.99750E-01 9.86206E-03 1.20096E+00 
4.47917E-01 1.00977E-02 1.57443E+00 
4.76087E-01 9.79686E-03 1.77405E+00 
3.29151E-01 4.30600E-02 2.59197E-04 
3.31851E-01 3.99751E-02 3.05894E-04 
3.25872E-01 4.25282E-02 3.64361E-04 
3.29367E-01 3.94609E-02 4.38466E-04 
3.32323E-01 3.65544E-02 5.34160E-04 
3.34764E-01 3.37865E-02 6.59433E-04 
3.36674E-01 3.11641E-02 8.26020E-04 
3.37787E-01 2.92377E-02 9.94049E-04 
3.38050E-01 2.86926E-02 1.05137E-03 
3.38929E-01 2.61975E-02 1.39046E-03 
3.39182E-01 2.38803E-02 1.88004E-03 
3.38825E-01 2.17354E-02 2.60451E-03 
3.37878E-01 1.97580E-02 3.70516E-03 
3.35567E-01 1.85579E-02 5.42321E-03 
3.33857E-01 1.69008E-02 8.19269E-03 
3.31605E-01 1.53683E-02 1.28085E-02 
3.28853E-01 1.39538E-02 2.07740E-02 
3.25675E-01 1.26515E-02 3.50289E-02 
3.22222E-01 1.14584E-02 6.14383E-02 
3.18892E-01 1.03785E-02 1.11764E-01 
3.16904E-01 9.43719E-03 2.08686E-01 
3.19927E-01 8.71688E-03 3.89305E-01 
3.36395E-01 8.38736E-03 6.88229E-01 
3.73460E-01 8.52235E-03 1.07087E+00 
4.16935E-01 8.70340E-03 1.39920E+00 
4.41659E-01 8.42446E-03 1.57129E+00 
3.25586E-01 4.13421E-02 2.45031E-04 
3.27855E-01 3.82111E-02 2.88761E-04 
3.22560E-01 3.96853E-02 3.43341E-04 
3.25248E-01 3.66827E-02 4.12450E-04 
3.27428E-01 3.38180E-02 5.01501E-04 
3.29079E-01 3.11049E-02 6.17850E-04 
3.30182E-01 2.85518E-02 7.72308E-04 
3.30661E-01 2.66869E-02 9.27714E-04 
3.30731E-01 2.61621E-02 9.80723E-04 
3.30708E-01 2.37681E-02 1.29364E-03 
3.30054E-01 2.15613E-02 1.74444E-03 
3.28786E-01 1.95361E-02 2.40994E-03 
3.26935E-01 1.76825E-02 3.41852E-03 
3.23836E-01 1.64911E-02 4.98919E-03 
3.21193E-01 1.49677E-02 7.51433E-03 
3.18033E-01 1.35685E-02 1.17126E-02 
3.14406E-01 1.22850E-02 1.89395E-02 
3.10388E-01 1.11096E-02 3.18340E-02 
3.06127E-01 1.00380E-02 5.56533E-02 
3.02008E-01 9.07107E-03 1.00909E-01 
2.99168E-01 8.23029E-03 1.87771E-01 
3.01039E-01 7.58486E-03 3.49181E-01 
3.15445E-01 7.28042E-03 6.15170E-01 
3.48927E-01 7.37798E-03 9.53900E-01 
3.88152E-01 7.51481E-03 1.24213E+00 
4.09790E-01 7.25719E-03 1.39012E+00 
3.21011E-01 3.99723E-02 2.32310E-04 
3.22966E-01 3.67559E-02 2.73226E-04 
3.18175E-01 3.73710E-02 3.24259E-04 
3.20262E-01 3.43533E-02 3.88700E-04 
3.21802E-01 3.14991E-02 4.71565E-04 
3.22781E-01 2.88146E-02 5.79653E-04 
3.23187E-01 2.63046E-02 7.22765E-04 
3.23104E-01 2.44844E-02 8.66526E-04 
3.23014E-01 2.39723E-02 9.15433E-04 
3.22192E-01 2.16548E-02 1.20412E-03 
3.20721E-01 1.95376E-02 1.61901E-03 
3.18631E-01 1.76114E-02 2.22988E-03 
3.15958E-01 1.58652E-02 3.15330E-03 
3.12150E-01 1.46868E-02 4.58793E-03 
3.08671E-01 1.32798E-02 6.88865E-03 
3.04700E-01 1.19975E-02 1.07023E-02 
3.00295E-01 1.08294E-02 1.72497E-02 
2.95534E-01 9.76633E-03 2.88971E-02 
2.90565E-01 8.80151E-03 5.03475E-02 
2.85748E-01 7.93533E-03 9.09850E-02 
2.82161E-01 7.18327E-03 1.68730E-01 
2.83001E-01 6.60496E-03 3.12686E-01 
2.95533E-01 6.32434E-03 5.48997E-01 
3.25733E-01 6.39211E-03 8.48352E-01 
3.61066E-01 6.49349E-03 1.10079E+00 
3.79915E-01 6.25622E-03 1.22764E+00 
3.15506E-01 3.88920E-02 2.20487E-04 
3.17164E-01 3.55710E-02 2.58700E-04 
3.12831E-01 3.54110E-02 3.06319E-04 
3.14364E-01 3.23796E-02 3.66348E-04 
3.15351E-01 2.95131E-02 4.43343E-04 
3.15745E-01 2.68345E-02 5.43565E-04 
3.15539E-01 2.43477E-02 6.75991E-04 
3.14964E-01 2.25571E-02 8.08797E-04 
3.14732E-01 2.20546E-02 8.53909E-04 
3.13197E-01 1.97961E-02 1.11984E-03 
3.10998E-01 1.77517E-02 1.50093E-03 
3.08171E-01 1.59098E-02 2.06064E-03 
3.04761E-01 1.42559E-02 2.90466E-03 
3.00313E-01 1.30967E-02 4.21257E-03 
2.96089E-01 1.17924E-02 6.30441E-03 
2.91398E-01 1.06141E-02 9.76249E-03 
2.86302E-01 9.54909E-03 1.56812E-02 
2.80887E-01 8.58635E-03 2.61809E-02 
2.75298E-01 7.71753E-03 4.54604E-02 
2.69878E-01 6.94096E-03 8.18708E-02 
2.65639E-01 6.26850E-03 1.51314E-01 
2.65562E-01 5.75040E-03 2.79401E-01 
2.76381E-01 5.49249E-03 4.88851E-01 
3.03545E-01 5.53671E-03 7.52765E-01 
3.35286E-01 5.61009E-03 9.73304E-01 
3.51605E-01 5.39188E-03 1.08160E+00 
3.09278E-01 3.80843E-02 2.09284E-04 
3.10668E-01 3.46485E-02 2.44954E-04 
3.06648E-01 3.38287E-02 2.89277E-04 
3.07738E-01 3.07237E-02 3.45074E-04 
3.08215E-01 2.78202E-02 4.16489E-04 
3.08070E-01 2.51250E-02 5.09218E-04 
3.07294E-01 2.26421E-02 6.31466E-04 
3.06264E-01 2.08663E-02 7.53799E-04 
3.05892E-01 2.03710E-02 7.95342E-04 
3.03693E-01 1.81543E-02 1.03962E-03 
3.00820E-01 1.61672E-02 1.38889E-03 
2.97311E-01 1.43958E-02 1.90054E-03 
2.93222E-01 1.28225E-02 2.66988E-03 
2.88192E-01 1.16860E-02 3.85928E-03 
2.83299E-01 1.04730E-02 5.75638E-03 
2.77966E-01 9.38793E-03 8.88350E-03 
2.72265E-01 8.41570E-03 1.42201E-02 
2.66280E-01 7.54337E-03 2.36600E-02 
2.60156E-01 6.76130E-03 4.09421E-02 
2.54227E-01 6.06503E-03 7.34741E-02 
2.49431E-01 5.46431E-03 1.35316E-01 
2.48544E-01 5.00069E-03 2.48987E-01 
2.57792E-01 4.76456E-03 4.34083E-01 
2.82130E-01 4.79022E-03 6.66045E-01 
3.10542E-01 4.84119E-03 8.58157E-01 
3.24563E-01 4.64148E-03 9.50227E-01 
3.02180E-01 3.74931E-02 1.98409E-04 
3.03318E-01 3.39197E-02 2.31612E-04 
2.99566E-01 3.25180E-02 2.72797E-04 
3.00261E-01 2.93336E-02 3.24543E-04 
3.00306E-01 2.63785E-02 3.90657E-04 
2.99691E-01 2.36529E-02 4.76293E-04 
2.98411E-01 2.11597E-02 5.88942E-04 
2.96970E-01 1.93893E-02 7.01415E-04 
2.96476E-01 1.88974E-02 7.39551E-04 
2.93682E-01 1.67089E-02 9.63551E-04 
2.90194E-01 1.47677E-02 1.28298E-03 
2.86069E-01 1.30558E-02 1.74957E-03 
2.81372E-01 1.15519E-02 2.44954E-03 
2.75824E-01 1.04409E-02 3.52881E-03 
2.70347E-01 9.30876E-03 5.24544E-03 
2.64461E-01 8.30667E-03 8.06803E-03 
2.58240E-01 7.41759E-03 1.28707E-02 
2.51779E-01 6.62634E-03 2.13405E-02 
2.45217E-01 5.92165E-03 3.67998E-02 
2.38867E-01 5.29787E-03 6.58066E-02 
2.33612E-01 4.76131E-03 1.20764E-01 
2.32025E-01 4.34688E-03 2.21447E-01 
2.39851E-01 4.13133E-03 3.84710E-01 
2.61585E-01 4.14268E-03 5.88210E-01 
2.86934E-01 4.17591E-03 7.55197E-01 
2.98890E-01 3.99395E-03 8.33268E-01 
2.94203E-01 3.71039E-02 1.87610E-04 
2.95074E-01 3.33646E-02 2.18365E-04 
2.91546E-01 3.14198E-02 2.56473E-04 
2.91819E-01 2.81537E-02 3.04271E-04 
2.91445E-01 2.51293E-02 3.65194E-04 
2.90383E-01 2.23581E-02 4.43942E-04 
2.88627E-01 1.98418E-02 5.47265E-04 
2.86804E-01 1.80675E-02 6.50235E-04 
2.86193E-01 1.75770E-02 6.85117E-04 
2.82850E-01 1.54068E-02 8.89598E-04 
2.78805E-01 1.35021E-02 1.18041E-03 
2.74129E-01 1.18412E-02 1.60425E-03 
2.68890E-01 1.03996E-02 2.23806E-03 
2.62891E-01 9.31627E-03 3.21324E-03 
2.56910E-01 8.25776E-03 4.76027E-03 
2.50552E-01 7.33192E-03 7.29548E-03 
2.43899E-01 6.51895E-03 1.15982E-02 
2.37047E-01 5.80213E-03 1.91630E-02 
2.30134E-01 5.16851E-03 3.29264E-02 
2.23454E-01 4.61109E-03 5.86752E-02 
2.17830E-01 4.13334E-03 1.07295E-01 
2.15639E-01 3.76417E-03 1.96049E-01 
2.22159E-01 3.56840E-03 3.39382E-01 
2.41446E-01 3.56869E-03 5.17064E-01 
2.63923E-01 3.58786E-03 6.61483E-01 
2.73996E-01 3.42300E-03 7.27259E-01 
2.85506E-01 3.69093E-02 1.77029E-04 
2.86133E-01 3.29934E-02 2.05459E-04 
2.82757E-01 3.05735E-02 2.40610E-04 
2.82655E-01 2.71885E-02 2.84610E-04 
2.81853E-01 2.40762E-02 3.40549E-04 
2.80340E-01 2.12436E-02 4.12680E-04 
2.78128E-01 1.86912E-02 5.07137E-04 
2.75947E-01 1.69052E-02 6.01054E-04 
2.75234E-01 1.64135E-02 6.32828E-04 
2.71386E-01 1.42515E-02 8.18881E-04 
2.66841E-01 1.23743E-02 1.08281E-03 
2.61671E-01 1.07564E-02 1.46635E-03 
2.55962E-01 9.36936E-03 2.03854E-03 
2.49583E-01 8.31449E-03 2.91666E-03 
2.43178E-01 7.32204E-03 4.30575E-03 
2.36437E-01 6.46475E-03 6.57625E-03 
2.29445E-01 5.72058E-03 1.04180E-02 
2.22296E-01 5.07116E-03 1.71523E-02 
2.15125E-01 4.50203E-03 2.93671E-02 
2.08211E-01 4.00443E-03 5.21493E-02 
2.02314E-01 3.57987E-03 9.50299E-02 
1.99623E-01 3.25179E-03 1.73011E-01 
2.04967E-01 3.07468E-03 2.98446E-01 
2.21993E-01 3.06673E-03 4.53091E-01 
2.41825E-01 3.07503E-03 5.77578E-01 
2.50214E-01 2.92641E-03 6.32760E-01 
2.75969E-01 3.68699E-02 1.66532E-04 
2.76314E-01 3.27617E-02 1.92704E-04 
2.73079E-01 2.99031E-02 2.24999E-04 
2.72631E-01 2.63931E-02 2.65357E-04 
2.71460E-01 2.31846E-02 3.16558E-04 
2.69557E-01 2.02819E-02 3.82423E-04 
2.66928E-01 1.76844E-02 4.68425E-04 
2.64416E-01 1.58798E-02 5.53800E-04 
2.63609E-01 1.53847E-02 5.82641E-04 
2.59300E-01 1.32224E-02 7.51230E-04 
2.54304E-01 1.13652E-02 9.89767E-04 
2.48704E-01 9.78310E-03 1.33553E-03 
2.42590E-01 8.44379E-03 1.84996E-03 
2.35898E-01 7.41798E-03 2.63753E-03 
2.29158E-01 6.48507E-03 3.88012E-03 
2.22123E-01 5.69005E-03 5.90535E-03 
2.14881E-01 5.00865E-03 9.32191E-03 
2.07527E-01 4.42052E-03 1.52937E-02 
2.00190E-01 3.90995E-03 2.60944E-02 
1.93134E-01 3.46667E-03 4.61723E-02 
1.87057E-01 3.09035E-03 8.38404E-02 
1.83965E-01 2.79965E-03 1.52104E-01 
1.88257E-01 2.64020E-03 2.61450E-01 
2.03194E-01 2.62625E-03 3.95518E-01 
2.20588E-01 2.62638E-03 5.02410E-01 
2.27479E-01 2.49307E-03 5.48459E-01 
2.65748E-01 3.69751E-02 1.56223E-04 
2.65786E-01 3.26535E-02 1.80200E-04 
2.62650E-01 2.93913E-02 2.09747E-04 
2.61841E-01 2.57471E-02 2.46615E-04 
2.60300E-01 2.24302E-02 2.93264E-04 
2.58018E-01 1.94479E-02 3.53121E-04 
2.55016E-01 1.67987E-02 4.31140E-04 
2.52217E-01 1.49707E-02 5.08401E-04 
2.51322E-01 1.44717E-02 5.34482E-04 
2.46620E-01 1.23035E-02 6.86629E-04 
2.41246E-01 1.04609E-02 9.01365E-04 
2.35291E-01 8.90961E-03 1.21181E-03 
2.28854E-01 7.61298E-03 1.67246E-03 
2.21927E-01 6.61642E-03 2.37603E-03 
2.14938E-01 5.73753E-03 3.48307E-03 
2.07699E-01 4.99920E-03 5.28230E-03 
2.00299E-01 4.37483E-03 8.30889E-03 
1.92831E-01 3.84241E-03 1.35838E-02 
1.85420E-01 3.38484E-03 2.30960E-02 
1.78309E-01 2.99092E-03 4.07213E-02 
1.72140E-01 2.65826E-03 7.36789E-02 
1.68740E-01 2.40156E-03 1.33204E-01 
1.72100E-01 2.25866E-03 2.28155E-01 
1.85121E-01 2.24058E-03 3.43935E-01 
2.00285E-01 2.23468E-03 4.35348E-01 
2.05853E-01 2.11578E-03 4.73569E-01 
2.54918E-01 3.72030E-02 1.46130E-04 
2.54630E-01 3.26540E-02 1.68001E-04 
2.51540E-01 2.90222E-02 1.94911E-04 
2.50368E-01 2.52256E-02 2.28418E-04 
2.48475E-01 2.17921E-02 2.70735E-04 
2.45853E-01 1.87247E-02 3.24919E-04 
2.42511E-01 1.60178E-02 3.95360E-04 
2.39452E-01 1.41627E-02 4.64957E-04 
2.38483E-01 1.36583E-02 4.88421E-04 
2.33438E-01 1.14797E-02 6.25140E-04 
2.27747E-01 9.64752E-03 8.17563E-04 
2.21507E-01 8.12313E-03 1.09500E-03 
2.14822E-01 6.86508E-03 1.50566E-03 
2.07734E-01 5.89793E-03 2.13132E-03 
2.00582E-01 5.06838E-03 3.11309E-03 
1.93226E-01 4.38187E-03 4.70461E-03 
1.85754E-01 3.80974E-03 7.37402E-03 
1.78260E-01 3.32817E-03 1.20126E-02 
1.70860E-01 2.91889E-03 2.03508E-02 
1.63777E-01 2.56972E-03 3.57562E-02 
1.57598E-01 2.27663E-03 6.44675E-02 
1.53979E-01 2.05086E-03 1.16138E-01 
1.56521E-01 1.92345E-03 1.98225E-01 
1.67790E-01 1.90275E-03 2.97764E-01 
1.80917E-01 1.89253E-03 3.75571E-01 
1.85327E-01 1.78717E-03 4.07104E-01 
2.43604E-01 3.75285E-02 1.36314E-04 
2.42975E-01 3.27395E-02 1.56175E-04 
2.39894E-01 2.87637E-02 1.80573E-04 
2.38384E-01 2.48093E-02 2.10902E-04 
2.36132E-01 2.12504E-02 2.49093E-04 
2.33169E-01 1.80912E-02 2.97888E-04 
2.29518E-01 1.53234E-02 3.61181E-04 
2.26231E-01 1.34394E-02 4.23604E-04 
2.25201E-01 1.29292E-02 4.44624E-04 
2.19868E-01 1.07380E-02 5.66864E-04 
2.13925E-01 8.91437E-03 7.38499E-04 
2.07470E-01 7.41422E-03 9.85338E-04 
2.00613E-01 6.19193E-03 1.34965E-03 
1.93439E-01 5.25443E-03 1.90352E-03 
1.86208E-01 4.47044E-03 2.77040E-03 
1.78820E-01 3.83170E-03 4.17135E-03 
1.71362E-01 3.30731E-03 6.51512E-03 
1.63924E-01 2.87214E-03 1.05756E-02 
1.56614E-01 2.50682E-03 1.78526E-02 
1.49636E-01 2.19811E-03 3.12564E-02 
1.43522E-01 1.94081E-03 5.61576E-02 
1.39767E-01 1.74306E-03 1.00807E-01 
1.41600E-01 1.63008E-03 1.71452E-01 
1.51278E-01 1.60796E-03 2.56639E-01 
1.62560E-01 1.59488E-03 3.22554E-01 
1.65966E-01 1.50211E-03 3.48403E-01 
2.31932E-01 3.79255E-02 1.26824E-04 
2.30953E-01 3.28872E-02 1.44777E-04 
2.27846E-01 2.85898E-02 1.66787E-04 
2.25985E-01 2.44714E-02 1.94107E-04 
2.23415E-01 2.07854E-02 2.28430E-04 
2.20134E-01 1.75319E-02 2.72154E-04 
2.16184E-01 1.47006E-02 3.28733E-04 
2.12700E-01 1.27869E-02 3.84426E-04 
2.11615E-01 1.22710E-02 4.03163E-04 
2.06050E-01 1.00670E-02 5.11949E-04 
1.99911E-01 8.25089E-03 6.64271E-04 
1.93307E-01 6.77391E-03 8.82773E-04 
1.86353E-01 5.58556E-03 1.20447E-03 
1.79164E-01 4.67807E-03 1.69239E-03 
1.71932E-01 3.93663E-03 2.45403E-03 
1.64591E-01 3.34201E-03 3.68168E-03 
1.57224E-01 2.86150E-03 5.72934E-03 
1.49916E-01 2.46868E-03 9.26687E-03 
1.42768E-01 2.14326E-03 1.55885E-02 
1.35965E-01 1.87119E-03 2.71946E-02 
1.29984E-01 1.64619E-03 4.86860E-02 
1.26166E-01 1.47375E-03 8.70884E-02 
1.27393E-01 1.37413E-03 1.47595E-01 
1.35638E-01 1.35156E-03 2.20148E-01 
1.45258E-01 1.33681E-03 2.75718E-01 
1.47806E-01 1.25566E-03 2.96758E-01 
2.20006E-01 3.83657E-02 1.17685E-04 
2.18688E-01 3.30736E-02 1.33844E-04 
2.15518E-01 2.84773E-02 1.53603E-04 
2.13309E-01 2.41896E-02 1.78081E-04 
2.10435E-01 2.03753E-02 2.08773E-04 
2.06874E-01 1.70285E-02 2.47770E-04 
2.02661E-01 1.41349E-02 2.98082E-04 
1.98996E-01 1.21921E-02 3.47502E-04 
1.97863E-01 1.16704E-02 3.64109E-04 
1.92109E-01 9.45467E-03 4.60397E-04 
1.85833E-01 7.64713E-03 5.94884E-04 
1.79147E-01 6.19348E-03 7.87302E-04 
1.72163E-01 5.03829E-03 1.06989E-03 
1.65022E-01 4.16138E-03 1.49751E-03 
1.57861E-01 3.45998E-03 2.16324E-03 
1.50636E-01 2.90649E-03 3.23348E-03 
1.43429E-01 2.46657E-03 5.01337E-03 
1.36319E-01 2.11250E-03 8.07962E-03 
1.29396E-01 1.82329E-03 1.35429E-02 
1.22826E-01 1.58437E-03 2.35414E-02 
1.17038E-01 1.38846E-03 4.19954E-02 
1.13224E-01 1.23885E-03 7.48555E-02 
1.13941E-01 1.15156E-03 1.26413E-01 
1.20901E-01 1.12929E-03 1.87887E-01 
1.29035E-01 1.11381E-03 2.34480E-01 
1.30857E-01 1.04332E-03 2.51475E-01 
2.08007E-01 3.88288E-02 1.08964E-04 
2.06330E-01 3.32753E-02 1.23430E-04 
2.03067E-01 2.84004E-02 1.41083E-04 
2.00528E-01 2.39441E-02 1.62905E-04 
1.97347E-01 2.00011E-02 1.90192E-04 
1.93533E-01 1.65643E-02 2.24790E-04 
1.89097E-01 1.36125E-02 2.69315E-04 
1.85284E-01 1.16434E-02 3.12944E-04 
1.84112E-01 1.11168E-02 3.27587E-04 
1.78210E-01 8.89216E-03 4.12356E-04 
1.71847E-01 7.09541E-03 5.30460E-04 
1.65134E-01 5.66619E-03 6.99031E-04 
1.58182E-01 4.54421E-03 9.45944E-04 
1.51146E-01 3.69865E-03 1.31877E-03 
1.44118E-01 3.03548E-03 1.89774E-03 
1.37073E-01 2.52062E-03 2.82578E-03 
1.30088E-01 2.11815E-03 4.36520E-03 
1.23233E-01 1.79954E-03 7.00927E-03 
1.16589E-01 1.54319E-03 1.17057E-02 
1.10305E-01 1.33413E-03 2.02758E-02 
1.04759E-01 1.16429E-03 3.60410E-02 
1.01008E-01 1.03517E-03 6.40128E-02 
1.01305E-01 9.59166E-04 1.07719E-01 
1.07125E-01 9.37772E-04 1.59533E-01 
1.13941E-01 9.22243E-04 1.98386E-01 
1.15159E-01 8.61506E-04 2.12007E-01 
1.96016E-01 3.92925E-02 1.00657E-04 
1.93989E-01 3.34764E-02 1.13542E-04 
1.90600E-01 2.83386E-02 1.29225E-04 
1.87729E-01 2.37139E-02 1.48560E-04 
1.84259E-01 1.96460E-02 1.72681E-04 
1.80203E-01 1.61233E-02 2.03193E-04 
1.75576E-01 1.31188E-02 2.42359E-04 
1.71645E-01 1.11276E-02 2.80650E-04 
1.70445E-01 1.05973E-02 2.93488E-04 
1.64443E-01 8.36888E-03 3.67683E-04 
1.58039E-01 6.58637E-03 4.70784E-04 
1.51344E-01 5.18371E-03 6.17560E-04 
1.44474E-01 4.09575E-03 8.32016E-04 
1.37595E-01 3.28266E-03 1.15514E-03 
1.30759E-01 2.65659E-03 1.65564E-03 
1.23951E-01 2.17831E-03 2.45580E-03 
1.17241E-01 1.81076E-03 3.77927E-03 
1.10691E-01 1.52475E-03 6.04587E-03 
1.04373E-01 1.29829E-03 1.00598E-02 
9.84173E-02 1.11612E-03 1.73618E-02 
9.31554E-02 9.69658E-04 3.07508E-02 
8.95176E-02 8.58910E-04 5.44193E-02 
8.94751E-02 7.93206E-04 9.12476E-02 
9.42898E-02 7.73104E-04 1.34654E-01 
9.99429E-02 7.58070E-04 1.66847E-01 
1.00665E-01 7.06183E-04 1.77661E-01 
1.84254E-01 3.97284E-02 9.28592E-05 
1.81904E-01 3.36556E-02 1.04295E-04 
1.78371E-01 2.82740E-02 1.18165E-04 
1.75186E-01 2.34868E-02 1.35223E-04 
1.71432E-01 1.92993E-02 1.56432E-04 
1.67153E-01 1.56975E-02 1.83204E-04 
1.62358E-01 1.26475E-02 2.17485E-04 
1.58332E-01 1.06397E-02 2.50927E-04 
1.57111E-01 1.01072E-02 2.62128E-04 
1.51050E-01 7.88127E-03 3.26754E-04 
1.44652E-01 6.11782E-03 4.16332E-04 
1.38029E-01 4.74475E-03 5.43537E-04 
1.31290E-01 3.69209E-03 7.28940E-04 
1.24610E-01 2.91237E-03 1.00768E-03 
1.18008E-01 2.32213E-03 1.43834E-03 
1.11480E-01 1.87840E-03 2.12503E-03 
1.05086E-01 1.54321E-03 3.25767E-03 
9.88793E-02 1.28688E-03 5.19197E-03 
9.29218E-02 1.08729E-03 8.60757E-03 
8.73247E-02 9.29061E-04 1.48010E-02 
8.23779E-02 8.03291E-04 2.61200E-02 
7.88937E-02 7.08739E-04 4.60595E-02 
7.85875E-02 6.52280E-04 7.69528E-02 
8.25309E-02 6.33743E-04 1.13152E-01 
8.71774E-02 6.19588E-04 1.39701E-01 
8.75067E-02 5.75591E-04 1.48221E-01 
1.72617E-01 4.01271E-02 8.54483E-05 
1.69958E-01 3.38000E-02 9.55362E-05 
1.66260E-01 2.81870E-02 1.07717E-04 
1.62787E-01 2.32441E-02 1.22666E-04 
1.58772E-01 1.89443E-02 1.41183E-04 
1.54271E-01 1.52696E-02 1.64481E-04 
1.49325E-01 1.21815E-02 1.94255E-04 
1.45223E-01 1.01630E-02 2.23232E-04 
1.43988E-01 9.62990E-03 2.32928E-04 
1.37890E-01 7.41321E-03 2.88765E-04 
1.31534E-01 5.67470E-03 3.65982E-04 
1.25027E-01 4.33563E-03 4.75383E-04 
1.18470E-01 3.32097E-03 6.34455E-04 
1.12035E-01 2.57654E-03 8.73123E-04 
1.05716E-01 2.02206E-03 1.24094E-03 
9.95111E-02 1.61176E-03 1.82583E-03 
9.34722E-02 1.30713E-03 2.78785E-03 
8.76444E-02 1.07833E-03 4.42608E-03 
8.20783E-02 9.03261E-04 7.30998E-03 
7.68685E-02 7.66660E-04 1.25233E-02 
7.22645E-02 6.59412E-04 2.20192E-02 
6.89694E-02 5.79349E-04 3.86856E-02 
6.84630E-02 5.31277E-04 6.43968E-02 
7.16460E-02 5.14493E-04 9.43432E-02 
7.54132E-02 5.01489E-04 1.16052E-01 
7.54334E-02 4.64596E-04 1.22677E-01 
1.61297E-01 4.04685E-02 7.85005E-05 
1.58334E-01 3.38916E-02 8.73446E-05 
1.54489E-01 2.80679E-02 9.79944E-05 
1.50722E-01 2.29736E-02 1.10994E-04 
1.46468E-01 1.85716E-02 1.27054E-04 
1.41778E-01 1.48351E-02 1.47201E-04 
1.36703E-01 1.17186E-02 1.72879E-04 
1.32552E-01 9.69659E-03 1.97830E-04 
1.31306E-01 9.16465E-03 2.06162E-04 
1.25203E-01 6.96521E-03 2.54074E-04 
1.18920E-01 5.25764E-03 3.20176E-04 
1.12563E-01 3.95663E-03 4.13618E-04 
1.06223E-01 2.98231E-03 5.49189E-04 
1.00066E-01 2.27463E-03 7.52183E-04 
9.40632E-02 1.75560E-03 1.06425E-03 
8.82135E-02 1.37751E-03 1.55921E-03 
8.25590E-02 1.10159E-03 2.37105E-03 
7.71347E-02 8.98096E-04 3.74947E-03 
7.19808E-02 7.45210E-04 6.16859E-03 
6.71752E-02 6.27872E-04 1.05281E-02 
6.29310E-02 5.36984E-04 1.84421E-02 
5.98515E-02 4.69675E-04 3.22799E-02 
5.92030E-02 4.29084E-04 5.35345E-02 
6.17356E-02 4.14138E-04 7.81386E-02 
6.47500E-02 4.02450E-04 9.57601E-02 
6.45375E-02 3.71837E-04 1.00850E-01 
1.50376E-01 4.07448E-02 7.20194E-05 
1.47109E-01 3.39202E-02 7.97156E-05 
1.43098E-01 2.78999E-02 8.89596E-05 
1.39090E-01 2.26696E-02 1.00207E-04 
1.34610E-01 1.81751E-02 1.14030E-04 
1.29744E-01 1.43866E-02 1.31314E-04 
1.24558E-01 1.12517E-02 1.53286E-04 
1.20375E-01 9.23370E-03 1.74603E-04 
1.19128E-01 8.70527E-03 1.81716E-04 
1.13066E-01 6.53273E-03 2.22547E-04 
1.06889E-01 4.86258E-03 2.78726E-04 
1.00705E-01 3.60388E-03 3.57950E-04 
9.46079E-02 2.67235E-03 4.72635E-04 
8.87528E-02 2.00285E-03 6.44048E-04 
8.30938E-02 1.51912E-03 9.06948E-04 
7.76240E-02 1.17217E-03 1.32282E-03 
7.23744E-02 9.23275E-04 2.00311E-03 
6.73701E-02 7.43049E-04 3.15475E-03 
6.26408E-02 6.10160E-04 5.16985E-03 
5.82497E-02 5.09958E-04 8.78921E-03 
5.43753E-02 4.33462E-04 1.53371E-02 
5.15306E-02 3.77315E-04 2.67440E-02 
5.07903E-02 3.43351E-04 4.41855E-02 
5.27722E-02 3.30257E-04 6.42487E-02 
5.51487E-02 3.19973E-04 7.84399E-02 
5.47690E-02 2.94863E-04 8.22944E-02 
1.39899E-01 4.09462E-02 6.59924E-05 
1.36341E-01 3.38804E-02 7.26404E-05 
1.32161E-01 2.76766E-02 8.06032E-05 
1.27925E-01 2.23214E-02 9.02571E-05 
1.23242E-01 1.77460E-02 1.02057E-04 
1.18228E-01 1.39181E-02 1.16763E-04 
1.12958E-01 1.07771E-02 1.35415E-04 
1.08750E-01 8.77025E-03 1.53461E-04 
1.07503E-01 8.24712E-03 1.59476E-04 
1.01491E-01 6.10940E-03 1.93955E-04 
9.54590E-02 4.48453E-03 2.41324E-04 
8.95001E-02 3.27384E-03 3.08015E-04 
8.36836E-02 2.38813E-03 4.04329E-04 
7.81539E-02 1.75824E-03 5.47996E-04 
7.28544E-02 1.30960E-03 7.67796E-04 
6.77773E-02 9.92715E-04 1.11456E-03 
6.29427E-02 7.69207E-04 1.68022E-03 
5.83656E-02 6.10352E-04 2.63502E-03 
5.40653E-02 4.95463E-04 4.30049E-03 
5.00905E-02 4.10427E-04 7.28220E-03 
4.65885E-02 3.46523E-04 1.26576E-02 
4.39912E-02 3.00092E-04 2.19858E-02 
4.32016E-02 2.71956E-04 3.61835E-02 
4.47227E-02 2.60671E-04 5.24092E-02 
4.65641E-02 2.51814E-04 6.37367E-02 
4.60725E-02 2.31487E-04 6.66073E-02 
1.29902E-01 4.10667E-02 6.04068E-05 
1.26079E-01 3.37694E-02 6.61064E-05 
1.21717E-01 2.73928E-02 7.29021E-05 
1.17278E-01 2.19251E-02 8.11187E-05 
1.12432E-01 1.72842E-02 9.11132E-05 
1.07297E-01 1.34303E-02 1.03518E-04 
1.01961E-01 1.02932E-02 1.19197E-04 
9.77461E-02 8.30508E-03 1.34336E-04 
9.65076E-02 7.78964E-03 1.39379E-04 
9.05924E-02 5.69705E-03 1.68268E-04 
8.47254E-02 4.12351E-03 2.07865E-04 
7.89927E-02 2.96417E-03 2.63476E-04 
7.34686E-02 2.12648E-03 3.43645E-04 
6.82817E-02 1.53753E-03 4.63049E-04 
6.33602E-02 1.12399E-03 6.45313E-04 
5.86885E-02 8.36242E-04 9.32109E-04 
5.42765E-02 6.36674E-04 1.39861E-03 
5.01296E-02 4.97445E-04 2.18374E-03 
4.62575E-02 3.98730E-04 3.54891E-03 
4.26948E-02 3.27058E-04 5.98485E-03 
3.95622E-02 2.74108E-04 1.03607E-02 
3.72184E-02 2.36075E-04 1.79238E-02 
3.64147E-02 2.13020E-04 2.93805E-02 
3.75551E-02 2.03462E-04 4.23854E-02 
3.89531E-02 1.95997E-04 5.13393E-02 
3.83956E-02 1.79795E-04 5.34352E-02 
1.20411E-01 4.11010E-02 5.52442E-05 
1.16343E-01 3.35820E-02 6.00866E-05 
1.11804E-01 2.70443E-02 6.58285E-05 
1.07174E-01 2.14758E-02 7.27467E-05 
1.02200E-01 1.67854E-02 8.11345E-05 
9.69631E-02 1.29168E-02 9.14818E-05 
9.15889E-02 9.79651E-03 1.04525E-04 
8.73963E-02 7.83659E-03 1.17105E-04 
8.61698E-02 7.33086E-03 1.21290E-04 
8.03683E-02 5.29165E-03 1.45244E-04 
7.46897E-02 3.77602E-03 1.78019E-04 
6.92123E-02 2.67280E-03 2.23970E-04 
6.39991E-02 1.88550E-03 2.90087E-04 
5.91662E-02 1.33849E-03 3.88425E-04 
5.46310E-02 9.59798E-04 5.38203E-04 
5.03689E-02 7.00220E-04 7.73289E-04 
4.63796E-02 5.23174E-04 1.15461E-03 
4.26586E-02 4.01935E-04 1.79442E-03 
3.92063E-02 3.17682E-04 2.90334E-03 
3.60464E-02 2.57757E-04 4.87516E-03 
3.32739E-02 2.14283E-04 8.40407E-03 
3.11839E-02 1.83458E-04 1.44785E-02 
3.03943E-02 1.64801E-04 2.36344E-02 
3.12248E-02 1.56856E-04 3.39537E-02 
3.22598E-02 1.50720E-04 4.09543E-02 
3.16732E-02 1.38043E-04 4.24473E-02 
1.11413E-01 4.10394E-02 5.04752E-05 
1.07138E-01 3.33141E-02 5.45515E-05 
1.02447E-01 2.66322E-02 5.93548E-05 
9.76495E-02 2.09759E-02 6.51136E-05 
9.25700E-02 1.62494E-02 7.20699E-05 
8.72659E-02 1.23808E-02 8.06034E-05 
8.18796E-02 9.28885E-03 9.13276E-05 
7.77250E-02 7.36459E-03 1.01655E-04 
7.65179E-02 6.87080E-03 1.05089E-04 
7.08501E-02 4.89320E-03 1.24722E-04 
6.53763E-02 3.44134E-03 1.51548E-04 
6.01752E-02 2.39819E-03 1.89123E-04 
5.52943E-02 1.66349E-03 2.43122E-04 
5.08257E-02 1.15916E-03 3.23331E-04 
4.66781E-02 8.14884E-04 4.45218E-04 
4.28229E-02 5.82418E-04 6.36031E-04 
3.92488E-02 4.26472E-04 9.44672E-04 
3.59424E-02 3.21660E-04 1.46092E-03 
3.28963E-02 2.50309E-04 2.35267E-03 
3.01231E-02 2.00632E-04 3.93268E-03 
2.76967E-02 1.65304E-04 6.74943E-03 
2.58555E-02 1.40620E-04 1.15769E-02 
2.51016E-02 1.25736E-04 1.88153E-02 
2.56833E-02 1.19277E-04 2.69119E-02 
2.64254E-02 1.14382E-04 3.23176E-02 
2.58383E-02 1.04690E-04 3.33475E-02 
1.02937E-01 4.08867E-02 4.60880E-05 
9.84882E-02 3.29705E-02 4.94830E-05 
9.36581E-02 2.61575E-02 5.34473E-05 
8.87197E-02 2.04269E-02 5.81758E-05 
8.35486E-02 1.56762E-02 6.38594E-05 
7.82203E-02 1.18233E-02 7.08108E-05 
7.28546E-02 8.77191E-03 7.95106E-05 
6.87524E-02 6.89035E-03 8.78715E-05 
6.75677E-02 6.41029E-03 9.06493E-05 
6.20603E-02 4.50239E-03 1.06541E-04 
5.68226E-02 3.12024E-03 1.28252E-04 
5.19149E-02 2.14035E-03 1.58639E-04 
4.73663E-02 1.45926E-03 2.02231E-04 
4.32571E-02 9.97687E-04 2.66908E-04 
3.94946E-02 6.87210E-04 3.65018E-04 
3.60388E-02 4.80718E-04 5.18227E-04 
3.28681E-02 3.44488E-04 7.65322E-04 
2.99610E-02 2.54630E-04 1.17731E-03 
2.73029E-02 1.94742E-04 1.88650E-03 
2.48964E-02 1.53964E-04 3.13824E-03 
2.27976E-02 1.25591E-04 5.36068E-03 
2.11959E-02 1.06101E-04 9.15192E-03 
2.04932E-02 9.44290E-05 1.48047E-02 
2.08784E-02 8.93190E-05 2.10763E-02 
2.13875E-02 8.55673E-05 2.51906E-02 
2.08212E-02 7.83794E-05 2.58704E-02 
9.49671E-02 4.06449E-02 4.20539E-05 
9.03547E-02 3.25458E-02 4.48336E-05 
8.54204E-02 2.56208E-02 4.80593E-05 
8.03689E-02 1.98297E-02 5.18766E-05 
7.51411E-02 1.50702E-02 5.64451E-05 
6.98068E-02 1.12447E-02 6.20056E-05 
6.44920E-02 8.24571E-03 6.89466E-05 
6.04688E-02 6.41484E-03 7.56110E-05 
5.93137E-02 5.95051E-03 7.78248E-05 
5.39831E-02 4.11904E-03 9.04816E-05 
4.89989E-02 2.81142E-03 1.07801E-04 
4.43930E-02 1.89728E-03 1.32029E-04 
4.01878E-02 1.27102E-03 1.66766E-04 
3.64420E-02 8.52325E-04 2.18271E-04 
3.30574E-02 5.74836E-04 2.96242E-04 
2.99885E-02 3.93110E-04 4.17703E-04 
2.72051E-02 2.75234E-04 6.13025E-04 
2.46778E-02 1.98950E-04 9.37596E-04 
2.23853E-02 1.49201E-04 1.49425E-03 
2.03228E-02 1.16131E-04 2.47271E-03 
1.85301E-02 9.36671E-05 4.20226E-03 
1.71552E-02 7.85440E-05 7.13795E-03 
1.65140E-02 6.95904E-05 1.14882E-02 
1.67465E-02 6.56951E-05 1.62712E-02 
1.70724E-02 6.29829E-05 1.93471E-02 
1.65421E-02 5.78861E-05 1.97671E-02 
8.75538E-02 4.03137E-02 3.83795E-05 
8.28028E-02 3.20471E-02 4.06160E-05 
7.77912E-02 2.50279E-02 4.31963E-05 
7.26612E-02 1.91933E-02 4.62216E-05 
6.73947E-02 1.44367E-02 4.98159E-05 
6.20921E-02 1.06535E-02 5.41855E-05 
5.68531E-02 7.71706E-03 5.96194E-05 
5.29276E-02 5.94334E-03 6.48372E-05 
5.18081E-02 5.49648E-03 6.65723E-05 
4.66832E-02 3.74811E-03 7.64990E-05 
4.19582E-02 2.51781E-03 9.01003E-05 
3.76608E-02 1.67085E-03 1.09150E-04 
3.37999E-02 1.09946E-03 1.36472E-04 
3.04110E-02 7.22821E-04 1.76976E-04 
2.73941E-02 4.77058E-04 2.38202E-04 
2.46954E-02 3.18621E-04 3.33341E-04 
2.22762E-02 2.17573E-04 4.85865E-04 
2.01017E-02 1.53429E-04 7.38397E-04 
1.81462E-02 1.12528E-04 1.16977E-03 
1.63984E-02 8.60265E-05 1.92464E-03 
1.48852E-02 6.85049E-05 3.25250E-03 
1.37192E-02 5.69932E-05 5.49391E-03 
1.31446E-02 5.03039E-05 8.79265E-03 
1.32613E-02 4.74850E-05 1.23828E-02 
1.34469E-02 4.57046E-05 1.46393E-02 
1.29616E-02 4.23236E-05 1.48719E-02 
8.05842E-02 3.98926E-02 3.49932E-05 
7.57257E-02 3.14737E-02 3.67486E-05 
7.06499E-02 2.43731E-02 3.87543E-05 
6.54825E-02 1.85137E-02 4.10908E-05 
6.02108E-02 1.37752E-02 4.38387E-05 
5.49609E-02 1.00454E-02 4.71719E-05 
4.98336E-02 7.18363E-03 5.13174E-05 
4.60206E-02 5.47302E-03 5.52928E-05 
4.49401E-02 5.04504E-03 5.66171E-05 
4.00483E-02 3.38627E-03 6.42301E-05 
3.56002E-02 2.23680E-03 7.46877E-05 
3.16152E-02 1.45817E-03 8.93599E-05 
2.80970E-02 9.41618E-04 1.10440E-04 
2.50636E-02 6.06473E-04 1.41748E-04 
2.24029E-02 3.91278E-04 1.88996E-04 
2.00558E-02 2.54771E-04 2.62219E-04 
1.79783E-02 1.69227E-04 3.79208E-04 
1.61316E-02 1.16008E-04 5.72140E-04 
1.44861E-02 8.28754E-05 9.00201E-04 
1.30265E-02 6.20134E-05 1.47148E-03 
1.17679E-02 4.86491E-05 2.47074E-03 
1.07938E-02 4.01415E-05 4.14673E-03 
1.02875E-02 3.53516E-05 6.59366E-03 
1.03169E-02 3.34953E-05 9.22487E-03 
1.03955E-02 3.25601E-05 1.08337E-02 
9.96013E-03 3.05941E-05 1.09329E-02 
7.40939E-02 3.93858E-02 3.18986E-05 
6.91649E-02 3.08353E-02 3.32358E-05 
6.40462E-02 2.36685E-02 3.47395E-05 
5.88711E-02 1.78006E-02 3.64805E-05 
5.36270E-02 1.30950E-02 3.85039E-05 
4.84561E-02 9.43019E-03 4.09535E-05 
4.34666E-02 6.65266E-03 4.40101E-05 
3.97918E-02 5.01137E-03 4.69502E-05 
3.87570E-02 4.60374E-03 4.79327E-05 
3.41063E-02 3.03791E-03 5.36001E-05 
2.99478E-02 1.97128E-03 6.14460E-05 
2.62880E-02 1.26152E-03 7.25178E-05 
2.31093E-02 7.98750E-04 8.84634E-05 
2.04115E-02 5.03317E-04 1.12178E-04 
1.80854E-02 3.16937E-04 1.47936E-04 
1.60654E-02 2.00734E-04 2.03213E-04 
1.43026E-02 1.29254E-04 2.91211E-04 
1.27546E-02 8.57213E-05 4.35689E-04 
1.13887E-02 5.93138E-05 6.80063E-04 
1.01869E-02 4.32199E-05 1.10318E-03 
9.15496E-03 3.33020E-05 1.83836E-03 
8.35244E-03 2.72562E-05 3.06203E-03 
7.91262E-03 2.40403E-05 4.83130E-03 
7.87796E-03 2.30387E-05 6.70578E-03 
7.87654E-03 2.28614E-05 7.81225E-03 
7.49236E-03 2.20506E-05 7.82114E-03 
6.80459E-02 3.87887E-02 2.90669E-05 
6.30800E-02 3.01303E-02 3.00413E-05 
5.79521E-02 2.29176E-02 3.11133E-05 
5.27949E-02 1.70569E-02 3.23413E-05 
4.76129E-02 1.24001E-02 3.37509E-05 
4.25474E-02 8.81169E-03 3.54534E-05 
3.77189E-02 6.12708E-03 3.75973E-05 
3.42000E-02 4.56021E-03 3.96764E-05 
3.32154E-02 4.17403E-03 4.03755E-05 
2.88253E-02 2.70484E-03 4.44382E-05 
2.49651E-02 1.72208E-03 5.01361E-05 
2.16283E-02 1.08041E-03 5.82525E-05 
1.87808E-02 6.69857E-04 7.00003E-05 
1.64057E-02 4.12288E-04 8.75330E-05 
1.43942E-02 2.52858E-04 1.13959E-04 
1.26766E-02 1.55281E-04 1.54702E-04 
1.12000E-02 9.64309E-05 2.19300E-04 
9.91987E-03 6.14094E-05 3.24795E-04 
8.80283E-03 4.07815E-05 5.02137E-04 
7.82757E-03 2.86863E-05 8.06910E-04 
6.99439E-03 2.16059E-05 1.33218E-03 
6.34255E-03 1.75643E-05 2.19798E-03 
5.96479E-03 1.56497E-05 3.43425E-03 
5.88373E-03 1.54099E-05 4.71866E-03 
5.82353E-03 1.59160E-05 5.44091E-03 
5.48893E-03 1.60452E-05 5.39177E-03 
6.24155E-02 3.81007E-02 2.64760E-05 
5.74488E-02 2.93622E-02 2.71395E-05 
5.23400E-02 2.21239E-02 2.78410E-05 
4.72293E-02 1.62880E-02 2.86321E-05 
4.21410E-02 1.16954E-02 2.95263E-05 
3.72088E-02 8.19494E-03 3.06058E-05 
3.25614E-02 5.61081E-03 3.19918E-05 
2.92147E-02 4.12279E-03 3.33647E-05 
2.82832E-02 3.75883E-03 3.38306E-05 
2.41705E-02 2.38896E-03 3.65863E-05 
2.06138E-02 1.49008E-03 4.05384E-05 
1.75968E-02 9.15020E-04 4.62619E-05 
1.50697E-02 5.54531E-04 5.46215E-05 
1.30010E-02 3.32630E-04 6.71790E-05 
1.12813E-02 1.98068E-04 8.61107E-05 
9.83893E-03 1.17341E-04 1.15220E-04 
8.61875E-03 6.96967E-05 1.61147E-04 
7.57557E-03 4.20728E-05 2.35650E-04 
6.67582E-03 2.63598E-05 3.59888E-04 
5.89699E-03 1.75952E-05 5.71350E-04 
5.23481E-03 1.28329E-05 9.31817E-04 
4.71275E-03 1.04146E-05 1.51812E-03 
4.39084E-03 9.57619E-06 2.34072E-03 
4.27663E-03 1.00204E-05 3.17145E-03 
4.17389E-03 1.11474E-05 3.60467E-03 
3.88529E-03 1.20411E-05 3.52142E-03 
5.71750E-02 3.73213E-02 2.41041E-05 
5.22340E-02 2.85285E-02 2.45001E-05 
4.71793E-02 2.12907E-02 2.48892E-05 
4.21434E-02 1.54977E-02 2.53118E-05 
3.71773E-02 1.09850E-02 2.57772E-05 
3.24056E-02 7.58401E-03 2.63439E-05 
2.79608E-02 5.10777E-03 2.71108E-05 
2.47987E-02 3.70196E-03 2.79105E-05 
2.39243E-02 3.36100E-03 2.81887E-05 
2.00997E-02 2.09177E-03 2.98917E-05 
1.68497E-02 1.27599E-03 3.24446E-05 
1.41461E-02 7.65381E-04 3.62545E-05 
1.19287E-02 4.52431E-04 4.19227E-05 
1.01467E-02 2.63597E-04 5.05244E-05 
8.69452E-03 1.51650E-04 6.35153E-05 
7.49931E-03 8.59508E-05 8.34292E-05 
6.50534E-03 4.81143E-05 1.14647E-04 
5.66815E-03 2.68422E-05 1.64830E-04 
4.95489E-03 1.52653E-05 2.47559E-04 
4.34326E-03 9.25114E-06 3.86451E-04 
3.82546E-03 6.37001E-06 6.19362E-04 
3.41283E-03 5.26129E-06 9.90555E-04 
3.13947E-03 5.31605E-06 1.49698E-03 
3.00181E-03 6.38121E-06 1.98464E-03 
2.86868E-03 8.07758E-06 2.20474E-03 
2.62131E-03 9.59497E-06 2.10479E-03 
5.22902E-02 3.64430E-02 2.19289E-05 
4.74035E-02 2.76263E-02 2.20970E-05 
4.24388E-02 2.04193E-02 2.22270E-05 
3.75094E-02 1.46906E-02 2.23445E-05 
3.26895E-02 1.02729E-02 2.24563E-05 
2.81045E-02 6.98297E-03 2.26082E-05 
2.38806E-02 4.62114E-03 2.28764E-05 
2.09136E-02 3.30030E-03 2.32183E-05 
2.00996E-02 2.98293E-03 2.33481E-05 
1.65716E-02 1.81488E-03 2.42181E-05 
1.36283E-02 1.08051E-03 2.56676E-05 
1.12298E-02 6.31550E-04 2.79719E-05 
9.30410E-03 3.62955E-04 3.15216E-05 
7.78784E-03 2.04378E-04 3.70220E-05 
6.57885E-03 1.12732E-04 4.53734E-05 
5.60345E-03 6.02535E-05 5.81326E-05 
4.80648E-03 3.08764E-05 7.79473E-05 
4.14539E-03 1.49813E-05 1.09353E-04 
3.58907E-03 6.84228E-06 1.60166E-04 
3.11689E-03 3.07687E-06 2.43575E-04 
2.71831E-03 1.71162E-06 3.79492E-04 
2.39576E-03 1.65689E-06 5.88161E-04 
2.16315E-03 2.45781E-06 8.57627E-04 
2.00899E-03 4.09300E-06 1.09136E-03 
1.85457E-03 6.31696E-06 1.15848E-03 
1.64300E-03 8.34550E-06 1.05410E-03 
4.77025E-02 3.54451E-02 1.99187E-05 
4.29092E-02 2.66480E-02 1.98981E-05 
3.80654E-02 1.95037E-02 1.98141E-05 
3.32759E-02 1.38648E-02 1.96828E-05 
2.86302E-02 9.55978E-03 1.95092E-05 
2.42561E-02 6.39310E-03 1.93309E-05 
2.02709E-02 4.15238E-03 1.92045E-05 
1.75083E-02 2.91887E-03 1.91870E-05 
1.67566E-02 2.62542E-03 1.92003E-05 
1.35309E-02 1.55848E-03 1.94209E-05 
1.08929E-02 9.03419E-04 2.00144E-05 
8.78878E-03 5.12918E-04 2.11502E-05 
7.13882E-03 2.85412E-04 2.30624E-05 
5.86802E-03 1.54192E-04 2.61717E-05 
4.87646E-03 8.04663E-05 3.09489E-05 
4.09304E-03 3.94248E-05 3.82174E-05 
3.46473E-03 1.72352E-05 4.93256E-05 
2.95171E-03 5.83262E-06 6.64675E-05 
2.52525E-03 5.21916E-07 9.31708E-05 
2.16695E-03 -1.41922E-06 1.34920E-04 
1.86478E-03 -1.56652E-06 1.98495E-04 
1.61465E-03 -7.70864E-07 2.86879E-04 
1.41519E-03 6.61335E-07 3.82687E-04 
1.24955E-03 2.82701E-06 4.33181E-04 
1.08065E-03 5.54546E-06 3.94255E-04 
8.99361E-04 7.99655E-06 2.93753E-04 
4.33907E-02 3.43075E-02 1.80598E-05 
3.87334E-02 2.55857E-02 1.78885E-05 
3.40431E-02 1.85425E-02 1.76325E-05 
2.94283E-02 1.30239E-02 1.73056E-05 
2.49836E-02 8.85076E-03 1.69088E-05 
2.08428E-02 5.81966E-03 1.64762E-05 
1.71128E-02 3.70634E-03 1.60489E-05 
1.45606E-02 2.56160E-03 1.57576E-05 
1.38720E-02 2.29207E-03 1.56825E-05 
1.09509E-02 1.32499E-03 1.54136E-05 
8.61005E-03 7.45822E-04 1.53594E-05 
6.78635E-03 4.09847E-04 1.56135E-05 
5.39116E-03 2.19584E-04 1.62894E-05 
4.34188E-03 1.12527E-04 1.75982E-05 
3.54254E-03 5.42928E-05 1.97024E-05 
2.92396E-03 2.29106E-05 2.28840E-05 
2.43670E-03 6.66963E-06 2.75467E-05 
2.04471E-03 -1.07408E-06 3.41954E-05 
1.72254E-03 -4.10886E-06 4.32940E-05 
1.45410E-03 -4.59690E-06 5.48345E-05 
1.22718E-03 -3.77783E-06 6.64080E-05 
1.03319E-03 -2.29954E-06 6.91953E-05 
8.59663E-04 -3.31363E-07 4.29920E-05 
6.86448E-04 2.32751E-06 -3.26228E-05 
5.08366E-04 5.50700E-06 -1.40593E-04 
3.51995E-04 8.30677E-06 -2.31862E-04 
3.92788E-02 3.29865E-02 1.63157E-05 
3.48031E-02 2.44106E-02 1.60281E-05 
3.03060E-02 1.75189E-02 1.56392E-05 
2.59049E-02 1.21589E-02 1.51651E-05 
2.16923E-02 8.14196E-03 1.46010E-05 
1.78068E-02 5.26069E-03 1.39789E-05 
1.43486E-02 3.28204E-03 1.33305E-05 
1.20134E-02 2.22788E-03 1.28382E-05 
1.13890E-02 1.98237E-03 1.26983E-05 
8.77123E-03 1.11350E-03 1.20695E-05 
6.71955E-03 6.06783E-04 1.15387E-05 
5.16130E-03 3.21301E-04 1.11429E-05 
4.00106E-03 1.64507E-04 1.09090E-05 
3.15034E-03 7.85182E-05 1.08960E-05 
2.51821E-03 3.34187E-05 1.10490E-05 
2.03902E-03 1.00284E-05 1.12719E-05 
1.66775E-03 -1.38533E-06 1.13092E-05 
1.37275E-03 -6.20344E-06 1.04962E-05 
1.13246E-03 -7.43436E-06 7.20876E-06 
9.32916E-04 -6.77733E-06 -2.31245E-06 
7.63058E-04 -5.19469E-06 -2.65423E-05 
6.11296E-04 -3.16715E-06 -8.18667E-05 
4.57599E-04 -7.40269E-07 -1.89373E-04 
2.80142E-04 2.37620E-06 -3.46461E-04 
9.73495E-05 5.98298E-06 -4.95126E-04 
-3.88756E-05 9.06892E-06 -5.74205E-04 
3.53012E-02 3.14249E-02 1.46558E-05 
3.10537E-02 2.30822E-02 1.42826E-05 
2.67990E-02 1.64105E-02 1.37995E-05 
2.26528E-02 1.12566E-02 1.32217E-05 
1.87088E-02 7.42783E-03 1.25422E-05 
1.51043E-02 4.71441E-03 1.17901E-05 
1.19353E-02 2.87930E-03 1.09914E-05 
9.82298E-03 1.91775E-03 1.03605E-05 
9.26321E-03 1.69629E-03 1.01757E-05 
6.94697E-03 9.23901E-04 9.29759E-06 
5.17432E-03 4.85848E-04 8.43278E-06 
3.86463E-03 2.46603E-04 7.57796E-06 
2.91831E-03 1.19429E-04 6.70237E-06 
2.24336E-03 5.14575E-05 5.76199E-06 
1.75466E-03 1.72425E-05 4.56130E-06 
1.39111E-03 2.85660E-07 2.75824E-06 
1.11284E-03 -7.33101E-06 -3.29515E-07 
8.93189E-04 -9.88071E-06 -6.11128E-06 
7.14767E-04 -9.72235E-06 -1.75208E-05 
5.66218E-04 -8.18319E-06 -4.06143E-05 
4.37875E-04 -6.00903E-06 -8.74736E-05 
3.16697E-04 -3.54650E-06 -1.78668E-04 
1.78093E-04 -7.33418E-07 -3.34763E-04 
-1.72542E-07 2.79487E-06 -5.37846E-04 
-1.83465E-04 6.78287E-06 -7.05344E-04 
-3.03536E-04 1.00936E-05 -7.71066E-04 
3.13706E-02 2.95357E-02 1.30415E-05 
2.74051E-02 2.15395E-02 1.26114E-05 
2.34514E-02 1.51800E-02 1.20720E-05 
1.96089E-02 1.02947E-02 1.14319E-05 
1.59768E-02 6.69660E-03 1.06863E-05 
1.26849E-02 4.17540E-03 9.85992E-06 
9.82550E-03 2.49575E-03 8.97484E-06 
7.94376E-03 1.63000E-03 8.26176E-06 
7.44968E-03 1.43286E-03 8.04993E-06 
5.43207E-03 7.55379E-04 7.01760E-06 
3.92710E-03 3.82172E-04 5.94008E-06 
2.84845E-03 1.84891E-04 4.78771E-06 
2.09461E-03 8.35453E-05 3.49503E-06 
1.57298E-03 3.06782E-05 1.95740E-06 
1.20500E-03 5.23627E-06 -9.72356E-08 
9.35091E-04 -6.71660E-06 -3.14691E-06 
7.29251E-04 -1.14620E-05 -8.10636E-06 
5.66181E-04 -1.23273E-05 -1.67806E-05 
4.32707E-04 -1.11467E-05 -3.27743E-05 
3.20262E-04 -8.96051E-06 -6.32592E-05 
2.20793E-04 -6.35249E-06 -1.21933E-04 
1.21142E-04 -3.56588E-06 -2.30830E-04 
-5.35285E-06 -4.49742E-07 -4.09018E-04 
-1.80288E-04 3.41816E-06 -6.29731E-04 
-3.59571E-04 7.71251E-06 -7.99287E-04 
-4.66381E-04 1.11749E-05 -8.51831E-04 
2.73911E-02 2.72076E-02 1.14298E-05 
2.37713E-02 1.97064E-02 1.09715E-05 
2.01792E-02 1.37729E-02 1.04094E-05 
1.66989E-02 9.23971E-03 9.74733E-06 
1.34306E-02 5.92900E-03 8.98324E-06 
1.04911E-02 3.63350E-03 8.13635E-06 
7.96700E-03 2.12619E-03 7.22554E-06 
6.32690E-03 1.36163E-03 6.48382E-06 
5.90010E-03 1.18945E-03 6.26159E-06 
4.18049E-03 6.06412E-04 5.16375E-06 
2.93190E-03 2.94562E-04 3.98364E-06 
2.06634E-03 1.35148E-04 2.67821E-06 
1.48356E-03 5.60309E-05 1.16728E-06 
1.09326E-03 1.55795E-05 -6.78519E-07 
8.24427E-04 -3.00959E-06 -3.15378E-06 
6.28021E-04 -1.12328E-05 -6.77917E-06 
4.76644E-04 -1.39233E-05 -1.25389E-05 
3.54511E-04 -1.36261E-05 -2.23417E-05 
2.52538E-04 -1.17643E-05 -3.99287E-05 
1.64808E-04 -9.16412E-06 -7.26101E-05 
8.49529E-05 -6.29201E-06 -1.34060E-04 
7.38488E-07 -3.31514E-06 -2.45575E-04 
-1.14329E-04 -1.66532E-08 -4.24023E-04 
-2.80349E-04 4.06146E-06 -6.39334E-04 
-4.49977E-04 8.52717E-06 -7.97909E-04 
-5.44963E-04 1.20328E-05 -8.38520E-04 
2.32959E-02 2.43463E-02 9.78823E-06 
2.00823E-02 1.75113E-02 9.32614E-06 
1.69080E-02 1.21339E-02 8.76880E-06 
1.38512E-02 8.05407E-03 8.12140E-06 
1.10021E-02 5.10068E-03 7.38253E-06 
8.46104E-03 3.07455E-03 6.56706E-06 
6.30464E-03 1.76290E-03 5.69079E-06 
4.92125E-03 1.10786E-03 4.97421E-06 
4.56430E-03 9.61883E-04 4.75847E-06 
3.14552E-03 4.74645E-04 3.68563E-06 
2.14330E-03 2.21435E-04 2.51512E-06 
1.47268E-03 9.61864E-05 1.20099E-06 
1.03917E-03 3.60306E-05 -3.34611E-07 
7.58318E-04 5.67668E-06 -2.21660E-06 
5.68118E-04 -7.70810E-06 -4.71577E-06 
4.27453E-04 -1.32825E-05 -8.31690E-06 
3.15944E-04 -1.46277E-05 -1.39355E-05 
2.23161E-04 -1.36516E-05 -2.33347E-05 
1.43614E-04 -1.14619E-05 -3.99388E-05 
7.35566E-05 -8.72391E-06 -7.03734E-05 
8.20905E-06 -5.81581E-06 -1.26897E-04 
-6.30765E-05 -2.85089E-06 -2.28268E-04 
-1.64364E-04 4.23388E-07 -3.88591E-04 
-3.13445E-04 4.46764E-06 -5.79292E-04 
-4.65513E-04 8.85033E-06 -7.16345E-04 
-5.47999E-04 1.22132E-05 -7.46894E-04 
1.91267E-02 2.09747E-02 8.12381E-06 
1.63522E-02 1.49553E-02 7.67201E-06 
1.36342E-02 1.02571E-02 7.13929E-06 
1.10457E-02 6.72856E-03 6.53428E-06 
8.65834E-03 4.20184E-03 5.85535E-06 
6.55675E-03 2.49147E-03 5.11755E-06 
4.79651E-03 1.40058E-03 4.33148E-06 
3.68442E-03 8.64808E-04 3.69330E-06 
3.40002E-03 7.46643E-04 3.50138E-06 
2.28476E-03 3.57647E-04 2.54880E-06 
1.51849E-03 1.61006E-04 1.51015E-06 
1.02332E-03 6.66544E-05 3.45208E-07 
7.15717E-04 2.26225E-05 -1.00790E-06 
5.22137E-04 5.64809E-07 -2.64947E-06 
3.91675E-04 -8.87644E-06 -4.79350E-06 
2.92604E-04 -1.26185E-05 -7.82713E-06 
2.11277E-04 -1.32041E-05 -1.24833E-05 
1.41687E-04 -1.20270E-05 -2.01761E-05 
8.08725E-05 -9.92961E-06 -3.36385E-05 
2.65089E-05 -7.43335E-06 -5.81304E-05 
-2.48553E-05 -4.83495E-06 -1.03336E-04 
-8.17116E-05 -2.20924E-06 -1.83983E-04 
-1.63505E-04 6.87851E-07 -3.10895E-04 
-2.84631E-04 4.26680E-06 -4.60943E-04 
-4.08241E-04 8.11753E-06 -5.67639E-04 
-4.74716E-04 1.10222E-05 -5.89791E-04 
1.51084E-02 1.73444E-02 6.51505E-06 
1.27725E-02 1.22220E-02 6.08244E-06 
1.05151E-02 8.27090E-03 5.58720E-06 
8.40097E-03 5.34629E-03 5.04125E-06 
6.48380E-03 3.28406E-03 4.44527E-06 
4.82696E-03 1.91212E-03 3.81436E-06 
3.46531E-03 1.05337E-03 3.15834E-06 
2.62130E-03 6.39615E-04 2.63761E-06 
2.40778E-03 5.49399E-04 2.48284E-06 
1.58268E-03 2.56598E-04 1.72713E-06 
1.03093E-03 1.12477E-04 9.24228E-07 
6.84991E-04 4.52011E-05 4.66379E-08 
4.76656E-04 1.45701E-05 -9.48267E-07 
3.48033E-04 -6.02713E-07 -2.12792E-06 
2.61233E-04 -6.96676E-06 -3.63451E-06 
1.94104E-04 -9.40879E-06 -5.72876E-06 
1.38184E-04 -9.67049E-06 -8.90363E-06 
9.00384E-05 -8.71570E-06 -1.41108E-05 
4.79225E-05 -7.13378E-06 -2.31856E-05 
1.02421E-05 -5.28966E-06 -3.96522E-05 
-2.53907E-05 -3.38825E-06 -6.99979E-05 
-6.48080E-05 -1.47512E-06 -1.24082E-04 
-1.21366E-04 6.35355E-07 -2.09170E-04 
-2.05019E-04 3.24355E-06 -3.09737E-04 
-2.90536E-04 6.03942E-06 -3.81235E-04 
-3.36711E-04 8.12882E-06 -3.95961E-04 
---
