PdfType: replica
Format: lhagrid1
---
1.00000E-06 1.28121E-06 1.64152E-06 2.10317E-06 2.69463E-06 3.45242E-06 4.42329E-06 5.66715E-06 7.26076E-06 9.30241E-06 1.19180E-05 1.52689E-05 1.95617E-05 2.50609E-05 3.21053E-05 4.11287E-05 5.26863E-05 6.74889E-05 8.64459E-05 1.10720E-04 1.41800E-04 1.81585E-04 2.32503E-04 2.97652E-04 3.80981E-04 4.87518E-04 6.26039E-04 8.00452E-04 1.02297E-03 1.30657E-03 1.66759E-03 2.12729E-03 2.71054E-03 3.44865E-03 4.37927E-03 5.54908E-03 7.01192E-03 8.83064E-03 1.10763E-02 1.38266E-02 1.71641E-02 2.11717E-02 2.59364E-02 3.15062E-02 3.79623E-02 4.53425E-02 5.36750E-02 6.29705E-02 7.32221E-02 8.44039E-02 9.64793E-02 1.09332E-01 1.23067E-01 1.37507E-01 1.52639E-01 1.68416E-01 1.84794E-01 2.01731E-01 2.19016E-01 2.36948E-01 2.55242E-01 2.73927E-01 2.92954E-01 3.12340E-01 3.32036E-01 3.52019E-01 3.72282E-01 3.92772E-01 4.13533E-01 4.34326E-01 4.55495E-01 4.76836E-01 4.98342E-01 5.20006E-01 5.41818E-01 5.63773E-01 5.85861E-01 6.08077E-01 6.30459E-01 6.52800E-01 6.75387E-01 6.98063E-01 7.20830E-01 7.43683E-01 7.66623E-01 7.89636E-01 8.12791E-01 8.35940E-01 8.59175E-01 8.82485E-01 9.05866E-01 9.29311E-01 9.52817E-01 9.76387E-01 1.00000E+00 
1.14018E+00 1.22539E+00 1.32482E+00 1.44156E+00 1.57954E+00 1.74381E+00 1.94091E+00 2.12132E+00 2.17945E+00 2.49622E+00 2.89383E+00 3.39925E+00 4.05063E+00 4.90286E+00 6.03623E+00 7.57063E+00 9.68869E+00 1.26749E+01 1.69835E+01 2.33578E+01 3.30501E+01 4.82334E+01 7.28041E+01 1.13998E+02 1.85779E+02 3.16228E+02 
908 909 910 
7.95283E-01 4.59864E-02 2.62938E-01 
8.10736E-01 5.49169E-02 3.09557E-01 
8.44722E-01 7.11692E-02 3.68586E-01 
9.06183E-01 9.57450E-02 4.43978E-01 
9.89327E-01 1.25573E-01 5.41994E-01 
1.09801E+00 1.61424E-01 6.72848E-01 
1.23660E+00 2.04109E-01 8.48901E-01 
1.36678E+00 2.42252E-01 1.02737E+00 
1.40933E+00 2.54375E-01 1.08956E+00 
1.64029E+00 3.18036E-01 1.45636E+00 
1.92492E+00 3.92517E-01 1.99451E+00 
2.27196E+00 4.78563E-01 2.80405E+00 
2.69063E+00 5.77610E-01 4.05022E+00 
3.19077E+00 7.46587E-01 6.04053E+00 
3.78867E+00 8.85594E-01 9.32171E+00 
4.51250E+00 1.04082E+00 1.48929E+01 
5.38376E+00 1.21325E+00 2.47284E+01 
6.42640E+00 1.40328E+00 4.27477E+01 
7.67117E+00 1.61192E+00 7.69311E+01 
9.16342E+00 1.84185E+00 1.43915E+02 
1.09929E+01 2.10265E+00 2.76930E+02 
1.34046E+01 2.42896E+00 5.32725E+02 
1.70581E+01 2.91701E+00 9.71650E+02 
2.29778E+01 3.69448E+00 1.56297E+03 
3.10748E+01 4.67976E+00 2.11459E+03 
3.96815E+01 5.57701E+00 2.46477E+03 
1.48353E+00 8.52652E-02 4.45566E-01 
1.51327E+00 1.02266E-01 5.24321E-01 
1.57820E+00 1.33181E-01 6.24070E-01 
1.69516E+00 1.79937E-01 7.52180E-01 
1.85269E+00 2.36501E-01 9.19259E-01 
2.05758E+00 3.04248E-01 1.14045E+00 
2.31771E+00 3.84668E-01 1.43837E+00 
2.56195E+00 4.56455E-01 1.74145E+00 
2.64130E+00 4.79160E-01 1.84587E+00 
3.07273E+00 5.98502E-01 2.46783E+00 
3.60297E+00 7.37603E-01 3.37912E+00 
4.24781E+00 8.98022E-01 4.75039E+00 
5.02460E+00 1.08126E+00 6.86661E+00 
5.95211E+00 1.39507E+00 1.02351E+01 
7.05822E+00 1.65057E+00 1.57768E+01 
8.39517E+00 1.93548E+00 2.52095E+01 
1.00001E+01 2.25075E+00 4.18525E+01 
1.19171E+01 2.59724E+00 7.23642E+01 
1.42004E+01 2.97631E+00 1.30309E+02 
1.69307E+01 3.39250E+00 2.43794E+02 
2.02704E+01 3.86322E+00 4.68793E+02 
2.46691E+01 4.45186E+00 9.01991E+02 
3.13342E+01 5.33375E+00 1.64587E+03 
4.21240E+01 6.73886E+00 2.64693E+03 
5.68564E+01 8.51573E+00 3.58109E+03 
7.24616E+01 1.01239E+01 4.17358E+03 
1.41072E+00 8.04483E-02 3.77070E-01 
1.44025E+00 9.70922E-02 4.43606E-01 
1.50419E+00 1.27317E-01 5.28101E-01 
1.61796E+00 1.72772E-01 6.36382E-01 
1.77046E+00 2.27616E-01 7.77777E-01 
1.96785E+00 2.93098E-01 9.64790E-01 
2.21725E+00 3.70546E-01 1.21656E+00 
2.45080E+00 4.39491E-01 1.47301E+00 
2.52641E+00 4.61225E-01 1.56084E+00 
2.93718E+00 5.75325E-01 2.08671E+00 
3.44026E+00 7.07751E-01 2.85660E+00 
4.05020E+00 8.59870E-01 4.01529E+00 
4.78310E+00 1.03278E+00 5.80597E+00 
5.65883E+00 1.32884E+00 8.65271E+00 
6.70024E+00 1.56760E+00 1.33308E+01 
7.95516E+00 1.83277E+00 2.12970E+01 
9.45708E+00 2.12494E+00 3.53566E+01 
1.12456E+01 2.44469E+00 6.11181E+01 
1.33700E+01 2.79303E+00 1.10065E+02 
1.59033E+01 3.17391E+00 2.05901E+02 
1.89947E+01 3.60329E+00 3.95847E+02 
2.30598E+01 4.13961E+00 7.61459E+02 
2.92195E+01 4.94474E+00 1.38954E+03 
3.91852E+01 6.22855E+00 2.23443E+03 
5.27601E+01 7.84726E+00 3.02275E+03 
6.70764E+01 9.30124E+00 3.52245E+03 
1.33538E+00 7.55135E-02 3.17539E-01 
1.36469E+00 9.17870E-02 3.73490E-01 
1.42731E+00 1.21190E-01 4.44559E-01 
1.53766E+00 1.65219E-01 5.35630E-01 
1.68451E+00 2.18156E-01 6.54359E-01 
1.87382E+00 2.81186E-01 8.11817E-01 
2.11185E+00 3.55434E-01 1.02340E+00 
2.33408E+00 4.21327E-01 1.23914E+00 
2.40592E+00 4.42069E-01 1.31310E+00 
2.79498E+00 5.50593E-01 1.75478E+00 
3.27001E+00 6.76041E-01 2.40215E+00 
3.84390E+00 8.19486E-01 3.37515E+00 
4.53135E+00 9.81767E-01 4.87865E+00 
5.35416E+00 1.25966E+00 7.27182E+00 
6.33000E+00 1.48157E+00 1.12051E+01 
7.50154E+00 1.72685E+00 1.78936E+01 
8.89955E+00 1.99600E+00 2.97057E+01 
1.05590E+01 2.28923E+00 5.13340E+01 
1.25246E+01 2.60730E+00 9.24324E+01 
1.48621E+01 2.95366E+00 1.72885E+02 
1.77083E+01 3.34288E+00 3.32403E+02 
2.14448E+01 3.82851E+00 6.39237E+02 
2.71050E+01 4.55891E+00 1.16629E+03 
3.62589E+01 5.72488E+00 1.87532E+03 
4.86986E+01 7.19063E+00 2.53675E+03 
6.17592E+01 8.49701E+00 2.95592E+03 
1.26406E+00 7.08390E-02 2.67159E-01 
1.29327E+00 8.68059E-02 3.14208E-01 
1.35452E+00 1.15388E-01 3.73799E-01 
1.46158E+00 1.58069E-01 4.50424E-01 
1.60312E+00 2.09203E-01 5.50229E-01 
1.78450E+00 2.69833E-01 6.82269E-01 
2.01166E+00 3.41014E-01 8.59958E-01 
2.22306E+00 4.03975E-01 1.04129E+00 
2.29121E+00 4.23744E-01 1.10327E+00 
2.65974E+00 5.26949E-01 1.47441E+00 
3.10791E+00 6.45674E-01 2.01764E+00 
3.64775E+00 7.80860E-01 2.83486E+00 
4.29236E+00 9.33115E-01 4.09673E+00 
5.06451E+00 1.19378E+00 6.10302E+00 
5.97811E+00 1.39961E+00 9.40508E+00 
7.07123E+00 1.62624E+00 1.50184E+01 
8.37125E+00 1.87382E+00 2.49232E+01 
9.91007E+00 2.14236E+00 4.30771E+01 
1.17271E+01 2.43234E+00 7.75449E+01 
1.38820E+01 2.74675E+00 1.45036E+02 
1.64994E+01 3.09887E+00 2.78779E+02 
1.99318E+01 3.53797E+00 5.36228E+02 
2.51293E+01 4.19971E+00 9.78228E+02 
3.35302E+01 5.25724E+00 1.57274E+03 
4.49199E+01 6.58271E+00 2.12735E+03 
5.68244E+01 7.75469E+00 2.47883E+03 
1.19655E+00 6.64082E-02 2.24413E-01 
1.22573E+00 8.21057E-02 2.63951E-01 
1.28568E+00 1.09913E-01 3.13942E-01 
1.38945E+00 1.51280E-01 3.78147E-01 
1.52592E+00 2.00693E-01 4.61985E-01 
1.69981E+00 2.59051E-01 5.72850E-01 
1.91648E+00 3.27263E-01 7.21793E-01 
2.11741E+00 3.87383E-01 8.73802E-01 
2.18210E+00 4.06230E-01 9.25828E-01 
2.53091E+00 5.04306E-01 1.23706E+00 
2.95366E+00 6.16627E-01 1.69282E+00 
3.46106E+00 7.43895E-01 2.37779E+00 
4.06522E+00 8.86630E-01 3.43673E+00 
4.78950E+00 1.13070E+00 5.11913E+00 
5.64396E+00 1.32156E+00 7.88493E+00 
6.66327E+00 1.53075E+00 1.25943E+01 
7.87129E+00 1.75816E+00 2.08967E+01 
9.29680E+00 2.00369E+00 3.61131E+01 
1.09751E+01 2.26760E+00 6.50059E+01 
1.29600E+01 2.55251E+00 1.21586E+02 
1.53650E+01 2.87049E+00 2.33676E+02 
1.85141E+01 3.26668E+00 4.49407E+02 
2.32829E+01 3.86538E+00 8.19906E+02 
3.09873E+01 4.82340E+00 1.31823E+03 
4.14068E+01 6.02043E+00 1.78309E+03 
5.22469E+01 7.07006E+00 2.07771E+03 
1.13268E+00 6.22136E-02 1.88256E-01 
1.16166E+00 7.75999E-02 2.21380E-01 
1.22061E+00 1.04754E-01 2.63354E-01 
1.32123E+00 1.44871E-01 3.17120E-01 
1.45269E+00 1.92603E-01 3.87314E-01 
1.61931E+00 2.48759E-01 4.80195E-01 
1.82605E+00 3.14146E-01 6.05135E-01 
2.01694E+00 3.71535E-01 7.32395E-01 
2.07829E+00 3.89489E-01 7.76046E-01 
2.40834E+00 4.82652E-01 1.03685E+00 
2.80686E+00 5.88832E-01 1.41879E+00 
3.28348E+00 7.08517E-01 1.99254E+00 
3.84916E+00 8.42081E-01 2.87907E+00 
4.52825E+00 1.07065E+00 4.28964E+00 
5.32691E+00 1.24736E+00 6.60606E+00 
6.27633E+00 1.44012E+00 1.05496E+01 
7.39812E+00 1.64869E+00 1.75089E+01 
8.71741E+00 1.87280E+00 3.02480E+01 
1.02663E+01 2.11255E+00 5.44639E+01 
1.20925E+01 2.37020E+00 1.01839E+02 
1.43005E+01 2.65680E+00 1.95772E+02 
1.71874E+01 3.01368E+00 3.76503E+02 
2.15582E+01 3.55440E+00 6.86879E+02 
2.86179E+01 4.42109E+00 1.10440E+03 
3.81416E+01 5.50058E+00 1.49392E+03 
4.80030E+01 6.43908E+00 1.74088E+03 
1.07226E+00 5.82440E-02 1.57763E-01 
1.10107E+00 7.33459E-02 1.85462E-01 
1.15898E+00 9.98586E-02 2.20592E-01 
1.25668E+00 1.38810E-01 2.65673E-01 
1.38332E+00 1.84938E-01 3.24409E-01 
1.54298E+00 2.38982E-01 4.02175E-01 
1.74004E+00 3.01619E-01 5.06717E-01 
1.92141E+00 3.56394E-01 6.13374E-01 
1.97951E+00 3.73475E-01 6.49765E-01 
2.29155E+00 4.61896E-01 8.67993E-01 
2.66699E+00 5.62185E-01 1.18774E+00 
3.11451E+00 6.74681E-01 1.66823E+00 
3.64389E+00 7.99480E-01 2.41027E+00 
4.28000E+00 1.01340E+00 3.59128E+00 
5.02602E+00 1.17679E+00 5.53158E+00 
5.90965E+00 1.35413E+00 8.83217E+00 
6.95031E+00 1.54511E+00 1.46588E+01 
8.17034E+00 1.74931E+00 2.53272E+01 
9.59820E+00 1.96669E+00 4.56032E+01 
1.12772E+01 2.19922E+00 8.52812E+01 
1.33019E+01 2.45695E+00 1.63928E+02 
1.59457E+01 2.77778E+00 3.15303E+02 
1.99487E+01 3.26540E+00 5.75276E+02 
2.64114E+01 4.04829E+00 9.25019E+02 
3.51088E+01 5.02042E+00 1.25141E+03 
4.40711E+01 5.85808E+00 1.45848E+03 
1.01512E+00 5.44884E-02 1.32032E-01 
1.04391E+00 6.93796E-02 1.55232E-01 
1.10068E+00 9.52294E-02 1.84560E-01 
1.19558E+00 1.33071E-01 2.22324E-01 
1.31754E+00 1.77659E-01 2.71450E-01 
1.47050E+00 2.29677E-01 3.36583E-01 
1.65836E+00 2.89677E-01 4.24082E-01 
1.83049E+00 3.41917E-01 5.13221E-01 
1.88565E+00 3.58196E-01 5.43888E-01 
2.18056E+00 4.42080E-01 7.26475E-01 
2.53406E+00 5.36728E-01 9.94118E-01 
2.95388E+00 6.42341E-01 1.39611E+00 
3.44884E+00 7.58846E-01 2.01689E+00 
4.04421E+00 9.58769E-01 3.00525E+00 
4.74045E+00 1.10966E+00 4.62917E+00 
5.56222E+00 1.27258E+00 7.39249E+00 
6.52670E+00 1.44714E+00 1.22684E+01 
7.65386E+00 1.63284E+00 2.12020E+01 
8.96886E+00 1.82952E+00 3.81706E+01 
1.05108E+01 2.03893E+00 7.14010E+01 
1.23657E+01 2.27019E+00 1.37264E+02 
1.47844E+01 2.55798E+00 2.64010E+02 
1.84471E+01 2.99699E+00 4.81767E+02 
2.43581E+01 3.70315E+00 7.74775E+02 
3.22935E+01 4.57726E+00 1.04831E+03 
4.04300E+01 5.32347E+00 1.22193E+03 
9.61128E-01 5.09412E-02 1.10422E-01 
9.89818E-01 6.56076E-02 1.29837E-01 
1.04576E+00 9.09173E-02 1.54392E-01 
1.13773E+00 1.27655E-01 1.85940E-01 
1.25530E+00 1.70779E-01 2.27093E-01 
1.40167E+00 2.20811E-01 2.81456E-01 
1.58070E+00 2.78281E-01 3.54739E-01 
1.74404E+00 3.28089E-01 4.29275E-01 
1.79623E+00 3.43561E-01 4.54886E-01 
2.07484E+00 4.23092E-01 6.07710E-01 
2.40745E+00 5.12347E-01 8.31628E-01 
2.80109E+00 6.11425E-01 1.16804E+00 
3.26368E+00 7.20237E-01 1.68785E+00 
3.82032E+00 9.06838E-01 2.51423E+00 
4.46954E+00 1.04585E+00 3.87356E+00 
5.23304E+00 1.19525E+00 6.18609E+00 
6.12611E+00 1.35451E+00 1.02678E+01 
7.16640E+00 1.52304E+00 1.77449E+01 
8.37633E+00 1.70061E+00 3.19555E+01 
9.79070E+00 1.88871E+00 5.97706E+01 
1.14882E+01 2.09572E+00 1.14930E+02 
1.36989E+01 2.35335E+00 2.21112E+02 
1.70465E+01 2.74783E+00 4.03514E+02 
2.24483E+01 3.38383E+00 6.49025E+02 
2.96811E+01 4.16849E+00 8.78298E+02 
3.70601E+01 4.83198E+00 1.02397E+03 
9.10119E-01 4.75896E-02 9.23255E-02 
9.38639E-01 6.20264E-02 1.08536E-01 
9.93903E-01 8.68685E-02 1.29120E-01 
1.08304E+00 1.22545E-01 1.55455E-01 
1.19626E+00 1.64245E-01 1.89870E-01 
1.33645E+00 2.12403E-01 2.35415E-01 
1.50683E+00 2.67398E-01 2.96590E-01 
1.66181E+00 3.14873E-01 3.59025E-01 
1.71119E+00 3.29578E-01 3.80381E-01 
1.97412E+00 4.04898E-01 5.08136E-01 
2.28685E+00 4.88982E-01 6.95397E-01 
2.65567E+00 5.81791E-01 9.76962E-01 
3.08762E+00 6.83153E-01 1.41198E+00 
3.60781E+00 8.57182E-01 2.10395E+00 
4.21252E+00 9.85147E-01 3.24091E+00 
4.92130E+00 1.12194E+00 5.17749E+00 
5.74735E+00 1.26695E+00 8.59300E+00 
6.70650E+00 1.41956E+00 1.48550E+01 
7.81838E+00 1.57948E+00 2.67499E+01 
9.11458E+00 1.74805E+00 5.00504E+01 
1.06662E+01 1.93286E+00 9.62448E+01 
1.26843E+01 2.16291E+00 1.85197E+02 
1.57410E+01 2.51672E+00 3.38043E+02 
2.06728E+01 3.08861E+00 5.43838E+02 
2.72591E+01 3.79186E+00 7.36115E+02 
3.39435E+01 4.38055E+00 8.58383E+02 
8.62010E-01 4.44378E-02 7.72001E-02 
8.90345E-01 5.86673E-02 9.07244E-02 
9.44782E-01 8.30095E-02 1.07945E-01 
1.03139E+00 1.17740E-01 1.30004E-01 
1.14037E+00 1.58067E-01 1.58751E-01 
1.27446E+00 2.04390E-01 1.96820E-01 
1.43675E+00 2.57041E-01 2.48100E-01 
1.58357E+00 3.02244E-01 3.00246E-01 
1.63032E+00 3.16218E-01 3.18197E-01 
1.87841E+00 3.87537E-01 4.25142E-01 
2.17220E+00 4.66645E-01 5.81764E-01 
2.51743E+00 5.53442E-01 8.17420E-01 
2.92032E+00 6.47683E-01 1.18114E+00 
3.40600E+00 8.09937E-01 1.76056E+00 
3.96887E+00 9.27514E-01 2.71276E+00 
4.62604E+00 1.05249E+00 4.33335E+00 
5.38944E+00 1.18424E+00 7.19471E+00 
6.27274E+00 1.32211E+00 1.24381E+01 
7.29358E+00 1.46578E+00 2.24029E+01 
8.47986E+00 1.61639E+00 4.19220E+01 
9.89652E+00 1.78092E+00 8.06340E+01 
1.17368E+01 1.98584E+00 1.55185E+02 
1.45250E+01 2.30254E+00 2.83312E+02 
1.90228E+01 2.81587E+00 4.55881E+02 
2.50142E+01 3.44506E+00 6.17208E+02 
3.10626E+01 3.96626E+00 7.19898E+02 
8.16603E-01 4.14681E-02 6.45476E-02 
8.44946E-01 5.55762E-02 7.58888E-02 
8.98755E-01 7.95054E-02 9.02871E-02 
9.82570E-01 1.13226E-01 1.08706E-01 
1.08748E+00 1.52241E-01 1.32794E-01 
1.21574E+00 1.96801E-01 1.64643E-01 
1.37008E+00 2.47155E-01 2.07522E-01 
1.50920E+00 2.90190E-01 2.51198E-01 
1.55337E+00 3.03449E-01 2.66175E-01 
1.78723E+00 3.70891E-01 3.55684E-01 
2.06307E+00 4.45267E-01 4.86829E-01 
2.38598E+00 5.26401E-01 6.84055E-01 
2.76157E+00 6.13959E-01 9.88713E-01 
3.21442E+00 7.64973E-01 1.47347E+00 
3.73778E+00 8.72760E-01 2.27117E+00 
4.34651E+00 9.86684E-01 3.62785E+00 
5.05122E+00 1.10611E+00 6.02552E+00 
5.86381E+00 1.23036E+00 1.04175E+01 
6.79981E+00 1.35905E+00 1.87687E+01 
7.88432E+00 1.49325E+00 3.51285E+01 
9.17612E+00 1.63927E+00 6.75771E+01 
1.08523E+01 1.82129E+00 1.30088E+02 
1.33931E+01 2.10422E+00 2.37559E+02 
1.74908E+01 2.56414E+00 3.82344E+02 
2.29351E+01 3.12603E+00 5.17773E+02 
2.84015E+01 3.58642E+00 6.04080E+02 
7.73775E-01 3.86762E-02 5.39518E-02 
8.02058E-01 5.26486E-02 6.34598E-02 
8.55141E-01 7.61654E-02 7.54889E-02 
9.36459E-01 1.08994E-01 9.09239E-02 
1.03739E+00 1.46736E-01 1.11074E-01 
1.16006E+00 1.89601E-01 1.37772E-01 
1.30670E+00 2.37732E-01 1.73588E-01 
1.43846E+00 2.78674E-01 2.10218E-01 
1.48014E+00 2.91249E-01 2.22714E-01 
1.70039E+00 3.54954E-01 2.97622E-01 
1.95915E+00 4.24798E-01 4.07435E-01 
2.26093E+00 5.00537E-01 5.72503E-01 
2.61076E+00 5.81757E-01 8.27859E-01 
3.03268E+00 7.22078E-01 1.23395E+00 
3.51880E+00 8.20734E-01 1.90212E+00 
4.08211E+00 9.24389E-01 3.03966E+00 
4.73177E+00 1.03237E+00 5.04772E+00 
5.47844E+00 1.14402E+00 8.73100E+00 
6.33559E+00 1.25896E+00 1.57300E+01 
7.32575E+00 1.37812E+00 2.94467E+01 
8.50226E+00 1.50729E+00 5.66666E+01 
1.00269E+01 1.66849E+00 1.09100E+02 
1.23394E+01 1.92065E+00 1.99291E+02 
1.60691E+01 2.33202E+00 3.20852E+02 
2.10109E+01 2.83284E+00 4.34618E+02 
2.59452E+01 3.23851E+00 5.07203E+02 
7.33497E-01 3.60761E-02 4.51467E-02 
7.61595E-01 4.98950E-02 5.30928E-02 
8.14098E-01 7.30672E-02 6.31678E-02 
8.92957E-01 1.05043E-01 7.60854E-02 
9.90024E-01 1.41560E-01 9.29489E-02 
1.10719E+00 1.82771E-01 1.15284E-01 
1.24655E+00 2.28773E-01 1.45322E-01 
1.37114E+00 2.67683E-01 1.75946E-01 
1.41055E+00 2.79611E-01 1.86479E-01 
1.61786E+00 3.39751E-01 2.49225E-01 
1.86041E+00 4.05249E-01 3.41248E-01 
2.14210E+00 4.75790E-01 4.79490E-01 
2.46751E+00 5.50976E-01 6.93371E-01 
2.86022E+00 6.81280E-01 1.03373E+00 
3.31115E+00 7.71334E-01 1.59348E+00 
3.83184E+00 8.65406E-01 2.54737E+00 
4.43011E+00 9.62776E-01 4.23112E+00 
5.11534E+00 1.06282E+00 7.31904E+00 
5.89947E+00 1.16515E+00 1.31931E+01 
6.80221E+00 1.27058E+00 2.47016E+01 
7.87222E+00 1.38442E+00 4.75427E+01 
9.25750E+00 1.52676E+00 9.15649E+01 
1.13594E+01 1.75093E+00 1.67288E+02 
1.47503E+01 2.11812E+00 2.69406E+02 
1.92311E+01 2.56362E+00 3.65049E+02 
2.36792E+01 2.92016E+00 4.26144E+02 
6.95658E-01 3.36608E-02 3.77940E-02 
7.23629E-01 4.73806E-02 4.44412E-02 
7.75626E-01 7.02672E-02 5.28821E-02 
8.52019E-01 1.01395E-01 6.37120E-02 
9.45272E-01 1.36713E-01 7.78303E-02 
1.05708E+00 1.76315E-01 9.65193E-02 
1.18945E+00 2.20265E-01 1.21729E-01 
1.30715E+00 2.57208E-01 1.47353E-01 
1.34428E+00 2.68490E-01 1.56164E-01 
1.53927E+00 3.25196E-01 2.08773E-01 
1.76632E+00 3.86525E-01 2.85829E-01 
2.02912E+00 4.52146E-01 4.01792E-01 
2.33155E+00 5.21559E-01 5.81031E-01 
2.69667E+00 6.42405E-01 8.66544E-01 
3.11451E+00 7.24477E-01 1.33593E+00 
3.59514E+00 8.09606E-01 2.13568E+00 
4.14548E+00 8.97165E-01 3.54883E+00 
4.77345E+00 9.86494E-01 6.13887E+00 
5.48959E+00 1.07724E+00 1.10683E+01 
6.31166E+00 1.17017E+00 2.07322E+01 
7.28346E+00 1.27012E+00 3.99101E+01 
8.54029E+00 1.39535E+00 7.68876E+01 
1.04491E+01 1.59419E+00 1.40526E+02 
1.35281E+01 1.92123E+00 2.26369E+02 
1.75858E+01 2.31667E+00 3.06827E+02 
2.15905E+01 2.62918E+00 3.58295E+02 
6.60141E-01 3.14321E-02 3.16458E-02 
6.87887E-01 4.50398E-02 3.72127E-02 
7.39507E-01 6.77074E-02 4.42874E-02 
8.13410E-01 9.80172E-02 5.33585E-02 
9.02988E-01 1.32188E-01 6.52036E-02 
1.00963E+00 1.70238E-01 8.08617E-02 
1.13514E+00 2.12171E-01 1.01970E-01 
1.24633E+00 2.47229E-01 1.23477E-01 
1.28130E+00 2.57897E-01 1.30850E-01 
1.46443E+00 3.11283E-01 1.74930E-01 
1.67684E+00 3.68620E-01 2.39550E-01 
1.92171E+00 4.29547E-01 3.36806E-01 
2.20250E+00 4.93624E-01 4.87165E-01 
2.54149E+00 6.05489E-01 7.26568E-01 
2.92832E+00 6.80047E-01 1.12072E+00 
3.37144E+00 7.56862E-01 1.79178E+00 
3.87693E+00 8.35314E-01 2.97813E+00 
4.45168E+00 9.14791E-01 5.15337E+00 
5.10487E+00 9.94956E-01 9.29287E+00 
5.85226E+00 1.07651E+00 1.74084E+01 
6.73360E+00 1.16386E+00 3.35261E+01 
7.87227E+00 1.27362E+00 6.46052E+01 
9.60314E+00 1.44948E+00 1.18115E+02 
1.23961E+01 1.74017E+00 1.90342E+02 
1.60663E+01 2.09039E+00 2.58088E+02 
1.96667E+01 2.36350E+00 3.01485E+02 
6.26844E-01 2.94007E-02 2.65101E-02 
6.54361E-01 4.29111E-02 3.11831E-02 
7.05526E-01 6.53732E-02 3.71037E-02 
7.77066E-01 9.49259E-02 4.46987E-02 
8.63015E-01 1.27979E-01 5.46319E-02 
9.64691E-01 1.64525E-01 6.77821E-02 
1.08356E+00 2.04499E-01 8.54511E-02 
1.18847E+00 2.37729E-01 1.03504E-01 
1.22141E+00 2.47814E-01 1.09699E-01 
1.39328E+00 2.98016E-01 1.46678E-01 
1.59176E+00 3.51534E-01 2.00914E-01 
1.81964E+00 4.07990E-01 2.82475E-01 
2.08001E+00 4.66746E-01 4.08688E-01 
2.39438E+00 5.70262E-01 6.09573E-01 
2.75192E+00 6.37870E-01 9.40390E-01 
3.15990E+00 7.06970E-01 1.50399E+00 
3.62359E+00 7.77032E-01 2.50013E+00 
4.14894E+00 8.47471E-01 4.32858E+00 
4.74385E+00 9.17977E-01 7.80689E+00 
5.42237E+00 9.89194E-01 1.46309E+01 
6.22038E+00 1.06516E+00 2.81831E+01 
7.25055E+00 1.16097E+00 5.43286E+01 
8.81811E+00 1.31607E+00 9.93594E+01 
1.13482E+01 1.57382E+00 1.60177E+02 
1.46640E+01 1.88329E+00 2.17272E+02 
1.78962E+01 2.12121E+00 2.53899E+02 
5.95717E-01 2.75746E-02 2.22205E-02 
6.22995E-01 4.10091E-02 2.61365E-02 
6.73853E-01 6.33666E-02 3.11073E-02 
7.42975E-01 9.21555E-02 3.74864E-02 
8.25319E-01 1.24102E-01 4.58054E-02 
9.22118E-01 1.59170E-01 5.68366E-02 
1.03466E+00 1.97262E-01 7.16758E-02 
1.13349E+00 2.28712E-01 8.68094E-02 
1.16443E+00 2.38219E-01 9.19924E-02 
1.32555E+00 2.85347E-01 1.23040E-01 
1.51084E+00 3.35237E-01 1.68590E-01 
1.72266E+00 3.87430E-01 2.37058E-01 
1.96383E+00 4.41638E-01 3.43018E-01 
2.25502E+00 5.37025E-01 5.11847E-01 
2.58505E+00 5.97933E-01 7.89860E-01 
2.96018E+00 6.59868E-01 1.26354E+00 
3.38483E+00 7.22170E-01 2.10045E+00 
3.86426E+00 7.84308E-01 3.63817E+00 
4.40521E+00 8.46005E-01 6.56255E+00 
5.02018E+00 9.07854E-01 1.23044E+01 
5.74164E+00 9.73558E-01 2.37102E+01 
6.67217E+00 1.05681E+00 4.57213E+01 
8.08998E+00 1.19318E+00 8.36547E+01 
1.03791E+01 1.42117E+00 1.34911E+02 
1.33704E+01 1.69390E+00 1.83072E+02 
1.62678E+01 1.90049E+00 2.14022E+02 
5.66697E-01 2.59631E-02 1.86424E-02 
5.93778E-01 3.93736E-02 2.19281E-02 
6.44238E-01 6.16481E-02 2.60926E-02 
7.10970E-01 8.96919E-02 3.14471E-02 
7.89800E-01 1.20567E-01 3.84312E-02 
8.81835E-01 1.54195E-01 4.76893E-02 
9.88245E-01 1.90438E-01 6.01561E-02 
1.08124E+00 2.20168E-01 7.28522E-02 
1.11032E+00 2.29121E-01 7.72233E-02 
1.26113E+00 2.73281E-01 1.03273E-01 
1.43382E+00 3.19639E-01 1.41522E-01 
1.63056E+00 3.67745E-01 1.99118E-01 
1.85360E+00 4.17307E-01 2.88110E-01 
2.12287E+00 5.05273E-01 4.29980E-01 
2.42708E+00 5.60086E-01 6.63604E-01 
2.77154E+00 6.15393E-01 1.06209E+00 
3.15992E+00 6.70547E-01 1.76648E+00 
3.59670E+00 7.25089E-01 3.05985E+00 
4.08781E+00 7.78770E-01 5.52241E+00 
4.64422E+00 8.32151E-01 1.03556E+01 
5.29537E+00 8.88627E-01 1.99637E+01 
6.13462E+00 9.60612E-01 3.85149E+01 
7.41497E+00 1.08009E+00 7.04941E+01 
9.48346E+00 1.28123E+00 1.13739E+02 
1.21786E+01 1.52098E+00 1.54415E+02 
1.47718E+01 1.69970E+00 1.80597E+02 
5.39701E-01 2.45934E-02 1.56427E-02 
5.66424E-01 3.79416E-02 1.84028E-02 
6.16692E-01 6.02623E-02 2.18977E-02 
6.80976E-01 8.75650E-02 2.63948E-02 
7.56331E-01 1.17382E-01 3.22608E-02 
8.43710E-01 1.49588E-01 4.00336E-02 
9.44188E-01 1.84038E-01 5.05078E-02 
1.03161E+00 2.12089E-01 6.11855E-02 
1.05884E+00 2.20499E-01 6.48449E-02 
1.19987E+00 2.61805E-01 8.67497E-02 
1.36063E+00 3.04789E-01 1.18881E-01 
1.54302E+00 3.49072E-01 1.67282E-01 
1.74905E+00 3.93894E-01 2.42171E-01 
1.99776E+00 4.74981E-01 3.61519E-01 
2.27772E+00 5.24267E-01 5.58062E-01 
2.59342E+00 5.73410E-01 8.93317E-01 
2.94806E+00 6.21997E-01 1.48658E+00 
3.34537E+00 6.69603E-01 2.57561E+00 
3.79050E+00 7.16012E-01 4.65142E+00 
4.29305E+00 7.61758E-01 8.72480E+00 
4.87961E+00 8.09945E-01 1.68258E+01 
5.63519E+00 8.71822E-01 3.24733E+01 
6.78987E+00 9.76134E-01 5.94682E+01 
8.65642E+00 1.15311E+00 9.59973E+01 
1.10812E+01 1.36325E+00 1.30389E+02 
1.33983E+01 1.51727E+00 1.52566E+02 
5.14671E-01 2.34924E-02 1.31336E-02 
5.40838E-01 3.67237E-02 1.54514E-02 
5.91065E-01 5.92114E-02 1.83913E-02 
6.52892E-01 8.57944E-02 2.21655E-02 
7.24836E-01 1.14566E-01 2.70998E-02 
8.07689E-01 1.45380E-01 3.36349E-02 
9.02370E-01 1.78053E-01 4.24290E-02 
9.84439E-01 2.04477E-01 5.14173E-02 
1.00997E+00 2.12377E-01 5.44980E-02 
1.14166E+00 2.50918E-01 7.29260E-02 
1.29110E+00 2.90696E-01 9.99683E-02 
1.45991E+00 3.31289E-01 1.40657E-01 
1.65002E+00 3.72399E-01 2.03723E-01 
1.87932E+00 4.46547E-01 3.04262E-01 
2.13660E+00 4.90398E-01 4.69855E-01 
2.42549E+00 5.33842E-01 7.52398E-01 
2.74872E+00 5.76388E-01 1.25217E+00 
3.10946E+00 6.17656E-01 2.17032E+00 
3.51210E+00 6.57472E-01 3.92052E+00 
3.96522E+00 6.96354E-01 7.35924E+00 
4.49267E+00 7.37136E-01 1.41977E+01 
5.17175E+00 7.89987E-01 2.74136E+01 
6.21140E+00 8.80691E-01 5.02260E+01 
7.89325E+00 1.03592E+00 8.11190E+01 
1.00717E+01 1.21956E+00 1.10237E+02 
1.21387E+01 1.35174E+00 1.29052E+02 
4.91556E-01 2.26870E-02 1.10409E-02 
5.17179E-01 3.58282E-02 1.29859E-02 
5.67340E-01 5.85703E-02 1.54599E-02 
6.26699E-01 8.44218E-02 1.86327E-02 
6.95217E-01 1.12144E-01 2.27796E-02 
7.73646E-01 1.41574E-01 2.82812E-02 
8.62771E-01 1.72514E-01 3.56855E-02 
9.39646E-01 1.97340E-01 4.32404E-02 
9.63499E-01 2.04726E-01 4.58337E-02 
1.08624E+00 2.40581E-01 6.13395E-02 
1.22493E+00 2.77247E-01 8.41044E-02 
1.38107E+00 3.14348E-01 1.18410E-01 
1.55613E+00 3.51541E-01 1.71526E-01 
1.76719E+00 4.19482E-01 2.56262E-01 
2.00318E+00 4.58363E-01 3.95873E-01 
2.26710E+00 4.96548E-01 6.34148E-01 
2.56128E+00 5.33571E-01 1.05609E+00 
2.88822E+00 5.69071E-01 1.83142E+00 
3.25172E+00 6.02927E-01 3.30918E+00 
3.65938E+00 6.35647E-01 6.21346E+00 
4.13276E+00 6.69824E-01 1.19948E+01 
4.74197E+00 7.14638E-01 2.31726E+01 
5.67658E+00 7.93169E-01 4.24775E+01 
7.18990E+00 9.28908E-01 6.86429E+01 
9.14404E+00 1.08888E+00 9.33350E+01 
1.09847E+01 1.20179E+00 1.09319E+02 
4.70255E-01 2.21923E-02 9.28814E-03 
4.95428E-01 3.53076E-02 1.09239E-02 
5.45346E-01 5.83416E-02 1.30039E-02 
6.02271E-01 8.34687E-02 1.56782E-02 
6.67392E-01 1.10133E-01 1.91670E-02 
7.41463E-01 1.38185E-01 2.37949E-02 
8.25216E-01 1.67410E-01 3.00396E-02 
8.97121E-01 1.90678E-01 3.64030E-02 
9.19384E-01 1.97568E-01 3.85879E-02 
1.03361E+00 2.30826E-01 5.16602E-02 
1.16216E+00 2.64501E-01 7.08618E-02 
1.30625E+00 2.98244E-01 9.97860E-02 
1.46718E+00 3.31404E-01 1.44579E-01 
1.66109E+00 3.93619E-01 2.16034E-01 
1.87724E+00 4.28116E-01 3.33964E-01 
2.11793E+00 4.61451E-01 5.35210E-01 
2.38501E+00 4.93385E-01 8.91658E-01 
2.68075E+00 5.23649E-01 1.54698E+00 
3.00835E+00 5.52150E-01 2.79719E+00 
3.37435E+00 5.79357E-01 5.25397E+00 
3.79825E+00 6.07657E-01 1.01478E+01 
4.34372E+00 6.45333E-01 1.96150E+01 
5.18251E+00 7.13004E-01 3.59785E+01 
6.54216E+00 8.31299E-01 5.81764E+01 
8.29237E+00 9.70173E-01 7.91489E+01 
9.92841E+00 1.06614E+00 9.27524E+01 
4.50761E-01 2.20909E-02 7.81891E-03 
4.75291E-01 3.51101E-02 9.19807E-03 
5.25155E-01 5.86323E-02 1.09484E-02 
5.79523E-01 8.29836E-02 1.32026E-02 
6.41298E-01 1.08579E-01 1.61470E-02 
7.11102E-01 1.35245E-01 2.00465E-02 
7.89603E-01 1.62763E-01 2.53081E-02 
8.56740E-01 1.84497E-01 3.06764E-02 
8.77493E-01 1.90906E-01 3.25242E-02 
9.83634E-01 2.21640E-01 4.35612E-02 
1.10253E+00 2.52446E-01 5.97663E-02 
1.23528E+00 2.82969E-01 8.41877E-02 
1.38305E+00 3.13001E-01 1.22047E-01 
1.56088E+00 3.69460E-01 1.82482E-01 
1.75842E+00 3.99555E-01 2.82164E-01 
1.97746E+00 4.28421E-01 4.52444E-01 
2.21952E+00 4.55725E-01 7.53967E-01 
2.48651E+00 4.81246E-01 1.30886E+00 
2.78103E+00 5.04919E-01 2.36758E+00 
3.10895E+00 5.27218E-01 4.45091E+00 
3.48773E+00 5.50319E-01 8.60003E+00 
3.97510E+00 5.81676E-01 1.66324E+01 
4.72662E+00 6.39685E-01 3.05266E+01 
5.94621E+00 7.42390E-01 4.93909E+01 
7.51128E+00 8.62509E-01 6.72378E+01 
8.96268E+00 9.43624E-01 7.88363E+01 
4.33004E-01 2.24245E-02 6.58973E-03 
4.56730E-01 3.52825E-02 7.75349E-03 
5.06631E-01 5.94717E-02 9.22942E-03 
5.58346E-01 8.29953E-02 1.11305E-02 
6.16793E-01 1.07497E-01 1.36165E-02 
6.82446E-01 1.32768E-01 1.69109E-02 
7.55909E-01 1.58605E-01 2.13556E-02 
8.18459E-01 1.78816E-01 2.58937E-02 
8.37720E-01 1.84740E-01 2.74477E-02 
9.36121E-01 2.13007E-01 3.67681E-02 
1.04593E+00 2.41051E-01 5.04781E-02 
1.16803E+00 2.68529E-01 7.11347E-02 
1.30344E+00 2.95256E-01 1.03179E-01 
1.46620E+00 3.46588E-01 1.54337E-01 
1.64634E+00 3.72627E-01 2.38757E-01 
1.84528E+00 3.97369E-01 3.83041E-01 
2.06428E+00 4.20458E-01 6.38747E-01 
2.30471E+00 4.41679E-01 1.10934E+00 
2.56891E+00 4.61032E-01 2.00789E+00 
2.86200E+00 4.78972E-01 3.77625E+00 
3.19971E+00 4.97491E-01 7.30226E+00 
3.63428E+00 5.23283E-01 1.41310E+01 
4.30636E+00 5.72714E-01 2.59510E+01 
5.39860E+00 6.61538E-01 4.20160E+01 
6.79575E+00 7.65015E-01 5.72319E+01 
8.08086E+00 8.33166E-01 6.71413E+01 
4.16622E-01 2.32284E-02 5.54857E-03 
4.39456E-01 3.58968E-02 6.52700E-03 
4.89333E-01 6.09173E-02 7.77214E-03 
5.38378E-01 8.35723E-02 9.37214E-03 
5.93460E-01 1.06922E-01 1.14683E-02 
6.54988E-01 1.30755E-01 1.42484E-02 
7.23454E-01 1.54855E-01 1.79959E-02 
7.81549E-01 1.73540E-01 2.18297E-02 
7.99420E-01 1.78997E-01 2.31446E-02 
8.90346E-01 2.04811E-01 3.10126E-02 
9.91399E-01 2.30105E-01 4.25939E-02 
1.10335E+00 2.54597E-01 6.00668E-02 
1.22699E+00 2.77867E-01 8.71449E-02 
1.37541E+00 3.24356E-01 1.30406E-01 
1.53921E+00 3.46878E-01 2.01927E-01 
1.71924E+00 3.67783E-01 3.24097E-01 
1.91648E+00 3.86946E-01 5.40725E-01 
2.13224E+00 4.04251E-01 9.39887E-01 
2.36826E+00 4.19690E-01 1.70208E+00 
2.62908E+00 4.33717E-01 3.20275E+00 
2.92883E+00 4.48150E-01 6.19739E+00 
3.31477E+00 4.68991E-01 1.20019E+01 
3.91359E+00 5.10721E-01 2.20550E+01 
4.88852E+00 5.87038E-01 3.57319E+01 
6.13142E+00 6.75590E-01 4.87033E+01 
7.26471E+00 7.32293E-01 5.71666E+01 
4.02073E-01 2.45562E-02 4.69134E-03 
4.24182E-01 3.71146E-02 5.51900E-03 
4.73562E-01 6.28948E-02 6.57273E-03 
5.20166E-01 8.47502E-02 7.92876E-03 
5.71941E-01 1.06909E-01 9.70287E-03 
6.29478E-01 1.29278E-01 1.20591E-02 
6.93202E-01 1.51654E-01 1.52347E-02 
7.47096E-01 1.68854E-01 1.84844E-02 
7.63654E-01 1.73849E-01 1.96032E-02 
8.47618E-01 1.97293E-01 2.62856E-02 
9.40535E-01 2.19987E-01 3.61060E-02 
1.04313E+00 2.41681E-01 5.09578E-02 
1.15598E+00 2.62169E-01 7.39689E-02 
1.29124E+00 3.03955E-01 1.10797E-01 
1.43998E+00 3.23010E-01 1.71589E-01 
1.60275E+00 3.40446E-01 2.75515E-01 
1.78041E+00 3.56134E-01 4.60146E-01 
1.97376E+00 3.69957E-01 8.00156E-01 
2.18449E+00 3.81979E-01 1.45023E+00 
2.41640E+00 3.92620E-01 2.73076E+00 
2.68224E+00 4.03546E-01 5.28657E+00 
3.02474E+00 4.20127E-01 1.02437E+01 
3.55831E+00 4.55197E-01 1.88380E+01 
4.42855E+00 5.20611E-01 3.05399E+01 
5.53430E+00 5.96222E-01 4.16525E+01 
6.53351E+00 6.43172E-01 4.89145E+01 
3.89022E-01 2.64983E-02 3.97162E-03 
4.10045E-01 3.87226E-02 4.67440E-03 
4.59317E-01 6.57045E-02 5.56864E-03 
5.03190E-01 8.65415E-02 6.71888E-03 
5.51712E-01 1.07447E-01 8.22573E-03 
6.05378E-01 1.28318E-01 1.02274E-02 
6.64581E-01 1.48965E-01 1.29308E-02 
7.14414E-01 1.64658E-01 1.56891E-02 
7.29682E-01 1.69181E-01 1.66382E-02 
8.07057E-01 1.90301E-01 2.23243E-02 
8.92364E-01 2.10488E-01 3.06919E-02 
9.86127E-01 2.29507E-01 4.33212E-02 
1.08897E+00 2.47268E-01 6.29458E-02 
1.21187E+00 2.84735E-01 9.43246E-02 
1.34663E+00 3.00532E-01 1.46173E-01 
1.49353E+00 3.14806E-01 2.34947E-01 
1.65306E+00 3.27326E-01 3.92565E-01 
1.82596E+00 3.38045E-01 6.83091E-01 
2.01349E+00 3.47030E-01 1.23865E+00 
2.21915E+00 3.54712E-01 2.33414E+00 
2.45430E+00 3.62598E-01 4.52185E+00 
2.75751E+00 3.75483E-01 8.76733E+00 
3.23195E+00 4.04702E-01 1.61334E+01 
4.00738E+00 4.60488E-01 2.61728E+01 
4.98935E+00 5.24721E-01 3.57163E+01 
5.86841E+00 5.63265E-01 4.19625E+01 
3.77372E-01 2.91071E-02 3.37103E-03 
3.97177E-01 4.08955E-02 3.96734E-03 
4.46355E-01 6.93614E-02 4.72746E-03 
4.87391E-01 8.90063E-02 5.70734E-03 
5.32676E-01 1.08560E-01 6.98950E-03 
5.82558E-01 1.27862E-01 8.69367E-03 
6.37385E-01 1.46738E-01 1.09975E-02 
6.83400E-01 1.60929E-01 1.33532E-02 
6.97469E-01 1.64997E-01 1.41616E-02 
7.68573E-01 1.83808E-01 1.90096E-02 
8.46678E-01 2.01514E-01 2.61543E-02 
9.32272E-01 2.17966E-01 3.69481E-02 
1.02573E+00 2.32877E-01 5.37133E-02 
1.13711E+00 2.66326E-01 8.05319E-02 
1.25901E+00 2.79386E-01 1.24939E-01 
1.39117E+00 2.90747E-01 2.00949E-01 
1.53405E+00 3.00409E-01 3.35900E-01 
1.68821E+00 3.08355E-01 5.84914E-01 
1.85468E+00 3.14676E-01 1.06141E+00 
2.03648E+00 3.19784E-01 2.00120E+00 
2.24382E+00 3.25049E-01 3.87905E+00 
2.51159E+00 3.34749E-01 7.52673E+00 
2.93253E+00 3.58850E-01 1.38583E+01 
3.62227E+00 4.06163E-01 2.24954E+01 
4.49269E+00 4.60430E-01 3.07137E+01 
5.26427E+00 4.91763E-01 3.60989E+01 
3.66953E-01 3.23843E-02 2.86786E-03 
3.85759E-01 4.38028E-02 3.37663E-03 
4.34363E-01 7.37832E-02 4.02417E-03 
4.72597E-01 9.21164E-02 4.86152E-03 
5.14716E-01 1.10235E-01 5.95616E-03 
5.60945E-01 1.27898E-01 7.41331E-03 
6.11551E-01 1.44950E-01 9.38026E-03 
6.53918E-01 1.57619E-01 1.13976E-02 
6.66852E-01 1.61230E-01 1.20892E-02 
7.32065E-01 1.77759E-01 1.62415E-02 
8.03455E-01 1.93072E-01 2.23596E-02 
8.81379E-01 2.07038E-01 3.16096E-02 
9.66156E-01 2.19521E-01 4.59920E-02 
1.06686E+00 2.49145E-01 6.90269E-02 
1.17674E+00 2.59451E-01 1.07106E-01 
1.29533E+00 2.68162E-01 1.72403E-01 
1.42300E+00 2.75265E-01 2.88424E-01 
1.56004E+00 2.80748E-01 5.02563E-01 
1.70735E+00 2.84742E-01 9.12639E-01 
1.86752E+00 2.87625E-01 1.72180E+00 
2.04974E+00 2.90653E-01 3.33887E+00 
2.28550E+00 2.97624E-01 6.48229E+00 
2.65823E+00 3.17280E-01 1.19423E+01 
3.27061E+00 3.57160E-01 1.93954E+01 
4.04069E+00 4.02732E-01 2.64926E+01 
4.71633E+00 4.27916E-01 3.11465E+01 
3.57609E-01 3.63416E-02 2.44557E-03 
3.75202E-01 4.71814E-02 2.88106E-03 
4.22713E-01 7.85402E-02 3.43639E-03 
4.58596E-01 9.58318E-02 4.15265E-03 
4.97643E-01 1.12409E-01 5.09157E-03 
5.40351E-01 1.28362E-01 6.34078E-03 
5.86958E-01 1.43538E-01 8.03083E-03 
6.25852E-01 1.54673E-01 9.76037E-03 
6.37706E-01 1.57818E-01 1.03548E-02 
6.97389E-01 1.72092E-01 1.39225E-02 
7.62489E-01 1.85071E-01 1.91857E-02 
8.33250E-01 1.96645E-01 2.71363E-02 
9.10000E-01 2.06846E-01 3.95258E-02 
1.00070E+00 2.32876E-01 5.93531E-02 
1.09948E+00 2.40608E-01 9.21680E-02 
1.20566E+00 2.46924E-01 1.48467E-01 
1.31929E+00 2.51717E-01 2.48567E-01 
1.44072E+00 2.55035E-01 4.33405E-01 
1.57058E+00 2.57001E-01 7.87297E-01 
1.71117E+00 2.57988E-01 1.48623E+00 
1.87076E+00 2.59130E-01 2.88406E+00 
2.07765E+00 2.63780E-01 5.60118E+00 
2.40684E+00 2.79586E-01 1.03240E+01 
2.94948E+00 3.12969E-01 1.67745E+01 
3.62934E+00 3.50977E-01 2.29201E+01 
4.21935E+00 3.70941E-01 2.69502E+01 
3.49309E-01 4.10427E-02 2.09324E-03 
3.65570E-01 5.11124E-02 2.46676E-03 
4.12076E-01 8.43488E-02 2.94419E-03 
4.45284E-01 1.00080E-01 3.56062E-03 
4.81374E-01 1.15009E-01 4.37022E-03 
5.20697E-01 1.29153E-01 5.44527E-03 
5.63508E-01 1.42408E-01 6.90226E-03 
5.99161E-01 1.51999E-01 8.39483E-03 
6.10017E-01 1.54687E-01 8.90860E-03 
6.64496E-01 1.66711E-01 1.19867E-02 
7.23708E-01 1.77399E-01 1.65290E-02 
7.87889E-01 1.86692E-01 2.34098E-02 
8.57177E-01 1.94481E-01 3.41122E-02 
9.38576E-01 2.17180E-01 5.12568E-02 
1.02721E+00 2.22785E-01 7.96829E-02 
1.12192E+00 2.26933E-01 1.28427E-01 
1.22280E+00 2.29691E-01 2.15124E-01 
1.32998E+00 2.31113E-01 3.75254E-01 
1.44405E+00 2.31346E-01 6.82059E-01 
1.56698E+00 2.30741E-01 1.28809E+00 
1.70620E+00 2.30315E-01 2.50082E+00 
1.88722E+00 2.33026E-01 4.85858E+00 
2.17732E+00 2.45532E-01 8.95806E+00 
2.65721E+00 2.73265E-01 1.45591E+01 
3.25629E+00 3.04737E-01 1.98963E+01 
3.77020E+00 3.20317E-01 2.33940E+01 
3.41896E-01 4.64439E-02 1.79864E-03 
3.57048E-01 5.57577E-02 2.12204E-03 
4.02006E-01 9.07777E-02 2.53414E-03 
4.32479E-01 1.04702E-01 3.06685E-03 
4.65726E-01 1.17868E-01 3.76738E-03 
5.01882E-01 1.30137E-01 4.69956E-03 
5.41126E-01 1.41428E-01 5.96143E-03 
5.73719E-01 1.49452E-01 7.25437E-03 
5.83631E-01 1.51675E-01 7.70008E-03 
6.33290E-01 1.61488E-01 1.03714E-02 
6.87087E-01 1.69964E-01 1.43145E-02 
7.45142E-01 1.77060E-01 2.02912E-02 
8.07564E-01 1.82680E-01 2.95841E-02 
8.80404E-01 2.02328E-01 4.45033E-02 
9.59638E-01 2.05860E-01 6.92119E-02 
1.04386E+00 2.08077E-01 1.11599E-01 
1.13308E+00 2.09046E-01 1.87042E-01 
1.22739E+00 2.08845E-01 3.26443E-01 
1.32715E+00 2.07616E-01 5.93575E-01 
1.43421E+00 2.05700E-01 1.12136E+00 
1.55516E+00 2.03999E-01 2.17720E+00 
1.71300E+00 2.05114E-01 4.23122E+00 
1.96805E+00 2.14813E-01 7.80262E+00 
2.39168E+00 2.37667E-01 1.26824E+01 
2.91855E+00 2.63521E-01 1.73306E+01 
3.36505E+00 2.75456E-01 2.03726E+01 
3.35088E-01 5.22648E-02 1.55299E-03 
3.49051E-01 6.06150E-02 1.83412E-03 
3.92101E-01 9.75123E-02 2.19315E-03 
4.20076E-01 1.09551E-01 2.65664E-03 
4.50611E-01 1.20798E-01 3.26577E-03 
4.83782E-01 1.31109E-01 4.07746E-03 
5.19721E-01 1.40405E-01 5.17846E-03 
5.49488E-01 1.46868E-01 6.30570E-03 
5.58522E-01 1.48630E-01 6.69416E-03 
6.03726E-01 1.56282E-01 9.02410E-03 
6.52500E-01 1.62627E-01 1.24668E-02 
7.04946E-01 1.67672E-01 1.76841E-02 
7.61092E-01 1.71545E-01 2.58133E-02 
8.25936E-01 1.88119E-01 3.88415E-02 
8.96574E-01 1.89728E-01 6.04377E-02 
9.71252E-01 1.90244E-01 9.74938E-02 
1.04989E+00 1.89671E-01 1.63470E-01 
1.13250E+00 1.88098E-01 2.85377E-01 
1.21941E+00 1.85672E-01 5.19023E-01 
1.31219E+00 1.82703E-01 9.80510E-01 
1.41679E+00 1.79997E-01 1.90397E+00 
1.55393E+00 1.79827E-01 3.69985E+00 
1.77764E+00 1.87166E-01 6.82258E+00 
2.15098E+00 2.05835E-01 1.10880E+01 
2.61350E+00 2.26896E-01 1.51479E+01 
3.00044E+00 2.35834E-01 1.77983E+01 
3.28782E-01 5.83528E-02 1.34888E-03 
3.41538E-01 6.54787E-02 1.59437E-03 
3.81720E-01 1.03468E-01 1.90915E-03 
4.07844E-01 1.14208E-01 2.31499E-03 
4.35915E-01 1.23526E-01 2.84893E-03 
4.66326E-01 1.31829E-01 3.56052E-03 
4.99187E-01 1.39103E-01 4.52473E-03 
5.26368E-01 1.44026E-01 5.51483E-03 
5.34613E-01 1.45350E-01 5.85591E-03 
5.75706E-01 1.50891E-01 7.90108E-03 
6.19884E-01 1.55223E-01 1.09238E-02 
6.67162E-01 1.58359E-01 1.55033E-02 
7.17533E-01 1.60354E-01 2.26457E-02 
7.75021E-01 1.74202E-01 3.40944E-02 
8.37807E-01 1.74247E-01 5.30641E-02 
9.03762E-01 1.73298E-01 8.56252E-02 
9.72789E-01 1.71427E-01 1.43587E-01 
1.04484E+00 1.68730E-01 2.50702E-01 
1.12017E+00 1.65352E-01 4.55910E-01 
1.20016E+00 1.61575E-01 8.61222E-01 
1.29019E+00 1.58114E-01 1.67201E+00 
1.40887E+00 1.56938E-01 3.24821E+00 
1.60462E+00 1.62319E-01 5.98795E+00 
1.93302E+00 1.77420E-01 9.72764E+00 
2.33832E+00 1.94420E-01 1.32820E+01 
2.67277E+00 2.00927E-01 1.55943E+01 
3.23017E-01 6.46722E-02 1.17909E-03 
3.34952E-01 7.09016E-02 1.39587E-03 
3.71921E-01 1.10186E-01 1.67285E-03 
3.95758E-01 1.18448E-01 2.03110E-03 
4.21554E-01 1.25703E-01 2.50186E-03 
4.49479E-01 1.31994E-01 3.13098E-03 
4.79565E-01 1.37287E-01 3.98239E-03 
5.04366E-01 1.40703E-01 4.85612E-03 
5.11871E-01 1.41588E-01 5.15697E-03 
5.49225E-01 1.45132E-01 6.96453E-03 
5.89201E-01 1.47572E-01 9.63405E-03 
6.31780E-01 1.48941E-01 1.36853E-02 
6.76884E-01 1.49188E-01 1.99910E-02 
7.27591E-01 1.60647E-01 3.01061E-02 
7.83195E-01 1.59332E-01 4.68744E-02 
8.41221E-01 1.57149E-01 7.56285E-02 
9.01523E-01 1.54220E-01 1.26827E-01 
9.64030E-01 1.50639E-01 2.21355E-01 
1.02897E+00 1.46545E-01 4.02455E-01 
1.09754E+00 1.42191E-01 7.59883E-01 
1.17461E+00 1.38203E-01 1.47452E+00 
1.27691E+00 1.36278E-01 2.86291E+00 
1.44776E+00 1.40055E-01 5.27395E+00 
1.73620E+00 1.52150E-01 8.56179E+00 
2.09075E+00 1.65741E-01 1.16800E+01 
2.37911E+00 1.70310E-01 1.36991E+01 
3.17595E-01 7.06050E-02 1.03841E-03 
3.28440E-01 7.50694E-02 1.23125E-03 
3.61702E-01 1.15314E-01 1.47745E-03 
3.83815E-01 1.21824E-01 1.79595E-03 
4.07585E-01 1.26995E-01 2.21429E-03 
4.33251E-01 1.31269E-01 2.77265E-03 
4.60849E-01 1.34651E-01 3.53038E-03 
4.83514E-01 1.36649E-01 4.30706E-03 
4.90356E-01 1.37126E-01 4.57452E-03 
5.24327E-01 1.38827E-01 6.18127E-03 
5.60476E-01 1.39542E-01 8.55527E-03 
5.98743E-01 1.39345E-01 1.21534E-02 
6.39032E-01 1.38372E-01 1.77645E-02 
6.83497E-01 1.47423E-01 2.67436E-02 
7.32555E-01 1.44890E-01 4.16318E-02 
7.83383E-01 1.41717E-01 6.71693E-02 
8.35808E-01 1.37973E-01 1.12549E-01 
8.89768E-01 1.33745E-01 1.96387E-01 
9.45378E-01 1.29158E-01 3.56788E-01 
1.00378E+00 1.24439E-01 6.73217E-01 
1.06935E+00 1.20131E-01 1.30535E+00 
1.15715E+00 1.17685E-01 2.53192E+00 
1.30594E+00 1.20184E-01 4.65978E+00 
1.55892E+00 1.29767E-01 7.55673E+00 
1.86865E+00 1.40529E-01 1.02969E+01 
2.11670E+00 1.43586E-01 1.20606E+01 
3.12571E-01 7.58658E-02 9.22528E-04 
3.22696E-01 7.88257E-02 1.09503E-03 
3.51605E-01 1.19585E-01 1.31568E-03 
3.72047E-01 1.23723E-01 1.60071E-03 
3.94109E-01 1.26979E-01 1.97562E-03 
4.17817E-01 1.29384E-01 2.47520E-03 
4.43187E-01 1.30975E-01 3.15286E-03 
4.63941E-01 1.31664E-01 3.84844E-03 
4.70190E-01 1.31782E-01 4.08777E-03 
5.01082E-01 1.31809E-01 5.52449E-03 
5.33756E-01 1.31020E-01 7.64796E-03 
5.68097E-01 1.29479E-01 1.08631E-02 
6.03997E-01 1.27295E-01 1.58751E-02 
6.42724E-01 1.34334E-01 2.38950E-02 
6.85830E-01 1.30876E-01 3.71693E-02 
7.30116E-01 1.26969E-01 5.99305E-02 
7.75438E-01 1.22645E-01 1.00378E-01 
8.21678E-01 1.17993E-01 1.74956E-01 
8.68998E-01 1.13125E-01 3.17593E-01 
9.18370E-01 1.08238E-01 5.98595E-01 
9.73776E-01 1.03795E-01 1.15918E+00 
1.04879E+00 1.01028E-01 2.24580E+00 
1.17812E+00 1.02536E-01 4.12795E+00 
1.39975E+00 1.10050E-01 6.68504E+00 
1.67003E+00 1.18489E-01 9.09520E+00 
1.88296E+00 1.20397E-01 1.06352E+01 
3.08099E-01 8.00109E-02 8.26702E-04 
3.17997E-01 8.23873E-02 9.82599E-04 
3.41730E-01 1.21591E-01 1.18150E-03 
3.60806E-01 1.24003E-01 1.43854E-03 
3.81383E-01 1.25400E-01 1.77608E-03 
4.03400E-01 1.26094E-01 2.22693E-03 
4.26792E-01 1.26078E-01 2.83678E-03 
4.45826E-01 1.25611E-01 3.46290E-03 
4.51537E-01 1.25406E-01 3.67839E-03 
4.79647E-01 1.23994E-01 4.97081E-03 
5.09142E-01 1.21939E-01 6.87881E-03 
5.39904E-01 1.19299E-01 9.77012E-03 
5.71818E-01 1.16076E-01 1.42650E-02 
6.05293E-01 1.21376E-01 2.14580E-02 
6.42964E-01 1.17323E-01 3.33575E-02 
6.81333E-01 1.12915E-01 5.37237E-02 
7.20229E-01 1.08240E-01 8.98809E-02 
7.59558E-01 1.03374E-01 1.56470E-01 
7.99464E-01 9.84159E-02 2.83630E-01 
8.40849E-01 9.35314E-02 5.33825E-01 
8.87313E-01 8.91127E-02 1.03230E+00 
9.51113E-01 8.62014E-02 1.99669E+00 
1.06331E+00 8.69645E-02 3.66386E+00 
1.25735E+00 9.27979E-02 5.92325E+00 
1.49303E+00 9.93586E-02 8.04383E+00 
1.67554E+00 1.00422E-01 9.38740E+00 
3.04467E-01 8.29006E-02 7.47180E-04 
3.13942E-01 8.34854E-02 8.89078E-04 
3.32318E-01 1.21526E-01 1.06972E-03 
3.50467E-01 1.22352E-01 1.30293E-03 
3.69787E-01 1.22096E-01 1.60895E-03 
3.90295E-01 1.21257E-01 2.01704E-03 
4.11937E-01 1.19872E-01 2.56968E-03 
4.29406E-01 1.18444E-01 3.13554E-03 
4.34633E-01 1.17972E-01 3.33056E-03 
4.60204E-01 1.15401E-01 4.49913E-03 
4.86781E-01 1.12347E-01 6.22234E-03 
5.14252E-01 1.08872E-01 8.82888E-03 
5.42459E-01 1.05035E-01 1.28797E-02 
5.71166E-01 1.08748E-01 1.93542E-02 
6.03858E-01 1.04282E-01 3.00465E-02 
6.36847E-01 9.96039E-02 4.83303E-02 
6.69961E-01 9.47914E-02 8.07219E-02 
7.03133E-01 8.99026E-02 1.40321E-01 
7.36459E-01 8.50208E-02 2.53935E-01 
7.70797E-01 8.02863E-02 4.77094E-01 
8.09432E-01 7.60265E-02 9.20787E-01 
8.63425E-01 7.31081E-02 1.77784E+00 
9.60624E-01 7.33374E-02 3.25579E+00 
1.13046E+00 7.78264E-02 5.25260E+00 
1.33599E+00 8.28920E-02 7.11813E+00 
1.49224E+00 8.33592E-02 8.28851E+00 
3.02018E-01 8.40377E-02 6.80978E-04 
3.11248E-01 8.33366E-02 8.10581E-04 
3.24216E-01 1.19475E-01 9.75548E-04 
3.41478E-01 1.18616E-01 1.18805E-03 
3.59717E-01 1.16974E-01 1.46703E-03 
3.78879E-01 1.14913E-01 1.83805E-03 
3.98920E-01 1.12434E-01 2.34053E-03 
4.14958E-01 1.10260E-01 2.85465E-03 
4.19729E-01 1.09584E-01 3.03119E-03 
4.42929E-01 1.06145E-01 4.09133E-03 
4.66802E-01 1.02381E-01 5.65261E-03 
4.91207E-01 9.83530E-02 8.01033E-03 
5.15973E-01 9.41551E-02 1.16722E-02 
5.40308E-01 9.65548E-02 1.75099E-02 
5.68493E-01 9.18733E-02 2.71443E-02 
5.96591E-01 8.71374E-02 4.35787E-02 
6.24507E-01 8.23678E-02 7.26761E-02 
6.52136E-01 7.76161E-02 1.26071E-01 
6.79648E-01 7.29482E-02 2.27705E-01 
7.07807E-01 6.84792E-02 4.26921E-01 
7.39599E-01 6.44768E-02 8.22182E-01 
7.85086E-01 6.16668E-02 1.58397E+00 
8.69231E-01 6.15350E-02 2.89444E+00 
1.01797E+00 6.49689E-02 4.65897E+00 
1.19727E+00 6.88576E-02 6.29841E+00 
1.33100E+00 6.89245E-02 7.31598E+00 
3.01036E-01 8.34227E-02 6.24921E-04 
3.10219E-01 8.21076E-02 7.43677E-04 
3.17979E-01 1.14464E-01 8.94758E-04 
3.34362E-01 1.12807E-01 1.08915E-03 
3.51580E-01 1.10221E-01 1.34400E-03 
3.69485E-01 1.07235E-01 1.68280E-03 
3.87985E-01 1.03965E-01 2.14028E-03 
4.02659E-01 1.01266E-01 2.60867E-03 
4.06999E-01 1.00451E-01 2.76942E-03 
4.27940E-01 9.64385E-02 3.73254E-03 
4.49242E-01 9.22419E-02 5.14949E-03 
4.70747E-01 8.79103E-02 7.28686E-03 
4.92333E-01 8.34884E-02 1.05987E-02 
5.12705E-01 8.48628E-02 1.58733E-02 
5.36705E-01 8.02365E-02 2.45561E-02 
5.60366E-01 7.56149E-02 3.93526E-02 
5.83570E-01 7.10374E-02 6.54770E-02 
6.06284E-01 6.65486E-02 1.13356E-01 
6.28650E-01 6.21992E-02 2.04283E-01 
6.51389E-01 5.80744E-02 3.82147E-01 
6.77272E-01 5.44001E-02 7.34331E-01 
7.15377E-01 5.17739E-02 1.41118E+00 
7.88186E-01 5.14157E-02 2.57230E+00 
9.18567E-01 5.40317E-02 4.12991E+00 
1.07514E+00 5.70086E-02 5.56859E+00 
1.18965E+00 5.68243E-02 6.45141E+00 
3.01822E-01 8.13683E-02 5.76497E-04 
3.10908E-01 7.90629E-02 6.85681E-04 
3.13801E-01 1.08173E-01 8.24296E-04 
3.29455E-01 1.05620E-01 1.00259E-03 
3.45688E-01 1.02215E-01 1.23572E-03 
3.62338E-01 9.86052E-02 1.54539E-03 
3.79328E-01 9.48442E-02 1.96319E-03 
3.92643E-01 9.18357E-02 2.39006E-03 
3.96557E-01 9.09443E-02 2.53659E-03 
4.15321E-01 8.66340E-02 3.41327E-03 
4.34130E-01 8.22534E-02 4.70053E-03 
4.52884E-01 7.78425E-02 6.63994E-03 
4.71487E-01 7.34025E-02 9.63845E-03 
4.88269E-01 7.39943E-02 1.44060E-02 
5.08425E-01 6.95678E-02 2.22380E-02 
5.28056E-01 6.51927E-02 3.55652E-02 
5.47057E-01 6.09205E-02 5.90464E-02 
5.65417E-01 5.67781E-02 1.01986E-01 
5.83281E-01 5.28049E-02 1.83385E-01 
6.01336E-01 4.90737E-02 3.42153E-01 
6.22129E-01 4.57638E-02 6.55797E-01 
6.53924E-01 4.33650E-02 1.25716E+00 
7.16969E-01 4.28825E-02 2.28539E+00 
8.31504E-01 4.48760E-02 3.65928E+00 
9.68597E-01 4.71592E-02 4.92076E+00 
1.06682E+00 4.68315E-02 5.68538E+00 
3.04474E-01 7.78130E-02 5.33284E-04 
3.13417E-01 7.49351E-02 6.33862E-04 
3.12459E-01 1.00194E-01 7.61124E-04 
3.26953E-01 9.72578E-02 9.24623E-04 
3.42084E-01 9.33835E-02 1.13814E-03 
3.57407E-01 8.94494E-02 1.42133E-03 
3.72818E-01 8.54473E-02 1.80282E-03 
3.84767E-01 8.23200E-02 2.19198E-03 
3.88259E-01 8.14037E-02 2.32563E-03 
4.04830E-01 7.70286E-02 3.12354E-03 
4.21213E-01 7.26701E-02 4.29355E-03 
4.37326E-01 6.83559E-02 6.05199E-03 
4.53054E-01 6.41217E-02 8.76747E-03 
4.66612E-01 6.41035E-02 1.30748E-02 
4.83265E-01 5.99450E-02 2.01412E-02 
4.99237E-01 5.59062E-02 3.21338E-02 
5.14479E-01 5.20028E-02 5.32274E-02 
5.28973E-01 4.82548E-02 9.17127E-02 
5.42893E-01 4.46912E-02 1.64472E-01 
5.56905E-01 4.13665E-02 3.06143E-01 
5.73332E-01 3.84279E-02 5.85242E-01 
5.99718E-01 3.62773E-02 1.11889E+00 
6.54363E-01 3.57409E-02 2.02852E+00 
7.55215E-01 3.72630E-02 3.23898E+00 
8.75563E-01 3.90200E-02 4.34337E+00 
9.59989E-01 3.86215E-02 5.00431E+00 
3.08772E-01 7.33651E-02 4.93937E-04 
3.17347E-01 7.03291E-02 5.86365E-04 
3.13036E-01 9.18600E-02 7.03436E-04 
3.26712E-01 8.82264E-02 8.53159E-04 
3.40583E-01 8.42681E-02 1.04878E-03 
3.54443E-01 8.02439E-02 1.30769E-03 
3.68206E-01 7.62141E-02 1.65589E-03 
3.78744E-01 7.31136E-02 2.01059E-03 
3.81798E-01 7.22116E-02 2.13226E-03 
3.96172E-01 6.79481E-02 2.85827E-03 
4.10189E-01 6.37601E-02 3.92106E-03 
4.23755E-01 5.96711E-02 5.51517E-03 
4.36776E-01 5.57190E-02 7.97300E-03 
4.47444E-01 5.52706E-02 1.18639E-02 
4.60888E-01 5.14644E-02 1.82341E-02 
4.73564E-01 4.78044E-02 2.90206E-02 
4.85448E-01 4.42951E-02 4.79486E-02 
4.96561E-01 4.09524E-02 8.24146E-02 
5.07073E-01 3.77965E-02 1.47428E-01 
5.17605E-01 3.48673E-02 2.73750E-01 
5.30332E-01 3.22862E-02 5.22007E-01 
5.52108E-01 3.03818E-02 9.95150E-01 
5.99562E-01 2.98361E-02 1.79928E+00 
6.88644E-01 3.10037E-02 2.86487E+00 
7.94627E-01 3.23623E-02 3.83065E+00 
8.67412E-01 3.19391E-02 4.40120E+00 
3.14241E-01 6.84588E-02 4.57607E-04 
3.22285E-01 6.52373E-02 5.42505E-04 
3.15865E-01 8.30810E-02 6.49826E-04 
3.28208E-01 7.93465E-02 7.87141E-04 
3.40691E-01 7.53587E-02 9.66028E-04 
3.52973E-01 7.14071E-02 1.20254E-03 
3.65009E-01 6.75055E-02 1.52022E-03 
3.74094E-01 6.45358E-02 1.84349E-03 
3.76709E-01 6.36737E-02 1.95410E-03 
3.88909E-01 5.96364E-02 2.61447E-03 
4.00606E-01 5.57151E-02 3.57876E-03 
4.11728E-01 5.19271E-02 5.02346E-03 
4.22258E-01 4.82667E-02 7.24615E-03 
4.30334E-01 4.75456E-02 1.07590E-02 
4.40855E-01 4.41298E-02 1.64978E-02 
4.50590E-01 4.08566E-02 2.61983E-02 
4.59514E-01 3.77387E-02 4.31855E-02 
4.67682E-01 3.47855E-02 7.40457E-02 
4.75253E-01 3.20085E-02 1.32124E-01 
4.82841E-01 2.94483E-02 2.44694E-01 
4.92424E-01 2.71952E-02 4.65322E-01 
5.10320E-01 2.55225E-02 8.84839E-01 
5.51613E-01 2.49929E-02 1.59529E+00 
6.30558E-01 2.58936E-02 2.53274E+00 
7.24242E-01 2.69491E-02 3.37687E+00 
7.87213E-01 2.65279E-02 3.86897E+00 
3.20217E-01 6.33988E-02 4.23481E-04 
3.27608E-01 6.00790E-02 5.01533E-04 
3.19894E-01 7.43532E-02 5.99904E-04 
3.30773E-01 7.08975E-02 7.25738E-04 
3.41740E-01 6.70450E-02 8.89328E-04 
3.52370E-01 6.32776E-02 1.10545E-03 
3.62611E-01 5.95930E-02 1.39510E-03 
3.70253E-01 5.68055E-02 1.68951E-03 
3.72438E-01 5.60019E-02 1.79040E-03 
3.82504E-01 5.22515E-02 2.39090E-03 
3.91975E-01 4.86376E-02 3.26611E-03 
4.00824E-01 4.51683E-02 4.57565E-03 
4.09003E-01 4.18523E-02 6.58511E-03 
4.14828E-01 4.09380E-02 9.75707E-03 
4.22736E-01 3.78878E-02 1.49267E-02 
4.29867E-01 3.49843E-02 2.36496E-02 
4.36221E-01 3.22311E-02 3.88934E-02 
4.41847E-01 2.96350E-02 6.65260E-02 
4.46922E-01 2.72059E-02 1.18415E-01 
4.52009E-01 2.49687E-02 2.18724E-01 
4.58955E-01 2.30041E-02 4.14837E-01 
4.73563E-01 2.15390E-02 7.86735E-01 
5.09585E-01 2.10384E-02 1.41442E+00 
5.79803E-01 2.17357E-02 2.23911E+00 
6.62953E-01 2.25613E-02 2.97687E+00 
7.17637E-01 2.21555E-02 3.40107E+00 
3.25989E-01 5.85818E-02 3.91706E-04 
3.32520E-01 5.53514E-02 4.63403E-04 
3.23788E-01 6.70432E-02 5.53690E-04 
3.33676E-01 6.32219E-02 6.68923E-04 
3.43034E-01 5.95922E-02 8.18608E-04 
3.51975E-01 5.60557E-02 1.01597E-03 
3.60453E-01 5.26228E-02 1.28038E-03 
3.66681E-01 5.00387E-02 1.54857E-03 
3.68444E-01 4.92989E-02 1.64041E-03 
3.76477E-01 4.58479E-02 2.18650E-03 
3.83879E-01 4.25430E-02 2.98188E-03 
3.90618E-01 3.93919E-02 4.16804E-03 
3.96675E-01 3.64070E-02 5.98770E-03 
4.00527E-01 3.53647E-02 8.85123E-03 
4.06143E-01 3.26482E-02 1.35127E-02 
4.11006E-01 3.00753E-02 2.13587E-02 
4.15140E-01 2.76470E-02 3.50440E-02 
4.18599E-01 2.53652E-02 5.97965E-02 
4.21560E-01 2.32375E-02 1.06177E-01 
4.24548E-01 2.12823E-02 1.95613E-01 
4.29287E-01 1.95669E-02 3.70063E-01 
4.41116E-01 1.82815E-02 6.99849E-01 
4.72624E-01 1.78140E-02 1.25469E+00 
5.35317E-01 1.83554E-02 1.98053E+00 
6.09403E-01 1.90023E-02 2.62541E+00 
6.57079E-01 1.86187E-02 2.99108E+00 
3.30861E-01 5.42477E-02 3.62495E-04 
3.36496E-01 5.10704E-02 4.28397E-04 
3.28133E-01 5.98862E-02 5.11272E-04 
3.36201E-01 5.65098E-02 6.17014E-04 
3.43949E-01 5.31212E-02 7.54183E-04 
3.51234E-01 4.98228E-02 9.34662E-04 
3.58026E-01 4.66346E-02 1.17612E-03 
3.62917E-01 4.42502E-02 1.42088E-03 
3.64288E-01 4.35661E-02 1.50446E-03 
3.70437E-01 4.03956E-02 2.00152E-03 
3.75940E-01 3.73772E-02 2.72433E-03 
3.80783E-01 3.45143E-02 3.80065E-03 
3.84973E-01 3.17995E-02 5.44838E-03 
3.87123E-01 3.06953E-02 8.03782E-03 
3.90732E-01 2.82778E-02 1.22431E-02 
3.93643E-01 2.59940E-02 1.93082E-02 
3.95876E-01 2.38459E-02 3.16067E-02 
3.97498E-01 2.18337E-02 5.38010E-02 
3.98676E-01 1.99618E-02 9.52842E-02 
3.99914E-01 1.82479E-02 1.75116E-01 
4.02805E-01 1.67447E-02 3.30382E-01 
4.12283E-01 1.56121E-02 6.23136E-01 
4.39909E-01 1.51774E-02 1.11398E+00 
4.96084E-01 1.55976E-02 1.75326E+00 
5.62362E-01 1.61061E-02 2.31739E+00 
6.04058E-01 1.57452E-02 2.63250E+00 
3.34192E-01 5.04980E-02 3.35806E-04 
3.38957E-01 4.73791E-02 3.96534E-04 
3.31476E-01 5.37116E-02 4.72842E-04 
3.37661E-01 5.08281E-02 5.69939E-04 
3.43921E-01 4.76300E-02 6.95774E-04 
3.49672E-01 4.45475E-02 8.61257E-04 
3.54906E-01 4.15777E-02 1.08206E-03 
3.58594E-01 3.93644E-02 1.30565E-03 
3.59611E-01 3.87316E-02 1.38207E-03 
3.64076E-01 3.58063E-02 1.83565E-03 
3.67895E-01 3.30343E-02 2.49355E-03 
3.71078E-01 3.04162E-02 3.47250E-03 
3.73608E-01 2.79564E-02 4.96672E-03 
3.74322E-01 2.68041E-02 7.31185E-03 
3.76216E-01 2.46380E-02 1.11137E-02 
3.77457E-01 2.26000E-02 1.74847E-02 
3.78082E-01 2.06891E-02 2.85500E-02 
3.78154E-01 1.89053E-02 4.84768E-02 
3.77839E-01 1.72513E-02 8.56414E-02 
3.77607E-01 1.57388E-02 1.56965E-01 
3.78948E-01 1.44139E-02 2.95372E-01 
3.86424E-01 1.34114E-02 5.55439E-01 
4.10695E-01 1.30075E-02 9.90088E-01 
4.61196E-01 1.33325E-02 1.55365E+00 
5.20690E-01 1.37323E-02 2.04742E+00 
5.57254E-01 1.33935E-02 2.31889E+00 
3.35880E-01 4.73644E-02 3.12069E-04 
3.39804E-01 4.42988E-02 3.68185E-04 
3.33014E-01 4.88722E-02 4.38583E-04 
3.37848E-01 4.61145E-02 5.28057E-04 
3.42745E-01 4.30793E-02 6.43790E-04 
3.47134E-01 4.01621E-02 7.95763E-04 
3.51001E-01 3.73688E-02 9.98493E-04 
3.53625E-01 3.52950E-02 1.20326E-03 
3.54334E-01 3.47026E-02 1.27319E-03 
3.57320E-01 3.19782E-02 1.68789E-03 
3.59684E-01 2.94086E-02 2.28854E-03 
3.61417E-01 2.69966E-02 3.17981E-03 
3.62540E-01 2.47410E-02 4.53885E-03 
3.62025E-01 2.35661E-02 6.66658E-03 
3.62460E-01 2.16088E-02 1.01083E-02 
3.62295E-01 1.97756E-02 1.58676E-02 
3.61562E-01 1.80638E-02 2.58451E-02 
3.60329E-01 1.64717E-02 4.37689E-02 
3.58758E-01 1.49999E-02 7.71171E-02 
3.57294E-01 1.36574E-02 1.40954E-01 
3.57325E-01 1.24830E-02 2.64459E-01 
3.63099E-01 1.15900E-02 4.95975E-01 
3.84456E-01 1.12143E-02 8.81392E-01 
4.29996E-01 1.14641E-02 1.37883E+00 
4.83573E-01 1.17769E-02 1.81148E+00 
5.15730E-01 1.14606E-02 2.04554E+00 
3.35673E-01 4.47800E-02 2.90769E-04 
3.38848E-01 4.17455E-02 3.42693E-04 
3.32499E-01 4.50812E-02 4.07810E-04 
3.36514E-01 4.21816E-02 4.90387E-04 
3.40223E-01 3.92706E-02 5.97094E-04 
3.43426E-01 3.64813E-02 7.36924E-04 
3.46108E-01 3.38217E-02 9.23103E-04 
3.47815E-01 3.18573E-02 1.11105E-03 
3.48258E-01 3.12972E-02 1.17506E-03 
3.49977E-01 2.87309E-02 1.55463E-03 
3.51077E-01 2.63275E-02 2.10329E-03 
3.51573E-01 2.40841E-02 2.91611E-03 
3.51479E-01 2.19960E-02 4.15252E-03 
3.49915E-01 2.08120E-02 6.08475E-03 
3.49099E-01 1.90321E-02 9.20355E-03 
3.47722E-01 1.73737E-02 1.44087E-02 
3.45825E-01 1.58320E-02 2.34074E-02 
3.43477E-01 1.44037E-02 3.95338E-02 
3.40833E-01 1.30874E-02 6.94585E-02 
3.38315E-01 1.18912E-02 1.26602E-01 
3.37222E-01 1.08452E-02 2.36839E-01 
3.41506E-01 1.00475E-02 4.42811E-01 
3.60284E-01 9.69836E-03 7.84528E-01 
4.01404E-01 9.88782E-03 1.22346E+00 
4.49715E-01 1.01311E-02 1.60227E+00 
4.77975E-01 9.83578E-03 1.80357E+00 
3.33756E-01 4.27297E-02 2.72008E-04 
3.36306E-01 3.96863E-02 3.20213E-04 
3.30504E-01 4.19561E-02 3.80536E-04 
3.33765E-01 3.89636E-02 4.56952E-04 
3.36484E-01 3.61248E-02 5.55544E-04 
3.38688E-01 3.34190E-02 6.84498E-04 
3.40364E-01 3.08532E-02 8.55827E-04 
3.41300E-01 2.89667E-02 1.02851E-03 
3.41511E-01 2.84327E-02 1.08739E-03 
3.42154E-01 2.59867E-02 1.43550E-03 
3.42180E-01 2.37125E-02 1.93763E-03 
3.41611E-01 2.16049E-02 2.67993E-03 
3.40467E-01 1.96595E-02 3.80659E-03 
3.38007E-01 1.84718E-02 5.56371E-03 
3.36121E-01 1.68404E-02 8.39350E-03 
3.33709E-01 1.53292E-02 1.31053E-02 
3.30815E-01 1.39323E-02 2.12287E-02 
3.27513E-01 1.26440E-02 3.57524E-02 
3.23952E-01 1.14619E-02 6.26351E-02 
3.20532E-01 1.03905E-02 1.13814E-01 
3.18474E-01 9.45553E-03 2.12289E-01 
3.21458E-01 8.74026E-03 3.95620E-01 
3.37949E-01 8.41581E-03 6.98700E-01 
3.75121E-01 8.55722E-03 1.08611E+00 
4.18741E-01 8.74488E-03 1.41777E+00 
4.43560E-01 8.46980E-03 1.59070E+00 
3.30267E-01 4.10911E-02 2.55274E-04 
3.32326E-01 3.79967E-02 3.00119E-04 
3.27227E-01 3.92400E-02 3.56067E-04 
3.29631E-01 3.63013E-02 4.26881E-04 
3.31532E-01 3.34952E-02 5.18064E-04 
3.32913E-01 3.08353E-02 6.37112E-04 
3.33756E-01 2.83298E-02 7.95040E-04 
3.34043E-01 2.64980E-02 9.53830E-04 
3.34057E-01 2.59824E-02 1.00798E-03 
3.33783E-01 2.36283E-02 1.32743E-03 
3.32897E-01 2.14559E-02 1.78726E-03 
3.31415E-01 1.94599E-02 2.46553E-03 
3.29369E-01 1.76309E-02 3.49263E-03 
3.26127E-01 1.64495E-02 5.09094E-03 
3.23317E-01 1.49450E-02 7.65843E-03 
3.20010E-01 1.35610E-02 1.19236E-02 
3.16254E-01 1.22895E-02 1.92597E-02 
3.12125E-01 1.11234E-02 3.23382E-02 
3.07770E-01 1.00586E-02 5.64783E-02 
3.03572E-01 9.09656E-03 1.02306E-01 
3.00673E-01 8.25920E-03 1.90193E-01 
3.02515E-01 7.61652E-03 3.53365E-01 
3.16948E-01 7.31560E-03 6.21987E-01 
3.50542E-01 7.41866E-03 9.63623E-01 
3.89923E-01 7.56122E-03 1.25373E+00 
4.11669E-01 7.30617E-03 1.40199E+00 
3.25418E-01 3.98052E-02 2.40221E-04 
3.27132E-01 3.66189E-02 2.81928E-04 
3.22548E-01 3.70511E-02 3.33937E-04 
3.24330E-01 3.40866E-02 3.99589E-04 
3.25580E-01 3.12801E-02 4.83965E-04 
3.26282E-01 2.86381E-02 5.93964E-04 
3.26428E-01 2.61656E-02 7.39516E-04 
3.26157E-01 2.43712E-02 8.85650E-04 
3.26014E-01 2.38660E-02 9.35350E-04 
3.24952E-01 2.15788E-02 1.22859E-03 
3.23264E-01 1.94872E-02 1.64974E-03 
3.20980E-01 1.75821E-02 2.26941E-03 
3.18133E-01 1.58532E-02 3.20547E-03 
3.14201E-01 1.46820E-02 4.65885E-03 
3.10579E-01 1.32876E-02 6.98806E-03 
3.06486E-01 1.20149E-02 1.08462E-02 
3.01976E-01 1.08540E-02 1.74655E-02 
2.97125E-01 9.79600E-03 2.92327E-02 
2.92082E-01 8.83449E-03 5.08885E-02 
2.87206E-01 7.97023E-03 9.18874E-02 
2.83576E-01 7.21919E-03 1.70267E-01 
2.84400E-01 6.64180E-03 3.15285E-01 
2.96973E-01 6.36348E-03 5.53124E-01 
3.27302E-01 6.43602E-03 8.54053E-01 
3.62810E-01 6.54241E-03 1.10735E+00 
3.81788E-01 6.30674E-03 1.23412E+00 
3.19394E-01 3.88068E-02 2.26428E-04 
3.20806E-01 3.55082E-02 2.65182E-04 
3.16683E-01 3.52110E-02 3.13471E-04 
3.17923E-01 3.22195E-02 3.74331E-04 
3.18633E-01 2.93890E-02 4.52360E-04 
3.18770E-01 2.67418E-02 5.53882E-04 
3.18329E-01 2.42823E-02 6.87963E-04 
3.17586E-01 2.25100E-02 8.22373E-04 
3.17308E-01 2.20125E-02 8.68014E-04 
3.15566E-01 1.97749E-02 1.13700E-03 
3.13183E-01 1.77476E-02 1.52225E-03 
3.10196E-01 1.59192E-02 2.08775E-03 
3.06647E-01 1.42759E-02 2.94001E-03 
3.02103E-01 1.31210E-02 4.26003E-03 
2.97770E-01 1.18237E-02 6.37003E-03 
2.92988E-01 1.06502E-02 9.85612E-03 
2.87816E-01 9.58831E-03 1.58193E-02 
2.82338E-01 8.62717E-03 2.63917E-02 
2.76698E-01 7.75880E-03 4.57933E-02 
2.71239E-01 6.98180E-03 8.24129E-02 
2.66976E-01 6.30851E-03 1.52211E-01 
2.66900E-01 5.78995E-03 2.80863E-01 
2.77778E-01 5.53342E-03 4.91064E-01 
3.05096E-01 5.58183E-03 7.55632E-01 
3.37041E-01 5.65962E-03 9.76349E-01 
3.53512E-01 5.44229E-03 1.08434E+00 
3.12526E-01 3.80736E-02 2.13655E-04 
3.13692E-01 3.46519E-02 2.49684E-04 
3.09884E-01 3.37333E-02 2.94449E-04 
3.10711E-01 3.06570E-02 3.50796E-04 
3.10947E-01 2.77782E-02 4.22891E-04 
3.10584E-01 2.51040E-02 5.16469E-04 
3.09614E-01 2.26387E-02 6.39791E-04 
3.08449E-01 2.08744E-02 7.63156E-04 
3.08040E-01 2.03821E-02 8.05043E-04 
3.05679E-01 1.81778E-02 1.05127E-03 
3.02668E-01 1.62002E-02 1.40316E-03 
2.99042E-01 1.44357E-02 1.91841E-03 
2.94854E-01 1.28670E-02 2.69278E-03 
2.89760E-01 1.17320E-02 3.88948E-03 
2.84794E-01 1.05213E-02 5.79730E-03 
2.79402E-01 9.43717E-03 8.94054E-03 
2.73653E-01 8.46472E-03 1.43020E-02 
2.67631E-01 7.59126E-03 2.37812E-02 
2.61478E-01 6.80742E-03 4.11266E-02 
2.55528E-01 6.10899E-03 7.37605E-02 
2.50723E-01 5.50607E-03 1.35762E-01 
2.49854E-01 5.04101E-03 2.49655E-01 
2.59182E-01 4.80558E-03 4.34968E-01 
2.83705E-01 4.83495E-03 6.66964E-01 
3.12356E-01 4.88985E-03 8.58812E-01 
3.26550E-01 4.69050E-03 9.50447E-01 
3.04785E-01 3.75463E-02 2.01588E-04 
3.05737E-01 3.39798E-02 2.35019E-04 
3.02195E-01 3.25106E-02 2.76485E-04 
3.02675E-01 2.93442E-02 3.28579E-04 
3.02529E-01 2.64037E-02 3.95120E-04 
3.01748E-01 2.36899E-02 4.81285E-04 
3.00325E-01 2.12059E-02 5.94593E-04 
2.98786E-01 1.94409E-02 7.07692E-04 
2.98266E-01 1.89503E-02 7.46033E-04 
2.95360E-01 1.67669E-02 9.71191E-04 
2.91781E-01 1.48287E-02 1.29214E-03 
2.87582E-01 1.31181E-02 1.76078E-03 
2.82827E-01 1.16141E-02 2.46353E-03 
2.77245E-01 1.05018E-02 3.54671E-03 
2.71727E-01 9.36831E-03 5.26882E-03 
2.65810E-01 8.36407E-03 8.09924E-03 
2.59566E-01 7.47225E-03 1.29131E-02 
2.53086E-01 6.67787E-03 2.13990E-02 
2.46512E-01 5.96982E-03 3.68808E-02 
2.40155E-01 5.34265E-03 6.59162E-02 
2.34903E-01 4.80298E-03 1.20900E-01 
2.33345E-01 4.38643E-03 2.21572E-01 
2.41271E-01 4.17113E-03 3.84699E-01 
2.63222E-01 4.18580E-03 5.87830E-01 
2.88844E-01 4.22256E-03 7.54274E-01 
3.00992E-01 4.04058E-03 8.31845E-01 
2.96238E-01 3.72106E-02 1.89895E-04 
2.96973E-01 3.34723E-02 2.20783E-04 
2.93647E-01 3.14853E-02 2.59056E-04 
2.93765E-01 2.82270E-02 3.07056E-04 
2.93258E-01 2.52084E-02 3.68223E-04 
2.92085E-01 2.24409E-02 4.47267E-04 
2.90237E-01 1.99263E-02 5.50949E-04 
2.88357E-01 1.81524E-02 6.54253E-04 
2.87730E-01 1.76618E-02 6.89244E-04 
2.84325E-01 1.54904E-02 8.94314E-04 
2.80233E-01 1.35833E-02 1.18586E-03 
2.75522E-01 1.19190E-02 1.61064E-03 
2.70258E-01 1.04734E-02 2.24561E-03 
2.64250E-01 9.38651E-03 3.22227E-03 
2.58254E-01 8.32376E-03 4.77107E-03 
2.51885E-01 7.39346E-03 7.30821E-03 
2.45225E-01 6.57591E-03 1.16126E-02 
2.38368E-01 5.85455E-03 1.91771E-02 
2.31452E-01 5.21649E-03 3.29346E-02 
2.24771E-01 4.65488E-03 5.86613E-02 
2.19155E-01 4.17346E-03 1.07217E-01 
2.17001E-01 3.80179E-03 1.95803E-01 
2.23637E-01 3.60596E-03 3.38762E-01 
2.43170E-01 3.60924E-03 5.15813E-01 
2.65950E-01 3.63157E-03 6.59519E-01 
2.76227E-01 3.46644E-03 7.24769E-01 
2.87107E-01 3.70600E-02 1.78660E-04 
2.87652E-01 3.31401E-02 2.07158E-04 
2.84472E-01 3.06954E-02 2.42390E-04 
2.84273E-01 2.73104E-02 2.86489E-04 
2.83393E-01 2.41964E-02 3.42542E-04 
2.81823E-01 2.13606E-02 4.14802E-04 
2.79568E-01 1.88040E-02 5.09405E-04 
2.77363E-01 1.70141E-02 6.03446E-04 
2.76643E-01 1.65210E-02 6.35258E-04 
2.72776E-01 1.43527E-02 8.21497E-04 
2.68219E-01 1.24687E-02 1.08560E-03 
2.63045E-01 1.08437E-02 1.46929E-03 
2.57335E-01 9.44958E-03 2.04150E-03 
2.50962E-01 8.38921E-03 2.91939E-03 
2.44557E-01 7.39044E-03 4.30765E-03 
2.37817E-01 6.52707E-03 6.57597E-03 
2.30825E-01 5.77712E-03 1.04127E-02 
2.23674E-01 5.12226E-03 1.71355E-02 
2.16502E-01 4.54806E-03 2.93250E-02 
2.09587E-01 4.04586E-03 5.20504E-02 
2.03697E-01 3.61737E-03 9.48050E-02 
2.01044E-01 3.28661E-03 1.72514E-01 
2.06515E-01 3.10927E-03 2.97425E-01 
2.23809E-01 3.10400E-03 4.51277E-01 
2.43966E-01 3.11514E-03 5.74955E-01 
2.52564E-01 2.96611E-03 6.29609E-01 
2.77291E-01 3.70574E-02 1.67684E-04 
2.77608E-01 3.29408E-02 1.93874E-04 
2.74557E-01 3.00691E-02 2.26191E-04 
2.74066E-01 2.65522E-02 2.66571E-04 
2.72869E-01 2.33357E-02 3.17791E-04 
2.70953E-01 2.04242E-02 3.83664E-04 
2.68322E-01 1.78172E-02 4.69655E-04 
2.65812E-01 1.60051E-02 5.55002E-04 
2.65007E-01 1.55077E-02 5.83829E-04 
2.60709E-01 1.33347E-02 7.52310E-04 
2.55726E-01 1.14671E-02 9.90624E-04 
2.50139E-01 9.87502E-03 1.33596E-03 
2.44038E-01 8.52632E-03 1.84958E-03 
2.37358E-01 7.49340E-03 2.63571E-03 
2.30623E-01 6.55274E-03 3.87560E-03 
2.23590E-01 5.75060E-03 5.89575E-03 
2.16346E-01 5.06270E-03 9.30255E-03 
2.08988E-01 4.46865E-03 1.52552E-02 
2.01643E-01 3.95275E-03 2.60171E-02 
1.94580E-01 3.50475E-03 4.60148E-02 
1.88503E-01 3.12447E-03 8.35160E-02 
1.85445E-01 2.83110E-03 1.51440E-01 
1.89868E-01 2.67131E-03 2.60166E-01 
2.05088E-01 2.65979E-03 3.93348E-01 
2.22820E-01 2.66245E-03 4.99385E-01 
2.29916E-01 2.52865E-03 5.44921E-01 
2.66941E-01 3.71953E-02 1.57018E-04 
2.66996E-01 3.28612E-02 1.80978E-04 
2.64032E-01 2.95920E-02 2.10499E-04 
2.63227E-01 2.59350E-02 2.47332E-04 
2.61700E-01 2.26046E-02 2.93927E-04 
2.59440E-01 1.96084E-02 3.53701E-04 
2.56464E-01 1.69452E-02 4.31593E-04 
2.53687E-01 1.51065E-02 5.08712E-04 
2.52798E-01 1.46044E-02 5.34742E-04 
2.48125E-01 1.24220E-02 6.86562E-04 
2.42776E-01 1.05659E-02 9.00776E-04 
2.36842E-01 9.00242E-03 1.21037E-03 
2.30420E-01 7.69465E-03 1.66962E-03 
2.23501E-01 6.68970E-03 2.37086E-03 
2.16513E-01 5.80214E-03 3.47387E-03 
2.09269E-01 5.05610E-03 5.26597E-03 
2.01859E-01 4.42490E-03 8.27950E-03 
1.94376E-01 3.88644E-03 1.35298E-02 
1.86947E-01 3.42355E-03 2.29941E-02 
1.79817E-01 3.02500E-03 4.05238E-02 
1.73637E-01 2.68853E-03 7.32878E-02 
1.70264E-01 2.42928E-03 1.32432E-01 
1.73754E-01 2.28603E-03 2.26707E-01 
1.87064E-01 2.27013E-03 3.41552E-01 
2.02568E-01 2.26648E-03 4.32099E-01 
2.08332E-01 2.14707E-03 4.69832E-01 
2.56106E-01 3.74544E-02 1.46653E-04 
2.55873E-01 3.28888E-02 1.68476E-04 
2.52940E-01 2.92514E-02 1.95326E-04 
2.51806E-01 2.54365E-02 2.28753E-04 
2.49957E-01 2.19843E-02 2.70960E-04 
2.47379E-01 1.88984E-02 3.24991E-04 
2.44081E-01 1.61734E-02 3.95215E-04 
2.41052E-01 1.43048E-02 4.64583E-04 
2.40092E-01 1.37966E-02 4.87966E-04 
2.35082E-01 1.16005E-02 6.24193E-04 
2.29417E-01 9.75259E-03 8.15870E-04 
2.23195E-01 8.21406E-03 1.09215E-03 
2.16518E-01 6.94358E-03 1.50096E-03 
2.09427E-01 5.96706E-03 2.12365E-03 
2.02265E-01 5.12832E-03 3.10044E-03 
1.94891E-01 4.43386E-03 4.68336E-03 
1.87396E-01 3.85486E-03 7.33743E-03 
1.79873E-01 3.36736E-03 1.19477E-02 
1.72440E-01 2.95298E-03 2.02320E-02 
1.65324E-01 2.59944E-03 3.55317E-02 
1.59122E-01 2.30281E-03 6.40333E-02 
1.55520E-01 2.07470E-03 1.15299E-01 
1.58186E-01 1.94697E-03 1.96682E-01 
1.69741E-01 1.92822E-03 2.95272E-01 
1.83202E-01 1.92000E-03 3.72226E-01 
1.87793E-01 1.81415E-03 4.03303E-01 
2.44878E-01 3.78115E-02 1.36622E-04 
2.44330E-01 3.30012E-02 1.56412E-04 
2.41389E-01 2.90175E-02 1.80721E-04 
2.39940E-01 2.50394E-02 2.10935E-04 
2.37749E-01 2.14568E-02 2.48972E-04 
2.34842E-01 1.82745E-02 2.97558E-04 
2.31238E-01 1.54847E-02 3.60564E-04 
2.27984E-01 1.35847E-02 4.22691E-04 
2.26961E-01 1.30700E-02 4.43608E-04 
2.21660E-01 1.08587E-02 5.65231E-04 
2.15735E-01 9.01709E-03 7.35950E-04 
2.09286E-01 7.50135E-03 9.81399E-04 
2.02423E-01 6.26569E-03 1.34355E-03 
1.95230E-01 5.31810E-03 1.89398E-03 
1.87974E-01 4.52469E-03 2.75521E-03 
1.80552E-01 3.87802E-03 4.14656E-03 
1.73055E-01 3.34696E-03 6.47346E-03 
1.65572E-01 2.90615E-03 1.05033E-02 
1.58214E-01 2.53608E-03 1.77227E-02 
1.51190E-01 2.22338E-03 3.10150E-02 
1.45040E-01 1.96288E-03 5.56980E-02 
1.41291E-01 1.76305E-03 9.99311E-02 
1.43238E-01 1.64980E-03 1.69867E-01 
1.53193E-01 1.62943E-03 2.54115E-01 
1.64795E-01 1.61812E-03 3.19206E-01 
1.68365E-01 1.52491E-03 3.44637E-01 
2.33345E-01 3.82416E-02 1.26958E-04 
2.32462E-01 3.31765E-02 1.44822E-04 
2.29475E-01 2.88659E-02 1.66719E-04 
2.27687E-01 2.47182E-02 1.93895E-04 
2.25183E-01 2.10035E-02 2.28029E-04 
2.21958E-01 1.77224E-02 2.71501E-04 
2.18052E-01 1.48654E-02 3.27740E-04 
2.14594E-01 1.29332E-02 3.83085E-04 
2.13515E-01 1.24122E-02 4.01702E-04 
2.07969E-01 1.01855E-02 5.09776E-04 
2.01833E-01 8.34968E-03 6.61058E-04 
1.95218E-01 6.85594E-03 8.78003E-04 
1.88241E-01 5.65359E-03 1.19731E-03 
1.81015E-01 4.73552E-03 1.68148E-03 
1.73740E-01 3.98468E-03 2.43702E-03 
1.66349E-01 3.38235E-03 3.65442E-03 
1.58927E-01 2.89551E-03 5.68428E-03 
1.51559E-01 2.49746E-03 9.18981E-03 
1.44349E-01 2.16772E-03 1.54519E-02 
1.37486E-01 1.89209E-03 2.69441E-02 
1.31458E-01 1.66429E-03 4.82148E-02 
1.27636E-01 1.49005E-03 8.62015E-02 
1.28967E-01 1.39025E-03 1.46009E-01 
1.37473E-01 1.36925E-03 2.17650E-01 
1.47394E-01 1.35605E-03 2.72437E-01 
1.50086E-01 1.27452E-03 2.93099E-01 
2.21578E-01 3.87164E-02 1.17675E-04 
2.20361E-01 3.33911E-02 1.33730E-04 
2.17289E-01 2.87743E-02 1.53358E-04 
2.15154E-01 2.44514E-02 1.77669E-04 
2.12341E-01 2.06031E-02 2.08144E-04 
2.08828E-01 1.72243E-02 2.46855E-04 
2.04647E-01 1.43012E-02 2.96786E-04 
2.00997E-01 1.23377E-02 3.45820E-04 
1.99866E-01 1.18103E-02 3.62295E-04 
1.94113E-01 9.56962E-03 4.57802E-04 
1.87822E-01 7.74090E-03 5.91160E-04 
1.81106E-01 6.26963E-03 7.81906E-04 
1.74079E-01 5.10003E-03 1.06196E-03 
1.66883E-01 4.21230E-03 1.48561E-03 
1.59663E-01 3.50170E-03 2.14497E-03 
1.52372E-01 2.94086E-03 3.20461E-03 
1.45096E-01 2.49504E-03 4.96626E-03 
1.37913E-01 2.13623E-03 8.00000E-03 
1.30917E-01 1.84319E-03 1.34033E-02 
1.24278E-01 1.60117E-03 2.32880E-02 
1.18434E-01 1.40286E-03 4.15237E-02 
1.14607E-01 1.25175E-03 7.39765E-02 
1.15416E-01 1.16435E-03 1.24857E-01 
1.22619E-01 1.14348E-03 1.85459E-01 
1.31029E-01 1.12935E-03 2.31321E-01 
1.32976E-01 1.05856E-03 2.47979E-01 
2.09731E-01 3.92151E-02 1.08835E-04 
2.08150E-01 3.36210E-02 1.23184E-04 
2.04961E-01 2.87166E-02 1.40691E-04 
2.02487E-01 2.42191E-02 1.62328E-04 
1.99356E-01 2.02368E-02 1.89378E-04 
1.95575E-01 1.67636E-02 2.23665E-04 
1.91155E-01 1.37788E-02 2.67779E-04 
1.87342E-01 1.17869E-02 3.10995E-04 
1.86168E-01 1.12540E-02 3.25498E-04 
1.80247E-01 9.00254E-03 4.09439E-04 
1.73848E-01 7.18343E-03 5.26356E-04 
1.67085E-01 5.73600E-03 6.93185E-04 
1.60073E-01 4.59947E-03 9.37472E-04 
1.52966E-01 3.74305E-03 1.30624E-03 
1.45864E-01 3.07102E-03 1.87872E-03 
1.38742E-01 2.54925E-03 2.79604E-03 
1.31676E-01 2.14141E-03 4.31717E-03 
1.24739E-01 1.81858E-03 6.92888E-03 
1.18015E-01 1.55889E-03 1.15661E-02 
1.11655E-01 1.34718E-03 2.00247E-02 
1.06047E-01 1.17534E-03 3.55776E-02 
1.02276E-01 1.04501E-03 6.31569E-02 
1.02653E-01 9.68977E-04 1.06217E-01 
1.08695E-01 9.48824E-04 1.57211E-01 
1.15762E-01 9.34479E-04 1.95389E-01 
1.17087E-01 8.73502E-04 2.08714E-01 
1.97865E-01 3.97142E-02 1.00428E-04 
1.95922E-01 3.38493E-02 1.13187E-04 
1.92583E-01 2.86723E-02 1.28712E-04 
1.89761E-01 2.40001E-02 1.47850E-04 
1.86324E-01 1.98876E-02 1.71718E-04 
1.82282E-01 1.63242E-02 2.01902E-04 
1.77651E-01 1.32835E-02 2.40637E-04 
1.73705E-01 1.12677E-02 2.78497E-04 
1.72498E-01 1.07307E-02 2.91189E-04 
1.66456E-01 8.47382E-03 3.64528E-04 
1.59996E-01 6.66811E-03 4.66411E-04 
1.53234E-01 5.24695E-03 6.11411E-04 
1.46288E-01 4.14453E-03 8.23211E-04 
1.39327E-01 3.32075E-03 1.14225E-03 
1.32405E-01 2.68628E-03 1.63627E-03 
1.25511E-01 2.20163E-03 2.42580E-03 
1.18712E-01 1.82924E-03 3.73125E-03 
1.12076E-01 1.53953E-03 5.96620E-03 
1.05674E-01 1.31022E-03 9.92259E-03 
9.96392E-02 1.12585E-03 1.71171E-02 
9.43134E-02 9.77758E-04 3.03027E-02 
9.06513E-02 8.66058E-04 5.35985E-02 
9.06779E-02 8.00403E-04 8.98192E-02 
9.56920E-02 7.81399E-04 1.32464E-01 
1.01569E-01 7.67393E-04 1.64042E-01 
1.02383E-01 7.15331E-04 1.74602E-01 
1.86189E-01 4.01838E-02 9.25478E-05 
1.83906E-01 3.40534E-02 1.03850E-04 
1.80398E-01 2.86227E-02 1.17555E-04 
1.77245E-01 2.37816E-02 1.34407E-04 
1.73503E-01 1.95444E-02 1.55353E-04 
1.69216E-01 1.58981E-02 1.81786E-04 
1.64397E-01 1.28091E-02 2.15624E-04 
1.60340E-01 1.07751E-02 2.48626E-04 
1.59108E-01 1.02355E-02 2.59679E-04 
1.52988E-01 7.98009E-03 3.23437E-04 
1.46517E-01 6.19297E-03 4.11787E-04 
1.39813E-01 4.80143E-03 5.37215E-04 
1.32986E-01 3.73463E-03 7.19976E-04 
1.26213E-01 2.94456E-03 9.94676E-04 
1.19520E-01 2.34648E-03 1.41897E-03 
1.12900E-01 1.89694E-03 2.09528E-03 
1.06415E-01 1.55746E-03 3.21044E-03 
1.00120E-01 1.29795E-03 5.11420E-03 
9.40783E-02 1.09597E-03 8.47468E-03 
8.84033E-02 9.35941E-04 1.45657E-02 
8.33932E-02 8.08877E-04 2.56926E-02 
7.98827E-02 7.13606E-04 4.52828E-02 
7.96359E-02 6.57262E-04 7.56116E-02 
8.37567E-02 6.39694E-04 1.11112E-01 
8.86013E-02 6.26425E-04 1.37108E-01 
8.90073E-02 5.82310E-04 1.45412E-01 
1.74597E-01 4.06134E-02 8.50681E-05 
1.71984E-01 3.42196E-02 9.50177E-05 
1.68287E-01 2.85476E-02 1.07029E-04 
1.64825E-01 2.35447E-02 1.21766E-04 
1.60799E-01 1.91905E-02 1.40015E-04 
1.56270E-01 1.54677E-02 1.62969E-04 
1.51278E-01 1.23383E-02 1.92295E-04 
1.47132E-01 1.02925E-02 2.20830E-04 
1.45882E-01 9.75211E-03 2.30377E-04 
1.39708E-01 7.50518E-03 2.85347E-04 
1.33265E-01 5.74295E-03 3.61346E-04 
1.26665E-01 4.38573E-03 4.68994E-04 
1.20012E-01 3.35748E-03 6.25476E-04 
1.13481E-01 2.60323E-03 8.60206E-04 
1.07068E-01 2.04154E-03 1.22185E-03 
1.00770E-01 1.62604E-03 1.79674E-03 
9.46410E-02 1.31768E-03 2.74202E-03 
8.87267E-02 1.08617E-03 4.35120E-03 
8.30789E-02 9.09145E-04 7.18298E-03 
7.77946E-02 7.71116E-04 1.23002E-02 
7.31303E-02 6.62872E-04 2.16170E-02 
6.98089E-02 5.82295E-04 3.79601E-02 
6.93535E-02 5.34390E-04 6.31539E-02 
7.26925E-02 5.18456E-04 9.24676E-02 
7.66330E-02 5.06209E-04 1.13686E-01 
7.67177E-02 4.69244E-04 1.20133E-01 
1.63281E-01 4.09817E-02 7.80646E-05 
1.60343E-01 3.43289E-02 8.67675E-05 
1.56476E-01 2.84369E-02 9.72445E-05 
1.52695E-01 2.32767E-02 1.10030E-04 
1.48410E-01 1.88160E-02 1.25820E-04 
1.43671E-01 1.50286E-02 1.45622E-04 
1.38534E-01 1.18690E-02 1.70854E-04 
1.34326E-01 9.81895E-03 1.95367E-04 
1.33062E-01 9.27963E-03 2.03551E-04 
1.26868E-01 7.04979E-03 2.50609E-04 
1.20489E-01 5.31884E-03 3.15518E-04 
1.14031E-01 4.00030E-03 4.07253E-04 
1.07591E-01 3.01313E-03 5.40316E-04 
1.01336E-01 2.29631E-03 7.39516E-04 
9.52397E-02 1.77076E-03 1.04567E-03 
8.92998E-02 1.38809E-03 1.53112E-03 
8.35590E-02 1.10898E-03 2.32711E-03 
7.80530E-02 9.03241E-04 3.67823E-03 
7.28230E-02 7.48780E-04 6.04867E-03 
6.79486E-02 6.30333E-04 1.03190E-02 
6.36490E-02 5.38706E-04 1.80680E-02 
6.05448E-02 4.71055E-04 3.16106E-02 
5.99401E-02 4.30669E-04 5.23970E-02 
6.26087E-02 4.16464E-04 7.64359E-02 
6.57736E-02 4.05415E-04 9.36293E-02 
6.56157E-02 3.74765E-04 9.85769E-02 
1.52328E-01 4.12800E-02 7.15391E-05 
1.49062E-01 3.43705E-02 7.90931E-05 
1.45008E-01 2.82732E-02 8.81634E-05 
1.40966E-01 2.29719E-02 9.91960E-05 
1.36435E-01 1.84150E-02 1.12750E-04 
1.31503E-01 1.45733E-02 1.29693E-04 
1.26238E-01 1.13942E-02 1.51225E-04 
1.21987E-01 9.34789E-03 1.72111E-04 
1.20720E-01 8.81208E-03 1.79081E-04 
1.14557E-01 6.60948E-03 2.19078E-04 
1.08276E-01 4.91667E-03 2.74100E-04 
1.01989E-01 3.64133E-03 3.51679E-04 
9.57907E-02 2.69786E-03 4.63961E-04 
8.98397E-02 2.02002E-03 6.31761E-04 
8.40906E-02 1.53050E-03 8.89060E-04 
7.85355E-02 1.17960E-03 1.29598E-03 
7.32058E-02 9.28018E-04 1.96145E-03 
6.81268E-02 7.45974E-04 3.08772E-03 
6.33287E-02 6.11850E-04 5.05790E-03 
5.88760E-02 5.10816E-04 8.59556E-03 
5.49524E-02 4.33797E-04 1.49935E-02 
5.20859E-02 3.77447E-04 2.61341E-02 
5.13835E-02 3.43714E-04 4.31579E-02 
5.34832E-02 3.31259E-04 6.27236E-02 
5.59898E-02 3.21507E-04 7.65477E-02 
5.56569E-02 2.96379E-04 8.02929E-02 
1.41787E-01 4.14981E-02 6.54774E-05 
1.38208E-01 3.43387E-02 7.19835E-05 
1.33967E-01 2.80503E-02 7.97736E-05 
1.29678E-01 2.26196E-02 8.92148E-05 
1.24926E-01 1.79788E-02 1.00750E-04 
1.19830E-01 1.40961E-02 1.15120E-04 
1.14470E-01 1.09104E-02 1.33341E-04 
1.10186E-01 8.87536E-03 1.50969E-04 
1.08917E-01 8.34496E-03 1.56844E-04 
1.02797E-01 6.17796E-03 1.90517E-04 
9.66579E-02 4.53151E-03 2.36775E-04 
9.05949E-02 3.30532E-03 3.01895E-04 
8.46795E-02 2.40873E-03 3.95929E-04 
7.90583E-02 1.77139E-03 5.36187E-04 
7.36743E-02 1.31773E-03 7.50739E-04 
6.85189E-02 9.97498E-04 1.08916E-03 
6.36120E-02 7.71788E-04 1.64112E-03 
5.89685E-02 6.11493E-04 2.57263E-03 
5.46078E-02 4.95667E-04 4.19715E-03 
5.05797E-02 4.10031E-04 7.10498E-03 
4.70356E-02 3.45779E-04 1.23459E-02 
4.44201E-02 2.99255E-04 2.14375E-02 
4.36638E-02 2.71362E-04 3.52681E-02 
4.52867E-02 2.60622E-04 5.10637E-02 
4.72405E-02 2.52196E-04 6.20833E-02 
4.67901E-02 2.31857E-04 6.48751E-02 
1.31704E-01 4.16298E-02 5.98655E-05 
1.27840E-01 3.42309E-02 6.54245E-05 
1.23401E-01 2.77629E-02 7.20495E-05 
1.18892E-01 2.22160E-02 8.00566E-05 
1.13962E-01 1.75075E-02 8.97909E-05 
1.08733E-01 1.35978E-02 1.01869E-04 
1.03296E-01 1.04161E-02 1.17130E-04 
9.90005E-02 8.40036E-03 1.31864E-04 
9.77384E-02 7.87787E-03 1.36773E-04 
9.17115E-02 5.75723E-03 1.64888E-04 
8.57363E-02 4.16347E-03 2.03426E-04 
7.99013E-02 2.98995E-03 2.57550E-04 
7.42825E-02 2.14256E-03 3.35577E-04 
6.90102E-02 1.54712E-03 4.51796E-04 
6.40115E-02 1.12933E-03 6.29193E-04 
5.92698E-02 8.38837E-04 9.08310E-04 
5.47944E-02 6.37518E-04 1.36229E-03 
5.05903E-02 4.97188E-04 2.12630E-03 
4.66671E-02 3.97789E-04 3.45464E-03 
4.30598E-02 3.25708E-04 5.82471E-03 
3.98925E-02 2.72549E-04 1.00818E-02 
3.75346E-02 2.34504E-04 1.74382E-02 
3.67607E-02 2.11693E-04 2.85784E-02 
3.79896E-02 2.02588E-04 4.12191E-02 
3.94852E-02 1.95458E-04 4.99220E-02 
3.89651E-02 1.79238E-04 5.19672E-02 
1.22110E-01 4.16699E-02 5.46836E-05 
1.17984E-01 3.40420E-02 5.93876E-05 
1.13354E-01 2.74072E-02 6.49618E-05 
1.08639E-01 2.17564E-02 7.16747E-05 
1.03570E-01 1.69970E-02 7.98083E-05 
9.82285E-02 1.30724E-02 8.98379E-05 
9.27463E-02 9.90816E-03 1.02479E-04 
8.84698E-02 7.92148E-03 1.14670E-04 
8.72191E-02 7.40899E-03 1.18726E-04 
8.13042E-02 5.34331E-03 1.41942E-04 
7.55186E-02 3.80909E-03 1.73716E-04 
6.99426E-02 2.69318E-03 2.18271E-04 
6.46405E-02 1.89745E-03 2.82395E-04 
5.97296E-02 1.34495E-03 3.77788E-04 
5.51255E-02 9.62787E-04 5.23101E-04 
5.08026E-02 7.01035E-04 7.51203E-04 
4.67594E-02 5.22655E-04 1.12123E-03 
4.29909E-02 4.00613E-04 1.74216E-03 
3.94968E-02 3.15890E-04 2.81848E-03 
3.63014E-02 2.55707E-04 4.73256E-03 
3.35019E-02 2.12128E-04 8.15854E-03 
3.14024E-02 1.81349E-04 1.40562E-02 
3.06403E-02 1.62924E-04 2.29454E-02 
3.15483E-02 1.55344E-04 3.29650E-02 
3.26694E-02 1.49446E-04 3.97691E-02 
3.21184E-02 1.36731E-04 4.12368E-02 
1.12998E-01 4.16090E-02 4.99012E-05 
1.08649E-01 3.37682E-02 5.38416E-05 
1.03857E-01 2.69847E-02 5.84808E-05 
9.89633E-02 2.12437E-02 6.40391E-05 
9.37785E-02 1.64474E-02 7.07483E-05 
8.83631E-02 1.25232E-02 7.89745E-05 
8.28641E-02 9.38846E-03 8.93118E-05 
7.86237E-02 7.43864E-03 9.92677E-05 
7.73920E-02 6.93847E-03 1.02579E-04 
7.16111E-02 4.93629E-03 1.21515E-04 
6.60331E-02 3.46767E-03 1.47400E-04 
6.07384E-02 2.41346E-03 1.83678E-04 
5.57755E-02 1.67166E-03 2.35839E-04 
5.12371E-02 1.16289E-03 3.13358E-04 
4.70297E-02 8.15905E-04 4.31202E-04 
4.31233E-02 5.81813E-04 6.15751E-04 
3.95051E-02 4.24913E-04 9.14366E-04 
3.61611E-02 3.19556E-04 1.41403E-03 
3.30827E-02 2.47909E-04 2.27747E-03 
3.02829E-02 1.98092E-04 3.80796E-03 
2.78370E-02 1.62733E-04 6.53764E-03 
2.59912E-02 1.38130E-04 1.12180E-02 
2.52639E-02 1.23455E-04 1.82388E-02 
2.59149E-02 1.17271E-04 2.60983E-02 
2.67349E-02 1.12517E-04 3.13593E-02 
2.61833E-02 1.02755E-04 3.23868E-02 
1.04402E-01 4.14522E-02 4.55053E-05 
9.98677E-02 3.34150E-02 4.87672E-05 
9.49273E-02 2.64967E-02 5.25712E-05 
8.98838E-02 2.06797E-02 5.71047E-05 
8.46002E-02 1.58591E-02 6.25487E-05 
7.91556E-02 1.19516E-02 6.92037E-05 
7.36741E-02 8.85888E-03 7.75333E-05 
6.94854E-02 6.95322E-03 8.55418E-05 
6.82760E-02 6.46723E-03 8.82035E-05 
6.26572E-02 4.53690E-03 1.03440E-04 
5.73193E-02 3.14002E-03 1.24276E-04 
5.23242E-02 2.15080E-03 1.53468E-04 
4.77012E-02 1.46400E-03 1.95388E-04 
4.35308E-02 9.99034E-04 2.57642E-04 
3.97180E-02 6.86602E-04 3.52150E-04 
3.62207E-02 4.79004E-04 4.99840E-04 
3.30161E-02 3.42164E-04 7.38211E-04 
3.00812E-02 2.51982E-04 1.13595E-03 
2.74002E-02 1.91936E-04 1.82117E-03 
2.49757E-02 1.51101E-04 3.03166E-03 
2.28649E-02 1.22747E-04 5.18285E-03 
2.12636E-02 1.03351E-04 8.85620E-03 
2.05879E-02 9.18521E-05 1.43396E-02 
2.10374E-02 8.69237E-05 2.04346E-02 
2.16195E-02 8.32102E-05 2.44533E-02 
2.10901E-02 7.59107E-05 2.51511E-02 
9.63121E-02 4.12023E-02 4.14664E-05 
9.16031E-02 3.29772E-02 4.41160E-05 
8.65520E-02 2.59441E-02 4.71853E-05 
8.13881E-02 2.00657E-02 5.08130E-05 
7.60423E-02 1.52367E-02 5.51497E-05 
7.05883E-02 1.13578E-02 6.04256E-05 
6.51563E-02 8.31952E-03 6.70139E-05 
6.10466E-02 6.46625E-03 7.33455E-05 
5.98672E-02 5.99650E-03 7.54503E-05 
5.44278E-02 4.14500E-03 8.74962E-05 
4.93482E-02 2.82481E-03 1.04011E-04 
4.46616E-02 1.90317E-03 1.27154E-04 
4.03903E-02 1.27264E-03 1.60394E-04 
3.65926E-02 8.51606E-04 2.09756E-04 
3.31674E-02 5.72898E-04 2.84584E-04 
3.00671E-02 3.90553E-04 4.01300E-04 
2.72597E-02 2.72374E-04 5.89235E-04 
2.47142E-02 1.95950E-04 9.01951E-04 
2.24081E-02 1.46148E-04 1.43903E-03 
2.03359E-02 1.13077E-04 2.38454E-03 
1.85387E-02 9.06557E-05 4.05861E-03 
1.71694E-02 7.56216E-05 6.90539E-03 
1.65570E-02 6.67939E-05 1.11333E-02 
1.68516E-02 6.29792E-05 1.57982E-02 
1.72488E-02 6.01952E-05 1.88248E-02 
1.67584E-02 5.49331E-05 1.92804E-02 
8.87805E-02 4.08592E-02 3.77901E-05 
8.39247E-02 3.24626E-02 3.98996E-05 
7.87915E-02 2.53332E-02 4.23275E-05 
7.35436E-02 1.94109E-02 4.51688E-05 
6.81551E-02 1.45857E-02 4.85395E-05 
6.27307E-02 1.07509E-02 5.26362E-05 
5.73740E-02 7.77736E-03 5.77360E-05 
5.33629E-02 5.98315E-03 6.26418E-05 
5.22195E-02 5.53143E-03 6.42753E-05 
4.69893E-02 3.76561E-03 7.36385E-05 
4.21745E-02 2.52505E-03 8.65092E-05 
3.78037E-02 1.67247E-03 1.04592E-04 
3.38853E-02 1.09826E-03 1.30601E-04 
3.04540E-02 7.20340E-04 1.69254E-04 
2.74064E-02 4.74060E-04 2.27813E-04 
2.46863E-02 3.15454E-04 3.19001E-04 
2.22530E-02 2.14370E-04 4.65502E-04 
2.00697E-02 1.50234E-04 7.08591E-04 
1.81093E-02 1.09352E-04 1.12481E-03 
1.63599E-02 8.28789E-05 1.85497E-03 
1.48491E-02 6.54020E-05 3.14290E-03 
1.36941E-02 5.39577E-05 5.32367E-03 
1.31513E-02 4.73348E-05 8.54556E-03 
1.33312E-02 4.44862E-05 1.20732E-02 
1.35895E-02 4.25150E-05 1.43232E-02 
1.31482E-02 3.89053E-05 1.46064E-02 
8.16958E-02 4.04229E-02 3.44044E-05 
7.67260E-02 3.18707E-02 3.60359E-05 
7.15251E-02 2.46585E-02 3.78932E-05 
6.62356E-02 1.87115E-02 4.00511E-05 
6.08392E-02 1.39056E-02 4.25839E-05 
5.54661E-02 1.01263E-02 4.56569E-05 
5.02216E-02 7.23001E-03 4.94878E-05 
4.63243E-02 5.50099E-03 5.31740E-05 
4.52206E-02 5.06877E-03 5.44049E-05 
4.02277E-02 3.39534E-03 6.15055E-05 
3.56961E-02 2.23804E-03 7.13133E-05 
3.16457E-02 1.45576E-03 8.51452E-05 
2.80793E-02 9.37863E-04 1.05110E-04 
2.50134E-02 6.02492E-04 1.34877E-04 
2.23320E-02 3.87454E-04 1.79959E-04 
1.99736E-02 2.51186E-04 2.50057E-04 
1.78917E-02 1.65836E-04 3.62429E-04 
1.60454E-02 1.12737E-04 5.48387E-04 
1.44034E-02 7.96659E-05 8.65752E-04 
1.29497E-02 5.88368E-05 1.42060E-03 
1.17001E-02 4.55003E-05 2.39539E-03 
1.07425E-02 3.70234E-05 4.03859E-03 
1.02724E-02 3.22270E-05 6.45291E-03 
1.03688E-02 3.02174E-05 9.07487E-03 
1.05246E-02 2.89591E-05 1.07170E-02 
1.01381E-02 2.66919E-05 1.08787E-02 
7.50957E-02 3.98982E-02 3.13123E-05 
7.00507E-02 3.12115E-02 3.25286E-05 
6.48041E-02 2.39323E-02 3.38878E-05 
5.95040E-02 1.79773E-02 3.54559E-05 
5.41332E-02 1.32059E-02 3.72728E-05 
4.88386E-02 9.49402E-03 3.94758E-05 
4.37329E-02 6.68482E-03 4.22388E-05 
3.99760E-02 5.02742E-03 4.49140E-05 
3.89188E-02 4.61620E-03 4.58118E-05 
3.41721E-02 3.03869E-03 5.10232E-05 
2.99370E-02 1.96679E-03 5.83070E-05 
2.62206E-02 1.25539E-03 6.86741E-05 
2.30036E-02 7.92742E-04 8.37150E-05 
2.02835E-02 4.98101E-04 1.06218E-04 
1.79468E-02 3.12505E-04 1.40332E-04 
1.59255E-02 1.96903E-04 1.93339E-04 
1.41676E-02 1.25799E-04 2.78157E-04 
1.26285E-02 8.24615E-05 4.18158E-04 
1.12740E-02 5.61299E-05 6.56306E-04 
1.00850E-02 4.00512E-05 1.07120E-03 
9.06824E-03 3.01272E-05 1.79708E-03 
8.28779E-03 2.40619E-05 3.01496E-03 
7.88960E-03 2.07537E-05 4.79397E-03 
7.92824E-03 1.94601E-05 6.70924E-03 
8.01101E-03 1.88137E-05 7.88504E-03 
7.68116E-03 1.76219E-05 7.96546E-03 
6.89441E-02 3.92806E-02 2.84848E-05 
6.38586E-02 3.04839E-02 2.93410E-05 
5.86010E-02 2.31583E-02 3.02726E-05 
5.33167E-02 1.72115E-02 3.13334E-05 
4.80068E-02 1.24908E-02 3.25456E-05 
4.28178E-02 8.85800E-03 3.40162E-05 
3.78749E-02 6.14482E-03 3.58896E-05 
3.42765E-02 4.56431E-03 3.77304E-05 
3.32704E-02 4.17525E-03 3.83545E-05 
2.87904E-02 2.69754E-03 4.20229E-05 
2.48618E-02 1.71216E-03 4.72544E-05 
2.14778E-02 1.07090E-03 5.48129E-05 
1.86025E-02 6.61917E-04 6.58810E-05 
1.62156E-02 4.06107E-04 8.25481E-05 
1.42036E-02 2.48024E-04 1.07874E-04 
1.24941E-02 1.51350E-04 1.47226E-04 
1.10312E-02 9.30119E-05 2.10105E-04 
9.76800E-03 5.82216E-05 3.13629E-04 
8.66935E-03 3.76547E-05 4.89185E-04 
7.71318E-03 2.55367E-05 7.93798E-04 
6.90067E-03 1.84016E-05 1.32448E-03 
6.27627E-03 1.42785E-05 2.21040E-03 
5.94649E-03 1.21728E-05 3.49641E-03 
5.94727E-03 1.14859E-05 4.86789E-03 
5.98014E-03 1.13620E-05 5.69135E-03 
5.70539E-03 1.10248E-05 5.71964E-03 
6.32165E-02 3.85700E-02 2.58995E-05 
5.81279E-02 2.96916E-02 2.64476E-05 
5.28882E-02 2.23404E-02 2.70128E-05 
4.76489E-02 1.64194E-02 2.76427E-05 
4.24323E-02 1.17653E-02 2.83492E-05 
3.73774E-02 8.22338E-03 2.92127E-05 
3.26182E-02 5.61407E-03 3.03537E-05 
2.91954E-02 4.11505E-03 3.15178E-05 
2.82437E-02 3.74897E-03 3.19194E-05 
2.40484E-02 2.37392E-03 3.43486E-05 
2.04324E-02 1.47516E-03 3.79390E-05 
1.73788E-02 9.02546E-04 4.32631E-05 
1.48347E-02 5.45018E-04 5.11824E-05 
1.27646E-02 3.25764E-04 6.32377E-05 
1.10543E-02 1.93031E-04 8.16329E-05 
9.62900E-03 1.13439E-04 1.10246E-04 
8.43050E-03 6.63865E-05 1.55920E-04 
7.41123E-03 3.89909E-05 2.30938E-04 
6.53599E-03 2.32969E-05 3.57738E-04 
5.78156E-03 1.44533E-05 5.76838E-04 
5.14487E-03 9.57552E-06 9.56786E-04 
4.65530E-03 7.00342E-06 1.58759E-03 
4.38833E-03 5.86278E-06 2.49697E-03 
4.36608E-03 5.68772E-06 3.45659E-03 
4.36655E-03 6.00892E-06 4.01826E-03 
4.14300E-03 6.34713E-06 4.01520E-03 
5.78855E-02 3.77659E-02 2.35346E-05 
5.28210E-02 2.88321E-02 2.38180E-05 
4.76350E-02 2.14818E-02 2.40749E-05 
4.24695E-02 1.56053E-02 2.43428E-05 
3.73754E-02 1.10336E-02 2.46310E-05 
3.24827E-02 7.59443E-03 2.49993E-05 
2.79297E-02 5.09667E-03 2.55495E-05 
2.46958E-02 3.68270E-03 2.61729E-05 
2.38028E-02 3.34041E-03 2.63987E-05 
1.99042E-02 2.06951E-03 2.78499E-05 
1.66053E-02 1.25662E-03 3.01551E-05 
1.38764E-02 7.50451E-04 3.37358E-05 
1.16532E-02 4.41748E-04 3.92157E-05 
9.88003E-03 2.56337E-04 4.76923E-05 
8.44635E-03 1.46598E-04 6.07207E-05 
7.27623E-03 8.21855E-05 8.10356E-05 
6.31083E-03 4.49630E-05 1.13449E-04 
5.50342E-03 2.38769E-05 1.66567E-04 
4.81967E-03 1.22517E-05 2.56032E-04 
4.23678E-03 6.08636E-06 4.09942E-04 
3.74846E-03 3.01898E-06 6.75448E-04 
3.37293E-03 1.67626E-06 1.11352E-03 
3.16171E-03 1.30624E-06 1.74004E-03 
3.12698E-03 1.56307E-06 2.39309E-03 
3.10768E-03 2.26418E-06 2.76373E-03 
2.92983E-03 3.13552E-06 2.74359E-03 
5.29167E-02 3.68610E-02 2.13679E-05 
4.79057E-02 2.79029E-02 2.14263E-05 
4.28097E-02 2.05841E-02 2.14283E-05 
3.77507E-02 1.47738E-02 2.13981E-05 
3.28038E-02 1.02999E-02 2.13443E-05 
2.81004E-02 6.97545E-03 2.13171E-05 
2.37731E-02 4.59607E-03 2.14001E-05 
2.07397E-02 3.27008E-03 2.16017E-05 
1.99089E-02 2.95223E-03 2.16920E-05 
1.63170E-02 1.78612E-03 2.23916E-05 
1.33366E-02 1.05741E-03 2.37163E-05 
1.09245E-02 6.14763E-04 2.59719E-05 
9.00405E-03 3.51550E-04 2.95957E-05 
7.50636E-03 1.97026E-04 3.53555E-05 
6.32386E-03 1.07844E-04 4.43175E-05 
5.38015E-03 5.67128E-05 5.83565E-05 
4.61722E-03 2.79115E-05 8.07611E-05 
3.99044E-03 1.21223E-05 1.17391E-04 
3.46740E-03 3.84519E-06 1.78826E-04 
3.02721E-03 -1.56104E-07 2.84010E-04 
2.66124E-03 -1.78555E-06 4.64319E-04 
2.37983E-03 -2.16046E-06 7.59605E-04 
2.21637E-03 -1.91646E-06 1.17785E-03 
2.17617E-03 -1.29371E-06 1.60714E-03 
2.14581E-03 -2.66194E-07 1.84125E-03 
2.00713E-03 1.02668E-06 1.81332E-03 
4.82510E-02 3.58350E-02 1.93682E-05 
4.33335E-02 2.68963E-02 1.92410E-05 
3.83592E-02 1.96415E-02 1.90335E-05 
3.34408E-02 1.39233E-02 1.87622E-05 
2.86698E-02 9.56527E-03 1.84357E-05 
2.41812E-02 6.36802E-03 1.80994E-05 
2.00987E-02 4.11400E-03 1.78224E-05 
1.72762E-02 2.87854E-03 1.77041E-05 
1.65098E-02 2.58548E-03 1.76921E-05 
1.32319E-02 1.52416E-03 1.78305E-05 
1.05694E-02 8.77446E-04 1.84302E-05 
8.46389E-03 4.94959E-04 1.97058E-05 
6.82961E-03 2.73760E-04 2.19599E-05 
5.58572E-03 1.47039E-04 2.57116E-05 
4.62702E-03 7.58955E-05 3.16569E-05 
3.88017E-03 3.61706E-05 4.10406E-05 
3.28968E-03 1.44613E-05 5.60347E-05 
2.81399E-03 3.05144E-06 8.04856E-05 
2.42332E-03 -2.50516E-06 1.21279E-04 
2.09923E-03 -4.77592E-06 1.90709E-04 
1.83197E-03 -5.26976E-06 3.08758E-04 
1.62635E-03 -4.88422E-06 5.00197E-04 
1.50248E-03 -4.14867E-06 7.67849E-04 
1.46100E-03 -3.21218E-06 1.03683E-03 
1.42514E-03 -1.90025E-06 1.17523E-03 
1.31879E-03 -2.71259E-07 1.14508E-03 
4.38674E-02 3.46678E-02 1.75222E-05 
3.90870E-02 2.58053E-02 1.72477E-05 
3.42676E-02 1.86532E-02 1.68733E-05 
2.95256E-02 1.30579E-02 1.64146E-05 
2.49586E-02 8.83538E-03 1.58788E-05 
2.07082E-02 5.77798E-03 1.53112E-05 
1.68885E-02 3.65584E-03 1.47705E-05 
1.42841E-02 2.51242E-03 1.44207E-05 
1.35833E-02 2.24417E-03 1.43355E-05 
1.06228E-02 1.28633E-03 1.40774E-05 
8.27064E-03 7.17999E-04 1.41652E-05 
6.45713E-03 3.91461E-04 1.47503E-05 
5.08665E-03 2.08160E-04 1.60317E-05 
4.07057E-03 1.05834E-04 1.83489E-05 
3.30813E-03 5.01542E-05 2.21377E-05 
2.72877E-03 1.99699E-05 2.81847E-05 
2.28117E-03 4.06606E-06 3.78641E-05 
1.92797E-03 -3.82182E-06 5.35917E-05 
1.64289E-03 -7.22060E-06 7.96433E-05 
1.40996E-03 -8.13540E-06 1.23598E-04 
1.21954E-03 -7.74555E-06 1.97468E-04 
1.07278E-03 -6.76761E-06 3.15557E-04 
9.80207E-04 -5.63908E-06 4.77447E-04 
9.39520E-04 -4.43240E-06 6.34817E-04 
9.01268E-04 -2.87196E-06 7.07988E-04 
8.20413E-04 -9.74398E-07 6.78730E-04 
3.96893E-02 3.33158E-02 1.57945E-05 
3.50927E-02 2.46009E-02 1.54074E-05 
3.04690E-02 1.76029E-02 1.49059E-05 
2.59434E-02 1.21692E-02 1.43088E-05 
2.16128E-02 8.10690E-03 1.36208E-05 
1.76240E-02 5.20384E-03 1.28883E-05 
1.40851E-02 3.22103E-03 1.21659E-05 
1.17064E-02 2.17148E-03 1.16595E-05 
1.10724E-02 1.92813E-03 1.15252E-05 
8.42901E-03 1.07195E-03 1.10032E-05 
6.37906E-03 5.78229E-04 1.07516E-05 
4.84134E-03 3.03241E-04 1.08743E-05 
3.71251E-03 1.53739E-04 1.14957E-05 
2.89847E-03 7.24817E-05 1.28245E-05 
2.30445E-03 2.97702E-05 1.51124E-05 
1.86459E-03 7.38774E-06 1.88260E-05 
1.53285E-03 -3.86283E-06 2.47817E-05 
1.27665E-03 -8.97224E-06 3.43984E-05 
1.07375E-03 -1.06864E-05 5.01508E-05 
9.10369E-04 -1.05508E-05 7.63217E-05 
7.78121E-04 -9.47672E-06 1.19471E-04 
6.75637E-04 -8.03697E-06 1.86765E-04 
6.06830E-04 -6.59164E-06 2.75804E-04 
5.67531E-04 -5.14989E-06 3.56941E-04 
5.28393E-04 -3.37057E-06 3.86559E-04 
4.66797E-04 -1.25785E-06 3.59517E-04 
3.56507E-02 3.17221E-02 1.41557E-05 
3.12860E-02 2.32434E-02 1.36874E-05 
2.69086E-02 1.64688E-02 1.30981E-05 
2.26422E-02 1.12450E-02 1.24073E-05 
1.85859E-02 7.37514E-03 1.16199E-05 
1.48858E-02 4.64464E-03 1.07831E-05 
1.16463E-02 2.80998E-03 9.95044E-06 
9.49982E-03 1.85621E-03 9.35036E-06 
8.93344E-03 1.63773E-03 9.18702E-06 
6.60527E-03 8.81093E-04 8.51057E-06 
4.84636E-03 4.57730E-04 8.05712E-06 
3.56525E-03 2.29569E-04 7.89526E-06 
2.65371E-03 1.09649E-04 8.09607E-06 
2.01532E-03 4.61763E-05 8.77627E-06 
1.56264E-03 1.40672E-05 1.00609E-05 
1.23595E-03 -2.11387E-06 1.21985E-05 
9.95213E-04 -9.74682E-06 1.56246E-05 
8.13195E-04 -1.27267E-05 2.10820E-05 
6.71826E-04 -1.31598E-05 2.98266E-05 
5.59746E-04 -1.22267E-05 4.39244E-05 
4.69877E-04 -1.06321E-05 6.62742E-05 
3.99405E-04 -8.83742E-06 9.92988E-05 
3.47737E-04 -7.13935E-06 1.39431E-04 
3.09584E-04 -5.49586E-06 1.69806E-04 
2.70055E-04 -3.52808E-06 1.71105E-04 
2.22352E-04 -1.24838E-06 1.46634E-04 
3.16642E-02 2.97997E-02 1.25689E-05 
2.75868E-02 2.16725E-02 1.20495E-05 
2.35164E-02 1.52147E-02 1.14115E-05 
1.95598E-02 1.02641E-02 1.06694E-05 
1.58228E-02 6.62954E-03 9.83244E-06 
1.24446E-02 4.09594E-03 8.94693E-06 
9.52583E-03 2.42107E-03 8.06681E-06 
7.61943E-03 1.56590E-03 7.42702E-06 
7.12160E-03 1.37243E-03 7.25145E-06 
5.10493E-03 7.13123E-04 6.50818E-06 
3.62354E-03 3.55634E-04 5.95946E-06 
2.57808E-03 1.69463E-04 5.64745E-06 
1.85826E-03 7.49419E-05 5.60459E-06 
1.36900E-03 2.61299E-05 5.88454E-06 
1.03166E-03 2.43944E-06 6.52815E-06 
7.93821E-04 -8.97006E-06 7.63908E-06 
6.22124E-04 -1.38852E-05 9.40162E-06 
4.94773E-04 -1.52902E-05 1.21139E-05 
3.97684E-04 -1.47844E-05 1.62291E-05 
3.21935E-04 -1.32699E-05 2.23645E-05 
2.61670E-04 -1.12977E-05 3.10266E-05 
2.13403E-04 -9.24505E-06 4.15941E-05 
1.73467E-04 -7.35715E-06 4.98337E-05 
1.35978E-04 -5.55207E-06 4.74189E-05 
9.61400E-05 -3.43617E-06 3.09120E-05 
5.81432E-05 -1.04292E-06 8.97931E-06 
2.76336E-02 2.74376E-02 1.09934E-05 
2.39097E-02 1.98129E-02 1.04533E-05 
2.02093E-02 1.37876E-02 9.80180E-06 
1.66237E-02 9.19463E-03 9.05009E-06 
1.32600E-02 5.85248E-03 8.21160E-06 
1.02448E-02 3.54898E-03 7.32977E-06 
7.67292E-03 2.05004E-03 6.45809E-06 
6.01724E-03 1.29814E-03 5.82526E-06 
5.58926E-03 1.13011E-03 5.65144E-06 
3.88131E-03 5.66644E-04 4.91205E-06 
2.66266E-03 2.70657E-04 4.34819E-06 
1.83061E-03 1.21734E-04 3.98297E-06 
1.27666E-03 4.86378E-05 3.82121E-06 
9.10819E-04 1.16381E-05 3.87464E-06 
6.64729E-04 -5.56606E-06 4.13077E-06 
4.94221E-04 -1.34334E-05 4.60104E-06 
3.72899E-04 -1.63912E-05 5.31111E-06 
2.84216E-04 -1.66937E-05 6.27824E-06 
2.17721E-04 -1.55510E-05 7.45120E-06 
1.66666E-04 -1.36582E-05 8.54222E-06 
1.26275E-04 -1.14540E-05 8.57101E-06 
9.28436E-05 -9.25164E-06 5.07841E-06 
6.07197E-05 -7.25365E-06 -6.46304E-06 
2.38026E-05 -5.34966E-06 -2.88666E-05 
-1.59363E-05 -3.15234E-06 -5.56760E-05 
-4.71116E-05 -7.22114E-07 -7.51423E-05 
2.34919E-02 2.45420E-02 9.39843E-06 
2.01851E-02 1.75942E-02 8.86433E-06 
1.69140E-02 1.21338E-02 8.22949E-06 
1.37639E-02 8.00113E-03 7.50678E-06 
1.08317E-02 5.02154E-03 6.71065E-06 
8.22721E-03 2.99120E-03 5.88104E-06 
6.03444E-03 1.69027E-03 5.06873E-06 
4.64325E-03 1.04883E-03 4.48326E-06 
4.28712E-03 9.07131E-04 4.32290E-06 
2.88712E-03 4.39384E-04 3.64366E-06 
1.91671E-03 2.01076E-04 3.12320E-06 
1.27557E-03 8.50360E-05 2.77051E-06 
8.62296E-04 2.97986E-05 2.57248E-06 
5.96054E-04 2.20954E-06 2.51500E-06 
4.20126E-04 -1.01103E-05 2.55595E-06 
2.99192E-04 -1.54412E-05 2.65435E-06 
2.13591E-04 -1.70783E-05 2.74530E-06 
1.51508E-04 -1.66980E-05 2.68746E-06 
1.05599E-04 -1.52169E-05 2.14907E-06 
7.09117E-05 -1.31758E-05 3.48532E-07 
4.36104E-05 -1.09269E-05 -4.47735E-06 
1.99814E-05 -8.73003E-06 -1.56969E-05 
-6.49831E-06 -6.74929E-06 -3.77400E-05 
-4.17928E-05 -4.86016E-06 -7.01353E-05 
-7.98992E-05 -2.70506E-06 -1.01135E-04 
-1.05709E-04 -3.68212E-07 -1.17937E-04 
1.92813E-02 2.11368E-02 7.79064E-06 
1.64271E-02 1.50187E-02 7.27941E-06 
1.36272E-02 1.02488E-02 6.68404E-06 
1.09609E-02 6.67573E-03 6.02030E-06 
8.50566E-03 4.12837E-03 5.30145E-06 
6.35449E-03 2.41667E-03 4.56520E-06 
4.56902E-03 1.33721E-03 3.85397E-06 
3.45501E-03 8.14441E-04 3.34862E-06 
3.17266E-03 7.00255E-04 3.21106E-06 
2.07877E-03 3.28832E-04 2.63369E-06 
1.34156E-03 1.44924E-04 2.19600E-06 
8.69006E-04 5.79420E-05 1.89640E-06 
5.72871E-04 1.75886E-05 1.71285E-06 
3.85605E-04 -2.39322E-06 1.61979E-06 
2.62982E-04 -1.10227E-05 1.56577E-06 
1.78599E-04 -1.45689E-05 1.49125E-06 
1.18719E-04 -1.54038E-05 1.29845E-06 
7.53946E-05 -1.47444E-05 7.92130E-07 
4.37040E-05 -1.32684E-05 -4.44886E-07 
2.01273E-05 -1.13855E-05 -3.32129E-06 
1.69574E-06 -9.36873E-06 -9.73570E-06 
-1.49889E-05 -7.42277E-06 -2.30691E-05 
-3.60803E-05 -5.67221E-06 -4.71588E-05 
-6.68084E-05 -3.99890E-06 -8.00919E-05 
-9.99129E-05 -2.10523E-06 -1.09127E-04 
-1.20296E-04 -8.31295E-08 -1.22576E-04 
1.52276E-02 1.74754E-02 6.24363E-06 
1.28270E-02 1.22703E-02 5.76584E-06 
1.05045E-02 8.26053E-03 5.22451E-06 
8.32989E-03 5.30063E-03 4.63752E-06 
6.36188E-03 3.22326E-03 4.01790E-06 
4.66992E-03 1.85194E-03 3.39845E-06 
3.29309E-03 1.00373E-03 2.81326E-06 
2.45098E-03 6.00994E-04 2.40585E-06 
2.23996E-03 5.14061E-04 2.29609E-06 
1.43471E-03 2.35351E-04 1.84152E-06 
9.06315E-04 1.00949E-04 1.50352E-06 
5.76388E-04 3.89979E-05 1.27413E-06 
3.74231E-04 1.08956E-05 1.13050E-06 
2.48145E-04 -2.83063E-06 1.04769E-06 
1.66090E-04 -8.60014E-06 9.82875E-07 
1.09583E-04 -1.08757E-05 8.85892E-07 
6.94700E-05 -1.13016E-05 6.75655E-07 
4.05214E-05 -1.07153E-05 1.92849E-07 
1.95092E-05 -9.58182E-06 -8.95460E-07 
4.03692E-06 -8.18234E-06 -3.30169E-06 
-7.99445E-06 -6.70342E-06 -8.48556E-06 
-1.91141E-05 -5.28513E-06 -1.89939E-05 
-3.39353E-05 -4.01034E-06 -3.75809E-05 
-5.62334E-05 -2.78973E-06 -6.24653E-05 
-8.01898E-05 -1.41427E-06 -8.38299E-05 
-9.43387E-05 4.17244E-08 -9.31240E-05 
---
