PdfType: replica
Format: lhagrid1
---
1.00000E-06 1.28121E-06 1.64152E-06 2.10317E-06 2.69463E-06 3.45242E-06 4.42329E-06 5.66715E-06 7.26076E-06 9.30241E-06 1.19180E-05 1.52689E-05 1.95617E-05 2.50609E-05 3.21053E-05 4.11287E-05 5.26863E-05 6.74889E-05 8.64459E-05 1.10720E-04 1.41800E-04 1.81585E-04 2.32503E-04 2.97652E-04 3.80981E-04 4.87518E-04 6.26039E-04 8.00452E-04 1.02297E-03 1.30657E-03 1.66759E-03 2.12729E-03 2.71054E-03 3.44865E-03 4.37927E-03 5.54908E-03 7.01192E-03 8.83064E-03 1.10763E-02 1.38266E-02 1.71641E-02 2.11717E-02 2.59364E-02 3.15062E-02 3.79623E-02 4.53425E-02 5.36750E-02 6.29705E-02 7.32221E-02 8.44039E-02 9.64793E-02 1.09332E-01 1.23067E-01 1.37507E-01 1.52639E-01 1.68416E-01 1.84794E-01 2.01731E-01 2.19016E-01 2.36948E-01 2.55242E-01 2.73927E-01 2.92954E-01 3.12340E-01 3.32036E-01 3.52019E-01 3.72282E-01 3.92772E-01 4.13533E-01 4.34326E-01 4.55495E-01 4.76836E-01 4.98342E-01 5.20006E-01 5.41818E-01 5.63773E-01 5.85861E-01 6.08077E-01 6.30459E-01 6.52800E-01 6.75387E-01 6.98063E-01 7.20830E-01 7.43683E-01 7.66623E-01 7.89636E-01 8.12791E-01 8.35940E-01 8.59175E-01 8.82485E-01 9.05866E-01 9.29311E-01 9.52817E-01 9.76387E-01 1.00000E+00 
1.14018E+00 1.22539E+00 1.32482E+00 1.44156E+00 1.57954E+00 1.74381E+00 1.94091E+00 2.12132E+00 2.17945E+00 2.49622E+00 2.89383E+00 3.39925E+00 4.05063E+00 4.90286E+00 6.03623E+00 7.57063E+00 9.68869E+00 1.26749E+01 1.69835E+01 2.33578E+01 3.30501E+01 4.82334E+01 7.28041E+01 1.13998E+02 1.85779E+02 3.16228E+02 
908 909 910 
7.74971E-01 4.44715E-02 2.94360E-01 
7.90730E-01 5.34640E-02 3.46180E-01 
8.25206E-01 6.98110E-02 4.11737E-01 
8.87358E-01 9.45249E-02 4.95379E-01 
9.71370E-01 1.24549E-01 6.04029E-01 
1.08112E+00 1.60660E-01 7.48997E-01 
1.22101E+00 2.03675E-01 9.43840E-01 
1.35239E+00 2.42124E-01 1.14120E+00 
1.39531E+00 2.54345E-01 1.20997E+00 
1.62828E+00 3.18529E-01 1.61510E+00 
1.91532E+00 3.93625E-01 2.20897E+00 
2.26520E+00 4.80379E-01 3.10126E+00 
2.68720E+00 5.80231E-01 4.47324E+00 
3.19114E+00 7.50459E-01 6.66213E+00 
3.79338E+00 8.90544E-01 1.02663E+01 
4.52239E+00 1.04694E+00 1.63780E+01 
5.39977E+00 1.22063E+00 2.71540E+01 
6.44963E+00 1.41200E+00 4.68696E+01 
7.70284E+00 1.62208E+00 8.42212E+01 
9.20500E+00 1.85351E+00 1.57315E+02 
1.10463E+01 2.11596E+00 3.02262E+02 
1.34730E+01 2.44426E+00 5.80585E+02 
1.71481E+01 2.93522E+00 1.05740E+03 
2.31019E+01 3.71726E+00 1.69848E+03 
3.12453E+01 4.70821E+00 2.29450E+03 
3.99017E+01 5.61038E+00 2.67024E+03 
1.44590E+00 8.24400E-02 4.96311E-01 
1.47625E+00 9.95724E-02 5.83413E-01 
1.54216E+00 1.30690E-01 6.93646E-01 
1.66048E+00 1.77732E-01 8.35099E-01 
1.81971E+00 2.34692E-01 1.01943E+00 
2.02667E+00 3.02957E-01 1.26327E+00 
2.28931E+00 3.84024E-01 1.59140E+00 
2.53582E+00 4.56405E-01 1.92493E+00 
2.61589E+00 4.79299E-01 2.03981E+00 
3.05116E+00 5.99644E-01 2.72355E+00 
3.58594E+00 7.39916E-01 3.72434E+00 
4.23613E+00 9.01672E-01 5.22868E+00 
5.01918E+00 1.08641E+00 7.54768E+00 
5.95383E+00 1.40258E+00 1.12347E+01 
7.06808E+00 1.66007E+00 1.72931E+01 
8.41470E+00 1.94712E+00 2.75927E+01 
1.00310E+01 2.26470E+00 4.57426E+01 
1.19613E+01 2.61363E+00 7.89742E+01 
1.42602E+01 2.99528E+00 1.42002E+02 
1.70087E+01 3.41418E+00 2.65275E+02 
2.03701E+01 3.88784E+00 5.09345E+02 
2.47961E+01 4.48004E+00 9.78584E+02 
3.15008E+01 5.36716E+00 1.78308E+03 
4.23527E+01 6.78050E+00 2.86354E+03 
5.71697E+01 8.56754E+00 3.86849E+03 
7.28649E+01 1.01845E+01 4.50151E+03 
1.37525E+00 7.77618E-02 4.17444E-01 
1.40540E+00 9.45504E-02 4.90591E-01 
1.47035E+00 1.24999E-01 5.83420E-01 
1.58550E+00 1.70762E-01 7.02278E-01 
1.73971E+00 2.26021E-01 8.57369E-01 
1.93916E+00 2.92033E-01 1.06232E+00 
2.19103E+00 3.70132E-01 1.33802E+00 
2.42682E+00 4.39669E-01 1.61861E+00 
2.50312E+00 4.61590E-01 1.71466E+00 
2.91762E+00 5.76675E-01 2.28947E+00 
3.42510E+00 7.10238E-01 3.13013E+00 
4.04019E+00 8.63646E-01 4.39405E+00 
4.77908E+00 1.03799E+00 6.34531E+00 
5.66166E+00 1.33630E+00 9.44367E+00 
6.71084E+00 1.57693E+00 1.45293E+01 
7.97494E+00 1.84409E+00 2.31793E+01 
9.48762E+00 2.13840E+00 3.84272E+01 
1.12887E+01 2.46038E+00 6.63313E+01 
1.34277E+01 2.81107E+00 1.19281E+02 
1.59779E+01 3.19440E+00 2.22819E+02 
1.90894E+01 3.62644E+00 4.27752E+02 
2.31798E+01 4.16596E+00 8.21656E+02 
2.93762E+01 4.97582E+00 1.49730E+03 
3.93993E+01 6.26711E+00 2.40437E+03 
5.30522E+01 7.89502E+00 3.24798E+03 
6.74510E+01 9.35680E+00 3.77915E+03 
1.30209E+00 7.29693E-02 3.49428E-01 
1.33204E+00 8.94000E-02 4.10584E-01 
1.39569E+00 1.19047E-01 4.88216E-01 
1.50743E+00 1.63404E-01 5.87611E-01 
1.65598E+00 2.16770E-01 7.17092E-01 
1.84734E+00 2.80338E-01 8.88683E-01 
2.08779E+00 3.55238E-01 1.11906E+00 
2.31219E+00 4.21714E-01 1.35379E+00 
2.38472E+00 4.42641E-01 1.43423E+00 
2.77738E+00 5.52126E-01 1.91431E+00 
3.25663E+00 6.78671E-01 2.61726E+00 
3.83544E+00 8.23349E-01 3.67274E+00 
4.52859E+00 9.86989E-01 5.30201E+00 
5.35793E+00 1.26702E+00 7.89251E+00 
6.34115E+00 1.49067E+00 1.21453E+01 
7.52136E+00 1.73779E+00 1.93685E+01 
8.92948E+00 2.00890E+00 3.21101E+01 
1.06007E+01 2.30416E+00 5.54115E+01 
1.25798E+01 2.62436E+00 9.96340E+01 
1.49330E+01 2.97292E+00 1.86091E+02 
1.77977E+01 3.36452E+00 3.57289E+02 
2.15576E+01 3.85300E+00 6.86133E+02 
2.72515E+01 4.58765E+00 1.25014E+03 
3.64582E+01 5.76036E+00 2.00739E+03 
4.89693E+01 7.23437E+00 2.71158E+03 
6.21050E+01 8.54767E+00 3.15492E+03 
1.23281E+00 6.84287E-02 2.92284E-01 
1.26268E+00 8.45649E-02 3.43427E-01 
1.32499E+00 1.13411E-01 4.08154E-01 
1.43344E+00 1.56438E-01 4.91326E-01 
1.57668E+00 2.08014E-01 5.99574E-01 
1.76007E+00 2.69187E-01 7.42671E-01 
1.98961E+00 3.41017E-01 9.35088E-01 
2.20312E+00 4.04554E-01 1.13132E+00 
2.27193E+00 4.24504E-01 1.19835E+00 
2.64394E+00 5.28644E-01 1.59958E+00 
3.09617E+00 6.48426E-01 2.18627E+00 
3.64070E+00 7.84788E-01 3.06801E+00 
4.29072E+00 9.38328E-01 4.42812E+00 
5.06908E+00 1.20103E+00 6.58825E+00 
5.98969E+00 1.40847E+00 1.01396E+01 
7.09098E+00 1.63680E+00 1.61698E+01 
8.40047E+00 1.88616E+00 2.67979E+01 
9.95023E+00 2.15655E+00 4.62542E+01 
1.17798E+01 2.44844E+00 8.31496E+01 
1.39493E+01 2.76483E+00 1.55303E+02 
1.65838E+01 3.11905E+00 2.98100E+02 
2.00376E+01 3.56070E+00 5.72605E+02 
2.52660E+01 4.22625E+00 1.04318E+03 
3.37155E+01 5.28984E+00 1.67491E+03 
4.51704E+01 6.62270E+00 2.26239E+03 
5.71431E+01 7.80080E+00 2.63232E+03 
1.16722E+00 6.41240E-02 2.44148E-01 
1.19707E+00 8.00028E-02 2.86898E-01 
1.25811E+00 1.08093E-01 3.40907E-01 
1.36328E+00 1.49822E-01 4.10222E-01 
1.50143E+00 1.99688E-01 5.00671E-01 
1.67730E+00 2.58594E-01 6.20184E-01 
1.89630E+00 3.27450E-01 7.80617E-01 
2.09927E+00 3.88137E-01 9.44246E-01 
2.16460E+00 4.07160E-01 1.00022E+00 
2.51677E+00 5.06144E-01 1.33491E+00 
2.94340E+00 6.19481E-01 1.82455E+00 
3.45527E+00 7.47868E-01 2.55975E+00 
4.06456E+00 8.91816E-01 3.69523E+00 
4.79475E+00 1.13780E+00 5.49725E+00 
5.65583E+00 1.33016E+00 8.45651E+00 
6.68283E+00 1.54092E+00 1.34897E+01 
7.89971E+00 1.76995E+00 2.23529E+01 
9.33541E+00 2.01715E+00 3.85779E+01 
1.10254E+01 2.28277E+00 6.93488E+01 
1.30237E+01 2.56944E+00 1.29532E+02 
1.54444E+01 2.88929E+00 2.48609E+02 
1.86131E+01 3.28774E+00 4.77477E+02 
2.34103E+01 3.88984E+00 8.69956E+02 
3.11591E+01 4.85330E+00 1.39684E+03 
4.16383E+01 6.05695E+00 1.88683E+03 
5.25403E+01 7.11196E+00 2.19541E+03 
1.10515E+00 6.00483E-02 2.03709E-01 
1.13480E+00 7.56269E-02 2.39336E-01 
1.19487E+00 1.03083E-01 2.84450E-01 
1.29690E+00 1.43578E-01 3.42193E-01 
1.43002E+00 1.91772E-01 4.17528E-01 
1.59859E+00 2.48478E-01 5.17138E-01 
1.80759E+00 3.14504E-01 6.51025E-01 
2.00046E+00 3.72448E-01 7.87304E-01 
2.06244E+00 3.90574E-01 8.34030E-01 
2.39572E+00 4.84617E-01 1.11305E+00 
2.79795E+00 5.91772E-01 1.52129E+00 
3.27882E+00 7.12518E-01 2.13398E+00 
3.84935E+00 8.47221E-01 3.07974E+00 
4.53406E+00 1.07761E+00 4.58299E+00 
5.33897E+00 1.25569E+00 7.04892E+00 
6.29561E+00 1.44988E+00 1.12424E+01 
7.42569E+00 1.65993E+00 1.86345E+01 
8.75445E+00 1.88555E+00 3.21502E+01 
1.03141E+01 2.12683E+00 5.78120E+01 
1.21527E+01 2.38603E+00 1.07954E+02 
1.43752E+01 2.67429E+00 2.07250E+02 
1.72800E+01 3.03316E+00 3.98043E+02 
2.16768E+01 3.57691E+00 7.25217E+02 
2.87772E+01 4.44848E+00 1.16451E+03 
3.83552E+01 5.53386E+00 1.57308E+03 
4.82726E+01 6.47709E+00 1.83054E+03 
1.04642E+00 5.61911E-02 1.69822E-01 
1.07590E+00 7.14959E-02 1.99460E-01 
1.13496E+00 9.83309E-02 2.37027E-01 
1.23407E+00 1.37673E-01 2.85198E-01 
1.36236E+00 1.84271E-01 3.47915E-01 
1.52392E+00 2.38866E-01 4.30891E-01 
1.72318E+00 3.02135E-01 5.42355E-01 
1.90647E+00 3.57452E-01 6.55999E-01 
1.96516E+00 3.74701E-01 6.94751E-01 
2.28031E+00 4.63972E-01 9.27049E-01 
2.65930E+00 5.65192E-01 1.26710E+00 
3.11085E+00 6.78693E-01 1.77763E+00 
3.64482E+00 8.04561E-01 2.56531E+00 
4.28624E+00 1.02020E+00 3.81765E+00 
5.03817E+00 1.18485E+00 5.87296E+00 
5.92857E+00 1.36350E+00 9.36539E+00 
6.97696E+00 1.55581E+00 1.55239E+01 
8.20578E+00 1.76136E+00 2.67870E+01 
9.64363E+00 1.98010E+00 4.81685E+01 
1.13340E+01 2.21401E+00 8.99593E+01 
1.33719E+01 2.47319E+00 1.72691E+02 
1.60322E+01 2.79577E+00 3.31720E+02 
2.00589E+01 3.28609E+00 6.04437E+02 
2.65588E+01 4.07332E+00 9.70636E+02 
3.53057E+01 5.05069E+00 1.31137E+03 
4.43186E+01 5.89249E+00 1.52621E+03 
9.90858E-01 5.25422E-02 1.41397E-01 
1.02034E+00 6.76473E-02 1.66098E-01 
1.07828E+00 9.38393E-02 1.97301E-01 
1.17457E+00 1.32083E-01 2.37454E-01 
1.29816E+00 1.77148E-01 2.89648E-01 
1.45299E+00 2.29715E-01 3.58801E-01 
1.64298E+00 2.90339E-01 4.51628E-01 
1.81696E+00 3.43108E-01 5.46131E-01 
1.87270E+00 3.59549E-01 5.78634E-01 
2.17058E+00 4.44253E-01 7.72028E-01 
2.52746E+00 5.39789E-01 1.05526E+00 
2.95112E+00 6.46351E-01 1.48028E+00 
3.45040E+00 7.63855E-01 2.13599E+00 
4.05079E+00 9.65393E-01 3.17890E+00 
4.75259E+00 1.11744E+00 4.89066E+00 
5.58070E+00 1.28155E+00 7.80034E+00 
6.55238E+00 1.45731E+00 1.29289E+01 
7.68769E+00 1.64421E+00 2.23148E+01 
9.01190E+00 1.84210E+00 4.01221E+01 
1.05643E+01 2.05271E+00 7.49535E+01 
1.24313E+01 2.28524E+00 1.43905E+02 
1.48650E+01 2.57456E+00 2.76421E+02 
1.85493E+01 3.01596E+00 5.03761E+02 
2.44942E+01 3.72599E+00 8.09096E+02 
3.24746E+01 4.60474E+00 1.09329E+03 
4.06568E+01 5.35457E+00 1.27262E+03 
9.38349E-01 4.90970E-02 1.17659E-01 
9.67735E-01 6.39874E-02 1.38229E-01 
1.02487E+00 8.96602E-02 1.64225E-01 
1.11823E+00 1.26811E-01 1.97601E-01 
1.23739E+00 1.70416E-01 2.41110E-01 
1.38559E+00 2.20996E-01 2.98541E-01 
1.56669E+00 2.79078E-01 3.75908E-01 
1.73181E+00 3.29401E-01 4.54540E-01 
1.78456E+00 3.45031E-01 4.81551E-01 
2.06601E+00 4.25349E-01 6.42630E-01 
2.40184E+00 5.15449E-01 8.78433E-01 
2.79911E+00 6.15421E-01 1.23239E+00 
3.26578E+00 7.25164E-01 1.77877E+00 
3.82716E+00 9.13282E-01 2.64652E+00 
4.48160E+00 1.05335E+00 4.07245E+00 
5.25102E+00 1.20382E+00 6.49572E+00 
6.15078E+00 1.36416E+00 1.07683E+01 
7.19861E+00 1.53376E+00 1.85863E+01 
8.41702E+00 1.71239E+00 3.34280E+01 
9.84097E+00 1.90154E+00 6.24441E+01 
1.15495E+01 2.10965E+00 1.19916E+02 
1.37739E+01 2.36862E+00 2.30407E+02 
1.71412E+01 2.76520E+00 4.19938E+02 
2.25738E+01 3.40462E+00 6.74576E+02 
2.98474E+01 4.19339E+00 9.11679E+02 
3.72675E+01 4.86002E+00 1.06145E+03 
8.88728E-01 4.58432E-02 9.78874E-02 
9.17946E-01 6.05132E-02 1.14976E-01 
9.74434E-01 8.57407E-02 1.36663E-01 
1.06495E+00 1.21840E-01 1.64387E-01 
1.17973E+00 1.64024E-01 2.00594E-01 
1.32170E+00 2.12726E-01 2.48476E-01 
1.49408E+00 2.68321E-01 3.12742E-01 
1.65077E+00 3.16296E-01 3.78291E-01 
1.70068E+00 3.31153E-01 4.00701E-01 
1.96634E+00 4.07228E-01 5.34700E-01 
2.28212E+00 4.92113E-01 7.30946E-01 
2.65436E+00 5.85760E-01 1.02576E+00 
3.09016E+00 6.87988E-01 1.48082E+00 
3.61482E+00 8.63437E-01 2.20393E+00 
4.22442E+00 9.92363E-01 3.39087E+00 
4.93872E+00 1.13012E+00 5.41050E+00 
5.77099E+00 1.27610E+00 8.96868E+00 
6.73709E+00 1.42965E+00 1.54851E+01 
7.85677E+00 1.59049E+00 2.78495E+01 
9.16172E+00 1.75997E+00 5.20417E+01 
1.07234E+01 1.94572E+00 9.99466E+01 
1.27540E+01 2.17693E+00 1.92075E+02 
1.58285E+01 2.53258E+00 3.50155E+02 
2.07884E+01 3.10751E+00 5.62611E+02 
2.74115E+01 3.81438E+00 7.60544E+02 
3.41330E+01 4.40579E+00 8.85698E+02 
8.41919E-01 4.27860E-02 8.14462E-02 
8.70953E-01 5.72581E-02 9.56335E-02 
9.26645E-01 8.20098E-02 1.13688E-01 
1.01461E+00 1.17171E-01 1.36799E-01 
1.12512E+00 1.57984E-01 1.66895E-01 
1.26094E+00 2.04845E-01 2.06723E-01 
1.42515E+00 2.58083E-01 2.60336E-01 
1.57363E+00 3.03770E-01 3.14815E-01 
1.62089E+00 3.17890E-01 3.33565E-01 
1.87157E+00 3.89931E-01 4.45199E-01 
2.16825E+00 4.69795E-01 6.08544E-01 
2.51672E+00 5.57376E-01 8.54099E-01 
2.92321E+00 6.52416E-01 1.23275E+00 
3.41309E+00 8.16000E-01 1.83537E+00 
3.98054E+00 9.34446E-01 2.82471E+00 
4.64285E+00 1.06028E+00 4.50679E+00 
5.41200E+00 1.19288E+00 7.47362E+00 
6.30172E+00 1.33158E+00 1.29044E+01 
7.32971E+00 1.47606E+00 2.32141E+01 
8.52398E+00 1.62746E+00 4.33858E+01 
9.94980E+00 1.79279E+00 8.33453E+01 
1.18014E+01 1.99869E+00 1.60202E+02 
1.46058E+01 2.31701E+00 2.92108E+02 
1.91290E+01 2.83302E+00 4.69448E+02 
2.51537E+01 3.46538E+00 6.34772E+02 
3.12354E+01 3.98892E+00 7.39430E+02 
7.97730E-01 3.99089E-02 6.77629E-02 
8.26773E-01 5.42693E-02 7.96033E-02 
8.81859E-01 7.86307E-02 9.46271E-02 
9.67013E-01 1.12791E-01 1.13829E-01 
1.07343E+00 1.52292E-01 1.38926E-01 
1.20335E+00 1.97382E-01 1.72087E-01 
1.35955E+00 2.48309E-01 2.16701E-01 
1.50025E+00 2.91810E-01 2.62114E-01 
1.54490E+00 3.05209E-01 2.77679E-01 
1.78123E+00 3.73339E-01 3.70667E-01 
2.05981E+00 4.48428E-01 5.06789E-01 
2.38577E+00 5.30291E-01 7.11324E-01 
2.76474E+00 6.18586E-01 1.02699E+00 
3.22154E+00 7.70839E-01 1.52877E+00 
3.74917E+00 8.79408E-01 2.35368E+00 
4.36268E+00 9.94102E-01 3.75523E+00 
5.07270E+00 1.11428E+00 6.22969E+00 
5.89120E+00 1.23925E+00 1.07576E+01 
6.83374E+00 1.36863E+00 1.93579E+01 
7.92553E+00 1.50349E+00 3.61870E+01 
9.22563E+00 1.65019E+00 6.95280E+01 
1.09120E+01 1.83305E+00 1.33680E+02 
1.34676E+01 2.11739E+00 2.43819E+02 
1.75882E+01 2.57966E+00 3.91939E+02 
2.30626E+01 3.14432E+00 5.30110E+02 
2.85587E+01 3.60671E+00 6.17698E+02 
7.56042E-01 3.72088E-02 5.63617E-02 
7.85023E-01 5.14422E-02 6.62408E-02 
8.39412E-01 7.54192E-02 7.87311E-02 
9.22043E-01 1.08690E-01 9.47458E-02 
1.02443E+00 1.46918E-01 1.15640E-01 
1.14872E+00 1.90306E-01 1.43305E-01 
1.29714E+00 2.38992E-01 1.80391E-01 
1.43040E+00 2.80383E-01 2.18299E-01 
1.47255E+00 2.93092E-01 2.31223E-01 
1.69515E+00 3.57449E-01 3.08671E-01 
1.95650E+00 4.27962E-01 4.22115E-01 
2.26114E+00 5.04377E-01 5.92492E-01 
2.61413E+00 5.86272E-01 8.55831E-01 
3.03974E+00 7.27745E-01 1.27422E+00 
3.52985E+00 8.27101E-01 1.96197E+00 
4.09760E+00 9.31437E-01 3.13170E+00 
4.75216E+00 1.04007E+00 5.19451E+00 
5.50425E+00 1.15234E+00 8.97434E+00 
6.36738E+00 1.26787E+00 1.61493E+01 
7.36416E+00 1.38759E+00 3.01956E+01 
8.54819E+00 1.51732E+00 5.80383E+01 
1.00821E+01 1.67924E+00 1.11607E+02 
1.24078E+01 1.93260E+00 2.03628E+02 
1.61583E+01 2.34604E+00 3.27440E+02 
2.11271E+01 2.84927E+00 4.43008E+02 
2.60879E+01 3.25665E+00 5.16368E+02 
7.16831E-01 3.47011E-02 4.69339E-02 
7.45618E-01 4.87882E-02 5.51503E-02 
7.99460E-01 7.24518E-02 6.55616E-02 
8.79603E-01 1.04874E-01 7.89010E-02 
9.78085E-01 1.41872E-01 9.63041E-02 
1.09681E+00 1.83596E-01 1.19338E-01 
1.23788E+00 2.30136E-01 1.50296E-01 
1.36390E+00 2.69475E-01 1.81836E-01 
1.40375E+00 2.81532E-01 1.92682E-01 
1.61328E+00 3.42287E-01 2.57251E-01 
1.85827E+00 4.08410E-01 3.51872E-01 
2.14265E+00 4.79574E-01 4.93894E-01 
2.47102E+00 5.55375E-01 7.13436E-01 
2.86718E+00 6.86747E-01 1.06248E+00 
3.32182E+00 7.77422E-01 1.63599E+00 
3.84661E+00 8.72091E-01 2.61239E+00 
4.44940E+00 9.70027E-01 4.33420E+00 
5.13959E+00 1.07060E+00 7.48876E+00 
5.92917E+00 1.17342E+00 1.34836E+01 
6.83792E+00 1.27931E+00 2.52161E+01 
7.91472E+00 1.39362E+00 4.84765E+01 
9.30832E+00 1.53655E+00 9.32549E+01 
1.14222E+01 1.76176E+00 1.70177E+02 
1.48318E+01 2.13074E+00 2.73739E+02 
1.93368E+01 2.57835E+00 3.70488E+02 
2.38086E+01 2.93633E+00 4.31989E+02 
6.79987E-01 3.23793E-02 3.91003E-02 
7.08641E-01 4.63754E-02 4.59411E-02 
7.62001E-01 6.97841E-02 5.46227E-02 
8.39649E-01 1.01362E-01 6.57535E-02 
9.34271E-01 1.37156E-01 8.02548E-02 
1.04757E+00 1.77258E-01 9.94382E-02 
1.18158E+00 2.21727E-01 1.25299E-01 
1.30065E+00 2.59080E-01 1.51566E-01 
1.33820E+00 2.70483E-01 1.60596E-01 
1.53527E+00 3.27769E-01 2.14484E-01 
1.76463E+00 3.89677E-01 2.93348E-01 
2.02994E+00 4.55870E-01 4.11935E-01 
2.33513E+00 5.25839E-01 5.95076E-01 
2.70347E+00 6.47672E-01 8.86546E-01 
3.12476E+00 7.30291E-01 1.36529E+00 
3.60917E+00 8.15938E-01 2.18022E+00 
4.16367E+00 9.03980E-01 3.61887E+00 
4.79617E+00 9.93754E-01 6.25308E+00 
5.51726E+00 1.08491E+00 1.12616E+01 
6.34477E+00 1.17821E+00 2.10707E+01 
7.32269E+00 1.27853E+00 4.05162E+01 
8.58700E+00 1.40425E+00 7.79676E+01 
1.05066E+01 1.60398E+00 1.42339E+02 
1.36023E+01 1.93258E+00 2.29031E+02 
1.76818E+01 2.32983E+00 3.10086E+02 
2.17074E+01 2.64354E+00 3.61699E+02 
6.45399E-01 3.02478E-02 3.25826E-02 
6.73815E-01 4.41378E-02 3.82845E-02 
7.26826E-01 6.73645E-02 4.55274E-02 
8.01950E-01 9.81240E-02 5.48069E-02 
8.92849E-01 1.32764E-01 6.69171E-02 
1.00092E+00 1.71301E-01 8.29150E-02 
1.12799E+00 2.13731E-01 1.04467E-01 
1.24047E+00 2.49178E-01 1.26415E-01 
1.27584E+00 2.59960E-01 1.33935E-01 
1.46095E+00 3.13888E-01 1.78880E-01 
1.67552E+00 3.71759E-01 2.44714E-01 
1.92274E+00 4.33208E-01 3.43721E-01 
2.20609E+00 4.97784E-01 4.96660E-01 
2.54808E+00 6.10557E-01 7.39962E-01 
2.93810E+00 6.85592E-01 1.14019E+00 
3.38471E+00 7.62851E-01 1.82098E+00 
3.89400E+00 8.41709E-01 3.02344E+00 
4.47289E+00 9.21554E-01 5.22616E+00 
5.13057E+00 1.00205E+00 9.41399E+00 
5.88287E+00 1.08389E+00 1.76163E+01 
6.76972E+00 1.17153E+00 3.38899E+01 
7.91509E+00 1.28169E+00 6.52357E+01 
9.65560E+00 1.45830E+00 1.19139E+02 
1.24636E+01 1.75034E+00 1.91783E+02 
1.61532E+01 2.10212E+00 2.59763E+02 
1.97722E+01 2.37624E+00 3.03123E+02 
6.12968E-01 2.83197E-02 2.71653E-02 
6.41138E-01 4.21160E-02 3.19297E-02 
6.93732E-01 6.51820E-02 3.79625E-02 
7.66445E-01 9.51791E-02 4.56961E-02 
8.53664E-01 1.28692E-01 5.58053E-02 
9.56709E-01 1.65708E-01 6.91800E-02 
1.07706E+00 2.06157E-01 8.71382E-02 
1.18319E+00 2.39753E-01 1.05477E-01 
1.21650E+00 2.49946E-01 1.11768E-01 
1.39024E+00 3.00651E-01 1.49302E-01 
1.59073E+00 3.54659E-01 2.04310E-01 
1.82081E+00 4.11585E-01 2.86969E-01 
2.08356E+00 4.70783E-01 4.14779E-01 
2.40072E+00 5.75133E-01 6.18039E-01 
2.76121E+00 6.43152E-01 9.52489E-01 
3.17240E+00 7.12626E-01 1.52179E+00 
3.63956E+00 7.83024E-01 2.52713E+00 
4.16867E+00 8.53759E-01 4.37084E+00 
4.76765E+00 9.24522E-01 7.87500E+00 
5.45059E+00 9.95964E-01 1.47434E+01 
6.25354E+00 1.07215E+00 2.83706E+01 
7.28970E+00 1.16828E+00 5.46336E+01 
8.86587E+00 1.32400E+00 9.98137E+01 
1.14094E+01 1.58291E+00 1.60743E+02 
1.47424E+01 1.89370E+00 2.17818E+02 
1.79910E+01 2.13246E+00 2.54286E+02 
5.82648E-01 2.66039E-02 2.26628E-02 
6.10559E-01 4.03280E-02 2.66371E-02 
6.62871E-01 6.33345E-02 3.16792E-02 
7.33125E-01 9.25635E-02 3.81457E-02 
8.16683E-01 1.24958E-01 4.65734E-02 
9.14785E-01 1.60477E-01 5.77424E-02 
1.02873E+00 1.99019E-01 7.27576E-02 
1.12871E+00 2.30812E-01 8.80620E-02 
1.16000E+00 2.40419E-01 9.33016E-02 
1.32288E+00 2.88010E-01 1.24676E-01 
1.51005E+00 3.38345E-01 1.70672E-01 
1.72391E+00 3.90959E-01 2.39758E-01 
1.96729E+00 4.45559E-01 3.46594E-01 
2.26106E+00 5.41705E-01 5.16688E-01 
2.59381E+00 6.02958E-01 7.96559E-01 
2.97188E+00 6.65202E-01 1.27301E+00 
3.39971E+00 7.27775E-01 2.11413E+00 
3.88255E+00 7.90145E-01 3.65828E+00 
4.42717E+00 8.52034E-01 6.59239E+00 
5.04612E+00 9.14046E-01 1.23483E+01 
5.77198E+00 9.79910E-01 2.37716E+01 
6.70785E+00 1.06341E+00 4.57952E+01 
8.13333E+00 1.20030E+00 8.37080E+01 
1.04344E+01 1.42927E+00 1.34865E+02 
1.34410E+01 1.70312E+00 1.82834E+02 
1.63528E+01 1.91039E+00 2.13550E+02 
5.54372E-01 2.51110E-02 1.89256E-02 
5.82070E-01 3.88162E-02 2.22453E-02 
6.34000E-01 6.17860E-02 2.64505E-02 
7.01821E-01 9.02646E-02 3.18542E-02 
7.81808E-01 1.21573E-01 3.88983E-02 
8.75080E-01 1.55631E-01 4.82309E-02 
9.82811E-01 1.92297E-01 6.07902E-02 
1.07690E+00 2.22345E-01 7.35734E-02 
1.10630E+00 2.31389E-01 7.79735E-02 
1.25875E+00 2.75973E-01 1.04183E-01 
1.43320E+00 3.22730E-01 1.42640E-01 
1.63184E+00 3.71205E-01 2.00510E-01 
1.85691E+00 4.21107E-01 2.89858E-01 
2.12857E+00 5.09763E-01 4.32190E-01 
2.43528E+00 5.64861E-01 6.66401E-01 
2.78244E+00 6.20417E-01 1.06558E+00 
3.17371E+00 6.75782E-01 1.77065E+00 
3.61358E+00 7.30495E-01 3.06424E+00 
4.10800E+00 7.84312E-01 5.52527E+00 
4.66797E+00 8.37801E-01 1.03515E+01 
5.32304E+00 8.94382E-01 1.99376E+01 
6.16704E+00 9.66544E-01 3.84296E+01 
7.45419E+00 1.08644E+00 7.02736E+01 
9.53328E+00 1.28842E+00 1.13280E+02 
1.22419E+01 1.52912E+00 1.53656E+02 
1.48477E+01 1.70839E+00 1.79559E+02 
5.28063E-01 2.38722E-02 1.58081E-02 
5.55380E-01 3.75158E-02 1.85845E-02 
6.07138E-01 6.05890E-02 2.20981E-02 
6.72461E-01 8.83144E-02 2.66167E-02 
7.48914E-01 1.18546E-01 3.25075E-02 
8.37460E-01 1.51158E-01 4.03090E-02 
9.39183E-01 1.86002E-01 5.08158E-02 
1.02762E+00 2.14345E-01 6.15212E-02 
1.05516E+00 2.22838E-01 6.51887E-02 
1.19772E+00 2.64525E-01 8.71352E-02 
1.36012E+00 3.07862E-01 1.19306E-01 
1.54426E+00 3.52466E-01 1.67735E-01 
1.75218E+00 3.97571E-01 2.42614E-01 
2.00309E+00 4.79284E-01 3.61867E-01 
2.28535E+00 5.28799E-01 5.58111E-01 
2.60351E+00 5.78134E-01 8.92621E-01 
2.96077E+00 6.26876E-01 1.48414E+00 
3.36088E+00 6.74602E-01 2.56917E+00 
3.80898E+00 7.21096E-01 4.63584E+00 
4.31471E+00 7.66901E-01 8.68822E+00 
4.90476E+00 8.15144E-01 1.67412E+01 
5.66452E+00 8.77143E-01 3.22828E+01 
6.82522E+00 9.81799E-01 5.90697E+01 
8.70114E+00 1.15947E+00 9.52740E+01 
1.11378E+01 1.37041E+00 1.29302E+02 
1.34660E+01 1.52486E+00 1.51182E+02 
5.03665E-01 2.29170E-02 1.32134E-02 
5.30392E-01 3.64367E-02 1.55346E-02 
5.82137E-01 5.97475E-02 1.84776E-02 
6.44943E-01 8.67336E-02 2.22537E-02 
7.17925E-01 1.15899E-01 2.71880E-02 
8.01877E-01 1.47092E-01 3.37195E-02 
8.97725E-01 1.80125E-01 4.25041E-02 
9.80747E-01 2.06814E-01 5.14785E-02 
1.00656E+00 2.14789E-01 5.45534E-02 
1.13968E+00 2.53668E-01 7.29407E-02 
1.29064E+00 2.93751E-01 9.99065E-02 
1.46108E+00 3.34616E-01 1.40454E-01 
1.65293E+00 3.75964E-01 2.03262E-01 
1.88425E+00 4.50670E-01 3.03327E-01 
2.14363E+00 4.94695E-01 4.68033E-01 
2.43477E+00 5.38279E-01 7.48875E-01 
2.76037E+00 5.80929E-01 1.24531E+00 
3.12363E+00 6.22268E-01 2.15672E+00 
3.52893E+00 6.62123E-01 3.89293E+00 
3.98487E+00 7.01022E-01 7.30182E+00 
4.51541E+00 7.41820E-01 1.40762E+01 
5.19819E+00 7.94746E-01 2.71583E+01 
6.24314E+00 8.85721E-01 4.97204E+01 
7.93323E+00 1.04153E+00 8.02417E+01 
1.01220E+01 1.22583E+00 1.08967E+02 
1.21987E+01 1.35835E+00 1.27482E+02 
4.81128E-01 2.22742E-02 1.10596E-02 
5.07275E-01 3.56958E-02 1.29993E-02 
5.58964E-01 5.93304E-02 1.54655E-02 
6.19250E-01 8.55671E-02 1.86267E-02 
6.88744E-01 1.13657E-01 2.27565E-02 
7.68204E-01 1.43435E-01 2.82327E-02 
8.58420E-01 1.74700E-01 3.55992E-02 
9.36184E-01 1.99761E-01 4.31119E-02 
9.60304E-01 2.07213E-01 4.56901E-02 
1.08437E+00 2.43360E-01 6.11000E-02 
1.22447E+00 2.80285E-01 8.37114E-02 
1.38212E+00 3.17608E-01 1.17766E-01 
1.55877E+00 3.54990E-01 1.70463E-01 
1.77169E+00 4.23427E-01 2.54483E-01 
2.00961E+00 4.62432E-01 3.92832E-01 
2.27556E+00 5.00708E-01 6.28814E-01 
2.57189E+00 5.37788E-01 1.04645E+00 
2.90109E+00 5.73315E-01 1.81341E+00 
3.26696E+00 6.07171E-01 3.27434E+00 
3.67713E+00 6.39871E-01 6.14384E+00 
4.15323E+00 6.74029E-01 1.18525E+01 
4.76569E+00 7.18877E-01 2.28822E+01 
5.70494E+00 7.97616E-01 4.19168E+01 
7.22547E+00 9.33833E-01 6.76917E+01 
9.18869E+00 1.09435E+00 9.19846E+01 
1.10376E+01 1.20751E+00 1.07679E+02 
4.60344E-01 2.19575E-02 9.26436E-03 
4.86016E-01 3.53487E-02 1.08889E-02 
5.37452E-01 5.93423E-02 1.29541E-02 
5.95255E-01 8.48359E-02 1.56079E-02 
6.61288E-01 1.11837E-01 1.90685E-02 
7.36322E-01 1.40202E-01 2.36569E-02 
8.21093E-01 1.69714E-01 2.98455E-02 
8.93826E-01 1.93185E-01 3.61489E-02 
9.16338E-01 2.00131E-01 3.83127E-02 
1.03180E+00 2.33635E-01 5.12549E-02 
1.16165E+00 2.67521E-01 7.02556E-02 
1.30712E+00 3.01438E-01 9.88622E-02 
1.46951E+00 3.34735E-01 1.43140E-01 
1.66513E+00 3.97388E-01 2.13738E-01 
1.88304E+00 4.31962E-01 3.30193E-01 
2.12557E+00 4.65342E-01 5.28820E-01 
2.39459E+00 4.97291E-01 8.80446E-01 
2.69236E+00 5.27544E-01 1.52657E+00 
3.02207E+00 5.56010E-01 2.75862E+00 
3.39029E+00 5.83166E-01 5.17844E+00 
3.81657E+00 6.11417E-01 9.99617E+00 
4.36488E+00 6.49094E-01 1.93108E+01 
5.20772E+00 7.16919E-01 3.54001E+01 
6.57363E+00 8.35602E-01 5.72088E+01 
8.33171E+00 9.74914E-01 7.77922E+01 
9.97486E+00 1.07107E+00 9.11230E+01 
4.41314E-01 2.20570E-02 7.76680E-03 
4.66309E-01 3.53386E-02 9.13118E-03 
5.17685E-01 5.99054E-02 1.08621E-02 
5.72869E-01 8.45890E-02 1.30905E-02 
6.35495E-01 1.10485E-01 1.60000E-02 
7.06197E-01 1.37425E-01 1.98516E-02 
7.85645E-01 1.65189E-01 2.50464E-02 
8.53550E-01 1.87091E-01 3.03446E-02 
8.74534E-01 1.93547E-01 3.21679E-02 
9.81815E-01 2.24478E-01 4.30556E-02 
1.10192E+00 2.55446E-01 5.90338E-02 
1.23595E+00 2.86095E-01 8.31023E-02 
1.38506E+00 3.16221E-01 1.20398E-01 
1.56444E+00 3.73057E-01 1.79907E-01 
1.76358E+00 4.03184E-01 2.78022E-01 
1.98429E+00 4.32053E-01 4.45547E-01 
2.22810E+00 4.59334E-01 7.42065E-01 
2.49689E+00 4.84809E-01 1.28751E+00 
2.79328E+00 5.08417E-01 2.32779E+00 
3.12316E+00 5.30639E-01 4.37398E+00 
3.50403E+00 5.53666E-01 8.44737E+00 
3.99386E+00 5.84996E-01 1.63295E+01 
4.74889E+00 6.43112E-01 2.99567E+01 
5.97389E+00 7.46128E-01 4.84465E+01 
7.54572E+00 8.66597E-01 6.59255E+01 
9.00318E+00 9.47844E-01 7.72733E+01 
4.23969E-01 2.26139E-02 6.51987E-03 
4.48120E-01 3.57125E-02 7.66680E-03 
4.99519E-01 6.10415E-02 9.12089E-03 
5.51984E-01 8.48522E-02 1.09932E-02 
6.11223E-01 1.09614E-01 1.34409E-02 
6.77710E-01 1.35117E-01 1.66832E-02 
7.52053E-01 1.61153E-01 2.10560E-02 
8.15317E-01 1.81498E-01 2.55193E-02 
8.34791E-01 1.87456E-01 2.70473E-02 
9.34248E-01 2.15871E-01 3.62102E-02 
1.04518E+00 2.44028E-01 4.96833E-02 
1.16844E+00 2.71584E-01 6.99748E-02 
1.30508E+00 2.98359E-01 1.01442E-01 
1.46926E+00 3.50014E-01 1.51660E-01 
1.65085E+00 3.76042E-01 2.34499E-01 
1.85130E+00 4.00748E-01 3.76033E-01 
2.07187E+00 4.23779E-01 6.26781E-01 
2.31390E+00 4.44925E-01 1.08810E+00 
2.57977E+00 4.64188E-01 1.96865E+00 
2.87457E+00 4.82029E-01 3.70106E+00 
3.21410E+00 5.00455E-01 7.15430E+00 
3.65079E+00 5.26197E-01 1.38397E+01 
4.32588E+00 5.75697E-01 2.54072E+01 
5.42275E+00 6.64764E-01 4.11215E+01 
6.82567E+00 7.68515E-01 5.59976E+01 
8.11590E+00 8.36753E-01 6.56806E+01 
4.07944E-01 2.36629E-02 5.46862E-03 
4.31166E-01 3.65455E-02 6.42935E-03 
4.82500E-01 6.27976E-02 7.65168E-03 
5.32241E-01 8.56964E-02 9.22192E-03 
5.88058E-01 1.09260E-01 1.12786E-02 
6.50359E-01 1.33275E-01 1.40053E-02 
7.19642E-01 1.57525E-01 1.76799E-02 
7.78398E-01 1.76306E-01 2.14382E-02 
7.96467E-01 1.81786E-01 2.27270E-02 
8.88370E-01 2.07696E-01 3.04371E-02 
9.90451E-01 2.33051E-01 4.17826E-02 
1.10348E+00 2.57574E-01 5.88946E-02 
1.22824E+00 2.80844E-01 8.54054E-02 
1.37794E+00 3.27603E-01 1.27750E-01 
1.54306E+00 3.50076E-01 1.97739E-01 
1.72446E+00 3.70910E-01 3.17260E-01 
1.92309E+00 3.89986E-01 5.29140E-01 
2.14028E+00 4.07189E-01 9.19469E-01 
2.37775E+00 4.22515E-01 1.66464E+00 
2.64006E+00 4.36427E-01 3.13150E+00 
2.94138E+00 4.50752E-01 6.05810E+00 
3.32914E+00 4.71526E-01 1.17295E+01 
3.93051E+00 5.13292E-01 2.15495E+01 
4.90936E+00 5.89793E-01 3.49053E+01 
6.15710E+00 6.78554E-01 4.75692E+01 
7.29466E+00 7.35307E-01 5.58318E+01 
3.93689E-01 2.52505E-02 4.60711E-03 
4.16161E-01 3.80029E-02 5.41706E-03 
4.66918E-01 6.50765E-02 6.44809E-03 
5.14181E-01 8.71447E-02 7.77464E-03 
5.66637E-01 1.09465E-01 9.50979E-03 
6.24894E-01 1.31963E-01 1.18137E-02 
6.89376E-01 1.54437E-01 1.49181E-02 
7.43884E-01 1.71692E-01 1.80943E-02 
7.60627E-01 1.76700E-01 1.91878E-02 
8.45496E-01 2.00186E-01 2.57174E-02 
9.39363E-01 2.22892E-01 3.53110E-02 
1.04295E+00 2.44571E-01 4.98171E-02 
1.15684E+00 2.65020E-01 7.22876E-02 
1.29325E+00 3.07022E-01 1.08246E-01 
1.44318E+00 3.25992E-01 1.67593E-01 
1.60718E+00 3.43327E-01 2.69033E-01 
1.78609E+00 3.58901E-01 4.49226E-01 
1.98070E+00 3.72601E-01 7.81024E-01 
2.19270E+00 3.84495E-01 1.41534E+00 
2.42590E+00 3.95008E-01 2.66473E+00 
2.69310E+00 4.05816E-01 5.15817E+00 
3.03715E+00 4.22316E-01 9.99390E+00 
3.57286E+00 4.57397E-01 1.83768E+01 
4.44637E+00 5.22948E-01 2.97896E+01 
5.55615E+00 5.98713E-01 4.06280E+01 
6.55888E+00 6.45685E-01 4.77145E+01 
3.80884E-01 2.74683E-02 3.88715E-03 
4.02234E-01 3.98461E-02 4.57277E-03 
4.52806E-01 6.82134E-02 5.44511E-03 
4.97287E-01 8.92010E-02 6.56705E-03 
5.46444E-01 1.10211E-01 8.03661E-03 
6.00780E-01 1.31154E-01 9.98841E-03 
6.60691E-01 1.51845E-01 1.26242E-02 
7.11097E-01 1.67552E-01 1.53129E-02 
7.26536E-01 1.72077E-01 1.62382E-02 
8.04752E-01 1.93187E-01 2.17803E-02 
8.90939E-01 2.13336E-01 2.99350E-02 
9.85618E-01 2.32296E-01 4.22413E-02 
1.08941E+00 2.49979E-01 6.13625E-02 
1.21335E+00 2.87614E-01 9.19352E-02 
1.34919E+00 3.03292E-01 1.42449E-01 
1.49719E+00 3.17439E-01 2.28935E-01 
1.65783E+00 3.29824E-01 3.82490E-01 
1.83184E+00 3.40404E-01 6.65526E-01 
2.02049E+00 3.49249E-01 1.20677E+00 
2.22726E+00 3.56794E-01 2.27409E+00 
2.46356E+00 3.64558E-01 4.40565E+00 
2.76807E+00 3.77354E-01 8.54231E+00 
3.24429E+00 4.06563E-01 1.57198E+01 
4.02241E+00 4.62445E-01 2.55029E+01 
5.00767E+00 5.26788E-01 3.48056E+01 
5.88959E+00 5.65333E-01 4.09003E+01 
3.69427E-01 3.03612E-02 3.28906E-03 
3.89528E-01 4.22544E-02 3.86919E-03 
4.39911E-01 7.22002E-02 4.60871E-03 
4.81506E-01 9.19174E-02 5.56203E-03 
5.27384E-01 1.11512E-01 6.80933E-03 
5.77896E-01 1.30827E-01 8.46706E-03 
6.33385E-01 1.49690E-01 1.07080E-02 
6.79936E-01 1.63854E-01 1.29993E-02 
6.94166E-01 1.67912E-01 1.37855E-02 
7.66055E-01 1.86660E-01 1.85007E-02 
8.44978E-01 2.04282E-01 2.54496E-02 
9.31418E-01 2.20633E-01 3.59473E-02 
1.02575E+00 2.35429E-01 5.22528E-02 
1.13805E+00 2.68998E-01 7.83381E-02 
1.26093E+00 2.81915E-01 1.21535E-01 
1.39408E+00 2.93127E-01 1.95477E-01 
1.53794E+00 3.02638E-01 3.26771E-01 
1.69308E+00 3.10434E-01 5.69070E-01 
1.86052E+00 3.16608E-01 1.03278E+00 
2.04327E+00 3.21576E-01 1.94750E+00 
2.25159E+00 3.26716E-01 3.77558E+00 
2.52043E+00 3.36324E-01 7.32718E+00 
2.94283E+00 3.60400E-01 1.34931E+01 
3.63472E+00 4.07776E-01 2.19063E+01 
4.50777E+00 4.62118E-01 2.99161E+01 
5.28162E+00 4.93437E-01 3.51724E+01 
3.59156E-01 3.39164E-02 2.79024E-03 
3.78244E-01 4.54002E-02 3.28405E-03 
4.27912E-01 7.69200E-02 3.91259E-03 
4.66670E-01 9.52473E-02 4.72551E-03 
5.09350E-01 1.13340E-01 5.78818E-03 
5.56175E-01 1.30955E-01 7.20284E-03 
6.07408E-01 1.47937E-01 9.11248E-03 
6.50280E-01 1.60539E-01 1.10712E-02 
6.63365E-01 1.64128E-01 1.17427E-02 
7.29315E-01 1.80544E-01 1.57745E-02 
8.01469E-01 1.95729E-01 2.17156E-02 
8.80176E-01 2.09557E-01 3.06990E-02 
9.65751E-01 2.21894E-01 4.46685E-02 
1.06729E+00 2.51594E-01 6.70465E-02 
1.17804E+00 2.61735E-01 1.04047E-01 
1.29752E+00 2.70282E-01 1.67506E-01 
1.42606E+00 2.77223E-01 2.80286E-01 
1.56395E+00 2.82550E-01 4.88495E-01 
1.71210E+00 2.86395E-01 8.87323E-01 
1.87308E+00 2.89140E-01 1.67450E+00 
2.05612E+00 2.92045E-01 3.24811E+00 
2.29276E+00 2.98924E-01 6.30797E+00 
2.66663E+00 3.18546E-01 1.16245E+01 
3.28070E+00 3.58462E-01 1.88848E+01 
4.05281E+00 4.04080E-01 2.58041E+01 
4.73020E+00 4.29242E-01 3.03498E+01 
3.49926E-01 3.81300E-02 2.37352E-03 
3.67789E-01 4.89824E-02 2.79539E-03 
4.16185E-01 8.18835E-02 3.33350E-03 
4.52577E-01 9.91275E-02 4.02767E-03 
4.92163E-01 1.15614E-01 4.93776E-03 
5.35442E-01 1.31457E-01 6.14877E-03 
5.82648E-01 1.46509E-01 7.78737E-03 
6.22023E-01 1.57538E-01 9.46447E-03 
6.34021E-01 1.60651E-01 1.00409E-02 
6.94400E-01 1.74766E-01 1.35012E-02 
7.60216E-01 1.87579E-01 1.86068E-02 
8.31705E-01 1.98982E-01 2.63212E-02 
9.09189E-01 2.09013E-01 3.83456E-02 
1.00062E+00 2.35078E-01 5.75945E-02 
1.10020E+00 2.42629E-01 8.94613E-02 
1.20716E+00 2.48772E-01 1.44152E-01 
1.32156E+00 2.53399E-01 2.41424E-01 
1.44373E+00 2.56561E-01 4.21106E-01 
1.57430E+00 2.58381E-01 7.65253E-01 
1.71558E+00 2.59236E-01 1.44521E+00 
1.87584E+00 2.60262E-01 2.80564E+00 
2.08344E+00 2.64825E-01 5.45116E+00 
2.41352E+00 2.80591E-01 1.00516E+01 
2.95740E+00 3.13991E-01 1.63386E+01 
3.63876E+00 3.52024E-01 2.23345E+01 
4.23007E+00 3.71962E-01 2.62752E+01 
3.41717E-01 4.30520E-02 2.02743E-03 
3.58245E-01 5.30742E-02 2.38879E-03 
4.05432E-01 8.78568E-02 2.85085E-03 
4.39142E-01 1.03465E-01 3.44763E-03 
4.75759E-01 1.18239E-01 4.23160E-03 
5.15638E-01 1.32216E-01 5.27286E-03 
5.59029E-01 1.45296E-01 6.68442E-03 
5.95144E-01 1.54747E-01 8.13077E-03 
6.06136E-01 1.57394E-01 8.62870E-03 
6.61279E-01 1.69220E-01 1.16125E-02 
7.21165E-01 1.79709E-01 1.60169E-02 
7.86025E-01 1.88807E-01 2.26913E-02 
8.55991E-01 1.96407E-01 3.30762E-02 
9.38033E-01 2.19105E-01 4.97190E-02 
1.02738E+00 2.24525E-01 7.73246E-02 
1.12279E+00 2.28496E-01 1.24682E-01 
1.22434E+00 2.31092E-01 2.08950E-01 
1.33215E+00 2.32363E-01 3.64665E-01 
1.44683E+00 2.32461E-01 6.63153E-01 
1.57034E+00 2.31733E-01 1.25305E+00 
1.71011E+00 2.31204E-01 2.43409E+00 
1.89168E+00 2.33835E-01 4.73142E+00 
2.18242E+00 2.46301E-01 8.72805E+00 
2.66318E+00 2.74037E-01 1.41925E+01 
3.26329E+00 3.05519E-01 1.94057E+01 
3.77811E+00 3.21074E-01 2.28307E+01 
3.34394E-01 4.86157E-02 1.73942E-03 
3.49824E-01 5.78348E-02 2.05212E-03 
3.95234E-01 9.43546E-02 2.45073E-03 
4.26205E-01 1.08073E-01 2.96624E-03 
4.59978E-01 1.21027E-01 3.64440E-03 
4.96685E-01 1.33079E-01 4.54709E-03 
5.36497E-01 1.44151E-01 5.76949E-03 
5.69539E-01 1.52007E-01 7.02239E-03 
5.79584E-01 1.54182E-01 7.45439E-03 
6.29878E-01 1.63766E-01 1.00442E-02 
6.84313E-01 1.72022E-01 1.38685E-02 
7.43003E-01 1.78909E-01 1.96678E-02 
8.06050E-01 1.84331E-01 2.86890E-02 
8.79450E-01 2.03949E-01 4.31792E-02 
9.59322E-01 2.07297E-01 6.71898E-02 
1.04415E+00 2.09345E-01 1.08401E-01 
1.13396E+00 2.10161E-01 1.81790E-01 
1.22881E+00 2.09823E-01 3.17470E-01 
1.32909E+00 2.08473E-01 5.77618E-01 
1.43662E+00 2.06451E-01 1.09190E+00 
1.55801E+00 2.04661E-01 2.12133E+00 
1.71627E+00 2.05710E-01 4.12516E+00 
1.97175E+00 2.15371E-01 7.61155E+00 
2.39591E+00 2.38220E-01 1.23790E+01 
2.92340E+00 2.64075E-01 1.69263E+01 
3.37047E+00 2.75989E-01 1.99102E+01 
3.27703E-01 5.45074E-02 1.50049E-03 
3.41965E-01 6.27131E-02 1.77236E-03 
3.85208E-01 1.01014E-01 2.11973E-03 
4.13697E-01 1.12783E-01 2.56841E-03 
4.44768E-01 1.23768E-01 3.15834E-03 
4.78490E-01 1.33823E-01 3.94479E-03 
5.14993E-01 1.42870E-01 5.01203E-03 
5.45200E-01 1.49147E-01 6.10513E-03 
5.54363E-01 1.50855E-01 6.48193E-03 
6.00179E-01 1.58262E-01 8.74258E-03 
6.49560E-01 1.64377E-01 1.20847E-02 
7.02599E-01 1.69210E-01 1.71522E-02 
7.59320E-01 1.72890E-01 2.50524E-02 
8.24646E-01 1.89410E-01 3.77209E-02 
8.95853E-01 1.90846E-01 5.87332E-02 
9.71067E-01 1.91208E-01 9.48086E-02 
1.05021E+00 1.90500E-01 1.59078E-01 
1.13328E+00 1.88810E-01 2.77904E-01 
1.22061E+00 1.86283E-01 5.05787E-01 
1.31378E+00 1.83229E-01 9.56175E-01 
1.41872E+00 1.80453E-01 1.85800E+00 
1.55616E+00 1.80232E-01 3.61295E+00 
1.78013E+00 1.87540E-01 6.66664E+00 
2.15371E+00 2.06200E-01 1.08414E+01 
2.61650E+00 2.27259E-01 1.48205E+01 
3.00373E+00 2.36184E-01 1.74254E+01 
3.21579E-01 6.05533E-02 1.30307E-03 
3.34669E-01 6.74891E-02 1.54071E-03 
3.74783E-01 1.06693E-01 1.84561E-03 
4.01432E-01 1.17154E-01 2.23894E-03 
4.30055E-01 1.26178E-01 2.75668E-03 
4.61026E-01 1.34201E-01 3.44705E-03 
4.94449E-01 1.41210E-01 4.38302E-03 
5.22063E-01 1.45940E-01 5.34454E-03 
5.30433E-01 1.47210E-01 5.67586E-03 
5.72119E-01 1.52504E-01 7.66329E-03 
6.16872E-01 1.56612E-01 1.06024E-02 
6.64702E-01 1.59547E-01 1.50579E-02 
7.15600E-01 1.61362E-01 2.20113E-02 
7.73497E-01 1.75141E-01 3.31639E-02 
8.36784E-01 1.75037E-01 5.16546E-02 
9.03202E-01 1.73959E-01 8.34140E-02 
9.72654E-01 1.71978E-01 1.39986E-01 
1.04509E+00 1.69189E-01 2.44599E-01 
1.12076E+00 1.65735E-01 4.45145E-01 
1.20106E+00 1.61897E-01 8.41510E-01 
1.29135E+00 1.58389E-01 1.63493E+00 
1.41023E+00 1.57178E-01 3.17839E+00 
1.60609E+00 1.62538E-01 5.86316E+00 
1.93449E+00 1.77632E-01 9.53110E+00 
2.33977E+00 1.94631E-01 1.30221E+01 
2.67429E+00 2.01133E-01 1.52994E+01 
3.16103E-01 6.67077E-02 1.13984E-03 
3.28405E-01 7.27269E-02 1.35010E-03 
3.65031E-01 1.13005E-01 1.61891E-03 
3.89439E-01 1.20952E-01 1.96682E-03 
4.15808E-01 1.27902E-01 2.42423E-03 
4.44303E-01 1.33909E-01 3.03587E-03 
4.74951E-01 1.38941E-01 3.86410E-03 
5.00176E-01 1.42171E-01 4.71449E-03 
5.07804E-01 1.43004E-01 5.00737E-03 
5.45727E-01 1.46319E-01 6.76783E-03 
5.86244E-01 1.48556E-01 9.36943E-03 
6.29333E-01 1.49747E-01 1.33201E-02 
6.74914E-01 1.49842E-01 1.94732E-02 
7.25962E-01 1.61229E-01 2.93499E-02 
7.81998E-01 1.59797E-01 4.57336E-02 
8.40418E-01 1.57517E-01 7.38464E-02 
9.01072E-01 1.54509E-01 1.23936E-01 
9.63893E-01 1.50867E-01 2.16478E-01 
1.02911E+00 1.46726E-01 3.93886E-01 
1.09791E+00 1.42337E-01 7.44258E-01 
1.17517E+00 1.38326E-01 1.44524E+00 
1.27760E+00 1.36385E-01 2.80800E+00 
1.44843E+00 1.40154E-01 5.17622E+00 
1.73668E+00 1.52245E-01 8.40847E+00 
2.09099E+00 1.65839E-01 1.14780E+01 
2.37926E+00 1.70415E-01 1.34708E+01 
3.11140E-01 7.23362E-02 1.00553E-03 
3.22410E-01 7.65696E-02 1.19309E-03 
3.55078E-01 1.17541E-01 1.43270E-03 
3.77779E-01 1.23739E-01 1.74286E-03 
4.02141E-01 1.28618E-01 2.15048E-03 
4.28384E-01 1.32627E-01 2.69486E-03 
4.56537E-01 1.35774E-01 3.43404E-03 
4.79613E-01 1.37608E-01 4.19210E-03 
4.86574E-01 1.38041E-01 4.45323E-03 
5.21083E-01 1.39547E-01 6.02252E-03 
5.57734E-01 1.40096E-01 8.34266E-03 
5.96462E-01 1.39761E-01 1.18614E-02 
6.37169E-01 1.38675E-01 1.73522E-02 
6.81912E-01 1.47659E-01 2.61441E-02 
7.31334E-01 1.45049E-01 4.07312E-02 
7.82484E-01 1.41818E-01 6.57680E-02 
8.35193E-01 1.38032E-01 1.10286E-01 
8.89399E-01 1.33776E-01 1.92582E-01 
9.45220E-01 1.29173E-01 3.50132E-01 
1.00380E+00 1.24447E-01 6.61124E-01 
1.06951E+00 1.20138E-01 1.28278E+00 
1.15735E+00 1.17695E-01 2.48975E+00 
1.30604E+00 1.20199E-01 4.58498E+00 
1.55869E+00 1.29786E-01 7.43982E+00 
1.86802E+00 1.40557E-01 1.01435E+01 
2.11587E+00 1.43631E-01 1.18877E+01 
3.06794E-01 7.71594E-02 8.95734E-04 
3.17389E-01 7.98992E-02 1.06411E-03 
3.45495E-01 1.21072E-01 1.27959E-03 
3.66557E-01 1.24928E-01 1.55811E-03 
3.89215E-01 1.27932E-01 1.92465E-03 
4.13491E-01 1.30118E-01 2.41336E-03 
4.39396E-01 1.31520E-01 3.07664E-03 
4.60540E-01 1.32083E-01 3.75778E-03 
4.66898E-01 1.32166E-01 3.99220E-03 
4.98285E-01 1.32051E-01 5.40002E-03 
5.31409E-01 1.31149E-01 7.48198E-03 
5.66151E-01 1.29521E-01 1.06362E-02 
6.02407E-01 1.27272E-01 1.55560E-02 
6.41352E-01 1.34259E-01 2.34329E-02 
6.84748E-01 1.30770E-01 3.64778E-02 
7.29286E-01 1.26847E-01 5.88587E-02 
7.74822E-01 1.22519E-01 9.86525E-02 
8.21244E-01 1.17874E-01 1.72066E-01 
8.68716E-01 1.13019E-01 3.12552E-01 
9.18211E-01 1.08150E-01 5.89467E-01 
9.73704E-01 1.03728E-01 1.14219E+00 
1.04872E+00 1.00980E-01 2.21416E+00 
1.17789E+00 1.02505E-01 4.07201E+00 
1.39910E+00 1.10031E-01 6.59786E+00 
1.66888E+00 1.18488E-01 8.98110E+00 
1.88154E+00 1.20421E-01 1.05069E+01 
3.03270E-01 8.07635E-02 8.05621E-04 
3.13637E-01 8.29596E-02 9.58400E-04 
3.36486E-01 1.22244E-01 1.15341E-03 
3.56167E-01 1.24432E-01 1.40554E-03 
3.77325E-01 1.25644E-01 1.73678E-03 
3.99881E-01 1.26186E-01 2.17943E-03 
4.23766E-01 1.26045E-01 2.77848E-03 
4.43152E-01 1.25502E-01 3.39378E-03 
4.48960E-01 1.25277E-01 3.60559E-03 
4.77503E-01 1.23789E-01 4.87638E-03 
5.07377E-01 1.21683E-01 6.75342E-03 
5.38468E-01 1.19013E-01 9.59923E-03 
5.70665E-01 1.15779E-01 1.40256E-02 
6.04299E-01 1.21052E-01 2.11123E-02 
6.42183E-01 1.17015E-01 3.28415E-02 
6.80730E-01 1.12632E-01 5.29261E-02 
7.19772E-01 1.07989E-01 8.86003E-02 
7.59221E-01 1.03160E-01 1.54330E-01 
7.99226E-01 9.82417E-02 2.79907E-01 
8.40690E-01 9.33967E-02 5.27096E-01 
8.87203E-01 8.90155E-02 1.01980E+00 
9.50980E-01 8.61370E-02 1.97345E+00 
1.06298E+00 8.69260E-02 3.62285E+00 
1.25655E+00 9.27800E-02 5.85943E+00 
1.49170E+00 9.93651E-02 7.96041E+00 
1.67392E+00 1.00460E-01 9.29376E+00 
3.00870E-01 8.30556E-02 7.31318E-04 
3.10828E-01 8.35135E-02 8.70948E-04 
3.28297E-01 1.21318E-01 1.04876E-03 
3.47009E-01 1.22015E-01 1.27840E-03 
3.66861E-01 1.21659E-01 1.57984E-03 
3.87847E-01 1.20749E-01 1.98198E-03 
4.09914E-01 1.19319E-01 2.52678E-03 
4.27675E-01 1.17871E-01 3.08480E-03 
4.32983E-01 1.17396E-01 3.27714E-03 
4.58899E-01 1.14823E-01 4.43000E-03 
4.85767E-01 1.11784E-01 6.13075E-03 
5.13478E-01 1.08339E-01 8.70432E-03 
5.41880E-01 1.04543E-01 1.27055E-02 
5.70692E-01 1.08259E-01 1.91029E-02 
6.03513E-01 1.03851E-01 2.96719E-02 
6.36605E-01 9.92343E-02 4.77517E-02 
6.69799E-01 9.44847E-02 7.97934E-02 
7.03035E-01 8.96574E-02 1.38770E-01 
7.36412E-01 8.48341E-02 2.51236E-01 
7.70792E-01 8.01537E-02 4.72216E-01 
8.09447E-01 7.59422E-02 9.11723E-01 
8.63398E-01 7.30644E-02 1.76098E+00 
9.60388E-01 7.33258E-02 3.22602E+00 
1.12976E+00 7.78418E-02 5.20627E+00 
1.33475E+00 8.29370E-02 7.05752E+00 
1.49074E+00 8.34366E-02 8.22043E+00 
2.99924E-01 8.36059E-02 6.69660E-04 
3.09601E-01 8.28453E-02 7.97679E-04 
3.21753E-01 1.18491E-01 9.60661E-04 
3.39504E-01 1.17603E-01 1.17065E-03 
3.58182E-01 1.15959E-01 1.44641E-03 
3.77723E-01 1.13916E-01 1.81324E-03 
3.98087E-01 1.11474E-01 2.31016E-03 
4.14336E-01 1.09339E-01 2.81872E-03 
4.19163E-01 1.08677E-01 2.99337E-03 
4.42596E-01 1.05307E-01 4.04236E-03 
4.66651E-01 1.01621E-01 5.58764E-03 
4.91193E-01 9.76769E-02 7.92184E-03 
5.16058E-01 9.35660E-02 1.15482E-02 
5.40444E-01 9.59987E-02 1.73307E-02 
5.68674E-01 9.14096E-02 2.68765E-02 
5.96800E-01 8.67621E-02 4.31641E-02 
6.24734E-01 8.20759E-02 7.20087E-02 
6.52375E-01 7.74008E-02 1.24953E-01 
6.79899E-01 7.28017E-02 2.25754E-01 
7.08070E-01 6.83933E-02 4.23383E-01 
7.39863E-01 6.44425E-02 8.15591E-01 
7.85301E-01 6.16748E-02 1.57167E+00 
8.69246E-01 6.15770E-02 2.87266E+00 
1.01755E+00 6.50413E-02 4.62495E+00 
1.19635E+00 6.89618E-02 6.25378E+00 
1.32986E+00 6.90586E-02 7.26573E+00 
3.00631E-01 8.24815E-02 6.17310E-04 
3.10159E-01 8.11808E-02 7.34982E-04 
3.17349E-01 1.12886E-01 8.84691E-04 
3.34081E-01 1.11293E-01 1.07735E-03 
3.51598E-01 1.08799E-01 1.32994E-03 
3.69744E-01 1.05918E-01 1.66580E-03 
3.88430E-01 1.02761E-01 2.11938E-03 
4.03215E-01 1.00153E-01 2.58382E-03 
4.07581E-01 9.93653E-02 2.74323E-03 
4.28622E-01 9.54830E-02 3.69842E-03 
4.49981E-01 9.14158E-02 5.10389E-03 
4.71509E-01 8.72101E-02 7.22431E-03 
4.93092E-01 8.29084E-02 1.05105E-02 
5.13465E-01 8.43440E-02 1.57448E-02 
5.37429E-01 7.98302E-02 2.43627E-02 
5.61050E-01 7.53111E-02 3.90510E-02 
5.84216E-01 7.08252E-02 6.49885E-02 
6.06901E-01 6.64169E-02 1.12532E-01 
6.29248E-01 6.21368E-02 2.02836E-01 
6.51979E-01 5.80699E-02 3.79507E-01 
6.77854E-01 5.44429E-02 7.29384E-01 
7.15912E-01 5.18545E-02 1.40190E+00 
7.88542E-01 5.15275E-02 2.55578E+00 
9.18536E-01 5.41738E-02 4.10399E+00 
1.07468E+00 5.71813E-02 5.53446E+00 
1.18901E+00 5.70205E-02 6.41285E+00 
3.03132E-01 8.00619E-02 5.71614E-04 
3.12436E-01 7.78484E-02 6.80026E-04 
3.15075E-01 1.06237E-01 8.17655E-04 
3.30893E-01 1.03839E-01 9.94697E-04 
3.47250E-01 1.00608E-01 1.22619E-03 
3.63974E-01 9.71743E-02 1.53370E-03 
3.80993E-01 9.35848E-02 1.94862E-03 
3.94302E-01 9.07070E-02 2.37255E-03 
3.98211E-01 8.98528E-02 2.51808E-03 
4.16930E-01 8.57148E-02 3.38880E-03 
4.35666E-01 8.14960E-02 4.66740E-03 
4.54330E-01 7.72345E-02 6.59387E-03 
4.72834E-01 7.29306E-02 9.57262E-03 
4.89575E-01 7.36048E-02 1.43091E-02 
5.09625E-01 6.92948E-02 2.20906E-02 
5.29160E-01 6.50217E-02 3.53330E-02 
5.48083E-01 6.08369E-02 5.86668E-02 
5.66385E-01 5.67677E-02 1.01340E-01 
5.84212E-01 5.28543E-02 1.82242E-01 
6.02251E-01 4.91705E-02 3.40056E-01 
6.23035E-01 4.58971E-02 6.51844E-01 
6.54793E-01 4.35261E-02 1.24971E+00 
7.17689E-01 4.30679E-02 2.27207E+00 
8.31892E-01 4.50879E-02 3.63831E+00 
9.68628E-01 4.73971E-02 4.89307E+00 
1.06672E+00 4.70837E-02 5.65407E+00 
3.07337E-01 7.63348E-02 5.30113E-04 
3.16325E-01 7.36106E-02 6.30070E-04 
3.15459E-01 9.81957E-02 7.56538E-04 
3.29936E-01 9.54723E-02 9.19034E-04 
3.44996E-01 9.18298E-02 1.13123E-03 
3.60210E-01 8.81159E-02 1.41265E-03 
3.75483E-01 8.43209E-02 1.79177E-03 
3.87311E-01 8.13440E-02 2.17851E-03 
3.90766E-01 8.04697E-02 2.31134E-03 
4.07151E-01 7.62856E-02 3.10427E-03 
4.23343E-01 7.20986E-02 4.26702E-03 
4.39267E-01 6.79370E-02 6.01458E-03 
4.54815E-01 6.38361E-02 8.71331E-03 
4.68301E-01 6.39119E-02 1.29943E-02 
4.84798E-01 5.98585E-02 2.00176E-02 
5.00641E-01 5.59077E-02 3.19376E-02 
5.15782E-01 5.20756E-02 5.29046E-02 
5.30207E-01 4.83838E-02 9.11613E-02 
5.44087E-01 4.48627E-02 1.63493E-01 
5.58087E-01 4.15685E-02 3.04341E-01 
5.74515E-01 3.86506E-02 5.81842E-01 
6.00881E-01 3.65144E-02 1.11248E+00 
6.55407E-01 3.59924E-02 2.01705E+00 
7.55981E-01 3.75344E-02 3.22094E+00 
8.76036E-01 3.93102E-02 4.31961E+00 
9.60373E-01 3.89155E-02 4.97755E+00 
3.12805E-01 7.19207E-02 4.91525E-04 
3.21236E-01 6.90716E-02 5.83368E-04 
3.17415E-01 9.00619E-02 6.99695E-04 
3.30848E-01 8.66892E-02 8.48478E-04 
3.44453E-01 8.29840E-02 1.04286E-03 
3.58031E-01 7.91938E-02 1.30012E-03 
3.71504E-01 7.53779E-02 1.64611E-03 
3.81820E-01 7.24278E-02 1.99854E-03 
3.84809E-01 7.15675E-02 2.11943E-03 
3.98882E-01 6.74875E-02 2.84081E-03 
4.12615E-01 6.34587E-02 3.89681E-03 
4.25920E-01 5.95055E-02 5.48076E-03 
4.38710E-01 5.56669E-02 7.92298E-03 
4.49293E-01 5.53132E-02 1.17894E-02 
4.62560E-01 5.15877E-02 1.81195E-02 
4.75098E-01 4.79906E-02 2.88390E-02 
4.86884E-01 4.45280E-02 4.76503E-02 
4.97936E-01 4.12179E-02 8.19062E-02 
5.08423E-01 3.80823E-02 1.46528E-01 
5.18959E-01 3.51633E-02 2.72102E-01 
5.31706E-01 3.25849E-02 5.18912E-01 
5.53484E-01 3.06799E-02 9.89348E-01 
6.00848E-01 3.01372E-02 1.78897E+00 
6.89698E-01 3.13164E-02 2.84876E+00 
7.95438E-01 3.26850E-02 3.80960E+00 
8.68170E-01 3.22551E-02 4.37772E+00 
3.18888E-01 6.72345E-02 4.55195E-04 
3.26616E-01 6.42134E-02 5.39474E-04 
3.20987E-01 8.17216E-02 6.46018E-04 
3.32923E-01 7.82521E-02 7.82351E-04 
3.44975E-01 7.45089E-02 9.59959E-04 
3.56840E-01 7.07754E-02 1.19478E-03 
3.68475E-01 6.70664E-02 1.51021E-03 
3.77264E-01 6.42285E-02 1.83118E-03 
3.79797E-01 6.34021E-02 1.94101E-03 
3.91624E-01 5.95183E-02 2.59672E-03 
4.02986E-01 5.57243E-02 3.55425E-03 
4.13817E-01 5.20393E-02 4.98889E-03 
4.24100E-01 4.84595E-02 7.19624E-03 
4.32101E-01 4.78240E-02 1.06852E-02 
4.42457E-01 4.44556E-02 1.63852E-02 
4.52074E-01 4.12139E-02 2.60213E-02 
4.60926E-01 3.81136E-02 4.28974E-02 
4.69063E-01 3.51664E-02 7.35595E-02 
4.76639E-01 3.23862E-02 1.31273E-01 
4.84259E-01 2.98154E-02 2.43150E-01 
4.93889E-01 2.75473E-02 4.62456E-01 
5.11810E-01 2.58596E-02 8.79523E-01 
5.53039E-01 2.53219E-02 1.58595E+00 
6.31784E-01 2.62252E-02 2.51833E+00 
7.25263E-01 2.72819E-02 3.35829E+00 
7.88203E-01 2.68449E-02 3.84854E+00 
3.24818E-01 6.25388E-02 4.20598E-04 
3.31758E-01 5.94088E-02 4.97977E-04 
3.25075E-01 7.35982E-02 5.95511E-04 
3.35414E-01 7.03670E-02 7.20294E-04 
3.45845E-01 6.67207E-02 8.82533E-04 
3.55975E-01 6.31303E-02 1.09688E-03 
3.65759E-01 5.95951E-02 1.38420E-03 
3.73078E-01 5.69059E-02 1.67625E-03 
3.75174E-01 5.61282E-02 1.77634E-03 
3.84849E-01 5.24851E-02 2.37211E-03 
3.93987E-01 4.89534E-02 3.24052E-03 
4.02561E-01 4.55443E-02 4.54005E-03 
4.10521E-01 4.22691E-02 6.53442E-03 
4.16299E-01 4.14233E-02 9.68305E-03 
4.24088E-01 3.83838E-02 1.48154E-02 
4.31149E-01 3.54786E-02 2.34770E-02 
4.37477E-01 3.27139E-02 3.86163E-02 
4.43118E-01 3.00982E-02 6.60649E-02 
4.48239E-01 2.76438E-02 1.17619E-01 
4.53395E-01 2.53777E-02 2.17301E-01 
4.60417E-01 2.33830E-02 4.12235E-01 
4.75074E-01 2.18908E-02 7.81984E-01 
5.11052E-01 2.13725E-02 1.40620E+00 
5.81094E-01 2.20643E-02 2.22664E+00 
6.64059E-01 2.28830E-02 2.96107E+00 
7.18721E-01 2.24545E-02 3.38403E+00 
3.29902E-01 5.81663E-02 3.88188E-04 
3.35909E-01 5.50897E-02 4.59177E-04 
3.28366E-01 6.69420E-02 5.48592E-04 
3.37618E-01 6.32915E-02 6.62736E-04 
3.46409E-01 5.98072E-02 8.11034E-04 
3.54840E-01 5.63891E-02 1.00661E-03 
3.62869E-01 5.30489E-02 1.26866E-03 
3.68794E-01 5.05210E-02 1.53450E-03 
3.70473E-01 4.97951E-02 1.62555E-03 
3.78157E-01 4.63966E-02 2.16698E-03 
3.85278E-01 4.31236E-02 2.95575E-03 
3.91801E-01 3.99865E-02 4.13232E-03 
3.97705E-01 3.70013E-02 5.93767E-03 
4.01558E-01 3.60058E-02 8.77932E-03 
4.07125E-01 3.32653E-02 1.34063E-02 
4.11985E-01 3.06606E-02 2.11962E-02 
4.16155E-01 2.81948E-02 3.47875E-02 
4.19683E-01 2.58719E-02 5.93767E-02 
4.22736E-01 2.37012E-02 1.05464E-01 
4.25831E-01 2.17028E-02 1.94362E-01 
4.30675E-01 1.99463E-02 3.67816E-01 
4.42574E-01 1.86251E-02 6.95824E-01 
4.74054E-01 1.81330E-02 1.24787E+00 
5.36582E-01 1.86620E-02 1.97040E+00 
6.10493E-01 1.92957E-02 2.61288E+00 
6.58145E-01 1.88852E-02 2.97792E+00 
3.33574E-01 5.42889E-02 3.58447E-04 
3.38681E-01 5.12173E-02 4.23648E-04 
3.31457E-01 6.04093E-02 5.05669E-04 
3.38952E-01 5.71342E-02 6.10344E-04 
3.46181E-01 5.38209E-02 7.46171E-04 
3.53019E-01 5.05746E-02 9.24931E-04 
3.59434E-01 4.74182E-02 1.16416E-03 
3.64082E-01 4.50456E-02 1.40671E-03 
3.65389E-01 4.43631E-02 1.48956E-03 
3.71280E-01 4.11903E-02 1.98229E-03 
3.76597E-01 3.81548E-02 2.69905E-03 
3.81318E-01 3.52633E-02 3.76667E-03 
3.85445E-01 3.25102E-02 5.40162E-03 
3.87655E-01 3.14308E-02 7.97176E-03 
3.91300E-01 2.89602E-02 1.21470E-02 
3.94284E-01 2.66204E-02 1.91642E-02 
3.96619E-01 2.44152E-02 3.13834E-02 
3.98365E-01 2.23462E-02 5.34424E-02 
3.99680E-01 2.04192E-02 9.46878E-02 
4.01058E-01 1.86530E-02 1.74092E-01 
4.04078E-01 1.71021E-02 3.28583E-01 
4.13640E-01 1.59290E-02 6.19994E-01 
4.41245E-01 1.54655E-02 1.10880E+00 
4.97261E-01 1.58686E-02 1.74581E+00 
5.63363E-01 1.63596E-02 2.30849E+00 
6.05023E-01 1.59700E-02 2.62352E+00 
3.35398E-01 5.09511E-02 3.31506E-04 
3.39697E-01 4.78831E-02 3.91590E-04 
3.33186E-01 5.47461E-02 4.67116E-04 
3.38946E-01 5.19027E-02 5.63244E-04 
3.44798E-01 4.87102E-02 6.87870E-04 
3.50219E-01 4.56160E-02 8.51820E-04 
3.55198E-01 4.26203E-02 1.07066E-03 
3.58736E-01 4.03788E-02 1.29232E-03 
3.59717E-01 3.97366E-02 1.36809E-03 
3.64050E-01 3.67605E-02 1.81794E-03 
3.67803E-01 3.39298E-02 2.47068E-03 
3.70977E-01 3.12477E-02 3.44234E-03 
3.73546E-01 2.87209E-02 4.92599E-03 
3.74381E-01 2.75725E-02 7.25537E-03 
3.76397E-01 2.53323E-02 1.10332E-02 
3.77785E-01 2.32219E-02 1.73664E-02 
3.78572E-01 2.12414E-02 2.83707E-02 
3.78815E-01 1.93917E-02 4.81958E-02 
3.78672E-01 1.76764E-02 8.51861E-02 
3.78603E-01 1.61078E-02 1.56206E-01 
3.80086E-01 1.47331E-02 2.94081E-01 
3.87652E-01 1.36891E-02 5.53268E-01 
4.11903E-01 1.32547E-02 9.86667E-01 
4.62242E-01 1.35598E-02 1.54898E+00 
5.21551E-01 1.39397E-02 2.04222E+00 
5.58059E-01 1.35728E-02 2.31409E+00 
3.35515E-01 4.81389E-02 3.07855E-04 
3.39090E-01 4.50727E-02 3.63424E-04 
3.33061E-01 5.02740E-02 4.33164E-04 
3.37623E-01 4.75012E-02 5.21823E-04 
3.42269E-01 4.44099E-02 6.36552E-04 
3.46481E-01 4.14270E-02 7.87264E-04 
3.50239E-01 3.85606E-02 9.88390E-04 
3.52822E-01 3.64264E-02 1.19161E-03 
3.53526E-01 3.58162E-02 1.26102E-03 
3.56520E-01 3.30035E-02 1.67277E-03 
3.58945E-01 3.03446E-02 2.26940E-03 
3.60782E-01 2.78436E-02 3.15508E-03 
3.62043E-01 2.55014E-02 4.50617E-03 
3.61700E-01 2.43139E-02 6.62231E-03 
3.62332E-01 2.22705E-02 1.00467E-02 
3.62373E-01 2.03566E-02 1.57796E-02 
3.61848E-01 1.85699E-02 2.57157E-02 
3.60819E-01 1.69091E-02 4.35730E-02 
3.59440E-01 1.53751E-02 7.68123E-02 
3.58150E-01 1.39773E-02 1.40470E-01 
3.58326E-01 1.27547E-02 2.63685E-01 
3.64186E-01 1.18218E-02 4.94767E-01 
3.85516E-01 1.14165E-02 8.79679E-01 
4.30886E-01 1.16454E-02 1.37683E+00 
4.84260E-01 1.19376E-02 1.80973E+00 
5.16334E-01 1.15953E-02 2.04455E+00 
3.33870E-01 4.57696E-02 2.86950E-04 
3.36842E-01 4.26933E-02 3.38451E-04 
3.31025E-01 4.67228E-02 4.03060E-04 
3.34915E-01 4.37361E-02 4.85017E-04 
3.38551E-01 4.07217E-02 5.90968E-04 
3.41743E-01 3.78262E-02 7.29859E-04 
3.44469E-01 3.50594E-02 9.14863E-04 
3.46244E-01 3.30123E-02 1.10169E-03 
3.46711E-01 3.24284E-02 1.16533E-03 
3.48572E-01 2.97497E-02 1.54281E-03 
3.49851E-01 2.72378E-02 2.08870E-03 
3.50550E-01 2.48915E-02 2.89776E-03 
3.50674E-01 2.27066E-02 4.12901E-03 
3.49321E-01 2.14983E-02 6.05393E-03 
3.48757E-01 1.96287E-02 9.16230E-03 
3.47626E-01 1.78883E-02 1.43524E-02 
3.45964E-01 1.62724E-02 2.33289E-02 
3.43834E-01 1.47777E-02 3.94229E-02 
3.41388E-01 1.34027E-02 6.93010E-02 
3.39042E-01 1.21552E-02 1.26381E-01 
3.38084E-01 1.10654E-02 2.36548E-01 
3.42441E-01 1.02318E-02 4.42491E-01 
3.61177E-01 9.85526E-03 7.84357E-01 
4.02110E-01 1.00242E-02 1.22381E+00 
4.50196E-01 1.02475E-02 1.60353E+00 
4.78338E-01 9.92934E-03 1.80585E+00 
3.30810E-01 4.38258E-02 2.68800E-04 
3.33310E-01 4.07111E-02 3.16716E-04 
3.27783E-01 4.36826E-02 3.76692E-04 
3.31081E-01 4.05523E-02 4.52689E-04 
3.33897E-01 3.75795E-02 5.50779E-04 
3.36244E-01 3.47425E-02 6.79126E-04 
3.38103E-01 3.20495E-02 8.49714E-04 
3.39201E-01 3.00685E-02 1.02171E-03 
3.39462E-01 2.95073E-02 1.08036E-03 
3.40357E-01 2.69372E-02 1.42724E-03 
3.40652E-01 2.45471E-02 1.92780E-03 
3.40360E-01 2.23326E-02 2.66811E-03 
3.39492E-01 2.02894E-02 3.79221E-03 
3.37261E-01 1.90705E-02 5.54602E-03 
3.35657E-01 1.73523E-02 8.37167E-03 
3.33508E-01 1.57635E-02 1.30786E-02 
3.30856E-01 1.42978E-02 2.11971E-02 
3.27770E-01 1.29492E-02 3.57184E-02 
3.24396E-01 1.17148E-02 6.26082E-02 
3.21133E-01 1.05984E-02 1.13824E-01 
3.19191E-01 9.62559E-03 2.12412E-01 
3.22228E-01 8.87943E-03 3.96046E-01 
3.38657E-01 8.53095E-03 6.99802E-01 
3.75620E-01 8.65325E-03 1.08836E+00 
4.18984E-01 8.82238E-03 1.42142E+00 
4.43651E-01 8.52801E-03 1.59552E+00 
3.26548E-01 4.21949E-02 2.52787E-04 
3.28693E-01 3.90100E-02 2.97467E-04 
3.23603E-01 4.09092E-02 3.53222E-04 
3.26212E-01 3.78164E-02 4.23808E-04 
3.28355E-01 3.48615E-02 5.14728E-04 
3.30004E-01 3.20599E-02 6.33475E-04 
3.31137E-01 2.94205E-02 7.91058E-04 
3.31657E-01 2.74914E-02 9.49549E-04 
3.31741E-01 2.69479E-02 1.00361E-03 
3.31798E-01 2.44691E-02 1.32259E-03 
3.31240E-01 2.21828E-02 1.78194E-03 
3.30077E-01 2.00838E-02 2.45975E-03 
3.28335E-01 1.81624E-02 3.48656E-03 
3.25323E-01 1.69475E-02 5.08499E-03 
3.22801E-01 1.53641E-02 7.65370E-03 
3.19753E-01 1.39109E-02 1.19226E-02 
3.16226E-01 1.25790E-02 1.92680E-02 
3.12296E-01 1.13609E-02 3.23685E-02 
3.08107E-01 1.02517E-02 5.65588E-02 
3.04042E-01 9.25219E-03 1.02501E-01 
3.01234E-01 8.38366E-03 1.90646E-01 
3.03104E-01 7.71562E-03 3.54374E-01 
3.17452E-01 7.39441E-03 6.24064E-01 
3.50809E-01 7.48029E-03 9.67313E-01 
3.89900E-01 7.60625E-03 1.25913E+00 
4.11458E-01 7.33551E-03 1.40863E+00 
3.21298E-01 4.08399E-02 2.38463E-04 
3.23207E-01 3.75538E-02 2.80115E-04 
3.18412E-01 3.85760E-02 3.32063E-04 
3.20523E-01 3.54519E-02 3.97651E-04 
3.22120E-01 3.24955E-02 4.81971E-04 
3.23181E-01 2.97133E-02 5.91928E-04 
3.23688E-01 2.71109E-02 7.37470E-04 
3.23693E-01 2.52231E-02 8.83636E-04 
3.23630E-01 2.46919E-02 9.33354E-04 
3.22941E-01 2.22877E-02 1.22677E-03 
3.21608E-01 2.00910E-02 1.64831E-03 
3.19656E-01 1.80926E-02 2.26877E-03 
3.17114E-01 1.62815E-02 3.20638E-03 
3.13397E-01 1.50776E-02 4.66263E-03 
3.10048E-01 1.36152E-02 6.99726E-03 
3.06193E-01 1.22837E-02 1.08658E-02 
3.01887E-01 1.10723E-02 1.75054E-02 
2.97207E-01 9.97157E-03 2.93129E-02 
2.92302E-01 8.97415E-03 5.10513E-02 
2.87530E-01 8.08005E-03 9.22220E-02 
2.83964E-01 7.30450E-03 1.70962E-01 
2.84791E-01 6.70717E-03 3.16713E-01 
2.97253E-01 6.41231E-03 5.55886E-01 
3.27314E-01 6.46982E-03 8.58724E-01 
3.62497E-01 6.56173E-03 1.11391E+00 
3.81254E-01 6.31372E-03 1.24193E+00 
3.15197E-01 3.97202E-02 2.25338E-04 
3.16881E-01 3.63223E-02 2.64125E-04 
3.12379E-01 3.65294E-02 3.12461E-04 
3.14027E-01 3.33893E-02 3.73389E-04 
3.15149E-01 3.04182E-02 4.51525E-04 
3.15693E-01 2.76414E-02 5.53213E-04 
3.15646E-01 2.50635E-02 6.87549E-04 
3.15196E-01 2.32071E-02 8.22247E-04 
3.15001E-01 2.26864E-02 8.67993E-04 
3.13640E-01 2.03451E-02 1.13764E-03 
3.11609E-01 1.82261E-02 1.52397E-03 
3.08942E-01 1.63176E-02 2.09122E-03 
3.05678E-01 1.46047E-02 2.94640E-03 
3.01323E-01 1.34204E-02 4.27132E-03 
2.97232E-01 1.20672E-02 6.38983E-03 
2.92655E-01 1.08461E-02 9.89114E-03 
2.87655E-01 9.74394E-03 1.58824E-02 
2.82316E-01 8.74927E-03 2.65080E-02 
2.76783E-01 7.85319E-03 4.60141E-02 
2.71399E-01 7.05355E-03 8.28438E-02 
2.67174E-01 6.36188E-03 1.53069E-01 
2.67077E-01 5.82830E-03 2.82565E-01 
2.77820E-01 5.55868E-03 4.94258E-01 
3.04839E-01 5.59424E-03 7.60896E-01 
3.36425E-01 5.65966E-03 9.83581E-01 
3.52648E-01 5.43290E-03 1.09279E+00 
3.08494E-01 3.88369E-02 2.13131E-04 
3.09973E-01 3.53250E-02 2.49259E-04 
3.05667E-01 3.48259E-02 2.94152E-04 
3.06946E-01 3.16134E-02 3.50667E-04 
3.07620E-01 2.86101E-02 4.22992E-04 
3.07676E-01 2.58226E-02 5.16890E-04 
3.07100E-01 2.32549E-02 6.40663E-04 
3.06222E-01 2.14188E-02 7.64505E-04 
3.05893E-01 2.09066E-02 8.06558E-04 
3.03895E-01 1.86150E-02 1.05381E-03 
3.01209E-01 1.65613E-02 1.40726E-03 
2.97871E-01 1.47311E-02 1.92494E-03 
2.93934E-01 1.31063E-02 2.70319E-03 
2.88996E-01 1.19465E-02 3.90619E-03 
2.84234E-01 1.06920E-02 5.82461E-03 
2.79011E-01 9.57101E-03 8.98629E-03 
2.73398E-01 8.56802E-03 1.43808E-02 
2.67482E-01 7.66950E-03 2.39215E-02 
2.61407E-01 6.86534E-03 4.13847E-02 
2.55507E-01 6.15058E-03 7.42514E-02 
2.50719E-01 5.53458E-03 1.36717E-01 
2.49809E-01 5.05872E-03 2.51512E-01 
2.58980E-01 4.81323E-03 4.38392E-01 
2.83177E-01 4.83178E-03 6.72517E-01 
3.11439E-01 4.87627E-03 8.66329E-01 
3.25366E-01 4.66991E-03 9.59111E-01 
3.01069E-01 3.81503E-02 2.01512E-04 
3.02346E-01 3.45064E-02 2.35089E-04 
2.98242E-01 3.33747E-02 2.76740E-04 
2.99178E-01 3.00913E-02 3.29072E-04 
2.99462E-01 2.70460E-02 3.95929E-04 
2.99081E-01 2.42378E-02 4.82520E-04 
2.98028E-01 2.16695E-02 5.96414E-04 
2.96753E-01 1.98460E-02 7.10118E-04 
2.96306E-01 1.93393E-02 7.48669E-04 
2.93725E-01 1.70856E-02 9.75091E-04 
2.90430E-01 1.50870E-02 1.29793E-03 
2.86478E-01 1.33250E-02 1.76943E-03 
2.81932E-01 1.17777E-02 2.47668E-03 
2.76473E-01 1.06460E-02 3.56703E-03 
2.71120E-01 9.47956E-03 5.30103E-03 
2.65335E-01 8.44817E-03 8.15176E-03 
2.59194E-01 7.53426E-03 1.30016E-02 
2.52792E-01 6.72211E-03 2.15533E-02 
2.46271E-01 5.99994E-03 3.71599E-02 
2.39944E-01 5.36167E-03 6.64385E-02 
2.34693E-01 4.81325E-03 1.21903E-01 
2.33081E-01 4.38932E-03 2.23495E-01 
2.40833E-01 4.16645E-03 3.88201E-01 
2.62435E-01 4.17208E-03 5.93445E-01 
2.87644E-01 4.20013E-03 7.61797E-01 
2.99514E-01 4.01309E-03 8.40435E-01 
2.92915E-01 3.76581E-02 1.90162E-04 
2.93962E-01 3.38564E-02 2.21229E-04 
2.90061E-01 3.21290E-02 2.59724E-04 
2.90604E-01 2.87789E-02 3.08009E-04 
2.90493E-01 2.56766E-02 3.69550E-04 
2.89682E-01 2.28345E-02 4.49091E-04 
2.88162E-01 2.02541E-02 5.53445E-04 
2.86510E-01 1.84348E-02 6.57437E-04 
2.85947E-01 1.79319E-02 6.92664E-04 
2.82817E-01 1.57069E-02 8.99150E-04 
2.78963E-01 1.37544E-02 1.19278E-03 
2.74452E-01 1.20520E-02 1.62069E-03 
2.69355E-01 1.05749E-02 2.26051E-03 
2.63439E-01 9.47386E-03 3.24484E-03 
2.57568E-01 8.38784E-03 4.80620E-03 
2.51299E-01 7.43875E-03 7.36459E-03 
2.44715E-01 6.60626E-03 1.17062E-02 
2.37912E-01 5.87316E-03 1.93383E-02 
2.31032E-01 5.22607E-03 3.32226E-02 
2.24368E-01 4.65758E-03 5.91943E-02 
2.18743E-01 4.17082E-03 1.08229E-01 
2.16526E-01 3.79447E-03 1.97727E-01 
2.22977E-01 3.59309E-03 3.42236E-01 
2.42146E-01 3.58887E-03 5.21335E-01 
2.64499E-01 3.60397E-03 6.66858E-01 
2.74494E-01 3.43531E-03 7.33086E-01 
2.84182E-01 3.73645E-02 1.79176E-04 
2.85009E-01 3.33964E-02 2.07871E-04 
2.81267E-01 3.11487E-02 2.43351E-04 
2.81452E-01 2.76924E-02 2.87764E-04 
2.80920E-01 2.45151E-02 3.44224E-04 
2.79661E-01 2.16235E-02 4.17024E-04 
2.77682E-01 1.90181E-02 5.12350E-04 
2.75667E-01 1.71950E-02 6.07126E-04 
2.74999E-01 1.66930E-02 6.39190E-04 
2.71356E-01 1.44861E-02 8.26928E-04 
2.66988E-01 1.25700E-02 1.09322E-03 
2.61970E-01 1.09187E-02 1.48017E-03 
2.56388E-01 9.50312E-03 2.05739E-03 
2.50081E-01 8.43339E-03 2.94314E-03 
2.43771E-01 7.41935E-03 4.34419E-03 
2.37104E-01 6.54395E-03 6.63400E-03 
2.30167E-01 5.78472E-03 1.05081E-02 
2.23055E-01 5.12288E-03 1.72982E-02 
2.15907E-01 4.54355E-03 2.96132E-02 
2.09002E-01 4.03764E-03 5.25797E-02 
2.03098E-01 3.60637E-03 9.58027E-02 
2.00381E-01 3.27294E-03 1.74396E-01 
2.05663E-01 3.09159E-03 3.00797E-01 
2.22585E-01 3.08012E-03 4.56602E-01 
2.42307E-01 3.08526E-03 5.81987E-01 
2.50627E-01 2.93383E-03 6.37530E-01 
2.74729E-01 3.72366E-02 1.68375E-04 
2.75286E-01 3.30866E-02 1.94774E-04 
2.71715E-01 3.03595E-02 2.27352E-04 
2.71553E-01 2.67916E-02 2.68062E-04 
2.70647E-01 2.35305E-02 3.19709E-04 
2.68987E-01 2.05800E-02 3.86143E-04 
2.66579E-01 1.79395E-02 4.72883E-04 
2.64220E-01 1.61050E-02 5.58987E-04 
2.63456E-01 1.56015E-02 5.88073E-04 
2.59332E-01 1.34031E-02 7.58089E-04 
2.54494E-01 1.15147E-02 9.98625E-04 
2.49025E-01 9.90601E-03 1.34726E-03 
2.43020E-01 8.54422E-03 1.86592E-03 
2.36387E-01 7.50615E-03 2.65991E-03 
2.29723E-01 6.55654E-03 3.91253E-03 
2.22744E-01 5.74766E-03 5.95392E-03 
2.15542E-01 5.05484E-03 9.39744E-03 
2.08213E-01 4.45737E-03 1.54159E-02 
2.00889E-01 3.93922E-03 2.62999E-02 
1.93833E-01 3.48981E-03 4.65308E-02 
1.87744E-01 3.10857E-03 8.44823E-02 
1.84624E-01 2.81396E-03 1.53252E-01 
1.88859E-01 2.65134E-03 2.63393E-01 
2.03706E-01 2.63468E-03 3.98413E-01 
2.21007E-01 2.63237E-03 5.06037E-01 
2.27835E-01 2.49700E-03 5.52372E-01 
2.64682E-01 3.72678E-02 1.57828E-04 
2.64934E-01 3.29134E-02 1.82002E-04 
2.61506E-01 2.97482E-02 2.11791E-04 
2.60969E-01 2.60587E-02 2.48962E-04 
2.59676E-01 2.26999E-02 2.95992E-04 
2.57618E-01 1.96794E-02 3.56336E-04 
2.54815E-01 1.69958E-02 4.34984E-04 
2.52153E-01 1.51439E-02 5.12866E-04 
2.51295E-01 1.46383E-02 5.39155E-04 
2.46753E-01 1.24412E-02 6.92513E-04 
2.41513E-01 1.05738E-02 9.08944E-04 
2.35666E-01 9.00159E-03 1.22182E-03 
2.29314E-01 7.68735E-03 1.68603E-03 
2.22431E-01 6.68074E-03 2.39501E-03 
2.15498E-01 5.78908E-03 3.51047E-03 
2.08297E-01 5.04026E-03 5.32325E-03 
2.00922E-01 4.40735E-03 8.37238E-03 
1.93466E-01 3.86801E-03 1.36862E-02 
1.86057E-01 3.40489E-03 2.32677E-02 
1.78938E-01 3.00652E-03 4.10201E-02 
1.72751E-01 2.67032E-03 7.42123E-02 
1.69321E-01 2.41079E-03 1.34156E-01 
1.72630E-01 2.26555E-03 2.29762E-01 
1.85573E-01 2.24539E-03 3.46322E-01 
2.00655E-01 2.23760E-03 4.38330E-01 
2.06167E-01 2.11722E-03 4.76778E-01 
2.54083E-01 3.74378E-02 1.47542E-04 
2.54002E-01 3.28636E-02 1.69582E-04 
2.50667E-01 2.93009E-02 1.96701E-04 
2.49746E-01 2.54686E-02 2.30468E-04 
2.48078E-01 2.20019E-02 2.73111E-04 
2.45653E-01 1.89042E-02 3.27710E-04 
2.42484E-01 1.61698E-02 3.98687E-04 
2.39541E-01 1.42954E-02 4.68812E-04 
2.38603E-01 1.37858E-02 4.92452E-04 
2.33690E-01 1.15840E-02 6.30198E-04 
2.28104E-01 9.73221E-03 8.24054E-04 
2.21947E-01 8.19124E-03 1.10354E-03 
2.15324E-01 6.91942E-03 1.51720E-03 
2.08263E-01 5.94403E-03 2.14740E-03 
2.01147E-01 5.10477E-03 3.13623E-03 
1.93812E-01 4.41038E-03 4.73908E-03 
1.86349E-01 3.83192E-03 7.42729E-03 
1.78855E-01 3.34530E-03 1.20982E-02 
1.71446E-01 2.93202E-03 2.04940E-02 
1.64347E-01 2.57967E-03 3.60046E-02 
1.58145E-01 2.28408E-03 6.49096E-02 
1.54494E-01 2.05631E-03 1.16925E-01 
1.56988E-01 1.92720E-03 1.99549E-01 
1.68188E-01 1.90490E-03 2.99727E-01 
1.81245E-01 1.89324E-03 3.78018E-01 
1.85602E-01 1.78682E-03 4.09730E-01 
2.43028E-01 3.77212E-02 1.37562E-04 
2.42592E-01 3.29126E-02 1.57569E-04 
2.39312E-01 2.89831E-02 1.82145E-04 
2.38024E-01 2.50006E-02 2.12697E-04 
2.35968E-01 2.14152E-02 2.51166E-04 
2.33174E-01 1.82314E-02 3.00314E-04 
2.29664E-01 1.54412E-02 3.64062E-04 
2.26471E-01 1.35415E-02 4.26931E-04 
2.25465E-01 1.30270E-02 4.48100E-04 
2.20234E-01 1.08172E-02 5.71207E-04 
2.14368E-01 8.97762E-03 7.44048E-04 
2.07970E-01 7.46424E-03 9.92608E-04 
2.01152E-01 6.23109E-03 1.35944E-03 
1.93989E-01 5.28679E-03 1.91710E-03 
1.86775E-01 4.49541E-03 2.78988E-03 
1.79391E-01 3.85079E-03 4.20026E-03 
1.71929E-01 3.32176E-03 6.55965E-03 
1.64479E-01 2.88293E-03 1.06469E-02 
1.57151E-01 2.51478E-03 1.79715E-02 
1.50151E-01 2.20386E-03 3.14620E-02 
1.44009E-01 1.94484E-03 5.65225E-02 
1.40220E-01 1.74571E-03 1.01454E-01 
1.42007E-01 1.63151E-03 1.72539E-01 
1.51625E-01 1.60817E-03 2.58247E-01 
1.62844E-01 1.59398E-03 3.24553E-01 
1.66201E-01 1.50047E-03 3.50544E-01 
2.31615E-01 3.80902E-02 1.27931E-04 
2.30809E-01 3.30359E-02 1.46008E-04 
2.27545E-01 2.87666E-02 1.68170E-04 
2.25874E-01 2.46254E-02 1.95679E-04 
2.23467E-01 2.09175E-02 2.30237E-04 
2.20323E-01 1.76433E-02 2.74260E-04 
2.16484E-01 1.47932E-02 3.31222E-04 
2.13070E-01 1.28664E-02 3.87290E-04 
2.12003E-01 1.23469E-02 4.06153E-04 
2.06510E-01 1.01273E-02 5.15666E-04 
2.00421E-01 8.29807E-03 6.68998E-04 
1.93850E-01 6.81032E-03 8.88937E-04 
1.86914E-01 5.61330E-03 1.21273E-03 
1.79720E-01 4.70013E-03 1.70381E-03 
1.72488E-01 3.95306E-03 2.47034E-03 
1.65137E-01 3.35405E-03 3.70579E-03 
1.57755E-01 2.87016E-03 5.76634E-03 
1.50426E-01 2.47475E-03 9.32594E-03 
1.43252E-01 2.14736E-03 1.56866E-02 
1.36421E-01 1.87380E-03 2.73638E-02 
1.30409E-01 1.64767E-03 4.89855E-02 
1.26557E-01 1.47432E-03 8.76181E-02 
1.27740E-01 1.37385E-03 1.48483E-01 
1.35930E-01 1.35035E-03 2.21459E-01 
1.45493E-01 1.33475E-03 2.77344E-01 
1.47994E-01 1.25311E-03 2.98495E-01 
2.19928E-01 3.85142E-02 1.18667E-04 
2.18760E-01 3.32076E-02 1.34932E-04 
2.15466E-01 2.86251E-02 1.54819E-04 
2.13414E-01 2.43178E-02 1.79456E-04 
2.10670E-01 2.04842E-02 2.10346E-04 
2.07213E-01 1.71193E-02 2.49592E-04 
2.03081E-01 1.42092E-02 3.00225E-04 
1.99464E-01 1.22549E-02 3.49959E-04 
1.98343E-01 1.17301E-02 3.66670E-04 
1.92633E-01 9.50093E-03 4.63563E-04 
1.86382E-01 7.68228E-03 5.98888E-04 
1.79707E-01 6.21967E-03 7.92496E-04 
1.72722E-01 5.05741E-03 1.07682E-03 
1.65564E-01 4.17572E-03 1.50704E-03 
1.58388E-01 3.47001E-03 2.17679E-03 
1.51143E-01 2.91326E-03 3.25344E-03 
1.43911E-01 2.47090E-03 5.04388E-03 
1.36773E-01 2.11503E-03 8.12817E-03 
1.29820E-01 1.82452E-03 1.36233E-02 
1.23219E-01 1.58465E-03 2.36796E-02 
1.17398E-01 1.38805E-03 4.22395E-02 
1.13549E-01 1.23787E-03 7.52862E-02 
1.14225E-01 1.15001E-03 1.27134E-01 
1.21134E-01 1.12704E-03 1.88948E-01 
1.29215E-01 1.11092E-03 2.35796E-01 
1.30993E-01 1.04012E-03 2.52879E-01 
2.08134E-01 3.89702E-02 1.09835E-04 
2.06582E-01 3.34021E-02 1.24389E-04 
2.03219E-01 2.85295E-02 1.42150E-04 
2.00805E-01 2.40550E-02 1.64105E-04 
1.97722E-01 2.00940E-02 1.91557E-04 
1.93981E-01 1.66404E-02 2.26363E-04 
1.89598E-01 1.36734E-02 2.71153E-04 
1.85812E-01 1.16939E-02 3.15041E-04 
1.84646E-01 1.11645E-02 3.29770E-04 
1.78763E-01 8.92791E-03 4.15038E-04 
1.72404E-01 7.12147E-03 5.33831E-04 
1.65683E-01 5.68463E-03 7.03378E-04 
1.58714E-01 4.55680E-03 9.51709E-04 
1.51651E-01 3.70718E-03 1.32667E-03 
1.44599E-01 3.04069E-03 1.90891E-03 
1.37526E-01 2.52342E-03 2.84216E-03 
1.30510E-01 2.11925E-03 4.39016E-03 
1.23623E-01 1.79945E-03 7.04884E-03 
1.16947E-01 1.54229E-03 1.17710E-02 
1.10630E-01 1.33268E-03 2.03878E-02 
1.05050E-01 1.16247E-03 3.62384E-02 
1.01265E-01 1.03307E-03 6.43605E-02 
1.01523E-01 9.56704E-04 1.08300E-01 
1.07296E-01 9.34797E-04 1.60387E-01 
1.14061E-01 9.18790E-04 1.99444E-01 
1.15238E-01 8.57882E-04 2.13136E-01 
1.96307E-01 3.94328E-02 1.01430E-04 
1.94379E-01 3.36006E-02 1.14388E-04 
1.90909E-01 2.84560E-02 1.30160E-04 
1.88129E-01 2.38132E-02 1.49605E-04 
1.84727E-01 1.97277E-02 1.73861E-04 
1.80716E-01 1.61886E-02 2.04544E-04 
1.76116E-01 1.31697E-02 2.43927E-04 
1.72195E-01 1.11688E-02 2.82429E-04 
1.70996E-01 1.06359E-02 2.95337E-04 
1.64991E-01 8.39649E-03 3.69937E-04 
1.58573E-01 6.60536E-03 4.73598E-04 
1.51856E-01 5.19611E-03 6.21163E-04 
1.44958E-01 4.10327E-03 8.36764E-04 
1.38045E-01 3.28676E-03 1.16161E-03 
1.31177E-01 2.65816E-03 1.66474E-03 
1.24336E-01 2.17814E-03 2.46908E-03 
1.17592E-01 1.80944E-03 3.79943E-03 
1.11008E-01 1.52270E-03 6.07774E-03 
1.04658E-01 1.29581E-03 1.01123E-02 
9.86698E-02 1.11341E-03 1.74516E-02 
9.33765E-02 9.66832E-04 3.09087E-02 
8.97064E-02 8.55996E-04 5.46973E-02 
8.96268E-02 7.90102E-04 9.17118E-02 
9.43959E-02 7.69635E-04 1.35337E-01 
1.00001E-01 7.54258E-04 1.67694E-01 
1.00685E-01 7.02308E-04 1.78566E-01 
1.84665E-01 3.98713E-02 9.35450E-05 
1.82388E-01 3.37800E-02 1.05042E-04 
1.78786E-01 2.83843E-02 1.18985E-04 
1.75663E-01 2.35782E-02 1.36132E-04 
1.71949E-01 1.93727E-02 1.57451E-04 
1.67690E-01 1.57546E-02 1.84361E-04 
1.62900E-01 1.26905E-02 2.18817E-04 
1.58869E-01 1.06733E-02 2.52428E-04 
1.57645E-01 1.01384E-02 2.63685E-04 
1.51564E-01 7.90235E-03 3.28635E-04 
1.45138E-01 6.13114E-03 4.18658E-04 
1.38482E-01 4.75237E-03 5.46493E-04 
1.31708E-01 3.69563E-03 7.32805E-04 
1.24989E-01 2.91307E-03 1.01291E-03 
1.18351E-01 2.32094E-03 1.44566E-03 
1.11788E-01 1.87600E-03 2.13567E-03 
1.05360E-01 1.54010E-03 3.27375E-03 
9.91206E-02 1.28341E-03 5.21730E-03 
9.31318E-02 1.08368E-03 8.64922E-03 
8.75049E-02 9.25452E-04 1.48722E-02 
8.25295E-02 7.99758E-04 2.62451E-02 
7.90158E-02 7.05272E-04 4.62799E-02 
7.86751E-02 6.48756E-04 7.73212E-02 
8.25749E-02 6.29975E-04 1.13695E-01 
8.71757E-02 6.15584E-04 1.40376E-01 
8.74700E-02 5.71607E-04 1.48944E-01 
1.73109E-01 4.02741E-02 8.60560E-05 
1.70499E-01 3.39253E-02 9.61928E-05 
1.66737E-01 2.82924E-02 1.08432E-04 
1.63300E-01 2.33293E-02 1.23453E-04 
1.59300E-01 1.90108E-02 1.42057E-04 
1.54798E-01 1.53196E-02 1.65464E-04 
1.49837E-01 1.22176E-02 1.95374E-04 
1.45719E-01 1.01901E-02 2.24483E-04 
1.44477E-01 9.65473E-03 2.34223E-04 
1.38346E-01 7.42864E-03 2.90312E-04 
1.31952E-01 5.68320E-03 3.67874E-04 
1.25405E-01 4.33924E-03 4.77761E-04 
1.18808E-01 3.32125E-03 6.37537E-04 
1.12333E-01 2.57454E-03 8.77258E-04 
1.05977E-01 2.01872E-03 1.24670E-03 
9.97377E-02 1.60767E-03 1.83415E-03 
9.36663E-02 1.30270E-03 2.80038E-03 
8.78082E-02 1.07382E-03 4.44578E-03 
8.22139E-02 8.98848E-04 7.34234E-03 
7.69779E-02 7.62433E-04 1.25787E-02 
7.23489E-02 6.55405E-04 2.21167E-02 
6.90279E-02 5.75528E-04 3.88579E-02 
6.84898E-02 5.27504E-04 6.46859E-02 
7.16314E-02 5.10578E-04 9.47719E-02 
7.53552E-02 4.97429E-04 1.16587E-01 
7.53442E-02 4.60617E-04 1.23255E-01 
1.61833E-01 4.06194E-02 7.90387E-05 
1.58898E-01 3.40173E-02 8.79215E-05 
1.54991E-01 2.81692E-02 9.86173E-05 
1.51235E-01 2.30531E-02 1.11672E-04 
1.46976E-01 1.86316E-02 1.27799E-04 
1.42267E-01 1.48784E-02 1.48028E-04 
1.37164E-01 1.17482E-02 1.73809E-04 
1.32986E-01 9.71772E-03 1.98859E-04 
1.31731E-01 9.18360E-03 2.07223E-04 
1.25585E-01 6.97555E-03 2.55323E-04 
1.19258E-01 5.26190E-03 3.21681E-04 
1.12856E-01 3.95680E-03 4.15485E-04 
1.06474E-01 2.97988E-03 5.51579E-04 
1.00277E-01 2.27047E-03 7.55358E-04 
9.42398E-02 1.75060E-03 1.06863E-03 
8.83579E-02 1.37217E-03 1.56552E-03 
8.26742E-02 1.09622E-03 2.38052E-03 
7.72234E-02 8.92881E-04 3.76437E-03 
7.20456E-02 7.40268E-04 6.19312E-03 
6.72183E-02 6.23255E-04 1.05702E-02 
6.29535E-02 5.32696E-04 1.85167E-02 
5.98521E-02 4.65663E-04 3.24127E-02 
5.91751E-02 4.25202E-04 5.37594E-02 
6.16685E-02 4.10200E-04 7.84753E-02 
6.46424E-02 3.98439E-04 9.61856E-02 
6.44031E-02 3.67952E-04 1.01314E-01 
1.50927E-01 4.08983E-02 7.24959E-05 
1.47667E-01 3.40449E-02 8.02215E-05 
1.43595E-01 2.79966E-02 8.94999E-05 
1.39578E-01 2.27431E-02 1.00787E-04 
1.35076E-01 1.82284E-02 1.14659E-04 
1.30177E-01 1.44232E-02 1.32001E-04 
1.24951E-01 1.12750E-02 1.54045E-04 
1.20733E-01 9.24898E-03 1.75431E-04 
1.19476E-01 8.71854E-03 1.82567E-04 
1.13365E-01 6.53829E-03 2.23527E-04 
1.07140E-01 4.86297E-03 2.79883E-04 
1.00910E-01 3.60102E-03 3.59359E-04 
9.47711E-02 2.66761E-03 4.74408E-04 
8.88787E-02 1.99694E-03 6.46374E-04 
8.31874E-02 1.51284E-03 9.10131E-04 
7.76892E-02 1.16591E-03 1.32738E-03 
7.24148E-02 9.17243E-04 2.00996E-03 
6.73889E-02 7.37375E-04 3.16557E-03 
6.26407E-02 6.04902E-04 5.18779E-03 
5.82328E-02 5.05132E-04 8.82037E-03 
5.43426E-02 4.29047E-04 1.53930E-02 
5.14803E-02 3.73241E-04 2.68451E-02 
5.07150E-02 3.39472E-04 4.43595E-02 
5.26606E-02 3.26392E-04 6.45137E-02 
5.50001E-02 3.16096E-04 7.87807E-02 
5.45984E-02 2.91138E-04 8.26727E-02 
1.40441E-01 4.11002E-02 6.64136E-05 
1.36872E-01 3.40023E-02 7.30825E-05 
1.32630E-01 2.77678E-02 8.10692E-05 
1.28369E-01 2.23881E-02 9.07503E-05 
1.23650E-01 1.77920E-02 1.02582E-04 
1.18592E-01 1.39475E-02 1.17323E-04 
1.13274E-01 1.07939E-02 1.36019E-04 
1.09027E-01 8.77968E-03 1.54106E-04 
1.07768E-01 8.25475E-03 1.60134E-04 
1.01703E-01 6.11033E-03 1.94690E-04 
9.56214E-02 4.48129E-03 2.42166E-04 
8.96172E-02 3.26824E-03 3.09010E-04 
8.37609E-02 2.38140E-03 4.05551E-04 
7.81973E-02 1.75090E-03 5.49569E-04 
7.28696E-02 1.30234E-03 7.69926E-04 
6.77688E-02 9.85791E-04 1.11760E-03 
6.29145E-02 7.62753E-04 1.68482E-03 
5.83212E-02 6.04420E-04 2.64240E-03 
5.40074E-02 4.90062E-04 4.31298E-03 
5.00210E-02 4.05538E-04 7.30444E-03 
4.65083E-02 3.42101E-04 1.26987E-02 
4.38979E-02 2.96058E-04 2.20620E-02 
4.30871E-02 2.68166E-04 3.63185E-02 
4.45754E-02 2.56952E-04 5.26206E-02 
4.63843E-02 2.48129E-04 6.40158E-02 
4.58762E-02 2.27967E-04 6.69248E-02 
1.30418E-01 4.12189E-02 6.07783E-05 
1.26569E-01 3.38864E-02 6.64910E-05 
1.22143E-01 2.74770E-02 7.33006E-05 
1.17666E-01 2.19839E-02 8.15319E-05 
1.12774E-01 1.73222E-02 9.15412E-05 
1.07587E-01 1.34521E-02 1.03962E-04 
1.02196E-01 1.03033E-02 1.19658E-04 
9.79393E-02 8.30855E-03 1.34812E-04 
9.66888E-02 7.79156E-03 1.39861E-04 
9.07186E-02 5.69344E-03 1.68779E-04 
8.48018E-02 4.11682E-03 2.08419E-04 
7.90256E-02 2.95606E-03 2.64097E-04 
7.34649E-02 2.11800E-03 3.44372E-04 
6.82484E-02 1.52901E-03 4.63955E-04 
6.33034E-02 1.11597E-03 6.46524E-04 
5.86134E-02 8.28873E-04 9.33855E-04 
5.41873E-02 6.29982E-04 1.40133E-03 
5.00298E-02 4.91414E-04 2.18828E-03 
4.61498E-02 3.93319E-04 3.55701E-03 
4.25810E-02 3.22216E-04 6.00008E-03 
3.94426E-02 2.69772E-04 1.03903E-02 
3.70902E-02 2.32157E-04 1.79816E-02 
3.62695E-02 2.09382E-04 2.94877E-02 
3.73817E-02 1.99938E-04 4.25600E-02 
3.87526E-02 1.92539E-04 5.15780E-02 
3.81847E-02 1.76502E-04 5.37146E-02 
1.20888E-01 4.12489E-02 5.55707E-05 
1.16784E-01 3.36920E-02 6.04189E-05 
1.12178E-01 2.71202E-02 6.61651E-05 
1.07499E-01 2.15257E-02 7.30860E-05 
1.02471E-01 1.68146E-02 8.14734E-05 
9.71763E-02 1.29306E-02 9.18169E-05 
9.17437E-02 9.79955E-03 1.04853E-04 
8.75074E-02 7.83398E-03 1.17425E-04 
8.62686E-02 7.32697E-03 1.21607E-04 
8.04117E-02 5.28352E-03 1.45547E-04 
7.46845E-02 3.76599E-03 1.78309E-04 
6.91665E-02 2.66235E-03 2.24250E-04 
6.39207E-02 1.87546E-03 2.90372E-04 
5.90630E-02 1.32899E-03 3.88745E-04 
5.45096E-02 9.51226E-04 5.38623E-04 
5.02349E-02 6.92577E-04 7.73943E-04 
4.62374E-02 5.16394E-04 1.15578E-03 
4.25117E-02 3.95931E-04 1.79672E-03 
3.90570E-02 3.12367E-04 2.90807E-03 
3.58964E-02 2.53049E-04 4.88521E-03 
3.31231E-02 2.10102E-04 8.42567E-03 
3.10293E-02 1.79711E-04 1.45241E-02 
3.02273E-02 1.61356E-04 2.37241E-02 
3.10350E-02 1.53556E-04 3.41072E-02 
3.20498E-02 1.47503E-04 4.11722E-02 
3.14594E-02 1.34978E-04 4.27095E-02 
1.11845E-01 4.11807E-02 5.07604E-05 
1.07523E-01 3.34152E-02 5.48354E-05 
1.02764E-01 2.66984E-02 5.96341E-05 
9.79105E-02 2.10157E-02 6.53839E-05 
9.27704E-02 1.62690E-02 7.23253E-05 
8.74041E-02 1.23860E-02 8.08366E-05 
8.19569E-02 9.28460E-03 9.15305E-05 
7.77578E-02 7.35574E-03 1.01828E-04 
7.65383E-02 6.86098E-03 1.05252E-04 
7.08157E-02 4.88056E-03 1.24833E-04 
6.52955E-02 3.42807E-03 1.51596E-04 
6.00572E-02 2.38554E-03 1.89098E-04 
5.51482E-02 1.65205E-03 2.43018E-04 
5.06600E-02 1.14885E-03 3.23149E-04 
4.64999E-02 8.05908E-04 4.44980E-04 
4.26381E-02 5.74638E-04 6.35806E-04 
3.90618E-02 4.19721E-04 9.44647E-04 
3.57566E-02 3.15780E-04 1.46155E-03 
3.27138E-02 2.45167E-04 2.35506E-03 
2.99451E-02 1.96120E-04 3.93939E-03 
2.75228E-02 1.61326E-04 6.76630E-03 
2.56825E-02 1.37081E-04 1.16162E-02 
2.49214E-02 1.22508E-04 1.88978E-02 
2.54872E-02 1.16210E-04 2.70593E-02 
2.62172E-02 1.11400E-04 3.25330E-02 
2.56334E-02 1.01836E-04 3.36119E-02 
1.03319E-01 4.10190E-02 4.63351E-05 
9.88168E-02 3.30610E-02 4.97220E-05 
9.39162E-02 2.62126E-02 5.36730E-05 
8.89162E-02 2.04557E-02 5.83814E-05 
8.36802E-02 1.56856E-02 6.40361E-05 
7.82868E-02 1.18195E-02 7.09479E-05 
7.28586E-02 8.76006E-03 7.95962E-05 
6.87117E-02 6.87508E-03 8.79081E-05 
6.75146E-02 6.39439E-03 9.06701E-05 
6.19537E-02 4.48522E-03 1.06476E-04 
5.66723E-02 3.10378E-03 1.28082E-04 
5.17314E-02 2.12561E-03 1.58346E-04 
4.71598E-02 1.44656E-03 2.01795E-04 
4.30365E-02 9.86697E-04 2.66313E-04 
3.92676E-02 6.77957E-04 3.64262E-04 
3.58113E-02 4.72913E-04 5.17347E-04 
3.26446E-02 3.37858E-04 7.64466E-04 
2.97446E-02 2.48948E-04 1.17689E-03 
2.70954E-02 1.89830E-04 1.88758E-03 
2.46985E-02 1.49689E-04 3.14344E-03 
2.26086E-02 1.21846E-04 5.37612E-03 
2.10126E-02 1.02787E-04 9.19072E-03 
2.03085E-02 9.14235E-05 1.48897E-02 
2.06860E-02 8.64744E-05 2.12318E-02 
2.11926E-02 8.27933E-05 2.54209E-02 
2.06372E-02 7.56988E-05 2.61547E-02 
9.52993E-02 4.07664E-02 4.22656E-05 
9.06268E-02 3.26239E-02 4.50305E-05 
8.56205E-02 2.56636E-02 4.82342E-05 
8.05029E-02 1.98465E-02 5.20207E-05 
7.52070E-02 1.50686E-02 5.65469E-05 
6.98055E-02 1.12314E-02 6.20518E-05 
6.44274E-02 8.22596E-03 6.89222E-05 
6.03596E-02 6.39295E-03 7.55205E-05 
5.91924E-02 5.92836E-03 7.77131E-05 
5.38101E-02 4.09730E-03 9.02558E-05 
4.87855E-02 2.79182E-03 1.07439E-04 
4.41509E-02 1.88054E-03 1.31507E-04 
3.99283E-02 1.25719E-03 1.66062E-04 
3.61745E-02 8.40779E-04 2.17361E-04 
3.27898E-02 5.65416E-04 2.95120E-04 
2.97268E-02 3.85371E-04 4.16410E-04 
2.69535E-02 2.68795E-04 6.11727E-04 
2.44391E-02 1.93517E-04 9.36765E-04 
2.21610E-02 1.44556E-04 1.49511E-03 
2.01131E-02 1.12117E-04 2.47826E-03 
1.83340E-02 9.01674E-05 4.21953E-03 
1.69696E-02 7.54572E-05 7.18197E-03 
1.63335E-02 6.67975E-05 1.15850E-02 
1.65679E-02 6.30459E-05 1.64481E-02 
1.69023E-02 6.03726E-05 1.96082E-02 
1.63909E-02 5.53241E-05 2.00874E-02 
8.78362E-02 4.04227E-02 3.85580E-05 
8.30207E-02 3.21118E-02 4.07732E-05 
7.79358E-02 2.50574E-02 4.33235E-05 
7.27363E-02 1.91974E-02 4.63077E-05 
6.73992E-02 1.44236E-02 4.98474E-05 
6.20279E-02 1.06302E-02 5.41467E-05 
5.67254E-02 7.68914E-03 5.94935E-05 
5.27559E-02 5.91468E-03 6.46313E-05 
5.16246E-02 5.46796E-03 6.63409E-05 
4.64505E-02 3.72179E-03 7.61328E-05 
4.16890E-02 2.49515E-03 8.95769E-05 
3.73680E-02 1.65223E-03 1.08448E-04 
3.34956E-02 1.08461E-03 1.35572E-04 
3.01050E-02 7.10840E-04 1.75862E-04 
2.70946E-02 4.67568E-04 2.36885E-04 
2.44083E-02 3.11021E-04 3.31899E-04 
2.20054E-02 2.11376E-04 4.84537E-04 
1.98495E-02 1.48276E-04 7.37814E-04 
1.79135E-02 1.08164E-04 1.17150E-03 
1.61851E-02 8.22765E-05 1.93238E-03 
1.46899E-02 6.52445E-05 3.27475E-03 
1.35392E-02 5.41191E-05 5.54850E-03 
1.29766E-02 4.76962E-05 8.90975E-03 
1.31063E-02 4.49859E-05 1.25931E-02 
1.33126E-02 4.31949E-05 1.49449E-02 
1.28543E-02 3.98084E-05 1.52417E-02 
8.08184E-02 3.99874E-02 3.51403E-05 
7.58918E-02 3.15235E-02 3.68681E-05 
7.07416E-02 2.43881E-02 3.88358E-05 
6.55019E-02 1.85042E-02 4.11215E-05 
6.01578E-02 1.37499E-02 4.38034E-05 
5.48382E-02 1.00116E-02 4.70536E-05 
4.96476E-02 7.14720E-03 5.10982E-05 
4.57916E-02 5.43738E-03 5.49833E-05 
4.46998E-02 5.00998E-03 5.62792E-05 
3.97618E-02 3.35533E-03 6.37446E-05 
3.52819E-02 2.21114E-03 7.40365E-05 
3.12793E-02 1.43781E-03 8.85292E-05 
2.77562E-02 9.25894E-04 1.09424E-04 
2.47280E-02 5.94174E-04 1.40551E-04 
2.20806E-02 3.81810E-04 1.87667E-04 
1.97524E-02 2.47372E-04 2.60904E-04 
1.76973E-02 1.63309E-04 3.78278E-04 
1.58748E-02 1.11152E-04 5.72482E-04 
1.42537E-02 7.87945E-05 9.03879E-04 
1.28177E-02 5.85183E-05 1.48322E-03 
1.15811E-02 4.56102E-05 2.50103E-03 
1.06270E-02 3.74538E-05 4.21698E-03 
1.01404E-02 3.28903E-05 6.73907E-03 
1.01951E-02 3.10878E-05 9.47944E-03 
1.03079E-02 3.00733E-05 1.11960E-02 
9.90746E-03 2.80399E-05 1.13636E-02 
7.42823E-02 3.94652E-02 3.20160E-05 
6.92826E-02 3.08692E-02 3.33195E-05 
6.40884E-02 2.36682E-02 3.47776E-05 
5.88389E-02 1.77766E-02 3.64589E-05 
5.35208E-02 1.30568E-02 3.84062E-05 
4.82797E-02 9.38552E-03 4.07622E-05 
4.32275E-02 6.60746E-03 4.37079E-05 
3.95114E-02 4.96864E-03 4.65514E-05 
3.84658E-02 4.56205E-03 4.75040E-05 
3.37731E-02 3.00243E-03 5.30206E-05 
2.95883E-02 1.94279E-03 6.07064E-05 
2.59177E-02 1.23958E-03 7.16184E-05 
2.27416E-02 7.82316E-04 8.74207E-05 
2.00562E-02 4.90833E-04 1.11030E-04 
1.77503E-02 3.07581E-04 1.46789E-04 
1.57558E-02 1.93589E-04 2.02314E-04 
1.40212E-02 1.23637E-04 2.91115E-04 
1.25022E-02 8.11612E-05 4.37624E-04 
1.11651E-02 5.54999E-05 6.86744E-04 
9.99066E-03 3.99532E-05 1.12059E-03 
8.98438E-03 3.04511E-05 1.87941E-03 
8.20639E-03 2.47143E-05 3.15230E-03 
7.79419E-03 2.16726E-05 5.01156E-03 
7.79808E-03 2.06499E-05 7.01301E-03 
7.84506E-03 2.03060E-05 8.24020E-03 
7.50338E-03 1.93594E-05 8.32045E-03 
6.81915E-02 3.88515E-02 2.91562E-05 
6.31528E-02 3.01472E-02 3.00909E-05 
5.79484E-02 2.29010E-02 3.11104E-05 
5.27150E-02 1.70179E-02 3.22706E-05 
4.74579E-02 1.23485E-02 3.35956E-05 
4.23222E-02 8.75574E-03 3.51966E-05 
3.74324E-02 6.07296E-03 3.72239E-05 
3.38744E-02 4.51037E-03 3.92048E-05 
3.28798E-02 4.12575E-03 3.98743E-05 
2.84530E-02 2.66501E-03 4.37935E-05 
2.45734E-02 1.69101E-03 4.93521E-05 
2.12335E-02 1.05716E-03 5.73502E-05 
1.83967E-02 6.52933E-04 6.90270E-05 
1.60417E-02 3.99779E-04 8.65725E-05 
1.40574E-02 2.43713E-04 1.13193E-04 
1.23711E-02 1.48437E-04 1.54508E-04 
1.09279E-02 9.11249E-05 2.20460E-04 
9.68125E-03 5.71300E-05 3.28948E-04 
8.59654E-03 3.72034E-05 5.12769E-04 
7.65172E-03 2.56081E-05 8.31467E-04 
6.84710E-03 1.88971E-05 1.38626E-03 
6.22393E-03 1.51163E-05 2.31173E-03 
5.88183E-03 1.33120E-05 3.65419E-03 
5.85321E-03 1.29564E-05 5.08428E-03 
5.85583E-03 1.31901E-05 5.93981E-03 
5.57058E-03 1.31104E-05 5.96355E-03 
6.25214E-02 3.81460E-02 2.65385E-05 
5.74803E-02 2.93614E-02 2.71571E-05 
5.22940E-02 2.20903E-02 2.77997E-05 
4.71057E-02 1.62331E-02 2.85161E-05 
4.19416E-02 1.16299E-02 2.93190E-05 
3.69399E-02 8.12748E-03 3.02921E-05 
3.22335E-02 5.54778E-03 3.15605E-05 
2.88508E-02 4.06601E-03 3.28390E-05 
2.79106E-02 3.70417E-03 3.32775E-05 
2.37678E-02 2.34512E-03 3.59082E-05 
2.01999E-02 1.45683E-03 3.97581E-05 
1.71887E-02 8.90828E-04 4.54270E-05 
1.46809E-02 5.37398E-04 5.38179E-05 
1.26398E-02 3.20282E-04 6.65477E-05 
1.09539E-02 1.89238E-04 8.59247E-05 
9.54830E-03 1.10839E-04 1.16007E-04 
8.36575E-03 6.46990E-05 1.63947E-04 
7.35940E-03 3.80452E-05 2.42566E-04 
6.49460E-03 2.29736E-05 3.75254E-04 
5.74834E-03 1.46537E-05 6.04179E-04 
5.11690E-03 1.02106E-05 1.00055E-03 
4.62711E-03 8.00003E-06 1.65755E-03 
4.34875E-03 7.19694E-06 2.60296E-03 
4.30095E-03 7.41154E-06 3.59782E-03 
4.27509E-03 8.14321E-06 4.17560E-03 
4.04167E-03 8.75196E-06 4.16497E-03 
5.72444E-02 3.73482E-02 2.41415E-05 
5.22276E-02 2.85092E-02 2.44876E-05 
4.70947E-02 2.12394E-02 2.48122E-05 
4.19801E-02 1.54265E-02 2.51545E-05 
3.69382E-02 1.09053E-02 2.55241E-05 
3.20986E-02 7.50501E-03 2.59829E-05 
2.75983E-02 5.03605E-03 2.66364E-05 
2.44044E-02 3.63864E-03 2.73511E-05 
2.35228E-02 3.30039E-03 2.76060E-05 
1.96764E-02 2.04449E-03 2.92144E-05 
1.64248E-02 1.24112E-03 3.17187E-05 
1.37368E-02 7.40716E-04 3.55594E-05 
1.15475E-02 4.35429E-04 4.13893E-05 
9.80040E-03 2.51620E-04 5.03589E-05 
8.38764E-03 1.43241E-04 6.40918E-05 
7.23350E-03 7.98236E-05 8.54391E-05 
6.28022E-03 4.34107E-05 1.19408E-04 
5.48198E-03 2.30253E-05 1.74931E-04 
4.80513E-03 1.20163E-05 2.68206E-04 
4.22719E-03 6.38556E-06 4.28240E-04 
3.74145E-03 3.77092E-06 7.03528E-04 
3.36402E-03 2.81373E-06 1.15633E-03 
3.14161E-03 2.81931E-06 1.80153E-03 
3.08375E-03 3.52308E-06 2.47017E-03 
3.04059E-03 4.68612E-06 2.84393E-03 
2.85291E-03 5.84135E-06 2.81437E-03 
5.23265E-02 3.64508E-02 2.19428E-05 
4.73630E-02 2.75880E-02 2.20566E-05 
4.23194E-02 2.03498E-02 2.21175E-05 
3.73108E-02 1.46029E-02 2.21504E-05 
3.24159E-02 1.01790E-02 2.21642E-05 
2.77654E-02 6.89267E-03 2.22104E-05 
2.34909E-02 4.54127E-03 2.23750E-05 
2.04975E-02 3.23114E-03 2.26472E-05 
1.96782E-02 2.91710E-03 2.27597E-05 
1.61384E-02 1.76496E-03 2.35774E-05 
1.32045E-02 1.04476E-03 2.50475E-05 
1.08319E-02 6.06990E-04 2.74880E-05 
8.94294E-03 3.46481E-04 3.13537E-05 
7.46803E-03 1.93005E-04 3.74458E-05 
6.30276E-03 1.04850E-04 4.68677E-05 
5.37104E-03 5.45226E-05 6.15551E-05 
4.61618E-03 2.64400E-05 8.48921E-05 
3.99469E-03 1.13231E-05 1.22884E-04 
3.47497E-03 3.66761E-06 1.86324E-04 
3.03652E-03 2.21065E-07 2.94437E-04 
2.67044E-03 -9.30878E-07 4.78834E-04 
2.38527E-03 -8.92027E-07 7.79095E-04 
2.21017E-03 -2.32583E-07 1.20136E-03 
2.14796E-03 8.94123E-07 1.62996E-03 
2.09489E-03 2.43417E-06 1.85678E-03 
1.94600E-03 4.02413E-06 1.81858E-03 
4.77089E-02 3.54337E-02 1.99110E-05 
4.28381E-02 2.65905E-02 1.98324E-05 
3.79153E-02 1.94160E-02 1.96756E-05 
3.30467E-02 1.37607E-02 1.94573E-05 
2.83274E-02 9.45199E-03 1.91859E-05 
2.38916E-02 6.29213E-03 1.89077E-05 
1.98623E-02 4.06523E-03 1.86929E-05 
1.70801E-02 2.84488E-03 1.86269E-05 
1.63251E-02 2.55541E-03 1.86310E-05 
1.30994E-02 1.50696E-03 1.88527E-05 
1.04828E-02 8.67684E-04 1.95504E-05 
8.41497E-03 4.89140E-04 2.09447E-05 
6.80953E-03 2.69895E-04 2.33453E-05 
5.58485E-03 1.43648E-04 2.72877E-05 
4.63935E-03 7.31971E-05 3.34772E-05 
3.90017E-03 3.40938E-05 4.31716E-05 
3.31349E-03 1.30255E-05 5.85527E-05 
2.83907E-03 2.27282E-06 8.34562E-05 
2.44807E-03 -2.64541E-06 1.24691E-04 
2.12253E-03 -4.33270E-06 1.94299E-04 
1.85250E-03 -4.31836E-06 3.11571E-04 
1.64115E-03 -3.48726E-06 4.99719E-04 
1.50462E-03 -2.29478E-06 7.59141E-04 
1.44110E-03 -7.97125E-07 1.01405E-03 
1.38258E-03 1.07737E-06 1.13703E-03 
1.26536E-03 3.01585E-06 1.09659E-03 
4.33708E-02 3.42769E-02 1.80326E-05 
3.86360E-02 2.55094E-02 1.78006E-05 
3.38669E-02 1.84370E-02 1.74693E-05 
2.91738E-02 1.29039E-02 1.70546E-05 
2.46581E-02 8.73002E-03 1.65629E-05 
2.04606E-02 5.70918E-03 1.60398E-05 
1.66944E-02 3.61327E-03 1.55445E-05 
1.41305E-02 2.48419E-03 1.52310E-05 
1.34413E-02 2.21930E-03 1.51566E-05 
1.05330E-02 1.27318E-03 1.49518E-05 
8.22591E-03 7.11155E-04 1.50964E-05 
6.44829E-03 3.87571E-04 1.57422E-05 
5.10364E-03 2.05442E-04 1.70866E-05 
4.10283E-03 1.03006E-04 1.94706E-05 
3.34915E-03 4.76868E-05 2.33154E-05 
2.77284E-03 1.79540E-05 2.93794E-05 
2.32456E-03 2.62861E-06 3.89737E-05 
1.96851E-03 -4.60286E-06 5.43711E-05 
1.67948E-03 -7.33551E-06 7.95276E-05 
1.44200E-03 -7.63060E-06 1.21326E-04 
1.24625E-03 -6.69741E-06 1.90324E-04 
1.09175E-03 -5.23984E-06 2.98245E-04 
9.85087E-04 -3.61222E-06 4.41856E-04 
9.21377E-04 -1.78766E-06 5.74448E-04 
8.59674E-04 3.84002E-07 6.26116E-04 
7.67216E-04 2.60168E-06 5.87266E-04 
3.92365E-02 3.29376E-02 1.62717E-05 
3.46839E-02 2.43164E-02 1.59215E-05 
3.01090E-02 1.73970E-02 1.54564E-05 
2.56313E-02 1.20245E-02 1.48952E-05 
2.13514E-02 8.00985E-03 1.42416E-05 
1.74154E-02 5.14243E-03 1.35419E-05 
1.39302E-02 3.18485E-03 1.28504E-05 
1.15922E-02 2.14882E-03 1.23664E-05 
1.09699E-02 1.90857E-03 1.22385E-05 
8.37858E-03 1.06289E-03 1.17439E-05 
6.37276E-03 5.74305E-04 1.15135E-05 
4.86877E-03 3.01238E-04 1.16465E-05 
3.76236E-03 1.52103E-04 1.22581E-05 
2.95922E-03 7.01462E-05 1.35455E-05 
2.36909E-03 2.74725E-05 1.57252E-05 
1.92731E-03 5.38714E-06 1.92008E-05 
1.59017E-03 -5.33032E-06 2.46641E-05 
1.32694E-03 -9.76974E-06 3.32799E-05 
1.11654E-03 -1.07799E-05 4.70018E-05 
9.45676E-04 -9.98223E-06 6.90500E-05 
8.05723E-04 -8.32677E-06 1.03921E-04 
6.93569E-04 -6.37261E-06 1.55402E-04 
6.08981E-04 -4.38659E-06 2.18071E-04 
5.45009E-04 -2.27179E-06 2.66090E-04 
4.81054E-04 1.64867E-07 2.69913E-04 
4.07237E-04 2.60544E-06 2.34585E-04 
3.52409E-02 3.13595E-02 1.45981E-05 
3.09181E-02 2.29724E-02 1.41616E-05 
2.65874E-02 1.62745E-02 1.36028E-05 
2.23676E-02 1.11103E-02 1.29409E-05 
1.83610E-02 7.28686E-03 1.21795E-05 
1.47133E-02 4.59085E-03 1.13655E-05 
1.15274E-02 2.78032E-03 1.05515E-05 
9.42175E-03 1.83917E-03 9.96227E-06 
8.86698E-03 1.62353E-03 9.80139E-06 
6.59045E-03 8.76114E-04 9.13046E-06 
4.87434E-03 4.56663E-04 8.66796E-06 
3.62442E-03 2.29370E-04 8.47336E-06 
2.73151E-03 1.09006E-04 8.60173E-06 
2.09922E-03 4.42583E-05 9.14724E-06 
1.64518E-03 1.18814E-05 1.01829E-05 
1.31127E-03 -4.13653E-06 1.18650E-05 
1.06026E-03 -1.12632E-05 1.44535E-05 
8.67048E-04 -1.35459E-05 1.83477E-05 
7.14793E-04 -1.32290E-05 2.41196E-05 
5.92591E-04 -1.15884E-05 3.24847E-05 
4.92970E-04 -9.37435E-06 4.38074E-05 
4.11139E-04 -7.03244E-06 5.65513E-05 
3.41967E-04 -4.75522E-06 6.40792E-05 
2.77156E-04 -2.38794E-06 5.52154E-05 
2.11237E-04 2.78004E-07 2.80744E-05 
1.51022E-04 2.88884E-06 -2.88406E-06 
3.12976E-02 2.94568E-02 1.29739E-05 
2.72596E-02 2.14177E-02 1.24815E-05 
2.32331E-02 1.50337E-02 1.18687E-05 
1.93211E-02 1.01405E-02 1.11494E-05 
1.56322E-02 6.55057E-03 1.03314E-05 
1.23053E-02 4.04999E-03 9.46049E-06 
9.43943E-03 2.39790E-03 8.58912E-06 
7.57338E-03 1.55437E-03 7.95081E-06 
7.08700E-03 1.36346E-03 7.77459E-06 
5.12094E-03 7.12039E-04 7.01910E-06 
3.68050E-03 3.57241E-04 6.43655E-06 
2.66329E-03 1.70909E-04 6.05621E-06 
1.95797E-03 7.51708E-05 5.88895E-06 
1.46974E-03 2.45505E-05 5.95685E-06 
1.12551E-03 3.17005E-07 6.23522E-06 
8.74976E-04 -1.10382E-05 6.71269E-06 
6.88138E-04 -1.54561E-05 7.35918E-06 
5.45613E-04 -1.61268E-05 8.06046E-06 
4.34618E-04 -1.48224E-05 8.46549E-06 
3.46569E-04 -1.25571E-05 7.63231E-06 
2.75013E-04 -9.93256E-06 3.20618E-06 
2.14147E-04 -7.30613E-06 -9.75716E-06 
1.55271E-04 -4.80842E-06 -3.84600E-05 
8.92660E-05 -2.23886E-06 -8.40144E-05 
2.17115E-05 6.05565E-07 -1.30036E-04 
-2.85396E-05 3.32662E-06 -1.56296E-04 
2.73115E-02 2.71200E-02 1.13572E-05 
2.36238E-02 1.95783E-02 1.08396E-05 
1.99640E-02 1.36225E-02 1.02084E-05 
1.64200E-02 9.08359E-03 9.47414E-06 
1.31019E-02 5.78344E-03 8.64886E-06 
1.01357E-02 3.51091E-03 7.77498E-06 
7.61475E-03 2.03308E-03 6.90443E-06 
5.99799E-03 1.29169E-03 6.26599E-06 
5.58104E-03 1.12591E-03 6.08919E-06 
3.92157E-03 5.68987E-04 5.32429E-06 
2.74124E-03 2.74544E-04 4.70811E-06 
1.93410E-03 1.24546E-04 4.24793E-06 
1.39039E-03 4.95634E-05 3.92292E-06 
1.02055E-03 1.03206E-05 3.70678E-06 
7.62128E-04 -7.65027E-06 3.51232E-06 
5.73653E-04 -1.55427E-05 3.22101E-06 
4.32688E-04 -1.79998E-05 2.61924E-06 
3.25418E-04 -1.75316E-05 1.26967E-06 
2.42701E-04 -1.55508E-05 -1.75408E-06 
1.77946E-04 -1.28774E-05 -8.41364E-06 
1.25512E-04 -1.00024E-05 -2.27104E-05 
7.89908E-05 -7.21427E-06 -5.15474E-05 
2.72278E-05 -4.59235E-06 -1.02179E-04 
-3.92680E-05 -1.90414E-06 -1.69145E-04 
-1.07188E-04 1.03185E-06 -2.24927E-04 
-1.49611E-04 3.77673E-06 -2.46400E-04 
2.32165E-02 2.42565E-02 9.71615E-06 
1.99421E-02 1.73846E-02 9.19993E-06 
1.67074E-02 1.19878E-02 8.58068E-06 
1.35950E-02 7.90443E-03 7.87054E-06 
1.07043E-02 4.96310E-03 7.08269E-06 
8.14483E-03 2.96082E-03 6.25588E-06 
5.99901E-03 1.67880E-03 5.43926E-06 
4.64373E-03 1.04654E-03 4.84354E-06 
4.29777E-03 9.06756E-04 4.67872E-06 
2.94222E-03 4.44225E-04 3.96600E-06 
2.00624E-03 2.06507E-04 3.38283E-06 
1.38611E-03 8.87286E-05 2.92091E-06 
9.79063E-04 3.11669E-05 2.53967E-06 
7.04539E-04 1.09617E-06 2.18424E-06 
5.11799E-04 -1.21252E-05 1.73518E-06 
3.68806E-04 -1.75267E-05 1.01775E-06 
2.60380E-04 -1.86636E-05 -2.77104E-07 
1.77682E-04 -1.75018E-05 -2.75020E-06 
1.14605E-04 -1.51783E-05 -7.60991E-06 
6.60892E-05 -1.23631E-05 -1.72972E-05 
2.71552E-05 -9.45799E-06 -3.65317E-05 
-8.90600E-06 -6.69350E-06 -7.29350E-05 
-5.43480E-05 -4.10761E-06 -1.33283E-04 
-1.18491E-04 -1.45626E-06 -2.08480E-04 
-1.83535E-04 1.40914E-06 -2.66057E-04 
-2.18717E-04 4.03248E-06 -2.82734E-04 
1.90543E-02 2.08901E-02 8.05787E-06 
1.62284E-02 1.48391E-02 7.55965E-06 
1.34602E-02 1.01250E-02 6.97490E-06 
1.08264E-02 6.59511E-03 6.31890E-06 
8.40709E-03 4.08098E-03 5.60375E-06 
6.29468E-03 2.39343E-03 4.86621E-06 
4.54949E-03 1.32998E-03 4.14705E-06 
3.46614E-03 8.14799E-04 3.62925E-06 
3.19243E-03 7.02151E-04 3.48667E-06 
2.13602E-03 3.34661E-04 2.87404E-06 
1.42725E-03 1.50711E-04 2.37383E-06 
9.71004E-04 6.17607E-05 1.96822E-06 
6.77612E-04 1.90464E-05 1.60991E-06 
4.79755E-04 -3.30857E-06 1.23577E-06 
3.38643E-04 -1.28239E-05 7.24260E-07 
2.31381E-04 -1.64495E-05 -1.04681E-07 
1.48736E-04 -1.68226E-05 -1.56729E-06 
8.56603E-05 -1.54457E-05 -4.26778E-06 
3.82345E-05 -1.32066E-05 -9.39816E-06 
2.56641E-06 -1.06328E-05 -1.93230E-05 
-2.56002E-05 -8.03831E-06 -3.85098E-05 
-5.25905E-05 -5.59734E-06 -7.39740E-05 
-8.98738E-05 -3.31938E-06 -1.31379E-04 
-1.45647E-04 -9.80736E-07 -2.00971E-04 
-2.01723E-04 1.52762E-06 -2.51919E-04 
-2.28909E-04 3.78605E-06 -2.63863E-04 
1.50479E-02 1.72710E-02 6.45937E-06 
1.26714E-02 1.21232E-02 5.98962E-06 
1.03755E-02 8.16063E-03 5.45394E-06 
8.22785E-03 5.23672E-03 4.86997E-06 
6.28897E-03 3.18665E-03 4.24982E-06 
4.62786E-03 1.83479E-03 3.62573E-06 
3.28241E-03 9.99180E-04 3.03052E-06 
2.46369E-03 6.02236E-04 2.61047E-06 
2.25918E-03 5.16445E-04 2.49595E-06 
1.48166E-03 2.40484E-04 2.01009E-06 
9.73529E-04 1.05771E-04 1.62027E-06 
6.54264E-04 4.21065E-05 1.30667E-06 
4.52353E-04 1.20808E-05 1.02779E-06 
3.16412E-04 -3.49684E-06 7.31117E-07 
2.18639E-04 -9.95505E-06 3.22584E-07 
1.43520E-04 -1.22868E-05 -3.36182E-07 
8.54706E-05 -1.23565E-05 -1.48587E-06 
4.14443E-05 -1.12273E-05 -3.58359E-06 
8.82641E-06 -9.52507E-06 -7.52445E-06 
-1.52474E-05 -7.61694E-06 -1.50726E-05 
-3.39774E-05 -5.71712E-06 -2.95337E-05 
-5.21732E-05 -3.94070E-06 -5.60407E-05 
-7.84378E-05 -2.28467E-06 -9.85744E-05 
-1.18708E-04 -5.82633E-07 -1.49576E-04 
-1.58960E-04 1.23536E-06 -1.86199E-04 
-1.77336E-04 2.85649E-06 -1.93833E-04 
---
