PdfType: replica
Format: lhagrid1
---
1.00000E-06 1.28121E-06 1.64152E-06 2.10317E-06 2.69463E-06 3.45242E-06 4.42329E-06 5.66715E-06 7.26076E-06 9.30241E-06 1.19180E-05 1.52689E-05 1.95617E-05 2.50609E-05 3.21053E-05 4.11287E-05 5.26863E-05 6.74889E-05 8.64459E-05 1.10720E-04 1.41800E-04 1.81585E-04 2.32503E-04 2.97652E-04 3.80981E-04 4.87518E-04 6.26039E-04 8.00452E-04 1.02297E-03 1.30657E-03 1.66759E-03 2.12729E-03 2.71054E-03 3.44865E-03 4.37927E-03 5.54908E-03 7.01192E-03 8.83064E-03 1.10763E-02 1.38266E-02 1.71641E-02 2.11717E-02 2.59364E-02 3.15062E-02 3.79623E-02 4.53425E-02 5.36750E-02 6.29705E-02 7.32221E-02 8.44039E-02 9.64793E-02 1.09332E-01 1.23067E-01 1.37507E-01 1.52639E-01 1.68416E-01 1.84794E-01 2.01731E-01 2.19016E-01 2.36948E-01 2.55242E-01 2.73927E-01 2.92954E-01 3.12340E-01 3.32036E-01 3.52019E-01 3.72282E-01 3.92772E-01 4.13533E-01 4.34326E-01 4.55495E-01 4.76836E-01 4.98342E-01 5.20006E-01 5.41818E-01 5.63773E-01 5.85861E-01 6.08077E-01 6.30459E-01 6.52800E-01 6.75387E-01 6.98063E-01 7.20830E-01 7.43683E-01 7.66623E-01 7.89636E-01 8.12791E-01 8.35940E-01 8.59175E-01 8.82485E-01 9.05866E-01 9.29311E-01 9.52817E-01 9.76387E-01 1.00000E+00 
1.14018E+00 1.22539E+00 1.32482E+00 1.44156E+00 1.57954E+00 1.74381E+00 1.94091E+00 2.12132E+00 2.17945E+00 2.49622E+00 2.89383E+00 3.39925E+00 4.05063E+00 4.90286E+00 6.03623E+00 7.57063E+00 9.68869E+00 1.26749E+01 1.69835E+01 2.33578E+01 3.30501E+01 4.82334E+01 7.28041E+01 1.13998E+02 1.85779E+02 3.16228E+02 
908 909 910 
8.44630E-01 4.93060E-02 2.59928E-01 
8.59586E-01 5.81820E-02 3.06090E-01 
8.93149E-01 7.44377E-02 3.64552E-01 
9.54392E-01 9.90852E-02 4.39241E-01 
1.03747E+00 1.29002E-01 5.36364E-01 
1.14626E+00 1.64966E-01 6.66045E-01 
1.28518E+00 2.07794E-01 8.40566E-01 
1.41578E+00 2.46074E-01 1.01752E+00 
1.45847E+00 2.58242E-01 1.07919E+00 
1.69035E+00 3.22152E-01 1.44297E+00 
1.97627E+00 3.96947E-01 1.97684E+00 
2.32502E+00 4.83381E-01 2.78016E+00 
2.74588E+00 5.82902E-01 4.01713E+00 
3.24854E+00 7.52836E-01 5.99327E+00 
3.84964E+00 8.92607E-01 9.25211E+00 
4.57750E+00 1.04871E+00 1.47872E+01 
5.45374E+00 1.22214E+00 2.45623E+01 
6.50250E+00 1.41329E+00 4.24775E+01 
7.75471E+00 1.62319E+00 7.64770E+01 
9.25609E+00 1.85452E+00 1.43130E+02 
1.10971E+01 2.11694E+00 2.75569E+02 
1.35247E+01 2.44532E+00 5.30468E+02 
1.72040E+01 2.93651E+00 9.68379E+02 
2.31666E+01 3.71902E+00 1.55925E+03 
3.13214E+01 4.71067E+00 2.11133E+03 
3.99868E+01 5.61367E+00 2.46218E+03 
1.57200E+00 9.12081E-02 4.40974E-01 
1.60081E+00 1.08096E-01 5.19051E-01 
1.66495E+00 1.38998E-01 6.17963E-01 
1.78149E+00 1.85868E-01 7.45025E-01 
1.93889E+00 2.42580E-01 9.10774E-01 
2.14398E+00 3.10522E-01 1.13025E+00 
2.40469E+00 3.91197E-01 1.42593E+00 
2.64969E+00 4.63233E-01 1.72679E+00 
2.72931E+00 4.86020E-01 1.83046E+00 
3.16242E+00 6.05821E-01 2.44803E+00 
3.69500E+00 7.45505E-01 3.35314E+00 
4.34297E+00 9.06647E-01 4.71548E+00 
5.12377E+00 1.09076E+00 6.81851E+00 
6.05590E+00 1.40634E+00 1.01670E+01 
7.16786E+00 1.66325E+00 1.56775E+01 
8.51218E+00 1.94978E+00 2.50600E+01 
1.01262E+01 2.26689E+00 4.16200E+01 
1.20543E+01 2.61544E+00 7.19904E+01 
1.43513E+01 2.99681E+00 1.29689E+02 
1.70981E+01 3.41556E+00 2.42744E+02 
2.04588E+01 3.88921E+00 4.67020E+02 
2.48863E+01 4.48158E+00 8.99179E+02 
3.15980E+01 5.36915E+00 1.64215E+03 
4.24655E+01 6.78336E+00 2.64350E+03 
5.73023E+01 8.57172E+00 3.57940E+03 
7.30134E+01 1.01902E+01 4.17361E+03 
1.49064E+00 8.58047E-02 3.73743E-01 
1.51929E+00 1.02329E-01 4.39807E-01 
1.58247E+00 1.32520E-01 5.23717E-01 
1.69584E+00 1.78061E-01 6.31275E-01 
1.84821E+00 2.33027E-01 7.71753E-01 
2.04577E+00 2.98679E-01 9.57594E-01 
2.29572E+00 3.76359E-01 1.20784E+00 
2.52997E+00 4.45536E-01 1.46279E+00 
2.60583E+00 4.67347E-01 1.55012E+00 
3.01816E+00 5.81879E-01 2.07306E+00 
3.52344E+00 7.14858E-01 2.83885E+00 
4.13629E+00 8.67665E-01 3.99168E+00 
4.87292E+00 1.04142E+00 5.77380E+00 
5.75295E+00 1.33912E+00 8.60776E+00 
6.79980E+00 1.57921E+00 1.32662E+01 
8.06156E+00 1.84590E+00 2.12015E+01 
9.57193E+00 2.13980E+00 3.52109E+01 
1.13708E+01 2.46146E+00 6.08894E+01 
1.35078E+01 2.81194E+00 1.09696E+02 
1.60563E+01 3.19518E+00 2.05302E+02 
1.91670E+01 3.62726E+00 3.94899E+02 
2.32586E+01 4.16700E+00 7.60126E+02 
2.94610E+01 4.97730E+00 1.38827E+03 
3.94977E+01 6.26942E+00 2.23449E+03 
5.31681E+01 7.89858E+00 3.02525E+03 
6.75810E+01 9.36186E+00 3.52699E+03 
1.40702E+00 8.02998E-02 3.15226E-01 
1.43551E+00 9.64506E-02 3.70865E-01 
1.49740E+00 1.25801E-01 4.41551E-01 
1.60737E+00 1.69891E-01 5.32151E-01 
1.75409E+00 2.22928E-01 6.50290E-01 
1.94358E+00 2.86109E-01 8.06996E-01 
2.18211E+00 3.60569E-01 1.01762E+00 
2.40499E+00 4.26678E-01 1.23241E+00 
2.47708E+00 4.47493E-01 1.30606E+00 
2.86759E+00 5.56425E-01 1.74594E+00 
3.34466E+00 6.82398E-01 2.39082E+00 
3.92125E+00 8.26499E-01 3.36032E+00 
4.61216E+00 9.89574E-01 4.85883E+00 
5.43898E+00 1.26900E+00 7.24472E+00 
6.41987E+00 1.49217E+00 1.11672E+01 
7.59774E+00 1.73887E+00 1.78392E+01 
9.00357E+00 2.00962E+00 2.96259E+01 
1.06726E+01 2.30463E+00 5.12148E+01 
1.26497E+01 2.62467E+00 9.22534E+01 
1.50013E+01 2.97321E+00 1.72623E+02 
1.78651E+01 3.36489E+00 3.32064E+02 
2.16258E+01 3.85362E+00 6.38986E+02 
2.73250E+01 4.58873E+00 1.16678E+03 
3.65435E+01 5.76224E+00 1.87782E+03 
4.90700E+01 7.23744E+00 2.54210E+03 
6.22182E+01 8.55218E+00 2.96345E+03 
1.32805E+00 7.50967E-02 2.65628E-01 
1.35651E+00 9.09394E-02 3.12487E-01 
1.41707E+00 1.19452E-01 3.71847E-01 
1.52377E+00 1.62176E-01 4.48190E-01 
1.66520E+00 2.13392E-01 5.47648E-01 
1.84675E+00 2.74156E-01 6.79256E-01 
2.07438E+00 3.45534E-01 8.56402E-01 
2.28641E+00 4.08699E-01 1.03721E+00 
2.35478E+00 4.28537E-01 1.09902E+00 
2.72468E+00 5.32131E-01 1.46918E+00 
3.17475E+00 6.51358E-01 2.01112E+00 
3.71711E+00 7.87170E-01 2.82660E+00 
4.36494E+00 9.40181E-01 4.08610E+00 
5.14083E+00 1.20228E+00 6.08916E+00 
6.05913E+00 1.40929E+00 9.38681E+00 
7.15813E+00 1.63726E+00 1.49942E+01 
8.46538E+00 1.88633E+00 2.48916E+01 
1.00130E+01 2.15652E+00 4.30375E+01 
1.18406E+01 2.44831E+00 7.75023E+01 
1.40085E+01 2.76472E+00 1.45015E+02 
1.66421E+01 3.11909E+00 2.78872E+02 
2.00966E+01 3.56101E+00 5.36731E+02 
2.53295E+01 4.22702E+00 9.79912E+02 
3.37893E+01 5.29139E+00 1.57685E+03 
4.52577E+01 6.62539E+00 2.13449E+03 
5.72417E+01 7.80487E+00 2.48819E+03 
1.25350E+00 7.01756E-02 2.23475E-01 
1.28198E+00 8.57491E-02 2.62912E-01 
1.34128E+00 1.13472E-01 3.12784E-01 
1.44472E+00 1.54867E-01 3.76849E-01 
1.58111E+00 2.04349E-01 4.60519E-01 
1.75516E+00 2.62829E-01 5.71184E-01 
1.97231E+00 3.31227E-01 7.19890E-01 
2.17382E+00 3.91542E-01 8.71682E-01 
2.23872E+00 4.10454E-01 9.23640E-01 
2.58882E+00 5.08904E-01 1.23451E+00 
3.01336E+00 6.21707E-01 1.68983E+00 
3.52311E+00 7.49575E-01 2.37432E+00 
4.13027E+00 8.93034E-01 3.43277E+00 
4.85806E+00 1.13844E+00 5.11482E+00 
5.71689E+00 1.33042E+00 7.88078E+00 
6.74166E+00 1.54086E+00 1.25916E+01 
7.95638E+00 1.76966E+00 2.08992E+01 
9.39003E+00 2.01672E+00 3.61294E+01 
1.10781E+01 2.28231E+00 6.50582E+01 
1.30749E+01 2.56904E+00 1.21731E+02 
1.54947E+01 2.88907E+00 2.34062E+02 
1.86640E+01 3.28782E+00 4.50410E+02 
2.34651E+01 3.89039E+00 8.22355E+02 
3.12230E+01 4.85460E+00 1.32329E+03 
4.17141E+01 6.05935E+00 1.79122E+03 
5.26262E+01 7.11569E+00 2.08800E+03 
1.18314E+00 6.55259E-02 1.87757E-01 
1.21148E+00 8.07894E-02 2.20845E-01 
1.26982E+00 1.07847E-01 2.62780E-01 
1.37016E+00 1.47980E-01 3.16508E-01 
1.50155E+00 1.95772E-01 3.86663E-01 
1.66835E+00 2.52042E-01 4.79511E-01 
1.87555E+00 3.17607E-01 6.04430E-01 
2.06700E+00 3.75183E-01 7.31691E-01 
2.12855E+00 3.93200E-01 7.75346E-01 
2.45983E+00 4.86727E-01 1.03621E+00 
2.86003E+00 5.93372E-01 1.41832E+00 
3.33886E+00 7.13633E-01 1.99248E+00 
3.90734E+00 8.47889E-01 2.87982E+00 
4.58972E+00 1.07773E+00 4.29202E+00 
5.39247E+00 1.25548E+00 6.61171E+00 
6.34697E+00 1.44941E+00 1.05618E+01 
7.47498E+00 1.65928E+00 1.75346E+01 
8.80178E+00 1.88480E+00 3.03019E+01 
1.03597E+01 2.12610E+00 5.45792E+01 
1.21969E+01 2.38541E+00 1.02092E+02 
1.44184E+01 2.67388E+00 1.96344E+02 
1.73238E+01 3.03308E+00 3.77813E+02 
2.17240E+01 3.57731E+00 6.89767E+02 
2.88323E+01 4.44960E+00 1.10995E+03 
3.84209E+01 5.53604E+00 1.50245E+03 
4.83475E+01 6.48054E+00 1.75148E+03 
1.11676E+00 6.11332E-02 1.57580E-01 
1.14497E+00 7.61149E-02 1.85290E-01 
1.20231E+00 1.02520E-01 2.20438E-01 
1.29977E+00 1.41480E-01 2.65550E-01 
1.42638E+00 1.87662E-01 3.24338E-01 
1.58623E+00 2.41816E-01 4.02185E-01 
1.78373E+00 3.04625E-01 5.06856E-01 
1.96566E+00 3.59584E-01 6.13660E-01 
2.02395E+00 3.76726E-01 6.50106E-01 
2.33716E+00 4.65501E-01 8.68686E-01 
2.71420E+00 5.66241E-01 1.18901E+00 
3.16379E+00 6.79294E-01 1.67049E+00 
3.69580E+00 8.04756E-01 2.41421E+00 
4.33500E+00 1.01987E+00 3.59815E+00 
5.08485E+00 1.18424E+00 5.54373E+00 
5.97321E+00 1.36268E+00 8.85409E+00 
7.01965E+00 1.55487E+00 1.46995E+01 
8.24664E+00 1.76038E+00 2.54049E+01 
9.68284E+00 1.97917E+00 4.57575E+01 
1.13718E+01 2.21324E+00 8.55994E+01 
1.34090E+01 2.47266E+00 1.64607E+02 
1.60697E+01 2.79559E+00 3.16777E+02 
2.00994E+01 3.28638E+00 5.78365E+02 
2.66063E+01 4.07433E+00 9.30714E+02 
3.53626E+01 5.05272E+00 1.25994E+03 
4.43839E+01 5.89573E+00 1.46891E+03 
1.05412E+00 5.69835E-02 1.32073E-01 
1.08238E+00 7.17589E-02 1.55313E-01 
1.13862E+00 9.74903E-02 1.84698E-01 
1.23332E+00 1.35337E-01 2.22540E-01 
1.35528E+00 1.79976E-01 2.71777E-01 
1.50845E+00 2.32102E-01 3.37066E-01 
1.69676E+00 2.92274E-01 4.24791E-01 
1.86943E+00 3.44693E-01 5.14174E-01 
1.92478E+00 3.61034E-01 5.44927E-01 
2.22081E+00 4.45264E-01 7.28052E-01 
2.57582E+00 5.40352E-01 9.96536E-01 
2.99761E+00 6.46504E-01 1.39987E+00 
3.49503E+00 7.63646E-01 2.02286E+00 
4.09331E+00 9.64693E-01 3.01494E+00 
4.79314E+00 1.11651E+00 4.64532E+00 
5.61934E+00 1.28046E+00 7.42026E+00 
6.58918E+00 1.45615E+00 1.23178E+01 
7.72279E+00 1.64306E+00 2.12933E+01 
9.04548E+00 1.84104E+00 3.83462E+01 
1.05967E+01 2.05184E+00 7.17526E+01 
1.24630E+01 2.28464E+00 1.37993E+02 
1.48970E+01 2.57432E+00 2.65545E+02 
1.85840E+01 3.01620E+00 4.84886E+02 
2.45352E+01 3.72693E+00 7.80373E+02 
3.25239E+01 4.60667E+00 1.05653E+03 
4.07137E+01 5.35765E+00 1.23190E+03 
9.95086E-01 5.30685E-02 1.10613E-01 
1.02330E+00 6.76249E-02 1.30089E-01 
1.07875E+00 9.28072E-02 1.54724E-01 
1.17057E+00 1.29548E-01 1.86379E-01 
1.28816E+00 1.72725E-01 2.27679E-01 
1.43477E+00 2.22865E-01 2.82245E-01 
1.61426E+00 2.80507E-01 3.55812E-01 
1.77812E+00 3.30495E-01 4.30650E-01 
1.83050E+00 3.46028E-01 4.56366E-01 
2.11019E+00 4.25900E-01 6.09835E-01 
2.44425E+00 5.15586E-01 8.34741E-01 
2.83975E+00 6.15187E-01 1.17271E+00 
3.30466E+00 7.24613E-01 1.69501E+00 
3.86406E+00 9.12276E-01 2.52551E+00 
4.51665E+00 1.05216E+00 3.89189E+00 
5.28428E+00 1.20253E+00 6.21689E+00 
6.18233E+00 1.36283E+00 1.03215E+01 
7.22860E+00 1.53248E+00 1.78422E+01 
8.44563E+00 1.71125E+00 3.21395E+01 
9.86849E+00 1.90061E+00 6.01326E+01 
1.15764E+01 2.10902E+00 1.15667E+02 
1.38012E+01 2.36836E+00 2.22635E+02 
1.71709E+01 2.76542E+00 4.06546E+02 
2.26090E+01 3.40553E+00 6.54365E+02 
2.98901E+01 4.19525E+00 8.86031E+02 
3.73173E+01 4.86298E+00 1.03327E+03 
9.39442E-01 4.93728E-02 9.26124E-02 
9.67537E-01 6.37070E-02 1.08895E-01 
1.02235E+00 8.84130E-02 1.29573E-01 
1.11138E+00 1.24095E-01 1.56032E-01 
1.22467E+00 1.65850E-01 1.90613E-01 
1.36512E+00 2.14121E-01 2.36386E-01 
1.53597E+00 2.69290E-01 2.97875E-01 
1.69147E+00 3.16946E-01 3.60640E-01 
1.74103E+00 3.31712E-01 3.82110E-01 
2.00502E+00 4.07372E-01 5.10563E-01 
2.31913E+00 4.91879E-01 6.98877E-01 
2.68971E+00 5.85196E-01 9.82075E-01 
3.12385E+00 6.87150E-01 1.41970E+00 
3.64666E+00 8.62183E-01 2.11592E+00 
4.25454E+00 9.90973E-01 3.26008E+00 
4.96717E+00 1.12867E+00 5.20930E+00 
5.79788E+00 1.27466E+00 8.64776E+00 
6.76256E+00 1.42830E+00 1.49531E+01 
7.88100E+00 1.58931E+00 2.69333E+01 
9.18500E+00 1.75903E+00 5.04071E+01 
1.07461E+01 1.94509E+00 9.69626E+01 
1.27771E+01 2.17668E+00 1.86659E+02 
1.58538E+01 2.53281E+00 3.40911E+02 
2.08186E+01 3.10841E+00 5.48816E+02 
2.74486E+01 3.81620E+00 7.43250E+02 
3.41765E+01 4.40865E+00 8.66918E+02 
8.87082E-01 4.58981E-02 7.75427E-02 
9.15046E-01 6.00336E-02 9.11443E-02 
9.69079E-01 8.42294E-02 1.08464E-01 
1.05563E+00 1.18972E-01 1.30655E-01 
1.16471E+00 1.59361E-01 1.59576E-01 
1.29909E+00 2.05802E-01 1.97881E-01 
1.46186E+00 2.58633E-01 2.49486E-01 
1.60920E+00 3.04019E-01 3.01969E-01 
1.65614E+00 3.18054E-01 3.20037E-01 
1.90525E+00 3.89712E-01 4.27691E-01 
2.20036E+00 4.69237E-01 5.85375E-01 
2.54728E+00 5.56530E-01 8.22667E-01 
2.95223E+00 6.51341E-01 1.18897E+00 
3.44040E+00 8.14549E-01 1.77259E+00 
4.00625E+00 9.32904E-01 2.73186E+00 
4.66704E+00 1.05872E+00 4.36474E+00 
5.43476E+00 1.19137E+00 7.24830E+00 
6.32321E+00 1.33020E+00 1.25333E+01 
7.35010E+00 1.47487E+00 2.25794E+01 
8.54355E+00 1.62653E+00 4.22626E+01 
9.96897E+00 1.79219E+00 8.13135E+01 
1.18210E+01 1.99848E+00 1.56555E+02 
1.46274E+01 2.31727E+00 2.85969E+02 
1.91550E+01 2.83393E+00 4.60441E+02 
2.51859E+01 3.46718E+00 6.23689E+02 
3.12735E+01 3.99170E+00 7.27612E+02 
8.37778E-01 4.26240E-02 6.49167E-02 
8.65807E-01 5.66481E-02 7.63360E-02 
9.19264E-01 8.04253E-02 9.08346E-02 
1.00307E+00 1.14163E-01 1.09385E-01 
1.10812E+00 1.53249E-01 1.33647E-01 
1.23669E+00 1.97935E-01 1.65730E-01 
1.39153E+00 2.48477E-01 2.08929E-01 
1.53117E+00 2.91698E-01 2.52937E-01 
1.57551E+00 3.05019E-01 2.68028E-01 
1.81037E+00 3.72800E-01 3.58228E-01 
2.08750E+00 4.47589E-01 4.90406E-01 
2.41202E+00 5.29206E-01 6.89212E-01 
2.78956E+00 6.17315E-01 9.96354E-01 
3.24478E+00 7.69235E-01 1.48513E+00 
3.77094E+00 8.77757E-01 2.28955E+00 
4.38306E+00 9.92471E-01 3.65787E+00 
5.09181E+00 1.11274E+00 6.07646E+00 
5.90917E+00 1.23786E+00 1.05075E+01 
6.85077E+00 1.36747E+00 1.89345E+01 
7.94187E+00 1.50260E+00 3.54464E+01 
9.24168E+00 1.64964E+00 6.82068E+01 
1.09285E+01 1.83289E+00 1.31348E+02 
1.34858E+01 2.11770E+00 2.39980E+02 
1.76105E+01 2.58061E+00 3.86461E+02 
2.30905E+01 3.14611E+00 5.23583E+02 
2.85922E+01 3.60943E+00 6.10967E+02 
7.91386E-01 3.95438E-02 5.43263E-02 
8.19410E-01 5.34443E-02 6.39105E-02 
8.72182E-01 7.67986E-02 7.60371E-02 
9.53541E-01 1.09656E-01 9.15991E-02 
1.05466E+00 1.47481E-01 1.11916E-01 
1.17767E+00 1.90484E-01 1.38839E-01 
1.32482E+00 2.38810E-01 1.74962E-01 
1.45710E+00 2.79944E-01 2.11907E-01 
1.49896E+00 2.92581E-01 2.24513E-01 
1.72019E+00 3.56628E-01 3.00077E-01 
1.98019E+00 4.26881E-01 4.10866E-01 
2.28350E+00 5.03093E-01 5.77421E-01 
2.63518E+00 5.84846E-01 8.35108E-01 
3.05935E+00 7.26028E-01 1.24496E+00 
3.54813E+00 8.25377E-01 1.91938E+00 
4.11463E+00 9.29771E-01 3.06771E+00 
4.76805E+00 1.03853E+00 5.09508E+00 
5.51915E+00 1.15098E+00 8.81428E+00 
6.38147E+00 1.26675E+00 1.58827E+01 
7.37769E+00 1.38676E+00 2.97380E+01 
8.56153E+00 1.51684E+00 5.72405E+01 
1.00959E+01 1.67914E+00 1.10241E+02 
1.24233E+01 1.93297E+00 2.01467E+02 
1.61774E+01 2.34702E+00 3.24523E+02 
2.11514E+01 2.85106E+00 4.39768E+02 
2.61174E+01 3.25932E+00 5.13286E+02 
7.47853E-01 3.66694E-02 4.55123E-02 
7.75746E-01 5.04308E-02 5.35306E-02 
8.27985E-01 7.34291E-02 6.36979E-02 
9.06937E-01 1.05449E-01 7.67350E-02 
1.00423E+00 1.42063E-01 9.37561E-02 
1.12177E+00 1.83424E-01 1.16302E-01 
1.26166E+00 2.29633E-01 1.46626E-01 
1.38677E+00 2.68740E-01 1.77544E-01 
1.42635E+00 2.80733E-01 1.88179E-01 
1.63463E+00 3.41217E-01 2.51535E-01 
1.87838E+00 4.07121E-01 3.44462E-01 
2.16153E+00 4.78125E-01 4.84076E-01 
2.48871E+00 5.53826E-01 7.00102E-01 
2.88356E+00 6.84951E-01 1.04390E+00 
3.33700E+00 7.75658E-01 1.60938E+00 
3.86068E+00 8.70420E-01 2.57310E+00 
4.46247E+00 9.68508E-01 4.27440E+00 
5.15181E+00 1.06929E+00 7.39482E+00 
5.94071E+00 1.17237E+00 1.33315E+01 
6.84903E+00 1.27856E+00 2.49645E+01 
7.92574E+00 1.39322E+00 4.80582E+01 
9.31982E+00 1.53653E+00 9.25843E+01 
1.14353E+01 1.76219E+00 1.69219E+02 
1.48482E+01 2.13177E+00 2.72645E+02 
1.93579E+01 2.58014E+00 3.69568E+02 
2.38346E+01 2.93895E+00 4.31464E+02 
7.07052E-01 3.39935E-02 3.81411E-02 
7.34870E-01 4.76710E-02 4.48553E-02 
7.86657E-01 7.03759E-02 5.33817E-02 
8.63190E-01 1.01562E-01 6.43222E-02 
9.56710E-01 1.36993E-01 7.85856E-02 
1.06891E+00 1.76760E-01 9.74682E-02 
1.20183E+00 2.20928E-01 1.22941E-01 
1.32006E+00 2.58076E-01 1.48834E-01 
1.35736E+00 2.69424E-01 1.57738E-01 
1.55329E+00 3.26478E-01 2.10904E-01 
1.78151E+00 3.88211E-01 2.88783E-01 
2.04571E+00 4.54286E-01 4.05994E-01 
2.34982E+00 5.24198E-01 5.87175E-01 
2.71699E+00 6.45826E-01 8.75800E-01 
3.13721E+00 7.28513E-01 1.35034E+00 
3.62064E+00 8.14286E-01 2.15892E+00 
4.17427E+00 9.02507E-01 3.58779E+00 
4.80605E+00 9.92510E-01 6.20688E+00 
5.52661E+00 1.08394E+00 1.11920E+01 
6.35380E+00 1.17755E+00 2.09665E+01 
7.33172E+00 1.27821E+00 4.03677E+01 
8.59655E+00 1.40431E+00 7.77881E+01 
1.05176E+01 1.60447E+00 1.42223E+02 
1.36165E+01 1.93365E+00 2.29199E+02 
1.77003E+01 2.33163E+00 3.10757E+02 
2.17305E+01 2.64611E+00 3.62908E+02 
6.68844E-01 3.15153E-02 3.19685E-02 
6.96486E-01 4.50981E-02 3.75964E-02 
7.47956E-01 6.75745E-02 4.47490E-02 
8.22045E-01 9.79616E-02 5.39206E-02 
9.11927E-01 1.32264E-01 6.58975E-02 
1.01899E+00 1.70495E-01 8.17308E-02 
1.14506E+00 2.12660E-01 1.03076E-01 
1.25678E+00 2.47930E-01 1.24827E-01 
1.29193E+00 2.58666E-01 1.32283E-01 
1.47598E+00 3.12405E-01 1.76865E-01 
1.68952E+00 3.70144E-01 2.42224E-01 
1.93575E+00 4.31517E-01 3.40597E-01 
2.21813E+00 4.96076E-01 4.92692E-01 
2.55907E+00 6.08687E-01 7.34870E-01 
2.94816E+00 6.83825E-01 1.13360E+00 
3.39391E+00 7.61238E-01 1.81251E+00 
3.90247E+00 8.40300E-01 3.01278E+00 
4.48076E+00 9.20392E-01 5.21367E+00 
5.13803E+00 1.00117E+00 9.40226E+00 
5.89012E+00 1.08333E+00 1.76148E+01 
6.77706E+00 1.17131E+00 3.39279E+01 
7.92299E+00 1.28183E+00 6.53927E+01 
9.66494E+00 1.45887E+00 1.19592E+02 
1.24758E+01 1.75146E+00 1.92792E+02 
1.61694E+01 2.10393E+00 2.61476E+02 
1.97927E+01 2.37876E+00 3.05452E+02 
6.33110E-01 2.92437E-02 2.68049E-02 
6.60574E-01 4.27501E-02 3.15329E-02 
7.11642E-01 6.50057E-02 3.75235E-02 
7.83419E-01 9.46625E-02 4.52084E-02 
8.69709E-01 1.27867E-01 5.52597E-02 
9.71837E-01 1.64613E-01 6.85667E-02 
1.09128E+00 2.04833E-01 8.64473E-02 
1.19672E+00 2.38284E-01 1.04717E-01 
1.22983E+00 2.48439E-01 1.10986E-01 
1.40262E+00 2.98999E-01 1.48411E-01 
1.60219E+00 3.52919E-01 2.03302E-01 
1.83137E+00 4.09812E-01 2.85853E-01 
2.09326E+00 4.69034E-01 4.13600E-01 
2.40950E+00 5.73262E-01 6.16931E-01 
2.76918E+00 6.41415E-01 9.51783E-01 
3.17963E+00 7.11071E-01 1.52227E+00 
3.64618E+00 7.81694E-01 2.53060E+00 
4.17482E+00 8.52690E-01 4.38148E+00 
4.77349E+00 9.23745E-01 7.90257E+00 
5.45634E+00 9.95502E-01 1.48110E+01 
6.25946E+00 1.07202E+00 2.85325E+01 
7.29622E+00 1.16850E+00 5.50108E+01 
8.87376E+00 1.32463E+00 1.00633E+02 
1.14199E+01 1.58407E+00 1.62280E+02 
1.47567E+01 1.89552E+00 2.20170E+02 
1.80093E+01 2.13492E+00 2.57283E+02 
5.99789E-01 2.71874E-02 2.24861E-02 
6.27062E-01 4.06405E-02 2.64509E-02 
6.77888E-01 6.27824E-02 3.14839E-02 
7.47290E-01 9.16995E-02 3.79428E-02 
8.30009E-01 1.23822E-01 4.63660E-02 
9.27283E-01 1.59109E-01 5.75358E-02 
1.04041E+00 1.97463E-01 7.25617E-02 
1.13977E+00 2.29143E-01 8.78859E-02 
1.17088E+00 2.38721E-01 9.31344E-02 
1.33290E+00 2.86213E-01 1.24574E-01 
1.51926E+00 3.36504E-01 1.70700E-01 
1.73232E+00 3.89126E-01 2.40034E-01 
1.97494E+00 4.43786E-01 3.47335E-01 
2.26792E+00 5.39853E-01 5.18299E-01 
2.59997E+00 6.01270E-01 7.99828E-01 
2.97743E+00 6.63721E-01 1.27950E+00 
3.40476E+00 7.26536E-01 2.12698E+00 
3.88724E+00 7.89178E-01 3.68411E+00 
4.43166E+00 8.51363E-01 6.64543E+00 
5.05061E+00 9.13687E-01 1.24600E+01 
5.77673E+00 9.79876E-01 2.40111E+01 
6.71323E+00 1.06371E+00 4.63070E+01 
8.14003E+00 1.20099E+00 8.47440E+01 
1.04435E+01 1.43046E+00 1.36702E+02 
1.34537E+01 1.70494E+00 1.85531E+02 
1.63693E+01 1.91281E+00 2.16887E+02 
5.68807E-01 2.53578E-02 1.88787E-02 
5.95926E-01 3.88085E-02 2.22074E-02 
6.46428E-01 6.08636E-02 2.64264E-02 
7.13478E-01 8.90609E-02 3.18508E-02 
7.92713E-01 1.20136E-01 3.89261E-02 
8.85243E-01 1.54005E-01 4.83053E-02 
9.92247E-01 1.90527E-01 6.09351E-02 
1.08577E+00 2.20495E-01 7.37974E-02 
1.11502E+00 2.29522E-01 7.82256E-02 
1.26671E+00 2.74053E-01 1.04616E-01 
1.44044E+00 3.20809E-01 1.43365E-01 
1.63838E+00 3.69335E-01 2.01713E-01 
1.86280E+00 4.19333E-01 2.91866E-01 
2.13379E+00 5.07949E-01 4.35581E-01 
2.43990E+00 5.63240E-01 6.72236E-01 
2.78655E+00 6.19022E-01 1.07588E+00 
3.17744E+00 6.74644E-01 1.78935E+00 
3.61705E+00 7.29638E-01 3.09938E+00 
4.11137E+00 7.83752E-01 5.59357E+00 
4.67143E+00 8.37548E-01 1.04888E+01 
5.32682E+00 8.94442E-01 2.02207E+01 
6.17149E+00 9.66929E-01 3.90136E+01 
7.45992E+00 1.08720E+00 7.14180E+01 
9.54133E+00 1.28965E+00 1.15252E+02 
1.22533E+01 1.53093E+00 1.56486E+02 
1.48627E+01 1.71075E+00 1.83003E+02 
5.40071E-01 2.37819E-02 1.58507E-02 
5.66873E-01 3.71957E-02 1.86481E-02 
6.17261E-01 5.92925E-02 2.21903E-02 
6.81898E-01 8.67787E-02 2.67481E-02 
7.57684E-01 1.16822E-01 3.26932E-02 
8.45574E-01 1.49291E-01 4.05707E-02 
9.46651E-01 1.84037E-01 5.11858E-02 
1.03460E+00 2.12336E-01 6.20070E-02 
1.06200E+00 2.20821E-01 6.57155E-02 
1.20390E+00 2.62503E-01 8.79140E-02 
1.36566E+00 3.05884E-01 1.20475E-01 
1.54920E+00 3.50578E-01 1.69522E-01 
1.75655E+00 3.95817E-01 2.45407E-01 
2.00690E+00 4.77527E-01 3.66336E-01 
2.28867E+00 5.27258E-01 5.65469E-01 
2.60643E+00 5.76839E-01 9.05122E-01 
2.96341E+00 6.25849E-01 1.50613E+00 
3.36336E+00 6.73860E-01 2.60931E+00 
3.81145E+00 7.20650E-01 4.71197E+00 
4.31734E+00 7.66754E-01 8.83789E+00 
4.90778E+00 8.15299E-01 1.70434E+01 
5.66824E+00 8.77604E-01 3.28942E+01 
6.83019E+00 9.82607E-01 6.02455E+01 
8.70829E+00 1.16073E+00 9.72660E+01 
1.11481E+01 1.37220E+00 1.32119E+02 
1.34797E+01 1.52716E+00 1.54572E+02 
5.13513E-01 2.24892E-02 1.33147E-02 
5.39795E-01 3.58174E-02 1.56646E-02 
5.90227E-01 5.80745E-02 1.86452E-02 
6.52439E-01 8.48774E-02 2.24716E-02 
7.24836E-01 1.13903E-01 2.74738E-02 
8.08213E-01 1.45002E-01 3.40986E-02 
9.03496E-01 1.77987E-01 4.30132E-02 
9.86090E-01 2.04668E-01 5.21242E-02 
1.01178E+00 2.12646E-01 5.52471E-02 
1.14432E+00 2.51567E-01 7.39259E-02 
1.29473E+00 2.91738E-01 1.01335E-01 
1.46466E+00 3.32733E-01 1.42573E-01 
1.65602E+00 3.74245E-01 2.06486E-01 
1.88689E+00 4.48986E-01 3.08366E-01 
2.14588E+00 4.93250E-01 4.76155E-01 
2.43672E+00 5.37094E-01 7.62421E-01 
2.76213E+00 5.80021E-01 1.26873E+00 
3.12532E+00 6.21647E-01 2.19880E+00 
3.53069E+00 6.61794E-01 3.97160E+00 
3.98687E+00 7.00983E-01 7.45444E+00 
4.51785E+00 7.42066E-01 1.43804E+01 
5.20135E+00 7.95280E-01 2.77660E+01 
6.24752E+00 8.86580E-01 5.08747E+01 
7.93969E+00 1.04281E+00 8.21742E+01 
1.01315E+01 1.22761E+00 1.11672E+02 
1.22113E+01 1.36058E+00 1.30711E+02 
4.89077E-01 2.15118E-02 1.11970E-02 
5.14844E-01 3.47811E-02 1.31694E-02 
5.65311E-01 5.73006E-02 1.56781E-02 
6.25078E-01 8.34034E-02 1.88953E-02 
6.94064E-01 1.11407E-01 2.30999E-02 
7.73025E-01 1.41145E-01 2.86777E-02 
8.62752E-01 1.72412E-01 3.61843E-02 
9.40146E-01 1.97504E-01 4.38431E-02 
9.64159E-01 2.04969E-01 4.64720E-02 
1.08773E+00 2.41207E-01 6.21899E-02 
1.22736E+00 2.78262E-01 8.52645E-02 
1.38457E+00 3.15752E-01 1.20034E-01 
1.56082E+00 3.53329E-01 1.73863E-01 
1.77339E+00 4.21835E-01 2.59728E-01 
2.01100E+00 4.61097E-01 4.01183E-01 
2.27674E+00 4.99645E-01 6.42579E-01 
2.57296E+00 5.37008E-01 1.06999E+00 
2.90218E+00 5.72821E-01 1.85530E+00 
3.26820E+00 6.06960E-01 3.35190E+00 
3.67868E+00 6.39937E-01 6.29291E+00 
4.15527E+00 6.74364E-01 1.21470E+01 
4.76847E+00 7.19481E-01 2.34653E+01 
5.70892E+00 7.98523E-01 4.30146E+01 
7.23144E+00 9.35132E-01 6.95137E+01 
9.19746E+00 1.09611E+00 9.45156E+01 
1.10495E+01 1.20967E+00 1.10682E+02 
4.66655E-01 2.08731E-02 9.42146E-03 
4.92001E-01 3.41447E-02 1.10803E-02 
5.42329E-01 5.69797E-02 1.31897E-02 
5.99681E-01 8.23868E-02 1.59013E-02 
6.65279E-01 1.09361E-01 1.94388E-02 
7.39885E-01 1.37741E-01 2.41308E-02 
8.24235E-01 1.67308E-01 3.04615E-02 
8.96651E-01 1.90847E-01 3.69121E-02 
9.19072E-01 1.97817E-01 3.91269E-02 
1.03411E+00 2.31458E-01 5.23770E-02 
1.16356E+00 2.65516E-01 7.18381E-02 
1.30867E+00 2.99634E-01 1.01150E-01 
1.47074E+00 3.33156E-01 1.46539E-01 
1.66611E+00 3.95910E-01 2.18935E-01 
1.88379E+00 4.30755E-01 3.38401E-01 
2.12620E+00 4.64415E-01 5.42241E-01 
2.39519E+00 4.96648E-01 9.03235E-01 
2.69304E+00 5.27181E-01 1.56682E+00 
3.02297E+00 5.55921E-01 2.83263E+00 
3.39154E+00 5.83339E-01 5.31972E+00 
3.81836E+00 6.11840E-01 1.02735E+01 
4.36743E+00 6.49764E-01 1.98562E+01 
5.21145E+00 7.17868E-01 3.64197E+01 
6.57929E+00 8.36915E-01 5.88894E+01 
8.34006E+00 9.76650E-01 8.01128E+01 
9.98616E+00 1.07316E+00 9.38625E+01 
4.46237E-01 2.06618E-02 7.93164E-03 
4.70960E-01 3.38680E-02 9.33019E-03 
5.21352E-01 5.72207E-02 1.11050E-02 
5.76157E-01 8.18864E-02 1.33905E-02 
6.38413E-01 1.07817E-01 1.63755E-02 
7.08749E-01 1.34828E-01 2.03284E-02 
7.87841E-01 1.62700E-01 2.56616E-02 
8.55477E-01 1.84708E-01 3.11024E-02 
8.76384E-01 1.91198E-01 3.29751E-02 
9.83310E-01 2.22312E-01 4.41600E-02 
1.10309E+00 2.53490E-01 6.05803E-02 
1.23681E+00 2.84372E-01 8.53231E-02 
1.38567E+00 3.14745E-01 1.23676E-01 
1.56489E+00 3.71713E-01 1.84888E-01 
1.76389E+00 4.02122E-01 2.85839E-01 
1.98454E+00 4.31275E-01 4.58259E-01 
2.22839E+00 4.58836E-01 7.63523E-01 
2.49734E+00 4.84584E-01 1.32521E+00 
2.79400E+00 5.08452E-01 2.39672E+00 
3.12428E+00 5.30919E-01 4.50490E+00 
3.50572E+00 5.54175E-01 8.70298E+00 
3.99633E+00 5.85729E-01 1.68294E+01 
4.75253E+00 6.44100E-01 3.08861E+01 
5.97941E+00 7.47452E-01 4.99700E+01 
7.55383E+00 8.68304E-01 6.80186E+01 
9.01412E+00 9.49860E-01 7.97338E+01 
4.27749E-01 2.09294E-02 6.68410E-03 
4.51680E-01 3.40057E-02 7.86395E-03 
5.02239E-01 5.80693E-02 9.36013E-03 
5.54391E-01 8.19420E-02 1.12870E-02 
6.13318E-01 1.06799E-01 1.38066E-02 
6.79495E-01 1.32431E-01 1.71452E-02 
7.53536E-01 1.58628E-01 2.16489E-02 
8.16573E-01 1.79114E-01 2.62469E-02 
8.35984E-01 1.85117E-01 2.78213E-02 
9.35145E-01 2.13757E-01 3.72635E-02 
1.04580E+00 2.42158E-01 5.11507E-02 
1.16884E+00 2.69974E-01 7.20713E-02 
1.30529E+00 2.97015E-01 1.04521E-01 
1.46938E+00 3.48828E-01 1.56316E-01 
1.65090E+00 3.75144E-01 2.41774E-01 
1.85136E+00 4.00133E-01 3.87808E-01 
2.07203E+00 4.23438E-01 6.46568E-01 
2.31428E+00 4.44844E-01 1.12270E+00 
2.58047E+00 4.64350E-01 2.03166E+00 
2.87572E+00 4.82416E-01 3.82020E+00 
3.21584E+00 5.01048E-01 7.38591E+00 
3.65333E+00 5.26990E-01 1.42907E+01 
4.32959E+00 5.76720E-01 2.62417E+01 
5.42830E+00 6.66093E-01 4.24829E+01 
6.83374E+00 7.70190E-01 5.78597E+01 
8.12667E+00 8.38693E-01 6.78613E+01 
4.10816E-01 2.17271E-02 5.62657E-03 
4.33860E-01 3.46410E-02 6.61814E-03 
4.84534E-01 5.96104E-02 7.87985E-03 
5.34011E-01 8.26370E-02 9.50093E-03 
5.89564E-01 1.06358E-01 1.16245E-02 
6.51604E-01 1.30560E-01 1.44406E-02 
7.20633E-01 1.55019E-01 1.82362E-02 
7.79201E-01 1.73975E-01 2.21188E-02 
7.97216E-01 1.79509E-01 2.34504E-02 
8.88877E-01 2.05682E-01 3.14174E-02 
9.90744E-01 2.31312E-01 4.31426E-02 
1.10359E+00 2.56115E-01 6.08301E-02 
1.22823E+00 2.79667E-01 8.82364E-02 
1.37792E+00 3.26606E-01 1.32014E-01 
1.54303E+00 3.49366E-01 2.04376E-01 
1.72449E+00 3.70476E-01 3.27959E-01 
1.92330E+00 3.89814E-01 5.47052E-01 
2.14075E+00 4.07260E-01 9.50681E-01 
2.37859E+00 4.22809E-01 1.72126E+00 
2.64138E+00 4.36922E-01 3.23814E+00 
2.94332E+00 4.51428E-01 6.26462E+00 
3.33188E+00 4.72376E-01 1.21300E+01 
3.93443E+00 5.14346E-01 2.22875E+01 
4.91509E+00 5.91123E-01 3.61042E+01 
6.16530E+00 6.80191E-01 4.92026E+01 
7.30546E+00 7.37168E-01 5.77381E+01 
3.95905E-01 2.31200E-02 4.75530E-03 
4.18230E-01 3.59446E-02 5.59363E-03 
4.68534E-01 6.17785E-02 6.66082E-03 
5.15567E-01 8.40151E-02 8.03399E-03 
5.67798E-01 1.06553E-01 9.83031E-03 
6.25832E-01 1.29289E-01 1.22157E-02 
6.90100E-01 1.52017E-01 1.54303E-02 
7.44450E-01 1.69477E-01 1.87195E-02 
7.61149E-01 1.74546E-01 1.98519E-02 
8.45822E-01 1.98325E-01 2.66145E-02 
9.39523E-01 2.21328E-01 3.65511E-02 
1.04299E+00 2.43301E-01 5.15764E-02 
1.15679E+00 2.64037E-01 7.48525E-02 
1.29327E+00 3.06238E-01 1.12097E-01 
1.44324E+00 3.25488E-01 1.73567E-01 
1.60736E+00 3.43087E-01 2.78630E-01 
1.78648E+00 3.58905E-01 4.65245E-01 
1.98140E+00 3.72828E-01 8.08840E-01 
2.19381E+00 3.84921E-01 1.46564E+00 
2.42753E+00 3.95608E-01 2.75916E+00 
2.69536E+00 4.06571E-01 5.34041E+00 
3.04021E+00 4.23218E-01 1.03461E+01 
3.57710E+00 4.58476E-01 1.90233E+01 
4.45244E+00 5.24273E-01 3.08360E+01 
5.56464E+00 6.00309E-01 4.20485E+01 
6.56987E+00 6.47466E-01 4.93667E+01 
3.82665E-01 2.52104E-02 4.02344E-03 
4.03894E-01 3.77154E-02 4.73484E-03 
4.54234E-01 6.48767E-02 5.63992E-03 
4.98516E-01 8.61012E-02 6.80395E-03 
5.47476E-01 1.07382E-01 8.32868E-03 
6.01618E-01 1.28607E-01 1.03538E-02 
6.61346E-01 1.49588E-01 1.30887E-02 
7.11619E-01 1.65522E-01 1.58786E-02 
7.27023E-01 1.70114E-01 1.68386E-02 
8.05082E-01 1.91538E-01 2.25891E-02 
8.91145E-01 2.11997E-01 3.10502E-02 
9.85739E-01 2.31256E-01 4.38185E-02 
1.08949E+00 2.49224E-01 6.36558E-02 
1.21356E+00 2.87070E-01 9.53686E-02 
1.34949E+00 3.03015E-01 1.47759E-01 
1.49767E+00 3.17407E-01 2.37443E-01 
1.65856E+00 3.30013E-01 3.96647E-01 
1.83292E+00 3.40789E-01 6.90036E-01 
2.02200E+00 3.49805E-01 1.25095E+00 
2.22930E+00 3.57496E-01 2.35679E+00 
2.46625E+00 3.65385E-01 4.56474E+00 
2.77157E+00 3.78301E-01 8.84873E+00 
3.24897E+00 4.07660E-01 1.62804E+01 
4.02891E+00 4.63758E-01 2.64069E+01 
5.01658E+00 5.28337E-01 3.60287E+01 
5.90091E+00 5.67029E-01 4.23185E+01 
3.70983E-01 2.80639E-02 3.41257E-03 
3.90976E-01 4.01373E-02 4.01575E-03 
4.41369E-01 6.89377E-02 4.78453E-03 
4.82783E-01 8.89613E-02 5.77544E-03 
5.28481E-01 1.08870E-01 7.07187E-03 
5.78819E-01 1.28502E-01 8.79482E-03 
6.34149E-01 1.47680E-01 1.11237E-02 
6.80589E-01 1.62086E-01 1.35048E-02 
6.94788E-01 1.66213E-01 1.43219E-02 
7.66553E-01 1.85287E-01 1.92213E-02 
8.45387E-01 2.03220E-01 2.64407E-02 
9.31783E-01 2.19865E-01 3.73455E-02 
1.02612E+00 2.34934E-01 5.42804E-02 
1.13860E+00 2.68720E-01 8.13652E-02 
1.26162E+00 2.81881E-01 1.26205E-01 
1.39498E+00 2.93312E-01 2.02940E-01 
1.53913E+00 3.03015E-01 3.39153E-01 
1.69465E+00 3.10977E-01 5.90445E-01 
1.86254E+00 3.17290E-01 1.07121E+00 
2.04583E+00 3.22373E-01 2.01920E+00 
2.25479E+00 3.27609E-01 3.91309E+00 
2.52445E+00 3.37308E-01 7.59123E+00 
2.94802E+00 3.61506E-01 1.39745E+01 
3.64176E+00 4.09068E-01 2.26800E+01 
4.51720E+00 4.63609E-01 3.09593E+01 
5.29337E+00 4.95040E-01 3.63782E+01 
3.60668E-01 3.16864E-02 2.90079E-03 
3.79652E-01 4.33805E-02 3.41502E-03 
4.29585E-01 7.38840E-02 4.06944E-03 
4.68163E-01 9.25634E-02 4.91557E-03 
5.10672E-01 1.11001E-01 6.02157E-03 
5.57336E-01 1.28953E-01 7.49368E-03 
6.08427E-01 1.46263E-01 9.48057E-03 
6.51204E-01 1.59109E-01 1.15182E-02 
6.64264E-01 1.62768E-01 1.22167E-02 
7.30117E-01 1.79506E-01 1.64099E-02 
8.02213E-01 1.94992E-01 2.25876E-02 
8.80910E-01 2.09096E-01 3.19261E-02 
9.66528E-01 2.21684E-01 4.64437E-02 
1.06829E+00 2.51601E-01 6.96910E-02 
1.17922E+00 2.61954E-01 1.08114E-01 
1.29894E+00 2.70687E-01 1.73990E-01 
1.42780E+00 2.77786E-01 2.91015E-01 
1.56608E+00 2.83244E-01 5.06965E-01 
1.71470E+00 2.87193E-01 9.20429E-01 
1.87622E+00 2.90020E-01 1.73611E+00 
2.05990E+00 2.92990E-01 3.36588E+00 
2.29733E+00 2.99931E-01 6.53338E+00 
2.67239E+00 3.19648E-01 1.20341E+01 
3.28831E+00 3.59720E-01 1.95408E+01 
4.06280E+00 4.05503E-01 2.66855E+01 
4.74242E+00 4.30743E-01 3.13653E+01 
3.51534E-01 3.60864E-02 2.47140E-03 
3.69287E-01 4.71762E-02 2.91124E-03 
4.18186E-01 7.92581E-02 3.47206E-03 
4.54409E-01 9.68544E-02 4.19529E-03 
4.93826E-01 1.13696E-01 5.14326E-03 
5.36952E-01 1.29879E-01 6.40439E-03 
5.84028E-01 1.45253E-01 8.11036E-03 
6.23321E-01 1.56518E-01 9.85602E-03 
6.35298E-01 1.59698E-01 1.04559E-02 
6.95603E-01 1.74116E-01 1.40564E-02 
7.61390E-01 1.87204E-01 1.93671E-02 
8.32899E-01 1.98855E-01 2.73884E-02 
9.10458E-01 2.09104E-01 3.98862E-02 
1.00215E+00 2.35376E-01 5.98833E-02 
1.10193E+00 2.43101E-01 9.29731E-02 
1.20917E+00 2.49390E-01 1.49735E-01 
1.32391E+00 2.54136E-01 2.50637E-01 
1.44648E+00 2.57391E-01 4.36921E-01 
1.57752E+00 2.59279E-01 7.93512E-01 
1.71933E+00 2.60182E-01 1.49763E+00 
1.88021E+00 2.61242E-01 2.90556E+00 
2.08859E+00 2.65838E-01 5.64176E+00 
2.41983E+00 2.81672E-01 1.03967E+01 
2.96558E+00 3.15198E-01 1.68894E+01 
3.64931E+00 3.53363E-01 2.30720E+01 
4.24274E+00 3.73349E-01 2.71218E+01 
3.43518E-01 4.13155E-02 2.11342E-03 
3.59920E-01 5.15897E-02 2.49041E-03 
4.07844E-01 8.57696E-02 2.97223E-03 
4.41370E-01 1.01729E-01 3.59427E-03 
4.77817E-01 1.16848E-01 4.41115E-03 
5.17548E-01 1.31147E-01 5.49577E-03 
5.60819E-01 1.44527E-01 6.96558E-03 
5.96863E-01 1.54193E-01 8.47114E-03 
6.07840E-01 1.56900E-01 8.98936E-03 
6.62932E-01 1.68993E-01 1.20939E-02 
7.22814E-01 1.79719E-01 1.66745E-02 
7.87721E-01 1.89024E-01 2.36125E-02 
8.57789E-01 1.96800E-01 3.44022E-02 
9.40116E-01 2.19685E-01 5.16837E-02 
1.02969E+00 2.25234E-01 8.03322E-02 
1.12540E+00 2.29308E-01 1.29449E-01 
1.22730E+00 2.31980E-01 2.16793E-01 
1.33552E+00 2.33304E-01 3.78088E-01 
1.45065E+00 2.33433E-01 6.87064E-01 
1.57467E+00 2.32720E-01 1.29726E+00 
1.71503E+00 2.32194E-01 2.51808E+00 
1.89734E+00 2.34833E-01 4.89108E+00 
2.18923E+00 2.47340E-01 9.01610E+00 
2.67185E+00 2.75174E-01 1.46504E+01 
3.27429E+00 3.06756E-01 2.00164E+01 
3.79112E+00 3.22333E-01 2.35291E+01 
3.36418E-01 4.72980E-02 1.81445E-03 
3.51709E-01 5.67574E-02 2.14071E-03 
3.98037E-01 9.29229E-02 2.55639E-03 
4.28810E-01 1.06978E-01 3.09367E-03 
4.62412E-01 1.20243E-01 3.80017E-03 
4.98976E-01 1.32580E-01 4.74019E-03 
5.38681E-01 1.43910E-01 6.01257E-03 
5.71666E-01 1.51946E-01 7.31617E-03 
5.81699E-01 1.54171E-01 7.76554E-03 
6.31965E-01 1.63973E-01 1.04586E-02 
6.86422E-01 1.72415E-01 1.44332E-02 
7.45186E-01 1.79456E-01 2.04569E-02 
8.08359E-01 1.85003E-01 2.98215E-02 
8.82059E-01 2.04783E-01 4.48532E-02 
9.62183E-01 2.08211E-01 6.97442E-02 
1.04732E+00 2.10314E-01 1.12436E-01 
1.13748E+00 2.11163E-01 1.88410E-01 
1.23272E+00 2.10839E-01 3.28762E-01 
1.33344E+00 2.09485E-01 5.97663E-01 
1.44144E+00 2.07446E-01 1.12884E+00 
1.56338E+00 2.05632E-01 2.19122E+00 
1.72233E+00 2.06664E-01 4.25751E+00 
1.97893E+00 2.16345E-01 7.84936E+00 
2.40493E+00 2.39264E-01 1.27554E+01 
2.93468E+00 2.65190E-01 1.74261E+01 
3.38364E+00 2.77103E-01 2.04793E+01 
3.29898E-01 5.36951E-02 1.56562E-03 
3.44006E-01 6.21151E-02 1.84916E-03 
3.88285E-01 1.00330E-01 2.21123E-03 
4.16569E-01 1.12386E-01 2.67857E-03 
4.47474E-01 1.23627E-01 3.29273E-03 
4.81068E-01 1.33910E-01 4.11104E-03 
5.17481E-01 1.43157E-01 5.22092E-03 
5.47648E-01 1.49569E-01 6.35714E-03 
5.56804E-01 1.51314E-01 6.74869E-03 
6.02619E-01 1.58876E-01 9.09691E-03 
6.52049E-01 1.65116E-01 1.25662E-02 
7.05189E-01 1.70046E-01 1.78230E-02 
7.62059E-01 1.73797E-01 2.60127E-02 
8.27685E-01 1.90446E-01 3.91354E-02 
8.99157E-01 1.91911E-01 6.08844E-02 
9.74678E-01 1.92283E-01 9.81957E-02 
1.05416E+00 1.91567E-01 1.64614E-01 
1.13761E+00 1.89853E-01 2.87311E-01 
1.22535E+00 1.87291E-01 5.22421E-01 
1.31895E+00 1.84194E-01 9.86696E-01 
1.42438E+00 1.81372E-01 1.91551E+00 
1.56246E+00 1.81115E-01 3.72136E+00 
1.78748E+00 1.88422E-01 6.86055E+00 
2.16283E+00 2.07129E-01 1.11468E+01 
2.62780E+00 2.28234E-01 1.52241E+01 
3.01676E+00 2.37140E-01 1.78825E+01 
3.23813E-01 6.02876E-02 1.35940E-03 
3.36742E-01 6.73942E-02 1.60701E-03 
3.77886E-01 1.06771E-01 1.92447E-03 
4.04372E-01 1.17446E-01 2.33369E-03 
4.32848E-01 1.26655E-01 2.87203E-03 
4.63715E-01 1.34835E-01 3.58941E-03 
4.97078E-01 1.41974E-01 4.56137E-03 
5.24675E-01 1.46787E-01 5.55931E-03 
5.33046E-01 1.48079E-01 5.90307E-03 
5.74763E-01 1.53459E-01 7.96416E-03 
6.19596E-01 1.57628E-01 1.10099E-02 
6.67554E-01 1.60601E-01 1.56236E-02 
7.18621E-01 1.62432E-01 2.28182E-02 
7.76808E-01 1.76304E-01 3.43481E-02 
8.40366E-01 1.76183E-01 5.34485E-02 
9.07086E-01 1.75073E-01 8.62272E-02 
9.76865E-01 1.73049E-01 1.44563E-01 
1.04965E+00 1.70207E-01 2.52345E-01 
1.12568E+00 1.66693E-01 4.58778E-01 
1.20636E+00 1.62792E-01 8.66404E-01 
1.29707E+00 1.59221E-01 1.68161E+00 
1.41652E+00 1.57962E-01 3.26591E+00 
1.61336E+00 1.63305E-01 6.01885E+00 
1.94344E+00 1.78425E-01 9.77494E+00 
2.35075E+00 1.95448E-01 1.33424E+01 
2.68682E+00 2.01920E-01 1.56599E+01 
3.18182E-01 6.69691E-02 1.18841E-03 
3.30339E-01 7.31063E-02 1.40715E-03 
3.67906E-01 1.13780E-01 1.68657E-03 
3.92172E-01 1.21851E-01 2.04791E-03 
4.18435E-01 1.28903E-01 2.52267E-03 
4.46869E-01 1.34989E-01 3.15704E-03 
4.77499E-01 1.40077E-01 4.01543E-03 
5.02740E-01 1.43338E-01 4.89621E-03 
5.10377E-01 1.44177E-01 5.19946E-03 
5.48372E-01 1.47510E-01 7.02125E-03 
5.89005E-01 1.49747E-01 9.71128E-03 
6.32247E-01 1.50921E-01 1.37928E-02 
6.78017E-01 1.50984E-01 2.01443E-02 
7.29333E-01 1.62427E-01 3.03304E-02 
7.85640E-01 1.60940E-01 4.72123E-02 
8.44348E-01 1.58596E-01 7.61537E-02 
9.05304E-01 1.55519E-01 1.27672E-01 
9.68433E-01 1.51804E-01 2.22763E-01 
1.03396E+00 1.47587E-01 4.04889E-01 
1.10308E+00 1.43123E-01 7.64233E-01 
1.18069E+00 1.39041E-01 1.48247E+00 
1.28360E+00 1.37044E-01 2.87737E+00 
1.45531E+00 1.40787E-01 5.29877E+00 
1.74512E+00 1.52888E-01 8.59906E+00 
2.10128E+00 1.66490E-01 1.17265E+01 
2.39089E+00 1.71029E-01 1.37485E+01 
3.12818E-01 7.30315E-02 1.04728E-03 
3.23969E-01 7.73139E-02 1.24198E-03 
3.57379E-01 1.18837E-01 1.49049E-03 
3.80000E-01 1.25081E-01 1.81188E-03 
4.04320E-01 1.29980E-01 2.23395E-03 
4.30563E-01 1.33993E-01 2.79717E-03 
4.58756E-01 1.37129E-01 3.56133E-03 
4.81889E-01 1.38945E-01 4.34446E-03 
4.88869E-01 1.39371E-01 4.61411E-03 
5.23498E-01 1.40838E-01 6.23376E-03 
5.60301E-01 1.41337E-01 8.62622E-03 
5.99210E-01 1.40942E-01 1.22513E-02 
6.40121E-01 1.39790E-01 1.79030E-02 
6.85104E-01 1.48796E-01 2.69442E-02 
7.34789E-01 1.46106E-01 4.19308E-02 
7.86208E-01 1.42791E-01 6.76289E-02 
8.39184E-01 1.38922E-01 1.13278E-01 
8.93651E-01 1.34583E-01 1.97587E-01 
9.49726E-01 1.29898E-01 3.58829E-01 
1.00856E+00 1.25094E-01 6.76801E-01 
1.07453E+00 1.20715E-01 1.31178E+00 
1.16278E+00 1.18215E-01 2.54335E+00 
1.31224E+00 1.20688E-01 4.67888E+00 
1.56627E+00 1.30274E-01 7.58456E+00 
1.87725E+00 1.41042E-01 1.03304E+01 
2.12621E+00 1.44078E-01 1.20946E+01 
3.07831E-01 7.81331E-02 9.31458E-04 
3.18368E-01 8.08630E-02 1.10575E-03 
3.46915E-01 1.22661E-01 1.32859E-03 
3.67986E-01 1.26483E-01 1.61637E-03 
3.90689E-01 1.29442E-01 1.99477E-03 
4.15044E-01 1.31572E-01 2.49886E-03 
4.41058E-01 1.32912E-01 3.18243E-03 
4.62303E-01 1.33422E-01 3.88389E-03 
4.68695E-01 1.33491E-01 4.12521E-03 
5.00252E-01 1.33296E-01 5.57356E-03 
5.33565E-01 1.32311E-01 7.71348E-03 
5.68513E-01 1.30598E-01 1.09524E-02 
6.04980E-01 1.28263E-01 1.59995E-02 
6.44130E-01 1.35249E-01 2.40726E-02 
6.87775E-01 1.31669E-01 3.74298E-02 
7.32552E-01 1.27657E-01 6.03241E-02 
7.78316E-01 1.23244E-01 1.00991E-01 
8.24949E-01 1.18517E-01 1.75943E-01 
8.72617E-01 1.13585E-01 3.19233E-01 
9.22295E-01 1.08644E-01 6.01397E-01 
9.77985E-01 1.04158E-01 1.16404E+00 
1.05331E+00 1.01359E-01 2.25413E+00 
1.18312E+00 1.02854E-01 4.14126E+00 
1.40553E+00 1.10373E-01 6.70331E+00 
1.67672E+00 1.18820E-01 9.11557E+00 
1.89029E+00 1.20719E-01 1.06538E+01 
3.03502E-01 8.18177E-02 8.35945E-04 
3.13894E-01 8.39741E-02 9.93532E-04 
3.36840E-01 1.23842E-01 1.19449E-03 
3.56633E-01 1.25951E-01 1.45407E-03 
3.77935E-01 1.27076E-01 1.79481E-03 
4.00655E-01 1.27528E-01 2.24974E-03 
4.24720E-01 1.27299E-01 2.86486E-03 
4.44253E-01 1.26686E-01 3.49619E-03 
4.50106E-01 1.26442E-01 3.71342E-03 
4.78864E-01 1.24858E-01 5.01594E-03 
5.08958E-01 1.22659E-01 6.93800E-03 
5.40268E-01 1.19898E-01 9.84925E-03 
5.72679E-01 1.16576E-01 1.43731E-02 
6.06481E-01 1.21833E-01 2.16091E-02 
6.44588E-01 1.17710E-01 3.35738E-02 
6.83340E-01 1.13247E-01 5.40420E-02 
7.22566E-01 1.08528E-01 9.03624E-02 
7.62176E-01 1.03629E-01 1.57219E-01 
8.02320E-01 9.86451E-02 2.84825E-01 
8.43906E-01 9.37407E-02 5.35769E-01 
8.90550E-01 8.93074E-02 1.03548E+00 
9.54554E-01 8.63872E-02 2.00171E+00 
1.06707E+00 8.71505E-02 3.67102E+00 
1.26166E+00 9.29947E-02 5.93152E+00 
1.49797E+00 9.95680E-02 8.05062E+00 
1.68089E+00 1.00633E-01 9.39033E+00 
3.00268E-01 8.39931E-02 7.56663E-04 
3.10342E-01 8.43863E-02 9.00076E-04 
3.27578E-01 1.22670E-01 1.08254E-03 
3.46519E-01 1.23275E-01 1.31798E-03 
3.66607E-01 1.22823E-01 1.62677E-03 
3.87833E-01 1.21820E-01 2.03833E-03 
4.10138E-01 1.20300E-01 2.59539E-03 
4.28081E-01 1.18786E-01 3.16552E-03 
4.33442E-01 1.18291E-01 3.36196E-03 
4.59603E-01 1.15630E-01 4.53864E-03 
4.86705E-01 1.12509E-01 6.27285E-03 
5.14635E-01 1.08986E-01 8.89456E-03 
5.43239E-01 1.05117E-01 1.29667E-02 
5.72183E-01 1.08812E-01 1.94718E-02 
6.05195E-01 1.04336E-01 3.02086E-02 
6.38451E-01 9.96564E-02 4.85582E-02 
6.71785E-01 9.48483E-02 8.10477E-02 
7.05134E-01 8.99669E-02 1.40795E-01 
7.38601E-01 8.50943E-02 2.54625E-01 
7.73054E-01 8.03696E-02 4.78082E-01 
8.11789E-01 7.61195E-02 9.22111E-01 
8.65900E-01 7.32107E-02 1.77929E+00 
9.63304E-01 7.34523E-02 3.25644E+00 
1.13349E+00 7.79588E-02 5.25045E+00 
1.33943E+00 8.30425E-02 7.11101E+00 
1.49596E+00 8.35192E-02 8.27566E+00 
2.98645E-01 8.42741E-02 6.90304E-04 
3.08515E-01 8.34541E-02 8.21142E-04 
3.20214E-01 1.19432E-01 9.87576E-04 
3.38272E-01 1.18466E-01 1.20184E-03 
3.57252E-01 1.16746E-01 1.48296E-03 
3.77077E-01 1.14633E-01 1.85661E-03 
3.97710E-01 1.12125E-01 2.36233E-03 
4.14155E-01 1.09942E-01 2.87950E-03 
4.19037E-01 1.09266E-01 3.05704E-03 
4.42718E-01 1.05835E-01 4.12272E-03 
4.66998E-01 1.02092E-01 5.69115E-03 
4.91740E-01 9.80942E-02 8.05819E-03 
5.16780E-01 9.39342E-02 1.17322E-02 
5.41266E-01 9.63514E-02 1.75858E-02 
5.69647E-01 9.17163E-02 2.72405E-02 
5.97896E-01 8.70261E-02 4.36994E-02 
6.25927E-01 8.23002E-02 7.28227E-02 
6.53642E-01 7.75883E-02 1.26233E-01 
6.81217E-01 7.29556E-02 2.27835E-01 
7.09427E-01 6.85168E-02 4.26872E-01 
7.41266E-01 6.45393E-02 8.21538E-01 
7.86819E-01 6.17501E-02 1.58171E+00 
8.71093E-01 6.16378E-02 2.88845E+00 
1.02006E+00 6.50937E-02 4.64640E+00 
1.19962E+00 6.90038E-02 6.27767E+00 
1.33354E+00 6.90826E-02 7.28798E+00 
2.99004E-01 8.28175E-02 6.33401E-04 
3.08762E-01 8.14909E-02 7.53000E-04 
3.15461E-01 1.13368E-01 9.05049E-04 
3.32516E-01 1.11740E-01 1.10059E-03 
3.50345E-01 1.09212E-01 1.35675E-03 
3.68775E-01 1.06301E-01 1.69707E-03 
3.87717E-01 1.03114E-01 2.15631E-03 
4.02681E-01 1.00486E-01 2.62624E-03 
4.07097E-01 9.96923E-02 2.78746E-03 
4.28354E-01 9.57818E-02 3.75301E-03 
4.49903E-01 9.16880E-02 5.17257E-03 
4.71592E-01 8.74564E-02 7.31242E-03 
4.93310E-01 8.31293E-02 1.06260E-02 
5.13757E-01 8.45586E-02 1.59001E-02 
5.37827E-01 8.00192E-02 2.45766E-02 
5.61531E-01 7.54748E-02 3.93533E-02 
5.84760E-01 7.09641E-02 6.54270E-02 
6.07489E-01 6.65322E-02 1.13185E-01 
6.29866E-01 6.22296E-02 2.03828E-01 
6.52618E-01 5.81416E-02 3.81037E-01 
6.78523E-01 5.44956E-02 7.31725E-01 
7.16673E-01 5.18915E-02 1.40528E+00 
7.89573E-01 5.15533E-02 2.55996E+00 
9.20112E-01 5.41918E-02 4.10762E+00 
1.07688E+00 5.71892E-02 5.53545E+00 
1.19153E+00 5.70133E-02 6.40998E+00 
3.01594E-01 8.01152E-02 5.83290E-04 
3.11125E-01 7.79126E-02 6.92824E-04 
3.13404E-01 1.06365E-01 8.31791E-04 
3.29494E-01 1.03981E-01 1.01047E-03 
3.46111E-01 1.00763E-01 1.24394E-03 
3.63064E-01 9.73387E-02 1.55384E-03 
3.80279E-01 9.37556E-02 1.97172E-03 
3.93722E-01 9.08814E-02 2.39839E-03 
3.97666E-01 9.00276E-02 2.54482E-03 
4.16541E-01 8.58902E-02 3.42050E-03 
4.35407E-01 8.16684E-02 4.70543E-03 
4.54178E-01 7.74007E-02 6.64008E-03 
4.72769E-01 7.30873E-02 9.62938E-03 
4.89564E-01 7.37628E-02 1.43797E-02 
5.09678E-01 6.94384E-02 2.21787E-02 
5.29263E-01 6.51489E-02 3.54424E-02 
5.48224E-01 6.09466E-02 5.87986E-02 
5.66555E-01 5.68592E-02 1.01487E-01 
5.84403E-01 5.29274E-02 1.82370E-01 
6.02460E-01 4.92258E-02 3.40053E-01 
6.23276E-01 4.59358E-02 6.51399E-01 
6.55121E-01 4.35505E-02 1.24805E+00 
7.18255E-01 4.30814E-02 2.26759E+00 
8.32928E-01 4.50927E-02 3.62887E+00 
9.70190E-01 4.73909E-02 4.87761E+00 
1.06857E+00 4.70630E-02 5.63351E+00 
3.06316E-01 7.62451E-02 5.37553E-04 
3.15464E-01 7.35658E-02 6.37935E-04 
3.14505E-01 9.81816E-02 7.64884E-04 
3.29157E-01 9.55078E-02 9.27940E-04 
3.44369E-01 9.19094E-02 1.14074E-03 
3.59708E-01 8.82316E-02 1.42282E-03 
3.75083E-01 8.44638E-02 1.80260E-03 
3.86977E-01 8.15029E-02 2.18984E-03 
3.90449E-01 8.06320E-02 2.32280E-03 
4.06908E-01 7.64612E-02 3.11625E-03 
4.23159E-01 7.22796E-02 4.27906E-03 
4.39131E-01 6.81169E-02 6.02575E-03 
4.54721E-01 6.40094E-02 8.72167E-03 
4.68248E-01 6.40876E-02 1.29961E-02 
4.84776E-01 6.00189E-02 2.00052E-02 
5.00647E-01 5.60500E-02 3.18952E-02 
5.15815E-01 5.21981E-02 5.27997E-02 
5.30264E-01 4.84854E-02 9.09246E-02 
5.44168E-01 4.49432E-02 1.62976E-01 
5.58195E-01 4.16288E-02 3.03217E-01 
5.74664E-01 3.86920E-02 5.79403E-01 
6.01122E-01 3.65396E-02 1.10728E+00 
6.55874E-01 3.60045E-02 2.00665E+00 
7.56877E-01 3.75353E-02 3.20281E+00 
8.77411E-01 3.92980E-02 4.29352E+00 
9.62024E-01 3.88876E-02 4.94593E+00 
3.12593E-01 7.18790E-02 4.95061E-04 
3.21072E-01 6.90892E-02 5.86755E-04 
3.17513E-01 9.01526E-02 7.02878E-04 
3.30964E-01 8.68408E-02 8.51348E-04 
3.44579E-01 8.31850E-02 1.04526E-03 
3.58156E-01 7.94311E-02 1.30179E-03 
3.71624E-01 7.56398E-02 1.64666E-03 
3.81933E-01 7.27009E-02 1.99784E-03 
3.84921E-01 7.18429E-02 2.11828E-03 
3.98986E-01 6.77670E-02 2.83676E-03 
4.12715E-01 6.37332E-02 3.88813E-03 
4.26021E-01 5.97673E-02 5.46453E-03 
4.38819E-01 5.59104E-02 7.89417E-03 
4.49436E-01 5.55519E-02 1.17395E-02 
4.62716E-01 5.17994E-02 1.80331E-02 
4.75275E-01 4.81734E-02 2.86872E-02 
4.87085E-01 4.46811E-02 4.73782E-02 
4.98166E-01 4.13416E-02 8.14055E-02 
5.08686E-01 3.81779E-02 1.45579E-01 
5.19259E-01 3.52326E-02 2.70250E-01 
5.32058E-01 3.26308E-02 5.15221E-01 
5.53933E-01 3.07058E-02 9.82007E-01 
6.01518E-01 3.01468E-02 1.77514E+00 
6.90776E-01 3.13115E-02 2.82584E+00 
7.96971E-01 3.26642E-02 3.77799E+00 
8.69965E-01 3.22173E-02 4.34076E+00 
3.19551E-01 6.74187E-02 4.55356E-04 
3.27207E-01 6.44458E-02 5.39061E-04 
3.22120E-01 8.21236E-02 6.44879E-04 
3.33939E-01 7.86971E-02 7.80270E-04 
3.45868E-01 7.49775E-02 9.56614E-04 
3.57622E-01 7.12529E-02 1.18972E-03 
3.69162E-01 6.75408E-02 1.50278E-03 
3.77889E-01 6.46929E-02 1.82129E-03 
3.80406E-01 6.38627E-02 1.93024E-03 
3.92168E-01 5.99545E-02 2.58076E-03 
4.03487E-01 5.61287E-02 3.53052E-03 
4.14294E-01 5.24063E-02 4.95322E-03 
4.24571E-01 4.87859E-02 7.14181E-03 
4.32602E-01 4.81314E-02 1.06006E-02 
4.42972E-01 4.47178E-02 1.62507E-02 
4.52614E-01 4.14317E-02 2.58008E-02 
4.61497E-01 3.82889E-02 4.25243E-02 
4.69670E-01 3.53021E-02 7.29063E-02 
4.77285E-01 3.24857E-02 1.30087E-01 
4.84947E-01 2.98828E-02 2.40922E-01 
4.94629E-01 2.75869E-02 4.58163E-01 
5.12645E-01 2.58761E-02 8.71249E-01 
5.54085E-01 2.53195E-02 1.57080E+00 
6.33221E-01 2.62054E-02 2.49387E+00 
7.27131E-01 2.72438E-02 3.32535E+00 
7.90310E-01 2.67896E-02 3.81083E+00 
3.26177E-01 6.30593E-02 4.18073E-04 
3.32948E-01 5.99420E-02 4.94607E-04 
3.26973E-01 7.44239E-02 5.91081E-04 
3.37083E-01 7.11822E-02 7.14527E-04 
3.47303E-01 6.75083E-02 8.75017E-04 
3.57257E-01 6.38787E-02 1.08706E-03 
3.66902E-01 6.02952E-02 1.37126E-03 
3.74136E-01 5.75641E-02 1.66014E-03 
3.76211E-01 5.67737E-02 1.75915E-03 
3.85806E-01 5.30665E-02 2.34844E-03 
3.94897E-01 4.94681E-02 3.20739E-03 
4.03451E-01 4.59918E-02 4.49275E-03 
4.11413E-01 4.26506E-02 6.46537E-03 
4.17221E-01 4.17677E-02 9.57978E-03 
4.25036E-01 3.86650E-02 1.46564E-02 
4.32132E-01 3.57012E-02 2.32243E-02 
4.38501E-01 3.28832E-02 3.82005E-02 
4.44182E-01 3.02202E-02 6.53550E-02 
4.49340E-01 2.77245E-02 1.16360E-01 
4.54531E-01 2.54233E-02 2.14987E-01 
4.61593E-01 2.33995E-02 4.07868E-01 
4.76327E-01 2.18837E-02 7.73730E-01 
5.12493E-01 2.13456E-02 1.39136E+00 
5.82895E-01 2.20185E-02 2.20311E+00 
6.66254E-01 2.28181E-02 2.92989E+00 
7.21110E-01 2.23739E-02 3.34887E+00 
3.31609E-01 5.90384E-02 3.83782E-04 
3.37405E-01 5.59213E-02 4.53793E-04 
3.30546E-01 6.81779E-02 5.42002E-04 
3.39521E-01 6.44380E-02 6.54619E-04 
3.48090E-01 6.08624E-02 8.00959E-04 
3.56351E-01 5.73486E-02 9.93973E-04 
3.64255E-01 5.39100E-02 1.25263E-03 
3.70112E-01 5.13063E-02 1.51506E-03 
3.71775E-01 5.05580E-02 1.60495E-03 
3.79409E-01 4.70559E-02 2.13952E-03 
3.86513E-01 4.36836E-02 2.91839E-03 
3.93047E-01 4.04531E-02 4.08037E-03 
3.98980E-01 3.73816E-02 5.86360E-03 
4.02861E-01 3.63318E-02 8.67089E-03 
4.08473E-01 3.35163E-02 1.32428E-02 
4.13380E-01 3.08451E-02 2.09411E-02 
4.17593E-01 2.83217E-02 3.43753E-02 
4.21155E-01 2.59496E-02 5.86850E-02 
4.24231E-01 2.37379E-02 1.04258E-01 
4.27340E-01 2.17064E-02 1.92179E-01 
4.32197E-01 1.99235E-02 3.63757E-01 
4.44139E-01 1.85816E-02 6.88264E-01 
4.75766E-01 1.80715E-02 1.23447E+00 
5.38605E-01 1.85821E-02 1.94943E+00 
6.12847E-01 1.91978E-02 2.58544E+00 
6.60628E-01 1.87752E-02 2.94736E+00 
3.35222E-01 5.54314E-02 3.52975E-04 
3.40144E-01 5.22626E-02 4.17187E-04 
3.33341E-01 6.18946E-02 4.97997E-04 
3.40638E-01 5.84735E-02 6.01140E-04 
3.47715E-01 5.50102E-02 7.35020E-04 
3.54455E-01 5.16181E-02 9.11257E-04 
3.60816E-01 4.83216E-02 1.14717E-03 
3.65448E-01 4.58458E-02 1.38642E-03 
3.66754E-01 4.51342E-02 1.46815E-03 
3.72662E-01 4.18290E-02 1.95430E-03 
3.78018E-01 3.86726E-02 2.66168E-03 
3.82795E-01 3.56727E-02 3.71562E-03 
3.86985E-01 3.28236E-02 5.33005E-03 
3.89216E-01 3.16782E-02 7.86860E-03 
3.92923E-01 2.91310E-02 1.19937E-02 
3.95958E-01 2.67262E-02 1.89285E-02 
3.98329E-01 2.44669E-02 3.10077E-02 
4.00091E-01 2.23543E-02 5.28203E-02 
4.01403E-01 2.03928E-02 9.36166E-02 
4.02762E-01 1.86004E-02 1.72178E-01 
4.05754E-01 1.70301E-02 3.25069E-01 
4.15314E-01 1.58423E-02 6.13524E-01 
4.43014E-01 1.53653E-02 1.09746E+00 
4.99268E-01 1.57525E-02 1.72825E+00 
5.65618E-01 1.62284E-02 2.28577E+00 
6.07330E-01 1.58319E-02 2.59850E+00 
3.36642E-01 5.22160E-02 3.25693E-04 
3.40848E-01 4.90036E-02 3.84866E-04 
3.34359E-01 5.62662E-02 4.59275E-04 
3.40066E-01 5.32438E-02 5.53999E-04 
3.45896E-01 4.98605E-02 6.76849E-04 
3.51339E-01 4.65882E-02 8.38519E-04 
3.56372E-01 4.34290E-02 1.05438E-03 
3.59967E-01 4.10712E-02 1.27308E-03 
3.60967E-01 4.03966E-02 1.34785E-03 
3.65398E-01 3.72772E-02 1.79188E-03 
3.69256E-01 3.43210E-02 2.43637E-03 
3.72532E-01 3.15305E-02 3.39608E-03 
3.75193E-01 2.89117E-02 4.86200E-03 
3.76036E-01 2.76934E-02 7.16426E-03 
3.78119E-01 2.53859E-02 1.08994E-02 
3.79550E-01 2.32213E-02 1.71632E-02 
3.80352E-01 2.11984E-02 2.80505E-02 
3.80584E-01 1.93168E-02 4.76716E-02 
3.80402E-01 1.75787E-02 8.42936E-02 
3.80274E-01 1.59948E-02 1.54629E-01 
3.81686E-01 1.46106E-02 2.91216E-01 
3.89201E-01 1.35602E-02 5.48048E-01 
4.13484E-01 1.31185E-02 9.77605E-01 
4.63978E-01 1.34119E-02 1.53509E+00 
5.23436E-01 1.37809E-02 2.02441E+00 
5.59916E-01 1.34129E-02 2.29465E+00 
3.36166E-01 4.93542E-02 3.02266E-04 
3.39779E-01 4.61166E-02 3.57052E-04 
3.33348E-01 5.16253E-02 4.25834E-04 
3.38009E-01 4.86536E-02 5.13290E-04 
3.42792E-01 4.53564E-02 6.26509E-04 
3.47163E-01 4.21884E-02 7.75288E-04 
3.51089E-01 3.91573E-02 9.73902E-04 
3.53803E-01 3.69095E-02 1.17464E-03 
3.54544E-01 3.62684E-02 1.24322E-03 
3.57712E-01 3.33213E-02 1.65011E-03 
3.60294E-01 3.05492E-02 2.23992E-03 
3.62266E-01 2.79547E-02 3.11581E-03 
3.63633E-01 2.55369E-02 4.45244E-03 
3.63279E-01 2.42839E-02 6.54664E-03 
3.63968E-01 2.21915E-02 9.93677E-03 
3.64029E-01 2.02413E-02 1.56143E-02 
3.63490E-01 1.84293E-02 2.54580E-02 
3.62414E-01 1.67526E-02 4.31555E-02 
3.60959E-01 1.52103E-02 7.61086E-02 
3.59570E-01 1.38100E-02 1.39239E-01 
3.59634E-01 1.25890E-02 2.61471E-01 
3.65400E-01 1.16588E-02 4.90770E-01 
3.86702E-01 1.12529E-02 8.72800E-01 
4.32139E-01 1.14749E-02 1.36636E+00 
4.85566E-01 1.17612E-02 1.79643E+00 
5.17542E-01 1.14233E-02 2.03018E+00 
3.33903E-01 4.67790E-02 2.81967E-04 
3.37050E-01 4.35282E-02 3.32837E-04 
3.30413E-01 4.77408E-02 3.96670E-04 
3.34584E-01 4.45458E-02 4.77663E-04 
3.38508E-01 4.13391E-02 5.82404E-04 
3.41981E-01 3.82761E-02 7.19753E-04 
3.44970E-01 3.53654E-02 9.02764E-04 
3.46933E-01 3.32223E-02 1.08763E-03 
3.47452E-01 3.26127E-02 1.15062E-03 
3.49538E-01 2.98259E-02 1.52429E-03 
3.51002E-01 2.72273E-02 2.06486E-03 
3.51844E-01 2.48139E-02 2.86632E-03 
3.52068E-01 2.25788E-02 4.08644E-03 
3.50679E-01 2.13162E-02 5.99459E-03 
3.50145E-01 1.94216E-02 9.07691E-03 
3.49003E-01 1.76669E-02 1.42253E-02 
3.47291E-01 1.60454E-02 2.31328E-02 
3.45078E-01 1.45521E-02 3.91083E-02 
3.42520E-01 1.31839E-02 6.87760E-02 
3.40041E-01 1.19468E-02 1.25472E-01 
3.38941E-01 1.08691E-02 2.34927E-01 
3.43170E-01 1.00466E-02 4.39592E-01 
3.61830E-01 9.67576E-03 7.79407E-01 
4.02752E-01 9.84291E-03 1.21634E+00 
4.50804E-01 1.00650E-02 1.59410E+00 
4.78800E-01 9.75592E-03 1.79576E+00 
3.30354E-01 4.45206E-02 2.64615E-04 
3.33140E-01 4.12489E-02 3.12051E-04 
3.26492E-01 4.42497E-02 3.71438E-04 
3.30219E-01 4.09348E-02 4.46702E-04 
3.33432E-01 3.78062E-02 5.43874E-04 
3.36140E-01 3.48389E-02 6.71057E-04 
3.38317E-01 3.20391E-02 8.40147E-04 
3.39629E-01 2.99901E-02 1.01067E-03 
3.39947E-01 2.94112E-02 1.06884E-03 
3.41081E-01 2.67704E-02 1.41288E-03 
3.41558E-01 2.43290E-02 1.90951E-03 
3.41391E-01 2.20799E-02 2.64423E-03 
3.40596E-01 2.00160E-02 3.76021E-03 
3.38303E-01 1.87584E-02 5.50183E-03 
3.36691E-01 1.70404E-02 8.30872E-03 
3.34494E-01 1.54593E-02 1.29859E-02 
3.31755E-01 1.40070E-02 2.10554E-02 
3.28554E-01 1.26759E-02 3.54933E-02 
3.25042E-01 1.14615E-02 6.22363E-02 
3.21625E-01 1.03663E-02 1.13186E-01 
3.19525E-01 9.41421E-03 2.11287E-01 
3.22416E-01 8.68583E-03 3.94052E-01 
3.38736E-01 8.34819E-03 6.96423E-01 
3.75627E-01 8.47301E-03 1.08330E+00 
4.18894E-01 8.64498E-03 1.41507E+00 
4.43388E-01 8.36297E-03 1.58879E+00 
3.25824E-01 4.25232E-02 2.49454E-04 
3.28329E-01 3.92142E-02 2.93789E-04 
3.21981E-01 4.09785E-02 3.49121E-04 
3.25092E-01 3.77566E-02 4.19179E-04 
3.27680E-01 3.46974E-02 5.09441E-04 
3.29715E-01 3.18139E-02 6.27356E-04 
3.31171E-01 2.91137E-02 7.83872E-04 
3.31898E-01 2.71497E-02 9.41326E-04 
3.32036E-01 2.65982E-02 9.95033E-04 
3.32307E-01 2.40905E-02 1.31202E-03 
3.31896E-01 2.17906E-02 1.76861E-03 
3.30819E-01 1.96903E-02 2.44254E-03 
3.29107E-01 1.77773E-02 3.46374E-03 
3.26007E-01 1.65408E-02 5.05381E-03 
3.23436E-01 1.49804E-02 7.60974E-03 
3.20301E-01 1.35541E-02 1.18585E-02 
3.16659E-01 1.22515E-02 1.91711E-02 
3.12589E-01 1.10637E-02 3.22163E-02 
3.08247E-01 9.98468E-03 5.63102E-02 
3.04021E-01 9.01415E-03 1.02080E-01 
3.01054E-01 8.17227E-03 1.89910E-01 
3.02776E-01 7.52638E-03 3.53082E-01 
3.16999E-01 7.21952E-03 6.21893E-01 
3.50247E-01 7.31124E-03 9.64077E-01 
3.89203E-01 7.44300E-03 1.25510E+00 
4.10587E-01 7.18642E-03 1.40441E+00 
3.20554E-01 4.08064E-02 2.35932E-04 
3.22850E-01 3.74388E-02 2.77351E-04 
3.16813E-01 3.81871E-02 3.29012E-04 
3.19432E-01 3.49944E-02 3.94243E-04 
3.21460E-01 3.19901E-02 4.78118E-04 
3.22876E-01 2.91784E-02 5.87515E-04 
3.23666E-01 2.65621E-02 7.32344E-04 
3.23842E-01 2.46728E-02 8.77818E-04 
3.23821E-01 2.41426E-02 9.27305E-04 
3.23289E-01 2.17496E-02 1.21939E-03 
3.22046E-01 1.95741E-02 1.63913E-03 
3.20124E-01 1.76042E-02 2.25705E-03 
3.17563E-01 1.58263E-02 3.19102E-03 
3.13738E-01 1.46170E-02 4.64189E-03 
3.10298E-01 1.31957E-02 6.96837E-03 
3.06324E-01 1.19056E-02 1.08242E-02 
3.01880E-01 1.07348E-02 1.74434E-02 
2.97050E-01 9.67297E-03 2.92168E-02 
2.91989E-01 8.71202E-03 5.08966E-02 
2.87061E-01 7.85145E-03 9.19632E-02 
2.83347E-01 7.10553E-03 1.70516E-01 
2.84039E-01 6.53242E-03 3.15940E-01 
2.96378E-01 6.25370E-03 5.54596E-01 
3.26316E-01 6.31920E-03 8.56812E-01 
3.61351E-01 6.41876E-03 1.11155E+00 
3.79953E-01 6.18533E-03 1.23950E+00 
3.14649E-01 3.93728E-02 2.23503E-04 
3.16700E-01 3.59386E-02 2.62146E-04 
3.11120E-01 3.57685E-02 3.10301E-04 
3.13210E-01 3.26184E-02 3.71005E-04 
3.14696E-01 2.96537E-02 4.48863E-04 
3.15522E-01 2.68956E-02 5.50200E-04 
3.15682E-01 2.43461E-02 6.84093E-04 
3.15345E-01 2.25173E-02 8.18361E-04 
3.15175E-01 2.20051E-02 8.63966E-04 
3.13895E-01 1.97091E-02 1.13280E-03 
3.11884E-01 1.76395E-02 1.51802E-03 
3.09186E-01 1.57825E-02 2.08375E-03 
3.05852E-01 1.41214E-02 2.93675E-03 
3.01374E-01 1.29451E-02 4.25850E-03 
2.97158E-01 1.16450E-02 6.37227E-03 
2.92440E-01 1.04743E-02 9.86630E-03 
2.87290E-01 9.41916E-03 1.58460E-02 
2.81799E-01 8.46768E-03 2.64528E-02 
2.76119E-01 7.61066E-03 4.59270E-02 
2.70596E-01 6.84583E-03 8.27012E-02 
2.66244E-01 6.18418E-03 1.52829E-01 
2.66032E-01 5.67477E-03 2.82155E-01 
2.76668E-01 5.42160E-03 4.93580E-01 
3.03570E-01 5.46618E-03 7.59896E-01 
3.35019E-01 5.54010E-03 9.82360E-01 
3.51119E-01 5.32720E-03 1.09156E+00 
3.08300E-01 3.82507E-02 2.11865E-04 
3.10085E-01 3.47442E-02 2.47912E-04 
3.04948E-01 3.38012E-02 2.92704E-04 
3.06573E-01 3.06331E-02 3.49092E-04 
3.07507E-01 2.76816E-02 4.21260E-04 
3.07744E-01 2.49520E-02 5.14962E-04 
3.07279E-01 2.24464E-02 6.38488E-04 
3.06445E-01 2.06598E-02 7.62092E-04 
3.06123E-01 2.01623E-02 8.04066E-04 
3.04121E-01 1.79408E-02 1.05087E-03 
3.01384E-01 1.59561E-02 1.40373E-03 
2.97958E-01 1.41926E-02 1.92059E-03 
2.93907E-01 1.26311E-02 2.69772E-03 
2.88840E-01 1.14891E-02 3.89909E-03 
2.83928E-01 1.02936E-02 5.81514E-03 
2.78551E-01 9.22677E-03 8.97327E-03 
2.72787E-01 8.27265E-03 1.43624E-02 
2.66728E-01 7.41778E-03 2.38945E-02 
2.60521E-01 6.65214E-03 4.13437E-02 
2.54504E-01 5.97079E-03 7.41873E-02 
2.49614E-01 5.38313E-03 1.36614E-01 
2.48617E-01 4.92983E-03 2.51342E-01 
2.57705E-01 4.69989E-03 4.38117E-01 
2.81805E-01 4.72757E-03 6.72112E-01 
3.09958E-01 4.78055E-03 8.65843E-01 
3.23800E-01 4.58663E-03 9.58653E-01 
3.01309E-01 3.74131E-02 2.00684E-04 
3.02808E-01 3.38076E-02 2.34225E-04 
2.98168E-01 3.22063E-02 2.75829E-04 
2.99327E-01 2.90071E-02 3.28102E-04 
2.99751E-01 2.60468E-02 3.94886E-04 
2.99441E-01 2.33241E-02 4.81386E-04 
2.98400E-01 2.08401E-02 5.95167E-04 
2.97101E-01 1.90805E-02 7.08765E-04 
2.96642E-01 1.85922E-02 7.47280E-04 
2.93979E-01 1.64233E-02 9.73508E-04 
2.90571E-01 1.45047E-02 1.29609E-03 
2.86483E-01 1.28168E-02 1.76726E-03 
2.81790E-01 1.13375E-02 2.47407E-03 
2.76202E-01 1.02295E-02 3.56382E-03 
2.70685E-01 9.12288E-03 5.29700E-03 
2.64744E-01 8.14485E-03 8.14662E-03 
2.58458E-01 7.27803E-03 1.29949E-02 
2.51928E-01 6.50702E-03 2.15447E-02 
2.45295E-01 5.82041E-03 3.71487E-02 
2.38875E-01 5.21246E-03 6.64244E-02 
2.33548E-01 4.68933E-03 1.21886E-01 
2.31876E-01 4.28536E-03 2.23475E-01 
2.39573E-01 4.07638E-03 3.88173E-01 
2.61109E-01 4.09059E-03 5.93404E-01 
2.86245E-01 4.12653E-03 7.61757E-01 
2.98068E-01 3.95014E-03 8.40439E-01 
2.93606E-01 3.68516E-02 1.89663E-04 
2.94786E-01 3.31126E-02 2.20724E-04 
2.90656E-01 3.09258E-02 2.59210E-04 
2.91284E-01 2.76822E-02 3.07480E-04 
2.91193E-01 2.46852E-02 3.69004E-04 
2.90347E-01 2.19445E-02 4.48524E-04 
2.88747E-01 1.94605E-02 5.52855E-04 
2.87011E-01 1.77119E-02 6.56826E-04 
2.86419E-01 1.72290E-02 6.92046E-04 
2.83142E-01 1.50947E-02 8.98501E-04 
2.79125E-01 1.32252E-02 1.19210E-03 
2.74445E-01 1.15978E-02 1.61999E-03 
2.69179E-01 1.01878E-02 2.25981E-03 
2.63140E-01 9.11300E-03 3.24418E-03 
2.57102E-01 8.08335E-03 4.80569E-03 
2.50682E-01 7.18358E-03 7.36447E-03 
2.43966E-01 6.39380E-03 1.17070E-02 
2.37052E-01 5.69734E-03 1.93410E-02 
2.30082E-01 5.08135E-03 3.32296E-02 
2.23347E-01 4.53897E-03 5.92103E-02 
2.17671E-01 4.07368E-03 1.08263E-01 
2.15419E-01 3.71413E-03 1.97794E-01 
2.21842E-01 3.52455E-03 3.42352E-01 
2.40978E-01 3.52794E-03 5.21503E-01 
2.63297E-01 3.54997E-03 6.67072E-01 
2.73281E-01 3.39001E-03 7.33348E-01 
2.85285E-01 3.65595E-02 1.78913E-04 
2.86157E-01 3.26676E-02 2.07620E-04 
2.82456E-01 2.99907E-02 2.43112E-04 
2.82606E-01 2.66551E-02 2.87538E-04 
2.81988E-01 2.35914E-02 3.44016E-04 
2.80603E-01 2.08064E-02 4.16837E-04 
2.78471E-01 1.82999E-02 5.12193E-04 
2.76324E-01 1.65480E-02 6.06999E-04 
2.75617E-01 1.60659E-02 6.39074E-04 
2.71779E-01 1.39481E-02 8.26877E-04 
2.67215E-01 1.21118E-02 1.09327E-03 
2.62008E-01 1.05311E-02 1.48037E-03 
2.56249E-01 9.17750E-03 2.05785E-03 
2.49828E-01 8.13386E-03 2.94401E-03 
2.43357E-01 7.17010E-03 4.34576E-03 
2.36550E-01 6.33792E-03 6.63679E-03 
2.29496E-01 5.61550E-03 1.05131E-02 
2.22291E-01 4.98472E-03 1.73073E-02 
2.15072E-01 4.43137E-03 2.96301E-02 
2.08116E-01 3.94696E-03 5.26116E-02 
2.02181E-01 3.53313E-03 9.58632E-02 
1.99448E-01 3.21326E-03 1.74508E-01 
2.04726E-01 3.04152E-03 3.00985E-01 
2.21647E-01 3.03648E-03 4.56874E-01 
2.41373E-01 3.04744E-03 5.82325E-01 
2.49710E-01 2.90285E-03 6.37914E-01 
2.76172E-01 3.64876E-02 1.68273E-04 
2.76697E-01 3.24178E-02 1.94694E-04 
2.73388E-01 2.93101E-02 2.27297E-04 
2.73089E-01 2.58634E-02 2.68035E-04 
2.72013E-01 2.27141E-02 3.19718E-04 
2.70160E-01 1.98666E-02 3.86197E-04 
2.67545E-01 1.73202E-02 4.72996E-04 
2.65024E-01 1.55525E-02 5.59158E-04 
2.64211E-01 1.50675E-02 5.88264E-04 
2.59864E-01 1.29511E-02 7.58396E-04 
2.54814E-01 1.11349E-02 9.99100E-04 
2.49150E-01 9.58915E-03 1.34798E-03 
2.42969E-01 8.28157E-03 1.86702E-03 
2.36234E-01 7.26741E-03 2.66161E-03 
2.29420E-01 6.36049E-03 3.91518E-03 
2.22316E-01 5.58775E-03 5.95819E-03 
2.15013E-01 4.92526E-03 9.40451E-03 
2.07608E-01 4.35300E-03 1.54279E-02 
2.00228E-01 3.85563E-03 2.63212E-02 
1.93137E-01 3.42319E-03 4.65694E-02 
1.87030E-01 3.05555E-03 8.45535E-02 
1.83909E-01 2.77144E-03 1.53380E-01 
1.88158E-01 2.61634E-03 2.63607E-01 
2.03033E-01 2.60489E-03 3.98723E-01 
2.20368E-01 2.60729E-03 5.06419E-01 
2.27234E-01 2.47710E-03 5.52797E-01 
2.66377E-01 3.66119E-02 1.57832E-04 
2.66536E-01 3.23348E-02 1.82032E-04 
2.63527E-01 2.88465E-02 2.11851E-04 
2.62780E-01 2.52681E-02 2.49058E-04 
2.61258E-01 2.20119E-02 2.96132E-04 
2.58962E-01 1.90847E-02 3.56530E-04 
2.55921E-01 1.64853E-02 4.35250E-04 
2.53079E-01 1.46923E-02 5.13201E-04 
2.52170E-01 1.42030E-02 5.39514E-04 
2.47394E-01 1.20774E-02 6.93009E-04 
2.41939E-01 1.02720E-02 9.09634E-04 
2.35901E-01 8.75294E-03 1.22279E-03 
2.29384E-01 7.48393E-03 1.68743E-03 
2.22411E-01 6.49785E-03 2.39706E-03 
2.15342E-01 5.64082E-03 3.51356E-03 
2.08031E-01 4.92093E-03 5.32806E-03 
2.00570E-01 4.31194E-03 8.38012E-03 
1.93051E-01 3.79223E-03 1.36991E-02 
1.85599E-01 3.34507E-03 2.32900E-02 
1.78454E-01 2.95954E-03 4.10599E-02 
1.72258E-01 2.63353E-03 7.42845E-02 
1.68836E-01 2.38183E-03 1.34285E-01 
1.72172E-01 2.24226E-03 2.29976E-01 
1.85164E-01 2.22618E-03 3.46631E-01 
2.00305E-01 2.22206E-03 4.38711E-01 
2.05866E-01 2.10547E-03 4.77197E-01 
2.55942E-01 3.68958E-02 1.47611E-04 
2.55723E-01 3.23904E-02 1.69678E-04 
2.52907E-01 2.85614E-02 1.96828E-04 
2.51725E-01 2.48268E-02 2.30631E-04 
2.49792E-01 2.14486E-02 2.73319E-04 
2.47107E-01 1.84306E-02 3.27975E-04 
2.43688E-01 1.57673E-02 3.99025E-04 
2.40561E-01 1.39423E-02 4.69220E-04 
2.39572E-01 1.34462E-02 4.92885E-04 
2.34428E-01 1.13036E-02 6.30769E-04 
2.28637E-01 9.50238E-03 8.24820E-04 
2.22301E-01 8.00430E-03 1.10459E-03 
2.15526E-01 6.76847E-03 1.51866E-03 
2.08387E-01 5.80962E-03 2.14951E-03 
2.01150E-01 4.99724E-03 3.13935E-03 
1.93719E-01 4.32500E-03 4.74386E-03 
1.86184E-01 3.76460E-03 7.43487E-03 
1.78637E-01 3.29260E-03 1.21107E-02 
1.71193E-01 2.89106E-03 2.05153E-02 
1.64075E-01 2.54803E-03 3.60423E-02 
1.57867E-01 2.25976E-03 6.49776E-02 
1.54228E-01 2.03758E-03 1.17046E-01 
1.56757E-01 1.91258E-03 1.99750E-01 
1.68022E-01 1.89337E-03 3.00016E-01 
1.81153E-01 1.88449E-03 3.78373E-01 
1.85566E-01 1.78075E-03 4.10119E-01 
2.44969E-01 3.73010E-02 1.37668E-04 
2.44366E-01 3.25493E-02 1.57699E-04 
2.41650E-01 2.84075E-02 1.82304E-04 
2.40076E-01 2.45051E-02 2.12890E-04 
2.37741E-01 2.09916E-02 2.51401E-04 
2.34681E-01 1.78721E-02 3.00602E-04 
2.30924E-01 1.51388E-02 3.64418E-04 
2.27554E-01 1.32783E-02 4.27353E-04 
2.26499E-01 1.27745E-02 4.48545E-04 
2.21050E-01 1.06110E-02 5.71781E-04 
2.14996E-01 8.81072E-03 7.44802E-04 
2.08436E-01 7.33020E-03 9.93623E-04 
2.01482E-01 6.12427E-03 1.36084E-03 
1.94250E-01 5.19243E-03 1.91909E-03 
1.86931E-01 4.42093E-03 2.79280E-03 
1.79465E-01 3.79246E-03 4.20468E-03 
1.71940E-01 3.27644E-03 6.56661E-03 
1.64445E-01 2.84801E-03 1.06583E-02 
1.57087E-01 2.48808E-03 1.79909E-02 
1.50070E-01 2.18363E-03 3.14961E-02 
1.43924E-01 1.92962E-03 5.65838E-02 
1.40147E-01 1.73431E-03 1.01563E-01 
1.41973E-01 1.62298E-03 1.72719E-01 
1.51663E-01 1.60191E-03 2.58507E-01 
1.62965E-01 1.58977E-03 3.24874E-01 
1.66379E-01 1.49811E-03 3.50894E-01 
2.33569E-01 3.77900E-02 1.28052E-04 
2.32583E-01 3.27786E-02 1.46151E-04 
2.29884E-01 2.83455E-02 1.68337E-04 
2.27921E-01 2.42650E-02 1.95877E-04 
2.25238E-01 2.06116E-02 2.30472E-04 
2.21836E-01 1.73861E-02 2.74541E-04 
2.17764E-01 1.45788E-02 3.31563E-04 
2.14186E-01 1.26812E-02 3.87690E-04 
2.13074E-01 1.21696E-02 4.06572E-04 
2.07383E-01 9.98421E-03 5.16198E-04 
2.01125E-01 8.18368E-03 6.69690E-04 
1.94410E-01 6.71963E-03 8.89859E-04 
1.87356E-01 5.54199E-03 1.21399E-03 
1.80101E-01 4.63745E-03 1.70559E-03 
1.72778E-01 3.90424E-03 2.47294E-03 
1.65356E-01 3.31637E-03 3.70972E-03 
1.57919E-01 2.84133E-03 5.77250E-03 
1.50550E-01 2.45289E-03 9.33599E-03 
1.43349E-01 2.13096E-03 1.57037E-02 
1.36500E-01 1.86163E-03 2.73938E-02 
1.30483E-01 1.63876E-03 4.90393E-02 
1.26640E-01 1.46789E-03 8.77138E-02 
1.27862E-01 1.36935E-03 1.48642E-01 
1.36127E-01 1.34747E-03 2.21689E-01 
1.45776E-01 1.33335E-03 2.77628E-01 
1.48330E-01 1.25294E-03 2.98807E-01 
2.21843E-01 3.83257E-02 1.18789E-04 
2.20492E-01 3.30475E-02 1.35072E-04 
2.17733E-01 2.83415E-02 1.54980E-04 
2.15397E-01 2.40762E-02 1.79643E-04 
2.12390E-01 2.02805E-02 2.10564E-04 
2.08695E-01 1.69493E-02 2.49850E-04 
2.04350E-01 1.40688E-02 3.00532E-04 
2.00585E-01 1.21346E-02 3.50316E-04 
1.99424E-01 1.16152E-02 3.67044E-04 
1.93538E-01 9.40935E-03 4.64034E-04 
1.87140E-01 7.60999E-03 5.99495E-04 
1.80340E-01 6.16313E-03 7.93301E-04 
1.73252E-01 5.01357E-03 1.07792E-03 
1.66039E-01 4.13711E-03 1.50858E-03 
1.58785E-01 3.44033E-03 2.17904E-03 
1.51478E-01 2.89066E-03 3.25684E-03 
1.44198E-01 2.45386E-03 5.04922E-03 
1.37022E-01 2.10232E-03 8.13688E-03 
1.30042E-01 1.81516E-03 1.36381E-02 
1.23423E-01 1.57786E-03 2.37057E-02 
1.17593E-01 1.38323E-03 4.22864E-02 
1.13751E-01 1.23458E-03 7.53698E-02 
1.14463E-01 1.14795E-03 1.27273E-01 
1.21447E-01 1.12610E-03 1.89151E-01 
1.29611E-01 1.11103E-03 2.36048E-01 
1.31436E-01 1.04106E-03 2.53156E-01 
2.09973E-01 3.88809E-02 1.09952E-04 
2.08242E-01 3.33271E-02 1.24520E-04 
2.05365E-01 2.83632E-02 1.42297E-04 
2.02683E-01 2.39136E-02 1.64272E-04 
1.99358E-01 1.99754E-02 1.91749E-04 
1.95402E-01 1.65421E-02 2.26587E-04 
1.90829E-01 1.35930E-02 2.71419E-04 
1.86914E-01 1.16256E-02 3.15348E-04 
1.85714E-01 1.10995E-02 3.30092E-04 
1.79678E-01 8.87678E-03 4.15440E-04 
1.73192E-01 7.08168E-03 5.34348E-04 
1.66363E-01 5.65396E-03 7.04063E-04 
1.59306E-01 4.53335E-03 9.52643E-04 
1.52194E-01 3.68609E-03 1.32798E-03 
1.45073E-01 3.02464E-03 1.91083E-03 
1.37945E-01 2.51131E-03 2.84507E-03 
1.30884E-01 2.11019E-03 4.39475E-03 
1.23962E-01 1.79275E-03 7.05636E-03 
1.17259E-01 1.53740E-03 1.17839E-02 
1.10922E-01 1.32919E-03 2.04105E-02 
1.05331E-01 1.16006E-03 3.62793E-02 
1.01549E-01 1.03152E-03 6.44338E-02 
1.01838E-01 9.55914E-04 1.08423E-01 
1.07681E-01 9.34767E-04 1.60568E-01 
1.14525E-01 9.19503E-04 1.99670E-01 
1.15742E-01 8.59172E-04 2.13384E-01 
1.98044E-01 3.94292E-02 1.01535E-04 
1.95947E-01 3.35982E-02 1.14504E-04 
1.92902E-01 2.83871E-02 1.30288E-04 
1.89877E-01 2.37538E-02 1.49749E-04 
1.86258E-01 1.96778E-02 1.74025E-04 
1.82058E-01 1.61475E-02 2.04734E-04 
1.77292E-01 1.31365E-02 2.44151E-04 
1.73259E-01 1.11409E-02 2.82687E-04 
1.72030E-01 1.06095E-02 2.95606E-04 
1.65895E-01 8.37615E-03 3.70274E-04 
1.59368E-01 6.58985E-03 4.74032E-04 
1.52559E-01 5.18436E-03 6.21740E-04 
1.45585E-01 4.09439E-03 8.37555E-04 
1.38626E-01 3.27788E-03 1.16273E-03 
1.31698E-01 2.65133E-03 1.66639E-03 
1.24807E-01 2.17290E-03 2.47159E-03 
1.18022E-01 1.80542E-03 3.80341E-03 
1.11405E-01 1.51963E-03 6.08429E-03 
1.05027E-01 1.29349E-03 1.01235E-02 
9.90175E-02 1.11168E-03 1.74716E-02 
9.37099E-02 9.65605E-04 3.09449E-02 
9.00390E-02 8.55211E-04 5.47626E-02 
8.99863E-02 7.89765E-04 9.18221E-02 
9.48199E-02 7.69812E-04 1.35501E-01 
1.00496E-01 7.54973E-04 1.67899E-01 
1.01214E-01 7.03462E-04 1.78793E-01 
1.86286E-01 3.99387E-02 9.36362E-05 
1.83853E-01 3.38370E-02 1.05140E-04 
1.80613E-01 2.83928E-02 1.19093E-04 
1.77270E-01 2.35833E-02 1.36253E-04 
1.73365E-01 1.93761E-02 1.57587E-04 
1.68941E-01 1.57573E-02 1.84518E-04 
1.64009E-01 1.26930E-02 2.19002E-04 
1.59882E-01 1.06757E-02 2.52641E-04 
1.58632E-01 1.01407E-02 2.63909E-04 
1.52441E-01 7.90447E-03 3.28917E-04 
1.45922E-01 6.13295E-03 4.19024E-04 
1.39187E-01 4.75377E-03 5.46983E-04 
1.32346E-01 3.69659E-03 7.33483E-04 
1.25583E-01 2.91217E-03 1.01388E-03 
1.18893E-01 2.31991E-03 1.44710E-03 
1.12285E-01 1.87487E-03 2.13787E-03 
1.05818E-01 1.53891E-03 3.27727E-03 
9.95463E-02 1.28220E-03 5.22314E-03 
9.35300E-02 1.08252E-03 8.65930E-03 
8.78805E-02 9.24393E-04 1.48902E-02 
8.28888E-02 7.98852E-04 2.62780E-02 
7.93712E-02 7.04570E-04 4.63394E-02 
7.90527E-02 6.48324E-04 7.74224E-02 
8.30098E-02 6.29900E-04 1.13846E-01 
8.76736E-02 6.15926E-04 1.40567E-01 
8.79945E-02 5.72337E-04 1.49155E-01 
1.74607E-01 4.03999E-02 8.61328E-05 
1.71855E-01 3.40306E-02 9.62750E-05 
1.68393E-01 2.83618E-02 1.08522E-04 
1.64763E-01 2.33846E-02 1.23552E-04 
1.60596E-01 1.90553E-02 1.42168E-04 
1.55952E-01 1.53556E-02 1.65593E-04 
1.50871E-01 1.22467E-02 1.95527E-04 
1.46671E-01 1.02147E-02 2.24661E-04 
1.45407E-01 9.67812E-03 2.34409E-04 
1.39182E-01 7.44685E-03 2.90550E-04 
1.32708E-01 5.69707E-03 3.68188E-04 
1.26093E-01 4.34949E-03 4.78188E-04 
1.19437E-01 3.32854E-03 6.38135E-04 
1.12922E-01 2.57854E-03 8.78124E-04 
1.06518E-01 2.02100E-03 1.24799E-03 
1.00237E-01 1.60866E-03 1.83615E-03 
9.41302E-02 1.30275E-03 2.80360E-03 
8.82408E-02 1.07324E-03 4.45115E-03 
8.26193E-02 8.97884E-04 7.35164E-03 
7.73602E-02 7.61290E-04 1.25953E-02 
7.27137E-02 6.54242E-04 2.21472E-02 
6.93864E-02 5.74462E-04 3.89133E-02 
6.88661E-02 5.26624E-04 6.47807E-02 
7.20574E-02 5.09969E-04 9.49137E-02 
7.58358E-02 4.97176E-04 1.16767E-01 
7.58452E-02 4.60766E-04 1.23454E-01 
1.63208E-01 4.07917E-02 7.91019E-05 
1.60145E-01 3.41606E-02 8.79884E-05 
1.56482E-01 2.82849E-02 9.86896E-05 
1.52558E-01 2.31462E-02 1.11753E-04 
1.48155E-01 1.87066E-02 1.27890E-04 
1.43325E-01 1.49388E-02 1.48135E-04 
1.38119E-01 1.17965E-02 1.73937E-04 
1.33872E-01 9.75805E-03 1.99011E-04 
1.32599E-01 9.22180E-03 2.07383E-04 
1.26372E-01 7.00473E-03 2.55531E-04 
1.19976E-01 5.28367E-03 3.21961E-04 
1.13514E-01 3.97255E-03 4.15873E-04 
1.07080E-01 2.99082E-03 5.52130E-04 
1.00845E-01 2.27705E-03 7.56163E-04 
9.47641E-02 1.75436E-03 1.06985E-03 
8.88443E-02 1.37382E-03 1.56741E-03 
8.31269E-02 1.09638E-03 2.38357E-03 
7.76463E-02 8.92047E-04 3.76946E-03 
7.24421E-02 7.38831E-04 6.20195E-03 
6.75919E-02 6.21522E-04 1.05861E-02 
6.33090E-02 5.30896E-04 1.85457E-02 
6.01997E-02 4.63950E-04 3.24656E-02 
5.95365E-02 4.23663E-04 5.38498E-02 
6.20723E-02 4.08899E-04 7.86109E-02 
6.50925E-02 3.97487E-04 9.63575E-02 
6.48682E-02 3.67459E-04 1.01504E-01 
1.52183E-01 4.11069E-02 7.25468E-05 
1.48809E-01 3.42175E-02 8.02753E-05 
1.44931E-01 2.81469E-02 8.95582E-05 
1.40769E-01 2.28640E-02 1.00853E-04 
1.36144E-01 1.83256E-02 1.14735E-04 
1.31142E-01 1.45009E-02 1.32092E-04 
1.25828E-01 1.13366E-02 1.54158E-04 
1.21552E-01 9.30005E-03 1.75567E-04 
1.20279E-01 8.76679E-03 1.82711E-04 
1.14099E-01 6.57460E-03 2.23720E-04 
1.07813E-01 4.88957E-03 2.80147E-04 
1.01530E-01 3.61983E-03 3.59729E-04 
9.53439E-02 2.68027E-03 4.74940E-04 
8.94147E-02 2.00445E-03 6.47158E-04 
8.36842E-02 1.51677E-03 9.11316E-04 
7.81508E-02 1.16722E-03 1.32923E-03 
7.28450E-02 9.16745E-04 2.01294E-03 
6.77909E-02 7.35699E-04 3.17054E-03 
6.30174E-02 6.02548E-04 5.19639E-03 
5.85873E-02 5.02480E-04 8.83575E-03 
5.46792E-02 4.26372E-04 1.54212E-02 
5.18080E-02 3.70712E-04 2.68961E-02 
5.10530E-02 3.37159E-04 4.44467E-02 
5.30341E-02 3.24329E-04 6.46445E-02 
5.54121E-02 3.14411E-04 7.89462E-02 
5.50209E-02 2.90005E-04 8.28546E-02 
1.41584E-01 4.13367E-02 6.64542E-05 
1.37915E-01 3.41971E-02 7.31257E-05 
1.33825E-01 2.79433E-02 8.11169E-05 
1.29440E-01 2.25292E-02 9.08051E-05 
1.24616E-01 1.79049E-02 1.02647E-04 
1.19470E-01 1.40374E-02 1.17405E-04 
1.14078E-01 1.08646E-02 1.36123E-04 
1.09780E-01 8.83781E-03 1.54235E-04 
1.08507E-01 8.30953E-03 1.60272E-04 
1.02381E-01 6.15097E-03 1.94878E-04 
9.62464E-02 4.51049E-03 2.42428E-04 
9.01944E-02 3.28835E-03 3.09381E-04 
8.42950E-02 2.39441E-03 4.06087E-04 
7.86962E-02 1.75816E-03 5.50359E-04 
7.33324E-02 1.30553E-03 7.71120E-04 
6.81990E-02 9.86072E-04 1.11945E-03 
6.33155E-02 7.61063E-04 1.68780E-03 
5.86957E-02 6.01504E-04 2.64734E-03 
5.43580E-02 4.86499E-04 4.32148E-03 
5.03505E-02 4.01758E-04 7.31954E-03 
4.68205E-02 3.38407E-04 1.27261E-02 
4.42006E-02 2.92621E-04 2.21117E-02 
4.33971E-02 2.65026E-04 3.64030E-02 
4.49146E-02 2.54109E-04 5.27469E-02 
4.67548E-02 2.45726E-04 6.41750E-02 
4.62534E-02 2.26232E-04 6.70986E-02 
1.31458E-01 4.14765E-02 6.08106E-05 
1.27521E-01 3.40979E-02 6.65262E-05 
1.23212E-01 2.76707E-02 7.33408E-05 
1.18629E-01 2.21394E-02 8.15801E-05 
1.13648E-01 1.74463E-02 9.16017E-05 
1.08386E-01 1.35504E-02 1.04040E-04 
1.02931E-01 1.03800E-02 1.19762E-04 
9.86302E-02 8.37115E-03 1.34942E-04 
9.73676E-02 7.85040E-03 1.40000E-04 
9.13437E-02 5.73644E-03 1.68972E-04 
8.53786E-02 4.14708E-03 2.08690E-04 
7.95585E-02 2.97625E-03 2.64482E-04 
7.39579E-02 2.13041E-03 3.44928E-04 
6.87076E-02 1.53521E-03 4.64770E-04 
6.37291E-02 1.11780E-03 6.47747E-04 
5.90089E-02 8.27634E-04 9.35741E-04 
5.45556E-02 6.26734E-04 1.40433E-03 
5.03735E-02 4.86989E-04 2.19322E-03 
4.64712E-02 3.88354E-04 3.56543E-03 
4.28826E-02 3.17178E-04 6.01494E-03 
3.97277E-02 2.64978E-04 1.04172E-02 
3.73657E-02 2.27767E-04 1.80298E-02 
3.65498E-02 2.05402E-04 2.95692E-02 
3.76854E-02 1.96330E-04 4.26811E-02 
3.90812E-02 1.89460E-04 5.17297E-02 
3.85166E-02 1.74226E-04 5.38791E-02 
1.21834E-01 4.15223E-02 5.55968E-05 
1.17652E-01 3.39159E-02 6.04486E-05 
1.13137E-01 2.73268E-02 6.62009E-05 
1.08368E-01 2.16914E-02 7.31313E-05 
1.03264E-01 1.69466E-02 8.15328E-05 
9.79047E-02 1.30346E-02 9.18966E-05 
9.24164E-02 9.88018E-03 1.04961E-04 
8.81414E-02 7.89926E-03 1.17562E-04 
8.68919E-02 7.38816E-03 1.21754E-04 
8.09866E-02 5.32753E-03 1.45753E-04 
7.52150E-02 3.79623E-03 1.78597E-04 
6.96561E-02 2.68178E-03 2.24658E-04 
6.43728E-02 1.88660E-03 2.90955E-04 
5.94824E-02 1.33355E-03 3.89593E-04 
5.48976E-02 9.51231E-04 5.39882E-04 
5.05948E-02 6.89469E-04 7.75865E-04 
4.65719E-02 5.11327E-04 1.15881E-03 
4.28234E-02 3.89807E-04 1.80164E-03 
3.93482E-02 3.05868E-04 2.91639E-03 
3.61692E-02 2.46669E-04 4.89973E-03 
3.33805E-02 2.04161E-04 8.45161E-03 
3.12770E-02 1.74353E-04 1.45703E-02 
3.04777E-02 1.56546E-04 2.38017E-02 
3.13037E-02 1.49219E-04 3.42217E-02 
3.23376E-02 1.43807E-04 4.13146E-02 
3.17476E-02 1.32235E-04 4.28627E-02 
1.12706E-01 4.14659E-02 5.07824E-05 
1.08316E-01 3.36482E-02 5.48620E-05 
1.03627E-01 2.69145E-02 5.96682E-05 
9.86964E-02 2.11889E-02 6.54294E-05 
9.34922E-02 1.64067E-02 7.23873E-05 
8.80706E-02 1.24940E-02 8.09215E-05 
8.25745E-02 9.36776E-03 9.16470E-05 
7.83408E-02 7.42253E-03 1.01976E-04 
7.71115E-02 6.92341E-03 1.05411E-04 
7.13445E-02 4.92469E-03 1.25055E-04 
6.57827E-02 3.45756E-03 1.51905E-04 
6.05056E-02 2.40360E-03 1.89531E-04 
5.55608E-02 1.66144E-03 2.43630E-04 
5.10407E-02 1.15133E-03 3.24028E-04 
4.68510E-02 8.03752E-04 4.46268E-04 
4.29628E-02 5.69398E-04 6.37747E-04 
3.93629E-02 4.12638E-04 9.47662E-04 
3.60367E-02 3.07816E-04 1.46640E-03 
3.29750E-02 2.37043E-04 2.36315E-03 
3.01896E-02 1.88344E-04 3.95335E-03 
2.77529E-02 1.54216E-04 6.79098E-03 
2.59032E-02 1.30758E-04 1.16597E-02 
2.51428E-02 1.16895E-04 1.89702E-02 
2.57223E-02 1.11193E-04 2.71653E-02 
2.64662E-02 1.07157E-04 3.26638E-02 
2.58803E-02 9.87069E-05 3.37514E-02 
1.04104E-01 4.13131E-02 4.63547E-05 
9.95424E-02 3.33011E-02 4.97475E-05 
9.46968E-02 2.64360E-02 5.37077E-05 
8.96318E-02 2.06347E-02 5.84296E-05 
8.43412E-02 1.58277E-02 6.41033E-05 
7.88999E-02 1.19305E-02 7.10410E-05 
7.34283E-02 8.84491E-03 7.97239E-05 
6.92497E-02 6.94266E-03 8.80702E-05 
6.80436E-02 6.45736E-03 9.08436E-05 
6.24410E-02 4.52886E-03 1.06716E-04 
5.71199E-02 3.13202E-03 1.28412E-04 
5.21415E-02 2.14187E-03 1.58801E-04 
4.75350E-02 1.45382E-03 2.02430E-04 
4.33803E-02 9.86770E-04 2.67211E-04 
3.95832E-02 6.73362E-04 3.65560E-04 
3.61019E-02 4.65323E-04 5.19273E-04 
3.29133E-02 3.28597E-04 7.67415E-04 
2.99940E-02 2.39030E-04 1.18157E-03 
2.73276E-02 1.80008E-04 1.89528E-03 
2.49154E-02 1.40480E-04 3.15655E-03 
2.28123E-02 1.13559E-04 5.39902E-03 
2.12071E-02 9.55141E-05 9.23063E-03 
2.05022E-02 8.50426E-05 1.49555E-02 
2.08893E-02 8.08346E-05 2.13272E-02 
2.14050E-02 7.80795E-05 2.55375E-02 
2.08453E-02 7.22708E-05 2.62781E-02 
9.60168E-02 4.10674E-02 4.22843E-05 
9.12932E-02 3.28697E-02 4.50565E-05 
8.63314E-02 2.58929E-02 4.82714E-05 
8.11589E-02 2.00304E-02 5.20735E-05 
7.58163E-02 1.52144E-02 5.66212E-05 
7.03730E-02 1.13448E-02 6.21547E-05 
6.49557E-02 8.31204E-03 6.90624E-05 
6.08584E-02 6.46087E-03 7.56971E-05 
5.96827E-02 5.99144E-03 7.79018E-05 
5.42603E-02 4.14004E-03 9.05128E-05 
4.91968E-02 2.81840E-03 1.07787E-04 
4.45251E-02 1.89464E-03 1.31980E-04 
4.02680E-02 1.26199E-03 1.66709E-04 
3.64828E-02 8.38129E-04 2.18261E-04 
3.30709E-02 5.58127E-04 2.96398E-04 
2.99843E-02 3.75230E-04 4.18275E-04 
2.71907E-02 2.57205E-04 6.14535E-04 
2.46587E-02 1.81542E-04 9.41149E-04 
2.23651E-02 1.32972E-04 1.50221E-03 
2.03034E-02 1.01446E-04 2.49019E-03 
1.85123E-02 8.07023E-05 4.24009E-03 
1.71391E-02 6.72566E-05 7.21734E-03 
1.65008E-02 5.96904E-05 1.16426E-02 
1.67409E-02 5.68455E-05 1.65308E-02 
1.70803E-02 5.52684E-05 1.97082E-02 
1.65626E-02 5.16869E-05 2.01924E-02 
8.84953E-02 4.07294E-02 3.85771E-05 
8.36356E-02 3.23623E-02 4.08012E-05 
7.85885E-02 2.52920E-02 4.33644E-05 
7.33427E-02 1.93858E-02 4.63664E-05 
6.79654E-02 1.45728E-02 4.99299E-05 
6.25571E-02 1.07459E-02 5.42601E-05 
5.72183E-02 7.77618E-03 5.96462E-05 
5.32206E-02 5.98267E-03 6.48215E-05 
5.20811E-02 5.53086E-03 6.65434E-05 
4.68674E-02 3.76332E-03 7.64040E-05 
4.20669E-02 2.51975E-03 8.99377E-05 
3.77084E-02 1.66385E-03 1.08928E-04 
3.38014E-02 1.08668E-03 1.36216E-04 
3.03791E-02 7.05194E-04 1.76740E-04 
2.73422E-02 4.57362E-04 2.38107E-04 
2.46335E-02 2.98157E-04 3.33648E-04 
2.22119E-02 1.97334E-04 4.87122E-04 
2.00401E-02 1.34166E-04 7.41776E-04 
1.80904E-02 9.47787E-05 1.17780E-03 
1.63497E-02 7.01353E-05 1.94280E-03 
1.48438E-02 5.46179E-05 3.29241E-03 
1.36848E-02 4.50269E-05 5.57844E-03 
1.31188E-02 3.99174E-05 8.95783E-03 
1.32508E-02 3.82976E-05 1.26613E-02 
1.34582E-02 3.77888E-05 1.50265E-02 
1.29919E-02 3.60567E-05 1.53267E-02 
8.14261E-02 4.02991E-02 3.51607E-05 
7.64617E-02 3.17785E-02 3.68990E-05 
7.13453E-02 2.46281E-02 3.88815E-05 
6.60667E-02 1.86973E-02 4.11869E-05 
6.06878E-02 1.39026E-02 4.38945E-05 
5.53347E-02 1.01295E-02 4.71772E-05 
5.01098E-02 7.23510E-03 5.12623E-05 
4.62261E-02 5.50523E-03 5.51850E-05 
4.51260E-02 5.07248E-03 5.64931E-05 
4.01481E-02 3.39535E-03 6.40254E-05 
3.56281E-02 2.23340E-03 7.44021E-05 
3.15868E-02 1.44658E-03 8.90046E-05 
2.80284E-02 9.24884E-04 1.10047E-04 
2.49678E-02 5.85208E-04 1.41379E-04 
2.22945E-02 3.68420E-04 1.88793E-04 
1.99452E-02 2.31577E-04 2.62478E-04 
1.78730E-02 1.46664E-04 3.80551E-04 
1.60365E-02 9.48051E-05 5.75886E-04 
1.44035E-02 6.35509E-05 9.09179E-04 
1.29571E-02 4.48861E-05 1.49178E-03 
1.17112E-02 3.38308E-05 2.51526E-03 
1.07494E-02 2.75019E-05 4.24064E-03 
1.02583E-02 2.44917E-05 6.77640E-03 
1.03122E-02 2.39839E-05 9.53149E-03 
1.04226E-02 2.44548E-05 1.12576E-02 
1.00127E-02 2.42705E-05 1.14274E-02 
7.48454E-02 3.97817E-02 3.20386E-05 
6.98137E-02 3.11287E-02 3.33541E-05 
6.46513E-02 2.39138E-02 3.48286E-05 
5.93691E-02 1.79746E-02 3.65313E-05 
5.40205E-02 1.32132E-02 3.85057E-05 
4.87485E-02 9.50564E-03 4.08952E-05 
4.36629E-02 6.69612E-03 4.38814E-05 
3.99188E-02 5.03616E-03 4.67615E-05 
3.88648E-02 4.62392E-03 4.77258E-05 
3.41305E-02 3.04060E-03 5.33051E-05 
2.99036E-02 1.96234E-03 6.10677E-05 
2.61926E-02 1.24514E-03 7.20758E-05 
2.29800E-02 7.77886E-04 8.80025E-05 
2.02612E-02 4.78223E-04 1.11782E-04 
1.79301E-02 2.90747E-04 1.47780E-04 
1.59157E-02 1.74668E-04 2.03656E-04 
1.41658E-02 1.04252E-04 2.92992E-04 
1.26350E-02 6.24943E-05 4.40346E-04 
1.12882E-02 3.83590E-05 6.90851E-04 
1.01053E-02 2.48268E-05 1.12703E-03 
9.09120E-03 1.75430E-05 1.88979E-03 
8.30625E-03 1.39480E-05 3.16906E-03 
7.88876E-03 1.27175E-05 5.03730E-03 
7.88902E-03 1.32121E-05 7.04809E-03 
7.93046E-03 1.45717E-05 8.28113E-03 
7.57801E-03 1.56734E-05 8.36270E-03 
6.87159E-02 3.91728E-02 2.91815E-05 
6.36504E-02 3.04115E-02 3.01297E-05 
5.84773E-02 2.31527E-02 3.11669E-05 
5.32164E-02 1.72211E-02 3.23498E-05 
4.79321E-02 1.25088E-02 3.37028E-05 
4.27670E-02 8.87814E-03 3.53374E-05 
3.78437E-02 6.16222E-03 3.74041E-05 
3.42567E-02 4.57729E-03 3.94195E-05 
3.32533E-02 4.18669E-03 4.00997E-05 
2.87823E-02 2.70092E-03 4.40751E-05 
2.48578E-02 1.70739E-03 4.96994E-05 
2.14750E-02 1.05906E-03 5.77754E-05 
1.86001E-02 6.44699E-04 6.95483E-05 
1.62104E-02 3.83174E-04 8.72198E-05 
1.42016E-02 2.23160E-04 1.14011E-04 
1.24972E-02 1.26189E-04 1.55565E-04 
1.10409E-02 6.88664E-05 2.21866E-04 
9.78481E-03 3.60656E-05 3.30884E-04 
8.69282E-03 1.81337E-05 5.15533E-04 
7.74174E-03 8.99252E-06 8.35557E-04 
6.93110E-03 4.89325E-06 1.39247E-03 
6.30190E-03 3.58894E-06 2.32120E-03 
5.95390E-03 3.87104E-06 3.66793E-03 
5.91915E-03 5.27269E-06 5.10212E-03 
5.91342E-03 7.44176E-06 5.96013E-03 
5.61639E-03 9.61219E-06 5.98481E-03 
6.30120E-02 3.84722E-02 2.65669E-05 
5.79489E-02 2.96307E-02 2.72001E-05 
5.27945E-02 2.23487E-02 2.78616E-05 
4.75829E-02 1.64420E-02 2.86015E-05 
4.23940E-02 1.17944E-02 2.94328E-05 
3.73634E-02 8.25213E-03 3.04387E-05 
3.26224E-02 5.63740E-03 3.17442E-05 
2.92090E-02 4.13197E-03 3.30539E-05 
2.82592E-02 3.76379E-03 3.35018E-05 
2.40688E-02 2.37828E-03 3.61800E-05 
2.04523E-02 1.46953E-03 4.00813E-05 
1.73952E-02 8.88587E-04 4.58063E-05 
1.48475E-02 5.24937E-04 5.42601E-05 
1.27706E-02 2.99310E-04 6.70655E-05 
1.10610E-02 1.64685E-04 8.65352E-05 
9.63932E-03 8.50653E-05 1.16734E-04 
8.44634E-03 3.94395E-05 1.64824E-04 
7.43341E-03 1.45151E-05 2.43636E-04 
6.56414E-03 1.95481E-06 3.76571E-04 
5.81412E-03 -3.43474E-06 6.05793E-04 
5.17866E-03 -4.84601E-06 1.00246E-03 
4.68395E-03 -4.22585E-06 1.65962E-03 
4.39928E-03 -2.65115E-06 2.60476E-03 
4.34317E-03 -4.23330E-07 3.59883E-03 
4.30652E-03 2.48741E-06 4.17623E-03 
4.06053E-03 5.54875E-06 4.16665E-03 
5.77054E-02 3.76795E-02 2.41730E-05 
5.26709E-02 2.87838E-02 2.45347E-05 
4.75712E-02 2.15049E-02 2.48791E-05 
4.24365E-02 1.56413E-02 2.52453E-05 
3.73714E-02 1.10740E-02 2.56430E-05 
3.25024E-02 7.63174E-03 2.61331E-05 
2.79655E-02 5.12567E-03 2.68203E-05 
2.47383E-02 3.70314E-03 2.75617E-05 
2.38464E-02 3.35817E-03 2.78243E-05 
1.99480E-02 2.07430E-03 2.94694E-05 
1.66435E-02 1.24955E-03 3.20083E-05 
1.39062E-02 7.33790E-04 3.58802E-05 
1.16752E-02 4.18289E-04 4.17359E-05 
9.89098E-03 2.25895E-04 5.07261E-05 
8.45604E-03 1.14403E-04 6.44683E-05 
7.28827E-03 5.03299E-05 8.58025E-05 
6.32772E-03 1.50337E-05 1.19714E-04 
5.52626E-03 -3.02451E-06 1.75087E-04 
4.84816E-03 -1.09573E-05 2.68025E-04 
4.26930E-03 -1.31456E-05 4.27339E-04 
3.78177E-03 -1.22830E-05 7.01160E-04 
3.40072E-03 -1.00376E-05 1.15118E-03 
3.17182E-03 -7.34873E-06 1.79189E-03 
3.10379E-03 -4.36149E-06 2.45545E-03 
3.04777E-03 -7.65961E-07 2.82659E-03 
2.84698E-03 3.04239E-06 2.79868E-03 
5.27611E-02 3.67871E-02 2.19775E-05 
4.77837E-02 2.78680E-02 2.21076E-05 
4.27749E-02 2.06225E-02 2.21888E-05 
3.77488E-02 1.48237E-02 2.22457E-05 
3.28314E-02 1.03516E-02 2.22867E-05 
2.81504E-02 7.02115E-03 2.23618E-05 
2.38363E-02 4.63036E-03 2.25554E-05 
2.08067E-02 3.29356E-03 2.28489E-05 
1.99760E-02 2.97241E-03 2.29673E-05 
1.63791E-02 1.79075E-03 2.38091E-05 
1.33874E-02 1.04825E-03 2.52951E-05 
1.09619E-02 5.94811E-04 2.77394E-05 
9.02935E-03 3.24203E-04 3.15914E-05 
7.51640E-03 1.62156E-04 3.76463E-05 
6.33087E-03 7.14660E-05 4.69916E-05 
5.38865E-03 2.11409E-05 6.15347E-05 
4.63031E-03 -5.14630E-06 8.46071E-05 
4.00949E-03 -1.72773E-05 1.22113E-04 
3.49217E-03 -2.12453E-05 1.84653E-04 
3.05593E-03 -2.07042E-05 2.91083E-04 
2.69050E-03 -1.79112E-05 4.72370E-04 
2.40318E-03 -1.42836E-05 7.67188E-04 
2.22162E-03 -1.06241E-05 1.18129E-03 
2.14772E-03 -6.93225E-06 1.60125E-03 
2.08011E-03 -2.69973E-06 1.82397E-03 
1.91780E-03 1.73880E-06 1.78846E-03 
4.81194E-02 3.57746E-02 1.99485E-05 
4.32382E-02 2.68755E-02 1.98868E-05 
3.83518E-02 1.96958E-02 1.97505E-05 
3.34676E-02 1.39871E-02 1.95557E-05 
2.87258E-02 9.62822E-03 1.93100E-05 
2.42577E-02 6.42178E-03 1.90576E-05 
2.01853E-02 4.15310E-03 1.88665E-05 
1.73632E-02 2.90447E-03 1.88155E-05 
1.65957E-02 2.60747E-03 1.88233E-05 
1.33071E-02 1.52795E-03 1.90553E-05 
1.06275E-02 8.65549E-04 1.97488E-05 
8.50316E-03 4.71119E-04 2.11180E-05 
6.85253E-03 2.42022E-04 2.34643E-05 
5.58925E-03 1.07309E-04 2.73111E-05 
4.62602E-03 3.50227E-05 3.33386E-05 
3.88018E-03 -3.31854E-06 4.27604E-05 
3.29444E-03 -2.18332E-05 5.76782E-05 
2.82514E-03 -2.88815E-05 8.17785E-05 
2.44059E-03 -2.94577E-05 1.21591E-04 
2.12068E-03 -2.65827E-05 1.88643E-04 
1.85392E-03 -2.21374E-05 3.01351E-04 
1.64202E-03 -1.73206E-05 4.81774E-04 
1.49925E-03 -1.28033E-05 7.30014E-04 
1.42287E-03 -8.45069E-06 9.73615E-04 
1.34853E-03 -3.62055E-06 1.09180E-03 
1.21779E-03 1.35342E-06 1.05554E-03 
4.37588E-02 3.46214E-02 1.80726E-05 
3.90165E-02 2.57987E-02 1.78577E-05 
3.42852E-02 1.87230E-02 1.75468E-05 
2.95780E-02 1.31352E-02 1.71548E-05 
2.50392E-02 8.90901E-03 1.66867E-05 
2.08071E-02 5.83916E-03 1.61858E-05 
1.69939E-02 3.69905E-03 1.57081E-05 
1.43862E-02 2.54010E-03 1.54028E-05 
1.36832E-02 2.26728E-03 1.53296E-05 
1.07060E-02 1.28860E-03 1.51207E-05 
8.33070E-03 7.02744E-04 1.52404E-05 
6.49298E-03 3.63208E-04 1.58323E-05 
5.10193E-03 1.71621E-04 1.70824E-05 
4.06246E-03 6.09334E-05 1.93146E-05 
3.29431E-03 4.59087E-06 2.29165E-05 
2.71586E-03 -2.35323E-05 2.85887E-05 
2.27356E-03 -3.54811E-05 3.75386E-05 
1.92755E-03 -3.82444E-05 5.18490E-05 
1.64934E-03 -3.59512E-05 7.51271E-05 
1.42110E-03 -3.10930E-05 1.13627E-04 
1.23133E-03 -2.52363E-05 1.76863E-04 
1.07793E-03 -1.93957E-05 2.75259E-04 
9.65416E-04 -1.41192E-05 4.05470E-04 
8.88058E-04 -9.14951E-06 5.25101E-04 
8.09670E-04 -3.76366E-06 5.72106E-04 
7.03774E-04 1.66145E-06 5.39269E-04 
3.96022E-02 3.32836E-02 1.63135E-05 
3.50448E-02 2.46083E-02 1.59805E-05 
3.05087E-02 1.76875E-02 1.55352E-05 
2.60178E-02 1.22592E-02 1.49956E-05 
2.17141E-02 8.19028E-03 1.43631E-05 
1.77410E-02 5.27155E-03 1.36815E-05 
1.42046E-02 3.26751E-03 1.30011E-05 
1.18189E-02 2.20012E-03 1.25183E-05 
1.11816E-02 1.95156E-03 1.23891E-05 
8.51546E-03 1.07202E-03 1.18757E-05 
6.43626E-03 5.59059E-04 1.16000E-05 
4.86898E-03 2.70147E-04 1.16515E-05 
3.71554E-03 1.12103E-04 1.21310E-05 
2.87427E-03 2.22286E-05 1.32146E-05 
2.27365E-03 -2.05546E-05 1.50784E-05 
1.83494E-03 -4.01078E-05 1.80568E-05 
1.50937E-03 -4.65757E-05 2.27191E-05 
1.26148E-03 -4.57539E-05 3.00090E-05 
1.06649E-03 -4.10408E-05 4.14797E-05 
9.08556E-04 -3.44971E-05 5.96438E-05 
7.77283E-04 -2.74322E-05 8.78553E-05 
6.67898E-04 -2.07083E-05 1.28555E-04 
5.77976E-04 -1.47597E-05 1.76477E-04 
4.99949E-04 -9.21780E-06 2.10934E-04 
4.18873E-04 -3.32127E-06 2.11020E-04 
3.31840E-04 2.47660E-06 1.83788E-04 
3.55834E-02 3.17037E-02 1.46409E-05 
3.12580E-02 2.32640E-02 1.42213E-05 
2.69666E-02 1.65664E-02 1.36815E-05 
2.27341E-02 1.13458E-02 1.30395E-05 
1.87030E-02 7.46670E-03 1.22966E-05 
1.50158E-02 4.71751E-03 1.14963E-05 
1.17750E-02 2.85865E-03 1.06869E-05 
9.61790E-03 1.88491E-03 1.00919E-05 
9.04700E-03 1.66067E-03 9.92732E-06 
6.69037E-03 8.78392E-04 9.22367E-06 
4.89643E-03 4.34279E-04 8.69685E-06 
3.58071E-03 1.91452E-04 8.39543E-06 
2.64080E-03 6.28822E-05 8.35848E-06 
1.97165E-03 -9.32821E-06 8.65525E-06 
1.51174E-03 -4.08254E-05 9.31341E-06 
1.18665E-03 -5.33512E-05 1.04120E-05 
9.53195E-04 -5.53432E-05 1.20755E-05 
7.80821E-04 -5.15776E-05 1.44614E-05 
6.48601E-04 -4.48600E-05 1.77109E-05 
5.42915E-04 -3.69090E-05 2.17919E-05 
4.54522E-04 -2.88327E-05 2.58961E-05 
3.77007E-04 -2.13674E-05 2.72005E-05 
3.03118E-04 -1.48425E-05 1.95527E-05 
2.24240E-04 -8.79068E-06 -2.42486E-06 
1.41199E-04 -2.44754E-06 -3.16695E-05 
6.81050E-05 3.63600E-06 -5.23338E-05 
3.16143E-02 2.97939E-02 1.30166E-05 
2.75755E-02 2.17043E-02 1.25404E-05 
2.35879E-02 1.53223E-02 1.19455E-05 
1.96639E-02 1.03729E-02 1.12442E-05 
1.59500E-02 6.72677E-03 1.04419E-05 
1.25819E-02 4.17201E-03 9.58027E-06 
9.65826E-03 2.47052E-03 8.70731E-06 
7.73803E-03 1.59368E-03 8.05679E-06 
7.23467E-03 1.39400E-03 7.87474E-06 
5.18452E-03 7.07276E-04 7.07421E-06 
3.66308E-03 3.27918E-04 6.41118E-06 
2.57866E-03 1.26616E-04 5.90323E-06 
1.82726E-03 2.35169E-05 5.54402E-06 
1.30423E-03 -3.39889E-05 5.32853E-06 
9.59200E-04 -5.63420E-05 5.18385E-06 
7.23502E-04 -6.32742E-05 5.01694E-06 
5.60219E-04 -6.17298E-05 4.65570E-06 
4.43872E-04 -5.56400E-05 3.73575E-06 
3.57229E-04 -4.73402E-05 1.46699E-06 
2.88911E-04 -3.82854E-05 -3.83880E-06 
2.30762E-04 -2.94270E-05 -1.56684E-05 
1.75514E-04 -2.13964E-05 -4.00978E-05 
1.12577E-04 -1.44272E-05 -8.34842E-05 
3.29026E-05 -7.96935E-06 -1.40730E-04 
-5.13218E-05 -1.28590E-06 -1.86684E-04 
-1.14022E-04 4.96774E-06 -2.00542E-04 
2.75984E-02 2.74423E-02 1.13984E-05 
2.39111E-02 1.98531E-02 1.08958E-05 
2.02884E-02 1.39004E-02 1.02810E-05 
1.67330E-02 9.30693E-03 9.56264E-06 
1.33901E-02 5.95153E-03 8.74994E-06 
1.03824E-02 3.62532E-03 7.88139E-06 
7.80278E-03 2.09840E-03 7.00398E-06 
6.13089E-03 1.32394E-03 6.34825E-06 
5.69666E-03 1.14947E-03 6.16395E-06 
3.95174E-03 5.57717E-04 5.34483E-06 
2.68964E-03 2.39428E-04 4.63685E-06 
1.81570E-03 7.53511E-05 4.03537E-06 
1.22799E-03 -6.01904E-06 3.50207E-06 
8.26346E-04 -5.14366E-05 2.98289E-06 
5.72219E-04 -6.66300E-05 2.34206E-06 
4.04202E-04 -6.93279E-05 1.37941E-06 
2.92126E-04 -6.51869E-05 -2.59529E-07 
2.15519E-04 -5.74504E-05 -3.25701E-06 
1.60565E-04 -4.80826E-05 -8.96237E-06 
1.17899E-04 -3.83319E-05 -2.00398E-05 
8.03454E-05 -2.90245E-05 -4.15150E-05 
4.03068E-05 -2.07003E-05 -8.11908E-05 
-1.48788E-05 -1.35063E-05 -1.45134E-04 
-9.42078E-05 -6.83427E-06 -2.21565E-04 
-1.77849E-04 -3.48638E-09 -2.74878E-04 
-2.32161E-04 6.23926E-06 -2.82265E-04 
2.34682E-02 2.45539E-02 9.75417E-06 
2.01946E-02 1.76384E-02 9.25138E-06 
1.69934E-02 1.22448E-02 8.64641E-06 
1.38703E-02 8.11037E-03 7.94965E-06 
1.09558E-02 5.11689E-03 7.17143E-06 
8.35635E-03 3.06372E-03 6.34660E-06 
6.15417E-03 1.73511E-03 5.51950E-06 
4.74583E-03 1.07152E-03 4.90359E-06 
4.38323E-03 9.23511E-04 4.73042E-06 
2.94548E-03 4.28208E-04 3.95953E-06 
1.93119E-03 1.68367E-04 3.28115E-06 
1.24791E-03 3.79178E-05 2.67558E-06 
8.00724E-04 -2.49299E-05 2.08567E-06 
4.98567E-04 -6.02931E-05 1.43014E-06 
3.14419E-04 -7.01280E-05 5.43905E-07 
1.95876E-04 -6.99501E-05 -8.23933E-07 
1.19600E-04 -6.42859E-05 -3.11270E-06 
6.98802E-05 -5.57889E-05 -7.14683E-06 
3.59576E-05 -4.61131E-05 -1.45146E-05 
1.02074E-05 -3.63265E-05 -2.82725E-05 
-1.36122E-05 -2.71381E-05 -5.39967E-05 
-4.30348E-05 -1.89987E-05 -9.99345E-05 
-9.13237E-05 -1.19814E-05 -1.71432E-04 
-1.66933E-04 -5.46261E-06 -2.53394E-04 
-2.46113E-04 1.15157E-06 -3.06403E-04 
-2.92322E-04 7.06953E-06 -3.08311E-04 
1.92658E-02 2.11521E-02 8.09110E-06 
1.64400E-02 1.50619E-02 7.60415E-06 
1.36995E-02 1.03500E-02 7.03110E-06 
1.10553E-02 6.77413E-03 6.38563E-06 
8.61412E-03 4.21324E-03 5.67724E-06 
6.46575E-03 2.48034E-03 4.93926E-06 
4.67037E-03 1.37567E-03 4.20827E-06 
3.54013E-03 8.32972E-04 3.67044E-06 
3.25177E-03 7.13143E-04 3.51984E-06 
2.12331E-03 3.17259E-04 2.85272E-06 
1.34641E-03 1.14481E-04 2.26554E-06 
8.35963E-04 1.51048E-05 1.73095E-06 
5.09393E-04 -3.15438E-05 1.18773E-06 
2.89866E-04 -5.79817E-05 5.50258E-07 
1.59574E-04 -6.40126E-05 -3.41420E-07 
7.70372E-05 -6.23714E-05 -1.73113E-06 
2.53930E-05 -5.65227E-05 -4.04293E-06 
-6.73230E-06 -4.85493E-05 -8.06458E-06 
-2.73569E-05 -3.97699E-05 -1.52949E-05 
-4.24722E-05 -3.10446E-05 -2.85834E-05 
-5.72291E-05 -2.29416E-05 -5.30410E-05 
-7.84002E-05 -1.58108E-05 -9.60493E-05 
-1.17976E-04 -9.67188E-06 -1.61841E-04 
-1.83125E-04 -3.95992E-06 -2.35562E-04 
-2.50829E-04 1.79664E-06 -2.81011E-04 
-2.87453E-04 6.86164E-06 -2.79386E-04 
1.52173E-02 1.74904E-02 6.48677E-06 
1.28396E-02 1.23081E-02 6.02584E-06 
1.05639E-02 8.34538E-03 5.49899E-06 
8.40598E-03 5.38182E-03 4.92257E-06 
6.44763E-03 3.29215E-03 4.30658E-06 
4.75632E-03 1.90268E-03 3.68065E-06 
3.37019E-03 1.03361E-03 3.07452E-06 
2.51443E-03 6.14841E-04 2.63766E-06 
2.29850E-03 5.23430E-04 2.51659E-06 
1.46566E-03 2.25654E-04 1.98751E-06 
9.06513E-04 7.70180E-05 1.53093E-06 
5.47895E-04 6.10738E-06 1.12071E-06 
3.23062E-04 -2.62355E-05 7.05685E-07 
1.73105E-04 -4.43179E-05 2.17469E-07 
8.55157E-05 -4.77449E-05 -4.64837E-07 
3.04791E-05 -4.58861E-05 -1.52448E-06 
-3.43639E-06 -4.11990E-05 -3.27763E-06 
-2.39466E-05 -3.51370E-05 -6.30884E-06 
-3.65652E-05 -2.86094E-05 -1.17240E-05 
-4.55311E-05 -2.22020E-05 -2.16148E-05 
-5.45500E-05 -1.62966E-05 -3.97062E-05 
-6.86064E-05 -1.11230E-05 -7.13184E-05 
-9.65096E-05 -6.67411E-06 -1.19323E-04 
-1.43333E-04 -2.53126E-06 -1.72543E-04 
-1.91741E-04 1.62799E-06 -2.04553E-04 
-2.16941E-04 5.25259E-06 -2.02108E-04 
---
