PdfType: replica
Format: lhagrid1
---
1.00000E-06 1.28121E-06 1.64152E-06 2.10317E-06 2.69463E-06 3.45242E-06 4.42329E-06 5.66715E-06 7.26076E-06 9.30241E-06 1.19180E-05 1.52689E-05 1.95617E-05 2.50609E-05 3.21053E-05 4.11287E-05 5.26863E-05 6.74889E-05 8.64459E-05 1.10720E-04 1.41800E-04 1.81585E-04 2.32503E-04 2.97652E-04 3.80981E-04 4.87518E-04 6.26039E-04 8.00452E-04 1.02297E-03 1.30657E-03 1.66759E-03 2.12729E-03 2.71054E-03 3.44865E-03 4.37927E-03 5.54908E-03 7.01192E-03 8.83064E-03 1.10763E-02 1.38266E-02 1.71641E-02 2.11717E-02 2.59364E-02 3.15062E-02 3.79623E-02 4.53425E-02 5.36750E-02 6.29705E-02 7.32221E-02 8.44039E-02 9.64793E-02 1.09332E-01 1.23067E-01 1.37507E-01 1.52639E-01 1.68416E-01 1.84794E-01 2.01731E-01 2.19016E-01 2.36948E-01 2.55242E-01 2.73927E-01 2.92954E-01 3.12340E-01 3.32036E-01 3.52019E-01 3.72282E-01 3.92772E-01 4.13533E-01 4.34326E-01 4.55495E-01 4.76836E-01 4.98342E-01 5.20006E-01 5.41818E-01 5.63773E-01 5.85861E-01 6.08077E-01 6.30459E-01 6.52800E-01 6.75387E-01 6.98063E-01 7.20830E-01 7.43683E-01 7.66623E-01 7.89636E-01 8.12791E-01 8.35940E-01 8.59175E-01 8.82485E-01 9.05866E-01 9.29311E-01 9.52817E-01 9.76387E-01 1.00000E+00 
1.14018E+00 1.22539E+00 1.32482E+00 1.44156E+00 1.57954E+00 1.74381E+00 1.94091E+00 2.12132E+00 2.17945E+00 2.49622E+00 2.89383E+00 3.39925E+00 4.05063E+00 4.90286E+00 6.03623E+00 7.57063E+00 9.68869E+00 1.26749E+01 1.69835E+01 2.33578E+01 3.30501E+01 4.82334E+01 7.28041E+01 1.13998E+02 1.85779E+02 3.16228E+02 
908 909 910 
8.26767E-01 4.78425E-02 1.97449E-01 
8.42168E-01 5.68549E-02 2.32944E-01 
8.76484E-01 7.33310E-02 2.77964E-01 
9.38792E-01 9.82868E-02 3.35582E-01 
1.02318E+00 1.28595E-01 4.10617E-01 
1.13357E+00 1.65038E-01 5.10902E-01 
1.27438E+00 2.08440E-01 6.46098E-01 
1.40668E+00 2.47228E-01 7.83365E-01 
1.44991E+00 2.59556E-01 8.31211E-01 
1.68463E+00 3.24294E-01 1.11397E+00 
1.97387E+00 4.00025E-01 1.52958E+00 
2.32648E+00 4.87498E-01 2.15620E+00 
2.75182E+00 5.88160E-01 3.12293E+00 
3.25991E+00 7.59900E-01 4.67023E+00 
3.86721E+00 9.01063E-01 7.22710E+00 
4.60226E+00 1.05863E+00 1.15793E+01 
5.48679E+00 1.23358E+00 1.92814E+01 
6.54507E+00 1.42631E+00 3.34282E+01 
7.80819E+00 1.63781E+00 6.03298E+01 
9.32208E+00 1.87078E+00 1.13163E+02 
1.11778E+01 2.13494E+00 2.18291E+02 
1.36238E+01 2.46540E+00 4.20776E+02 
1.73299E+01 2.95974E+00 7.68525E+02 
2.33347E+01 3.74728E+00 1.23747E+03 
3.15458E+01 4.74498E+00 1.67684E+03 
4.02685E+01 5.65278E+00 1.96000E+03 
1.53855E+00 8.84429E-02 3.37645E-01 
1.56824E+00 1.05610E-01 3.98168E-01 
1.63388E+00 1.36961E-01 4.74946E-01 
1.75250E+00 1.84447E-01 5.73717E-01 
1.91245E+00 2.41930E-01 7.02740E-01 
2.12060E+00 3.10807E-01 8.73827E-01 
2.38494E+00 3.92589E-01 1.10465E+00 
2.63317E+00 4.65599E-01 1.33985E+00 
2.71381E+00 4.88691E-01 1.42093E+00 
3.15228E+00 6.10062E-01 1.90459E+00 
3.69111E+00 7.51509E-01 2.61465E+00 
4.34631E+00 9.14595E-01 3.68533E+00 
5.13545E+00 1.10082E+00 5.34121E+00 
6.07772E+00 1.41976E+00 7.98305E+00 
7.20120E+00 1.67922E+00 1.23393E+01 
8.55882E+00 1.96841E+00 1.97717E+01 
1.01881E+01 2.28827E+00 3.29169E+01 
1.21338E+01 2.63964E+00 5.70741E+01 
1.44506E+01 3.02387E+00 1.03060E+02 
1.72203E+01 3.44553E+00 1.93328E+02 
2.06076E+01 3.92224E+00 3.72655E+02 
2.50686E+01 4.51829E+00 7.18442E+02 
3.18289E+01 5.41144E+00 1.31275E+03 
4.27728E+01 6.83460E+00 2.11336E+03 
5.77112E+01 8.63368E+00 2.86369E+03 
7.35253E+01 1.02606E+01 3.34667E+03 
1.45869E+00 8.31347E-02 2.89036E-01 
1.48825E+00 9.99548E-02 3.40747E-01 
1.55297E+00 1.30621E-01 4.06500E-01 
1.66844E+00 1.76797E-01 4.90908E-01 
1.82334E+00 2.32546E-01 6.01291E-01 
2.02393E+00 2.99137E-01 7.47530E-01 
2.27741E+00 3.77911E-01 9.44725E-01 
2.51481E+00 4.48042E-01 1.14588E+00 
2.59166E+00 4.70150E-01 1.21484E+00 
3.00916E+00 5.86204E-01 1.62816E+00 
3.52042E+00 7.20876E-01 2.23449E+00 
4.14018E+00 8.75534E-01 3.14877E+00 
4.88472E+00 1.05128E+00 4.56466E+00 
5.77439E+00 1.35217E+00 6.82076E+00 
6.83212E+00 1.59461E+00 1.05366E+01 
8.10640E+00 1.86375E+00 1.68786E+01 
9.63108E+00 2.16016E+00 2.80977E+01 
1.14462E+01 2.48437E+00 4.87023E+01 
1.36017E+01 2.83740E+00 8.79415E+01 
1.61713E+01 3.22322E+00 1.64942E+02 
1.93065E+01 3.65800E+00 3.17857E+02 
2.34288E+01 4.20099E+00 6.12629E+02 
2.96757E+01 5.01627E+00 1.11948E+03 
3.97824E+01 6.31640E+00 1.80203E+03 
5.35454E+01 7.95511E+00 2.44158E+03 
6.80517E+01 9.42572E+00 2.85288E+03 
1.37667E+00 7.77348E-02 2.46188E-01 
1.40608E+00 9.41966E-02 2.90145E-01 
1.46956E+00 1.24046E-01 3.46049E-01 
1.58162E+00 1.68788E-01 4.17806E-01 
1.73085E+00 2.22615E-01 5.11496E-01 
1.92329E+00 2.86728E-01 6.35923E-01 
2.16527E+00 3.62265E-01 8.03398E-01 
2.39119E+00 4.29304E-01 9.74395E-01 
2.46422E+00 4.50406E-01 1.03308E+00 
2.85969E+00 5.60805E-01 1.38387E+00 
3.34247E+00 6.88393E-01 1.89899E+00 
3.92560E+00 8.34242E-01 2.67472E+00 
4.62398E+00 9.99181E-01 3.87578E+00 
5.45990E+00 1.28160E+00 5.79168E+00 
6.45103E+00 1.50693E+00 8.94749E+00 
7.64060E+00 1.75587E+00 1.43259E+01 
9.05974E+00 2.02889E+00 2.38457E+01 
1.07438E+01 2.32618E+00 4.13165E+01 
1.27380E+01 2.64849E+00 7.45899E+01 
1.51088E+01 2.99929E+00 1.39866E+02 
1.79950E+01 3.39333E+00 2.69541E+02 
2.17837E+01 3.88490E+00 5.19347E+02 
2.75234E+01 4.62439E+00 9.48848E+02 
3.68057E+01 5.80502E+00 1.52728E+03 
4.94161E+01 7.28866E+00 2.06917E+03 
6.26483E+01 8.60975E+00 2.41747E+03 
1.29923E+00 7.26348E-02 2.09404E-01 
1.32864E+00 8.88040E-02 2.46750E-01 
1.39081E+00 1.17840E-01 2.94116E-01 
1.49960E+00 1.61230E-01 3.55107E-01 
1.64351E+00 2.13241E-01 4.34667E-01 
1.82794E+00 2.74930E-01 5.40082E-01 
2.05892E+00 3.47365E-01 6.82157E-01 
2.27388E+00 4.11434E-01 8.27330E-01 
2.34316E+00 4.31550E-01 8.77007E-01 
2.71780E+00 5.36554E-01 1.17472E+00 
3.17332E+00 6.57317E-01 1.61130E+00 
3.72187E+00 7.94778E-01 2.26930E+00 
4.37674E+00 9.49531E-01 3.28729E+00 
5.16120E+00 1.21445E+00 4.90930E+00 
6.08911E+00 1.42344E+00 7.58453E+00 
7.19903E+00 1.65343E+00 1.21422E+01 
8.51864E+00 1.90453E+00 2.02020E+01 
1.00802E+01 2.17676E+00 3.50071E+01 
1.19235E+01 2.47056E+00 6.31792E+01 
1.41090E+01 2.78895E+00 1.18460E+02 
1.67630E+01 3.14535E+00 2.28216E+02 
2.02429E+01 3.58974E+00 4.39804E+02 
2.55127E+01 4.25961E+00 8.03426E+02 
3.40303E+01 5.33028E+00 1.29310E+03 
4.55748E+01 6.67171E+00 1.75183E+03 
5.76342E+01 7.85667E+00 2.04659E+03 
1.22616E+00 6.78158E-02 1.77736E-01 
1.25561E+00 8.37311E-02 2.09427E-01 
1.31655E+00 1.12001E-01 2.49555E-01 
1.42207E+00 1.54074E-01 3.01167E-01 
1.56089E+00 2.04354E-01 3.68650E-01 
1.73777E+00 2.63751E-01 4.58021E-01 
1.95815E+00 3.33183E-01 5.78273E-01 
2.16249E+00 3.94376E-01 7.01153E-01 
2.22826E+00 4.13556E-01 7.43253E-01 
2.58290E+00 5.13359E-01 9.95323E-01 
3.01261E+00 6.27621E-01 1.36511E+00 
3.52823E+00 7.57039E-01 1.92190E+00 
4.14200E+00 9.02121E-01 2.78428E+00 
4.87786E+00 1.15017E+00 4.15731E+00 
5.74569E+00 1.34394E+00 6.41925E+00 
6.78064E+00 1.55622E+00 1.02787E+01 
8.00682E+00 1.78685E+00 1.70978E+01 
9.45331E+00 2.03571E+00 2.96227E+01 
1.11558E+01 2.30305E+00 5.34568E+01 
1.31687E+01 2.59150E+00 1.00229E+02 
1.56071E+01 2.91329E+00 1.93065E+02 
1.87995E+01 3.31417E+00 3.72007E+02 
2.36339E+01 3.92012E+00 6.79637E+02 
3.14443E+01 4.88988E+00 1.09392E+03 
4.20041E+01 6.10114E+00 1.48202E+03 
5.29838E+01 7.16218E+00 1.73136E+03 
1.15724E+00 6.32678E-02 1.50576E-01 
1.18655E+00 7.88865E-02 1.77380E-01 
1.24657E+00 1.06517E-01 2.11388E-01 
1.34897E+00 1.47339E-01 2.55019E-01 
1.48275E+00 1.95930E-01 3.12054E-01 
1.65230E+00 2.53107E-01 3.87630E-01 
1.86263E+00 3.19682E-01 4.89443E-01 
2.05679E+00 3.78108E-01 5.93285E-01 
2.11919E+00 3.96384E-01 6.28928E-01 
2.45480E+00 4.91204E-01 8.42119E-01 
2.85991E+00 5.99232E-01 1.15488E+00 
3.34427E+00 7.20946E-01 1.62559E+00 
3.91896E+00 8.56708E-01 2.35424E+00 
4.60894E+00 1.08901E+00 3.51595E+00 
5.42010E+00 1.26840E+00 5.42771E+00 
6.38407E+00 1.46398E+00 8.68910E+00 
7.52268E+00 1.67548E+00 1.44569E+01 
8.86131E+00 1.90259E+00 2.50378E+01 
1.04324E+01 2.14542E+00 4.51944E+01 
1.22843E+01 2.40621E+00 8.47104E+01 
1.45227E+01 2.69618E+00 1.63210E+02 
1.74489E+01 3.05720E+00 3.14476E+02 
2.18794E+01 3.60437E+00 5.74532E+02 
2.90352E+01 4.48155E+00 9.24830E+02 
3.86857E+01 5.57368E+00 1.25302E+03 
4.86728E+01 6.52218E+00 1.46392E+03 
1.09224E+00 5.89773E-02 1.27380E-01 
1.12144E+00 7.43273E-02 1.50001E-01 
1.18049E+00 1.01332E-01 1.78725E-01 
1.27999E+00 1.40990E-01 2.15640E-01 
1.40894E+00 1.87970E-01 2.63803E-01 
1.57146E+00 2.43018E-01 3.27658E-01 
1.77199E+00 3.06813E-01 4.13623E-01 
1.95651E+00 3.62592E-01 5.01438E-01 
2.01561E+00 3.79983E-01 5.31431E-01 
2.33295E+00 4.69992E-01 7.11437E-01 
2.71464E+00 5.72038E-01 9.75638E-01 
3.16945E+00 6.86449E-01 1.37337E+00 
3.70729E+00 8.13304E-01 1.98874E+00 
4.35361E+00 1.03071E+00 2.97013E+00 
5.11131E+00 1.19658E+00 4.58578E+00 
6.00847E+00 1.37649E+00 7.33982E+00 
7.06470E+00 1.57012E+00 1.22119E+01 
8.30256E+00 1.77702E+00 2.11516E+01 
9.75081E+00 1.99714E+00 3.81785E+01 
1.14532E+01 2.23246E+00 7.15677E+01 
1.35056E+01 2.49314E+00 1.37875E+02 
1.61852E+01 2.81763E+00 2.65698E+02 
2.02423E+01 3.31097E+00 4.85475E+02 
2.67920E+01 4.10319E+00 7.81564E+02 
3.56040E+01 5.08653E+00 1.05907E+03 
4.46793E+01 5.93294E+00 1.23747E+03 
1.03095E+00 5.49315E-02 1.07581E-01 
1.06021E+00 7.00888E-02 1.26696E-01 
1.11818E+00 9.64473E-02 1.50894E-01 
1.21489E+00 1.34999E-01 1.82092E-01 
1.33914E+00 1.80433E-01 2.22734E-01 
1.49491E+00 2.33438E-01 2.76690E-01 
1.68613E+00 2.94569E-01 3.49281E-01 
1.86129E+00 3.47778E-01 4.23330E-01 
1.91741E+00 3.64357E-01 4.48820E-01 
2.21737E+00 4.49763E-01 6.00769E-01 
2.57678E+00 5.46080E-01 8.23877E-01 
3.00348E+00 6.53498E-01 1.15958E+00 
3.50636E+00 7.71923E-01 1.67894E+00 
4.11131E+00 9.75107E-01 2.50750E+00 
4.81846E+00 1.12826E+00 3.87161E+00 
5.65280E+00 1.29353E+00 6.19760E+00 
6.63167E+00 1.47049E+00 1.03105E+01 
7.77525E+00 1.65860E+00 1.78621E+01 
9.10893E+00 1.85771E+00 3.22364E+01 
1.06723E+01 2.06957E+00 6.04445E+01 
1.25524E+01 2.30343E+00 1.16461E+02 
1.50034E+01 2.59442E+00 2.24428E+02 
1.87151E+01 3.03849E+00 4.10148E+02 
2.47049E+01 3.75294E+00 6.60428E+02 
3.27437E+01 4.63697E+00 8.95083E+02 
4.09816E+01 5.39080E+00 1.04600E+03 
9.73220E-01 5.11237E-02 9.07773E-02 
1.00243E+00 6.60735E-02 1.06915E-01 
1.05966E+00 9.19126E-02 1.27352E-01 
1.15345E+00 1.29364E-01 1.53645E-01 
1.27328E+00 1.73330E-01 1.87989E-01 
1.42240E+00 2.24333E-01 2.33424E-01 
1.60469E+00 2.82905E-01 2.94752E-01 
1.77093E+00 3.33652E-01 3.57216E-01 
1.82405E+00 3.49412E-01 3.78690E-01 
2.10746E+00 4.30400E-01 5.06982E-01 
2.44568E+00 5.21240E-01 6.95278E-01 
2.84579E+00 6.22016E-01 9.78673E-01 
3.31580E+00 7.32620E-01 1.41736E+00 
3.88143E+00 9.22266E-01 2.11618E+00 
4.54083E+00 1.06335E+00 3.26798E+00 
5.31599E+00 1.21488E+00 5.23149E+00 
6.22236E+00 1.37629E+00 8.70440E+00 
7.27775E+00 1.54698E+00 1.50797E+01 
8.50480E+00 1.72670E+00 2.72222E+01 
9.93868E+00 1.91695E+00 5.10386E+01 
1.16591E+01 2.12622E+00 9.83583E+01 
1.38991E+01 2.38665E+00 1.89597E+02 
1.72911E+01 2.78558E+00 3.46532E+02 
2.27639E+01 3.42892E+00 5.58105E+02 
3.00899E+01 4.22233E+00 7.56549E+02 
3.75597E+01 4.89243E+00 8.84270E+02 
9.18850E-01 4.75391E-02 7.65690E-02 
9.47942E-01 6.22764E-02 9.01618E-02 
1.00456E+00 8.76719E-02 1.07442E-01 
1.09554E+00 1.24067E-01 1.29585E-01 
1.21100E+00 1.66604E-01 1.58556E-01 
1.35387E+00 2.15720E-01 1.96951E-01 
1.52741E+00 2.71788E-01 2.48597E-01 
1.68517E+00 3.20171E-01 3.01372E-01 
1.73543E+00 3.35153E-01 3.19440E-01 
2.00295E+00 4.11867E-01 4.27626E-01 
2.32099E+00 4.97453E-01 5.86466E-01 
2.69589E+00 5.91855E-01 8.25717E-01 
3.13479E+00 6.94886E-01 1.19603E+00 
3.66341E+00 8.71754E-01 1.78626E+00 
4.27761E+00 1.00161E+00 2.75800E+00 
4.99720E+00 1.14033E+00 4.41653E+00 
5.83553E+00 1.28727E+00 7.34774E+00 
6.80855E+00 1.44180E+00 1.27331E+01 
7.93608E+00 1.60361E+00 2.29847E+01 
9.25005E+00 1.77405E+00 4.31074E+01 
1.08224E+01 1.96081E+00 8.30790E+01 
1.28671E+01 2.19328E+00 1.60175E+02 
1.59638E+01 2.55100E+00 2.92829E+02 
2.09597E+01 3.12939E+00 4.71741E+02 
2.76298E+01 3.84034E+00 6.39638E+02 
3.43955E+01 4.43474E+00 7.47770E+02 
8.67735E-01 4.41813E-02 6.45861E-02 
8.96690E-01 5.87293E-02 7.60261E-02 
9.52560E-01 8.36510E-02 9.06078E-02 
1.04101E+00 1.19106E-01 1.09316E-01 
1.15220E+00 1.60267E-01 1.33729E-01 
1.28892E+00 2.07532E-01 1.66100E-01 
1.45425E+00 2.61229E-01 2.09766E-01 
1.60376E+00 3.07309E-01 2.54230E-01 
1.65135E+00 3.21550E-01 2.69545E-01 
1.90381E+00 3.94201E-01 3.60891E-01 
2.20260E+00 4.74729E-01 4.94898E-01 
2.55357E+00 5.63019E-01 6.96879E-01 
2.96295E+00 6.58807E-01 1.00919E+00 
3.45653E+00 8.23708E-01 1.50768E+00 
4.02823E+00 9.43007E-01 2.32854E+00 
4.69543E+00 1.06971E+00 3.72841E+00 
5.47014E+00 1.20319E+00 6.20518E+00 
6.36618E+00 1.34275E+00 1.07533E+01 
7.40131E+00 1.48807E+00 1.94151E+01 
8.60375E+00 1.64031E+00 3.64169E+01 
1.00392E+01 1.80651E+00 7.02016E+01 
1.19035E+01 2.01352E+00 1.35373E+02 
1.47277E+01 2.33364E+00 2.47539E+02 
1.92833E+01 2.85269E+00 3.98879E+02 
2.53499E+01 3.48863E+00 5.40989E+02 
3.14710E+01 4.01473E+00 6.32585E+02 
8.19650E-01 4.10316E-02 5.44739E-02 
8.48664E-01 5.54780E-02 6.41495E-02 
9.03975E-01 8.00138E-02 7.64471E-02 
9.89635E-01 1.14465E-01 9.22060E-02 
1.09674E+00 1.54311E-01 1.12838E-01 
1.22755E+00 1.99798E-01 1.40157E-01 
1.38483E+00 2.51171E-01 1.76986E-01 
1.52653E+00 2.95051E-01 2.14550E-01 
1.57149E+00 3.08566E-01 2.27440E-01 
1.80951E+00 3.77278E-01 3.04555E-01 
2.09009E+00 4.52996E-01 4.17736E-01 
2.41839E+00 5.35526E-01 5.88238E-01 
2.80006E+00 6.24516E-01 8.52086E-01 
3.26029E+00 7.77992E-01 1.27275E+00 
3.79187E+00 8.87339E-01 1.96632E+00 
4.40988E+00 1.00282E+00 3.14830E+00 
5.12501E+00 1.12378E+00 5.24149E+00 
5.94927E+00 1.24951E+00 9.08374E+00 
6.89832E+00 1.37963E+00 1.64049E+01 
7.99749E+00 1.51521E+00 3.07765E+01 
9.30630E+00 1.66266E+00 5.93367E+01 
1.10041E+01 1.84648E+00 1.14451E+02 
1.35774E+01 2.13239E+00 2.09344E+02 
1.77269E+01 2.59733E+00 3.37423E+02 
2.32387E+01 3.16511E+00 4.57759E+02 
2.87698E+01 3.62970E+00 5.35393E+02 
7.74453E-01 3.80856E-02 4.59314E-02 
8.03451E-01 5.24153E-02 5.41132E-02 
8.58105E-01 7.65707E-02 6.44780E-02 
9.41266E-01 1.10135E-01 7.77974E-02 
1.04435E+00 1.48704E-01 9.52065E-02 
1.16951E+00 1.92481E-01 1.18304E-01 
1.31899E+00 2.41602E-01 1.49337E-01 
1.45321E+00 2.83359E-01 1.81110E-01 
1.49566E+00 2.96179E-01 1.91961E-01 
1.71987E+00 3.61093E-01 2.57056E-01 
1.98311E+00 4.32201E-01 3.52643E-01 
2.28994E+00 5.09243E-01 4.96575E-01 
2.64544E+00 5.91784E-01 7.19626E-01 
3.07426E+00 7.34391E-01 1.07505E+00 
3.56803E+00 8.34453E-01 1.66097E+00 
4.13992E+00 9.39496E-01 2.66049E+00 
4.79917E+00 1.04883E+00 4.42851E+00 
5.55652E+00 1.16177E+00 7.67819E+00 
6.42555E+00 1.27794E+00 1.38661E+01 
7.42901E+00 1.39828E+00 2.60179E+01 
8.62087E+00 1.52866E+00 5.01791E+01 
1.01650E+01 1.69138E+00 9.68007E+01 
1.25066E+01 1.94612E+00 1.77117E+02 
1.62829E+01 2.36188E+00 2.85576E+02 
2.12851E+01 2.86783E+00 3.87534E+02 
2.62769E+01 3.27707E+00 4.53371E+02 
7.32096E-01 3.53572E-02 3.87724E-02 
7.60941E-01 4.95509E-02 4.56701E-02 
8.15091E-01 7.33985E-02 5.44268E-02 
8.95784E-01 1.06116E-01 6.56702E-02 
9.94968E-01 1.43454E-01 8.03666E-02 
1.11455E+00 1.85561E-01 9.98579E-02 
1.25665E+00 2.32525E-01 1.26107E-01 
1.38360E+00 2.72218E-01 1.52902E-01 
1.42374E+00 2.84381E-01 1.62124E-01 
1.63480E+00 3.45670E-01 2.17121E-01 
1.88158E+00 4.12355E-01 2.97909E-01 
2.16801E+00 4.84105E-01 4.19488E-01 
2.49873E+00 5.60506E-01 6.07915E-01 
2.89788E+00 6.92929E-01 9.08341E-01 
3.35590E+00 7.84245E-01 1.40339E+00 
3.88451E+00 8.79547E-01 2.24866E+00 
4.49159E+00 9.78099E-01 3.74371E+00 
5.18659E+00 1.07926E+00 6.49111E+00 
5.98152E+00 1.18264E+00 1.17281E+01 
6.89630E+00 1.28906E+00 2.20094E+01 
7.98014E+00 1.40391E+00 4.24540E+01 
9.38289E+00 1.54752E+00 8.19258E+01 
1.15110E+01 1.77391E+00 1.49928E+02 
1.49436E+01 2.14493E+00 2.41816E+02 
1.94782E+01 2.59488E+00 3.28259E+02 
2.39774E+01 2.95444E+00 3.84127E+02 
6.92448E-01 3.28393E-02 3.27429E-02 
7.21199E-01 4.69528E-02 3.85632E-02 
7.74909E-01 7.05527E-02 4.59627E-02 
8.53125E-01 1.02428E-01 5.54705E-02 
9.48452E-01 1.38562E-01 6.78810E-02 
1.06260E+00 1.79041E-01 8.43314E-02 
1.19761E+00 2.23923E-01 1.06550E-01 
1.31757E+00 2.61618E-01 1.29163E-01 
1.35540E+00 2.73124E-01 1.36944E-01 
1.55394E+00 3.30918E-01 1.83450E-01 
1.78497E+00 3.93359E-01 2.51680E-01 
2.05222E+00 4.60099E-01 3.54534E-01 
2.35960E+00 5.30622E-01 5.13784E-01 
2.73072E+00 6.53429E-01 7.67939E-01 
3.15515E+00 7.36626E-01 1.18658E+00 
3.64308E+00 8.22839E-01 1.90124E+00 
4.20150E+00 9.11424E-01 3.16653E+00 
4.83838E+00 1.00171E+00 5.49026E+00 
5.56433E+00 1.09334E+00 9.92175E+00 
6.39728E+00 1.18709E+00 1.86269E+01 
7.38152E+00 1.28786E+00 3.59352E+01 
8.65400E+00 1.41415E+00 6.93658E+01 
1.05862E+01 1.61490E+00 1.26992E+02 
1.37025E+01 1.94526E+00 2.04883E+02 
1.78082E+01 2.34453E+00 2.78209E+02 
2.18581E+01 2.65957E+00 3.25653E+02 
6.55376E-01 3.05350E-02 2.76572E-02 
6.83924E-01 4.45532E-02 3.25737E-02 
7.37331E-01 6.79792E-02 3.88285E-02 
8.13036E-01 9.90397E-02 4.68610E-02 
9.04642E-01 1.34019E-01 5.73622E-02 
1.01355E+00 1.72927E-01 7.12627E-02 
1.14160E+00 2.15761E-01 9.00259E-02 
1.25493E+00 2.51537E-01 1.09168E-01 
1.29057E+00 2.62419E-01 1.15735E-01 
1.47707E+00 3.16832E-01 1.55033E-01 
1.69323E+00 3.75205E-01 2.12738E-01 
1.94227E+00 4.37164E-01 2.99727E-01 
2.22766E+00 5.02252E-01 4.34446E-01 
2.57224E+00 6.15926E-01 6.49349E-01 
2.96517E+00 6.91481E-01 1.00382E+00 
3.41501E+00 7.69241E-01 1.60848E+00 
3.92790E+00 8.48575E-01 2.67953E+00 
4.51077E+00 9.28861E-01 4.64724E+00 
5.17285E+00 1.00976E+00 8.39930E+00 
5.93005E+00 1.09197E+00 1.57697E+01 
6.82256E+00 1.17998E+00 3.04351E+01 
7.97522E+00 1.29062E+00 5.87632E+01 
9.72698E+00 1.46810E+00 1.07616E+02 
1.25533E+01 1.76165E+00 1.73692E+02 
1.62661E+01 2.11517E+00 2.35939E+02 
1.99064E+01 2.39039E+00 2.76257E+02 
6.20763E-01 2.84567E-02 2.33714E-02 
6.49098E-01 4.23923E-02 2.75336E-02 
7.02125E-01 6.56655E-02 3.28136E-02 
7.75435E-01 9.59684E-02 3.95965E-02 
8.63360E-01 1.29820E-01 4.84776E-02 
9.67229E-01 1.67203E-01 6.02501E-02 
1.08853E+00 2.08044E-01 7.60908E-02 
1.19549E+00 2.41959E-01 9.22938E-02 
1.22905E+00 2.52247E-01 9.78569E-02 
1.40411E+00 3.03414E-01 1.31102E-01 
1.60612E+00 3.57895E-01 1.79940E-01 
1.83789E+00 4.15296E-01 2.53503E-01 
2.10254E+00 4.74963E-01 3.67532E-01 
2.42211E+00 5.80144E-01 5.49357E-01 
2.78529E+00 6.48629E-01 8.49334E-01 
3.19946E+00 7.18545E-01 1.36135E+00 
3.66991E+00 7.89356E-01 2.26805E+00 
4.20264E+00 8.60468E-01 3.93553E+00 
4.80560E+00 9.31568E-01 7.11383E+00 
5.49295E+00 1.00331E+00 1.33613E+01 
6.30096E+00 1.07979E+00 2.57917E+01 
7.34361E+00 1.17631E+00 4.98146E+01 
8.92978E+00 1.33277E+00 9.12575E+01 
1.14895E+01 1.59298E+00 1.47346E+02 
1.48431E+01 1.90526E+00 2.00227E+02 
1.81104E+01 2.14492E+00 2.34515E+02 
5.88545E-01 2.66132E-02 1.97601E-02 
6.16652E-01 4.04875E-02 2.32777E-02 
6.69437E-01 6.37113E-02 2.77482E-02 
7.40297E-01 9.32498E-02 3.34928E-02 
8.24559E-01 1.25982E-01 4.09938E-02 
9.23470E-01 1.61863E-01 5.09528E-02 
1.03833E+00 2.00788E-01 6.43668E-02 
1.13911E+00 2.32888E-01 7.80636E-02 
1.17064E+00 2.42585E-01 8.27580E-02 
1.33478E+00 2.90616E-01 1.10903E-01 
1.52338E+00 3.41395E-01 1.52259E-01 
1.73883E+00 3.94449E-01 2.14524E-01 
1.98399E+00 4.49480E-01 3.11041E-01 
2.28000E+00 5.46391E-01 4.65100E-01 
2.61524E+00 6.08056E-01 7.19250E-01 
2.99604E+00 6.70687E-01 1.15306E+00 
3.42687E+00 7.33615E-01 1.92097E+00 
3.91300E+00 7.96301E-01 3.33455E+00 
4.46121E+00 8.58468E-01 6.02801E+00 
5.08412E+00 9.20720E-01 1.13264E+01 
5.81451E+00 9.86815E-01 2.18706E+01 
6.75615E+00 1.07063E+00 4.22541E+01 
8.19049E+00 1.20813E+00 7.74404E+01 
1.05059E+01 1.43821E+00 1.25084E+02 
1.35306E+01 1.71333E+00 1.70040E+02 
1.64589E+01 1.92134E+00 1.99227E+02 
5.58642E-01 2.50150E-02 1.67211E-02 
5.86565E-01 3.88813E-02 1.96972E-02 
6.39004E-01 6.20796E-02 2.34740E-02 
7.07438E-01 9.08713E-02 2.83362E-02 
7.88124E-01 1.22516E-01 3.46858E-02 
8.82188E-01 1.56931E-01 4.31132E-02 
9.90811E-01 1.93969E-01 5.44757E-02 
1.08566E+00 2.24312E-01 6.60615E-02 
1.11529E+00 2.33443E-01 7.00523E-02 
1.26894E+00 2.78443E-01 9.38613E-02 
1.44474E+00 3.25615E-01 1.28872E-01 
1.64487E+00 3.74496E-01 1.81674E-01 
1.87160E+00 4.24789E-01 2.63395E-01 
2.14534E+00 5.14149E-01 3.93897E-01 
2.45434E+00 5.69611E-01 6.09178E-01 
2.80401E+00 6.25502E-01 9.77023E-01 
3.19802E+00 6.81167E-01 1.62844E+00 
3.64087E+00 7.36143E-01 2.82676E+00 
4.13853E+00 7.90181E-01 5.11256E+00 
4.70205E+00 8.43856E-01 9.60709E+00 
5.36115E+00 9.00611E-01 1.85580E+01 
6.21027E+00 9.73018E-01 3.58696E+01 
7.50526E+00 1.09343E+00 6.57613E+01 
9.59702E+00 1.29635E+00 1.06268E+02 
1.23217E+01 1.53811E+00 1.44525E+02 
1.49419E+01 1.71797E+00 1.69392E+02 
5.30963E-01 2.36937E-02 1.41504E-02 
5.58528E-01 3.75084E-02 1.66709E-02 
6.10833E-01 6.08231E-02 1.98666E-02 
6.76771E-01 8.88646E-02 2.39837E-02 
7.53914E-01 1.19432E-01 2.93605E-02 
8.43234E-01 1.52394E-01 3.64936E-02 
9.45818E-01 1.87598E-01 4.61176E-02 
1.03498E+00 2.16223E-01 5.59400E-02 
1.06275E+00 2.24798E-01 5.93087E-02 
1.20645E+00 2.66879E-01 7.94901E-02 
1.37011E+00 3.10602E-01 1.09138E-01 
1.55566E+00 3.55579E-01 1.53865E-01 
1.76511E+00 4.01034E-01 2.23180E-01 
2.01796E+00 4.83393E-01 3.33830E-01 
2.30233E+00 5.33228E-01 5.16364E-01 
2.62278E+00 5.82849E-01 8.28255E-01 
2.98254E+00 6.31842E-01 1.38115E+00 
3.38535E+00 6.79779E-01 2.39788E+00 
3.83637E+00 7.26445E-01 4.33937E+00 
4.34526E+00 7.72386E-01 8.15601E+00 
4.93890E+00 8.20754E-01 1.57597E+01 
5.70319E+00 8.82937E-01 3.04710E+01 
6.87082E+00 9.88010E-01 5.58925E+01 
8.75791E+00 1.16648E+00 9.03641E+01 
1.12087E+01 1.37830E+00 1.22948E+02 
1.35493E+01 1.53322E+00 1.44157E+02 
5.05439E-01 2.26792E-02 1.19806E-02 
5.32429E-01 3.63787E-02 1.41145E-02 
5.84761E-01 5.99459E-02 1.68243E-02 
6.48178E-01 8.72507E-02 2.03077E-02 
7.21840E-01 1.16749E-01 2.48667E-02 
8.06545E-01 1.48284E-01 3.09119E-02 
9.03221E-01 1.81665E-01 3.90571E-02 
9.86941E-01 2.08623E-01 4.73906E-02 
1.01297E+00 2.16676E-01 5.02491E-02 
1.14717E+00 2.55925E-01 6.73612E-02 
1.29932E+00 2.96365E-01 9.25090E-02 
1.47107E+00 3.37571E-01 1.30406E-01 
1.66435E+00 3.79235E-01 1.89229E-01 
1.89746E+00 4.54529E-01 2.83160E-01 
2.15878E+00 4.98828E-01 4.38123E-01 
2.45203E+00 5.42652E-01 7.02978E-01 
2.77990E+00 5.85506E-01 1.17226E+00 
3.14559E+00 6.27011E-01 2.03587E+00 
3.55351E+00 6.66993E-01 3.68498E+00 
4.01228E+00 7.05985E-01 6.93067E+00 
4.54600E+00 7.46862E-01 1.33961E+01 
5.23277E+00 7.99920E-01 2.59117E+01 
6.28383E+00 8.91230E-01 4.75502E+01 
7.98375E+00 1.04771E+00 7.69138E+01 
1.01849E+01 1.23274E+00 1.04697E+02 
1.22724E+01 1.36562E+00 1.22809E+02 
4.82005E-01 2.20009E-02 1.01548E-02 
5.08430E-01 3.56102E-02 1.19599E-02 
5.60742E-01 5.95191E-02 1.42583E-02 
6.21633E-01 8.60751E-02 1.72098E-02 
6.91792E-01 1.14493E-01 2.10716E-02 
7.71980E-01 1.44605E-01 2.62005E-02 
8.62992E-01 1.76203E-01 3.31118E-02 
9.41421E-01 2.01520E-01 4.01712E-02 
9.65744E-01 2.09046E-01 4.25957E-02 
1.09083E+00 2.45537E-01 5.71060E-02 
1.23205E+00 2.82790E-01 7.84391E-02 
1.39092E+00 3.20421E-01 1.10632E-01 
1.56890E+00 3.58084E-01 1.60551E-01 
1.78348E+00 4.27055E-01 2.40314E-01 
2.02317E+00 4.66291E-01 3.71939E-01 
2.29105E+00 5.04765E-01 5.96946E-01 
2.58943E+00 5.42007E-01 9.96037E-01 
2.92084E+00 5.77657E-01 1.73062E+00 
3.28905E+00 6.11599E-01 3.13304E+00 
3.70174E+00 6.44352E-01 5.89383E+00 
4.18065E+00 6.78551E-01 1.13985E+01 
4.79663E+00 7.23486E-01 2.20583E+01 
5.74125E+00 8.02490E-01 4.04978E+01 
7.27041E+00 9.39256E-01 6.55408E+01 
9.24443E+00 1.10037E+00 8.92611E+01 
1.11028E+01 1.21380E+00 1.04745E+02 
4.60543E-01 2.16737E-02 8.61203E-03 
4.86505E-01 3.52598E-02 1.01419E-02 
5.38593E-01 5.95475E-02 1.20894E-02 
5.96994E-01 8.53594E-02 1.45961E-02 
6.63673E-01 1.12683E-01 1.78701E-02 
7.39410E-01 1.41371E-01 2.22177E-02 
8.24941E-01 1.71201E-01 2.80907E-02 
8.98306E-01 1.94912E-01 3.40817E-02 
9.21010E-01 2.01927E-01 3.61402E-02 
1.03743E+00 2.35750E-01 4.84648E-02 
1.16833E+00 2.69934E-01 6.65928E-02 
1.31495E+00 3.04125E-01 9.39375E-02 
1.47857E+00 3.37665E-01 1.36346E-01 
1.67571E+00 4.00802E-01 2.04098E-01 
1.89525E+00 4.35569E-01 3.16085E-01 
2.13954E+00 4.69107E-01 5.07484E-01 
2.41042E+00 5.01178E-01 8.47031E-01 
2.71016E+00 5.31515E-01 1.47227E+00 
3.04196E+00 5.60030E-01 2.66698E+00 
3.41241E+00 5.87206E-01 5.01844E+00 
3.84118E+00 6.15464E-01 9.70987E+00 
4.39257E+00 6.53188E-01 1.87993E+01 
5.24012E+00 7.21216E-01 3.45342E+01 
6.61362E+00 8.40347E-01 5.59214E+01 
8.38113E+00 9.80145E-01 7.61993E+01 
1.00324E+01 1.07648E+00 8.94551E+01 
4.41042E-01 2.17894E-02 7.30726E-03 
4.66334E-01 3.52705E-02 8.60689E-03 
5.18394E-01 6.01554E-02 1.02581E-02 
5.74159E-01 8.51536E-02 1.23870E-02 
6.37410E-01 1.11364E-01 1.51705E-02 
7.08784E-01 1.38613E-01 1.88612E-02 
7.88957E-01 1.66677E-01 2.38463E-02 
8.57460E-01 1.88804E-01 2.89377E-02 
8.78626E-01 1.95323E-01 3.06909E-02 
9.86814E-01 2.26546E-01 4.11725E-02 
1.10790E+00 2.57782E-01 5.65825E-02 
1.24298E+00 2.88672E-01 7.98367E-02 
1.39323E+00 3.19009E-01 1.15936E-01 
1.57402E+00 3.76277E-01 1.73643E-01 
1.77465E+00 4.06557E-01 2.68961E-01 
1.99695E+00 4.35547E-01 4.32033E-01 
2.24244E+00 4.62912E-01 7.21223E-01 
2.51300E+00 4.88437E-01 1.25421E+00 
2.81125E+00 5.12061E-01 2.27270E+00 
3.14310E+00 5.34273E-01 4.27988E+00 
3.52614E+00 5.57278E-01 8.28332E+00 
4.01868E+00 5.88620E-01 1.60450E+01 
4.77783E+00 6.46887E-01 2.94913E+01 
6.00947E+00 7.50262E-01 4.77820E+01 
7.58953E+00 8.71116E-01 6.51441E+01 
9.05403E+00 9.52481E-01 7.65095E+01 
4.23419E-01 2.23900E-02 6.20602E-03 
4.47868E-01 3.56899E-02 7.31075E-03 
4.99983E-01 6.13653E-02 8.71331E-03 
5.53007E-01 8.54838E-02 1.05217E-02 
6.12846E-01 1.10549E-01 1.28890E-02 
6.79974E-01 1.36344E-01 1.60293E-02 
7.55003E-01 1.62662E-01 2.02705E-02 
8.18831E-01 1.83212E-01 2.46050E-02 
8.38476E-01 1.89229E-01 2.60903E-02 
9.38782E-01 2.17907E-01 3.50044E-02 
1.05062E+00 2.46300E-01 4.81326E-02 
1.17487E+00 2.74064E-01 6.79384E-02 
1.31256E+00 3.01016E-01 9.87021E-02 
1.47802E+00 3.53055E-01 1.47882E-01 
1.66097E+00 3.79199E-01 2.29152E-01 
1.86286E+00 4.03989E-01 3.68246E-01 
2.08493E+00 4.27071E-01 6.15096E-01 
2.32855E+00 4.48235E-01 1.07005E+00 
2.59606E+00 4.67485E-01 1.93997E+00 
2.89259E+00 4.85289E-01 3.65443E+00 
3.23403E+00 5.03669E-01 7.07779E+00 
3.67307E+00 5.29395E-01 1.37170E+01 
4.35177E+00 5.78998E-01 2.52256E+01 
5.45445E+00 6.68348E-01 4.08959E+01 
6.86454E+00 7.72398E-01 5.57846E+01 
8.16081E+00 8.40700E-01 6.55456E+01 
4.07297E-01 2.35123E-02 5.26516E-03 
4.30813E-01 3.65951E-02 6.20072E-03 
4.82888E-01 6.32270E-02 7.39240E-03 
5.33165E-01 8.64229E-02 8.92540E-03 
5.89552E-01 1.10274E-01 1.09356E-02 
6.52460E-01 1.34564E-01 1.36042E-02 
7.22388E-01 1.59071E-01 1.72053E-02 
7.81673E-01 1.78038E-01 2.08925E-02 
7.99900E-01 1.83571E-01 2.21578E-02 
8.92595E-01 2.09712E-01 2.97347E-02 
9.95523E-01 2.35271E-01 4.09003E-02 
1.10945E+00 2.59966E-01 5.77664E-02 
1.23518E+00 2.83376E-01 8.39366E-02 
1.38604E+00 3.30472E-01 1.25801E-01 
1.55240E+00 3.53028E-01 1.95101E-01 
1.73509E+00 3.73912E-01 3.13632E-01 
1.93507E+00 3.93006E-01 5.24090E-01 
2.15366E+00 4.10198E-01 9.12397E-01 
2.39258E+00 4.25486E-01 1.65486E+00 
2.65640E+00 4.39337E-01 3.11862E+00 
2.95936E+00 4.53595E-01 6.04350E+00 
3.34916E+00 4.74328E-01 1.17202E+01 
3.95367E+00 5.16158E-01 2.15656E+01 
4.93759E+00 5.92875E-01 3.49831E+01 
6.19156E+00 6.81860E-01 4.77458E+01 
7.33429E+00 7.38633E-01 5.61234E+01 
3.93113E-01 2.52009E-02 4.48383E-03 
4.15875E-01 3.81514E-02 5.28063E-03 
4.67383E-01 6.56375E-02 6.29596E-03 
5.15159E-01 8.79906E-02 7.60394E-03 
5.68153E-01 1.10579E-01 9.31670E-03 
6.26979E-01 1.33329E-01 1.15935E-02 
6.92065E-01 1.56035E-01 1.46653E-02 
7.47067E-01 1.73454E-01 1.78112E-02 
7.63958E-01 1.78509E-01 1.88948E-02 
8.49561E-01 2.02194E-01 2.53714E-02 
9.44211E-01 2.25069E-01 3.49005E-02 
1.04863E+00 2.46887E-01 4.93272E-02 
1.16340E+00 2.67443E-01 7.17066E-02 
1.30087E+00 3.09735E-01 1.07565E-01 
1.45191E+00 3.28754E-01 1.66829E-01 
1.61706E+00 3.46108E-01 2.68268E-01 
1.79717E+00 3.61671E-01 4.48699E-01 
1.99301E+00 3.75334E-01 7.81390E-01 
2.20629E+00 3.87168E-01 1.41826E+00 
2.44080E+00 3.97600E-01 2.67434E+00 
2.70941E+00 4.08323E-01 5.18444E+00 
3.05521E+00 4.24764E-01 1.00589E+01 
3.59366E+00 4.59875E-01 1.85209E+01 
4.47161E+00 5.25586E-01 3.00615E+01 
5.58680E+00 6.01513E-01 4.10506E+01 
6.59395E+00 6.48470E-01 4.82711E+01 
3.80524E-01 2.75483E-02 3.82223E-03 
4.02154E-01 4.01151E-02 4.50322E-03 
4.53488E-01 6.89372E-02 5.37047E-03 
4.98450E-01 9.01896E-02 6.48712E-03 
5.48109E-01 1.11445E-01 7.95115E-03 
6.02976E-01 1.32614E-01 9.89764E-03 
6.63449E-01 1.53507E-01 1.25289E-02 
7.14311E-01 1.69356E-01 1.52159E-02 
7.29887E-01 1.73919E-01 1.61410E-02 
8.08782E-01 1.95193E-01 2.16859E-02 
8.95688E-01 2.15478E-01 2.98545E-02 
9.91125E-01 2.34541E-01 4.21968E-02 
1.09571E+00 2.52298E-01 6.13952E-02 
1.22060E+00 2.90179E-01 9.21272E-02 
1.35744E+00 3.05873E-01 1.42965E-01 
1.50647E+00 3.20010E-01 2.30103E-01 
1.66817E+00 3.32358E-01 3.84995E-01 
1.84326E+00 3.42878E-01 6.70824E-01 
2.03300E+00 3.51643E-01 1.21802E+00 
2.24090E+00 3.59092E-01 2.29826E+00 
2.47841E+00 3.66756E-01 4.45796E+00 
2.78443E+00 3.79476E-01 8.65387E+00 
3.26302E+00 4.08688E-01 1.59428E+01 
4.04502E+00 4.64683E-01 2.58923E+01 
5.03499E+00 5.29136E-01 3.53737E+01 
5.92067E+00 5.67640E-01 4.16094E+01 
3.69411E-01 3.05977E-02 3.26563E-03 
3.89774E-01 4.26656E-02 3.84709E-03 
4.40925E-01 7.31143E-02 4.58885E-03 
4.82962E-01 9.30689E-02 5.54590E-03 
5.29305E-01 1.12881E-01 6.79921E-03 
5.80306E-01 1.32390E-01 8.46644E-03 
6.36314E-01 1.51424E-01 1.07221E-02 
6.83285E-01 1.65704E-01 1.30304E-02 
6.97640E-01 1.69792E-01 1.38229E-02 
7.70150E-01 1.88669E-01 1.85783E-02 
8.49729E-01 2.06390E-01 2.55932E-02 
9.36859E-01 2.22809E-01 3.62012E-02 
1.03191E+00 2.37644E-01 5.26945E-02 
1.14506E+00 2.71416E-01 7.91050E-02 
1.26882E+00 2.84321E-01 1.22880E-01 
1.40288E+00 2.95495E-01 1.97886E-01 
1.54766E+00 3.04946E-01 3.31195E-01 
1.70374E+00 3.12662E-01 5.77431E-01 
1.87212E+00 3.18738E-01 1.04911E+00 
2.05582E+00 3.23598E-01 1.98034E+00 
2.26516E+00 3.28628E-01 3.84303E+00 
2.53528E+00 3.38149E-01 7.46505E+00 
2.95973E+00 3.62206E-01 1.37592E+01 
3.65502E+00 4.09654E-01 2.23574E+01 
4.53217E+00 4.64063E-01 3.05570E+01 
5.30921E+00 4.95321E-01 3.59529E+01 
3.59584E-01 3.43304E-02 2.79559E-03 
3.78918E-01 4.59734E-02 3.29460E-03 
4.29338E-01 7.80433E-02 3.93022E-03 
4.68499E-01 9.65745E-02 4.75275E-03 
5.11605E-01 1.14851E-01 5.82892E-03 
5.58878E-01 1.32627E-01 7.26253E-03 
6.10583E-01 1.49744E-01 9.19927E-03 
6.53838E-01 1.62433E-01 1.11869E-02 
6.67038E-01 1.66045E-01 1.18687E-02 
7.33552E-01 1.82552E-01 1.59638E-02 
8.06299E-01 1.97800E-01 2.20031E-02 
8.85626E-01 2.11661E-01 3.11420E-02 
9.71847E-01 2.24006E-01 4.53651E-02 
1.07412E+00 2.53868E-01 6.81649E-02 
1.18566E+00 2.63967E-01 1.05891E-01 
1.30592E+00 2.72452E-01 1.70644E-01 
1.43526E+00 2.79312E-01 2.85803E-01 
1.57395E+00 2.84542E-01 4.98553E-01 
1.72289E+00 2.88276E-01 9.06343E-01 
1.88466E+00 2.90903E-01 1.71175E+00 
2.06855E+00 2.93692E-01 3.32281E+00 
2.30626E+00 3.00474E-01 6.45755E+00 
2.68191E+00 3.20059E-01 1.19081E+01 
3.29895E+00 3.60015E-01 1.93580E+01 
4.07463E+00 4.05665E-01 2.64662E+01 
4.75470E+00 4.30751E-01 3.11446E+01 
3.50868E-01 3.87352E-02 2.39803E-03 
3.68956E-01 4.97245E-02 2.82753E-03 
4.18065E-01 8.32135E-02 3.37560E-03 
4.54828E-01 1.00633E-01 4.08305E-03 
4.94799E-01 1.17267E-01 5.01104E-03 
5.38485E-01 1.33232E-01 6.24659E-03 
5.86118E-01 1.48381E-01 7.91937E-03 
6.25838E-01 1.59469E-01 9.63233E-03 
6.37938E-01 1.62596E-01 1.02213E-02 
6.98825E-01 1.76763E-01 1.37578E-02 
7.65171E-01 1.89602E-01 1.89791E-02 
8.37212E-01 2.01005E-01 2.68733E-02 
9.15266E-01 2.11014E-01 3.91843E-02 
1.00733E+00 2.37200E-01 5.89024E-02 
1.10759E+00 2.44684E-01 9.15643E-02 
1.21523E+00 2.50743E-01 1.47646E-01 
1.33030E+00 2.55271E-01 2.47444E-01 
1.45314E+00 2.58323E-01 4.31874E-01 
1.58436E+00 2.60023E-01 7.85278E-01 
1.72628E+00 2.60754E-01 1.48382E+00 
1.88723E+00 2.61659E-01 2.88202E+00 
2.09572E+00 2.66121E-01 5.60220E+00 
2.42731E+00 2.81838E-01 1.03348E+01 
2.97380E+00 3.15250E-01 1.68062E+01 
3.65827E+00 3.53286E-01 2.29826E+01 
4.25182E+00 3.73141E-01 2.70456E+01 
3.43210E-01 4.38534E-02 2.06387E-03 
3.59938E-01 5.39842E-02 2.43419E-03 
4.07785E-01 8.93977E-02 2.90779E-03 
4.41826E-01 1.05139E-01 3.51971E-03 
4.78789E-01 1.20019E-01 4.32383E-03 
5.19030E-01 1.34077E-01 5.39240E-03 
5.62802E-01 1.47215E-01 6.84147E-03 
5.99225E-01 1.56696E-01 8.32677E-03 
6.10310E-01 1.59349E-01 8.83820E-03 
6.65903E-01 1.71188E-01 1.19038E-02 
7.26256E-01 1.81668E-01 1.64308E-02 
7.91600E-01 1.90734E-01 2.32934E-02 
8.62061E-01 1.98282E-01 3.39754E-02 
9.44639E-01 2.21063E-01 5.10994E-02 
1.03456E+00 2.26395E-01 7.95117E-02 
1.13054E+00 2.30265E-01 1.28268E-01 
1.23265E+00 2.32749E-01 2.15050E-01 
1.34100E+00 2.33900E-01 3.75453E-01 
1.45620E+00 2.33871E-01 6.82997E-01 
1.58021E+00 2.33017E-01 1.29093E+00 
1.72052E+00 2.32366E-01 2.50833E+00 
1.90280E+00 2.34895E-01 4.87697E+00 
2.19484E+00 2.47302E-01 8.99885E+00 
2.67788E+00 2.75030E-01 1.46364E+01 
3.28068E+00 3.06494E-01 2.00166E+01 
3.79738E+00 3.21962E-01 2.35517E+01 
3.36436E-01 4.96043E-02 1.78248E-03 
3.52044E-01 5.89035E-02 2.10464E-03 
3.98033E-01 9.60849E-02 2.51539E-03 
4.29293E-01 1.09888E-01 3.04666E-03 
4.63371E-01 1.22904E-01 3.74565E-03 
5.00398E-01 1.34997E-01 4.67636E-03 
5.40547E-01 1.46088E-01 5.93694E-03 
5.73859E-01 1.53944E-01 7.22927E-03 
5.83985E-01 1.56117E-01 7.67484E-03 
6.34673E-01 1.65679E-01 1.03467E-02 
6.89514E-01 1.73892E-01 1.42930E-02 
7.48618E-01 1.80717E-01 2.02783E-02 
8.12086E-01 1.86061E-01 2.95907E-02 
8.85922E-01 2.05729E-01 4.45500E-02 
9.66272E-01 2.08973E-01 6.93407E-02 
1.05157E+00 2.10905E-01 1.11896E-01 
1.14182E+00 2.11599E-01 1.87685E-01 
1.23709E+00 2.11136E-01 3.27809E-01 
1.33777E+00 2.09658E-01 5.96494E-01 
1.44567E+00 2.07510E-01 1.12767E+00 
1.56746E+00 2.05602E-01 2.19094E+00 
1.72628E+00 2.06550E-01 4.26079E+00 
1.98286E+00 2.16148E-01 7.86241E+00 
2.40901E+00 2.38973E-01 1.27880E+01 
2.93883E+00 2.64795E-01 1.74861E+01 
3.38745E+00 2.76621E-01 2.05671E+01 
3.30245E-01 5.56532E-02 1.54632E-03 
3.44660E-01 6.39071E-02 1.82759E-03 
3.88376E-01 1.02888E-01 2.18698E-03 
4.17116E-01 1.14694E-01 2.65117E-03 
4.48453E-01 1.25698E-01 3.26153E-03 
4.82456E-01 1.35753E-01 4.07526E-03 
5.19251E-01 1.44781E-01 5.17954E-03 
5.49691E-01 1.51032E-01 6.31070E-03 
5.58923E-01 1.52731E-01 6.70058E-03 
6.05077E-01 1.60082E-01 9.03995E-03 
6.54802E-01 1.66126E-01 1.24985E-02 
7.08189E-01 1.70874E-01 1.77425E-02 
7.65256E-01 1.74458E-01 2.59178E-02 
8.30920E-01 1.90995E-01 3.90268E-02 
9.02509E-01 1.92313E-01 6.07684E-02 
9.78086E-01 1.92552E-01 9.80931E-02 
1.05756E+00 1.91718E-01 1.64583E-01 
1.14094E+00 1.89901E-01 2.87500E-01 
1.22856E+00 1.87248E-01 5.23201E-01 
1.32198E+00 1.84073E-01 9.88982E-01 
1.42719E+00 1.81185E-01 1.92152E+00 
1.56506E+00 1.80868E-01 3.73607E+00 
1.78994E+00 1.88112E-01 6.89334E+00 
2.16524E+00 2.06738E-01 1.12094E+01 
2.63005E+00 2.27753E-01 1.53220E+01 
3.01855E+00 2.36594E-01 1.80112E+01 
3.24532E-01 6.18091E-02 1.34891E-03 
3.37752E-01 6.87595E-02 1.59553E-03 
3.78201E-01 1.08626E-01 1.91183E-03 
4.05071E-01 1.19095E-01 2.31986E-03 
4.33923E-01 1.28099E-01 2.85688E-03 
4.65135E-01 1.36085E-01 3.57288E-03 
4.98807E-01 1.43043E-01 4.54350E-03 
5.26618E-01 1.47724E-01 5.54052E-03 
5.35048E-01 1.48978E-01 5.88405E-03 
5.77014E-01 1.54189E-01 7.94456E-03 
6.22051E-01 1.58204E-01 1.09913E-02 
6.70162E-01 1.61035E-01 1.56094E-02 
7.21333E-01 1.62741E-01 2.28150E-02 
7.79473E-01 1.76511E-01 3.43701E-02 
8.43049E-01 1.76283E-01 5.35239E-02 
9.09733E-01 1.75079E-01 8.64153E-02 
9.79422E-01 1.72973E-01 1.44990E-01 
1.05206E+00 1.70061E-01 2.53280E-01 
1.12791E+00 1.66488E-01 4.60824E-01 
1.20835E+00 1.62538E-01 8.70917E-01 
1.29880E+00 1.58927E-01 1.69162E+00 
1.41798E+00 1.57629E-01 3.28783E+00 
1.61459E+00 1.62925E-01 6.06392E+00 
1.94448E+00 1.77978E-01 9.85591E+00 
2.35149E+00 1.94928E-01 1.34631E+01 
2.68702E+00 2.01354E-01 1.58126E+01 
3.19339E-01 6.80145E-02 1.18378E-03 
3.31746E-01 7.40249E-02 1.40234E-03 
3.68552E-01 1.14937E-01 1.68166E-03 
3.93150E-01 1.22846E-01 2.04307E-03 
4.19716E-01 1.29742E-01 2.51813E-03 
4.48414E-01 1.35683E-01 3.15320E-03 
4.79270E-01 1.40637E-01 4.01299E-03 
5.04658E-01 1.43801E-01 4.89560E-03 
5.12333E-01 1.44614E-01 5.19953E-03 
5.50483E-01 1.47827E-01 7.02615E-03 
5.91223E-01 1.49955E-01 9.72481E-03 
6.34527E-01 1.51033E-01 1.38217E-02 
6.80312E-01 1.51011E-01 2.02007E-02 
7.31511E-01 1.62367E-01 3.04366E-02 
7.87750E-01 1.60812E-01 4.74110E-02 
8.46343E-01 1.58410E-01 7.65278E-02 
9.07141E-01 1.55283E-01 1.28390E-01 
9.70069E-01 1.51527E-01 2.24171E-01 
1.03536E+00 1.47277E-01 4.07728E-01 
1.10421E+00 1.42788E-01 7.70122E-01 
1.18153E+00 1.38685E-01 1.49493E+00 
1.28414E+00 1.36667E-01 2.90361E+00 
1.45558E+00 1.40377E-01 5.35105E+00 
1.74512E+00 1.52425E-01 8.69051E+00 
2.10090E+00 1.65969E-01 1.18598E+01 
2.38996E+00 1.70476E-01 1.39137E+01 
3.14503E-01 7.36187E-02 1.04631E-03 
3.25858E-01 7.78128E-02 1.24133E-03 
3.58540E-01 1.19368E-01 1.49039E-03 
3.81400E-01 1.25502E-01 1.81265E-03 
4.05927E-01 1.30302E-01 2.23606E-03 
4.32338E-01 1.34224E-01 2.80132E-03 
4.60659E-01 1.37277E-01 3.56860E-03 
4.83864E-01 1.39034E-01 4.35529E-03 
4.90861E-01 1.39444E-01 4.62622E-03 
5.25544E-01 1.40838E-01 6.25412E-03 
5.62359E-01 1.41273E-01 8.66002E-03 
6.01239E-01 1.40822E-01 1.23074E-02 
6.42082E-01 1.39621E-01 1.79970E-02 
6.86894E-01 1.48559E-01 2.71037E-02 
7.36437E-01 1.45832E-01 4.22070E-02 
7.87679E-01 1.42487E-01 6.81197E-02 
8.40445E-01 1.38593E-01 1.14176E-01 
8.94673E-01 1.34236E-01 1.99284E-01 
9.50484E-01 1.29537E-01 3.62151E-01 
1.00903E+00 1.24724E-01 6.83515E-01 
1.07471E+00 1.20339E-01 1.32567E+00 
1.16266E+00 1.17830E-01 2.57205E+00 
1.31183E+00 1.20282E-01 4.73513E+00 
1.56557E+00 1.29826E-01 7.68148E+00 
1.87615E+00 1.40548E-01 1.04699E+01 
2.12460E+00 1.43564E-01 1.22653E+01 
3.10111E-01 7.83423E-02 9.32571E-04 
3.20775E-01 8.10269E-02 1.10752E-03 
3.48728E-01 1.22709E-01 1.33131E-03 
3.69926E-01 1.26481E-01 1.62046E-03 
3.92720E-01 1.29394E-01 2.00084E-03 
4.17129E-01 1.31483E-01 2.50783E-03 
4.43163E-01 1.32784E-01 3.19565E-03 
4.64402E-01 1.33268E-01 3.90175E-03 
4.70787E-01 1.33329E-01 4.14474E-03 
5.02296E-01 1.33101E-01 5.60353E-03 
5.35528E-01 1.32086E-01 7.75999E-03 
5.70363E-01 1.30348E-01 1.10257E-02 
6.06691E-01 1.27991E-01 1.61173E-02 
6.45632E-01 1.34924E-01 2.42660E-02 
6.89077E-01 1.31329E-01 3.77553E-02 
7.33632E-01 1.27306E-01 6.08889E-02 
7.79153E-01 1.22885E-01 1.02004E-01 
8.25526E-01 1.18152E-01 1.77822E-01 
8.72920E-01 1.13218E-01 3.22852E-01 
9.22314E-01 1.08277E-01 6.08609E-01 
9.77717E-01 1.03792E-01 1.17877E+00 
1.05276E+00 1.00992E-01 2.28421E+00 
1.18231E+00 1.02473E-01 4.19957E+00 
1.40445E+00 1.09959E-01 6.80280E+00 
1.67528E+00 1.18371E-01 9.25735E+00 
1.88841E+00 1.20257E-01 1.08259E+01 
3.06380E-01 8.17850E-02 8.38138E-04 
3.16791E-01 8.39306E-02 9.96604E-04 
3.39360E-01 1.23621E-01 1.19879E-03 
3.59148E-01 1.25722E-01 1.46010E-03 
3.80412E-01 1.26841E-01 1.80327E-03 
4.03065E-01 1.27287E-01 2.26169E-03 
4.27041E-01 1.27050E-01 2.88185E-03 
4.46489E-01 1.26431E-01 3.51861E-03 
4.52315E-01 1.26185E-01 3.73778E-03 
4.80929E-01 1.24592E-01 5.05231E-03 
5.10860E-01 1.22383E-01 6.99315E-03 
5.41988E-01 1.19614E-01 9.93448E-03 
5.74203E-01 1.16284E-01 1.45076E-02 
6.07774E-01 1.21499E-01 2.18262E-02 
6.45644E-01 1.17372E-01 3.39342E-02 
6.84148E-01 1.12905E-01 5.46590E-02 
7.23117E-01 1.08184E-01 9.14551E-02 
7.62464E-01 1.03283E-01 1.59225E-01 
8.02340E-01 9.83013E-02 2.88648E-01 
8.43658E-01 9.34001E-02 5.43312E-01 
8.90038E-01 8.89704E-02 1.05075E+00 
9.53791E-01 8.60510E-02 2.03261E+00 
1.06609E+00 8.68047E-02 3.73041E+00 
1.26045E+00 9.26230E-02 6.03203E+00 
1.49649E+00 9.91680E-02 8.19273E+00 
1.67907E+00 1.00225E-01 9.56148E+00 
3.03640E-01 8.38828E-02 7.59444E-04 
3.13624E-01 8.42880E-02 9.03935E-04 
3.30722E-01 1.22405E-01 1.08787E-03 
3.49511E-01 1.23025E-01 1.32535E-03 
3.69436E-01 1.22584E-01 1.63697E-03 
3.90484E-01 1.21588E-01 2.05253E-03 
4.12602E-01 1.20071E-01 2.61532E-03 
4.30394E-01 1.18556E-01 3.19158E-03 
4.35709E-01 1.18061E-01 3.39018E-03 
4.61652E-01 1.15397E-01 4.58025E-03 
4.88529E-01 1.12269E-01 6.33520E-03 
5.16231E-01 1.08740E-01 8.98980E-03 
5.44605E-01 1.04863E-01 1.31154E-02 
5.73310E-01 1.08521E-01 1.97093E-02 
6.06070E-01 1.04039E-01 3.05988E-02 
6.39074E-01 9.93534E-02 4.92199E-02 
6.72155E-01 9.45413E-02 8.22086E-02 
7.05254E-01 8.96578E-02 1.42907E-01 
7.38473E-01 8.47851E-02 2.58614E-01 
7.72682E-01 8.00622E-02 4.85887E-01 
8.11182E-01 7.58148E-02 9.37776E-01 
8.65081E-01 7.29069E-02 1.81075E+00 
9.62314E-01 7.31407E-02 3.31641E+00 
1.13237E+00 7.76258E-02 5.35117E+00 
1.33814E+00 8.26863E-02 7.25234E+00 
1.49441E+00 8.31574E-02 8.44462E+00 
3.02268E-01 8.42420E-02 6.93618E-04 
3.11951E-01 8.34357E-02 8.25758E-04 
3.23704E-01 1.19314E-01 9.93940E-04 
3.41498E-01 1.18358E-01 1.21057E-03 
3.60212E-01 1.16642E-01 1.49496E-03 
3.79777E-01 1.14526E-01 1.87316E-03 
4.00153E-01 1.12011E-01 2.38534E-03 
4.16404E-01 1.09820E-01 2.90936E-03 
4.21229E-01 1.09141E-01 3.08930E-03 
4.44649E-01 1.05694E-01 4.16981E-03 
4.68674E-01 1.01934E-01 5.76100E-03 
4.93170E-01 9.79184E-02 8.16378E-03 
5.17973E-01 9.37406E-02 1.18954E-02 
5.42228E-01 9.61185E-02 1.78440E-02 
5.70365E-01 9.14687E-02 2.76608E-02 
5.98377E-01 8.67659E-02 4.44054E-02 
6.26177E-01 8.20301E-02 7.40501E-02 
6.53665E-01 7.73114E-02 1.28446E-01 
6.81020E-01 7.26749E-02 2.31979E-01 
7.09016E-01 6.82351E-02 4.34909E-01 
7.40653E-01 6.42586E-02 8.37535E-01 
7.86033E-01 6.14695E-02 1.61356E+00 
8.70193E-01 6.13506E-02 2.94869E+00 
1.01912E+00 6.47885E-02 4.74674E+00 
1.19861E+00 6.86796E-02 6.41735E+00 
1.33237E+00 6.87553E-02 7.45369E+00 
3.02521E-01 8.29690E-02 6.37541E-04 
3.12026E-01 8.16354E-02 7.58707E-04 
3.18869E-01 1.13507E-01 9.12831E-04 
3.35599E-01 1.11859E-01 1.11113E-03 
3.53110E-01 1.09306E-01 1.37105E-03 
3.71242E-01 1.06364E-01 1.71658E-03 
3.89905E-01 1.03144E-01 2.18309E-03 
4.04665E-01 1.00489E-01 2.66069E-03 
4.09023E-01 9.96872E-02 2.82460E-03 
4.30017E-01 9.57388E-02 3.80654E-03 
4.51320E-01 9.16079E-02 5.25103E-03 
4.72779E-01 8.73415E-02 7.42972E-03 
4.94281E-01 8.29828E-02 1.08053E-02 
5.14517E-01 8.43654E-02 1.61807E-02 
5.38373E-01 7.98010E-02 2.50285E-02 
5.61872E-01 7.52364E-02 4.01047E-02 
5.84901E-01 7.07103E-02 6.67202E-02 
6.07436E-01 6.62676E-02 1.15495E-01 
6.29623E-01 6.19589E-02 2.08112E-01 
6.52191E-01 5.78688E-02 3.89269E-01 
6.77924E-01 5.42237E-02 7.47959E-01 
7.15937E-01 5.16205E-02 1.43732E+00 
7.88774E-01 5.12775E-02 2.62002E+00 
9.19350E-01 5.39013E-02 4.20678E+00 
1.07615E+00 5.68837E-02 5.67234E+00 
1.19072E+00 5.67080E-02 6.57104E+00 
3.04595E-01 8.04760E-02 5.88730E-04 
3.13854E-01 7.82337E-02 7.00142E-04 
3.16240E-01 1.06757E-01 8.41559E-04 
3.32012E-01 1.04310E-01 1.02344E-03 
3.48326E-01 1.01024E-01 1.26122E-03 
3.65003E-01 9.75338E-02 1.57703E-03 
3.81970E-01 9.38863E-02 2.00307E-03 
3.95236E-01 9.09637E-02 2.43828E-03 
3.99132E-01 9.00964E-02 2.58767E-03 
4.17786E-01 8.58970E-02 3.48137E-03 
4.36452E-01 8.16188E-02 4.79344E-03 
4.55039E-01 7.73013E-02 6.76994E-03 
4.73459E-01 7.29451E-02 9.82537E-03 
4.90071E-01 7.35660E-02 1.46828E-02 
5.10016E-01 6.92108E-02 2.26613E-02 
5.29437E-01 6.48979E-02 3.62361E-02 
5.48236E-01 6.06789E-02 6.01503E-02 
5.66405E-01 5.65811E-02 1.03876E-01 
5.84092E-01 5.26448E-02 1.86757E-01 
6.01991E-01 4.89435E-02 3.48398E-01 
6.22660E-01 4.56573E-02 6.67699E-01 
6.54394E-01 4.32762E-02 1.27991E+00 
7.17507E-01 4.28058E-02 2.32676E+00 
8.32280E-01 4.48065E-02 3.72569E+00 
9.69654E-01 4.70943E-02 5.01007E+00 
1.06800E+00 4.67709E-02 5.78803E+00 
3.08441E-01 7.67573E-02 5.44789E-04 
3.17365E-01 7.40011E-02 6.47371E-04 
3.16356E-01 9.87108E-02 7.77147E-04 
3.30757E-01 9.59346E-02 9.43862E-04 
3.45746E-01 9.22319E-02 1.16154E-03 
3.60891E-01 8.84564E-02 1.45020E-03 
3.76098E-01 8.45990E-02 1.83901E-03 
3.87876E-01 8.15743E-02 2.23557E-03 
3.91316E-01 8.06861E-02 2.37176E-03 
4.07634E-01 7.64375E-02 3.18471E-03 
4.23758E-01 7.21892E-02 4.37660E-03 
4.39613E-01 6.79704E-02 6.16763E-03 
4.55090E-01 6.38173E-02 8.93303E-03 
4.68466E-01 6.38365E-02 1.33189E-02 
4.84874E-01 5.97397E-02 2.05132E-02 
5.00622E-01 5.57516E-02 3.27210E-02 
5.15661E-01 5.18885E-02 5.41903E-02 
5.29977E-01 4.81718E-02 9.33560E-02 
5.43744E-01 4.46318E-02 1.67393E-01 
5.57632E-01 4.13244E-02 3.11538E-01 
5.73971E-01 3.83978E-02 5.95494E-01 
6.00337E-01 3.62552E-02 1.13843E+00 
6.55096E-01 3.57241E-02 2.06394E+00 
7.56243E-01 3.72493E-02 3.29568E+00 
8.76934E-01 3.90070E-02 4.41943E+00 
9.61545E-01 3.86063E-02 5.09152E+00 
3.13644E-01 7.24204E-02 5.04423E-04 
3.22005E-01 6.95269E-02 5.98605E-04 
3.18137E-01 9.06470E-02 7.17882E-04 
3.31476E-01 8.72013E-02 8.70411E-04 
3.45000E-01 8.34206E-02 1.06967E-03 
3.58506E-01 7.95546E-02 1.33335E-03 
3.71916E-01 7.56641E-02 1.68791E-03 
3.82188E-01 7.26581E-02 2.04904E-03 
3.85166E-01 7.17818E-02 2.17291E-03 
3.99185E-01 6.76282E-02 2.91197E-03 
4.12870E-01 6.35314E-02 3.99369E-03 
4.26128E-01 5.95162E-02 5.61595E-03 
4.38871E-01 5.56226E-02 8.11682E-03 
4.49368E-01 5.52073E-02 1.20754E-02 
4.62570E-01 5.14386E-02 1.85554E-02 
4.75037E-01 4.78056E-02 2.95266E-02 
4.86745E-01 4.43144E-02 4.87762E-02 
4.97712E-01 4.09827E-02 8.38238E-02 
5.08109E-01 3.78321E-02 1.49928E-01 
5.18555E-01 3.49038E-02 2.78359E-01 
5.31234E-01 3.23207E-02 5.30750E-01 
5.53029E-01 3.04130E-02 1.01178E+00 
6.00637E-01 2.98641E-02 1.82938E+00 
6.90061E-01 3.10289E-02 2.91296E+00 
7.96435E-01 3.23824E-02 3.89503E+00 
8.69442E-01 3.19505E-02 4.47492E+00 
3.19566E-01 6.78441E-02 4.66868E-04 
3.27240E-01 6.47568E-02 5.53266E-04 
3.21595E-01 8.23929E-02 6.62475E-04 
3.33449E-01 7.88266E-02 8.02195E-04 
3.45435E-01 7.49848E-02 9.84190E-04 
3.57249E-01 7.11560E-02 1.22478E-03 
3.68845E-01 6.73564E-02 1.54791E-03 
3.77613E-01 6.44519E-02 1.87667E-03 
3.80139E-01 6.36071E-02 1.98915E-03 
3.91944E-01 5.96390E-02 2.66066E-03 
4.03288E-01 5.57692E-02 3.64110E-03 
4.14103E-01 5.20173E-02 5.10980E-03 
4.24369E-01 4.83802E-02 7.36916E-03 
4.32302E-01 4.76777E-02 1.09396E-02 
4.42618E-01 4.42674E-02 1.67719E-02 
4.52186E-01 4.09926E-02 2.66295E-02 
4.60978E-01 3.78676E-02 4.38902E-02 
4.69046E-01 3.49034E-02 7.52447E-02 
4.76544E-01 3.21130E-02 1.34250E-01 
4.84084E-01 2.95381E-02 2.48610E-01 
4.93653E-01 2.72701E-02 4.72746E-01 
5.11597E-01 2.55840E-02 8.98950E-01 
5.53067E-01 2.50435E-02 1.62081E+00 
6.32374E-01 2.59352E-02 2.57347E+00 
7.26464E-01 2.69801E-02 3.43136E+00 
7.89662E-01 2.65452E-02 3.93133E+00 
3.25440E-01 6.32423E-02 4.31412E-04 
3.32363E-01 6.00206E-02 5.10729E-04 
3.25617E-01 7.43187E-02 6.10690E-04 
3.35914E-01 7.09637E-02 7.38553E-04 
3.46321E-01 6.71955E-02 9.04768E-04 
3.56443E-01 6.34910E-02 1.12434E-03 
3.66232E-01 5.98507E-02 1.41859E-03 
3.73560E-01 5.70866E-02 1.71765E-03 
3.75660E-01 5.62883E-02 1.82013E-03 
3.85353E-01 5.25532E-02 2.43006E-03 
3.94510E-01 4.89417E-02 3.31895E-03 
4.03099E-01 4.54647E-02 4.64885E-03 
4.11068E-01 4.21331E-02 6.68940E-03 
4.16790E-01 4.12172E-02 9.91028E-03 
4.24554E-01 3.81410E-02 1.51593E-02 
4.31577E-01 3.52088E-02 2.40157E-02 
4.37853E-01 3.24261E-02 3.94922E-02 
4.43426E-01 2.98004E-02 6.75455E-02 
4.48467E-01 2.73429E-02 1.20224E-01 
4.53538E-01 2.50794E-02 2.22058E-01 
4.60492E-01 2.30911E-02 4.21160E-01 
4.75159E-01 2.16057E-02 7.98759E-01 
5.11358E-01 2.10888E-02 1.43616E+00 
5.81923E-01 2.17721E-02 2.27380E+00 
6.65452E-01 2.25827E-02 3.02327E+00 
7.20332E-01 2.21607E-02 3.45418E+00 
3.30572E-01 5.89058E-02 3.98325E-04 
3.36619E-01 5.57146E-02 4.71080E-04 
3.28876E-01 6.76310E-02 5.62702E-04 
3.38160E-01 6.38302E-02 6.79638E-04 
3.46991E-01 6.02077E-02 8.31532E-04 
3.55474E-01 5.66642E-02 1.03181E-03 
3.63561E-01 5.32115E-02 1.30010E-03 
3.69531E-01 5.06060E-02 1.57222E-03 
3.71223E-01 4.98587E-02 1.66541E-03 
3.78967E-01 4.63685E-02 2.21950E-03 
3.86140E-01 4.30187E-02 3.02651E-03 
3.92702E-01 3.98193E-02 4.22999E-03 
3.98629E-01 3.67849E-02 6.07618E-03 
4.02425E-01 3.57200E-02 8.98145E-03 
4.07969E-01 3.29527E-02 1.37109E-02 
4.12787E-01 3.03313E-02 2.16712E-02 
4.16895E-01 2.78579E-02 3.55561E-02 
4.20341E-01 2.55349E-02 6.06702E-02 
4.23297E-01 2.33703E-02 1.07730E-01 
4.26288E-01 2.13829E-02 1.98479E-01 
4.31042E-01 1.96401E-02 3.75507E-01 
4.42924E-01 1.83318E-02 7.10209E-01 
4.74584E-01 1.78456E-02 1.27343E+00 
5.37573E-01 1.83701E-02 2.01044E+00 
6.11972E-01 1.89997E-02 2.66541E+00 
6.59781E-01 1.86001E-02 3.03688E+00 
3.34392E-01 5.49783E-02 3.67930E-04 
3.39608E-01 5.17773E-02 4.34723E-04 
3.32003E-01 6.09474E-02 5.18727E-04 
3.39605E-01 5.75168E-02 6.25913E-04 
3.46948E-01 5.40618E-02 7.64961E-04 
3.53901E-01 5.06908E-02 9.47916E-04 
3.60425E-01 4.74261E-02 1.19270E-03 
3.65151E-01 4.49810E-02 1.44083E-03 
3.66479E-01 4.42792E-02 1.52557E-03 
3.72462E-01 4.10248E-02 2.02949E-03 
3.77849E-01 3.79247E-02 2.76231E-03 
3.82618E-01 3.49840E-02 3.85359E-03 
3.86768E-01 3.21961E-02 5.52428E-03 
3.88904E-01 3.10525E-02 8.14995E-03 
3.92512E-01 2.85699E-02 1.24142E-02 
3.95433E-01 2.62277E-02 1.95790E-02 
3.97681E-01 2.40279E-02 3.20517E-02 
3.99317E-01 2.19710E-02 5.45620E-02 
4.00506E-01 2.00608E-02 9.66393E-02 
4.01750E-01 1.83149E-02 1.77623E-01 
4.04647E-01 1.67855E-02 3.35149E-01 
4.14155E-01 1.56316E-02 6.32216E-01 
4.41888E-01 1.51789E-02 1.13041E+00 
4.98279E-01 1.55816E-02 1.77948E+00 
5.64772E-01 1.60728E-02 2.35244E+00 
6.06521E-01 1.56981E-02 2.67264E+00 
3.36462E-01 5.14974E-02 3.40259E-04 
3.40940E-01 4.82983E-02 4.01757E-04 
3.33861E-01 5.50299E-02 4.79042E-04 
3.39788E-01 5.20396E-02 5.77390E-04 
3.45821E-01 4.87171E-02 7.04859E-04 
3.51410E-01 4.55125E-02 8.72506E-04 
3.56536E-01 4.24256E-02 1.09622E-03 
3.60171E-01 4.01256E-02 1.32276E-03 
3.61178E-01 3.94682E-02 1.40019E-03 
3.65615E-01 3.64310E-02 1.85982E-03 
3.69439E-01 3.35564E-02 2.52655E-03 
3.72649E-01 3.08455E-02 3.51874E-03 
3.75220E-01 2.83031E-02 5.03331E-03 
3.75953E-01 2.71008E-02 7.41060E-03 
3.77901E-01 2.48670E-02 1.12650E-02 
3.79191E-01 2.27708E-02 1.77247E-02 
3.79854E-01 2.08105E-02 2.89454E-02 
3.79951E-01 1.89857E-02 4.91545E-02 
3.79645E-01 1.72983E-02 8.68505E-02 
3.79407E-01 1.57591E-02 1.59204E-01 
3.80734E-01 1.44133E-02 2.99633E-01 
3.88207E-01 1.33942E-02 5.63555E-01 
4.12524E-01 1.29753E-02 1.00477E+00 
4.63143E-01 1.32842E-02 1.57704E+00 
5.22736E-01 1.36684E-02 2.07867E+00 
5.59266E-01 1.33196E-02 2.35464E+00 
3.36916E-01 4.84679E-02 3.15789E-04 
3.40724E-01 4.52824E-02 3.72594E-04 
3.33963E-01 5.02342E-02 4.43869E-04 
3.38737E-01 4.73332E-02 5.34465E-04 
3.43610E-01 4.41382E-02 6.51667E-04 
3.48018E-01 4.10724E-02 8.05590E-04 
3.51937E-01 3.81420E-02 1.01095E-03 
3.54619E-01 3.59705E-02 1.21839E-03 
3.55347E-01 3.53511E-02 1.28924E-03 
3.58432E-01 3.25056E-02 1.70942E-03 
3.60904E-01 2.98295E-02 2.31810E-03 
3.62746E-01 2.73247E-02 3.22140E-03 
3.63971E-01 2.49896E-02 4.59898E-03 
3.63491E-01 2.37617E-02 6.75604E-03 
3.64011E-01 2.17441E-02 1.02457E-02 
3.63911E-01 1.98612E-02 1.60861E-02 
3.63219E-01 1.81092E-02 2.62055E-02 
3.62004E-01 1.64854E-02 4.43870E-02 
3.60428E-01 1.49892E-02 7.82203E-02 
3.58937E-01 1.36286E-02 1.42997E-01 
3.58927E-01 1.24409E-02 2.68345E-01 
3.64659E-01 1.15376E-02 5.03369E-01 
3.85999E-01 1.11515E-02 8.94743E-01 
4.31554E-01 1.13879E-02 1.40006E+00 
4.85111E-01 1.16879E-02 1.83979E+00 
5.17150E-01 1.13660E-02 2.07786E+00 
3.35684E-01 4.58333E-02 2.93992E-04 
3.38915E-01 4.26604E-02 3.46558E-04 
3.32226E-01 4.63152E-02 4.12491E-04 
3.36384E-01 4.32401E-02 4.96114E-04 
3.40259E-01 4.01601E-02 6.04192E-04 
3.43644E-01 3.72183E-02 7.45838E-04 
3.46515E-01 3.44226E-02 9.34467E-04 
3.48369E-01 3.23637E-02 1.12491E-03 
3.48855E-01 3.17778E-02 1.18978E-03 
3.50768E-01 2.90990E-02 1.57446E-03 
3.52048E-01 2.65995E-02 2.13062E-03 
3.52702E-01 2.42758E-02 2.95467E-03 
3.52740E-01 2.21213E-02 4.20839E-03 
3.51212E-01 2.08880E-02 6.16797E-03 
3.50486E-01 1.90624E-02 9.33144E-03 
3.49167E-01 1.73684E-02 1.46121E-02 
3.47297E-01 1.57998E-02 2.37428E-02 
3.44947E-01 1.43521E-02 4.01087E-02 
3.42273E-01 1.30227E-02 7.04835E-02 
3.39703E-01 1.18182E-02 1.28497E-01 
3.38539E-01 1.07674E-02 2.40437E-01 
3.42743E-01 9.96630E-03 4.49641E-01 
3.61442E-01 9.61162E-03 7.96825E-01 
4.02478E-01 9.79116E-03 1.24296E+00 
4.50662E-01 1.00251E-02 1.62817E+00 
4.78733E-01 9.72841E-03 1.83306E+00 
3.33083E-01 4.36138E-02 2.74950E-04 
3.35834E-01 4.04322E-02 3.23777E-04 
3.29395E-01 4.29197E-02 3.84886E-04 
3.32969E-01 3.97497E-02 4.62307E-04 
3.35999E-01 3.67552E-02 5.62216E-04 
3.38502E-01 3.39127E-02 6.92915E-04 
3.40460E-01 3.12283E-02 8.66590E-04 
3.41598E-01 2.92619E-02 1.04166E-03 
3.41864E-01 2.87062E-02 1.10137E-03 
3.42753E-01 2.61686E-02 1.45437E-03 
3.42988E-01 2.38195E-02 1.96365E-03 
3.42591E-01 2.16521E-02 2.71666E-03 
3.41578E-01 1.96600E-02 3.85977E-03 
3.39138E-01 1.84314E-02 5.64287E-03 
3.37323E-01 1.67724E-02 8.51500E-03 
3.34945E-01 1.52420E-02 1.32982E-02 
3.32050E-01 1.38330E-02 2.15461E-02 
3.28716E-01 1.25382E-02 3.62953E-02 
3.25097E-01 1.13542E-02 6.36002E-02 
3.21598E-01 1.02839E-02 1.15594E-01 
3.19443E-01 9.35199E-03 2.15655E-01 
3.22315E-01 8.63950E-03 4.01987E-01 
3.38676E-01 8.31416E-03 7.10119E-01 
3.75681E-01 8.44917E-03 1.10413E+00 
4.19083E-01 8.63088E-03 1.44163E+00 
4.43665E-01 8.35791E-03 1.61775E+00 
3.29292E-01 4.17317E-02 2.58101E-04 
3.31653E-01 3.85137E-02 3.03561E-04 
3.25723E-01 3.98469E-02 3.60285E-04 
3.28551E-01 3.67620E-02 4.32088E-04 
3.30847E-01 3.38295E-02 5.24562E-04 
3.32586E-01 3.10618E-02 6.45316E-04 
3.33749E-01 2.84664E-02 8.05534E-04 
3.34254E-01 2.65762E-02 9.66650E-04 
3.34328E-01 2.60452E-02 1.02160E-03 
3.34304E-01 2.36278E-02 1.34579E-03 
3.33617E-01 2.14069E-02 1.81255E-03 
3.32285E-01 1.93752E-02 2.50115E-03 
3.30343E-01 1.75212E-02 3.54408E-03 
3.27094E-01 1.63103E-02 5.16729E-03 
3.24319E-01 1.47966E-02 7.77525E-03 
3.21009E-01 1.34096E-02 1.21084E-02 
3.17218E-01 1.21398E-02 1.95628E-02 
3.13026E-01 1.09789E-02 3.28546E-02 
3.08586E-01 9.92182E-03 5.73928E-02 
3.04285E-01 8.96892E-03 1.03985E-01 
3.01269E-01 8.14095E-03 1.93356E-01 
3.02977E-01 7.50596E-03 3.59321E-01 
3.17243E-01 7.20793E-03 6.32618E-01 
3.50607E-01 7.30772E-03 9.80324E-01 
3.89704E-01 7.44724E-03 1.27573E+00 
4.11183E-01 7.19686E-03 1.42682E+00 
3.24485E-01 4.01751E-02 2.43046E-04 
3.26553E-01 3.68903E-02 2.85370E-04 
3.21057E-01 3.72934E-02 3.38152E-04 
3.23305E-01 3.42217E-02 4.04788E-04 
3.24969E-01 3.13266E-02 4.90443E-04 
3.26032E-01 2.86129E-02 6.02125E-04 
3.26485E-01 2.60840E-02 7.49929E-04 
3.26414E-01 2.42554E-02 8.98346E-04 
3.26324E-01 2.37417E-02 9.48826E-04 
3.25476E-01 2.14215E-02 1.24670E-03 
3.23944E-01 1.93084E-02 1.67458E-03 
3.21763E-01 1.73916E-02 2.30426E-03 
3.18973E-01 1.56586E-02 3.25560E-03 
3.15002E-01 1.44699E-02 4.73294E-03 
3.11370E-01 1.30826E-02 7.10093E-03 
3.07233E-01 1.18207E-02 1.10240E-02 
3.02653E-01 1.06728E-02 1.77557E-02 
2.97711E-01 9.62937E-03 2.97247E-02 
2.92561E-01 8.68296E-03 5.17557E-02 
2.87567E-01 7.83367E-03 9.34718E-02 
2.83809E-01 7.09644E-03 1.73237E-01 
2.84488E-01 6.53011E-03 3.20849E-01 
2.96871E-01 6.25736E-03 5.63003E-01 
3.26927E-01 6.32913E-03 8.69493E-01 
3.62110E-01 6.43477E-03 1.12758E+00 
3.80812E-01 6.20535E-03 1.25684E+00 
3.18760E-01 3.89176E-02 2.29316E-04 
3.20526E-01 3.55507E-02 2.68689E-04 
3.15525E-01 3.51228E-02 3.17751E-04 
3.17201E-01 3.20676E-02 3.79591E-04 
3.18289E-01 2.91888E-02 4.58887E-04 
3.18741E-01 2.65067E-02 5.62072E-04 
3.18552E-01 2.40240E-02 6.98369E-04 
3.17964E-01 2.22408E-02 8.35016E-04 
3.17725E-01 2.17410E-02 8.81421E-04 
3.16131E-01 1.94988E-02 1.15493E-03 
3.13841E-01 1.74745E-02 1.54672E-03 
3.10896E-01 1.56552E-02 2.12190E-03 
3.07347E-01 1.40254E-02 2.98888E-03 
3.02733E-01 1.28640E-02 4.33189E-03 
2.98343E-01 1.15868E-02 6.47893E-03 
2.93479E-01 1.04344E-02 1.00267E-02 
2.88207E-01 9.39378E-03 1.60964E-02 
2.82617E-01 8.45355E-03 2.68591E-02 
2.76857E-01 7.60507E-03 4.66126E-02 
2.71274E-01 6.84656E-03 8.39020E-02 
2.66881E-01 6.18958E-03 1.54988E-01 
2.66659E-01 5.68388E-03 2.86036E-01 
2.77339E-01 5.43452E-03 5.00200E-01 
3.04363E-01 5.48395E-03 7.69832E-01 
3.35966E-01 5.56263E-03 9.94857E-01 
3.52168E-01 5.35221E-03 1.10503E+00 
3.12337E-01 3.79642E-02 2.16632E-04 
3.13812E-01 3.45051E-02 2.53278E-04 
3.09232E-01 3.33788E-02 2.98813E-04 
3.10429E-01 3.02807E-02 3.56131E-04 
3.10966E-01 2.73906E-02 4.29477E-04 
3.10836E-01 2.47144E-02 5.24690E-04 
3.10037E-01 2.22550E-02 6.50180E-04 
3.08966E-01 2.04996E-02 7.75727E-04 
3.08579E-01 2.00105E-02 8.18356E-04 
3.06286E-01 1.78249E-02 1.06897E-03 
3.03294E-01 1.58699E-02 1.42718E-03 
2.99645E-01 1.41306E-02 1.95174E-03 
2.95403E-01 1.25886E-02 2.74021E-03 
2.90212E-01 1.14562E-02 3.95882E-03 
2.85149E-01 1.02743E-02 5.90180E-03 
2.79645E-01 9.21802E-03 9.10338E-03 
2.73775E-01 8.27185E-03 1.45650E-02 
2.67630E-01 7.42279E-03 2.42224E-02 
2.61353E-01 6.66123E-03 4.18957E-02 
2.55281E-01 5.98265E-03 7.51506E-02 
2.50354E-01 5.39684E-03 1.38340E-01 
2.49346E-01 4.94512E-03 2.54431E-01 
2.58480E-01 4.71752E-03 4.43357E-01 
2.82706E-01 4.74902E-03 6.79931E-01 
3.11019E-01 4.80582E-03 8.75620E-01 
3.24964E-01 4.61337E-03 9.69131E-01 
3.05075E-01 3.72714E-02 2.04648E-04 
3.06265E-01 3.36941E-02 2.38690E-04 
3.02109E-01 3.19697E-02 2.80915E-04 
3.02860E-01 2.88159E-02 3.33964E-04 
3.02914E-01 2.58942E-02 4.01730E-04 
3.02268E-01 2.32047E-02 4.89488E-04 
3.00924E-01 2.07489E-02 6.04902E-04 
2.99414E-01 1.90079E-02 7.20111E-04 
2.98897E-01 1.85246E-02 7.59170E-04 
2.95979E-01 1.63767E-02 9.88553E-04 
2.92349E-01 1.44749E-02 1.31556E-03 
2.88070E-01 1.28004E-02 1.79308E-03 
2.83213E-01 1.13314E-02 2.50922E-03 
2.77516E-01 1.02286E-02 3.61313E-03 
2.71872E-01 9.12863E-03 5.36837E-03 
2.65824E-01 8.15543E-03 8.25348E-03 
2.59450E-01 7.29189E-03 1.31608E-02 
2.52845E-01 6.52294E-03 2.18123E-02 
2.46151E-01 5.83744E-03 3.75974E-02 
2.39683E-01 5.22992E-03 6.72042E-02 
2.34322E-01 4.70685E-03 1.23276E-01 
2.32641E-01 4.30314E-03 2.25950E-01 
2.40385E-01 4.09557E-03 3.92344E-01 
2.62052E-01 4.11293E-03 5.99582E-01 
2.87353E-01 4.15206E-03 7.69426E-01 
2.99281E-01 3.97653E-03 8.48600E-01 
2.96964E-01 3.68255E-02 1.93015E-04 
2.97852E-01 3.30977E-02 2.24502E-04 
2.94101E-01 3.08349E-02 2.63515E-04 
2.94370E-01 2.76138E-02 3.12444E-04 
2.93952E-01 2.46362E-02 3.74798E-04 
2.92815E-01 2.19117E-02 4.55379E-04 
2.90957E-01 1.94411E-02 5.61084E-04 
2.89042E-01 1.77012E-02 6.66408E-04 
2.88402E-01 1.72206E-02 7.02084E-04 
2.84911E-01 1.50955E-02 9.11179E-04 
2.80710E-01 1.32330E-02 1.20847E-03 
2.75873E-01 1.16108E-02 1.64164E-03 
2.70474E-01 1.02044E-02 2.28920E-03 
2.64341E-01 9.13137E-03 3.28528E-03 
2.58202E-01 8.10359E-03 4.86496E-03 
2.51695E-01 7.20476E-03 7.45285E-03 
2.44906E-01 6.41519E-03 1.18436E-02 
2.37931E-01 5.71838E-03 1.95603E-02 
2.30908E-01 5.10167E-03 3.35954E-02 
2.24131E-01 4.55831E-03 5.98425E-02 
2.18425E-01 4.09207E-03 1.09383E-01 
2.16168E-01 3.73205E-03 1.99774E-01 
2.22642E-01 3.54336E-03 3.45660E-01 
2.41913E-01 3.54947E-03 5.26358E-01 
2.64402E-01 3.57430E-03 6.73041E-01 
2.74492E-01 3.41487E-03 7.39642E-01 
2.88166E-01 3.66164E-02 1.81809E-04 
2.88777E-01 3.27218E-02 2.10886E-04 
2.85350E-01 3.00004E-02 2.46833E-04 
2.85191E-01 2.66707E-02 2.91825E-04 
2.84299E-01 2.36118E-02 3.49014E-04 
2.82673E-01 2.08304E-02 4.22741E-04 
2.80330E-01 1.83265E-02 5.19266E-04 
2.78039E-01 1.65760E-02 6.15219E-04 
2.77292E-01 1.60943E-02 6.47679E-04 
2.73284E-01 1.39775E-02 8.37712E-04 
2.68575E-01 1.21414E-02 1.10721E-03 
2.63244E-01 1.05604E-02 1.49874E-03 
2.57381E-01 9.20600E-03 2.08267E-03 
2.50884E-01 8.16185E-03 2.97855E-03 
2.44334E-01 7.19694E-03 4.39532E-03 
2.37459E-01 6.36339E-03 6.71030E-03 
2.30348E-01 5.63941E-03 1.06260E-02 
2.23093E-01 5.00698E-03 1.74875E-02 
2.15831E-01 4.45194E-03 2.99285E-02 
2.08839E-01 3.96588E-03 5.31236E-02 
2.02880E-01 3.55064E-03 9.67627E-02 
2.00145E-01 3.22999E-03 1.76083E-01 
2.05478E-01 3.05891E-03 3.03590E-01 
2.22540E-01 3.05635E-03 4.60652E-01 
2.42440E-01 3.06985E-03 5.86911E-01 
2.50885E-01 2.92564E-03 6.42692E-01 
2.78555E-01 3.65978E-02 1.70825E-04 
2.78855E-01 3.25150E-02 1.97569E-04 
2.75721E-01 2.93833E-02 2.30567E-04 
2.75171E-01 2.59307E-02 2.71797E-04 
2.73875E-01 2.27759E-02 3.24093E-04 
2.71832E-01 1.99235E-02 3.91350E-04 
2.69052E-01 1.73726E-02 4.79147E-04 
2.66420E-01 1.56015E-02 5.66286E-04 
2.65578E-01 1.51156E-02 5.95718E-04 
2.61101E-01 1.29950E-02 7.67737E-04 
2.55941E-01 1.11749E-02 1.01105E-03 
2.50185E-01 9.62552E-03 1.36364E-03 
2.43926E-01 8.31461E-03 1.88805E-03 
2.37131E-01 7.29854E-03 2.69069E-03 
2.30259E-01 6.38888E-03 3.95663E-03 
2.23104E-01 5.61358E-03 6.01920E-03 
2.15758E-01 4.94870E-03 9.49755E-03 
2.08313E-01 4.37421E-03 1.55751E-02 
2.00900E-01 3.87478E-03 2.65628E-02 
1.93780E-01 3.44049E-03 4.69800E-02 
1.87654E-01 3.07134E-03 8.52673E-02 
1.84536E-01 2.78640E-03 1.54615E-01 
1.88845E-01 2.63188E-03 2.65622E-01 
2.03866E-01 2.62277E-03 4.01600E-01 
2.21380E-01 2.62755E-03 5.09855E-01 
2.28355E-01 2.49769E-03 5.56317E-01 
2.68282E-01 3.67503E-02 1.60115E-04 
2.68254E-01 3.24540E-02 1.84598E-04 
2.65337E-01 2.89534E-02 2.14761E-04 
2.64395E-01 2.53617E-02 2.52393E-04 
2.62704E-01 2.20939E-02 2.99996E-04 
2.60265E-01 1.91567E-02 3.61061E-04 
2.57102E-01 1.65486E-02 4.40631E-04 
2.54180E-01 1.47497E-02 5.19409E-04 
2.53248E-01 1.42587E-02 5.45999E-04 
2.48379E-01 1.21261E-02 7.01080E-04 
2.42847E-01 1.03146E-02 9.19890E-04 
2.36744E-01 8.79036E-03 1.23612E-03 
2.30172E-01 7.51684E-03 1.70520E-03 
2.23154E-01 6.52817E-03 2.42142E-03 
2.16044E-01 5.66778E-03 3.54797E-03 
2.08698E-01 4.94492E-03 5.37825E-03 
2.01205E-01 4.33332E-03 8.45590E-03 
1.93657E-01 3.81129E-03 1.38177E-02 
1.86179E-01 3.36207E-03 2.34826E-02 
1.79012E-01 2.97476E-03 4.13830E-02 
1.72803E-01 2.64733E-03 7.48385E-02 
1.69389E-01 2.39488E-03 1.35229E-01 
1.72789E-01 2.25591E-03 2.31488E-01 
1.85933E-01 2.24207E-03 3.48743E-01 
2.01256E-01 2.24021E-03 4.41175E-01 
2.06930E-01 2.12395E-03 4.79659E-01 
2.57415E-01 3.70437E-02 1.49673E-04 
2.57048E-01 3.25157E-02 1.71986E-04 
2.54261E-01 2.86803E-02 1.99434E-04 
2.52933E-01 2.49285E-02 2.33603E-04 
2.50878E-01 2.15359E-02 2.76743E-04 
2.48091E-01 1.85055E-02 3.31963E-04 
2.44587E-01 1.58318E-02 4.03730E-04 
2.41405E-01 1.39998E-02 4.74617E-04 
2.40401E-01 1.35018E-02 4.98511E-04 
2.35195E-01 1.13511E-02 6.37713E-04 
2.29353E-01 9.54306E-03 8.33562E-04 
2.22975E-01 8.03930E-03 1.11584E-03 
2.16165E-01 6.79870E-03 1.53350E-03 
2.08994E-01 5.83707E-03 2.16964E-03 
2.01731E-01 5.02131E-03 3.16748E-03 
1.94276E-01 4.34618E-03 4.78440E-03 
1.86719E-01 3.78331E-03 7.49530E-03 
1.79151E-01 3.30917E-03 1.22040E-02 
1.71689E-01 2.90576E-03 2.06645E-02 
1.64554E-01 2.56115E-03 3.62885E-02 
1.58338E-01 2.27164E-03 6.53918E-02 
1.54712E-01 2.04886E-03 1.17736E-01 
1.57311E-01 1.92451E-03 2.00826E-01 
1.68731E-01 1.90745E-03 3.01472E-01 
1.82047E-01 1.90071E-03 3.80008E-01 
1.86573E-01 1.79731E-03 4.11686E-01 
2.46074E-01 3.74452E-02 1.39538E-04 
2.45358E-01 3.26701E-02 1.59781E-04 
2.42629E-01 2.85240E-02 1.84641E-04 
2.40952E-01 2.46035E-02 2.15536E-04 
2.38533E-01 2.10748E-02 2.54426E-04 
2.35406E-01 1.79426E-02 3.04097E-04 
2.31595E-01 1.51987E-02 3.68504E-04 
2.28191E-01 1.33312E-02 4.32005E-04 
2.27127E-01 1.28255E-02 4.53385E-04 
2.21641E-01 1.06540E-02 5.77688E-04 
2.15557E-01 8.84708E-03 7.52153E-04 
2.08973E-01 7.36113E-03 1.00297E-03 
2.01999E-01 6.15072E-03 1.37300E-03 
1.94747E-01 5.21622E-03 1.93537E-03 
1.87413E-01 4.44165E-03 2.81520E-03 
1.79932E-01 3.81062E-03 4.23648E-03 
1.72393E-01 3.29244E-03 6.61321E-03 
1.64884E-01 2.86216E-03 1.07289E-02 
1.57512E-01 2.50065E-03 1.81014E-02 
1.50484E-01 2.19486E-03 3.16742E-02 
1.44333E-01 1.93983E-03 5.68751E-02 
1.40573E-01 1.74407E-03 1.02032E-01 
1.42472E-01 1.63342E-03 1.73419E-01 
1.52322E-01 1.61441E-03 2.59401E-01 
1.63811E-01 1.60429E-03 3.25805E-01 
1.67336E-01 1.51294E-03 3.51708E-01 
2.34375E-01 3.79226E-02 1.29748E-04 
2.33307E-01 3.28889E-02 1.48025E-04 
2.30569E-01 2.84513E-02 1.70424E-04 
2.28539E-01 2.43536E-02 1.98219E-04 
2.25805E-01 2.06860E-02 2.33125E-04 
2.22364E-01 1.74486E-02 2.77574E-04 
2.18263E-01 1.46314E-02 3.35068E-04 
2.14668E-01 1.27274E-02 3.91644E-04 
2.13551E-01 1.22141E-02 4.10674E-04 
2.07843E-01 1.00214E-02 5.21135E-04 
2.01572E-01 8.21493E-03 6.75739E-04 
1.94847E-01 6.74604E-03 8.97425E-04 
1.87783E-01 5.56447E-03 1.22367E-03 
1.80517E-01 4.65753E-03 1.71831E-03 
1.73187E-01 3.92172E-03 2.49011E-03 
1.65756E-01 3.33171E-03 3.73356E-03 
1.58311E-01 2.85488E-03 5.80659E-03 
1.50932E-01 2.46493E-03 9.38622E-03 
1.43721E-01 2.14170E-03 1.57798E-02 
1.36864E-01 1.87128E-03 2.75117E-02 
1.30845E-01 1.64758E-03 4.92230E-02 
1.27022E-01 1.47639E-03 8.79908E-02 
1.28319E-01 1.37855E-03 1.49018E-01 
1.36745E-01 1.35862E-03 2.22104E-01 
1.46581E-01 1.34637E-03 2.77967E-01 
1.49246E-01 1.26625E-03 2.98991E-01 
2.22418E-01 3.84429E-02 1.20323E-04 
2.21012E-01 3.31447E-02 1.36751E-04 
2.18204E-01 2.84331E-02 1.56830E-04 
2.15830E-01 2.41526E-02 1.81697E-04 
2.12798E-01 2.03444E-02 2.12861E-04 
2.09086E-01 1.70028E-02 2.52441E-04 
2.04730E-01 1.41136E-02 3.03485E-04 
2.00961E-01 1.21738E-02 3.53606E-04 
1.99799E-01 1.16530E-02 3.70445E-04 
1.93911E-01 9.44077E-03 4.68051E-04 
1.87510E-01 7.63629E-03 6.04321E-04 
1.80710E-01 6.18529E-03 7.99205E-04 
1.73621E-01 5.03241E-03 1.08529E-03 
1.66402E-01 4.15386E-03 1.51802E-03 
1.59146E-01 3.45497E-03 2.19141E-03 
1.51834E-01 2.90358E-03 3.27345E-03 
1.44548E-01 2.46535E-03 5.07204E-03 
1.37365E-01 2.11261E-03 8.16891E-03 
1.30377E-01 1.82442E-03 1.36838E-02 
1.23752E-01 1.58624E-03 2.37709E-02 
1.17921E-01 1.39094E-03 4.23765E-02 
1.14100E-01 1.24207E-03 7.54816E-02 
1.14888E-01 1.15614E-03 1.27374E-01 
1.22033E-01 1.13611E-03 1.89163E-01 
1.30382E-01 1.12275E-03 2.35895E-01 
1.32313E-01 1.05303E-03 2.52825E-01 
2.10380E-01 3.89823E-02 1.11328E-04 
2.08616E-01 3.34114E-02 1.26009E-04 
2.05690E-01 2.84404E-02 1.43918E-04 
2.02994E-01 2.39780E-02 1.66048E-04 
1.99663E-01 2.00292E-02 1.93706E-04 
1.95708E-01 1.65872E-02 2.28757E-04 
1.91139E-01 1.36308E-02 2.73844E-04 
1.87228E-01 1.16586E-02 3.18008E-04 
1.86029E-01 1.11312E-02 3.32827E-04 
1.80001E-01 8.90311E-03 4.18592E-04 
1.73520E-01 7.10367E-03 5.38027E-04 
1.66697E-01 5.67247E-03 7.08422E-04 
1.59643E-01 4.54910E-03 9.57889E-04 
1.52528E-01 3.70005E-03 1.33442E-03 
1.45406E-01 3.03692E-03 1.91885E-03 
1.38275E-01 2.52225E-03 2.85518E-03 
1.31210E-01 2.12003E-03 4.40753E-03 
1.24281E-01 1.80166E-03 7.07234E-03 
1.17570E-01 1.54550E-03 1.18029E-02 
1.11227E-01 1.33658E-03 2.04300E-02 
1.05635E-01 1.16692E-03 3.62896E-02 
1.01874E-01 1.03822E-03 6.44062E-02 
1.02239E-01 9.63290E-04 1.08294E-01 
1.08240E-01 9.43811E-04 1.60250E-01 
1.15264E-01 9.30093E-04 1.99119E-01 
1.16583E-01 8.69935E-04 2.12643E-01 
1.98337E-01 3.95165E-02 1.02758E-04 
1.96227E-01 3.36715E-02 1.15810E-04 
1.93138E-01 2.84518E-02 1.31688E-04 
1.90118E-01 2.38081E-02 1.51256E-04 
1.86507E-01 1.97233E-02 1.75653E-04 
1.82319E-01 1.61857E-02 2.06499E-04 
1.77568E-01 1.31685E-02 2.46075E-04 
1.73545E-01 1.11689E-02 2.84749E-04 
1.72319E-01 1.06363E-02 2.97713E-04 
1.66197E-01 8.39838E-03 3.72612E-04 
1.59680E-01 6.60836E-03 4.76643E-04 
1.52879E-01 5.19991E-03 6.24671E-04 
1.45909E-01 4.10763E-03 8.40853E-04 
1.38949E-01 3.28960E-03 1.16644E-03 
1.32019E-01 2.66174E-03 1.67050E-03 
1.25125E-01 2.18229E-03 2.47592E-03 
1.18334E-01 1.81398E-03 3.80736E-03 
1.11709E-01 1.52748E-03 6.08631E-03 
1.05323E-01 1.30071E-03 1.01197E-02 
9.93060E-02 1.11834E-03 1.74524E-02 
9.39970E-02 9.71818E-04 3.08882E-02 
9.03456E-02 8.61309E-04 5.46198E-02 
9.03666E-02 7.96483E-04 9.15068E-02 
9.53537E-02 7.78034E-04 1.34918E-01 
1.01204E-01 7.64560E-04 1.67035E-01 
1.02016E-01 7.13145E-04 1.77735E-01 
1.86510E-01 4.00153E-02 9.47131E-05 
1.84080E-01 3.39022E-02 1.06272E-04 
1.80805E-01 2.84481E-02 1.20282E-04 
1.77480E-01 2.36301E-02 1.37505E-04 
1.73594E-01 1.94157E-02 1.58905E-04 
1.69190E-01 1.57906E-02 1.85904E-04 
1.64278E-01 1.27209E-02 2.20457E-04 
1.60164E-01 1.07000E-02 2.54149E-04 
1.58918E-01 1.01640E-02 2.65432E-04 
1.52743E-01 7.92364E-03 3.30507E-04 
1.46235E-01 6.14881E-03 4.20663E-04 
1.39508E-01 4.76704E-03 5.48627E-04 
1.32670E-01 3.70789E-03 7.35044E-04 
1.25905E-01 2.92215E-03 1.01519E-03 
1.19212E-01 2.32888E-03 1.44780E-03 
1.12598E-01 1.88308E-03 2.13721E-03 
1.06124E-01 1.54651E-03 3.27370E-03 
9.98419E-02 1.28927E-03 5.21340E-03 
9.38151E-02 1.08910E-03 8.63646E-03 
8.81562E-02 9.30515E-04 1.48393E-02 
8.31613E-02 8.04599E-04 2.61672E-02 
7.96612E-02 7.10218E-04 4.61053E-02 
7.94131E-02 6.54522E-04 7.69619E-02 
8.35174E-02 6.37433E-04 1.13062E-01 
8.83460E-02 6.24638E-04 1.39471E-01 
8.87549E-02 5.81058E-04 1.47869E-01 
1.74796E-01 4.04696E-02 8.70669E-05 
1.72059E-01 3.40913E-02 9.72362E-05 
1.68574E-01 2.84110E-02 1.09508E-04 
1.64969E-01 2.34268E-02 1.24560E-04 
1.60829E-01 1.90911E-02 1.43191E-04 
1.56210E-01 1.53857E-02 1.66619E-04 
1.51150E-01 1.22718E-02 1.96542E-04 
1.46965E-01 1.02365E-02 2.25652E-04 
1.45705E-01 9.69893E-03 2.35389E-04 
1.39496E-01 7.46379E-03 2.91451E-04 
1.33032E-01 5.71094E-03 3.68939E-04 
1.26422E-01 4.36101E-03 4.78671E-04 
1.19767E-01 3.33833E-03 6.38146E-04 
1.13246E-01 2.58719E-03 8.77318E-04 
1.06837E-01 2.02888E-03 1.24572E-03 
1.00548E-01 1.61599E-03 1.83121E-03 
9.44295E-02 1.30966E-03 2.79365E-03 
8.85277E-02 1.07976E-03 4.43160E-03 
8.28933E-02 9.04029E-04 7.31321E-03 
7.76227E-02 7.67053E-04 1.25189E-02 
7.29709E-02 6.59672E-04 2.19938E-02 
6.96586E-02 5.79786E-04 3.86087E-02 
6.92043E-02 5.32416E-04 6.42111E-02 
7.25348E-02 5.16918E-04 9.39834E-02 
7.64677E-02 5.05115E-04 1.15508E-01 
7.65572E-02 4.68619E-04 1.22015E-01 
1.63388E-01 4.08587E-02 7.98992E-05 
1.60350E-01 3.42202E-02 8.87877E-05 
1.56672E-01 2.83314E-02 9.94832E-05 
1.52778E-01 2.31863E-02 1.12531E-04 
1.48405E-01 1.87407E-02 1.28637E-04 
1.43601E-01 1.49673E-02 1.48829E-04 
1.38417E-01 1.18200E-02 1.74549E-04 
1.34184E-01 9.77815E-03 1.99530E-04 
1.32914E-01 9.24099E-03 2.07870E-04 
1.26701E-01 7.02009E-03 2.55813E-04 
1.20312E-01 5.29604E-03 3.21925E-04 
1.13851E-01 3.98271E-03 4.15339E-04 
1.07414E-01 2.99944E-03 5.50804E-04 
1.01170E-01 2.28469E-03 7.53556E-04 
9.50804E-02 1.76144E-03 1.06509E-03 
8.91485E-02 1.38054E-03 1.55893E-03 
8.34171E-02 1.10283E-03 2.36846E-03 
7.79213E-02 8.98235E-04 3.74213E-03 
7.27019E-02 7.44726E-04 6.15139E-03 
6.78380E-02 6.27086E-04 1.04902E-02 
6.35480E-02 5.36146E-04 1.83608E-02 
6.04510E-02 4.69071E-04 3.21105E-02 
5.98488E-02 4.29159E-04 5.32054E-02 
6.25146E-02 4.15372E-04 7.75854E-02 
6.56778E-02 4.04759E-04 9.50000E-02 
6.55254E-02 3.74546E-04 9.99794E-02 
1.52371E-01 4.11751E-02 7.32143E-05 
1.49028E-01 3.42791E-02 8.09218E-05 
1.45143E-01 2.81933E-02 9.01717E-05 
1.41013E-01 2.29041E-02 1.01418E-04 
1.36418E-01 1.83594E-02 1.15228E-04 
1.31441E-01 1.45289E-02 1.32483E-04 
1.26146E-01 1.13593E-02 1.54405E-04 
1.21882E-01 9.31910E-03 1.75665E-04 
1.20611E-01 8.78489E-03 1.82757E-04 
1.14439E-01 6.58874E-03 2.23456E-04 
1.08156E-01 4.90073E-03 2.79428E-04 
1.01870E-01 3.62889E-03 3.58327E-04 
9.56764E-02 2.68796E-03 4.72490E-04 
8.97352E-02 2.01134E-03 6.43063E-04 
8.39915E-02 1.52329E-03 9.04544E-04 
7.84429E-02 1.17357E-03 1.31795E-03 
7.31203E-02 9.22954E-04 1.99383E-03 
6.80487E-02 7.41747E-04 3.13734E-03 
6.32580E-02 6.08366E-04 5.13697E-03 
5.88127E-02 5.07997E-04 8.72623E-03 
5.48956E-02 4.31572E-04 1.52149E-02 
5.20345E-02 3.75742E-04 2.65089E-02 
5.13352E-02 3.42460E-04 4.37583E-02 
5.34360E-02 3.30427E-04 6.35690E-02 
5.59449E-02 3.21119E-04 7.75456E-02 
5.56176E-02 2.96422E-04 8.13034E-02 
1.41791E-01 4.14094E-02 6.69996E-05 
1.38156E-01 3.42632E-02 7.36296E-05 
1.34063E-01 2.79917E-02 8.15634E-05 
1.29710E-01 2.25707E-02 9.11739E-05 
1.24913E-01 1.79395E-02 1.02909E-04 
1.19788E-01 1.40654E-02 1.17523E-04 
1.14411E-01 1.08867E-02 1.36047E-04 
1.10120E-01 8.85601E-03 1.53963E-04 
1.08849E-01 8.32670E-03 1.59932E-04 
1.02726E-01 6.16400E-03 1.94144E-04 
9.65883E-02 4.52056E-03 2.41130E-04 
9.05283E-02 3.29645E-03 3.07258E-04 
8.46170E-02 2.40132E-03 4.02724E-04 
7.90027E-02 1.76451E-03 5.45085E-04 
7.36225E-02 1.31173E-03 7.62793E-04 
6.84712E-02 9.92254E-04 1.10608E-03 
6.35688E-02 7.67240E-04 1.66580E-03 
5.89299E-02 6.07603E-04 2.61006E-03 
5.45738E-02 4.92409E-04 4.25620E-03 
5.05500E-02 4.07374E-04 7.20156E-03 
4.70101E-02 3.43683E-04 1.25079E-02 
4.43982E-02 2.97669E-04 2.17087E-02 
4.36451E-02 2.70231E-04 3.56975E-02 
4.52718E-02 2.59931E-04 5.16609E-02 
4.72305E-02 2.51970E-04 6.27791E-02 
4.67853E-02 2.32073E-04 6.55703E-02 
1.31688E-01 4.15564E-02 6.12423E-05 
1.27786E-01 3.41704E-02 6.68983E-05 
1.23476E-01 2.77225E-02 7.36343E-05 
1.18922E-01 2.21831E-02 8.17711E-05 
1.13963E-01 1.74819E-02 9.16571E-05 
1.08717E-01 1.35783E-02 1.03917E-04 
1.03271E-01 1.04014E-02 1.19404E-04 
9.89724E-02 8.38834E-03 1.34351E-04 
9.77099E-02 7.86650E-03 1.39330E-04 
9.16827E-02 5.74826E-03 1.67844E-04 
8.57089E-02 4.15600E-03 2.06918E-04 
7.98759E-02 2.98341E-03 2.61784E-04 
7.42593E-02 2.13665E-03 3.40859E-04 
6.89905E-02 1.54118E-03 4.58614E-04 
6.39933E-02 1.12386E-03 6.38303E-04 
5.92534E-02 8.33868E-04 9.20934E-04 
5.47800E-02 6.33085E-04 1.38046E-03 
5.05781E-02 4.93329E-04 2.15351E-03 
4.66570E-02 3.94525E-04 3.49704E-03 
4.30519E-02 3.23039E-04 5.89317E-03 
3.98868E-02 2.70452E-04 1.01951E-02 
3.75313E-02 2.32937E-04 1.76251E-02 
3.67608E-02 2.10606E-04 2.88699E-02 
3.79950E-02 2.01970E-04 4.16177E-02 
3.94971E-02 1.95335E-04 5.03782E-02 
3.89817E-02 1.79579E-04 5.24143E-02 
1.22088E-01 4.16113E-02 5.59233E-05 
1.17938E-01 3.39957E-02 6.07001E-05 
1.13422E-01 2.73825E-02 6.63560E-05 
1.08676E-01 2.17372E-02 7.31632E-05 
1.03589E-01 1.69828E-02 8.14057E-05 
9.82381E-02 1.30621E-02 9.15643E-05 
9.27518E-02 9.90043E-03 1.04363E-04 
8.84741E-02 7.91500E-03 1.16703E-04 
8.72232E-02 7.40277E-03 1.20809E-04 
8.13081E-02 5.33785E-03 1.44304E-04 
7.55223E-02 3.80387E-03 1.76453E-04 
6.99461E-02 2.68799E-03 2.21525E-04 
6.46436E-02 1.89225E-03 2.86377E-04 
5.97329E-02 1.33932E-03 3.82836E-04 
5.51281E-02 9.57370E-04 5.29729E-04 
5.08048E-02 6.95970E-04 7.60232E-04 
4.67618E-02 5.18062E-04 1.13402E-03 
4.29937E-02 3.96580E-04 1.76099E-03 
3.95002E-02 3.12469E-04 2.84731E-03 
3.63054E-02 2.52917E-04 4.77829E-03 
3.35069E-02 2.09954E-04 8.23277E-03 
3.14089E-02 1.79745E-04 1.41761E-02 
3.06504E-02 1.61838E-04 2.31281E-02 
3.15648E-02 1.54765E-04 3.32083E-02 
3.26932E-02 1.49400E-04 4.00395E-02 
3.21463E-02 1.37180E-04 4.14933E-02 
1.12981E-01 4.15648E-02 5.10126E-05 
1.08620E-01 3.37356E-02 5.50042E-05 
1.03926E-01 2.69738E-02 5.96994E-05 
9.90124E-02 2.12363E-02 6.53210E-05 
9.38168E-02 1.64428E-02 7.21016E-05 
8.83961E-02 1.25202E-02 8.04110E-05 
8.28944E-02 9.38607E-03 9.08495E-05 
7.86526E-02 7.43618E-03 1.00901E-04 
7.74205E-02 6.93592E-03 1.04244E-04 
7.16374E-02 4.93310E-03 1.23358E-04 
6.60566E-02 3.46371E-03 1.49485E-04 
6.07589E-02 2.40882E-03 1.86096E-04 
5.57928E-02 1.66658E-03 2.38726E-04 
5.12518E-02 1.15709E-03 3.16929E-04 
4.70418E-02 8.10180E-04 4.35780E-04 
4.31337E-02 5.76391E-04 6.21840E-04 
3.95145E-02 4.19971E-04 9.22780E-04 
3.61699E-02 3.15215E-04 1.42611E-03 
3.30913E-02 2.44240E-04 2.29550E-03 
3.02915E-02 1.95118E-04 3.83575E-03 
2.78460E-02 1.60439E-04 6.58133E-03 
2.60014E-02 1.36464E-04 1.12860E-02 
2.52777E-02 1.22355E-04 1.83380E-02 
2.59358E-02 1.16722E-04 2.62237E-02 
2.67633E-02 1.12544E-04 3.14900E-02 
2.62154E-02 1.03312E-04 3.25014E-02 
1.04396E-01 4.14222E-02 4.64975E-05 
9.98587E-02 3.33956E-02 4.97918E-05 
9.50020E-02 2.64978E-02 5.36293E-05 
8.99458E-02 2.06823E-02 5.81992E-05 
8.46554E-02 1.58622E-02 6.36827E-05 
7.92069E-02 1.19542E-02 7.03825E-05 
7.37220E-02 8.86032E-03 7.87660E-05 
6.95303E-02 6.95343E-03 8.68257E-05 
6.83200E-02 6.46705E-03 8.95043E-05 
6.26959E-02 4.53492E-03 1.04838E-04 
5.73521E-02 3.13647E-03 1.25808E-04 
5.23510E-02 2.14609E-03 1.55187E-04 
4.77226E-02 1.45857E-03 1.97369E-04 
4.35474E-02 9.92702E-04 2.60007E-04 
3.97311E-02 6.80311E-04 3.55072E-04 
3.62314E-02 4.73043E-04 5.03580E-04 
3.30253E-02 3.36746E-04 7.43172E-04 
3.00897E-02 2.47248E-04 1.14277E-03 
2.74084E-02 1.87963E-04 1.83084E-03 
2.49838E-02 1.47912E-04 3.04570E-03 
2.28735E-02 1.20316E-04 5.20339E-03 
2.12735E-02 1.01616E-04 8.88533E-03 
2.06016E-02 9.07405E-05 1.43769E-02 
2.10583E-02 8.64123E-05 2.04735E-02 
2.16479E-02 8.33224E-05 2.44827E-02 
2.11217E-02 7.65910E-05 2.51641E-02 
9.63206E-02 4.11862E-02 4.23485E-05 
9.16142E-02 3.29702E-02 4.50138E-05 
8.66342E-02 2.59558E-02 4.80973E-05 
8.14617E-02 2.00766E-02 5.17386E-05 
7.61106E-02 1.52459E-02 5.60880E-05 
7.06517E-02 1.13647E-02 6.13769E-05 
6.52141E-02 8.32345E-03 6.79808E-05 
6.10991E-02 6.46793E-03 7.43280E-05 
5.99180E-02 5.99755E-03 7.64382E-05 
5.44699E-02 4.14331E-03 8.85173E-05 
4.93814E-02 2.82099E-03 1.05081E-04 
4.46865E-02 1.89788E-03 1.28297E-04 
4.04082E-02 1.26649E-03 1.61642E-04 
3.66044E-02 8.44473E-04 2.11159E-04 
3.31754E-02 5.65853E-04 2.86203E-04 
3.00728E-02 3.83925E-04 4.03216E-04 
2.72644E-02 2.66395E-04 5.91550E-04 
2.47186E-02 1.90769E-04 9.04776E-04 
2.24126E-02 1.41841E-04 1.44245E-03 
2.03409E-02 1.09657E-04 2.38843E-03 
1.85444E-02 8.80861E-05 4.06226E-03 
1.71768E-02 7.38244E-05 6.90647E-03 
1.65684E-02 6.56822E-05 1.11267E-02 
1.68702E-02 6.25223E-05 1.57765E-02 
1.72746E-02 6.04137E-05 1.87844E-02 
1.67869E-02 5.57595E-05 1.92245E-02 
8.88043E-02 4.08564E-02 3.85717E-05 
8.39544E-02 3.24671E-02 4.06827E-05 
7.88807E-02 2.53540E-02 4.31086E-05 
7.36259E-02 1.94286E-02 4.59446E-05 
6.82314E-02 1.45995E-02 4.93062E-05 
6.27999E-02 1.07604E-02 5.33907E-05 
5.74345E-02 7.78256E-03 5.84761E-05 
5.34155E-02 5.98527E-03 6.33703E-05 
5.22698E-02 5.53272E-03 6.50004E-05 
4.70277E-02 3.76348E-03 7.43483E-05 
4.22016E-02 2.52041E-03 8.72060E-05 
3.78209E-02 1.66621E-03 1.05278E-04 
3.38948E-02 1.09114E-03 1.31277E-04 
3.04570E-02 7.12219E-04 1.69919E-04 
2.74061E-02 4.66135E-04 2.28450E-04 
2.46846E-02 3.08075E-04 3.19566E-04 
2.22511E-02 2.07778E-04 4.65885E-04 
2.00685E-02 1.44576E-04 7.08548E-04 
1.81091E-02 1.04697E-04 1.12379E-03 
1.63609E-02 7.92281E-05 1.85178E-03 
1.48514E-02 6.27016E-05 3.13495E-03 
1.36986E-02 5.21120E-05 5.30585E-03 
1.31599E-02 4.62410E-05 8.50977E-03 
1.33467E-02 4.41062E-05 1.20122E-02 
1.36117E-02 4.28652E-05 1.42385E-02 
1.31726E-02 3.99040E-05 1.45078E-02 
8.17342E-02 4.04328E-02 3.50936E-05 
7.67716E-02 3.18856E-02 3.67145E-05 
7.16194E-02 2.46869E-02 3.85562E-05 
6.63229E-02 1.87345E-02 4.06935E-05 
6.09186E-02 1.39226E-02 4.31997E-05 
5.55355E-02 1.01373E-02 4.62408E-05 
5.02789E-02 7.23541E-03 5.00345E-05 
4.63714E-02 5.50266E-03 5.36889E-05 
4.52646E-02 5.06947E-03 5.49099E-05 
4.02574E-02 3.39215E-03 6.19604E-05 
3.57128E-02 2.23218E-03 7.17108E-05 
3.16520E-02 1.44827E-03 8.54736E-05 
2.80780E-02 9.29579E-04 1.05349E-04 
2.50061E-02 5.93238E-04 1.34991E-04 
2.23226E-02 3.78548E-04 1.79880E-04 
1.99640E-02 2.42989E-04 2.49656E-04 
1.78832E-02 1.58588E-04 3.61461E-04 
1.60387E-02 1.06579E-04 5.46380E-04 
1.43988E-02 7.46545E-05 8.61771E-04 
1.29472E-02 5.49574E-05 1.41277E-03 
1.16996E-02 4.26798E-05 2.38002E-03 
1.07445E-02 3.51459E-05 4.00896E-03 
1.02785E-02 3.11728E-05 6.39944E-03 
1.03814E-02 2.99408E-05 8.99078E-03 
1.05430E-02 2.94716E-05 1.06072E-02 
1.01580E-02 2.78938E-05 1.07572E-02 
7.51469E-02 3.99198E-02 3.19176E-05 
7.01088E-02 3.12356E-02 3.31133E-05 
6.49012E-02 2.39668E-02 3.44459E-05 
5.95927E-02 1.80041E-02 3.59812E-05 
5.42113E-02 1.32247E-02 3.77581E-05 
4.89035E-02 9.50528E-03 3.99146E-05 
4.37827E-02 6.68953E-03 4.26244E-05 
4.00136E-02 5.02794E-03 4.52539E-05 
3.89528E-02 4.61565E-03 4.61376E-05 
3.41901E-02 3.03400E-03 5.12757E-05 
2.99416E-02 1.95939E-03 5.84737E-05 
2.62151E-02 1.24645E-03 6.87353E-05 
2.29916E-02 7.83165E-04 8.36375E-05 
2.02665E-02 4.87619E-04 1.05946E-04 
1.79293E-02 3.02552E-04 1.39766E-04 
1.59093E-02 1.87842E-04 1.92303E-04 
1.41539E-02 1.17867E-04 2.76330E-04 
1.26179E-02 7.57898E-05 4.14941E-04 
1.12665E-02 5.07605E-05 6.50556E-04 
1.00804E-02 3.59507E-05 1.06070E-03 
9.06621E-03 2.72010E-05 1.77762E-03 
8.28850E-03 2.21719E-05 2.97913E-03 
7.89428E-03 1.97627E-05 4.73175E-03 
7.93863E-03 1.93150E-05 6.61454E-03 
8.02614E-03 1.95200E-05 7.76484E-03 
7.69695E-03 1.90583E-05 7.83545E-03 
6.90056E-02 3.93128E-02 2.90141E-05 
6.39256E-02 3.05156E-02 2.98417E-05 
5.86982E-02 2.31975E-02 3.07379E-05 
5.34033E-02 1.72406E-02 3.17566E-05 
4.80799E-02 1.25102E-02 3.29192E-05 
4.28747E-02 8.86857E-03 3.43332E-05 
3.79143E-02 6.14812E-03 3.61431E-05 
3.43024E-02 4.56314E-03 3.79298E-05 
3.32925E-02 4.17297E-03 3.85372E-05 
2.87960E-02 2.69106E-03 4.21195E-05 
2.48544E-02 1.70306E-03 4.72501E-05 
2.14615E-02 1.06042E-03 5.46843E-05 
1.85813E-02 6.50976E-04 6.55892E-05 
1.61909E-02 3.94335E-04 8.20277E-05 
1.41802E-02 2.36977E-04 1.07012E-04 
1.24737E-02 1.41391E-04 1.45824E-04 
1.10147E-02 8.43738E-05 2.07809E-04 
9.75570E-03 5.10260E-05 3.09793E-04 
8.66103E-03 3.19278E-05 4.82594E-04 
7.70831E-03 2.12245E-05 7.82142E-04 
6.89871E-03 1.53856E-05 1.30343E-03 
6.27707E-03 1.23967E-05 2.17252E-03 
5.95085E-03 1.12699E-05 3.43193E-03 
5.95632E-03 1.15018E-05 4.77151E-03 
5.99260E-03 1.22947E-05 5.57096E-03 
5.71748E-03 1.27279E-05 5.59131E-03 
6.32856E-02 3.86113E-02 2.63602E-05 
5.82002E-02 2.97295E-02 2.68734E-05 
5.29830E-02 2.23828E-02 2.73965E-05 
4.77306E-02 1.64497E-02 2.79777E-05 
4.24977E-02 1.17842E-02 2.86281E-05 
3.74242E-02 8.23251E-03 2.94289E-05 
3.26459E-02 5.61545E-03 3.05010E-05 
2.92092E-02 4.11186E-03 3.16072E-05 
2.82536E-02 3.74467E-03 3.19911E-05 
2.40423E-02 2.36550E-03 3.43295E-05 
2.04147E-02 1.46429E-03 3.78146E-05 
1.73540E-02 8.90489E-04 4.30098E-05 
1.48071E-02 5.32685E-04 5.07603E-05 
1.27353E-02 3.12666E-04 6.25794E-05 
1.10279E-02 1.80856E-04 8.06225E-05 
9.60715E-03 1.02555E-04 1.08683E-04 
8.41378E-03 5.70246E-05 1.53452E-04 
7.39958E-03 3.12643E-05 2.26924E-04 
6.52889E-03 1.72155E-05 3.50987E-04 
5.77822E-03 9.94065E-06 5.65105E-04 
5.14449E-03 6.48741E-06 9.35910E-04 
4.65743E-03 5.15209E-06 1.55052E-03 
4.39332E-03 5.07416E-06 2.43463E-03 
4.37446E-03 5.89521E-06 3.36444E-03 
4.37675E-03 7.20177E-06 3.90433E-03 
4.15158E-03 8.34971E-06 3.89493E-03 
5.79595E-02 3.78149E-02 2.39338E-05 
5.28954E-02 2.88746E-02 2.41774E-05 
4.77251E-02 2.15260E-02 2.43875E-05 
4.25441E-02 1.56355E-02 2.46023E-05 
3.74314E-02 1.10511E-02 2.48307E-05 
3.25185E-02 7.60155E-03 2.51336E-05 
2.79457E-02 5.09583E-03 2.56135E-05 
2.46981E-02 3.67732E-03 2.61789E-05 
2.38015E-02 3.33395E-03 2.63872E-05 
1.98884E-02 2.05913E-03 2.77495E-05 
1.65800E-02 1.24401E-03 2.99532E-05 
1.38463E-02 7.36832E-04 3.34108E-05 
1.16225E-02 4.28022E-04 3.87302E-05 
9.84913E-03 2.41888E-04 4.69819E-05 
8.42005E-03 1.33267E-04 5.96754E-05 
7.25566E-03 7.03523E-05 7.94662E-05 
6.29627E-03 3.48624E-05 1.11023E-04 
5.49448E-03 1.56150E-05 1.62684E-04 
4.81553E-03 5.82151E-06 2.49585E-04 
4.23638E-03 1.38744E-06 3.98853E-04 
3.75076E-03 -1.21131E-07 6.55892E-04 
3.37721E-03 -1.20280E-07 1.07906E-03 
3.16788E-03 6.59919E-07 1.68252E-03 
3.13497E-03 1.99429E-06 2.30863E-03 
3.11565E-03 3.75181E-06 2.65999E-03 
2.93475E-03 5.47048E-06 2.63479E-03 
5.29931E-02 3.69162E-02 2.17121E-05 
4.79795E-02 2.79486E-02 2.17273E-05 
4.28936E-02 2.06289E-02 2.16794E-05 
3.78168E-02 1.48030E-02 2.15936E-05 
3.28496E-02 1.03155E-02 2.14786E-05 
2.81252E-02 6.98022E-03 2.13861E-05 
2.37785E-02 4.59291E-03 2.14007E-05 
2.07324E-02 3.26253E-03 2.15472E-05 
1.98984E-02 2.94365E-03 2.16210E-05 
1.62942E-02 1.77388E-03 2.22386E-05 
1.33068E-02 1.04314E-03 2.34716E-05 
1.08925E-02 5.99636E-04 2.56171E-05 
8.97344E-03 3.36453E-04 2.90978E-05 
7.47681E-03 1.81217E-04 3.46563E-05 
6.30016E-03 9.33393E-05 4.33175E-05 
5.36303E-03 4.39129E-05 5.68844E-05 
4.60658E-03 1.70623E-05 7.85167E-05 
3.98560E-03 3.32547E-06 1.13834E-04 
3.46727E-03 -2.92340E-06 1.72961E-04 
3.03051E-03 -5.02309E-06 2.73978E-04 
2.66672E-03 -4.95408E-06 4.46704E-04 
2.38651E-03 -3.87523E-06 7.28689E-04 
2.22374E-03 -2.39058E-06 1.12641E-03 
2.18355E-03 -6.05479E-07 1.53187E-03 
2.15111E-03 1.55115E-06 1.74913E-03 
2.00782E-03 3.72650E-06 1.71710E-03 
4.83275E-02 3.58948E-02 1.96632E-05 
4.34045E-02 2.69438E-02 1.94905E-05 
3.84355E-02 1.96860E-02 1.92316E-05 
3.34976E-02 1.39507E-02 1.89039E-05 
2.87054E-02 9.57846E-03 1.85169E-05 
2.41959E-02 6.37033E-03 1.81177E-05 
2.00954E-02 4.10859E-03 1.77766E-05 
1.72618E-02 2.86897E-03 1.76083E-05 
1.64926E-02 2.57494E-03 1.75816E-05 
1.32052E-02 1.51022E-03 1.76482E-05 
1.05384E-02 8.61637E-04 1.81696E-05 
8.43285E-03 4.78396E-04 1.93526E-05 
6.80175E-03 2.57316E-04 2.14860E-05 
5.55973E-03 1.29857E-04 2.50664E-05 
4.60767E-03 6.01967E-05 3.07533E-05 
3.86779E-03 2.23894E-05 3.97283E-05 
3.28389E-03 2.85931E-06 5.40498E-05 
2.81384E-03 -6.27319E-06 7.73539E-05 
2.42750E-03 -9.59524E-06 1.16126E-04 
2.10629E-03 -9.78699E-06 1.81902E-04 
1.84048E-03 -8.43839E-06 2.93299E-04 
1.63511E-03 -6.48658E-06 4.73065E-04 
1.51053E-03 -4.41806E-06 7.22712E-04 
1.46704E-03 -2.23203E-06 9.70805E-04 
1.42688E-03 2.82348E-07 1.09452E-03 
1.31427E-03 2.82540E-06 1.06095E-03 
4.39420E-02 3.47304E-02 1.77736E-05 
3.91536E-02 2.58530E-02 1.74526E-05 
3.43357E-02 1.86963E-02 1.70263E-05 
2.95731E-02 1.30830E-02 1.65120E-05 
2.49847E-02 8.84599E-03 1.59180E-05 
2.07145E-02 5.77789E-03 1.52915E-05 
1.68786E-02 3.64841E-03 1.46930E-05 
1.42651E-02 2.50111E-03 1.42997E-05 
1.35621E-02 2.23197E-03 1.42020E-05 
1.05950E-02 1.27095E-03 1.38843E-05 
8.24110E-03 7.00832E-04 1.39093E-05 
6.42949E-03 3.73560E-04 1.44208E-05 
5.06336E-03 1.90412E-04 1.56055E-05 
4.04938E-03 8.72900E-05 1.77828E-05 
3.29383E-03 3.32637E-05 2.13564E-05 
2.72142E-03 5.21376E-06 2.70582E-05 
2.28017E-03 -8.27391E-06 3.61634E-05 
1.93219E-03 -1.36506E-05 5.09045E-05 
1.65086E-03 -1.46021E-05 7.52077E-05 
1.42009E-03 -1.32571E-05 1.15988E-04 
1.23027E-03 -1.08801E-05 1.84057E-04 
1.08270E-03 -8.22428E-06 2.91939E-04 
9.87923E-04 -5.67131E-06 4.38037E-04 
9.43086E-04 -3.12816E-06 5.77047E-04 
8.98234E-04 -2.93826E-07 6.37298E-04 
8.09504E-04 2.54413E-06 6.05089E-04 
3.97603E-02 3.33796E-02 1.60071E-05 
3.51535E-02 2.46477E-02 1.55736E-05 
3.05285E-02 1.76438E-02 1.50211E-05 
2.59821E-02 1.21916E-02 1.43703E-05 
2.16306E-02 8.11494E-03 1.36275E-05 
1.76237E-02 5.20161E-03 1.28416E-05 
1.40711E-02 3.21194E-03 1.20689E-05 
1.16853E-02 2.15880E-03 1.15263E-05 
1.10499E-02 1.91461E-03 1.13819E-05 
8.40272E-03 1.05541E-03 1.08133E-05 
6.35317E-03 5.59896E-04 1.05147E-05 
4.81862E-03 2.84110E-04 1.05827E-05 
3.69464E-03 1.34741E-04 1.11301E-05 
2.88230E-03 5.26069E-05 1.23480E-05 
2.29492E-03 1.17145E-05 1.44598E-05 
1.86161E-03 -8.31176E-06 1.78845E-05 
1.53570E-03 -1.69019E-05 2.33521E-05 
1.28412E-03 -1.92612E-05 3.21204E-05 
1.08430E-03 -1.83134E-05 4.63565E-05 
9.22306E-04 -1.57383E-05 6.97551E-05 
7.89781E-04 -1.25360E-05 1.07809E-04 
6.85412E-04 -9.31139E-06 1.66090E-04 
6.12885E-04 -6.35433E-06 2.41119E-04 
5.67268E-04 -3.49257E-06 3.05894E-04 
5.19235E-04 -3.72715E-07 3.23955E-04 
4.48238E-04 2.69944E-06 2.94286E-04 
3.57168E-02 3.17855E-02 1.43341E-05 
3.13404E-02 2.32883E-02 1.38203E-05 
2.69596E-02 1.65069E-02 1.31820E-05 
2.26727E-02 1.12645E-02 1.24405E-05 
1.85969E-02 7.38079E-03 1.16028E-05 
1.48808E-02 4.64066E-03 1.07187E-05 
1.16304E-02 2.79971E-03 9.84386E-06 
9.47914E-03 1.84260E-03 9.21519E-06 
8.91191E-03 1.62333E-03 9.04413E-06 
6.58240E-03 8.63734E-04 8.33392E-06 
4.82542E-03 4.38464E-04 7.84835E-06 
3.54802E-03 2.09364E-04 7.64864E-06 
2.64112E-03 8.95081E-05 7.79507E-06 
2.00344E-03 2.50677E-05 8.38829E-06 
1.55671E-03 -5.06179E-06 9.52849E-06 
1.23586E-03 -1.86664E-05 1.14218E-05 
1.00028E-03 -2.33969E-05 1.44267E-05 
8.22217E-04 -2.33932E-05 1.91424E-05 
6.83238E-04 -2.09586E-05 2.65477E-05 
5.71823E-04 -1.74180E-05 3.81772E-05 
4.80871E-04 -1.35666E-05 5.59597E-05 
4.07522E-04 -9.89221E-06 8.08590E-05 
3.50695E-04 -6.60560E-06 1.08298E-04 
3.04141E-04 -3.46793E-06 1.23781E-04 
2.53556E-04 -1.03160E-07 1.14531E-04 
1.95124E-04 3.14451E-06 8.76884E-05 
3.17242E-02 2.98610E-02 1.27171E-05 
2.76342E-02 2.17143E-02 1.21543E-05 
2.35593E-02 1.52494E-02 1.14701E-05 
1.95833E-02 1.02808E-02 1.06812E-05 
1.58286E-02 6.63313E-03 9.79923E-06 
1.24369E-02 4.09072E-03 8.87312E-06 
9.51007E-03 2.41015E-03 7.95898E-06 
7.60091E-03 1.55189E-03 7.29793E-06 
7.10275E-03 1.35766E-03 7.11693E-06 
5.08667E-03 6.95359E-04 6.35163E-06 
3.60800E-03 3.35766E-04 5.78362E-06 
2.56603E-03 1.48455E-04 5.44756E-06 
1.84998E-03 5.38966E-05 5.36545E-06 
1.36002E-03 4.03123E-06 5.57616E-06 
1.02758E-03 -1.75363E-05 6.09792E-06 
7.94701E-04 -2.61691E-05 6.99575E-06 
6.27413E-04 -2.79650E-05 8.38391E-06 
5.03364E-04 -2.61822E-05 1.04284E-05 
4.08061E-04 -2.26348E-05 1.33270E-05 
3.32372E-04 -1.83763E-05 1.72045E-05 
2.70371E-04 -1.40481E-05 2.16657E-05 
2.18410E-04 -1.00462E-05 2.47259E-05 
1.72073E-04 -6.51466E-06 2.11971E-05 
1.24346E-04 -3.16128E-06 4.94515E-06 
7.15999E-05 3.88462E-07 -2.13471E-05 
2.18717E-05 3.74256E-06 -4.53958E-05 
2.76866E-02 2.74951E-02 1.11150E-05 
2.39500E-02 1.98509E-02 1.05346E-05 
2.02446E-02 1.38185E-02 9.84089E-06 
1.66412E-02 9.20863E-03 9.04718E-06 
1.32622E-02 5.85446E-03 8.16944E-06 
1.02362E-02 3.54310E-03 7.25386E-06 
7.65884E-03 2.03909E-03 6.35597E-06 
6.00207E-03 1.28433E-03 5.70847E-06 
5.57416E-03 1.11557E-03 5.53123E-06 
3.86803E-03 5.49046E-04 4.77965E-06 
2.65217E-03 2.50732E-04 4.20659E-06 
1.82277E-03 1.00455E-04 3.82748E-06 
1.27123E-03 2.72058E-05 3.63688E-06 
9.03091E-04 -1.09013E-05 3.63277E-06 
6.60681E-04 -2.58890E-05 3.78164E-06 
4.94145E-04 -3.08441E-05 4.05913E-06 
3.76482E-04 -3.05410E-05 4.42574E-06 
2.90522E-04 -2.75306E-05 4.77521E-06 
2.25340E-04 -2.32492E-05 4.81692E-06 
1.73923E-04 -1.85463E-05 3.80022E-06 
1.31373E-04 -1.39478E-05 -1.02775E-07 
9.37056E-05 -9.77742E-06 -1.06350E-05 
5.43016E-05 -6.12340E-06 -3.32168E-05 
5.80165E-06 -2.65709E-06 -6.85821E-05 
-4.81197E-05 9.73832E-07 -1.04482E-04 
-9.15238E-05 4.33308E-06 -1.25763E-04 
2.35371E-02 2.45939E-02 9.49684E-06 
2.02183E-02 1.76275E-02 8.92660E-06 
1.69423E-02 1.21605E-02 8.25446E-06 
1.37766E-02 8.01256E-03 7.49541E-06 
1.08317E-02 5.02241E-03 6.66633E-06 
8.21906E-03 2.98533E-03 5.80976E-06 
6.02300E-03 1.68002E-03 4.97826E-06 
4.63191E-03 1.03598E-03 4.38361E-06 
4.27610E-03 8.93590E-04 4.22142E-06 
2.87844E-03 4.22812E-04 3.53739E-06 
1.91033E-03 1.82056E-04 3.01466E-06 
1.27063E-03 6.45279E-05 2.65461E-06 
8.58284E-04 9.04311E-06 2.43431E-06 
5.88386E-04 -1.96385E-05 2.32700E-06 
4.14873E-04 -2.97600E-05 2.27124E-06 
2.96913E-04 -3.21957E-05 2.19321E-06 
2.14235E-04 -3.06025E-05 1.96797E-06 
1.54366E-04 -2.69583E-05 1.34022E-06 
1.09435E-04 -2.24050E-05 -2.43003E-07 
7.41818E-05 -1.76324E-05 -3.99083E-06 
4.45990E-05 -1.30728E-05 -1.24478E-05 
1.66082E-05 -8.98796E-06 -3.01619E-05 
-1.74161E-05 -5.42147E-06 -6.23664E-05 
-6.47292E-05 -2.03418E-06 -1.06634E-04 
-1.17258E-04 1.48427E-06 -1.45848E-04 
-1.54986E-04 4.67694E-06 -1.64096E-04 
1.93184E-02 2.11816E-02 7.86895E-06 
1.64534E-02 1.50467E-02 7.32670E-06 
1.36492E-02 1.02709E-02 6.69990E-06 
1.09700E-02 6.68480E-03 6.00622E-06 
8.50477E-03 4.12862E-03 5.26111E-06 
6.34774E-03 2.41144E-03 4.50445E-06 
4.56055E-03 1.32841E-03 3.78008E-06 
3.44726E-03 8.03437E-04 3.26966E-06 
3.16531E-03 6.88647E-04 3.13136E-06 
2.07364E-03 3.14510E-04 2.55381E-06 
1.33799E-03 1.28338E-04 2.11760E-06 
8.65815E-04 3.99681E-05 1.81431E-06 
5.69462E-04 -6.20359E-07 1.61325E-06 
3.78018E-04 -2.15293E-05 1.47814E-06 
2.56734E-04 -2.81722E-05 1.34107E-06 
1.74385E-04 -2.91218E-05 1.11455E-06 
1.16685E-04 -2.70783E-05 6.49548E-07 
7.50742E-05 -2.35296E-05 -3.46493E-07 
4.41226E-05 -1.93508E-05 -2.47953E-06 
1.99911E-05 -1.50797E-05 -7.02262E-06 
-4.75759E-07 -1.10546E-05 -1.65381E-05 
-2.10558E-05 -7.47582E-06 -3.54033E-05 
-4.89709E-05 -4.35598E-06 -6.81161E-05 
-9.06159E-05 -1.38750E-06 -1.11063E-04 
-1.36651E-04 1.67701E-06 -1.46923E-04 
-1.67386E-04 4.41493E-06 -1.61404E-04 
1.52567E-02 1.75124E-02 6.30504E-06 
1.28472E-02 1.22928E-02 5.80180E-06 
1.05210E-02 8.27815E-03 5.23531E-06 
8.33639E-03 5.30761E-03 4.62505E-06 
6.36093E-03 3.22330E-03 3.98577E-06 
4.66495E-03 1.84779E-03 3.35190E-06 
3.28730E-03 9.96911E-04 2.75840E-06 
2.44601E-03 5.92536E-04 2.34862E-06 
2.23534E-03 5.05153E-04 2.23873E-06 
1.43181E-03 2.24415E-04 1.78601E-06 
9.04323E-04 8.83580E-05 1.45070E-06 
5.74258E-04 2.54613E-05 1.21958E-06 
3.71485E-04 -2.70056E-06 1.06343E-06 
2.41914E-04 -1.69974E-05 9.49697E-07 
1.60552E-04 -2.11907E-05 8.23843E-07 
1.05329E-04 -2.14787E-05 6.15677E-07 
6.66800E-05 -1.97480E-05 2.07157E-07 
3.89183E-05 -1.70264E-05 -6.31143E-07 
1.84282E-05 -1.39146E-05 -2.36813E-06 
2.56219E-06 -1.07789E-05 -5.97833E-06 
-1.09301E-05 -7.84742E-06 -1.33976E-05 
-2.48773E-05 -5.25261E-06 -2.78846E-05 
-4.47057E-05 -2.99245E-06 -5.26553E-05 
-7.50472E-05 -8.39270E-07 -8.46885E-05 
-1.08469E-04 1.37600E-06 -1.10874E-04 
-1.30063E-04 3.33747E-06 -1.20817E-04 
---
