PdfType: replica
Format: lhagrid1
---
1.00000E-06 1.28121E-06 1.64152E-06 2.10317E-06 2.69463E-06 3.45242E-06 4.42329E-06 5.66715E-06 7.26076E-06 9.30241E-06 1.19180E-05 1.52689E-05 1.95617E-05 2.50609E-05 3.21053E-05 4.11287E-05 5.26863E-05 6.74889E-05 8.64459E-05 1.10720E-04 1.41800E-04 1.81585E-04 2.32503E-04 2.97652E-04 3.80981E-04 4.87518E-04 6.26039E-04 8.00452E-04 1.02297E-03 1.30657E-03 1.66759E-03 2.12729E-03 2.71054E-03 3.44865E-03 4.37927E-03 5.54908E-03 7.01192E-03 8.83064E-03 1.10763E-02 1.38266E-02 1.71641E-02 2.11717E-02 2.59364E-02 3.15062E-02 3.79623E-02 4.53425E-02 5.36750E-02 6.29705E-02 7.32221E-02 8.44039E-02 9.64793E-02 1.09332E-01 1.23067E-01 1.37507E-01 1.52639E-01 1.68416E-01 1.84794E-01 2.01731E-01 2.19016E-01 2.36948E-01 2.55242E-01 2.73927E-01 2.92954E-01 3.12340E-01 3.32036E-01 3.52019E-01 3.72282E-01 3.92772E-01 4.13533E-01 4.34326E-01 4.55495E-01 4.76836E-01 4.98342E-01 5.20006E-01 5.41818E-01 5.63773E-01 5.85861E-01 6.08077E-01 6.30459E-01 6.52800E-01 6.75387E-01 6.98063E-01 7.20830E-01 7.43683E-01 7.66623E-01 7.89636E-01 8.12791E-01 8.35940E-01 8.59175E-01 8.82485E-01 9.05866E-01 9.29311E-01 9.52817E-01 9.76387E-01 1.00000E+00 
1.14018E+00 1.22539E+00 1.32482E+00 1.44156E+00 1.57954E+00 1.74381E+00 1.94091E+00 2.12132E+00 2.17945E+00 2.49622E+00 2.89383E+00 3.39925E+00 4.05063E+00 4.90286E+00 6.03623E+00 7.57063E+00 9.68869E+00 1.26749E+01 1.69835E+01 2.33578E+01 3.30501E+01 4.82334E+01 7.28041E+01 1.13998E+02 1.85779E+02 3.16228E+02 
908 909 910 
8.09213E-01 4.68772E-02 2.31828E-01 
8.24492E-01 5.57774E-02 2.73462E-01 
8.58368E-01 7.20206E-02 3.26269E-01 
9.19825E-01 9.66150E-02 3.93851E-01 
1.00306E+00 1.26480E-01 4.81860E-01 
1.11193E+00 1.62390E-01 5.99481E-01 
1.25084E+00 2.05162E-01 7.58042E-01 
1.38137E+00 2.43392E-01 9.19027E-01 
1.42404E+00 2.55545E-01 9.75139E-01 
1.65567E+00 3.19371E-01 1.30674E+00 
1.94120E+00 3.94062E-01 1.79412E+00 
2.28937E+00 4.80366E-01 2.52892E+00 
2.70944E+00 5.79725E-01 3.66252E+00 
3.21110E+00 7.49258E-01 5.47675E+00 
3.81084E+00 8.88748E-01 8.47458E+00 
4.53698E+00 1.04452E+00 1.35773E+01 
5.41107E+00 1.21756E+00 2.26077E+01 
6.45716E+00 1.40826E+00 3.91959E+01 
7.70610E+00 1.61764E+00 7.07477E+01 
9.20340E+00 1.84837E+00 1.32748E+02 
1.10392E+01 2.11008E+00 2.56259E+02 
1.34593E+01 2.43752E+00 4.94694E+02 
1.71259E+01 2.92725E+00 9.05793E+02 
2.30671E+01 3.70738E+00 1.46303E+03 
3.11932E+01 4.69600E+00 1.98700E+03 
3.98300E+01 5.59623E+00 2.32344E+03 
1.50773E+00 8.67953E-02 3.96417E-01 
1.53715E+00 1.03740E-01 4.67396E-01 
1.60191E+00 1.34639E-01 5.57438E-01 
1.71888E+00 1.81429E-01 6.73273E-01 
1.87660E+00 2.38064E-01 8.24580E-01 
2.08188E+00 3.05926E-01 1.02521E+00 
2.34262E+00 3.86513E-01 1.29589E+00 
2.58752E+00 4.58470E-01 1.57169E+00 
2.66710E+00 4.81231E-01 1.66677E+00 
3.09981E+00 6.00890E-01 2.23390E+00 
3.63171E+00 7.40392E-01 3.06648E+00 
4.27866E+00 9.01302E-01 4.32186E+00 
5.05805E+00 1.08513E+00 6.26334E+00 
5.98841E+00 1.39998E+00 9.36060E+00 
7.09796E+00 1.65638E+00 1.44676E+01 
8.43919E+00 1.94229E+00 2.31808E+01 
1.00493E+01 2.25869E+00 3.85914E+01 
1.19727E+01 2.60640E+00 6.69145E+01 
1.42637E+01 2.98682E+00 1.20844E+02 
1.70032E+01 3.40448E+00 2.26760E+02 
2.03544E+01 3.87684E+00 4.37411E+02 
2.47684E+01 4.46751E+00 8.44500E+02 
3.14573E+01 5.35243E+00 1.54685E+03 
4.22861E+01 6.76234E+00 2.49777E+03 
5.70712E+01 8.54523E+00 3.39208E+03 
7.27308E+01 1.01588E+01 3.96563E+03 
1.43163E+00 8.17472E-02 3.39235E-01 
1.46088E+00 9.83397E-02 3.99863E-01 
1.52467E+00 1.28550E-01 4.76957E-01 
1.63849E+00 1.74039E-01 5.75925E-01 
1.79120E+00 2.28956E-01 7.05347E-01 
1.98899E+00 2.94554E-01 8.76807E-01 
2.23900E+00 3.72169E-01 1.10801E+00 
2.47321E+00 4.41283E-01 1.34386E+00 
2.54903E+00 4.63073E-01 1.42470E+00 
2.96103E+00 5.77485E-01 1.90929E+00 
3.46572E+00 7.10303E-01 2.62014E+00 
4.07768E+00 8.62900E-01 3.69203E+00 
4.81306E+00 1.03638E+00 5.35197E+00 
5.69150E+00 1.33343E+00 7.99674E+00 
6.73617E+00 1.57304E+00 1.23526E+01 
7.99513E+00 1.83916E+00 1.97869E+01 
9.50197E+00 2.13238E+00 3.29385E+01 
1.12964E+01 2.45327E+00 5.70947E+01 
1.34280E+01 2.80286E+00 1.03108E+02 
1.59699E+01 3.18508E+00 1.93448E+02 
1.90719E+01 3.61596E+00 3.73050E+02 
2.31511E+01 4.15414E+00 7.20011E+02 
2.93327E+01 4.96203E+00 1.31881E+03 
3.93342E+01 6.25022E+00 2.12911E+03 
5.29574E+01 7.87440E+00 2.89091E+03 
6.73234E+01 9.33318E+00 3.37903E+03 
1.35317E+00 7.65927E-02 2.88857E-01 
1.38224E+00 9.28204E-02 3.40388E-01 
1.44475E+00 1.22212E-01 4.05929E-01 
1.55516E+00 1.66277E-01 4.90058E-01 
1.70225E+00 2.19288E-01 5.99901E-01 
1.89198E+00 2.82437E-01 7.45783E-01 
2.13061E+00 3.56852E-01 9.42136E-01 
2.35348E+00 4.22913E-01 1.14262E+00 
2.42553E+00 4.43711E-01 1.21142E+00 
2.81579E+00 5.52542E-01 1.62270E+00 
3.29235E+00 6.78373E-01 2.22664E+00 
3.86816E+00 8.22281E-01 3.13613E+00 
4.55796E+00 9.85106E-01 4.54429E+00 
5.38335E+00 1.26394E+00 6.79039E+00 
6.36228E+00 1.48665E+00 1.04900E+01 
7.53762E+00 1.73282E+00 1.67951E+01 
8.94025E+00 2.00295E+00 2.79555E+01 
1.06053E+01 2.29724E+00 4.84391E+01 
1.25775E+01 2.61645E+00 8.74587E+01 
1.49229E+01 2.96404E+00 1.64045E+02 
1.77789E+01 3.35463E+00 3.16351E+02 
2.15284E+01 3.84193E+00 6.10358E+02 
2.72087E+01 4.57483E+00 1.11767E+03 
3.63952E+01 5.74478E+00 1.80410E+03 
4.88789E+01 7.21546E+00 2.44921E+03 
6.19846E+01 8.52613E+00 2.86230E+03 
1.27898E+00 7.17161E-02 2.45681E-01 
1.30800E+00 8.76436E-02 2.89469E-01 
1.36917E+00 1.16218E-01 3.45010E-01 
1.47633E+00 1.58939E-01 4.16528E-01 
1.61813E+00 2.10151E-01 5.09824E-01 
1.79993E+00 2.70900E-01 6.33440E-01 
2.02771E+00 3.42251E-01 8.00049E-01 
2.23973E+00 4.05380E-01 9.70293E-01 
2.30809E+00 4.25204E-01 1.02855E+00 
2.67778E+00 5.28713E-01 1.37768E+00 
3.12743E+00 6.47812E-01 1.88967E+00 
3.66909E+00 7.83447E-01 2.66131E+00 
4.31593E+00 9.36224E-01 3.85514E+00 
5.09054E+00 1.19778E+00 5.75716E+00 
6.00706E+00 1.40437E+00 8.89413E+00 
7.10377E+00 1.63183E+00 1.42383E+01 
8.40811E+00 1.88031E+00 2.36893E+01 
9.95210E+00 2.14984E+00 4.10512E+01 
1.17753E+01 2.44086E+00 7.40948E+01 
1.39376E+01 2.75640E+00 1.38965E+02 
1.65640E+01 3.10975E+00 2.67888E+02 
2.00082E+01 3.55037E+00 5.16920E+02 
2.52240E+01 4.21437E+00 9.46365E+02 
3.36548E+01 5.27550E+00 1.52728E+03 
4.50844E+01 6.60541E+00 2.07311E+03 
5.70299E+01 7.78123E+00 2.42250E+03 
1.20886E+00 6.70999E-02 2.08578E-01 
1.23789E+00 8.27650E-02 2.45752E-01 
1.29780E+00 1.10569E-01 2.92826E-01 
1.40170E+00 1.51981E-01 3.53374E-01 
1.53845E+00 2.01475E-01 4.32541E-01 
1.71278E+00 2.59958E-01 5.37389E-01 
1.93007E+00 3.28341E-01 6.78469E-01 
2.13161E+00 3.88629E-01 8.22635E-01 
2.19650E+00 4.07530E-01 8.72027E-01 
2.54644E+00 5.05907E-01 1.16776E+00 
2.97061E+00 6.18595E-01 1.60161E+00 
3.47975E+00 7.46297E-01 2.25485E+00 
4.08602E+00 8.89534E-01 3.26662E+00 
4.81265E+00 1.13445E+00 4.87737E+00 
5.66988E+00 1.32602E+00 7.53077E+00 
6.69256E+00 1.53600E+00 1.20581E+01 
7.90463E+00 1.76424E+00 2.00570E+01 
9.33498E+00 2.01067E+00 3.47499E+01 
1.10190E+01 2.27554E+00 6.27139E+01 
1.30107E+01 2.56148E+00 1.17614E+02 
1.54240E+01 2.88057E+00 2.26682E+02 
1.85840E+01 3.27813E+00 4.37309E+02 
2.33695E+01 3.87887E+00 8.00603E+02 
3.11010E+01 4.84014E+00 1.29195E+03 
4.15569E+01 6.04118E+00 1.75351E+03 
5.24342E+01 7.09422E+00 2.04885E+03 
1.14262E+00 6.27353E-02 1.76804E-01 
1.17148E+00 7.80965E-02 2.08266E-01 
1.23043E+00 1.05254E-01 2.48188E-01 
1.33122E+00 1.45421E-01 2.99405E-01 
1.46297E+00 1.93239E-01 3.66360E-01 
1.63005E+00 2.49525E-01 4.55081E-01 
1.83741E+00 3.15085E-01 5.74603E-01 
2.02890E+00 3.72643E-01 6.96509E-01 
2.09045E+00 3.90651E-01 7.38353E-01 
2.42160E+00 4.84113E-01 9.88628E-01 
2.82148E+00 5.90651E-01 1.35580E+00 
3.29977E+00 7.10757E-01 1.90837E+00 
3.86745E+00 8.44802E-01 2.76373E+00 
4.54879E+00 1.07418E+00 4.12730E+00 
5.35008E+00 1.25155E+00 6.37106E+00 
6.30268E+00 1.44504E+00 1.01986E+01 
7.42827E+00 1.65440E+00 1.69674E+01 
8.75205E+00 1.87933E+00 2.93847E+01 
1.03062E+01 2.11996E+00 5.30425E+01 
1.21388E+01 2.37853E+00 9.94389E+01 
1.43544E+01 2.66614E+00 1.91685E+02 
1.72513E+01 3.02425E+00 3.69753E+02 
2.16373E+01 3.56681E+00 6.76844E+02 
2.87217E+01 4.43643E+00 1.09218E+03 
3.82785E+01 5.51952E+00 1.48227E+03 
4.81735E+01 6.46105E+00 1.73188E+03 
1.08004E+00 5.86101E-02 1.49688E-01 
1.10876E+00 7.36945E-02 1.76264E-01 
1.16671E+00 1.00217E-01 2.10011E-01 
1.26461E+00 1.39225E-01 2.53379E-01 
1.39158E+00 1.85446E-01 3.09962E-01 
1.55170E+00 2.39624E-01 3.84982E-01 
1.74937E+00 3.02439E-01 4.85978E-01 
1.93134E+00 3.57383E-01 5.89144E-01 
1.98964E+00 3.74518E-01 6.24381E-01 
2.30275E+00 4.63234E-01 8.35852E-01 
2.67951E+00 5.63874E-01 1.14622E+00 
3.12862E+00 6.76777E-01 1.61345E+00 
3.65991E+00 8.02038E-01 2.33629E+00 
4.29816E+00 1.01673E+00 3.48889E+00 
5.04668E+00 1.18074E+00 5.38618E+00 
5.93330E+00 1.35876E+00 8.61999E+00 
6.97753E+00 1.55046E+00 1.43403E+01 
8.20176E+00 1.75542E+00 2.48359E+01 
9.63455E+00 1.97359E+00 4.48274E+01 
1.13193E+01 2.20697E+00 8.40413E+01 
1.33510E+01 2.46560E+00 1.61975E+02 
1.60041E+01 2.78753E+00 3.12456E+02 
2.00209E+01 3.27681E+00 5.71950E+02 
2.65061E+01 4.06234E+00 9.22875E+02 
3.52335E+01 5.03769E+00 1.25250E+03 
4.42262E+01 5.87804E+00 1.46344E+03 
1.02095E+00 5.47122E-02 1.26547E-01 
1.04968E+00 6.95944E-02 1.49024E-01 
1.10653E+00 9.54612E-02 1.77479E-01 
1.20165E+00 1.33367E-01 2.14163E-01 
1.32396E+00 1.78055E-01 2.61953E-01 
1.47740E+00 2.30212E-01 3.25395E-01 
1.66588E+00 2.90394E-01 4.10747E-01 
1.83861E+00 3.42803E-01 4.97810E-01 
1.89396E+00 3.59137E-01 5.27779E-01 
2.18991E+00 4.43313E-01 7.06423E-01 
2.54468E+00 5.38304E-01 9.68710E-01 
2.96603E+00 6.44312E-01 1.36333E+00 
3.46280E+00 7.61259E-01 1.97379E+00 
4.06022E+00 9.61914E-01 2.94747E+00 
4.75883E+00 1.11339E+00 4.55024E+00 
5.58343E+00 1.27694E+00 7.28275E+00 
6.55124E+00 1.45217E+00 1.21137E+01 
7.68233E+00 1.63856E+00 2.09829E+01 
9.00190E+00 1.83596E+00 3.78650E+01 
1.05492E+01 2.04612E+00 7.10007E+01 
1.24106E+01 2.27820E+00 1.36845E+02 
1.48376E+01 2.56697E+00 2.63946E+02 
1.85129E+01 3.00747E+00 4.83174E+02 
2.44444E+01 3.71600E+00 7.79653E+02 
3.24070E+01 4.59300E+00 1.05815E+03 
4.05709E+01 5.34160E+00 1.23638E+03 
9.65191E-01 5.10356E-02 1.06896E-01 
9.93853E-01 6.57017E-02 1.25890E-01 
1.04992E+00 9.10365E-02 1.49944E-01 
1.14214E+00 1.27846E-01 1.80889E-01 
1.26007E+00 1.71078E-01 2.21307E-01 
1.40694E+00 2.21255E-01 2.74775E-01 
1.58660E+00 2.78910E-01 3.46940E-01 
1.75052E+00 3.28889E-01 4.20439E-01 
1.80290E+00 3.44416E-01 4.45705E-01 
2.08253E+00 4.24235E-01 5.96644E-01 
2.41637E+00 5.13826E-01 8.18155E-01 
2.81148E+00 6.13286E-01 1.15150E+00 
3.27579E+00 7.22522E-01 1.66743E+00 
3.83439E+00 9.09818E-01 2.48908E+00 
4.48586E+00 1.04938E+00 3.84302E+00 
5.25203E+00 1.19936E+00 6.15061E+00 
6.14822E+00 1.35923E+00 1.02312E+01 
7.19217E+00 1.52840E+00 1.77208E+01 
8.40635E+00 1.70662E+00 3.19841E+01 
9.82567E+00 1.89540E+00 5.99630E+01 
1.15291E+01 2.10313E+00 1.15583E+02 
1.37474E+01 2.36165E+00 2.22970E+02 
1.71066E+01 2.75745E+00 4.08143E+02 
2.25268E+01 3.39557E+00 6.58595E+02 
2.97842E+01 4.18282E+00 8.93866E+02 
3.71880E+01 4.84841E+00 1.04449E+03 
9.12592E-01 4.75663E-02 9.02624E-02 
9.41115E-01 6.20118E-02 1.06276E-01 
9.96536E-01 8.68878E-02 1.26632E-01 
1.08596E+00 1.22645E-01 1.52714E-01 
1.19956E+00 1.64460E-01 1.86836E-01 
1.34026E+00 2.12770E-01 2.32053E-01 
1.51127E+00 2.67953E-01 2.92870E-01 
1.66683E+00 3.15600E-01 3.55009E-01 
1.71639E+00 3.30360E-01 3.76282E-01 
1.98033E+00 4.05967E-01 5.03646E-01 
2.29424E+00 4.90379E-01 6.90613E-01 
2.66446E+00 5.83556E-01 9.72179E-01 
3.09806E+00 6.85323E-01 1.40790E+00 
3.62013E+00 8.60013E-01 2.10214E+00 
4.22697E+00 9.88490E-01 3.24480E+00 
4.93826E+00 1.12582E+00 5.19447E+00 
5.76725E+00 1.27140E+00 8.63922E+00 
6.72980E+00 1.42459E+00 1.49664E+01 
7.84562E+00 1.58509E+00 2.70086E+01 
9.14639E+00 1.75427E+00 5.06459E+01 
1.07034E+01 1.93972E+00 9.76180E+01 
1.27285E+01 2.17055E+00 1.88323E+02 
1.57957E+01 2.52554E+00 3.44749E+02 
2.07442E+01 3.09934E+00 5.56341E+02 
2.73527E+01 3.80490E+00 7.55138E+02 
3.40596E+01 4.39543E+00 8.82435E+02 
8.63059E-01 4.43082E-02 7.62144E-02 
8.91426E-01 5.85557E-02 8.97030E-02 
9.46061E-01 8.29411E-02 1.06893E-01 
1.03298E+00 1.17762E-01 1.28945E-01 
1.14236E+00 1.58213E-01 1.57717E-01 
1.27698E+00 2.04693E-01 1.95865E-01 
1.43989E+00 2.57537E-01 2.47313E-01 
1.58729E+00 3.02913E-01 2.99696E-01 
1.63423E+00 3.16941E-01 3.17737E-01 
1.88329E+00 3.88544E-01 4.25327E-01 
2.17822E+00 4.67971E-01 5.83132E-01 
2.52481E+00 5.55124E-01 8.20923E-01 
2.92925E+00 6.49750E-01 1.18851E+00 
3.41673E+00 8.12634E-01 1.77498E+00 
3.98163E+00 9.30687E-01 2.74036E+00 
4.64117E+00 1.05616E+00 4.38609E+00 
5.40732E+00 1.18842E+00 7.29674E+00 
6.29380E+00 1.32681E+00 1.26397E+01 
7.31828E+00 1.47102E+00 2.28123E+01 
8.50877E+00 1.62217E+00 4.27774E+01 
9.93041E+00 1.78727E+00 8.24611E+01 
1.17771E+01 1.99287E+00 1.59088E+02 
1.45748E+01 2.31063E+00 2.91239E+02 
1.90877E+01 2.82566E+00 4.70010E+02 
2.50992E+01 3.45690E+00 6.38007E+02 
3.11677E+01 3.97971E+00 7.45617E+02 
8.16383E-01 4.12429E-02 6.43396E-02 
8.44789E-01 5.53789E-02 7.57551E-02 
8.98836E-01 7.93614E-02 9.02612E-02 
9.82984E-01 1.13182E-01 1.08847E-01 
1.08833E+00 1.52329E-01 1.33176E-01 
1.21711E+00 1.97053E-01 1.65383E-01 
1.37208E+00 2.47604E-01 2.08796E-01 
1.51178E+00 2.90812E-01 2.53065E-01 
1.55612E+00 3.04125E-01 2.68255E-01 
1.79093E+00 3.71847E-01 3.59111E-01 
2.06788E+00 4.46535E-01 4.92423E-01 
2.39209E+00 5.28011E-01 6.93190E-01 
2.76917E+00 6.15936E-01 1.00377E+00 
3.22374E+00 7.67547E-01 1.49869E+00 
3.74902E+00 8.75777E-01 2.31432E+00 
4.35998E+00 9.90159E-01 3.70369E+00 
5.06727E+00 1.11006E+00 6.16298E+00 
5.88283E+00 1.23478E+00 1.06752E+01 
6.82221E+00 1.36394E+00 1.92696E+01 
7.91059E+00 1.49861E+00 3.61364E+01 
9.20695E+00 1.64513E+00 6.96596E+01 
1.08889E+01 1.82776E+00 1.34404E+02 
1.34384E+01 2.11163E+00 2.46076E+02 
1.75497E+01 2.57307E+00 3.97144E+02 
2.30121E+01 3.13677E+00 5.39131E+02 
2.84966E+01 3.59856E+00 6.30119E+02 
7.72434E-01 3.83657E-02 5.42900E-02 
8.00809E-01 5.23762E-02 6.39475E-02 
8.54167E-01 7.59569E-02 7.61792E-02 
9.35843E-01 1.08895E-01 9.18933E-02 
1.03722E+00 1.46778E-01 1.12428E-01 
1.16042E+00 1.89814E-01 1.39666E-01 
1.30770E+00 2.38144E-01 1.76254E-01 
1.44002E+00 2.79261E-01 2.13704E-01 
1.48188E+00 2.91889E-01 2.26493E-01 
1.70306E+00 3.55870E-01 3.03195E-01 
1.96290E+00 4.26018E-01 4.15786E-01 
2.26592E+00 5.02086E-01 5.85259E-01 
2.61716E+00 5.83654E-01 8.47783E-01 
3.04073E+00 7.24541E-01 1.26585E+00 
3.52867E+00 8.23608E-01 1.95469E+00 
4.09410E+00 9.27683E-01 3.12911E+00 
4.74617E+00 1.03609E+00 5.20535E+00 
5.49559E+00 1.14816E+00 9.01938E+00 
6.35588E+00 1.26352E+00 1.62782E+01 
7.34960E+00 1.38311E+00 3.05279E+01 
8.53029E+00 1.51271E+00 5.88595E+01 
1.00602E+01 1.67444E+00 1.13562E+02 
1.23805E+01 1.92743E+00 2.07943E+02 
1.61225E+01 2.34014E+00 3.35638E+02 
2.10806E+01 2.84257E+00 4.55671E+02 
2.60311E+01 3.24947E+00 5.32620E+02 
7.31175E-01 3.56905E-02 4.58527E-02 
7.59389E-01 4.95577E-02 5.39968E-02 
8.12208E-01 7.28052E-02 6.43328E-02 
8.91448E-01 1.04902E-01 7.75994E-02 
9.88976E-01 1.41568E-01 9.49360E-02 
1.10668E+00 1.82955E-01 1.17923E-01 
1.24668E+00 2.29161E-01 1.48869E-01 
1.37182E+00 2.68244E-01 1.80450E-01 
1.41141E+00 2.80227E-01 1.91317E-01 
1.61963E+00 3.40638E-01 2.56112E-01 
1.86322E+00 4.06431E-01 3.51250E-01 
2.14609E+00 4.77286E-01 4.94360E-01 
2.47286E+00 5.52803E-01 7.16049E-01 
2.86714E+00 6.83643E-01 1.06926E+00 
3.31981E+00 7.74076E-01 1.65093E+00 
3.84248E+00 8.68531E-01 2.64345E+00 
4.44301E+00 9.66285E-01 4.39776E+00 
5.13081E+00 1.06671E+00 7.61945E+00 
5.91783E+00 1.16941E+00 1.37567E+01 
6.82386E+00 1.27521E+00 2.57992E+01 
7.89769E+00 1.38943E+00 4.97415E+01 
9.28777E+00 1.53223E+00 9.59850E+01 
1.13968E+01 1.75712E+00 1.75752E+02 
1.47988E+01 2.12551E+00 2.83704E+02 
1.92941E+01 2.57242E+00 3.85207E+02 
2.37567E+01 2.93002E+00 4.50301E+02 
6.92486E-01 3.32103E-02 3.87339E-02 
7.20599E-01 4.69891E-02 4.56062E-02 
7.72952E-01 6.99634E-02 5.43401E-02 
8.49746E-01 1.01222E-01 6.55577E-02 
9.43472E-01 1.36698E-01 8.01955E-02 
1.05583E+00 1.76481E-01 9.95917E-02 
1.18883E+00 2.20637E-01 1.25779E-01 
1.30708E+00 2.57755E-01 1.52424E-01 
1.34439E+00 2.69090E-01 1.61589E-01 
1.54025E+00 3.26063E-01 2.16356E-01 
1.76831E+00 3.87677E-01 2.96667E-01 
2.03225E+00 4.53598E-01 4.17667E-01 
2.33597E+00 5.23323E-01 6.04905E-01 
2.70259E+00 6.44677E-01 9.03492E-01 
3.12208E+00 7.27097E-01 1.39496E+00 
3.60458E+00 8.12575E-01 2.23330E+00 
4.15704E+00 9.00478E-01 3.71642E+00 
4.78739E+00 9.90145E-01 6.43804E+00 
5.50621E+00 1.08122E+00 1.16244E+01 
6.33130E+00 1.17447E+00 2.18058E+01 
7.30659E+00 1.27474E+00 4.20420E+01 
8.56778E+00 1.40037E+00 8.11354E+01 
1.04829E+01 1.59985E+00 1.48587E+02 
1.35719E+01 1.92794E+00 2.39864E+02 
1.76427E+01 2.32462E+00 3.25708E+02 
2.16603E+01 2.63804E+00 3.80789E+02 
6.56246E-01 3.09272E-02 3.27195E-02 
6.84155E-01 4.46042E-02 3.85235E-02 
7.36174E-01 6.73736E-02 4.59040E-02 
8.10495E-01 9.78248E-02 5.53778E-02 
9.00557E-01 1.32161E-01 6.77585E-02 
1.00775E+00 1.70398E-01 8.41404E-02 
1.13389E+00 2.12539E-01 1.06243E-01 
1.24562E+00 2.47770E-01 1.28784E-01 
1.28076E+00 2.58492E-01 1.36514E-01 
1.46475E+00 3.12138E-01 1.82762E-01 
1.67813E+00 3.69750E-01 2.50631E-01 
1.92410E+00 4.30964E-01 3.52878E-01 
2.20611E+00 4.95334E-01 5.11121E-01 
2.54653E+00 6.07678E-01 7.63323E-01 
2.93493E+00 6.82555E-01 1.17896E+00 
3.37981E+00 7.59685E-01 1.88736E+00 
3.88728E+00 8.38444E-01 3.14103E+00 
4.46424E+00 9.18219E-01 5.44213E+00 
5.11991E+00 9.98668E-01 9.82595E+00 
5.87007E+00 1.08049E+00 1.84305E+01 
6.75460E+00 1.16812E+00 3.55425E+01 
7.89722E+00 1.27822E+00 6.85954E+01 
9.63381E+00 1.45464E+00 1.25633E+02 
1.24357E+01 1.74626E+00 2.02839E+02 
1.61176E+01 2.09756E+00 2.75464E+02 
1.97296E+01 2.37145E+00 3.22086E+02 
6.22344E-01 2.88519E-02 2.76435E-02 
6.50045E-01 4.24421E-02 3.25545E-02 
7.01652E-01 6.50207E-02 3.87815E-02 
7.73625E-01 9.47256E-02 4.67762E-02 
8.60066E-01 1.27952E-01 5.72395E-02 
9.62297E-01 1.64690E-01 7.11028E-02 
1.08179E+00 2.04873E-01 8.97472E-02 
1.18723E+00 2.38275E-01 1.08809E-01 
1.22033E+00 2.48412E-01 1.15352E-01 
1.39304E+00 2.98868E-01 1.54437E-01 
1.59246E+00 3.52652E-01 2.11813E-01 
1.82139E+00 4.09379E-01 2.98178E-01 
2.08292E+00 4.68408E-01 4.31944E-01 
2.39867E+00 5.72377E-01 6.45027E-01 
2.75769E+00 6.40275E-01 9.96236E-01 
3.16733E+00 7.09657E-01 1.59511E+00 
3.63286E+00 7.79992E-01 2.65452E+00 
4.16027E+00 8.50690E-01 4.60082E+00 
4.75747E+00 9.21442E-01 8.30669E+00 
5.43854E+00 9.92891E-01 1.55843E+01 
6.23945E+00 1.06909E+00 3.00537E+01 
7.27319E+00 1.16519E+00 5.80097E+01 
8.84589E+00 1.32077E+00 1.06254E+02 
1.13840E+01 1.57933E+00 1.71570E+02 
1.47102E+01 1.88974E+00 2.33031E+02 
1.79526E+01 2.12832E+00 2.72504E+02 
5.90729E-01 2.69930E-02 2.33603E-02 
6.18208E-01 4.05180E-02 2.75076E-02 
6.69551E-01 6.30089E-02 3.27753E-02 
7.39119E-01 9.19598E-02 3.95400E-02 
8.21960E-01 1.24087E-01 4.83683E-02 
9.19314E-01 1.59350E-01 6.00830E-02 
1.03247E+00 1.97652E-01 7.58530E-02 
1.13182E+00 2.29272E-01 9.19464E-02 
1.16292E+00 2.38830E-01 9.74605E-02 
1.32486E+00 2.86205E-01 1.30505E-01 
1.51106E+00 3.36349E-01 1.79022E-01 
1.72388E+00 3.88799E-01 2.52008E-01 
1.96616E+00 4.43262E-01 3.65045E-01 
2.25866E+00 5.39075E-01 5.45268E-01 
2.59009E+00 6.00243E-01 8.42258E-01 
2.96677E+00 6.62429E-01 1.34863E+00 
3.39316E+00 7.24970E-01 2.24394E+00 
3.87449E+00 7.87333E-01 3.89009E+00 
4.41755E+00 8.49238E-01 7.02294E+00 
5.03486E+00 9.11280E-01 1.31788E+01 
5.75896E+00 9.77178E-01 2.54181E+01 
6.69272E+00 1.06068E+00 4.90664E+01 
8.11514E+00 1.19746E+00 8.98888E+01 
1.04114E+01 1.42615E+00 1.45161E+02 
1.34120E+01 1.69970E+00 1.97185E+02 
1.63185E+01 1.90685E+00 2.30621E+02 
5.61329E-01 2.53610E-02 1.97514E-02 
5.88629E-01 3.88726E-02 2.32565E-02 
6.39616E-01 6.12992E-02 2.77016E-02 
7.06803E-01 8.95146E-02 3.34196E-02 
7.86135E-01 1.20576E-01 4.08827E-02 
8.78722E-01 1.54402E-01 5.07816E-02 
9.85739E-01 1.90855E-01 6.41193E-02 
1.07925E+00 2.20752E-01 7.77105E-02 
1.10848E+00 2.29754E-01 8.23904E-02 
1.26008E+00 2.74154E-01 1.10296E-01 
1.43364E+00 3.20754E-01 1.51294E-01 
1.63134E+00 3.69099E-01 2.13069E-01 
1.85544E+00 4.18898E-01 3.08579E-01 
2.12596E+00 5.07263E-01 4.60911E-01 
2.43149E+00 5.62309E-01 7.11899E-01 
2.77741E+00 6.17838E-01 1.14022E+00 
3.16741E+00 6.73200E-01 1.89775E+00 
3.60596E+00 7.27932E-01 3.28940E+00 
4.09902E+00 7.81787E-01 5.94039E+00 
4.65757E+00 8.35327E-01 1.11462E+01 
5.31112E+00 8.91960E-01 2.15022E+01 
6.15329E+00 9.64144E-01 4.15158E+01 
7.43776E+00 1.08397E+00 7.60618E+01 
9.51261E+00 1.28573E+00 1.22852E+02 
1.22160E+01 1.52618E+00 1.66912E+02 
1.48172E+01 1.70537E+00 1.95245E+02 
5.34059E-01 2.39843E-02 1.66954E-02 
5.61015E-01 3.74434E-02 1.96596E-02 
6.11855E-01 5.99385E-02 2.34150E-02 
6.76600E-01 8.74209E-02 2.82489E-02 
7.52456E-01 1.17429E-01 3.45575E-02 
8.40382E-01 1.49836E-01 4.29208E-02 
9.41457E-01 1.84494E-01 5.41960E-02 
1.02937E+00 2.12708E-01 6.56954E-02 
1.05676E+00 2.21166E-01 6.96376E-02 
1.19856E+00 2.62701E-01 9.32408E-02 
1.36015E+00 3.05914E-01 1.27881E-01 
1.54346E+00 3.50421E-01 1.80084E-01 
1.75049E+00 3.95456E-01 2.60894E-01 
2.00040E+00 4.76918E-01 3.89715E-01 
2.28161E+00 5.26411E-01 6.01935E-01 
2.59868E+00 5.75747E-01 9.64049E-01 
2.95483E+00 6.24511E-01 1.60504E+00 
3.35379E+00 6.72277E-01 2.78202E+00 
3.80071E+00 7.18828E-01 5.02609E+00 
4.30522E+00 7.64700E-01 9.43104E+00 
4.89396E+00 8.13011E-01 1.81951E+01 
5.65215E+00 8.75049E-01 3.51341E+01 
6.81052E+00 9.79658E-01 6.43857E+01 
8.68272E+00 1.15716E+00 1.04014E+02 
1.11148E+01 1.36791E+00 1.41340E+02 
1.34390E+01 1.52231E+00 1.65362E+02 
5.08858E-01 2.28913E-02 1.41137E-02 
5.35266E-01 3.62420E-02 1.66186E-02 
5.86113E-01 5.89303E-02 1.97968E-02 
6.48401E-01 8.57000E-02 2.38781E-02 
7.20845E-01 1.14667E-01 2.92156E-02 
8.04239E-01 1.45681E-01 3.62874E-02 
8.99503E-01 1.78558E-01 4.58073E-02 
9.82058E-01 2.05141E-01 5.55397E-02 
1.00773E+00 2.13088E-01 5.88765E-02 
1.14016E+00 2.51848E-01 7.88383E-02 
1.29041E+00 2.91839E-01 1.08141E-01 
1.46010E+00 3.32638E-01 1.52246E-01 
1.65117E+00 3.73944E-01 2.20621E-01 
1.88159E+00 4.48439E-01 3.29635E-01 
2.14005E+00 4.92470E-01 5.09214E-01 
2.43024E+00 5.36080E-01 8.15668E-01 
2.75487E+00 5.78774E-01 1.35778E+00 
3.11713E+00 6.20172E-01 2.35377E+00 
3.52143E+00 6.60101E-01 4.25245E+00 
3.97633E+00 6.99080E-01 7.98312E+00 
4.50577E+00 7.39955E-01 1.54032E+01 
5.18720E+00 7.92933E-01 2.97482E+01 
6.23013E+00 8.83885E-01 5.45245E+01 
7.91698E+00 1.03957E+00 8.80996E+01 
1.01018E+01 1.22372E+00 1.19740E+02 
1.21751E+01 1.35622E+00 1.40121E+02 
4.85670E-01 2.21108E-02 1.19396E-02 
5.11538E-01 3.53792E-02 1.40537E-02 
5.62367E-01 5.83519E-02 1.67428E-02 
6.22186E-01 8.43956E-02 2.01921E-02 
6.91199E-01 1.12314E-01 2.47014E-02 
7.70158E-01 1.41944E-01 3.06848E-02 
8.59854E-01 1.73082E-01 3.87395E-02 
9.37199E-01 1.98061E-01 4.69594E-02 
9.61194E-01 2.05491E-01 4.97811E-02 
1.08465E+00 2.41552E-01 6.66551E-02 
1.22411E+00 2.78417E-01 9.14322E-02 
1.38109E+00 3.15705E-01 1.28773E-01 
1.55705E+00 3.53073E-01 1.86594E-01 
1.76920E+00 4.21336E-01 2.78826E-01 
2.00630E+00 4.60371E-01 4.30778E-01 
2.27142E+00 4.98695E-01 6.90090E-01 
2.56691E+00 5.35838E-01 1.14922E+00 
2.89527E+00 5.71441E-01 1.99276E+00 
3.26028E+00 6.05381E-01 3.60020E+00 
3.66958E+00 6.38171E-01 6.75873E+00 
4.14475E+00 6.72415E-01 1.30454E+01 
4.75608E+00 7.17324E-01 2.52004E+01 
5.69360E+00 7.96059E-01 4.61980E+01 
7.21133E+00 9.32181E-01 7.46628E+01 
9.17111E+00 1.09259E+00 1.01502E+02 
1.10172E+01 1.20576E+00 1.18804E+02 
4.64387E-01 2.16596E-02 1.01013E-02 
4.89812E-01 3.49097E-02 1.18880E-02 
5.40438E-01 5.82079E-02 1.41598E-02 
5.97823E-01 8.35314E-02 1.70805E-02 
6.63428E-01 1.10392E-01 2.08912E-02 
7.38019E-01 1.38639E-01 2.59464E-02 
8.22326E-01 1.68056E-01 3.27677E-02 
8.94687E-01 1.91468E-01 3.97190E-02 
9.17088E-01 1.98400E-01 4.21060E-02 
1.03201E+00 2.31849E-01 5.63858E-02 
1.16129E+00 2.65705E-01 7.73602E-02 
1.30618E+00 2.99616E-01 1.08952E-01 
1.46796E+00 3.32928E-01 1.57871E-01 
1.66290E+00 3.95441E-01 2.35881E-01 
1.88010E+00 4.30066E-01 3.64591E-01 
2.12192E+00 4.63513E-01 5.84164E-01 
2.39023E+00 4.95541E-01 9.72935E-01 
2.68727E+00 5.25882E-01 1.68738E+00 
3.01626E+00 5.54442E-01 3.04979E+00 
3.38375E+00 5.81695E-01 5.72581E+00 
3.80927E+00 6.10036E-01 1.10542E+01 
4.35663E+00 6.47780E-01 2.13590E+01 
5.19801E+00 7.15616E-01 3.91674E+01 
6.56153E+00 8.34233E-01 6.33180E+01 
8.31668E+00 9.73474E-01 8.61007E+01 
9.95748E+00 1.06964E+00 1.00802E+02 
4.44999E-01 2.16240E-02 8.54588E-03 
4.69783E-01 3.47829E-02 1.00586E-02 
5.20400E-01 5.86108E-02 1.19781E-02 
5.75218E-01 8.31583E-02 1.44494E-02 
6.37467E-01 1.08946E-01 1.76771E-02 
7.07776E-01 1.35800E-01 2.19516E-02 
7.86814E-01 1.63500E-01 2.77183E-02 
8.54391E-01 1.85369E-01 3.36012E-02 
8.75277E-01 1.91816E-01 3.56258E-02 
9.82079E-01 2.22726E-01 4.77180E-02 
1.10169E+00 2.53694E-01 6.54682E-02 
1.23520E+00 2.84363E-01 9.22103E-02 
1.38378E+00 3.14527E-01 1.33653E-01 
1.56258E+00 3.71256E-01 1.99770E-01 
1.76111E+00 4.01454E-01 3.08768E-01 
1.98121E+00 4.30407E-01 4.94862E-01 
2.22440E+00 4.57779E-01 8.24186E-01 
2.49259E+00 4.83352E-01 1.42984E+00 
2.78839E+00 5.07060E-01 2.58460E+00 
3.11766E+00 5.29382E-01 4.85527E+00 
3.49791E+00 5.52503E-01 9.37433E+00 
3.98697E+00 5.83903E-01 1.81174E+01 
4.74077E+00 6.42042E-01 3.32330E+01 
5.96375E+00 7.45016E-01 5.37392E+01 
7.53312E+00 8.65438E-01 7.30973E+01 
8.98866E+00 9.46708E-01 8.56003E+01 
4.27431E-01 2.20476E-02 7.23275E-03 
4.51407E-01 3.50470E-02 8.51344E-03 
5.02107E-01 5.95912E-02 1.01371E-02 
5.54256E-01 8.33066E-02 1.22273E-02 
6.13165E-01 1.07994E-01 1.49601E-02 
6.79306E-01 1.33444E-01 1.85805E-02 
7.53288E-01 1.59449E-01 2.34636E-02 
8.16262E-01 1.79784E-01 2.84477E-02 
8.35650E-01 1.85742E-01 3.01543E-02 
9.34686E-01 2.14165E-01 4.03866E-02 
1.04518E+00 2.42351E-01 5.54305E-02 
1.16799E+00 2.69953E-01 7.80857E-02 
1.30417E+00 2.96788E-01 1.13210E-01 
1.46786E+00 3.48365E-01 1.69241E-01 
1.64892E+00 3.74481E-01 2.61634E-01 
1.84886E+00 3.99284E-01 4.19419E-01 
2.06891E+00 4.22416E-01 6.98814E-01 
2.31044E+00 4.43666E-01 1.21254E+00 
2.57582E+00 4.63033E-01 2.19250E+00 
2.87014E+00 4.80975E-01 4.11917E+00 
3.20917E+00 4.99494E-01 7.95709E+00 
3.64524E+00 5.25307E-01 1.53829E+01 
4.31932E+00 5.74837E-01 2.82246E+01 
5.41451E+00 6.63882E-01 4.56561E+01 
6.81540E+00 7.67607E-01 6.21201E+01 
8.10407E+00 8.35873E-01 7.27664E+01 
4.11315E-01 2.29698E-02 6.11062E-03 
4.34393E-01 3.57781E-02 7.18993E-03 
4.85107E-01 6.12106E-02 8.56256E-03 
5.34573E-01 8.40497E-02 1.03253E-02 
5.90101E-01 1.07574E-01 1.26336E-02 
6.52100E-01 1.31572E-01 1.56935E-02 
7.21065E-01 1.55823E-01 1.98164E-02 
7.79567E-01 1.74618E-01 2.40321E-02 
7.97560E-01 1.80105E-01 2.54776E-02 
8.89093E-01 2.06053E-01 3.41238E-02 
9.90792E-01 2.31464E-01 4.68415E-02 
1.10343E+00 2.56056E-01 6.60146E-02 
1.22780E+00 2.79408E-01 9.57042E-02 
1.37708E+00 3.26116E-01 1.43089E-01 
1.54176E+00 3.48691E-01 2.21351E-01 
1.72272E+00 3.69630E-01 3.54895E-01 
1.92093E+00 3.88814E-01 5.91432E-01 
2.13771E+00 4.06125E-01 1.02678E+00 
2.37479E+00 4.21556E-01 1.85706E+00 
2.63672E+00 4.35567E-01 3.48973E+00 
2.93765E+00 4.49982E-01 6.74370E+00 
3.32492E+00 4.70826E-01 1.30430E+01 
3.92549E+00 5.12627E-01 2.39390E+01 
4.90296E+00 5.89120E-01 3.87369E+01 
6.14907E+00 6.77871E-01 5.27241E+01 
7.28541E+00 7.34655E-01 6.17782E+01 
3.97093E-01 2.44425E-02 5.17875E-03 
4.19443E-01 3.71394E-02 6.09283E-03 
4.69679E-01 6.33868E-02 7.25563E-03 
5.16696E-01 8.54190E-02 8.75076E-03 
5.68899E-01 1.07737E-01 1.07056E-02 
6.26888E-01 1.30252E-01 1.33002E-02 
6.91091E-01 1.52760E-01 1.67946E-02 
7.45375E-01 1.70051E-01 2.03683E-02 
7.62050E-01 1.75072E-01 2.15982E-02 
8.46594E-01 1.98625E-01 2.89399E-02 
9.40126E-01 2.21411E-01 3.97197E-02 
1.04338E+00 2.43179E-01 5.60063E-02 
1.15692E+00 2.63724E-01 8.12148E-02 
1.29299E+00 3.05702E-01 1.21509E-01 
1.44255E+00 3.24784E-01 1.87943E-01 
1.60618E+00 3.42231E-01 3.01371E-01 
1.78474E+00 3.57916E-01 5.02613E-01 
1.97903E+00 3.71724E-01 8.72695E-01 
2.19072E+00 3.83721E-01 1.57925E+00 
2.42363E+00 3.94328E-01 2.96897E+00 
2.69054E+00 4.05221E-01 5.73848E+00 
3.03421E+00 4.21787E-01 1.11019E+01 
3.56930E+00 4.56904E-01 2.03854E+01 
4.44172E+00 5.22458E-01 3.29986E+01 
5.55019E+00 5.98225E-01 4.49300E+01 
6.55199E+00 6.45228E-01 5.26605E+01 
3.84424E-01 2.65592E-02 4.38989E-03 
4.05676E-01 3.89115E-02 5.16607E-03 
4.55828E-01 6.64329E-02 6.15267E-03 
5.00094E-01 8.74271E-02 7.42039E-03 
5.49026E-01 1.08471E-01 9.07976E-03 
6.03125E-01 1.29465E-01 1.12821E-02 
6.62786E-01 1.50219E-01 1.42541E-02 
7.12993E-01 1.65984E-01 1.72837E-02 
7.28373E-01 1.70527E-01 1.83258E-02 
8.06301E-01 1.91729E-01 2.45642E-02 
8.92194E-01 2.11979E-01 3.37343E-02 
9.86576E-01 2.31045E-01 4.75582E-02 
1.09007E+00 2.48837E-01 6.90122E-02 
1.21373E+00 2.86470E-01 1.03267E-01 
1.34926E+00 3.02266E-01 1.59786E-01 
1.49697E+00 3.16529E-01 2.56413E-01 
1.65732E+00 3.29024E-01 4.27711E-01 
1.83108E+00 3.39709E-01 7.42944E-01 
2.01949E+00 3.48651E-01 1.34474E+00 
2.22604E+00 3.56284E-01 2.52940E+00 
2.46213E+00 3.64124E-01 4.89107E+00 
2.76638E+00 3.76981E-01 9.46594E+00 
3.24212E+00 4.06226E-01 1.73882E+01 
4.01939E+00 4.62119E-01 2.81583E+01 
5.00366E+00 5.26471E-01 3.83524E+01 
5.88490E+00 5.65044E-01 4.49640E+01 
3.73195E-01 2.93720E-02 3.72646E-03 
3.93214E-01 4.12721E-02 4.38418E-03 
4.43290E-01 7.03597E-02 5.22153E-03 
4.84695E-01 9.01321E-02 6.29961E-03 
5.30369E-01 1.09797E-01 7.70884E-03 
5.80665E-01 1.29193E-01 9.58000E-03 
6.35930E-01 1.48148E-01 1.21068E-02 
6.82301E-01 1.62389E-01 1.46879E-02 
6.96478E-01 1.66470E-01 1.55732E-02 
7.68110E-01 1.85331E-01 2.08778E-02 
8.46773E-01 2.03071E-01 2.86849E-02 
9.32954E-01 2.19540E-01 4.04632E-02 
1.02703E+00 2.34454E-01 5.87307E-02 
1.13911E+00 2.68041E-01 8.79044E-02 
1.26173E+00 2.81077E-01 1.36134E-01 
1.39463E+00 2.92403E-01 2.18547E-01 
1.53828E+00 3.02021E-01 3.64612E-01 
1.69322E+00 3.09916E-01 6.33653E-01 
1.86048E+00 3.16178E-01 1.14753E+00 
2.04308E+00 3.21226E-01 2.15911E+00 
2.25125E+00 3.26433E-01 4.17653E+00 
2.51991E+00 3.36094E-01 8.08749E+00 
2.94196E+00 3.60203E-01 1.48612E+01 
3.63323E+00 4.07594E-01 2.40753E+01 
4.50555E+00 4.61948E-01 3.28020E+01 
5.27893E+00 4.93291E-01 3.84669E+01 
3.63219E-01 3.28773E-02 3.16651E-03 
3.82231E-01 4.43906E-02 3.72609E-03 
4.31724E-01 7.50731E-02 4.43735E-03 
4.70304E-01 9.34974E-02 5.35573E-03 
5.12794E-01 1.11693E-01 6.55494E-03 
5.59418E-01 1.29418E-01 8.14930E-03 
6.10443E-01 1.46516E-01 1.02987E-02 
6.53151E-01 1.59209E-01 1.25007E-02 
6.66187E-01 1.62826E-01 1.32552E-02 
7.31903E-01 1.79372E-01 1.77802E-02 
8.03825E-01 1.94686E-01 2.44376E-02 
8.82303E-01 2.08640E-01 3.44870E-02 
9.67658E-01 2.21099E-01 5.00866E-02 
1.06903E+00 2.50833E-01 7.50269E-02 
1.17957E+00 2.61091E-01 1.16181E-01 
1.29884E+00 2.69746E-01 1.86622E-01 
1.42721E+00 2.76787E-01 3.11548E-01 
1.56495E+00 2.82203E-01 5.41675E-01 
1.71297E+00 2.86125E-01 9.81498E-01 
1.87385E+00 2.88938E-01 1.84759E+00 
2.05680E+00 2.91899E-01 3.57485E+00 
2.29332E+00 2.98821E-01 6.92520E+00 
2.66697E+00 3.18471E-01 1.27308E+01 
3.28059E+00 3.58404E-01 2.06314E+01 
4.05220E+00 4.04035E-01 2.81183E+01 
4.72929E+00 4.29214E-01 3.29814E+01 
3.54321E-01 3.70790E-02 2.69325E-03 
3.72107E-01 4.79876E-02 3.17021E-03 
4.20465E-01 8.01134E-02 3.77750E-03 
4.56687E-01 9.74706E-02 4.55951E-03 
4.96089E-01 1.14087E-01 5.58324E-03 
5.39176E-01 1.30063E-01 6.94344E-03 
5.86184E-01 1.45248E-01 8.78100E-03 
6.25404E-01 1.56381E-01 1.06591E-02 
6.37356E-01 1.59523E-01 1.13040E-02 
6.97519E-01 1.73779E-01 1.51714E-02 
7.63124E-01 1.86727E-01 2.08671E-02 
8.34409E-01 1.98258E-01 2.94559E-02 
9.11701E-01 2.08409E-01 4.28163E-02 
1.00300E+00 2.34521E-01 6.41571E-02 
1.10240E+00 2.42182E-01 9.94082E-02 
1.20921E+00 2.48424E-01 1.59772E-01 
1.32347E+00 2.53138E-01 2.66880E-01 
1.44554E+00 2.56377E-01 4.64262E-01 
1.57602E+00 2.58262E-01 8.41383E-01 
1.71723E+00 2.59171E-01 1.58462E+00 
1.87745E+00 2.60239E-01 3.06785E+00 
2.08499E+00 2.64834E-01 5.94441E+00 
2.41492E+00 2.80623E-01 1.09318E+01 
2.95852E+00 3.14037E-01 1.77221E+01 
3.63957E+00 3.52082E-01 2.41595E+01 
4.23070E+00 3.72030E-01 2.83416E+01 
3.46448E-01 4.20322E-02 2.29588E-03 
3.62889E-01 5.21367E-02 2.70259E-03 
4.10184E-01 8.62139E-02 3.22160E-03 
4.43717E-01 1.01963E-01 3.89062E-03 
4.80149E-01 1.16888E-01 4.76797E-03 
5.19837E-01 1.31013E-01 5.93119E-03 
5.63034E-01 1.44238E-01 7.50528E-03 
5.99000E-01 1.53798E-01 9.11561E-03 
6.09949E-01 1.56476E-01 9.66948E-03 
6.64888E-01 1.68446E-01 1.29841E-02 
7.24578E-01 1.79070E-01 1.78665E-02 
7.89253E-01 1.88291E-01 2.52493E-02 
8.59049E-01 1.96005E-01 3.67108E-02 
9.40999E-01 2.18758E-01 5.50351E-02 
1.03020E+00 2.24275E-01 8.53583E-02 
1.12548E+00 2.28332E-01 1.37250E-01 
1.22693E+00 2.31000E-01 2.29357E-01 
1.33467E+00 2.32332E-01 3.99122E-01 
1.44929E+00 2.32478E-01 7.23712E-01 
1.57276E+00 2.31789E-01 1.36349E+00 
1.71251E+00 2.31288E-01 2.64096E+00 
1.89405E+00 2.33940E-01 5.11887E+00 
2.18472E+00 2.46419E-01 9.41619E+00 
2.66532E+00 2.74167E-01 1.52686E+01 
3.26526E+00 3.05657E-01 2.08183E+01 
3.78000E+00 3.21214E-01 2.44225E+01 
3.39418E-01 4.76759E-02 1.96176E-03 
3.54745E-01 5.69917E-02 2.31137E-03 
4.00401E-01 9.29060E-02 2.75608E-03 
4.31184E-01 1.06791E-01 3.32998E-03 
4.64764E-01 1.19907E-01 4.08351E-03 
5.01276E-01 1.32115E-01 5.08461E-03 
5.40895E-01 1.43336E-01 6.43758E-03 
5.73790E-01 1.51301E-01 7.82185E-03 
5.83792E-01 1.53506E-01 8.29868E-03 
6.33891E-01 1.63230E-01 1.11532E-02 
6.88142E-01 1.71612E-01 1.53588E-02 
7.46662E-01 1.78612E-01 2.17214E-02 
8.09556E-01 1.84133E-01 3.15953E-02 
8.82892E-01 2.03810E-01 4.74168E-02 
9.62642E-01 2.07239E-01 7.35672E-02 
1.04737E+00 2.09354E-01 1.18336E-01 
1.13710E+00 2.10224E-01 1.97859E-01 
1.23190E+00 2.09930E-01 3.44495E-01 
1.33215E+00 2.08611E-01 6.24905E-01 
1.43966E+00 2.06611E-01 1.17777E+00 
1.56105E+00 2.04835E-01 2.28139E+00 
1.71930E+00 2.05891E-01 4.42349E+00 
1.97476E+00 2.15558E-01 8.13859E+00 
2.39885E+00 2.38413E-01 1.31986E+01 
2.92626E+00 2.64270E-01 1.79960E+01 
3.37331E+00 2.76177E-01 2.11090E+01 
3.32924E-01 5.37022E-02 1.68186E-03 
3.47061E-01 6.20161E-02 1.98320E-03 
3.90680E-01 9.98392E-02 2.36739E-03 
4.18963E-01 1.11784E-01 2.86247E-03 
4.49829E-01 1.22933E-01 3.51209E-03 
4.83350E-01 1.33142E-01 4.37637E-03 
5.19656E-01 1.42331E-01 5.54682E-03 
5.49717E-01 1.48709E-01 6.74334E-03 
5.58838E-01 1.50446E-01 7.15535E-03 
6.04464E-01 1.57979E-01 9.62372E-03 
6.53671E-01 1.64205E-01 1.32642E-02 
7.06553E-01 1.69133E-01 1.87710E-02 
7.63137E-01 1.72893E-01 2.73353E-02 
8.28419E-01 1.89472E-01 4.10343E-02 
8.99525E-01 1.90968E-01 6.36983E-02 
9.74659E-01 1.91376E-01 1.02511E-01 
1.05374E+00 1.90702E-01 1.71480E-01 
1.13677E+00 1.89034E-01 2.98664E-01 
1.22409E+00 1.86521E-01 5.41940E-01 
1.31725E+00 1.83472E-01 1.02149E+00 
1.42220E+00 1.80695E-01 1.97909E+00 
1.55966E+00 1.80468E-01 3.83737E+00 
1.78362E+00 1.87773E-01 7.06072E+00 
2.15717E+00 2.06433E-01 1.14502E+01 
2.61994E+00 2.27489E-01 1.56098E+01 
3.00718E+00 2.36398E-01 1.83044E+01 
3.26846E-01 5.99340E-02 1.44854E-03 
3.39783E-01 6.69823E-02 1.70917E-03 
3.80365E-01 1.05870E-01 2.04288E-03 
4.06807E-01 1.16491E-01 2.47233E-03 
4.35213E-01 1.25670E-01 3.03650E-03 
4.65976E-01 1.33833E-01 3.78718E-03 
4.99200E-01 1.40969E-01 4.80271E-03 
5.26669E-01 1.45786E-01 5.84409E-03 
5.34999E-01 1.47080E-01 6.20257E-03 
5.76500E-01 1.52478E-01 8.34953E-03 
6.21089E-01 1.56675E-01 1.15170E-02 
6.68775E-01 1.59681E-01 1.63073E-02 
7.19550E-01 1.61554E-01 2.37652E-02 
7.77418E-01 1.75387E-01 3.56980E-02 
8.40622E-01 1.75318E-01 5.54342E-02 
9.06979E-01 1.74262E-01 8.92484E-02 
9.76389E-01 1.72294E-01 1.49331E-01 
1.04880E+00 1.69508E-01 2.60162E-01 
1.12446E+00 1.66049E-01 4.72094E-01 
1.20476E+00 1.62200E-01 8.89909E-01 
1.29506E+00 1.58676E-01 1.72412E+00 
1.41395E+00 1.57449E-01 3.34257E+00 
1.60981E+00 1.62796E-01 6.14934E+00 
1.93820E+00 1.77883E-01 9.96977E+00 
2.34347E+00 1.94872E-01 1.35863E+01 
2.67799E+00 2.01351E-01 1.59226E+01 
3.21218E-01 6.63151E-02 1.25422E-03 
3.33347E-01 7.24404E-02 1.48209E-03 
3.70516E-01 1.12570E-01 1.77280E-03 
3.94691E-01 1.20661E-01 2.14822E-03 
4.20835E-01 1.27744E-01 2.64084E-03 
4.49119E-01 1.33869E-01 3.29823E-03 
4.79570E-01 1.39001E-01 4.18649E-03 
5.04654E-01 1.42300E-01 5.09685E-03 
5.12242E-01 1.43150E-01 5.41009E-03 
5.49992E-01 1.46541E-01 7.29011E-03 
5.90358E-01 1.48837E-01 1.00621E-02 
6.33317E-01 1.50073E-01 1.42619E-02 
6.78790E-01 1.50198E-01 2.07878E-02 
7.29820E-01 1.61629E-01 3.12396E-02 
7.85792E-01 1.60206E-01 4.85372E-02 
8.44165E-01 1.57926E-01 7.81490E-02 
9.04791E-01 1.54909E-01 1.30787E-01 
9.67595E-01 1.51251E-01 2.27809E-01 
1.03281E+00 1.47088E-01 4.13382E-01 
1.10161E+00 1.42673E-01 7.79021E-01 
1.17887E+00 1.38634E-01 1.50883E+00 
1.28130E+00 1.36667E-01 2.92407E+00 
1.45212E+00 1.40415E-01 5.37667E+00 
1.74035E+00 1.52493E-01 8.71264E+00 
2.09462E+00 1.66070E-01 1.18651E+01 
2.38286E+00 1.70617E-01 1.38940E+01 
3.15856E-01 7.21971E-02 1.09346E-03 
3.26923E-01 7.65216E-02 1.29414E-03 
3.60167E-01 1.17513E-01 1.55002E-03 
3.82636E-01 1.23830E-01 1.88060E-03 
4.06772E-01 1.28811E-01 2.31419E-03 
4.32809E-01 1.32905E-01 2.89213E-03 
4.60774E-01 1.36120E-01 3.67543E-03 
4.83720E-01 1.37997E-01 4.47731E-03 
4.90644E-01 1.38440E-01 4.75327E-03 
5.24997E-01 1.39989E-01 6.40954E-03 
5.61514E-01 1.40565E-01 8.85309E-03 
6.00132E-01 1.40244E-01 1.25511E-02 
6.40752E-01 1.39161E-01 1.83096E-02 
6.85486E-01 1.48176E-01 2.75110E-02 
7.34863E-01 1.45551E-01 4.27455E-02 
7.85983E-01 1.42296E-01 6.88385E-02 
8.38674E-01 1.38481E-01 1.15136E-01 
8.92871E-01 1.34192E-01 2.00548E-01 
9.48690E-01 1.29553E-01 3.63716E-01 
1.00727E+00 1.24789E-01 6.85131E-01 
1.07297E+00 1.20443E-01 1.32626E+00 
1.16081E+00 1.17966E-01 2.56824E+00 
1.30946E+00 1.20443E-01 4.71886E+00 
1.56204E+00 1.30010E-01 7.64017E+00 
1.87129E+00 1.40758E-01 1.03947E+01 
2.11905E+00 1.43800E-01 1.21583E+01 
3.10843E-01 7.72821E-02 9.61659E-04 
3.21225E-01 8.00888E-02 1.13949E-03 
3.49892E-01 1.21447E-01 1.36670E-03 
3.70724E-01 1.25381E-01 1.65987E-03 
3.93173E-01 1.28447E-01 2.04502E-03 
4.17262E-01 1.30679E-01 2.55761E-03 
4.43001E-01 1.32112E-01 3.25212E-03 
4.64032E-01 1.32691E-01 3.96428E-03 
4.70360E-01 1.32778E-01 4.20914E-03 
5.01617E-01 1.32669E-01 5.67798E-03 
5.34635E-01 1.31761E-01 7.84614E-03 
5.69294E-01 1.30117E-01 1.11246E-02 
6.05485E-01 1.27844E-01 1.62287E-02 
6.44430E-01 1.34848E-01 2.43859E-02 
6.87803E-01 1.31320E-01 3.78700E-02 
7.32328E-01 1.27355E-01 6.09614E-02 
7.77859E-01 1.22982E-01 1.01943E-01 
8.24280E-01 1.18289E-01 1.77411E-01 
8.71753E-01 1.13388E-01 3.21567E-01 
9.21245E-01 1.08473E-01 6.05199E-01 
9.76725E-01 1.04007E-01 1.17028E+00 
1.05171E+00 1.01221E-01 2.26406E+00 
1.18081E+00 1.02715E-01 4.15555E+00 
1.40190E+00 1.10216E-01 6.72020E+00 
1.67152E+00 1.18646E-01 9.13087E+00 
1.88405E+00 1.20545E-01 1.06642E+01 
3.06401E-01 8.11306E-02 8.53664E-04 
3.16575E-01 8.33702E-02 1.01304E-03 
3.39897E-01 1.22968E-01 1.21618E-03 
3.59381E-01 1.25194E-01 1.47843E-03 
3.80362E-01 1.26425E-01 1.82246E-03 
4.02764E-01 1.26972E-01 2.28154E-03 
4.26519E-01 1.26825E-01 2.90180E-03 
4.45820E-01 1.26270E-01 3.53810E-03 
4.51606E-01 1.26041E-01 3.75694E-03 
4.80057E-01 1.24525E-01 5.06871E-03 
5.09861E-01 1.22382E-01 7.00304E-03 
5.40902E-01 1.19670E-01 9.93103E-03 
5.73065E-01 1.16388E-01 1.44778E-02 
6.06708E-01 1.21662E-01 2.17462E-02 
6.44594E-01 1.17569E-01 3.37571E-02 
6.83147E-01 1.13129E-01 5.42913E-02 
7.22199E-01 1.08429E-01 9.07063E-02 
7.61657E-01 1.03544E-01 1.57696E-01 
8.01666E-01 9.85722E-02 2.85483E-01 
8.43126E-01 9.36771E-02 5.36632E-01 
8.89619E-01 8.92502E-02 1.03644E+00 
9.53348E-01 8.63318E-02 2.00221E+00 
1.06524E+00 8.70879E-02 3.66940E+00 
1.25863E+00 9.29142E-02 5.92485E+00 
1.49355E+00 9.94697E-02 8.03671E+00 
1.67557E+00 1.00531E-01 9.36953E+00 
3.02887E-01 8.36288E-02 7.65240E-04 
3.12672E-01 8.40949E-02 9.09291E-04 
3.30502E-01 1.22318E-01 1.09250E-03 
3.49070E-01 1.23007E-01 1.32882E-03 
3.68795E-01 1.22627E-01 1.63864E-03 
3.89678E-01 1.21684E-01 2.05143E-03 
4.11664E-01 1.20212E-01 2.60993E-03 
4.29377E-01 1.18728E-01 3.18131E-03 
4.34673E-01 1.18241E-01 3.37817E-03 
4.60546E-01 1.15610E-01 4.55693E-03 
4.87388E-01 1.12510E-01 6.29341E-03 
5.15089E-01 1.09001E-01 8.91750E-03 
5.43493E-01 1.05140E-01 1.29916E-02 
5.72325E-01 1.08843E-01 1.94974E-02 
6.05174E-01 1.04367E-01 3.02308E-02 
6.38294E-01 9.96839E-02 4.85674E-02 
6.71513E-01 9.48710E-02 8.10212E-02 
7.04768E-01 8.99841E-02 1.40680E-01 
7.38155E-01 8.51058E-02 2.54296E-01 
7.72531E-01 8.03754E-02 4.77247E-01 
8.11162E-01 7.61193E-02 9.20085E-01 
8.65051E-01 7.32031E-02 1.77456E+00 
9.61904E-01 7.34323E-02 3.24621E+00 
1.13103E+00 7.79196E-02 5.23145E+00 
1.33573E+00 8.29849E-02 7.08231E+00 
1.49148E+00 8.34541E-02 8.23956E+00 
3.00726E-01 8.43251E-02 6.92822E-04 
3.10274E-01 8.35427E-02 8.23615E-04 
3.22652E-01 1.19666E-01 9.89968E-04 
3.40322E-01 1.18728E-01 1.20408E-03 
3.58939E-01 1.17022E-01 1.48496E-03 
3.78440E-01 1.14914E-01 1.85817E-03 
3.98783E-01 1.12402E-01 2.36325E-03 
4.15028E-01 1.10211E-01 2.87963E-03 
4.19855E-01 1.09532E-01 3.05687E-03 
4.43300E-01 1.06082E-01 4.12066E-03 
4.67379E-01 1.02317E-01 5.68595E-03 
4.91954E-01 9.82941E-02 8.04768E-03 
5.16857E-01 9.41076E-02 1.17125E-02 
5.41277E-01 9.65161E-02 1.75502E-02 
5.69562E-01 9.18529E-02 2.71763E-02 
5.97736E-01 8.71364E-02 4.35825E-02 
6.25711E-01 8.23862E-02 7.26058E-02 
6.53381E-01 7.76527E-02 1.25819E-01 
6.80921E-01 7.30013E-02 2.27024E-01 
7.09090E-01 6.85466E-02 4.25228E-01 
7.40857E-01 6.45555E-02 8.18133E-01 
7.86224E-01 6.17536E-02 1.57467E+00 
8.70009E-01 6.16264E-02 2.87465E+00 
1.01803E+00 6.50629E-02 4.62264E+00 
1.19649E+00 6.89550E-02 6.24372E+00 
1.32973E+00 6.90259E-02 7.24691E+00 
3.00244E-01 8.32796E-02 6.32501E-04 
3.09710E-01 8.19363E-02 7.51742E-04 
3.16974E-01 1.14118E-01 9.03337E-04 
3.33701E-01 1.12448E-01 1.09826E-03 
3.51232E-01 1.09867E-01 1.35360E-03 
3.69408E-01 1.06896E-01 1.69279E-03 
3.88138E-01 1.03649E-01 2.15045E-03 
4.02963E-01 1.00973E-01 2.61873E-03 
4.07343E-01 1.00165E-01 2.77938E-03 
4.28450E-01 9.61892E-02 3.74139E-03 
4.49883E-01 9.20327E-02 5.15558E-03 
4.71486E-01 8.77422E-02 7.28703E-03 
4.93142E-01 8.33612E-02 1.05871E-02 
5.13561E-01 8.47640E-02 1.58391E-02 
5.37603E-01 8.01774E-02 2.44780E-02 
5.61290E-01 7.55919E-02 3.91883E-02 
5.84510E-01 7.10463E-02 6.51406E-02 
6.07232E-01 6.65852E-02 1.12669E-01 
6.29600E-01 6.22589E-02 2.02860E-01 
6.52333E-01 5.81523E-02 3.79152E-01 
6.78181E-01 5.44918E-02 7.27954E-01 
7.16164E-01 5.18751E-02 1.39773E+00 
7.88622E-01 5.15231E-02 2.54557E+00 
9.18308E-01 5.41441E-02 4.08348E+00 
1.07409E+00 5.71262E-02 5.50166E+00 
1.18813E+00 5.69451E-02 6.36964E+00 
3.01723E-01 8.08740E-02 5.81028E-04 
3.11034E-01 7.85956E-02 6.90147E-04 
3.13610E-01 1.07433E-01 8.28590E-04 
3.29503E-01 1.04938E-01 1.00656E-03 
3.45948E-01 1.01601E-01 1.23909E-03 
3.62768E-01 9.80633E-02 1.54775E-03 
3.79889E-01 9.43738E-02 1.96388E-03 
3.93281E-01 9.14214E-02 2.38877E-03 
3.97214E-01 9.05459E-02 2.53457E-03 
4.16050E-01 8.63103E-02 3.40649E-03 
4.34900E-01 8.20005E-02 4.68577E-03 
4.53674E-01 7.76552E-02 6.61173E-03 
4.72279E-01 7.32747E-02 9.58724E-03 
4.89076E-01 7.39112E-02 1.43151E-02 
5.09219E-01 6.95347E-02 2.20763E-02 
5.28833E-01 6.52024E-02 3.52741E-02 
5.47816E-01 6.09660E-02 5.85110E-02 
5.66161E-01 5.68523E-02 1.00975E-01 
5.84011E-01 5.29013E-02 1.81420E-01 
6.02052E-01 4.91862E-02 3.38222E-01 
6.22810E-01 4.58872E-02 6.47770E-01 
6.54493E-01 4.34950E-02 1.24084E+00 
7.17215E-01 4.30169E-02 2.25400E+00 
8.31106E-01 4.50155E-02 3.60629E+00 
9.67475E-01 4.73033E-02 4.84620E+00 
1.06529E+00 4.69755E-02 5.59613E+00 
3.05179E-01 7.71009E-02 5.35301E-04 
3.14241E-01 7.42997E-02 6.35335E-04 
3.13212E-01 9.92728E-02 7.61835E-04 
3.27822E-01 9.64446E-02 9.24275E-04 
3.43031E-01 9.26881E-02 1.13626E-03 
3.58396E-01 8.88663E-02 1.41724E-03 
3.73820E-01 8.49697E-02 1.79550E-03 
3.85762E-01 8.19188E-02 2.18115E-03 
3.89249E-01 8.10237E-02 2.31355E-03 
4.05788E-01 7.67452E-02 3.10365E-03 
4.22123E-01 7.24725E-02 4.26141E-03 
4.38179E-01 6.82337E-02 6.00027E-03 
4.53846E-01 6.40643E-02 8.68376E-03 
4.67393E-01 6.41006E-02 1.29379E-02 
4.83988E-01 5.99904E-02 1.99126E-02 
4.99912E-01 5.59906E-02 3.17424E-02 
5.15115E-01 5.21171E-02 5.25374E-02 
5.29580E-01 4.83910E-02 9.04560E-02 
5.43482E-01 4.48420E-02 1.62103E-01 
5.57482E-01 4.15257E-02 3.01532E-01 
5.73882E-01 3.85906E-02 5.76057E-01 
6.00174E-01 3.64403E-02 1.10063E+00 
6.54533E-01 3.59043E-02 1.99413E+00 
7.54809E-01 3.74290E-02 3.18205E+00 
8.74515E-01 3.91881E-02 4.26467E+00 
9.58595E-01 3.87847E-02 4.91155E+00 
3.10233E-01 7.25986E-02 4.93510E-04 
3.18793E-01 6.96709E-02 5.84949E-04 
3.14722E-01 9.09724E-02 7.00726E-04 
3.28345E-01 8.74870E-02 8.48723E-04 
3.42143E-01 8.36711E-02 1.04199E-03 
3.55908E-01 7.97772E-02 1.29762E-03 
3.69562E-01 7.58653E-02 1.64123E-03 
3.80010E-01 7.28467E-02 1.99108E-03 
3.83038E-01 7.19673E-02 2.11105E-03 
3.97283E-01 6.78020E-02 2.82667E-03 
4.11173E-01 6.36975E-02 3.87366E-03 
4.24618E-01 5.96778E-02 5.44317E-03 
4.37531E-01 5.57818E-02 7.86174E-03 
4.48171E-01 5.53895E-02 1.16888E-02 
4.61532E-01 5.16191E-02 1.79511E-02 
4.74144E-01 4.79847E-02 2.85500E-02 
4.85983E-01 4.44920E-02 4.71400E-02 
4.97068E-01 4.11582E-02 8.09756E-02 
5.07568E-01 3.80046E-02 1.44773E-01 
5.18097E-01 3.50725E-02 2.68680E-01 
5.30812E-01 3.24850E-02 5.12089E-01 
5.52516E-01 3.05728E-02 9.75769E-01 
5.99725E-01 3.00215E-02 1.76337E+00 
6.88302E-01 3.11880E-02 2.80634E+00 
7.93727E-01 3.25446E-02 3.75088E+00 
8.66226E-01 3.21113E-02 4.30840E+00 
3.16237E-01 6.77975E-02 4.54620E-04 
3.24131E-01 6.46982E-02 5.38126E-04 
3.18209E-01 8.24329E-02 6.43667E-04 
3.30359E-01 7.88552E-02 7.78671E-04 
3.42625E-01 7.50090E-02 9.54470E-04 
3.54693E-01 7.11814E-02 1.18680E-03 
3.66518E-01 6.73872E-02 1.49875E-03 
3.75446E-01 6.44894E-02 1.81606E-03 
3.78017E-01 6.36466E-02 1.92460E-03 
3.90017E-01 5.96902E-02 2.57249E-03 
4.01532E-01 5.58334E-02 3.51818E-03 
4.12497E-01 5.20949E-02 4.93440E-03 
4.22893E-01 4.84705E-02 7.11247E-03 
4.30939E-01 4.77993E-02 1.05537E-02 
4.41374E-01 4.43988E-02 1.61737E-02 
4.51049E-01 4.11318E-02 2.56702E-02 
4.59938E-01 3.80126E-02 4.22953E-02 
4.68092E-01 3.50520E-02 7.24896E-02 
4.75667E-01 3.22630E-02 1.29301E-01 
4.83268E-01 2.96876E-02 2.39387E-01 
4.92858E-01 2.74175E-02 4.55096E-01 
5.10704E-01 2.57288E-02 8.65140E-01 
5.51789E-01 2.51876E-02 1.55929E+00 
6.30295E-01 2.60828E-02 2.47484E+00 
7.23498E-01 2.71321E-02 3.29894E+00 
7.86233E-01 2.66961E-02 3.77937E+00 
3.22376E-01 6.29712E-02 4.17879E-04 
3.29500E-01 5.97669E-02 4.94212E-04 
3.22498E-01 7.40942E-02 5.90407E-04 
3.33055E-01 7.07695E-02 7.13459E-04 
3.43700E-01 6.70327E-02 8.73394E-04 
3.54029E-01 6.33615E-02 1.08464E-03 
3.63996E-01 5.97548E-02 1.36769E-03 
3.71444E-01 5.70163E-02 1.65534E-03 
3.73576E-01 5.62253E-02 1.75390E-03 
3.83408E-01 5.25243E-02 2.34047E-03 
3.92681E-01 4.89443E-02 3.19517E-03 
4.01369E-01 4.54956E-02 4.47379E-03 
4.09421E-01 4.21888E-02 6.43542E-03 
4.15225E-01 4.13119E-02 9.53158E-03 
4.23067E-01 3.82528E-02 1.45769E-02 
4.30162E-01 3.53339E-02 2.30891E-02 
4.36505E-01 3.25607E-02 3.79634E-02 
4.42142E-01 2.99410E-02 6.49244E-02 
4.47243E-01 2.74863E-02 1.15550E-01 
4.52363E-01 2.52228E-02 2.13412E-01 
4.59333E-01 2.32325E-02 4.04733E-01 
4.73911E-01 2.17446E-02 7.67515E-01 
5.09758E-01 2.12273E-02 1.37972E+00 
5.79594E-01 2.19151E-02 2.18396E+00 
6.62327E-01 2.27306E-02 2.90347E+00 
7.16813E-01 2.23069E-02 3.31757E+00 
3.27875E-01 5.84618E-02 3.83694E-04 
3.34064E-01 5.53196E-02 4.53445E-04 
3.26175E-01 6.72335E-02 5.41299E-04 
3.35645E-01 6.34982E-02 6.53439E-04 
3.44633E-01 5.99390E-02 7.99108E-04 
3.53243E-01 5.64555E-02 9.91180E-04 
3.61432E-01 5.30589E-02 1.24849E-03 
3.67467E-01 5.04934E-02 1.50949E-03 
3.69176E-01 4.97574E-02 1.59888E-03 
3.76989E-01 4.63167E-02 2.13032E-03 
3.84215E-01 4.30101E-02 2.90439E-03 
3.90821E-01 3.98475E-02 4.05882E-03 
3.96786E-01 3.68436E-02 5.82988E-03 
4.00640E-01 3.58224E-02 8.61714E-03 
4.06229E-01 3.30740E-02 1.31549E-02 
4.11093E-01 3.04662E-02 2.07933E-02 
4.15250E-01 2.80016E-02 3.41185E-02 
4.18749E-01 2.56830E-02 5.82231E-02 
4.21760E-01 2.35193E-02 1.03397E-01 
4.24801E-01 2.15297E-02 1.90520E-01 
4.29578E-01 1.97827E-02 3.60487E-01 
4.41392E-01 1.84703E-02 6.81838E-01 
4.72750E-01 1.79830E-02 1.22253E+00 
5.35108E-01 1.85118E-02 1.92995E+00 
6.08829E-01 1.91461E-02 2.55877E+00 
6.56333E-01 1.87434E-02 2.91603E+00 
3.32075E-01 5.44463E-02 3.52574E-04 
3.37347E-01 5.13187E-02 4.16431E-04 
3.29779E-01 6.04978E-02 4.96770E-04 
3.37456E-01 5.71561E-02 5.99298E-04 
3.44851E-01 5.37848E-02 7.32335E-04 
3.51836E-01 5.04895E-02 9.07411E-04 
3.58377E-01 4.72927E-02 1.14170E-03 
3.63108E-01 4.48945E-02 1.37924E-03 
3.64437E-01 4.42053E-02 1.46037E-03 
3.70420E-01 4.10059E-02 1.94288E-03 
3.75804E-01 3.79514E-02 2.64473E-03 
3.80570E-01 3.50477E-02 3.69009E-03 
3.84722E-01 3.22886E-02 5.29087E-03 
3.86902E-01 3.11895E-02 7.80724E-03 
3.90535E-01 2.87218E-02 1.18950E-02 
3.93490E-01 2.63885E-02 1.87650E-02 
3.95783E-01 2.41927E-02 3.07276E-02 
3.97473E-01 2.21353E-02 5.23231E-02 
3.98722E-01 2.02214E-02 9.27013E-02 
4.00027E-01 1.84691E-02 1.70435E-01 
4.02965E-01 1.69320E-02 3.21670E-01 
4.12435E-01 1.57711E-02 6.06914E-01 
4.39930E-01 1.53157E-02 1.08530E+00 
4.95807E-01 1.57219E-02 1.70858E+00 
5.61762E-01 1.62166E-02 2.25907E+00 
6.03301E-01 1.58372E-02 2.56741E+00 
3.34456E-01 5.09715E-02 3.24697E-04 
3.38893E-01 4.78590E-02 3.83410E-04 
3.32042E-01 5.46465E-02 4.57228E-04 
3.37933E-01 5.17539E-02 5.51185E-04 
3.43913E-01 4.85208E-02 6.73009E-04 
3.49442E-01 4.53946E-02 8.33285E-04 
3.54507E-01 4.23747E-02 1.04723E-03 
3.58097E-01 4.01194E-02 1.26394E-03 
3.59090E-01 3.94739E-02 1.33803E-03 
3.63471E-01 3.64866E-02 1.77789E-03 
3.67249E-01 3.36511E-02 2.41615E-03 
3.70427E-01 3.09696E-02 3.36633E-03 
3.72981E-01 2.84481E-02 4.81727E-03 
3.73756E-01 2.72867E-02 7.09548E-03 
3.75724E-01 2.50591E-02 1.07906E-02 
3.77050E-01 2.29635E-02 1.69856E-02 
3.77765E-01 2.09995E-02 2.77508E-02 
3.77927E-01 1.91674E-02 4.71466E-02 
3.77696E-01 1.74702E-02 8.33391E-02 
3.77536E-01 1.59195E-02 1.52832E-01 
3.78925E-01 1.45619E-02 2.87750E-01 
3.86395E-01 1.35328E-02 5.41376E-01 
4.10546E-01 1.31090E-02 9.65442E-01 
4.60779E-01 1.34201E-02 1.51558E+00 
5.19979E-01 1.38064E-02 1.99816E+00 
5.56393E-01 1.34512E-02 2.26436E+00 
3.35087E-01 4.80273E-02 3.00571E-04 
3.38765E-01 4.49293E-02 3.54807E-04 
3.32389E-01 5.00052E-02 4.22891E-04 
3.37037E-01 4.71982E-02 5.09451E-04 
3.41768E-01 4.40843E-02 6.21488E-04 
3.46044E-01 4.10864E-02 7.68686E-04 
3.49844E-01 3.82118E-02 9.65153E-04 
3.52445E-01 3.60755E-02 1.16369E-03 
3.53152E-01 3.54651E-02 1.23150E-03 
3.56148E-01 3.26559E-02 1.63383E-03 
3.58553E-01 3.00054E-02 2.21690E-03 
3.60353E-01 2.75170E-02 3.08259E-03 
3.61559E-01 2.51904E-02 4.40338E-03 
3.61128E-01 2.39968E-02 6.47236E-03 
3.61678E-01 2.19742E-02 9.82098E-03 
3.61628E-01 2.00821E-02 1.54279E-02 
3.61004E-01 1.83177E-02 2.51470E-02 
3.59872E-01 1.66793E-02 4.26172E-02 
3.58388E-01 1.51673E-02 7.51408E-02 
3.56994E-01 1.37903E-02 1.37436E-01 
3.57068E-01 1.25871E-02 2.58026E-01 
3.62832E-01 1.16709E-02 4.84198E-01 
3.84075E-01 1.12781E-02 8.60918E-01 
4.29369E-01 1.15152E-02 1.34745E+00 
4.82673E-01 1.18159E-02 1.77118E+00 
5.14681E-01 1.14863E-02 2.00126E+00 
3.33865E-01 4.55327E-02 2.79607E-04 
3.36898E-01 4.24376E-02 3.29863E-04 
3.30716E-01 4.62968E-02 3.92925E-04 
3.34660E-01 4.32969E-02 4.72933E-04 
3.38334E-01 4.02781E-02 5.76388E-04 
3.41543E-01 3.73844E-02 7.12034E-04 
3.44266E-01 3.46249E-02 8.92753E-04 
3.46025E-01 3.25868E-02 1.07529E-03 
3.46486E-01 3.20059E-02 1.13747E-03 
3.48302E-01 2.93444E-02 1.50635E-03 
3.49518E-01 2.68531E-02 2.03993E-03 
3.50139E-01 2.45300E-02 2.83089E-03 
3.50174E-01 2.23700E-02 4.03485E-03 
3.48707E-01 2.11621E-02 5.91747E-03 
3.48033E-01 1.93202E-02 8.95812E-03 
3.46786E-01 1.76073E-02 1.40362E-02 
3.45006E-01 1.60183E-02 2.28207E-02 
3.42758E-01 1.45495E-02 3.85734E-02 
3.40196E-01 1.31991E-02 6.78231E-02 
3.37739E-01 1.19745E-02 1.23712E-01 
3.36678E-01 1.09054E-02 2.31594E-01 
3.40945E-01 1.00896E-02 4.33280E-01 
3.59611E-01 9.72683E-03 7.68076E-01 
4.00500E-01 9.90573E-03 1.19842E+00 
4.48554E-01 1.01391E-02 1.57033E+00 
4.76660E-01 9.83397E-03 1.76871E+00 
3.31095E-01 4.34750E-02 2.61732E-04 
3.33610E-01 4.03545E-02 3.08521E-04 
3.27715E-01 4.31225E-02 3.67098E-04 
3.31028E-01 3.99997E-02 4.41335E-04 
3.33836E-01 3.70398E-02 5.37177E-04 
3.36154E-01 3.42207E-02 6.62608E-04 
3.37965E-01 3.15495E-02 8.29358E-04 
3.39014E-01 2.95876E-02 9.97512E-04 
3.39258E-01 2.90323E-02 1.05487E-03 
3.40067E-01 2.64918E-02 1.39409E-03 
3.40262E-01 2.41330E-02 1.88372E-03 
3.39858E-01 2.19507E-02 2.60802E-03 
3.38870E-01 1.99399E-02 3.70806E-03 
3.36509E-01 1.87276E-02 5.42468E-03 
3.34773E-01 1.70424E-02 8.19099E-03 
3.32494E-01 1.54852E-02 1.28001E-02 
3.29713E-01 1.40496E-02 2.07515E-02 
3.26502E-01 1.27291E-02 3.49767E-02 
3.23012E-01 1.15208E-02 6.13230E-02 
3.19640E-01 1.04281E-02 1.11512E-01 
3.17602E-01 9.47657E-03 2.08136E-01 
3.20560E-01 8.74859E-03 3.88124E-01 
3.36940E-01 8.41447E-03 6.85842E-01 
3.73892E-01 8.54783E-03 1.06666E+00 
4.17263E-01 8.72798E-03 1.39312E+00 
4.41927E-01 8.44663E-03 1.56395E+00 
3.26970E-01 4.17464E-02 2.46226E-04 
3.29086E-01 3.85690E-02 2.89910E-04 
3.23649E-01 4.02442E-02 3.44430E-04 
3.26224E-01 3.71762E-02 4.13462E-04 
3.28312E-01 3.42504E-02 5.02401E-04 
3.29889E-01 3.14810E-02 6.18584E-04 
3.30933E-01 2.88765E-02 7.72797E-04 
3.31375E-01 2.69752E-02 9.27926E-04 
3.31434E-01 2.64402E-02 9.80842E-04 
3.31369E-01 2.40014E-02 1.29314E-03 
3.30680E-01 2.17552E-02 1.74295E-03 
3.29380E-01 1.96957E-02 2.40684E-03 
3.27499E-01 1.78125E-02 3.41277E-03 
3.24348E-01 1.66094E-02 4.97899E-03 
3.21685E-01 1.50625E-02 7.49644E-03 
3.18501E-01 1.36435E-02 1.16810E-02 
3.14845E-01 1.23434E-02 1.88827E-02 
3.10795E-01 1.11544E-02 3.17292E-02 
3.06496E-01 1.00716E-02 5.54544E-02 
3.02334E-01 9.09583E-03 1.00520E-01 
2.99445E-01 8.24824E-03 1.86992E-01 
3.01256E-01 7.59806E-03 3.47619E-01 
3.15580E-01 7.29128E-03 6.12186E-01 
3.48961E-01 7.38885E-03 9.48881E-01 
3.88098E-01 7.52629E-03 1.23514E+00 
4.09689E-01 7.26809E-03 1.38193E+00 
3.21702E-01 4.03131E-02 2.32537E-04 
3.23539E-01 3.70476E-02 2.73324E-04 
3.18432E-01 3.78350E-02 3.24198E-04 
3.20465E-01 3.47518E-02 3.88438E-04 
3.21966E-01 3.18385E-02 4.71038E-04 
3.22916E-01 2.91012E-02 5.78772E-04 
3.23300E-01 2.65443E-02 7.21399E-04 
3.23204E-01 2.46918E-02 8.64658E-04 
3.23110E-01 2.41709E-02 9.13392E-04 
3.22273E-01 2.18149E-02 1.20103E-03 
3.20788E-01 1.96650E-02 1.61436E-03 
3.18685E-01 1.77113E-02 2.22284E-03 
3.15995E-01 1.59422E-02 3.14251E-03 
3.12143E-01 1.47545E-02 4.57113E-03 
3.08654E-01 1.33303E-02 6.86185E-03 
3.04669E-01 1.20341E-02 1.06583E-02 
3.00244E-01 1.08547E-02 1.71752E-02 
2.95458E-01 9.78291E-03 2.87662E-02 
2.90461E-01 8.81132E-03 5.01089E-02 
2.85612E-01 7.94011E-03 9.05346E-02 
2.81988E-01 7.18450E-03 1.67855E-01 
2.82781E-01 6.60416E-03 3.10978E-01 
2.95249E-01 6.32329E-03 5.45812E-01 
3.25370E-01 6.39265E-03 8.43106E-01 
3.60640E-01 6.49609E-03 1.09361E+00 
3.79466E-01 6.25980E-03 1.21936E+00 
3.15437E-01 3.91359E-02 2.20093E-04 
3.17012E-01 3.57705E-02 2.58138E-04 
3.12254E-01 3.57444E-02 3.05551E-04 
3.13783E-01 3.26571E-02 3.65320E-04 
3.14775E-01 2.97410E-02 4.41979E-04 
3.15177E-01 2.70190E-02 5.41759E-04 
3.14983E-01 2.44951E-02 6.73593E-04 
3.14416E-01 2.26795E-02 8.05797E-04 
3.14187E-01 2.21703E-02 8.50700E-04 
3.12663E-01 1.98833E-02 1.11540E-03 
3.10472E-01 1.78154E-02 1.49469E-03 
3.07651E-01 1.59545E-02 2.05170E-03 
3.04242E-01 1.42856E-02 2.89155E-03 
2.99766E-01 1.31206E-02 4.19287E-03 
2.95548E-01 1.18059E-02 6.27393E-03 
2.90858E-01 1.06195E-02 9.71377E-03 
2.85759E-01 9.54857E-03 1.56005E-02 
2.80336E-01 8.58157E-03 2.60420E-02 
2.74737E-01 7.70987E-03 4.52117E-02 
2.69304E-01 6.93155E-03 8.14085E-02 
2.65048E-01 6.25828E-03 1.50429E-01 
2.64946E-01 5.74036E-03 2.77694E-01 
2.75727E-01 5.48394E-03 4.85707E-01 
3.02845E-01 5.53111E-03 7.47643E-01 
3.34559E-01 5.60775E-03 9.66361E-01 
3.50891E-01 5.39165E-03 1.07366E+00 
3.08454E-01 3.82156E-02 2.08551E-04 
3.09796E-01 3.47461E-02 2.44044E-04 
3.05301E-01 3.40223E-02 2.88149E-04 
3.06431E-01 3.08750E-02 3.43672E-04 
3.06949E-01 2.79356E-02 4.14735E-04 
3.06844E-01 2.52104E-02 5.07002E-04 
3.06106E-01 2.27026E-02 6.28635E-04 
3.05105E-01 2.09109E-02 7.50345E-04 
3.04741E-01 2.04113E-02 7.91677E-04 
3.02577E-01 1.81774E-02 1.03470E-03 
2.99735E-01 1.61769E-02 1.38214E-03 
2.96254E-01 1.43954E-02 1.89106E-03 
2.92188E-01 1.28147E-02 2.65623E-03 
2.87153E-01 1.16762E-02 3.83908E-03 
2.82286E-01 1.04589E-02 5.72553E-03 
2.76974E-01 9.37113E-03 8.83477E-03 
2.71290E-01 8.39739E-03 1.41402E-02 
2.65321E-01 7.52450E-03 2.35238E-02 
2.59209E-01 6.74262E-03 4.07003E-02 
2.53290E-01 6.04708E-03 7.30278E-02 
2.48502E-01 5.44757E-03 1.34467E-01 
2.47618E-01 4.98573E-03 2.47361E-01 
2.56861E-01 4.75233E-03 4.31105E-01 
2.81196E-01 4.78195E-03 6.61221E-01 
3.09629E-01 4.83708E-03 8.51651E-01 
3.23701E-01 4.64019E-03 9.42815E-01 
3.00678E-01 3.75113E-02 1.97541E-04 
3.01797E-01 3.39179E-02 2.30576E-04 
2.97580E-01 3.25789E-02 2.71553E-04 
2.98347E-01 2.93689E-02 3.23037E-04 
2.98461E-01 2.63937E-02 3.88812E-04 
2.97911E-01 2.36526E-02 4.74005E-04 
2.96693E-01 2.11476E-02 5.86064E-04 
2.95297E-01 1.93703E-02 6.97942E-04 
2.94816E-01 1.88766E-02 7.35874E-04 
2.92079E-01 1.66818E-02 9.58669E-04 
2.88645E-01 1.47368E-02 1.27635E-03 
2.84570E-01 1.30228E-02 1.74035E-03 
2.79919E-01 1.15184E-02 2.43636E-03 
2.74394E-01 1.04086E-02 3.50943E-03 
2.68964E-01 9.27716E-03 5.21600E-03 
2.63122E-01 8.27641E-03 8.02173E-03 
2.56942E-01 7.38913E-03 1.27951E-02 
2.50518E-01 6.59999E-03 2.12120E-02 
2.43993E-01 5.89759E-03 3.65725E-02 
2.37679E-01 5.27618E-03 6.53882E-02 
2.32457E-01 4.74210E-03 1.19971E-01 
2.30902E-01 4.33041E-03 2.19931E-01 
2.38759E-01 4.11837E-03 3.81941E-01 
2.60537E-01 4.13432E-03 5.83738E-01 
2.85959E-01 4.17222E-03 7.49183E-01 
2.98007E-01 3.99343E-03 8.26432E-01 
2.92133E-01 3.70169E-02 1.86738E-04 
2.93015E-01 3.32730E-02 2.17342E-04 
2.89081E-01 3.13637E-02 2.55261E-04 
2.89447E-01 2.80904E-02 3.02818E-04 
2.89162E-01 2.50620E-02 3.63431E-04 
2.88185E-01 2.22894E-02 4.41771E-04 
2.86510E-01 1.97736E-02 5.44549E-04 
2.84748E-01 1.80009E-02 6.46970E-04 
2.84154E-01 1.75110E-02 6.81664E-04 
2.80890E-01 1.53442E-02 8.85029E-04 
2.76921E-01 1.34437E-02 1.17422E-03 
2.72316E-01 1.17874E-02 1.59566E-03 
2.67146E-01 1.03507E-02 2.22580E-03 
2.61197E-01 9.27132E-03 3.19523E-03 
2.55284E-01 8.21713E-03 4.73292E-03 
2.48991E-01 7.29549E-03 7.25249E-03 
2.42401E-01 6.48652E-03 1.15281E-02 
2.35610E-01 5.77347E-03 1.90438E-02 
2.28757E-01 5.14336E-03 3.27156E-02 
2.22134E-01 4.58920E-03 5.82875E-02 
2.16567E-01 4.11456E-03 1.06560E-01 
2.14435E-01 3.74859E-03 1.94647E-01 
2.21021E-01 3.55667E-03 3.36823E-01 
2.40402E-01 3.56187E-03 5.12938E-01 
2.63006E-01 3.58593E-03 6.55944E-01 
2.73209E-01 3.42427E-03 7.20973E-01 
2.83021E-01 3.67332E-02 1.76224E-04 
2.83686E-01 3.28282E-02 2.04520E-04 
2.79988E-01 3.04259E-02 2.39502E-04 
2.79997E-01 2.70501E-02 2.83286E-04 
2.79300E-01 2.39482E-02 3.38945E-04 
2.77890E-01 2.11266E-02 4.10706E-04 
2.75775E-01 1.85854E-02 5.04666E-04 
2.73667E-01 1.68080E-02 5.98080E-04 
2.72975E-01 1.63186E-02 6.29683E-04 
2.69226E-01 1.41679E-02 8.14711E-04 
2.64774E-01 1.23011E-02 1.07715E-03 
2.59696E-01 1.06927E-02 1.45847E-03 
2.54076E-01 9.31414E-03 2.02727E-03 
2.47771E-01 8.26515E-03 2.90006E-03 
2.41452E-01 7.27930E-03 4.28051E-03 
2.34794E-01 6.42784E-03 6.53650E-03 
2.27883E-01 5.68880E-03 1.03530E-02 
2.20812E-01 5.04392E-03 1.70418E-02 
2.13718E-01 4.47877E-03 2.91715E-02 
2.06879E-01 3.98470E-03 5.17891E-02 
2.01057E-01 3.56336E-03 9.43471E-02 
1.98445E-01 3.23850E-03 1.71709E-01 
2.03888E-01 3.06527E-03 2.96073E-01 
2.21055E-01 3.06225E-03 4.49270E-01 
2.41062E-01 3.07540E-03 5.72457E-01 
2.49612E-01 2.92979E-03 6.26956E-01 
2.73235E-01 3.66242E-02 1.65823E-04 
2.73643E-01 3.25413E-02 1.91876E-04 
2.70186E-01 2.96901E-02 2.24020E-04 
2.69861E-01 2.62035E-02 2.64182E-04 
2.68808E-01 2.30174E-02 3.15129E-04 
2.67020E-01 2.01358E-02 3.80655E-04 
2.64502E-01 1.75577E-02 4.66201E-04 
2.62074E-01 1.57669E-02 5.51112E-04 
2.61291E-01 1.52755E-02 5.79793E-04 
2.57095E-01 1.31300E-02 7.47435E-04 
2.52209E-01 1.12874E-02 9.84589E-04 
2.46715E-01 9.71785E-03 1.32828E-03 
2.40705E-01 8.38916E-03 1.83955E-03 
2.34107E-01 7.37025E-03 2.62214E-03 
2.27465E-01 6.44498E-03 3.85664E-03 
2.20525E-01 5.65641E-03 5.86828E-03 
2.13375E-01 4.98046E-03 9.26119E-03 
2.06111E-01 4.39693E-03 1.51903E-02 
1.98862E-01 3.89027E-03 2.59111E-02 
1.91891E-01 3.45034E-03 4.58347E-02 
1.85899E-01 3.07700E-03 8.32004E-02 
1.82901E-01 2.78929E-03 1.50884E-01 
1.87317E-01 2.63349E-03 2.59231E-01 
2.02436E-01 2.62429E-03 3.91954E-01 
2.20048E-01 2.62903E-03 4.97644E-01 
2.27123E-01 2.49842E-03 5.43066E-01 
2.62927E-01 3.66805E-02 1.55611E-04 
2.63052E-01 3.23966E-02 1.79481E-04 
2.59797E-01 2.91383E-02 2.08888E-04 
2.59120E-01 2.55286E-02 2.45576E-04 
2.57707E-01 2.22433E-02 2.91988E-04 
2.55549E-01 1.92893E-02 3.51529E-04 
2.52667E-01 1.66652E-02 4.29120E-04 
2.49960E-01 1.48544E-02 5.05945E-04 
2.49091E-01 1.43600E-02 5.31876E-04 
2.44513E-01 1.22119E-02 6.83128E-04 
2.39259E-01 1.03861E-02 8.96557E-04 
2.33420E-01 8.84880E-03 1.20505E-03 
2.27096E-01 7.56356E-03 1.66269E-03 
2.20275E-01 6.57413E-03 2.36154E-03 
2.13390E-01 5.70296E-03 3.46089E-03 
2.06250E-01 4.97094E-03 5.24721E-03 
1.98947E-01 4.35171E-03 8.25133E-03 
1.91573E-01 3.82350E-03 1.34857E-02 
1.84253E-01 3.36940E-03 2.29220E-02 
1.77230E-01 2.97837E-03 4.04011E-02 
1.71149E-01 2.64826E-03 7.30724E-02 
1.67851E-01 2.39415E-03 1.32051E-01 
1.71353E-01 2.25454E-03 2.26062E-01 
1.84589E-01 2.24088E-03 3.40583E-01 
2.00003E-01 2.23922E-03 4.30879E-01 
2.05768E-01 2.12264E-03 4.68524E-01 
2.52155E-01 3.68797E-02 1.45603E-04 
2.51975E-01 3.23785E-02 1.67372E-04 
2.48862E-01 2.87519E-02 1.94151E-04 
2.47829E-01 2.49977E-02 2.27487E-04 
2.46071E-01 2.16019E-02 2.69577E-04 
2.43579E-01 1.85673E-02 3.23457E-04 
2.40365E-01 1.58886E-02 3.93487E-04 
2.37402E-01 1.40523E-02 4.62663E-04 
2.36461E-01 1.35530E-02 4.85982E-04 
2.31545E-01 1.13957E-02 6.21838E-04 
2.25978E-01 9.58095E-03 8.12999E-04 
2.19859E-01 8.07050E-03 1.08855E-03 
2.13289E-01 6.82352E-03 1.49630E-03 
2.06310E-01 5.86310E-03 2.11741E-03 
1.99261E-01 5.04066E-03 3.09177E-03 
1.92003E-01 4.35977E-03 4.67085E-03 
1.84626E-01 3.79208E-03 7.31862E-03 
1.77221E-01 3.31405E-03 1.19182E-02 
1.69908E-01 2.90761E-03 2.01837E-02 
1.62909E-01 2.56075E-03 3.54490E-02 
1.56815E-01 2.26969E-03 6.38870E-02 
1.53299E-01 2.04603E-03 1.15038E-01 
1.55993E-01 1.92151E-03 1.96235E-01 
1.67499E-01 1.90480E-03 2.94591E-01 
1.80899E-01 1.89840E-03 3.71357E-01 
1.85510E-01 1.79497E-03 4.02362E-01 
2.41018E-01 3.71954E-02 1.35851E-04 
2.40516E-01 3.24617E-02 1.55613E-04 
2.37494E-01 2.84952E-02 1.79882E-04 
2.36127E-01 2.45880E-02 2.10043E-04 
2.34015E-01 2.10699E-02 2.48011E-04 
2.31186E-01 1.79453E-02 2.96507E-04 
2.27665E-01 1.52066E-02 3.59394E-04 
2.24476E-01 1.33415E-02 4.21402E-04 
2.23473E-01 1.28363E-02 4.42280E-04 
2.18270E-01 1.06661E-02 5.63671E-04 
2.12451E-01 8.85895E-03 7.34064E-04 
2.06113E-01 7.37168E-03 9.79048E-04 
1.99368E-01 6.15931E-03 1.34052E-03 
1.92298E-01 5.22766E-03 1.88992E-03 
1.85163E-01 4.44970E-03 2.74957E-03 
1.77865E-01 3.81559E-03 4.13839E-03 
1.70493E-01 3.29476E-03 6.46112E-03 
1.63136E-01 2.86232E-03 1.04838E-02 
1.55902E-01 2.49914E-03 1.76904E-02 
1.48999E-01 2.19215E-03 3.09592E-02 
1.42962E-01 1.93636E-03 5.55978E-02 
1.39303E-01 1.74026E-03 9.97493E-02 
1.41292E-01 1.62973E-03 1.69549E-01 
1.51221E-01 1.61116E-03 2.53622E-01 
1.62787E-01 1.60143E-03 3.18566E-01 
1.66391E-01 1.51024E-03 3.43933E-01 
2.29612E-01 3.75993E-02 1.26404E-04 
2.28775E-01 3.26212E-02 1.44258E-04 
2.25792E-01 2.83385E-02 1.66137E-04 
2.24076E-01 2.42689E-02 1.93288E-04 
2.21648E-01 2.06241E-02 2.27385E-04 
2.18502E-01 1.74048E-02 2.70809E-04 
2.14681E-01 1.46015E-02 3.26980E-04 
2.11292E-01 1.27056E-02 3.82257E-04 
2.10235E-01 1.21943E-02 4.00852E-04 
2.04795E-01 1.00094E-02 5.08787E-04 
1.98773E-01 8.20787E-03 6.59872E-04 
1.92278E-01 6.74192E-03 8.76530E-04 
1.85425E-01 5.56181E-03 1.19541E-03 
1.78331E-01 4.65897E-03 1.67892E-03 
1.71182E-01 3.92224E-03 2.43344E-03 
1.63918E-01 3.33113E-03 3.64917E-03 
1.56623E-01 2.85323E-03 5.67623E-03 
1.49382E-01 2.46235E-03 9.17687E-03 
1.42297E-01 2.13840E-03 1.54301E-02 
1.35554E-01 1.86750E-03 2.69055E-02 
1.29638E-01 1.64355E-03 4.81440E-02 
1.25907E-01 1.47236E-03 8.60697E-02 
1.27287E-01 1.37480E-03 1.45773E-01 
1.35786E-01 1.35532E-03 2.17275E-01 
1.45692E-01 1.34348E-03 2.71940E-01 
1.48428E-01 1.26358E-03 2.92542E-01 
2.18009E-01 3.80609E-02 1.17290E-04 
2.16845E-01 3.28309E-02 1.33346E-04 
2.13846E-01 2.82547E-02 1.52970E-04 
2.11783E-01 2.40149E-02 1.77274E-04 
2.09048E-01 2.02398E-02 2.07735E-04 
2.05619E-01 1.69249E-02 2.46425E-04 
2.01530E-01 1.40565E-02 2.96322E-04 
1.97956E-01 1.21293E-02 3.45321E-04 
1.96849E-01 1.16117E-02 3.61783E-04 
1.91210E-01 9.41210E-03 4.57213E-04 
1.85040E-01 7.61650E-03 5.90455E-04 
1.78450E-01 6.17154E-03 7.81027E-04 
1.71553E-01 5.02259E-03 1.06081E-03 
1.64491E-01 4.14897E-03 1.48404E-03 
1.57397E-01 3.45090E-03 2.14272E-03 
1.50233E-01 2.89979E-03 3.20122E-03 
1.43081E-01 2.46157E-03 4.96089E-03 
1.36021E-01 2.10872E-03 7.99109E-03 
1.29145E-01 1.82042E-03 1.33878E-02 
1.22620E-01 1.58221E-03 2.32597E-02 
1.16881E-01 1.38697E-03 4.14701E-02 
1.13143E-01 1.23829E-03 7.38737E-02 
1.14005E-01 1.15269E-03 1.24668E-01 
1.21216E-01 1.13308E-03 1.85152E-01 
1.29629E-01 1.12009E-03 2.30906E-01 
1.31623E-01 1.05060E-03 2.47506E-01 
2.06363E-01 3.85570E-02 1.08578E-04 
2.04846E-01 3.30652E-02 1.22935E-04 
2.01784E-01 2.82145E-02 1.40448E-04 
1.99388E-01 2.38028E-02 1.62089E-04 
1.96342E-01 1.98954E-02 1.89138E-04 
1.92653E-01 1.64864E-02 2.23419E-04 
1.88333E-01 1.35559E-02 2.67520E-04 
1.84603E-01 1.15996E-02 3.10719E-04 
1.83454E-01 1.10762E-02 3.25216E-04 
1.77654E-01 8.86419E-03 4.09115E-04 
1.71381E-01 7.07628E-03 5.25963E-04 
1.64747E-01 5.65317E-03 6.92680E-04 
1.57864E-01 4.53532E-03 9.36787E-04 
1.50890E-01 3.69164E-03 1.30526E-03 
1.43910E-01 3.03047E-03 1.87724E-03 
1.36909E-01 2.51695E-03 2.79371E-03 
1.29961E-01 2.11540E-03 4.31331E-03 
1.23138E-01 1.79742E-03 6.92217E-03 
1.16525E-01 1.54152E-03 1.15539E-02 
1.10269E-01 1.33281E-03 2.00017E-02 
1.04758E-01 1.16337E-03 3.55328E-02 
1.01069E-01 1.03493E-03 6.30689E-02 
1.01499E-01 9.60320E-04 1.06052E-01 
1.07560E-01 9.41201E-04 1.56938E-01 
1.14641E-01 9.27786E-04 1.95016E-01 
1.16014E-01 8.67838E-04 2.08285E-01 
1.94729E-01 3.90627E-02 1.00267E-04 
1.92865E-01 3.33056E-02 1.13038E-04 
1.89692E-01 2.81945E-02 1.28574E-04 
1.86957E-01 2.36093E-02 1.47721E-04 
1.83614E-01 1.95717E-02 1.71595E-04 
1.79674E-01 1.60717E-02 2.01781E-04 
1.75151E-01 1.30838E-02 2.40512E-04 
1.71292E-01 1.11021E-02 2.78365E-04 
1.70111E-01 1.05741E-02 2.91053E-04 
1.64195E-01 8.35428E-03 3.64366E-04 
1.57863E-01 6.57733E-03 4.66202E-04 
1.51229E-01 5.17814E-03 6.11119E-04 
1.44409E-01 4.09226E-03 8.22777E-04 
1.37572E-01 3.27970E-03 1.14158E-03 
1.30766E-01 2.65443E-03 1.63518E-03 
1.23982E-01 2.17661E-03 2.42397E-03 
1.17291E-01 1.80933E-03 3.72805E-03 
1.10758E-01 1.52349E-03 5.96042E-03 
1.04454E-01 1.29714E-03 9.91178E-03 
9.85115E-02 1.11510E-03 1.70961E-02 
9.32707E-02 9.68849E-04 3.02611E-02 
8.96813E-02 8.58604E-04 5.35158E-02 
8.97590E-02 7.94056E-04 8.96627E-02 
9.47988E-02 7.75885E-04 1.32205E-01 
1.00698E-01 7.62636E-04 1.63686E-01 
1.01558E-01 7.11388E-04 1.74191E-01 
1.83307E-01 3.95466E-02 9.24566E-05 
1.81117E-01 3.35282E-02 1.03773E-04 
1.77804E-01 2.81736E-02 1.17490E-04 
1.74746E-01 2.34195E-02 1.34352E-04 
1.71108E-01 1.92561E-02 1.55306E-04 
1.66931E-01 1.56712E-02 1.81742E-04 
1.62226E-01 1.26326E-02 2.15579E-04 
1.58260E-01 1.06307E-02 2.48575E-04 
1.57054E-01 1.00995E-02 2.59624E-04 
1.51061E-01 7.87820E-03 3.23359E-04 
1.44716E-01 6.11707E-03 4.11665E-04 
1.38134E-01 4.74499E-03 5.37015E-04 
1.31425E-01 3.69254E-03 7.19638E-04 
1.24767E-01 2.91215E-03 9.94104E-04 
1.18178E-01 2.32171E-03 1.41798E-03 
1.11657E-01 1.87774E-03 2.09356E-03 
1.05267E-01 1.54234E-03 3.20735E-03 
9.90609E-02 1.28585E-03 5.10852E-03 
9.31031E-02 1.08616E-03 8.46391E-03 
8.75069E-02 9.27913E-04 1.45447E-02 
8.25691E-02 8.02257E-04 2.56508E-02 
7.91212E-02 7.08100E-04 4.51996E-02 
7.89213E-02 6.52616E-04 7.54548E-02 
8.30711E-02 6.35717E-04 1.10853E-01 
8.79421E-02 6.23067E-04 1.36754E-01 
8.83895E-02 5.79602E-04 1.45004E-01 
1.71987E-01 3.99976E-02 8.50274E-05 
1.69481E-01 3.37185E-02 9.49896E-05 
1.65995E-01 2.81309E-02 1.07011E-04 
1.62637E-01 2.32136E-02 1.21758E-04 
1.58724E-01 1.89310E-02 1.40012E-04 
1.54310E-01 1.52669E-02 1.62967E-04 
1.49436E-01 1.21847E-02 1.92288E-04 
1.45381E-01 1.01685E-02 2.20814E-04 
1.44157E-01 9.63581E-03 2.30357E-04 
1.38106E-01 7.41972E-03 2.85299E-04 
1.31783E-01 5.68049E-03 3.61246E-04 
1.25297E-01 4.34013E-03 4.68804E-04 
1.18751E-01 3.32406E-03 6.25133E-04 
1.12321E-01 2.57795E-03 8.59604E-04 
1.05999E-01 2.02246E-03 1.22080E-03 
9.97860E-02 1.61140E-03 1.79489E-03 
9.37371E-02 1.30623E-03 2.73870E-03 
8.78976E-02 1.07706E-03 4.34512E-03 
8.23198E-02 9.01785E-04 7.17152E-03 
7.71005E-02 7.65107E-04 1.22780E-02 
7.24956E-02 6.57935E-04 2.15730E-02 
6.92264E-02 5.78213E-04 3.78736E-02 
6.88123E-02 5.30979E-04 6.29925E-02 
7.21809E-02 5.15583E-04 9.22038E-02 
7.61490E-02 5.03847E-04 1.13328E-01 
7.62695E-02 4.67415E-04 1.19723E-01 
1.60947E-01 4.03931E-02 7.80579E-05 
1.58128E-01 3.38563E-02 8.67711E-05 
1.54479E-01 2.80546E-02 9.72560E-05 
1.50812E-01 2.29777E-02 1.10047E-04 
1.46643E-01 1.85855E-02 1.25838E-04 
1.42023E-01 1.48532E-02 1.45636E-04 
1.37002E-01 1.17372E-02 1.70857E-04 
1.32883E-01 9.71407E-03 1.95354E-04 
1.31644E-01 9.18161E-03 2.03533E-04 
1.25568E-01 6.97912E-03 2.50551E-04 
1.19299E-01 5.26812E-03 3.15393E-04 
1.12943E-01 3.96389E-03 4.07020E-04 
1.06597E-01 2.98684E-03 5.39903E-04 
1.00429E-01 2.27670E-03 7.38806E-04 
9.44092E-02 1.75610E-03 1.04445E-03 
8.85400E-02 1.37690E-03 1.52901E-03 
8.28647E-02 1.10025E-03 2.32340E-03 
7.74193E-02 8.96295E-04 3.67152E-03 
7.22454E-02 7.43166E-04 6.03620E-03 
6.74229E-02 6.25752E-04 1.02951E-02 
6.31707E-02 5.34952E-04 1.80214E-02 
6.01087E-02 4.67969E-04 3.15197E-02 
5.95393E-02 4.28116E-04 5.22296E-02 
6.22362E-02 4.14350E-04 7.61656E-02 
6.54276E-02 4.03733E-04 9.32664E-02 
6.52993E-02 3.73536E-04 9.81636E-02 
1.50267E-01 4.07234E-02 7.15537E-05 
1.47130E-01 3.39300E-02 7.91147E-05 
1.43294E-01 2.79265E-02 8.81890E-05 
1.39369E-01 2.27051E-02 9.92221E-05 
1.34957E-01 1.82129E-02 1.12772E-04 
1.30142E-01 1.44223E-02 1.29704E-04 
1.24990E-01 1.12828E-02 1.51218E-04 
1.20824E-01 9.26044E-03 1.72081E-04 
1.19580E-01 8.73067E-03 1.79042E-04 
1.13525E-01 6.55185E-03 2.18987E-04 
1.07342E-01 4.87600E-03 2.73926E-04 
1.01144E-01 3.61255E-03 3.51376E-04 
9.50255E-02 2.67731E-03 4.63449E-04 
8.91467E-02 2.00481E-03 6.30910E-04 
8.34600E-02 1.51916E-03 8.87643E-04 
7.79616E-02 1.17093E-03 1.29358E-03 
7.26838E-02 9.21225E-04 1.95731E-03 
6.76524E-02 7.40538E-04 3.08036E-03 
6.28979E-02 6.07436E-04 5.04439E-03 
5.84855E-02 5.07206E-04 8.57005E-03 
5.45986E-02 4.30842E-04 1.49442E-02 
5.17653E-02 3.75032E-04 2.60394E-02 
5.10923E-02 3.41737E-04 4.29854E-02 
5.32176E-02 3.29651E-04 6.24482E-02 
5.57481E-02 3.20277E-04 7.61814E-02 
5.54387E-02 2.95555E-04 7.98785E-02 
1.39989E-01 4.09770E-02 6.55036E-05 
1.36545E-01 3.39328E-02 7.20128E-05 
1.32515E-01 2.77393E-02 7.98024E-05 
1.28345E-01 2.23844E-02 8.92390E-05 
1.23711E-01 1.78038E-02 1.00764E-04 
1.18727E-01 1.39679E-02 1.15117E-04 
1.13473E-01 1.08175E-02 1.33311E-04 
1.09267E-01 8.80348E-03 1.50909E-04 
1.08019E-01 8.27831E-03 1.56773E-04 
1.01995E-01 6.13161E-03 1.90382E-04 
9.59407E-02 4.49926E-03 2.36542E-04 
8.99525E-02 3.28273E-03 3.01512E-04 
8.41025E-02 2.39269E-03 3.95312E-04 
7.85392E-02 1.75951E-03 5.35195E-04 
7.32046E-02 1.30881E-03 7.49129E-04 
6.80933E-02 9.90602E-04 1.08650E-03 
6.32263E-02 7.66315E-04 1.63659E-03 
5.86191E-02 6.07060E-04 2.56471E-03 
5.42915E-02 4.92035E-04 4.18282E-03 
5.02936E-02 4.07047E-04 7.07821E-03 
4.67774E-02 3.43338E-04 1.22948E-02 
4.41875E-02 2.97274E-04 2.13402E-02 
4.34549E-02 2.69757E-04 3.50928E-02 
4.51000E-02 2.59341E-04 5.07864E-02 
4.70741E-02 2.51261E-04 6.17173E-02 
4.66416E-02 2.31307E-04 6.44637E-02 
1.30152E-01 4.11468E-02 5.98959E-05 
1.26425E-01 3.38608E-02 6.54540E-05 
1.22188E-01 2.74869E-02 7.20740E-05 
1.17795E-01 2.20111E-02 8.00715E-05 
1.12978E-01 1.73580E-02 8.97899E-05 
1.07854E-01 1.34904E-02 1.01844E-04 
1.02514E-01 1.03398E-02 1.17071E-04 
9.82871E-02 8.34208E-03 1.31770E-04 
9.70438E-02 7.82403E-03 1.36666E-04 
9.10994E-02 5.72036E-03 1.64707E-04 
8.51954E-02 4.13810E-03 2.03135E-04 
7.94214E-02 2.97227E-03 2.57095E-04 
7.38547E-02 2.12997E-03 3.34869E-04 
6.86274E-02 1.53767E-03 4.50688E-04 
6.36666E-02 1.12210E-03 6.27432E-04 
5.89582E-02 8.33133E-04 9.05445E-04 
5.45127E-02 6.32895E-04 1.35750E-03 
5.03355E-02 4.93378E-04 2.11800E-03 
4.64366E-02 3.94630E-04 3.43979E-03 
4.28518E-02 3.23099E-04 5.79724E-03 
3.97051E-02 2.70419E-04 1.00298E-02 
3.73666E-02 2.32789E-04 1.73400E-02 
3.66116E-02 2.10320E-04 2.84029E-02 
3.78588E-02 2.01514E-04 4.09435E-02 
3.93707E-02 1.94718E-04 4.95607E-02 
3.88634E-02 1.78879E-04 5.15630E-02 
1.20783E-01 4.12264E-02 5.47129E-05 
1.16793E-01 3.37079E-02 5.94121E-05 
1.12352E-01 2.71649E-02 6.49771E-05 
1.07748E-01 2.15800E-02 7.16758E-05 
1.02784E-01 1.68709E-02 7.97886E-05 
9.75388E-02 1.29835E-02 8.97893E-05 
9.21423E-02 9.84619E-03 1.02391E-04 
8.79247E-02 7.87477E-03 1.14541E-04 
8.66900E-02 7.36599E-03 1.18584E-04 
8.08441E-02 5.31423E-03 1.41720E-04 
7.51163E-02 3.78919E-03 1.73377E-04 
6.95886E-02 2.67926E-03 2.17760E-04 
6.43268E-02 1.88740E-03 2.81621E-04 
5.94498E-02 1.33721E-03 3.76604E-04 
5.48739E-02 9.56690E-04 5.21250E-04 
5.05756E-02 6.96075E-04 7.48231E-04 
4.65543E-02 5.18529E-04 1.11631E-03 
4.28053E-02 3.97146E-04 1.73372E-03 
3.93290E-02 3.12981E-04 2.80349E-03 
3.61498E-02 2.53296E-04 4.70501E-03 
3.33655E-02 2.10168E-04 8.10668E-03 
3.12805E-02 1.79785E-04 1.39588E-02 
3.05331E-02 1.61690E-04 2.27723E-02 
3.14555E-02 1.54402E-04 3.26946E-02 
3.25886E-02 1.48841E-04 3.94163E-02 
3.20458E-02 1.36521E-04 4.08435E-02 
1.11875E-01 4.12053E-02 4.99258E-05 
1.07658E-01 3.34696E-02 5.38578E-05 
1.03038E-01 2.67740E-02 5.84841E-05 
9.82486E-02 2.10934E-02 6.40244E-05 
9.31589E-02 1.63422E-02 7.07090E-05 
8.78283E-02 1.24505E-02 7.89028E-05 
8.24029E-02 9.33867E-03 8.91974E-05 
7.82118E-02 7.40153E-03 9.91110E-05 
7.69934E-02 6.90441E-03 1.02408E-04 
7.12685E-02 4.91345E-03 1.21261E-04 
6.57362E-02 3.45202E-03 1.47028E-04 
6.04788E-02 2.40235E-03 1.83134E-04 
5.55463E-02 1.66343E-03 2.35034E-04 
5.10329E-02 1.15628E-03 3.12146E-04 
4.68460E-02 8.10494E-04 4.29332E-04 
4.29574E-02 5.77258E-04 6.12776E-04 
3.93550E-02 4.21023E-04 9.09472E-04 
3.60251E-02 3.16230E-04 1.40568E-03 
3.29595E-02 2.45094E-04 2.26270E-03 
3.01714E-02 1.95755E-04 3.78090E-03 
2.77366E-02 1.60844E-04 6.48686E-03 
2.59016E-02 1.36641E-04 1.11229E-02 
2.51852E-02 1.22300E-04 1.80703E-02 
2.58467E-02 1.16416E-04 2.58360E-02 
2.66743E-02 1.12018E-04 3.10178E-02 
2.61269E-02 1.02675E-04 3.20070E-02 
1.03459E-01 4.10878E-02 4.55228E-05 
9.90493E-02 3.31504E-02 4.87733E-05 
9.42648E-02 2.63151E-02 5.25615E-05 
8.93156E-02 2.05529E-02 5.70741E-05 
8.41160E-02 1.57721E-02 6.24912E-05 
7.87444E-02 1.18926E-02 6.91120E-05 
7.33246E-02 8.81914E-03 7.73981E-05 
6.91761E-02 6.92388E-03 8.53646E-05 
6.79774E-02 6.44035E-03 8.80122E-05 
6.24031E-02 4.51892E-03 1.03168E-04 
5.71006E-02 3.12754E-03 1.23890E-04 
5.21336E-02 2.14170E-03 1.52918E-04 
4.75332E-02 1.45699E-03 1.94589E-04 
4.33811E-02 9.93111E-04 2.56453E-04 
3.95831E-02 6.81548E-04 3.50330E-04 
3.60987E-02 4.74606E-04 4.96959E-04 
3.29053E-02 3.38321E-04 7.33484E-04 
2.99804E-02 2.48652E-04 1.12790E-03 
2.73087E-02 1.89102E-04 1.80693E-03 
2.48926E-02 1.48754E-04 3.00556E-03 
2.27899E-02 1.20864E-04 5.13387E-03 
2.11964E-02 1.01888E-04 8.76450E-03 
2.05284E-02 9.07426E-05 1.41772E-02 
2.09844E-02 8.61361E-05 2.01819E-02 
2.15696E-02 8.28100E-05 2.41245E-02 
2.10407E-02 7.59628E-05 2.47856E-02 
9.55250E-02 4.08756E-02 4.14755E-05 
9.09324E-02 3.27443E-02 4.41113E-05 
8.60197E-02 2.57888E-02 4.71627E-05 
8.09396E-02 1.99594E-02 5.07679E-05 
7.56664E-02 1.51652E-02 5.50767E-05 
7.02736E-02 1.13103E-02 6.03187E-05 
6.48920E-02 8.28792E-03 6.68653E-05 
6.08147E-02 6.44306E-03 7.31575E-05 
5.96437E-02 5.97526E-03 7.52492E-05 
5.42391E-02 4.13072E-03 8.72209E-05 
4.91867E-02 2.81469E-03 1.03632E-04 
4.45215E-02 1.89549E-03 1.26625E-04 
4.02671E-02 1.26643E-03 1.59637E-04 
3.64826E-02 8.46046E-04 2.08638E-04 
3.30682E-02 5.67959E-04 2.82878E-04 
2.99771E-02 3.86130E-04 3.98598E-04 
2.71777E-02 2.68440E-04 5.84792E-04 
2.46393E-02 1.92511E-04 8.94353E-04 
2.23397E-02 1.43218E-04 1.42553E-03 
2.02734E-02 1.10660E-04 2.35971E-03 
1.84818E-02 8.87358E-05 4.01186E-03 
1.71179E-02 7.41547E-05 6.81760E-03 
1.65102E-02 6.57116E-05 1.09775E-02 
1.68072E-02 6.22536E-05 1.55553E-02 
1.72029E-02 5.99004E-05 1.85084E-02 
1.67094E-02 5.51320E-05 1.89285E-02 
8.81266E-02 4.05678E-02 3.77904E-05 
8.33770E-02 3.22587E-02 3.98844E-05 
7.83652E-02 2.52010E-02 4.22931E-05 
7.31902E-02 1.93222E-02 4.51114E-05 
6.78632E-02 1.45271E-02 4.84550E-05 
6.24892E-02 1.07125E-02 5.25199E-05 
5.71733E-02 7.75217E-03 5.75822E-05 
5.31879E-02 5.96472E-03 6.24535E-05 
5.20513E-02 5.51455E-03 6.40756E-05 
4.68486E-02 3.75413E-03 7.33749E-05 
4.20552E-02 2.51664E-03 8.61569E-05 
3.77012E-02 1.66578E-03 1.04109E-04 
3.37959E-02 1.09254E-03 1.29916E-04 
3.03744E-02 7.14918E-04 1.68246E-04 
2.73347E-02 4.69066E-04 2.26269E-04 
2.46212E-02 3.10876E-04 3.16539E-04 
2.21933E-02 2.10246E-04 4.61414E-04 
2.00148E-02 1.46610E-04 7.01535E-04 
1.80586E-02 1.06268E-04 1.11216E-03 
1.63130E-02 8.03501E-05 1.83152E-03 
1.48058E-02 6.34170E-05 3.09842E-03 
1.36540E-02 5.24697E-05 5.23968E-03 
1.31129E-02 4.62731E-05 8.39577E-03 
1.32907E-02 4.38281E-05 1.18389E-02 
1.35427E-02 4.23422E-05 1.40173E-02 
1.30948E-02 3.92743E-05 1.42655E-02 
8.11551E-02 4.01643E-02 3.43960E-05 
7.62805E-02 3.16929E-02 3.60110E-05 
7.11846E-02 2.45464E-02 3.78488E-05 
6.59573E-02 1.86377E-02 3.99844E-05 
6.06121E-02 1.38577E-02 4.24922E-05 
5.52802E-02 1.00954E-02 4.55375E-05 
5.00687E-02 7.20992E-03 4.93371E-05 
4.61923E-02 5.48634E-03 5.29957E-05 
4.50941E-02 5.05535E-03 5.42175E-05 
4.01238E-02 3.38607E-03 6.12678E-05 
3.56101E-02 2.23099E-03 7.10048E-05 
3.15737E-02 1.44982E-03 8.47297E-05 
2.80180E-02 9.32473E-04 1.04524E-04 
2.49595E-02 5.97063E-04 1.34008E-04 
2.22839E-02 3.82288E-04 1.78609E-04 
1.99298E-02 2.46358E-04 2.47867E-04 
1.78511E-02 1.61444E-04 3.58728E-04 
1.60073E-02 1.08869E-04 5.41893E-04 
1.43675E-02 7.63836E-05 8.53939E-04 
1.29156E-02 5.61666E-05 1.39843E-03 
1.16676E-02 4.34317E-05 2.35291E-03 
1.07109E-02 3.55059E-05 3.95772E-03 
1.02393E-02 3.11882E-05 6.30775E-03 
1.03288E-02 2.96417E-05 8.84674E-03 
1.04728E-02 2.89353E-05 1.04180E-02 
1.00761E-02 2.72641E-05 1.05452E-02 
7.46493E-02 3.96694E-02 3.12958E-05 
6.96883E-02 3.10567E-02 3.24952E-05 
6.45318E-02 2.38373E-02 3.38355E-05 
5.92839E-02 1.79157E-02 3.53831E-05 
5.39554E-02 1.31666E-02 3.71785E-05 
4.86947E-02 9.46908E-03 3.93594E-05 
4.36164E-02 6.66887E-03 4.20993E-05 
3.98773E-02 5.01588E-03 4.47551E-05 
3.88249E-02 4.60564E-03 4.56468E-05 
3.40982E-02 3.03132E-03 5.08234E-05 
2.98795E-02 1.96092E-03 5.80563E-05 
2.61758E-02 1.25008E-03 6.83412E-05 
2.29681E-02 7.87588E-04 8.32416E-05 
2.02537E-02 4.92582E-04 1.05501E-04 
1.79208E-02 3.07087E-04 1.39186E-04 
1.59015E-02 1.91752E-04 1.91421E-04 
1.41445E-02 1.21080E-04 2.74823E-04 
1.26056E-02 7.83035E-05 4.12162E-04 
1.12509E-02 5.26170E-05 6.45181E-04 
1.00615E-02 3.72189E-05 1.04999E-03 
9.04420E-03 2.79646E-05 1.75595E-03 
8.26222E-03 2.25141E-05 2.93592E-03 
7.85899E-03 1.97473E-05 4.65109E-03 
7.88533E-03 1.89889E-05 6.48355E-03 
7.95050E-03 1.89725E-05 7.58835E-03 
7.60650E-03 1.84363E-05 7.63396E-03 
6.85754E-02 3.90783E-02 2.84611E-05 
6.35632E-02 3.03489E-02 2.93008E-05 
5.83821E-02 2.30776E-02 3.02148E-05 
5.31413E-02 1.71600E-02 3.12579E-05 
4.78666E-02 1.24585E-02 3.24532E-05 
4.27061E-02 8.83798E-03 3.39087E-05 
3.77874E-02 6.13243E-03 3.57685E-05 
3.42056E-02 4.55558E-03 3.75993E-05 
3.32040E-02 4.16730E-03 3.82203E-05 
2.87436E-02 2.69201E-03 4.18706E-05 
2.48313E-02 1.70748E-03 4.70715E-05 
2.14598E-02 1.06624E-03 5.45715E-05 
1.85928E-02 6.56986E-04 6.55269E-05 
1.62098E-02 4.00453E-04 8.19842E-05 
1.41995E-02 2.42298E-04 1.06920E-04 
1.24894E-02 1.45820E-04 1.45547E-04 
1.10246E-02 8.79158E-05 2.07065E-04 
9.75878E-03 5.37355E-05 3.07990E-04 
8.65731E-03 3.38862E-05 4.78479E-04 
7.69832E-03 2.25291E-05 7.73038E-04 
6.88285E-03 1.61420E-05 1.28373E-03 
6.25420E-03 1.27065E-05 2.13141E-03 
5.91542E-03 1.12153E-05 3.35274E-03 
5.89784E-03 1.11486E-05 4.64003E-03 
5.90662E-03 1.17443E-05 5.39122E-03 
5.61373E-03 1.21270E-05 5.38436E-03 
6.29114E-02 3.83908E-02 2.58697E-05 
5.78856E-02 2.95734E-02 2.64022E-05 
5.27108E-02 2.22715E-02 2.69519E-05 
4.75079E-02 1.63762E-02 2.75677E-05 
4.23211E-02 1.17388E-02 2.82630E-05 
3.72918E-02 8.20768E-03 2.91192E-05 
3.25557E-02 5.60505E-03 3.02572E-05 
2.91497E-02 4.10914E-03 3.14210E-05 
2.82027E-02 3.74370E-03 3.18227E-05 
2.40283E-02 2.37039E-03 3.42505E-05 
2.04296E-02 1.47183E-03 3.78291E-05 
1.73886E-02 8.98636E-04 4.31152E-05 
1.48518E-02 5.40338E-04 5.09430E-05 
1.27835E-02 3.19949E-04 6.28104E-05 
1.10719E-02 1.86949E-04 8.08362E-05 
9.64276E-03 1.07479E-04 1.08740E-04 
8.43894E-03 6.08701E-05 1.53055E-04 
7.41379E-03 3.41458E-05 2.25445E-04 
6.53268E-03 1.92553E-05 3.47077E-04 
5.77265E-03 1.12650E-05 5.55860E-04 
5.13036E-03 7.22362E-06 9.15211E-04 
4.63357E-03 5.42099E-06 1.50650E-03 
4.35320E-03 4.97799E-06 2.34894E-03 
4.30584E-03 5.52107E-06 3.22139E-03 
4.27512E-03 6.66288E-06 3.70854E-03 
4.02938E-03 7.78896E-06 3.66997E-03 
5.76318E-02 3.76069E-02 2.35000E-05 
5.26208E-02 2.87279E-02 2.37692E-05 
4.74898E-02 2.14226E-02 2.40133E-05 
4.23552E-02 1.55688E-02 2.42714E-05 
3.72876E-02 1.10121E-02 2.45546E-05 
3.24195E-02 7.58284E-03 2.49242E-05 
2.78905E-02 5.09117E-03 2.54822E-05 
2.46750E-02 3.67990E-03 2.61150E-05 
2.37871E-02 3.33814E-03 2.63440E-05 
1.99119E-02 2.06831E-03 2.78090E-05 
1.66319E-02 1.25488E-03 3.01184E-05 
1.39155E-02 7.47414E-04 3.36759E-05 
1.16980E-02 4.37356E-04 3.90760E-05 
9.92345E-03 2.50335E-04 4.73711E-05 
8.48475E-03 1.40110E-04 6.00260E-05 
7.30663E-03 7.57431E-05 7.96073E-05 
6.33181E-03 3.89863E-05 1.10600E-04 
5.51469E-03 1.86485E-05 1.60952E-04 
4.82165E-03 7.92776E-06 2.44959E-04 
4.23014E-03 2.72082E-06 3.87958E-04 
3.73342E-03 5.88145E-07 6.31675E-04 
3.34753E-03 1.05181E-07 1.02797E-03 
3.11809E-03 5.25802E-07 1.58385E-03 
3.05085E-03 1.61156E-06 2.14524E-03 
2.99277E-03 3.24509E-06 2.43830E-03 
2.78876E-03 4.97473E-06 2.38246E-03 
5.27045E-02 3.67193E-02 2.13299E-05 
4.77387E-02 2.78104E-02 2.13759E-05 
4.26898E-02 2.05329E-02 2.13682E-05 
3.76578E-02 1.47432E-02 2.13330E-05 
3.27359E-02 1.02832E-02 2.12809E-05 
2.80579E-02 6.96813E-03 2.12637E-05 
2.37572E-02 4.59452E-03 2.13651E-05 
2.07446E-02 3.27090E-03 2.15853E-05 
1.99198E-02 2.95345E-03 2.16814E-05 
1.63542E-02 1.78767E-03 2.24080E-05 
1.33940E-02 1.05753E-03 2.37482E-05 
1.09938E-02 6.12725E-04 2.59878E-05 
9.07629E-03 3.47465E-04 2.95313E-05 
7.57291E-03 1.90793E-04 3.50971E-05 
6.38052E-03 1.00889E-04 4.36524E-05 
5.42374E-03 4.97342E-05 5.68884E-05 
4.64657E-03 2.14378E-05 7.77375E-05 
4.00581E-03 6.49365E-06 1.11345E-04 
3.46983E-03 -7.60676E-07 1.66835E-04 
3.01793E-03 -3.68533E-06 2.60173E-04 
2.64076E-03 -4.27225E-06 4.16917E-04 
2.34580E-03 -3.68952E-06 6.67224E-04 
2.15908E-03 -2.55290E-06 1.00978E-03 
2.07844E-03 -9.78395E-07 1.34164E-03 
2.00137E-03 1.10296E-06 1.49454E-03 
1.83287E-03 3.32537E-06 1.43112E-03 
4.80723E-02 3.57079E-02 1.93279E-05 
4.31929E-02 2.68137E-02 1.91905E-05 
3.82595E-02 1.95972E-02 1.89768E-05 
3.33657E-02 1.38979E-02 1.87056E-05 
2.86200E-02 9.55339E-03 1.83877E-05 
2.41591E-02 6.36543E-03 1.80701E-05 
2.01069E-02 4.11703E-03 1.78213E-05 
1.73083E-02 2.88360E-03 1.77296E-05 
1.65487E-02 2.59079E-03 1.77258E-05 
1.33001E-02 1.52891E-03 1.79008E-05 
1.06586E-02 8.79680E-04 1.85216E-05 
8.56306E-03 4.94003E-04 1.97793E-05 
6.92752E-03 2.69956E-04 2.19384E-05 
5.67222E-03 1.40498E-04 2.54624E-05 
4.69753E-03 6.83923E-05 3.09361E-05 
3.93162E-03 2.85953E-05 3.93994E-05 
3.32152E-03 7.45748E-06 5.26287E-05 
2.82730E-03 -2.98550E-06 7.36827E-05 
2.41999E-03 -7.38142E-06 1.07848E-04 
2.08121E-03 -8.44385E-06 1.64171E-04 
1.80017E-03 -7.77866E-06 2.56342E-04 
1.57797E-03 -6.33117E-06 3.98748E-04 
1.42570E-03 -4.59325E-06 5.84570E-04 
1.33553E-03 -2.57131E-06 7.49361E-04 
1.24495E-03 -7.60104E-08 8.02722E-04 
1.10565E-03 2.55263E-06 7.37893E-04 
4.37157E-02 3.45532E-02 1.74809E-05 
3.89674E-02 2.57307E-02 1.71986E-05 
3.41843E-02 1.86148E-02 1.68216E-05 
2.94661E-02 1.30377E-02 1.63681E-05 
2.49257E-02 8.82859E-03 1.58477E-05 
2.07065E-02 5.78067E-03 1.53067E-05 
1.69215E-02 3.66408E-03 1.48030E-05 
1.43442E-02 2.52230E-03 1.44862E-05 
1.36509E-02 2.25414E-03 1.44108E-05 
1.07222E-02 1.29466E-03 1.41949E-05 
8.39067E-03 7.22503E-04 1.43030E-05 
6.58380E-03 3.91584E-04 1.48579E-05 
5.20629E-03 2.04549E-04 1.60148E-05 
4.17167E-03 9.88721E-05 1.80494E-05 
3.38604E-03 4.20103E-05 2.12706E-05 
2.78092E-03 1.17408E-05 2.62341E-05 
2.30801E-03 -3.48904E-06 3.38714E-05 
1.93172E-03 -1.02592E-05 4.57223E-05 
1.62654E-03 -1.23397E-05 6.42983E-05 
1.37633E-03 -1.19030E-05 9.36250E-05 
1.16999E-03 -1.02319E-05 1.38891E-04 
1.00402E-03 -8.08444E-06 2.03300E-04 
8.78113E-04 -5.83923E-06 2.76530E-04 
7.80520E-04 -3.40618E-06 3.22546E-04 
6.79853E-04 -5.28712E-07 3.07081E-04 
5.63768E-04 2.43426E-06 2.44730E-04 
3.95596E-02 3.32119E-02 1.57534E-05 
3.49903E-02 2.45334E-02 1.53610E-05 
3.03997E-02 1.75699E-02 1.48605E-05 
2.58981E-02 1.21541E-02 1.42736E-05 
2.15965E-02 8.10560E-03 1.36071E-05 
1.76429E-02 5.21243E-03 1.29084E-05 
1.41431E-02 3.23507E-03 1.22300E-05 
1.17944E-02 2.18668E-03 1.17610E-05 
1.11687E-02 1.94319E-03 1.16375E-05 
8.55850E-03 1.08406E-03 1.11589E-05 
6.52737E-03 5.85024E-04 1.09196E-05 
4.99127E-03 3.04335E-04 1.09899E-05 
3.84807E-03 1.50165E-04 1.14431E-05 
3.00702E-03 6.49549E-05 1.24141E-05 
2.38169E-03 2.08848E-05 1.40106E-05 
1.90892E-03 -1.54485E-06 1.64390E-05 
1.54608E-03 -1.19746E-05 2.00201E-05 
1.26250E-03 -1.57841E-05 2.52001E-05 
1.03654E-03 -1.60039E-05 3.25110E-05 
8.53931E-04 -1.43649E-05 4.23605E-05 
7.04303E-04 -1.18851E-05 5.39451E-05 
5.80593E-04 -9.16870E-06 6.26410E-05 
4.74009E-04 -6.49161E-06 5.60270E-05 
3.70044E-04 -3.67958E-06 1.88607E-05 
2.61535E-04 -4.49892E-07 -4.30492E-05 
1.63524E-04 2.78619E-06 -1.00681E-04 
3.55394E-02 3.16277E-02 1.41159E-05 
3.11982E-02 2.31823E-02 1.36448E-05 
2.68515E-02 1.64410E-02 1.30599E-05 
2.26099E-02 1.12350E-02 1.23837E-05 
1.85854E-02 7.37966E-03 1.16232E-05 
1.49245E-02 4.65948E-03 1.08259E-05 
1.17282E-02 2.83013E-03 1.00423E-05 
9.61396E-03 1.87689E-03 9.48185E-06 
9.05629E-03 1.65803E-03 9.32946E-06 
6.76155E-03 8.96955E-04 8.69281E-06 
5.01811E-03 4.66647E-04 8.23720E-06 
3.73209E-03 2.31411E-04 7.99182E-06 
2.79756E-03 1.05901E-04 7.96904E-06 
2.12277E-03 3.79339E-05 8.20120E-06 
1.63015E-03 4.35964E-06 8.65150E-06 
1.26329E-03 -1.17679E-05 9.27781E-06 
9.85979E-04 -1.83870E-05 9.96672E-06 
7.72879E-04 -1.98569E-05 1.03922E-05 
6.06269E-04 -1.86072E-05 9.69337E-06 
4.73890E-04 -1.60176E-05 5.75550E-06 
3.66078E-04 -1.28977E-05 -6.37902E-06 
2.73230E-04 -9.72655E-06 -3.66508E-05 
1.80198E-04 -6.68782E-06 -9.85694E-05 
7.06491E-05 -3.53537E-06 -1.92360E-04 
-4.38873E-05 7.60264E-09 -2.84199E-04 
-1.27821E-04 3.45552E-06 -3.35780E-04 
3.15687E-02 2.97142E-02 1.25314E-05 
2.75117E-02 2.16175E-02 1.20115E-05 
2.34703E-02 1.51919E-02 1.13808E-05 
1.95395E-02 1.02594E-02 1.06568E-05 
1.58367E-02 6.63985E-03 9.85091E-06 
1.25009E-02 4.11692E-03 9.00889E-06 
9.62830E-03 2.44707E-03 8.18040E-06 
7.75547E-03 1.59172E-03 7.58007E-06 
7.26647E-03 1.39760E-03 7.41486E-06 
5.28196E-03 7.32317E-04 6.70369E-06 
3.81135E-03 3.66268E-04 6.13333E-06 
2.75346E-03 1.71723E-04 5.70091E-06 
2.00144E-03 7.08004E-05 5.37299E-06 
1.46622E-03 1.70735E-05 5.10885E-06 
1.08047E-03 -8.09750E-06 4.77125E-06 
7.95695E-04 -1.92885E-05 4.14610E-06 
5.82698E-04 -2.29605E-05 2.82188E-06 
4.21519E-04 -2.26323E-05 -5.49958E-08 
2.98072E-04 -2.02589E-05 -6.29227E-06 
2.02043E-04 -1.69483E-05 -1.96961E-05 
1.24351E-04 -1.33495E-05 -4.79779E-05 
5.36573E-05 -9.83922E-06 -1.04467E-04 
-2.98989E-05 -6.52005E-06 -2.03005E-04 
-1.43681E-04 -3.08690E-06 -3.33186E-04 
-2.62073E-04 7.06442E-07 -4.42457E-04 
-3.34518E-04 4.29158E-06 -4.87086E-04 
2.75524E-02 2.73610E-02 1.09593E-05 
2.38463E-02 1.97641E-02 1.04204E-05 
2.01731E-02 1.37696E-02 9.77845E-06 
1.66137E-02 9.19472E-03 9.04723E-06 
1.32857E-02 5.86786E-03 8.24194E-06 
1.03144E-02 3.57508E-03 7.40507E-06 
7.78970E-03 2.08072E-03 6.58476E-06 
6.16741E-03 1.32794E-03 5.98889E-06 
5.74799E-03 1.15900E-03 5.82416E-06 
4.06940E-03 5.88198E-04 5.10617E-06 
2.85610E-03 2.82318E-04 4.49935E-06 
2.00418E-03 1.24022E-04 3.97726E-06 
1.40961E-03 4.39640E-05 3.47357E-06 
9.89469E-04 1.83787E-06 2.89838E-06 
6.87836E-04 -1.67592E-05 2.05015E-06 
4.65033E-04 -2.41988E-05 6.05061E-07 
2.99128E-04 -2.56812E-05 -2.03612E-06 
1.75299E-04 -2.40511E-05 -7.05565E-06 
8.26954E-05 -2.08939E-05 -1.68408E-05 
1.26451E-05 -1.71088E-05 -3.62088E-05 
-4.34560E-05 -1.32195E-05 -7.44625E-05 
-9.80351E-05 -9.51857E-06 -1.46713E-04 
-1.74058E-04 -6.03903E-06 -2.66442E-04 
-2.89123E-04 -2.43397E-06 -4.16203E-04 
-4.07777E-04 1.49500E-06 -5.32463E-04 
-4.69859E-04 5.10590E-06 -5.69479E-04 
2.34239E-02 2.44747E-02 9.36854E-06 
2.01326E-02 1.75518E-02 8.83699E-06 
1.68865E-02 1.21201E-02 8.21269E-06 
1.37617E-02 8.00494E-03 7.51101E-06 
1.08644E-02 5.04023E-03 6.74776E-06 
8.30273E-03 3.02013E-03 5.96142E-06 
6.15518E-03 1.72316E-03 5.19682E-06 
4.79517E-03 1.08025E-03 4.64354E-06 
4.44683E-03 9.37466E-04 4.49047E-06 
3.07186E-03 4.61572E-04 3.82108E-06 
2.10162E-03 2.12745E-04 3.24004E-06 
1.43506E-03 8.69861E-05 2.70537E-06 
9.75874E-04 2.47045E-05 2.13184E-06 
6.50687E-04 -7.88868E-06 1.40283E-06 
4.15589E-04 -2.14113E-05 2.87786E-07 
2.40171E-04 -2.61152E-05 -1.58689E-06 
1.09410E-04 -2.61184E-05 -4.90306E-06 
1.30983E-05 -2.37073E-05 -1.09785E-05 
-5.68973E-05 -2.01722E-05 -2.24213E-05 
-1.07915E-04 -1.62437E-05 -4.43909E-05 
-1.48022E-04 -1.23412E-05 -8.66164E-05 
-1.89999E-04 -8.68539E-06 -1.64382E-04 
-2.57748E-04 -5.25423E-06 -2.90016E-04 
-3.68088E-04 -1.68670E-06 -4.42541E-04 
-4.80616E-04 2.15907E-06 -5.55276E-04 
-5.32027E-04 5.60586E-06 -5.84206E-04 
1.92260E-02 2.10793E-02 7.76558E-06 
1.63849E-02 1.49830E-02 7.25751E-06 
1.36069E-02 1.02387E-02 6.67246E-06 
1.09633E-02 6.68150E-03 6.02821E-06 
8.53934E-03 4.14754E-03 5.33891E-06 
6.42602E-03 2.44484E-03 4.64052E-06 
4.67974E-03 1.36844E-03 3.96950E-06 
3.59204E-03 8.43870E-04 3.48954E-06 
3.31608E-03 7.28558E-04 3.35720E-06 
2.24125E-03 3.49137E-04 2.78012E-06 
1.50032E-03 1.55295E-04 2.27544E-06 
1.00100E-03 5.93455E-05 1.79533E-06 
6.59976E-04 1.26408E-05 1.25342E-06 
4.16652E-04 -1.17107E-05 5.32781E-07 
2.38448E-04 -2.12585E-05 -5.85204E-07 
1.03721E-04 -2.40844E-05 -2.45426E-06 
3.09174E-06 -2.33317E-05 -5.71515E-06 
-7.00051E-05 -2.07783E-05 -1.15946E-05 
-1.21508E-04 -1.74337E-05 -2.24941E-05 
-1.57475E-04 -1.38656E-05 -4.31157E-05 
-1.84982E-04 -1.03928E-05 -8.22069E-05 
-2.15754E-04 -7.17127E-06 -1.53259E-04 
-2.71468E-04 -4.14798E-06 -2.66442E-04 
-3.66561E-04 -9.93340E-07 -4.01449E-04 
-4.62541E-04 2.38036E-06 -4.98112E-04 
-5.01854E-04 5.34486E-06 -5.18811E-04 
1.51839E-02 1.74278E-02 6.22353E-06 
1.27942E-02 1.22413E-02 5.74893E-06 
1.04896E-02 8.25308E-03 5.21660E-06 
8.33376E-03 5.30645E-03 4.64583E-06 
6.39081E-03 3.24003E-03 4.04995E-06 
4.72846E-03 1.87571E-03 3.45995E-06 
3.38127E-03 1.02945E-03 2.90463E-06 
2.55825E-03 6.24834E-04 2.51472E-06 
2.35170E-03 5.36881E-04 2.40815E-06 
1.55839E-03 2.51341E-04 1.94855E-06 
1.02416E-03 1.08878E-04 1.55233E-06 
6.71139E-04 3.98970E-05 1.17796E-06 
4.32924E-04 6.97386E-06 7.56226E-07 
2.63176E-04 -9.95079E-06 1.96358E-07 
1.38575E-04 -1.62918E-05 -6.65281E-07 
4.42074E-05 -1.79260E-05 -2.09247E-06 
-2.59210E-05 -1.70984E-05 -4.56064E-06 
-7.61688E-05 -1.50673E-05 -8.97620E-06 
-1.10747E-04 -1.25374E-05 -1.71053E-05 
-1.34152E-04 -9.89684E-06 -3.23896E-05 
-1.51649E-04 -7.35666E-06 -6.11948E-05 
-1.71967E-04 -5.01374E-06 -1.13254E-04 
-2.11074E-04 -2.81513E-06 -1.95668E-04 
-2.79274E-04 -5.16036E-07 -2.93164E-04 
-3.47664E-04 1.93190E-06 -3.61875E-04 
-3.73953E-04 4.05874E-06 -3.75052E-04 
---
