PdfType: replica
Format: lhagrid1
---
1.00000E-06 1.28121E-06 1.64152E-06 2.10317E-06 2.69463E-06 3.45242E-06 4.42329E-06 5.66715E-06 7.26076E-06 9.30241E-06 1.19180E-05 1.52689E-05 1.95617E-05 2.50609E-05 3.21053E-05 4.11287E-05 5.26863E-05 6.74889E-05 8.64459E-05 1.10720E-04 1.41800E-04 1.81585E-04 2.32503E-04 2.97652E-04 3.80981E-04 4.87518E-04 6.26039E-04 8.00452E-04 1.02297E-03 1.30657E-03 1.66759E-03 2.12729E-03 2.71054E-03 3.44865E-03 4.37927E-03 5.54908E-03 7.01192E-03 8.83064E-03 1.10763E-02 1.38266E-02 1.71641E-02 2.11717E-02 2.59364E-02 3.15062E-02 3.79623E-02 4.53425E-02 5.36750E-02 6.29705E-02 7.32221E-02 8.44039E-02 9.64793E-02 1.09332E-01 1.23067E-01 1.37507E-01 1.52639E-01 1.68416E-01 1.84794E-01 2.01731E-01 2.19016E-01 2.36948E-01 2.55242E-01 2.73927E-01 2.92954E-01 3.12340E-01 3.32036E-01 3.52019E-01 3.72282E-01 3.92772E-01 4.13533E-01 4.34326E-01 4.55495E-01 4.76836E-01 4.98342E-01 5.20006E-01 5.41818E-01 5.63773E-01 5.85861E-01 6.08077E-01 6.30459E-01 6.52800E-01 6.75387E-01 6.98063E-01 7.20830E-01 7.43683E-01 7.66623E-01 7.89636E-01 8.12791E-01 8.35940E-01 8.59175E-01 8.82485E-01 9.05866E-01 9.29311E-01 9.52817E-01 9.76387E-01 1.00000E+00 
1.14018E+00 1.22539E+00 1.32482E+00 1.44156E+00 1.57954E+00 1.74381E+00 1.94091E+00 2.12132E+00 2.17945E+00 2.49622E+00 2.89383E+00 3.39925E+00 4.05063E+00 4.90286E+00 6.03623E+00 7.57063E+00 9.68869E+00 1.26749E+01 1.69835E+01 2.33578E+01 3.30501E+01 4.82334E+01 7.28041E+01 1.13998E+02 1.85779E+02 3.16228E+02 
908 909 910 
8.41044E-01 4.90613E-02 3.44739E-01 
8.56042E-01 5.79475E-02 4.05090E-01 
8.89644E-01 7.42127E-02 4.81383E-01 
9.50906E-01 9.88660E-02 5.78640E-01 
1.03399E+00 1.28788E-01 7.04883E-01 
1.14279E+00 1.64758E-01 8.73245E-01 
1.28169E+00 2.07593E-01 1.09934E+00 
1.41228E+00 2.45877E-01 1.32820E+00 
1.45497E+00 2.58047E-01 1.40793E+00 
1.68682E+00 3.21965E-01 1.87725E+00 
1.97271E+00 3.96769E-01 2.56467E+00 
2.32141E+00 4.83215E-01 3.59649E+00 
2.74223E+00 5.82751E-01 5.18144E+00 
3.24493E+00 7.52695E-01 7.70769E+00 
3.84609E+00 8.92481E-01 1.18629E+01 
4.57403E+00 1.04860E+00 1.89009E+01 
5.45037E+00 1.22206E+00 3.12961E+01 
6.49925E+00 1.41324E+00 5.39463E+01 
7.75162E+00 1.62319E+00 9.68055E+01 
9.25318E+00 1.85457E+00 1.80572E+02 
1.10944E+01 2.11705E+00 3.46461E+02 
1.35223E+01 2.44550E+00 6.64512E+02 
1.72017E+01 2.93678E+00 1.20846E+03 
2.31646E+01 3.71945E+00 1.93820E+03 
3.13199E+01 4.71130E+00 2.61433E+03 
3.99862E+01 5.61450E+00 3.03774E+03 
1.56562E+00 9.07751E-02 5.79168E-01 
1.59451E+00 1.07683E-01 6.80220E-01 
1.65873E+00 1.38605E-01 8.08018E-01 
1.77530E+00 1.85488E-01 9.71893E-01 
1.93272E+00 2.42212E-01 1.18530E+00 
2.13780E+00 3.10165E-01 1.46738E+00 
2.39850E+00 3.90853E-01 1.84670E+00 
2.64347E+00 4.62899E-01 2.23200E+00 
2.72309E+00 4.85689E-01 2.36468E+00 
3.15615E+00 6.05504E-01 3.15380E+00 
3.68867E+00 7.45205E-01 4.30780E+00 
4.33657E+00 9.06368E-01 6.04082E+00 
5.11729E+00 1.09051E+00 8.70972E+00 
6.04951E+00 1.40611E+00 1.29485E+01 
7.16160E+00 1.66305E+00 1.99062E+01 
8.50607E+00 1.94961E+00 3.17213E+01 
1.01203E+01 2.26677E+00 5.25178E+01 
1.20486E+01 2.61538E+00 9.05498E+01 
1.43459E+01 2.99683E+00 1.62593E+02 
1.70931E+01 3.41568E+00 3.03318E+02 
2.04542E+01 3.88944E+00 5.81560E+02 
2.48822E+01 4.48195E+00 1.11570E+03 
3.15943E+01 5.36970E+00 2.02988E+03 
4.24623E+01 6.78418E+00 3.25489E+03 
5.73002E+01 8.57290E+00 4.39037E+03 
7.30130E+01 1.01918E+01 5.10085E+03 
1.48496E+00 8.54219E-02 4.84855E-01 
1.51368E+00 1.01967E-01 5.69313E-01 
1.57693E+00 1.32179E-01 6.76430E-01 
1.69033E+00 1.77734E-01 8.13477E-01 
1.84271E+00 2.32713E-01 9.92181E-01 
2.04028E+00 2.98377E-01 1.22816E+00 
2.29020E+00 3.76069E-01 1.54536E+00 
2.52444E+00 4.45254E-01 1.86798E+00 
2.60029E+00 4.67068E-01 1.97837E+00 
3.01257E+00 5.81614E-01 2.63864E+00 
3.51779E+00 7.14608E-01 3.60339E+00 
4.13058E+00 8.67435E-01 5.05258E+00 
4.86715E+00 1.04121E+00 7.28768E+00 
5.74727E+00 1.33894E+00 1.08328E+01 
6.79424E+00 1.57905E+00 1.66455E+01 
8.05617E+00 1.84578E+00 2.65211E+01 
9.56672E+00 2.13972E+00 4.39093E+01 
1.13658E+01 2.46144E+00 7.56923E+01 
1.35031E+01 2.81199E+00 1.35927E+02 
1.60520E+01 3.19532E+00 2.53558E+02 
1.91631E+01 3.62751E+00 4.86063E+02 
2.32552E+01 4.16737E+00 9.32291E+02 
2.94580E+01 4.97786E+00 1.69635E+03 
3.94953E+01 6.27023E+00 2.71977E+03 
5.31667E+01 7.89974E+00 3.66828E+03 
6.75813E+01 9.36337E+00 4.26148E+03 
1.40202E+00 7.99670E-02 4.03906E-01 
1.43057E+00 9.61381E-02 4.74180E-01 
1.49253E+00 1.25511E-01 5.63335E-01 
1.60252E+00 1.69616E-01 6.77394E-01 
1.74926E+00 2.22666E-01 8.25872E-01 
1.93874E+00 2.85858E-01 1.02251E+00 
2.17725E+00 3.60330E-01 1.28630E+00 
2.40012E+00 4.26446E-01 1.55491E+00 
2.47219E+00 4.47264E-01 1.64692E+00 
2.86267E+00 5.56208E-01 2.19574E+00 
3.33968E+00 6.82195E-01 2.99863E+00 
3.91622E+00 8.26313E-01 4.20303E+00 
4.60708E+00 9.89410E-01 6.06038E+00 
5.43398E+00 1.26886E+00 9.01035E+00 
6.41500E+00 1.49205E+00 1.38480E+01 
7.59302E+00 1.73878E+00 2.20552E+01 
8.99904E+00 2.00958E+00 3.65159E+01 
1.06683E+01 2.30465E+00 6.29291E+01 
1.26457E+01 2.62475E+00 1.12995E+02 
1.49976E+01 2.97337E+00 2.10747E+02 
1.78618E+01 3.36515E+00 4.04042E+02 
2.16230E+01 3.85400E+00 7.74761E+02 
2.73226E+01 4.58927E+00 1.40946E+03 
3.65418E+01 5.76303E+00 2.25967E+03 
4.90693E+01 7.23855E+00 3.04750E+03 
6.22192E+01 8.55361E+00 3.54013E+03 
1.32369E+00 7.48118E-02 3.36235E-01 
1.35220E+00 9.06743E-02 3.94726E-01 
1.41282E+00 1.19211E-01 4.68705E-01 
1.51955E+00 1.61950E-01 5.63700E-01 
1.66099E+00 2.13178E-01 6.87246E-01 
1.84252E+00 2.73953E-01 8.50447E-01 
2.07014E+00 3.45341E-01 1.06973E+00 
2.28215E+00 4.08513E-01 1.29323E+00 
2.35051E+00 4.28353E-01 1.36953E+00 
2.72037E+00 5.31957E-01 1.82605E+00 
3.17040E+00 6.51196E-01 2.49297E+00 
3.71271E+00 7.87023E-01 3.49436E+00 
4.36049E+00 9.40054E-01 5.03750E+00 
5.13646E+00 1.20218E+00 7.48564E+00 
6.05489E+00 1.40921E+00 1.15061E+01 
7.15403E+00 1.63720E+00 1.83251E+01 
8.46146E+00 1.88631E+00 3.03294E+01 
1.00093E+01 2.15656E+00 5.22783E+01 
1.18372E+01 2.44841E+00 9.38478E+01 
1.40054E+01 2.76490E+00 1.75034E+02 
1.66394E+01 3.11936E+00 3.35481E+02 
2.00943E+01 3.56139E+00 6.43439E+02 
2.53277E+01 4.22756E+00 1.17040E+03 
3.37882E+01 5.29215E+00 1.87617E+03 
4.52577E+01 6.62645E+00 2.53016E+03 
5.72432E+01 7.80623E+00 2.93913E+03 
1.24974E+00 6.99366E-02 2.79533E-01 
1.27827E+00 8.55292E-02 3.28201E-01 
1.33763E+00 1.13278E-01 3.89641E-01 
1.44108E+00 1.54686E-01 4.68437E-01 
1.57747E+00 2.04180E-01 5.71188E-01 
1.75152E+00 2.62670E-01 7.06854E-01 
1.96864E+00 3.31076E-01 8.88828E-01 
2.17013E+00 3.91396E-01 1.07431E+00 
2.23502E+00 4.10310E-01 1.13772E+00 
2.58509E+00 5.08768E-01 1.51675E+00 
3.00959E+00 6.21581E-01 2.07073E+00 
3.51929E+00 7.49461E-01 2.90174E+00 
4.12641E+00 8.92937E-01 4.18394E+00 
4.85427E+00 1.13837E+00 6.21652E+00 
5.71323E+00 1.33036E+00 9.55071E+00 
6.73814E+00 1.54083E+00 1.52152E+01 
7.95303E+00 1.76967E+00 2.51781E+01 
9.38689E+00 2.01678E+00 4.33937E+01 
1.10752E+01 2.28242E+00 7.78957E+01 
1.30723E+01 2.56923E+00 1.45286E+02 
1.54925E+01 2.88934E+00 2.78429E+02 
1.86623E+01 3.28820E+00 5.33932E+02 
2.34638E+01 3.89091E+00 9.71276E+02 
3.12224E+01 4.85533E+00 1.55698E+03 
4.17146E+01 6.06036E+00 2.09969E+03 
5.26282E+01 7.11697E+00 2.43909E+03 
1.17995E+00 6.53313E-02 2.32150E-01 
1.20833E+00 8.06129E-02 2.72520E-01 
1.26672E+00 1.07697E-01 3.23606E-01 
1.36706E+00 1.47843E-01 3.88939E-01 
1.49845E+00 1.95645E-01 4.74120E-01 
1.66524E+00 2.51923E-01 5.86665E-01 
1.87241E+00 3.17494E-01 7.37823E-01 
2.06384E+00 3.75075E-01 8.91572E-01 
2.12539E+00 3.93093E-01 9.44268E-01 
2.45663E+00 4.86625E-01 1.25876E+00 
2.85679E+00 5.93278E-01 1.71847E+00 
3.33558E+00 7.13549E-01 2.40772E+00 
3.90402E+00 8.47819E-01 3.47060E+00 
4.58648E+00 1.07767E+00 5.15814E+00 
5.38933E+00 1.25544E+00 7.92321E+00 
6.34397E+00 1.44940E+00 1.26200E+01 
7.47215E+00 1.65930E+00 2.08893E+01 
8.79915E+00 1.88488E+00 3.59897E+01 
1.03573E+01 2.12622E+00 6.46232E+01 
1.21948E+01 2.38561E+00 1.20495E+02 
1.44167E+01 2.67416E+00 2.30976E+02 
1.73225E+01 3.03345E+00 4.42918E+02 
2.17232E+01 3.57781E+00 8.05673E+02 
2.88321E+01 4.45030E+00 1.29154E+03 
3.84219E+01 5.53700E+00 1.74177E+03 
4.83499E+01 6.48175E+00 2.02345E+03 
1.11409E+00 6.09816E-02 1.92642E-01 
1.14234E+00 7.59801E-02 2.26070E-01 
1.19973E+00 1.02413E-01 2.68410E-01 
1.29719E+00 1.41384E-01 3.22662E-01 
1.42378E+00 1.87574E-01 3.93243E-01 
1.58361E+00 2.41734E-01 4.86554E-01 
1.78110E+00 3.04548E-01 6.11804E-01 
1.96299E+00 3.59508E-01 7.39415E-01 
2.02128E+00 3.76651E-01 7.82905E-01 
2.33445E+00 4.65429E-01 1.04349E+00 
2.71145E+00 5.66174E-01 1.42459E+00 
3.16101E+00 6.79234E-01 1.99619E+00 
3.69298E+00 8.04708E-01 2.87717E+00 
4.33225E+00 1.01983E+00 4.27627E+00 
5.08221E+00 1.18422E+00 6.56978E+00 
5.97070E+00 1.36269E+00 1.04623E+01 
7.01729E+00 1.55491E+00 1.73181E+01 
8.24447E+00 1.76046E+00 2.98401E+01 
9.68091E+00 1.97931E+00 5.35799E+01 
1.13702E+01 2.21343E+00 9.99152E+01 
1.34077E+01 2.47293E+00 1.91506E+02 
1.60688E+01 2.79595E+00 3.67276E+02 
2.00990E+01 3.28687E+00 6.68118E+02 
2.66065E+01 4.07500E+00 1.07107E+03 
3.53639E+01 5.05362E+00 1.44458E+03 
4.43866E+01 5.89687E+00 1.67840E+03 
1.05196E+00 5.68738E-02 1.59659E-01 
1.08025E+00 7.16644E-02 1.87388E-01 
1.13652E+00 9.74241E-02 2.22390E-01 
1.23121E+00 1.35280E-01 2.67399E-01 
1.35315E+00 1.79926E-01 3.25860E-01 
1.50630E+00 2.32054E-01 4.03260E-01 
1.69458E+00 2.92228E-01 5.07070E-01 
1.86722E+00 3.44648E-01 6.12678E-01 
1.92257E+00 3.60988E-01 6.48987E-01 
2.21856E+00 4.45219E-01 8.64889E-01 
2.57353E+00 5.40309E-01 1.18078E+00 
2.99528E+00 6.46465E-01 1.65433E+00 
3.49267E+00 7.63617E-01 2.38414E+00 
4.09102E+00 9.64677E-01 3.54356E+00 
4.79095E+00 1.11651E+00 5.44433E+00 
5.61726E+00 1.28048E+00 8.67135E+00 
6.58725E+00 1.45620E+00 1.43521E+01 
7.72105E+00 1.64315E+00 2.47350E+01 
9.04396E+00 1.84118E+00 4.44070E+01 
1.05954E+01 2.05204E+00 8.28312E+01 
1.24620E+01 2.28490E+00 1.58778E+02 
1.48964E+01 2.57467E+00 3.04493E+02 
1.85839E+01 3.01666E+00 5.53982E+02 
2.45358E+01 3.72757E+00 8.88207E+02 
3.25256E+01 4.60752E+00 1.19809E+03 
4.07167E+01 5.35871E+00 1.39220E+03 
9.93396E-01 5.29999E-02 1.32236E-01 
1.02163E+00 6.75695E-02 1.55219E-01 
1.07711E+00 9.27809E-02 1.84241E-01 
1.16891E+00 1.29529E-01 2.21473E-01 
1.28648E+00 1.72709E-01 2.69972E-01 
1.43306E+00 2.22850E-01 3.33938E-01 
1.61252E+00 2.80490E-01 4.20041E-01 
1.77635E+00 3.30476E-01 5.07483E-01 
1.82872E+00 3.46008E-01 5.37511E-01 
2.10837E+00 4.25878E-01 7.16458E-01 
2.44239E+00 5.15564E-01 9.78157E-01 
2.83786E+00 6.15167E-01 1.37058E+00 
3.30273E+00 7.24600E-01 1.97568E+00 
3.86219E+00 9.12273E-01 2.93555E+00 
4.51487E+00 1.05217E+00 4.51096E+00 
5.28261E+00 1.20256E+00 7.18494E+00 
6.18081E+00 1.36289E+00 1.18935E+01 
7.22724E+00 1.53258E+00 2.04978E+01 
8.44449E+00 1.71139E+00 3.68095E+01 
9.86760E+00 1.90081E+00 6.86528E+01 
1.15758E+01 2.10928E+00 1.31626E+02 
1.38010E+01 2.36870E+00 2.52486E+02 
1.71711E+01 2.76586E+00 4.59382E+02 
2.26099E+01 3.40613E+00 7.36625E+02 
2.98921E+01 4.19606E+00 9.93757E+02 
3.73205E+01 4.86397E+00 1.15498E+03 
9.38194E-01 4.93447E-02 1.09494E-01 
9.66301E-01 6.36895E-02 1.28492E-01 
1.02114E+00 8.84256E-02 1.52587E-01 
1.11014E+00 1.24111E-01 1.83360E-01 
1.22340E+00 1.65867E-01 2.23521E-01 
1.36382E+00 2.14135E-01 2.76588E-01 
1.53463E+00 2.69300E-01 3.47752E-01 
1.69009E+00 3.16951E-01 4.20283E-01 
1.73965E+00 3.31716E-01 4.45068E-01 
2.00359E+00 4.07370E-01 5.93179E-01 
2.31767E+00 4.91874E-01 8.09878E-01 
2.68821E+00 5.85191E-01 1.13507E+00 
3.12232E+00 6.87149E-01 1.63647E+00 
3.64518E+00 8.62191E-01 2.43225E+00 
4.25314E+00 9.90992E-01 3.73685E+00 
4.96588E+00 1.12871E+00 5.95388E+00 
5.79671E+00 1.27472E+00 9.85472E+00 
6.76156E+00 1.42840E+00 1.69889E+01 
7.88019E+00 1.58945E+00 3.05063E+01 
9.18443E+00 1.75922E+00 5.69152E+01 
1.07459E+01 1.94534E+00 1.09126E+02 
1.27772E+01 2.17700E+00 2.09359E+02 
1.58543E+01 2.53323E+00 3.80991E+02 
2.08198E+01 3.10898E+00 6.11043E+02 
2.74508E+01 3.81695E+00 8.24510E+02 
3.41799E+01 4.40957E+00 9.58479E+02 
8.86249E-01 4.59101E-02 9.06593E-02 
9.14216E-01 6.00533E-02 1.06353E-01 
9.68258E-01 8.42806E-02 1.26311E-01 
1.05477E+00 1.19023E-01 1.51835E-01 
1.16382E+00 1.59409E-01 1.85046E-01 
1.29816E+00 2.05844E-01 2.28962E-01 
1.46089E+00 2.58667E-01 2.88028E-01 
1.60820E+00 3.04046E-01 3.47998E-01 
1.65512E+00 3.18079E-01 3.68631E-01 
1.90419E+00 3.89728E-01 4.91387E-01 
2.19926E+00 4.69247E-01 6.70815E-01 
2.54615E+00 5.56536E-01 9.40259E-01 
2.95107E+00 6.51350E-01 1.35528E+00 
3.43927E+00 8.14564E-01 2.01497E+00 
4.00520E+00 9.32929E-01 3.09663E+00 
4.66609E+00 1.05876E+00 4.93328E+00 
5.43393E+00 1.19144E+00 8.16842E+00 
6.32252E+00 1.33030E+00 1.40821E+01 
7.34960E+00 1.47501E+00 2.52923E+01 
8.54327E+00 1.62672E+00 4.71927E+01 
9.96895E+00 1.79243E+00 9.05062E+01 
1.18213E+01 1.99879E+00 1.73666E+02 
1.46281E+01 2.31767E+00 3.16086E+02 
1.91564E+01 2.83447E+00 5.07043E+02 
2.51883E+01 3.46788E+00 6.84339E+02 
3.12771E+01 3.99256E+00 7.95730E+02 
8.37333E-01 4.26758E-02 7.50492E-02 
8.65356E-01 5.67045E-02 8.80797E-02 
9.18811E-01 8.05132E-02 1.04602E-01 
1.00257E+00 1.14248E-01 1.25696E-01 
1.10759E+00 1.53326E-01 1.53248E-01 
1.23611E+00 1.98002E-01 1.89620E-01 
1.39090E+00 2.48532E-01 2.38510E-01 
1.53051E+00 2.91744E-01 2.88237E-01 
1.57484E+00 3.05062E-01 3.05273E-01 
1.80965E+00 3.72831E-01 4.06981E-01 
2.08674E+00 4.47611E-01 5.55706E-01 
2.41122E+00 5.29223E-01 7.78934E-01 
2.78874E+00 6.17332E-01 1.12305E+00 
3.24398E+00 7.69256E-01 1.66936E+00 
3.77022E+00 8.77785E-01 2.56634E+00 
4.38243E+00 9.92515E-01 4.08832E+00 
5.09129E+00 1.11280E+00 6.77176E+00 
5.90879E+00 1.23796E+00 1.16750E+01 
6.85055E+00 1.36760E+00 2.09748E+01 
7.94185E+00 1.50278E+00 3.91444E+01 
9.24190E+00 1.64987E+00 7.50821E+01 
1.09290E+01 1.83319E+00 1.44104E+02 
1.34868E+01 2.11807E+00 2.62352E+02 
1.76121E+01 2.58111E+00 4.20937E+02 
2.30931E+01 3.14677E+00 5.68265E+02 
2.85959E+01 3.61023E+00 6.60953E+02 
7.91303E-01 3.96354E-02 6.20974E-02 
8.19313E-01 5.35367E-02 7.29120E-02 
8.72072E-01 7.69238E-02 8.65732E-02 
9.53382E-01 1.09773E-01 1.04073E-01 
1.05445E+00 1.47586E-01 1.26886E-01 
1.17741E+00 1.90574E-01 1.57066E-01 
1.32451E+00 2.38884E-01 1.97484E-01 
1.45675E+00 2.80007E-01 2.38769E-01 
1.49860E+00 2.92640E-01 2.52834E-01 
1.71978E+00 3.56671E-01 3.37079E-01 
1.97974E+00 4.26912E-01 4.60346E-01 
2.28302E+00 5.03117E-01 6.45267E-01 
2.63467E+00 5.84867E-01 9.30751E-01 
3.05886E+00 7.26051E-01 1.38374E+00 
3.54770E+00 8.25406E-01 2.12739E+00 
4.11428E+00 9.29814E-01 3.39051E+00 
4.76780E+00 1.03859E+00 5.61491E+00 
5.51902E+00 1.15108E+00 9.68501E+00 
6.38150E+00 1.26688E+00 1.73994E+01 
7.37791E+00 1.38694E+00 3.24783E+01 
8.56198E+00 1.51706E+00 6.23179E+01 
1.00966E+01 1.67942E+00 1.19623E+02 
1.24244E+01 1.93332E+00 2.17849E+02 
1.61792E+01 2.34749E+00 3.49643E+02 
2.11542E+01 2.85167E+00 4.72154E+02 
2.61212E+01 3.26005E+00 5.49334E+02 
7.48106E-01 3.68008E-02 5.14328E-02 
7.75977E-01 5.05585E-02 6.03772E-02 
8.28189E-01 7.35910E-02 7.17014E-02 
9.07085E-01 1.05597E-01 8.61969E-02 
1.00432E+00 1.42193E-01 1.05092E-01 
1.12180E+00 1.83536E-01 1.30080E-01 
1.26164E+00 2.29724E-01 1.63631E-01 
1.38671E+00 2.68816E-01 1.97786E-01 
1.42628E+00 2.80805E-01 2.09526E-01 
1.63451E+00 3.41270E-01 2.79366E-01 
1.87821E+00 4.07160E-01 3.81599E-01 
2.16133E+00 4.78153E-01 5.34866E-01 
2.48848E+00 5.53851E-01 7.71510E-01 
2.88335E+00 6.84975E-01 1.14726E+00 
3.33684E+00 7.75687E-01 1.76383E+00 
3.86059E+00 8.70462E-01 2.81211E+00 
4.46247E+00 9.68570E-01 4.65810E+00 
5.15192E+00 1.06938E+00 8.03527E+00 
5.94097E+00 1.17249E+00 1.44435E+01 
6.84945E+00 1.27872E+00 2.69653E+01 
7.92638E+00 1.39342E+00 5.17488E+01 
9.32073E+00 1.53679E+00 9.93709E+01 
1.14366E+01 1.76252E+00 1.80999E+02 
1.48502E+01 2.13221E+00 2.90590E+02 
1.93608E+01 2.58071E+00 3.92549E+02 
2.38384E+01 2.93963E+00 4.56876E+02 
7.07613E-01 3.41643E-02 4.26106E-02 
7.35402E-01 4.78333E-02 5.00151E-02 
7.87148E-01 7.05727E-02 5.94046E-02 
8.63617E-01 1.01740E-01 7.14311E-02 
9.57074E-01 1.37148E-01 8.70855E-02 
1.06922E+00 1.76890E-01 1.07775E-01 
1.20208E+00 2.21034E-01 1.35643E-01 
1.32027E+00 2.58164E-01 1.63921E-01 
1.35756E+00 2.69507E-01 1.73640E-01 
1.55343E+00 3.26540E-01 2.31589E-01 
1.78160E+00 3.88254E-01 3.16301E-01 
2.04577E+00 4.54317E-01 4.43533E-01 
2.34985E+00 5.24223E-01 6.39788E-01 
2.71703E+00 6.45848E-01 9.51721E-01 
3.13730E+00 7.28539E-01 1.46338E+00 
3.62079E+00 8.14324E-01 2.33317E+00 
4.17450E+00 9.02564E-01 3.86649E+00 
4.80638E+00 9.92593E-01 6.66995E+00 
5.52706E+00 1.08405E+00 1.19922E+01 
6.35441E+00 1.17770E+00 2.23993E+01 
7.33253E+00 1.27841E+00 4.29955E+01 
8.59761E+00 1.40455E+00 8.25890E+01 
1.05191E+01 1.60478E+00 1.50494E+02 
1.36186E+01 1.93405E+00 2.41688E+02 
1.77032E+01 2.33216E+00 3.26603E+02 
2.17344E+01 2.64674E+00 3.80273E+02 
6.69688E-01 3.17252E-02 3.53043E-02 
6.97294E-01 4.52940E-02 4.14400E-02 
7.48705E-01 6.78051E-02 4.92281E-02 
8.22724E-01 9.81666E-02 5.91950E-02 
9.12540E-01 1.32440E-01 7.21916E-02 
1.01954E+00 1.70642E-01 8.93442E-02 
1.14555E+00 2.12778E-01 1.12431E-01 
1.25722E+00 2.48027E-01 1.35920E-01 
1.29236E+00 2.58757E-01 1.43964E-01 
1.47636E+00 3.12470E-01 1.92010E-01 
1.68986E+00 3.70189E-01 2.62304E-01 
1.93604E+00 4.31548E-01 3.67896E-01 
2.21839E+00 4.96100E-01 5.30806E-01 
2.55934E+00 6.08705E-01 7.89630E-01 
2.94846E+00 6.83847E-01 1.21482E+00 
3.39427E+00 7.61271E-01 1.93708E+00 
3.90290E+00 8.40351E-01 3.21099E+00 
4.48128E+00 9.20467E-01 5.54117E+00 
5.13866E+00 1.00127E+00 9.96458E+00 
5.89090E+00 1.08347E+00 1.86147E+01 
6.77801E+00 1.17149E+00 3.57478E+01 
7.92418E+00 1.28206E+00 6.86879E+01 
9.66650E+00 1.45915E+00 1.25209E+02 
1.24780E+01 1.75183E+00 2.01170E+02 
1.61724E+01 2.10441E+00 2.71964E+02 
1.97966E+01 2.37933E+00 3.16792E+02 
6.34209E-01 2.94920E-02 2.92610E-02 
6.61631E-01 4.29780E-02 3.43572E-02 
7.12621E-01 6.52696E-02 4.08045E-02 
7.84323E-01 9.48925E-02 4.90608E-02 
8.70542E-01 1.28062E-01 5.98447E-02 
9.72602E-01 1.64773E-01 7.40988E-02 
1.09198E+00 2.04960E-01 9.32179E-02 
1.19738E+00 2.38386E-01 1.12727E-01 
1.23048E+00 2.48535E-01 1.19416E-01 
1.40321E+00 2.99066E-01 1.59295E-01 
1.60273E+00 3.52963E-01 2.17674E-01 
1.83188E+00 4.09840E-01 3.05293E-01 
2.09373E+00 4.69053E-01 4.40606E-01 
2.40997E+00 5.73274E-01 6.55514E-01 
2.76968E+00 6.41431E-01 1.00866E+00 
3.18018E+00 7.11097E-01 1.60896E+00 
3.64679E+00 7.81737E-01 2.66754E+00 
4.17551E+00 8.52757E-01 4.60606E+00 
4.77428E+00 9.23841E-01 8.28487E+00 
5.45725E+00 9.95631E-01 1.54843E+01 
6.26053E+00 1.07219E+00 2.97443E+01 
7.29751E+00 1.16871E+00 5.71763E+01 
8.87541E+00 1.32490E+00 1.04266E+02 
1.14222E+01 1.58442E+00 1.67595E+02 
1.47598E+01 1.89596E+00 2.26682E+02 
1.80132E+01 2.13545E+00 2.64168E+02 
6.01114E-01 2.74726E-02 2.42632E-02 
6.28339E-01 4.08984E-02 2.84881E-02 
6.79067E-01 6.30752E-02 3.38434E-02 
7.48390E-01 9.19509E-02 4.07050E-02 
8.31033E-01 1.24031E-01 4.96392E-02 
9.28239E-01 1.59277E-01 6.14688E-02 
1.04130E+00 1.97593E-01 7.73567E-02 
1.14062E+00 2.29246E-01 9.35361E-02 
1.17171E+00 2.38817E-01 9.90724E-02 
1.33368E+00 2.86278E-01 1.32201E-01 
1.51999E+00 3.36543E-01 1.80714E-01 
1.73301E+00 3.89148E-01 2.53490E-01 
1.97560E+00 4.43798E-01 3.65899E-01 
2.26857E+00 5.39856E-01 5.44629E-01 
2.60064E+00 6.01277E-01 8.38317E-01 
2.97813E+00 6.63737E-01 1.33761E+00 
3.40552E+00 7.26569E-01 2.21781E+00 
3.88806E+00 7.89235E-01 3.83139E+00 
4.43258E+00 8.51448E-01 6.89283E+00 
5.05163E+00 9.13804E-01 1.28892E+01 
5.77789E+00 9.80027E-01 2.47703E+01 
6.71460E+00 1.06390E+00 4.76347E+01 
8.14175E+00 1.20123E+00 8.69116E+01 
1.04458E+01 1.43078E+00 1.39766E+02 
1.34567E+01 1.70534E+00 1.89136E+02 
1.63732E+01 1.91329E+00 2.20532E+02 
5.70329E-01 2.56769E-02 2.01363E-02 
5.97395E-01 3.90938E-02 2.36432E-02 
6.47775E-01 6.11801E-02 2.80815E-02 
7.14742E-01 8.93285E-02 3.37792E-02 
7.93901E-01 1.20355E-01 4.11999E-02 
8.86362E-01 1.54177E-01 5.10222E-02 
9.93301E-01 1.90656E-01 6.42280E-02 
1.08678E+00 2.20595E-01 7.76567E-02 
1.11601E+00 2.29613E-01 8.22773E-02 
1.26766E+00 2.74110E-01 1.09778E-01 
1.44133E+00 3.20839E-01 1.50083E-01 
1.63923E+00 3.69347E-01 2.10663E-01 
1.86361E+00 4.19334E-01 3.04079E-01 
2.13458E+00 5.07940E-01 4.52700E-01 
2.44072E+00 5.63234E-01 6.96938E-01 
2.78739E+00 6.19027E-01 1.11266E+00 
3.17832E+00 6.74666E-01 1.84590E+00 
3.61799E+00 7.29683E-01 3.18929E+00 
4.11239E+00 7.83824E-01 5.74131E+00 
4.67254E+00 8.37651E-01 1.07383E+01 
5.32806E+00 8.94578E-01 2.06479E+01 
6.17291E+00 9.67102E-01 3.97299E+01 
7.46167E+00 1.08742E+00 7.25219E+01 
9.54364E+00 1.28994E+00 1.16693E+02 
1.22563E+01 1.53130E+00 1.58007E+02 
1.48665E+01 1.71118E+00 1.84340E+02 
5.41756E-01 2.41308E-02 1.67125E-02 
5.68502E-01 3.75032E-02 1.96268E-02 
6.18742E-01 5.96264E-02 2.33113E-02 
6.83295E-01 8.70554E-02 2.80453E-02 
7.59005E-01 1.17043E-01 3.42114E-02 
8.46826E-01 1.49460E-01 4.23698E-02 
9.47840E-01 1.84159E-01 5.33468E-02 
1.03574E+00 2.12426E-01 6.45214E-02 
1.06313E+00 2.20902E-01 6.83475E-02 
1.20498E+00 2.62547E-01 9.12286E-02 
1.36668E+00 3.05900E-01 1.24730E-01 
1.55018E+00 3.50575E-01 1.75106E-01 
1.75749E+00 3.95804E-01 2.52898E-01 
2.00782E+00 4.77502E-01 3.76636E-01 
2.28960E+00 5.27237E-01 5.79993E-01 
2.60738E+00 5.76829E-01 9.26175E-01 
2.96439E+00 6.25858E-01 1.53750E+00 
3.36439E+00 6.73891E-01 2.65732E+00 
3.81254E+00 7.20708E-01 4.78724E+00 
4.31851E+00 7.66842E-01 8.95746E+00 
4.90905E+00 8.15418E-01 1.72317E+01 
5.66969E+00 8.77759E-01 3.31730E+01 
6.83195E+00 9.82807E-01 6.05940E+01 
8.71059E+00 1.16099E+00 9.75625E+01 
1.11511E+01 1.37254E+00 1.32185E+02 
1.34833E+01 1.52755E+00 1.54311E+02 
5.15328E-01 2.28617E-02 1.38789E-02 
5.41555E-01 3.61400E-02 1.62995E-02 
5.91807E-01 5.84171E-02 1.93658E-02 
6.53937E-01 8.51535E-02 2.32962E-02 
7.26258E-01 1.14117E-01 2.84277E-02 
8.09567E-01 1.45158E-01 3.52138E-02 
9.04788E-01 1.78092E-01 4.43320E-02 
9.87338E-01 2.04739E-01 5.36397E-02 
1.01302E+00 2.12708E-01 5.68270E-02 
1.14550E+00 2.51591E-01 7.58742E-02 
1.29586E+00 2.91734E-01 1.03776E-01 
1.46574E+00 3.32710E-01 1.45681E-01 
1.65707E+00 3.74212E-01 2.10519E-01 
1.88791E+00 4.48941E-01 3.13691E-01 
2.14690E+00 4.93210E-01 4.83298E-01 
2.43775E+00 5.37067E-01 7.72119E-01 
2.76318E+00 5.80013E-01 1.28200E+00 
3.12640E+00 6.21662E-01 2.21684E+00 
3.53183E+00 6.61836E-01 3.99525E+00 
3.98807E+00 7.01055E-01 7.48206E+00 
4.51915E+00 7.42169E-01 1.44009E+01 
5.20279E+00 7.95416E-01 2.77404E+01 
6.24926E+00 8.86758E-01 5.07025E+01 
7.94195E+00 1.04305E+00 8.16912E+01 
1.01344E+01 1.22791E+00 1.10759E+02 
1.22149E+01 1.36093E+00 1.29388E+02 
4.90987E-01 2.18989E-02 1.15404E-02 
5.16700E-01 3.51102E-02 1.35496E-02 
5.66952E-01 5.76373E-02 1.61024E-02 
6.26639E-01 8.36660E-02 1.93711E-02 
6.95553E-01 1.11601E-01 2.36379E-02 
7.74449E-01 1.41278E-01 2.92907E-02 
8.64116E-01 1.72491E-01 3.68873E-02 
9.41467E-01 1.97547E-01 4.46282E-02 
9.65468E-01 2.05003E-01 4.72836E-02 
1.08898E+00 2.41202E-01 6.31432E-02 
1.22856E+00 2.78230E-01 8.63890E-02 
1.38573E+00 3.15702E-01 1.21361E-01 
1.56194E+00 3.53271E-01 1.75415E-01 
1.77447E+00 4.21765E-01 2.61496E-01 
2.01208E+00 4.61034E-01 4.03069E-01 
2.27782E+00 4.99597E-01 6.44254E-01 
2.57405E+00 5.36980E-01 1.07057E+00 
2.90329E+00 5.72818E-01 1.85246E+00 
3.26935E+00 6.06985E-01 3.33990E+00 
3.67987E+00 6.39992E-01 6.25757E+00 
4.15654E+00 6.74449E-01 1.20539E+01 
4.76988E+00 7.19598E-01 2.32358E+01 
5.71060E+00 7.98678E-01 4.24988E+01 
7.23361E+00 9.35341E-01 6.85251E+01 
9.20028E+00 1.09637E+00 9.29796E+01 
1.10528E+01 1.20998E+00 1.08697E+02 
4.68624E-01 2.12620E-02 9.60281E-03 
4.93915E-01 3.44683E-02 1.12745E-02 
5.43995E-01 5.72925E-02 1.33979E-02 
6.01270E-01 8.26191E-02 1.61242E-02 
6.66801E-01 1.09520E-01 1.96760E-02 
7.41345E-01 1.37835E-01 2.43813E-02 
8.25639E-01 1.67347E-01 3.07221E-02 
8.98013E-01 1.90850E-01 3.71749E-02 
9.20423E-01 1.97811E-01 3.93889E-02 
1.03541E+00 2.31415E-01 5.26233E-02 
1.16481E+00 2.65446E-01 7.20327E-02 
1.30987E+00 2.99549E-01 1.01223E-01 
1.47190E+00 3.33067E-01 1.46354E-01 
1.66721E+00 3.95808E-01 2.18234E-01 
1.88489E+00 4.30663E-01 3.36668E-01 
2.12728E+00 4.64342E-01 5.38437E-01 
2.39628E+00 4.96597E-01 8.95198E-01 
2.69414E+00 5.27157E-01 1.54999E+00 
3.02409E+00 5.55926E-01 2.79704E+00 
3.39270E+00 5.83375E-01 5.24327E+00 
3.81958E+00 6.11906E-01 1.01072E+01 
4.36877E+00 6.49861E-01 1.94979E+01 
5.21304E+00 7.18002E-01 3.56922E+01 
6.58135E+00 8.37098E-01 5.75986E+01 
8.34271E+00 9.76886E-01 7.82170E+01 
9.98933E+00 1.07343E+00 9.15092E+01 
4.48224E-01 2.10355E-02 7.99664E-03 
4.72897E-01 3.41698E-02 9.39135E-03 
5.23001E-01 5.74871E-02 1.11593E-02 
5.77736E-01 8.20668E-02 1.34335E-02 
6.39931E-01 1.07920E-01 1.64004E-02 
7.10210E-01 1.34866E-01 2.03243E-02 
7.89249E-01 1.62683E-01 2.56124E-02 
8.56845E-01 1.84657E-01 3.10014E-02 
8.77741E-01 1.91138E-01 3.28553E-02 
9.84615E-01 2.22217E-01 4.39182E-02 
1.10434E+00 2.53373E-01 6.01370E-02 
1.23802E+00 2.84244E-01 8.45428E-02 
1.38683E+00 3.14616E-01 1.22322E-01 
1.56599E+00 3.71573E-01 1.82542E-01 
1.76497E+00 4.01997E-01 2.81724E-01 
1.98561E+00 4.31172E-01 4.50884E-01 
2.22944E+00 4.58759E-01 7.49970E-01 
2.49839E+00 4.84537E-01 1.29955E+00 
2.79506E+00 5.08436E-01 2.34652E+00 
3.12536E+00 5.30934E-01 4.40357E+00 
3.50685E+00 5.54222E-01 8.49373E+00 
3.99757E+00 5.85806E-01 1.63982E+01 
4.75400E+00 6.44212E-01 3.00439E+01 
5.98131E+00 7.47608E-01 4.85255E+01 
7.55629E+00 8.68509E-01 6.59544E+01 
9.01704E+00 9.50100E-01 7.72248E+01 
4.29713E-01 2.12663E-02 6.66787E-03 
4.53601E-01 3.42654E-02 7.83257E-03 
5.03828E-01 5.82610E-02 9.30801E-03 
5.55922E-01 8.20441E-02 1.12064E-02 
6.14794E-01 1.06824E-01 1.36863E-02 
6.80921E-01 1.32392E-01 1.69684E-02 
7.54913E-01 1.58536E-01 2.13915E-02 
8.17913E-01 1.78991E-01 2.59027E-02 
8.37312E-01 1.84986E-01 2.74464E-02 
9.36421E-01 2.13597E-01 3.66984E-02 
1.04703E+00 2.41982E-01 5.02904E-02 
1.17001E+00 2.69793E-01 7.07408E-02 
1.30641E+00 2.96839E-01 1.02425E-01 
1.47044E+00 3.48643E-01 1.52942E-01 
1.65193E+00 3.74980E-01 2.36191E-01 
1.85236E+00 3.99996E-01 3.78289E-01 
2.07301E+00 4.23332E-01 6.29791E-01 
2.31525E+00 4.44771E-01 1.09204E+00 
2.58143E+00 4.64311E-01 1.97349E+00 
2.87669E+00 4.82410E-01 3.70593E+00 
3.21685E+00 5.01075E-01 7.15565E+00 
3.65442E+00 5.27047E-01 1.38267E+01 
4.33089E+00 5.76810E-01 2.53547E+01 
5.43001E+00 6.66225E-01 4.09911E+01 
6.83596E+00 7.70366E-01 5.57630E+01 
8.12931E+00 8.38901E-01 6.53465E+01 
4.12717E-01 2.19984E-02 5.55500E-03 
4.35727E-01 3.48326E-02 6.52413E-03 
4.86025E-01 5.96890E-02 7.75637E-03 
5.35454E-01 8.26273E-02 9.33810E-03 
5.90961E-01 1.06275E-01 1.14085E-02 
6.52957E-01 1.30416E-01 1.41513E-02 
7.21940E-01 1.54830E-01 1.78447E-02 
7.80473E-01 1.73760E-01 2.16199E-02 
7.98477E-01 1.79288E-01 2.29138E-02 
8.90086E-01 2.05440E-01 3.06512E-02 
9.91899E-01 2.31063E-01 4.20275E-02 
1.10469E+00 2.55870E-01 5.91714E-02 
1.22927E+00 2.79435E-01 8.57083E-02 
1.37889E+00 3.26369E-01 1.28060E-01 
1.54396E+00 3.49158E-01 1.98001E-01 
1.72539E+00 3.70301E-01 3.17338E-01 
1.92416E+00 3.89675E-01 5.28708E-01 
2.14158E+00 4.07160E-01 9.17770E-01 
2.37941E+00 4.22747E-01 1.65989E+00 
2.64220E+00 4.36895E-01 3.11949E+00 
2.94416E+00 4.51435E-01 6.02904E+00 
3.33279E+00 4.72414E-01 1.16621E+01 
3.93551E+00 5.14416E-01 2.14053E+01 
4.91656E+00 5.91232E-01 3.46400E+01 
6.16725E+00 6.80341E-01 4.71684E+01 
7.30778E+00 7.37346E-01 5.53216E+01 
3.97703E-01 2.32938E-02 4.64926E-03 
4.20001E-01 3.60382E-02 5.46114E-03 
4.69897E-01 6.17063E-02 6.49405E-03 
5.16887E-01 8.38591E-02 7.82213E-03 
5.69081E-01 1.06331E-01 9.55816E-03 
6.27077E-01 1.29017E-01 1.18618E-02 
6.91303E-01 1.51709E-01 1.49635E-02 
7.45619E-01 1.69151E-01 1.81353E-02 
7.62307E-01 1.74217E-01 1.92269E-02 
8.46927E-01 1.97988E-01 2.57422E-02 
9.40571E-01 2.20995E-01 3.53072E-02 
1.04397E+00 2.42983E-01 4.97600E-02 
1.15771E+00 2.63743E-01 7.21305E-02 
1.29411E+00 3.05944E-01 1.07905E-01 
1.44404E+00 3.25232E-01 1.66906E-01 
1.60811E+00 3.42873E-01 2.67676E-01 
1.78719E+00 3.58734E-01 4.46558E-01 
1.98208E+00 3.72700E-01 7.75707E-01 
2.19446E+00 3.84835E-01 1.40452E+00 
2.42816E+00 3.95561E-01 2.64220E+00 
2.69599E+00 4.06559E-01 5.11053E+00 
3.04090E+00 4.23239E-01 9.89400E+00 
3.57796E+00 4.58528E-01 1.81794E+01 
4.45363E+00 5.24362E-01 2.94485E+01 
5.56628E+00 6.00437E-01 4.01374E+01 
6.57184E+00 6.47619E-01 4.71132E+01 
3.84324E-01 2.52490E-02 3.89772E-03 
4.05537E-01 3.76797E-02 4.58082E-03 
4.55431E-01 6.46077E-02 5.44957E-03 
4.99682E-01 8.57604E-02 6.56621E-03 
5.48614E-01 1.06988E-01 8.02807E-03 
6.02724E-01 1.28178E-01 9.96853E-03 
6.62412E-01 1.49139E-01 1.25875E-02 
7.12652E-01 1.65068E-01 1.52576E-02 
7.28044E-01 1.69659E-01 1.61762E-02 
8.06048E-01 1.91091E-01 2.16764E-02 
8.92049E-01 2.11570E-01 2.97644E-02 
9.86576E-01 2.30859E-01 4.19622E-02 
1.09026E+00 2.48864E-01 6.09040E-02 
1.21424E+00 2.86717E-01 9.11721E-02 
1.35012E+00 3.02711E-01 1.41153E-01 
1.49824E+00 3.17154E-01 2.26679E-01 
1.65908E+00 3.29811E-01 3.78443E-01 
1.83339E+00 3.40636E-01 6.58023E-01 
2.02243E+00 3.49699E-01 1.19238E+00 
2.22971E+00 3.57432E-01 2.24555E+00 
2.46665E+00 3.65359E-01 4.34777E+00 
2.77201E+00 3.78308E-01 8.42527E+00 
3.24955E+00 4.07698E-01 1.54960E+01 
4.02982E+00 4.63832E-01 2.51271E+01 
5.01789E+00 5.28446E-01 3.42781E+01 
5.90252E+00 5.67162E-01 4.02666E+01 
3.72471E-01 2.79255E-02 3.27788E-03 
3.92462E-01 3.99367E-02 3.85256E-03 
4.42372E-01 6.84231E-02 4.58491E-03 
4.83772E-01 8.83965E-02 5.52861E-03 
5.29449E-01 1.08274E-01 6.76272E-03 
5.79758E-01 1.27891E-01 8.40214E-03 
6.35050E-01 1.47071E-01 1.06174E-02 
6.81455E-01 1.61487E-01 1.28814E-02 
6.95643E-01 1.65618E-01 1.36582E-02 
7.67348E-01 1.84720E-01 1.83147E-02 
8.46115E-01 2.02693E-01 2.51740E-02 
9.32436E-01 2.19385E-01 3.55313E-02 
1.02669E+00 2.34507E-01 5.16112E-02 
1.13909E+00 2.68310E-01 7.73248E-02 
1.26204E+00 2.81531E-01 1.19889E-01 
1.39533E+00 2.93024E-01 1.92717E-01 
1.53942E+00 3.02787E-01 3.21980E-01 
1.69488E+00 3.10805E-01 5.60442E-01 
1.86273E+00 3.17169E-01 1.01665E+00 
2.04599E+00 3.22298E-01 1.91624E+00 
2.25493E+00 3.27573E-01 3.71351E+00 
2.52462E+00 3.37306E-01 7.20410E+00 
2.94832E+00 3.61536E-01 1.32620E+01 
3.64235E+00 4.09133E-01 2.15250E+01 
4.51816E+00 4.63707E-01 2.93889E+01 
5.29462E+00 4.95159E-01 3.45472E+01 
3.61962E-01 3.13307E-02 2.76476E-03 
3.80951E-01 4.29791E-02 3.25142E-03 
4.30387E-01 7.30804E-02 3.87069E-03 
4.68963E-01 9.17414E-02 4.67146E-03 
5.11456E-01 1.10177E-01 5.71781E-03 
5.58093E-01 1.28143E-01 7.11032E-03 
6.09143E-01 1.45480E-01 8.98937E-03 
6.51882E-01 1.58356E-01 1.09163E-02 
6.64929E-01 1.62026E-01 1.15767E-02 
7.30716E-01 1.78817E-01 1.55413E-02 
8.02737E-01 1.94365E-01 2.13814E-02 
8.81351E-01 2.08537E-01 3.02093E-02 
9.66880E-01 2.21196E-01 4.39324E-02 
1.06855E+00 2.51140E-01 6.59107E-02 
1.17940E+00 2.61568E-01 1.02240E-01 
1.29905E+00 2.70373E-01 1.64533E-01 
1.42784E+00 2.77541E-01 2.75216E-01 
1.56606E+00 2.83061E-01 4.79507E-01 
1.71463E+00 2.87066E-01 8.70765E-01 
1.87611E+00 2.89941E-01 1.64287E+00 
2.05977E+00 2.92952E-01 3.18613E+00 
2.29723E+00 2.99927E-01 6.18662E+00 
2.67241E+00 3.19676E-01 1.13995E+01 
3.28860E+00 3.59782E-01 1.85179E+01 
4.06344E+00 4.05597E-01 2.53022E+01 
4.74332E+00 4.30856E-01 2.97602E+01 
3.52624E-01 3.54785E-02 2.33938E-03 
3.70389E-01 4.65485E-02 2.75326E-03 
4.18806E-01 7.81468E-02 3.28111E-03 
4.55023E-01 9.57535E-02 3.96193E-03 
4.94424E-01 1.12630E-01 4.85435E-03 
5.37519E-01 1.28861E-01 6.04158E-03 
5.84550E-01 1.44296E-01 7.64769E-03 
6.23799E-01 1.55615E-01 9.29126E-03 
6.35761E-01 1.58811E-01 9.85605E-03 
6.95991E-01 1.73312E-01 1.32465E-02 
7.61692E-01 1.86488E-01 1.82481E-02 
8.33108E-01 1.98229E-01 2.58037E-02 
9.10569E-01 2.08568E-01 3.75794E-02 
1.00217E+00 2.34881E-01 5.64281E-02 
1.10187E+00 2.42695E-01 8.76289E-02 
1.20902E+00 2.49067E-01 1.41174E-01 
1.32368E+00 2.53888E-01 2.36400E-01 
1.44620E+00 2.57211E-01 4.12297E-01 
1.57718E+00 2.59158E-01 7.49190E-01 
1.71895E+00 2.60111E-01 1.41482E+00 
1.87981E+00 2.61212E-01 2.74665E+00 
2.08821E+00 2.65842E-01 5.33675E+00 
2.41957E+00 2.81707E-01 9.84142E+00 
2.96559E+00 3.15266E-01 1.59991E+01 
3.64965E+00 3.53461E-01 2.18740E+01 
4.24334E+00 3.73464E-01 2.57382E+01 
3.44406E-01 4.04301E-02 1.98890E-03 
3.60824E-01 5.07203E-02 2.34203E-03 
4.08303E-01 8.43281E-02 2.79362E-03 
4.41822E-01 1.00348E-01 3.37685E-03 
4.78246E-01 1.15546E-01 4.14303E-03 
5.17937E-01 1.29935E-01 5.16050E-03 
5.61152E-01 1.43413E-01 6.53980E-03 
5.97143E-01 1.53159E-01 7.95302E-03 
6.08102E-01 1.55889E-01 8.43952E-03 
6.63105E-01 1.68098E-01 1.13548E-02 
7.22889E-01 1.78939E-01 1.56579E-02 
7.87692E-01 1.88356E-01 2.21789E-02 
8.57653E-01 1.96240E-01 3.23250E-02 
9.39891E-01 2.19183E-01 4.85862E-02 
1.02938E+00 2.24832E-01 7.55609E-02 
1.12499E+00 2.28997E-01 1.21838E-01 
1.22682E+00 2.31751E-01 2.04195E-01 
1.33497E+00 2.33146E-01 3.56394E-01 
1.45006E+00 2.33335E-01 6.48188E-01 
1.57404E+00 2.32671E-01 1.22496E+00 
1.71438E+00 2.32184E-01 2.37995E+00 
1.89672E+00 2.34855E-01 4.62721E+00 
2.18873E+00 2.47391E-01 8.53810E+00 
2.67162E+00 2.75257E-01 1.38879E+01 
3.27439E+00 3.06868E-01 1.89956E+01 
3.79150E+00 3.22457E-01 2.23554E+01 
3.37125E-01 4.61306E-02 1.69958E-03 
3.52425E-01 5.56453E-02 2.00428E-03 
3.98385E-01 9.11702E-02 2.39275E-03 
4.29143E-01 1.05345E-01 2.89523E-03 
4.62707E-01 1.18739E-01 3.55633E-03 
4.99215E-01 1.31211E-01 4.43634E-03 
5.38846E-01 1.42680E-01 5.62813E-03 
5.71764E-01 1.50823E-01 6.84972E-03 
5.81776E-01 1.53079E-01 7.27099E-03 
6.31937E-01 1.63028E-01 9.79639E-03 
6.86280E-01 1.71611E-01 1.35261E-02 
7.44927E-01 1.78786E-01 1.91829E-02 
8.07983E-01 1.84456E-01 2.79835E-02 
8.81600E-01 2.04309E-01 4.21227E-02 
9.61627E-01 2.07846E-01 6.55565E-02 
1.04667E+00 2.10046E-01 1.05786E-01 
1.13676E+00 2.10978E-01 1.77445E-01 
1.23195E+00 2.10724E-01 3.09961E-01 
1.33262E+00 2.09428E-01 5.64115E-01 
1.44059E+00 2.07435E-01 1.06671E+00 
1.56252E+00 2.05657E-01 2.07309E+00 
1.72152E+00 2.06716E-01 4.03289E+00 
1.97825E+00 2.16422E-01 7.44448E+00 
2.40452E+00 2.39371E-01 1.21129E+01 
2.93464E+00 2.65323E-01 1.65702E+01 
3.38388E+00 2.77243E-01 1.94997E+01 
3.30464E-01 5.22766E-02 1.46153E-03 
3.44566E-01 6.07981E-02 1.72593E-03 
3.88603E-01 9.83315E-02 2.06387E-03 
4.16848E-01 1.10569E-01 2.50048E-03 
4.47689E-01 1.21992E-01 3.07466E-03 
4.81200E-01 1.32455E-01 3.84027E-03 
5.17515E-01 1.41879E-01 4.87946E-03 
5.47597E-01 1.48423E-01 5.94400E-03 
5.56727E-01 1.50207E-01 6.31102E-03 
6.02415E-01 1.57943E-01 8.51323E-03 
6.51714E-01 1.64347E-01 1.17698E-02 
7.04723E-01 1.69426E-01 1.67090E-02 
7.61469E-01 1.73311E-01 2.44114E-02 
8.27023E-01 1.90047E-01 3.67669E-02 
8.98396E-01 1.91624E-01 5.72665E-02 
9.73831E-01 1.92092E-01 9.24742E-02 
1.05325E+00 1.91456E-01 1.55220E-01 
1.13664E+00 1.89807E-01 2.71274E-01 
1.22435E+00 1.87296E-01 4.93928E-01 
1.31793E+00 1.84237E-01 9.34171E-01 
1.42337E+00 1.81443E-01 1.81609E+00 
1.56151E+00 1.81206E-01 3.53325E+00 
1.78669E+00 1.88533E-01 6.52320E+00 
2.16235E+00 2.07266E-01 1.06144E+01 
2.62772E+00 2.28392E-01 1.45184E+01 
3.01700E+00 2.37299E-01 1.70788E+01 
3.24290E-01 5.86863E-02 1.26648E-03 
3.37182E-01 6.59440E-02 1.49737E-03 
3.78264E-01 1.04666E-01 1.79377E-03 
4.04670E-01 1.15560E-01 2.17627E-03 
4.33045E-01 1.24998E-01 2.67990E-03 
4.63793E-01 1.33398E-01 3.35168E-03 
4.97025E-01 1.40746E-01 4.26272E-03 
5.24515E-01 1.45712E-01 5.19892E-03 
5.32854E-01 1.47047E-01 5.52155E-03 
5.74419E-01 1.52621E-01 7.45741E-03 
6.19103E-01 1.56967E-01 1.03213E-02 
6.66917E-01 1.60095E-01 1.46644E-02 
7.17854E-01 1.62063E-01 2.14452E-02 
7.75984E-01 1.76033E-01 3.23256E-02 
8.39444E-01 1.76018E-01 5.03726E-02 
9.06087E-01 1.74995E-01 8.13834E-02 
9.75808E-01 1.73041E-01 1.36647E-01 
1.04855E+00 1.70252E-01 2.38888E-01 
1.12457E+00 1.66778E-01 4.34982E-01 
1.20525E+00 1.62902E-01 8.22741E-01 
1.29600E+00 1.59348E-01 1.59936E+00 
1.41552E+00 1.58099E-01 3.11110E+00 
1.61254E+00 1.63454E-01 5.74272E+00 
1.94299E+00 1.78595E-01 9.34160E+00 
2.35076E+00 1.95633E-01 1.27713E+01 
2.68719E+00 2.02098E-01 1.50130E+01 
3.18624E-01 6.52926E-02 1.10656E-03 
3.30706E-01 7.16186E-02 1.31089E-03 
3.68442E-01 1.11709E-01 1.57226E-03 
3.92565E-01 1.20054E-01 1.91068E-03 
4.18673E-01 1.27371E-01 2.35580E-03 
4.46942E-01 1.33705E-01 2.95125E-03 
4.77401E-01 1.39021E-01 3.75788E-03 
5.02510E-01 1.42444E-01 4.58640E-03 
5.10108E-01 1.43328E-01 4.87182E-03 
5.47925E-01 1.46862E-01 6.58784E-03 
5.88390E-01 1.49274E-01 9.12493E-03 
6.31480E-01 1.50600E-01 1.29794E-02 
6.77116E-01 1.50790E-01 1.89856E-02 
7.28395E-01 1.62335E-01 2.86310E-02 
7.84613E-01 1.60938E-01 4.46391E-02 
8.43256E-01 1.58664E-01 7.21211E-02 
9.04172E-01 1.55639E-01 1.21112E-01 
9.67282E-01 1.51959E-01 2.11669E-01 
1.03282E+00 1.47762E-01 3.85365E-01 
1.10196E+00 1.43308E-01 7.28595E-01 
1.17962E+00 1.39227E-01 1.41570E+00 
1.28263E+00 1.37227E-01 2.75239E+00 
1.45457E+00 1.40973E-01 5.07722E+00 
1.74480E+00 1.53087E-01 8.25358E+00 
2.10150E+00 1.66696E-01 1.12741E+01 
2.39152E+00 1.71219E-01 1.32390E+01 
3.13257E-01 7.14343E-02 9.76071E-04 
3.24265E-01 7.59440E-02 1.15855E-03 
3.58109E-01 1.17022E-01 1.39179E-03 
3.80529E-01 1.23566E-01 1.69385E-03 
4.04630E-01 1.28747E-01 2.09103E-03 
4.30655E-01 1.33015E-01 2.62168E-03 
4.58635E-01 1.36379E-01 3.34257E-03 
4.81610E-01 1.38353E-01 4.08218E-03 
4.88545E-01 1.38822E-01 4.33700E-03 
5.22971E-01 1.40477E-01 5.86890E-03 
5.59594E-01 1.41134E-01 8.13494E-03 
5.98347E-01 1.40869E-01 1.15733E-02 
6.39130E-01 1.39821E-01 1.69416E-02 
6.84097E-01 1.48924E-01 2.55416E-02 
7.33709E-01 1.46297E-01 3.98178E-02 
7.85083E-01 1.43025E-01 6.43338E-02 
8.38041E-01 1.39180E-01 1.07949E-01 
8.92515E-01 1.34852E-01 1.88619E-01 
9.48618E-01 1.30165E-01 3.43140E-01 
1.00750E+00 1.25349E-01 6.48325E-01 
1.07355E+00 1.20953E-01 1.25874E+00 
1.16193E+00 1.18436E-01 2.44472E+00 
1.31165E+00 1.20900E-01 4.50525E+00 
1.56618E+00 1.30490E-01 7.31577E+00 
1.87777E+00 1.41255E-01 9.98100E+00 
2.12721E+00 1.44266E-01 1.17036E+01 
3.08256E-01 7.67987E-02 8.70268E-04 
3.18575E-01 7.97668E-02 1.03440E-03 
3.47843E-01 1.21337E-01 1.24455E-03 
3.68625E-01 1.25458E-01 1.51633E-03 
3.91045E-01 1.28685E-01 1.87417E-03 
4.15131E-01 1.31051E-01 2.35151E-03 
4.40894E-01 1.32594E-01 2.99966E-03 
4.61961E-01 1.33240E-01 3.66555E-03 
4.68302E-01 1.33345E-01 3.89477E-03 
4.99642E-01 1.33304E-01 5.27186E-03 
5.32772E-01 1.32439E-01 7.30942E-03 
5.67570E-01 1.30818E-01 1.03980E-02 
6.03925E-01 1.28549E-01 1.52179E-02 
6.43084E-01 1.35617E-01 2.29387E-02 
6.86680E-01 1.32061E-01 3.57320E-02 
7.31441E-01 1.28057E-01 5.76923E-02 
7.77216E-01 1.23636E-01 9.67587E-02 
8.23884E-01 1.18889E-01 1.68868E-01 
8.71607E-01 1.13929E-01 3.06931E-01 
9.21358E-01 1.08954E-01 5.79220E-01 
9.77147E-01 1.04431E-01 1.12303E+00 
1.05263E+00 1.01600E-01 2.17842E+00 
1.18275E+00 1.03074E-01 4.00905E+00 
1.40574E+00 1.10586E-01 6.50043E+00 
1.67762E+00 1.19021E-01 8.85411E+00 
1.89170E+00 1.20885E-01 1.03636E+01 
3.03824E-01 8.09306E-02 7.84093E-04 
3.13951E-01 8.33070E-02 9.33398E-04 
3.37825E-01 1.23223E-01 1.12406E-03 
3.57270E-01 1.25595E-01 1.37070E-03 
3.78234E-01 1.26943E-01 1.69487E-03 
4.00645E-01 1.27581E-01 2.12827E-03 
4.24436E-01 1.27503E-01 2.71510E-03 
4.43781E-01 1.26986E-01 3.31808E-03 
4.49583E-01 1.26766E-01 3.52570E-03 
4.78127E-01 1.25278E-01 4.77175E-03 
5.08050E-01 1.23144E-01 6.61317E-03 
5.39234E-01 1.20422E-01 9.40639E-03 
5.71561E-01 1.17115E-01 1.37531E-02 
6.05399E-01 1.22428E-01 2.07156E-02 
6.43495E-01 1.18285E-01 3.22448E-02 
6.82266E-01 1.13788E-01 5.19967E-02 
7.21538E-01 1.09025E-01 8.70970E-02 
7.61214E-01 1.04074E-01 1.51802E-01 
8.01439E-01 9.90353E-02 2.75479E-01 
8.43121E-01 9.40747E-02 5.19054E-01 
8.89881E-01 8.95875E-02 1.00482E+00 
9.54062E-01 8.66209E-02 1.94563E+00 
1.06693E+00 8.73524E-02 3.57407E+00 
1.26215E+00 9.31794E-02 5.78435E+00 
1.49923E+00 9.97308E-02 7.86300E+00 
1.68270E+00 1.00755E-01 9.18413E+00 
3.00316E-01 8.37075E-02 7.13514E-04 
3.10054E-01 8.42754E-02 8.50366E-04 
3.28383E-01 1.22917E-01 1.02471E-03 
3.46930E-01 1.23703E-01 1.24997E-03 
3.66651E-01 1.23395E-01 1.54580E-03 
3.87557E-01 1.22499E-01 1.94061E-03 
4.09591E-01 1.21055E-01 2.47572E-03 
4.27359E-01 1.19579E-01 3.02403E-03 
4.32674E-01 1.19092E-01 3.21306E-03 
4.58650E-01 1.16453E-01 4.34643E-03 
4.85620E-01 1.13326E-01 6.01921E-03 
5.13468E-01 1.09779E-01 8.55161E-03 
5.42035E-01 1.05868E-01 1.24906E-02 
5.71042E-01 1.09585E-01 1.87911E-02 
6.04091E-01 1.05040E-01 2.92048E-02 
6.37410E-01 1.00285E-01 4.70266E-02 
6.70827E-01 9.53974E-02 7.86250E-02 
7.04274E-01 9.04364E-02 1.36810E-01 
7.37846E-01 8.54859E-02 2.47816E-01 
7.72410E-01 8.06874E-02 4.66024E-01 
8.11271E-01 7.63702E-02 9.00230E-01 
8.65572E-01 7.34054E-02 1.73972E+00 
9.63352E-01 7.36069E-02 3.18891E+00 
1.13424E+00 7.80871E-02 5.14943E+00 
1.34099E+00 8.31409E-02 6.98405E+00 
1.49807E+00 8.35737E-02 8.13792E+00 
2.98154E-01 8.46704E-02 6.55256E-04 
3.07662E-01 8.39556E-02 7.81111E-04 
3.20480E-01 1.20578E-01 9.41395E-04 
3.38140E-01 1.19688E-01 1.14798E-03 
3.56770E-01 1.18006E-01 1.41937E-03 
3.76309E-01 1.15902E-01 1.78054E-03 
3.96716E-01 1.13376E-01 2.26996E-03 
4.13025E-01 1.11165E-01 2.77102E-03 
4.17874E-01 1.10478E-01 2.94314E-03 
4.41434E-01 1.06984E-01 3.97712E-03 
4.65649E-01 1.03162E-01 5.50091E-03 
4.90376E-01 9.90736E-02 7.80356E-03 
5.15443E-01 9.48154E-02 1.13823E-02 
5.40022E-01 9.72142E-02 1.70910E-02 
5.68495E-01 9.24670E-02 2.65185E-02 
5.96855E-01 8.76664E-02 4.26102E-02 
6.25008E-01 8.28338E-02 7.11183E-02 
6.52848E-01 7.80213E-02 1.23465E-01 
6.80546E-01 7.32956E-02 2.23162E-01 
7.08874E-01 6.87729E-02 4.18704E-01 
7.40840E-01 6.47223E-02 8.06929E-01 
7.86582E-01 6.18732E-02 1.55569E+00 
8.71243E-01 6.17168E-02 2.84487E+00 
1.02093E+00 6.51404E-02 4.58255E+00 
1.20133E+00 6.90157E-02 6.19913E+00 
1.33579E+00 6.90521E-02 7.20439E+00 
2.97674E-01 8.38812E-02 6.05943E-04 
3.07117E-01 8.25727E-02 7.21977E-04 
3.14744E-01 1.15300E-01 8.69644E-04 
3.31482E-01 1.13636E-01 1.05972E-03 
3.49044E-01 1.11032E-01 1.30901E-03 
3.67275E-01 1.08022E-01 1.64059E-03 
3.86085E-01 1.04722E-01 2.08853E-03 
4.00986E-01 1.01998E-01 2.54732E-03 
4.05391E-01 1.01175E-01 2.70482E-03 
4.26627E-01 9.71212E-02 3.64875E-03 
4.48207E-01 9.28797E-02 5.03809E-03 
4.69970E-01 8.85001E-02 7.13489E-03 
4.91794E-01 8.40280E-02 1.03855E-02 
5.12358E-01 8.53995E-02 1.55647E-02 
5.36581E-01 8.07173E-02 2.40942E-02 
5.60444E-01 7.60398E-02 3.86364E-02 
5.83827E-01 7.14073E-02 6.43237E-02 
6.06701E-01 6.68653E-02 1.11422E-01 
6.29208E-01 6.24655E-02 2.00906E-01 
6.52075E-01 5.82936E-02 3.76028E-01 
6.78095E-01 5.45772E-02 7.22949E-01 
7.16420E-01 5.19166E-02 1.39006E+00 
7.89700E-01 5.15357E-02 2.53522E+00 
9.20964E-01 5.41398E-02 4.07267E+00 
1.07856E+00 5.71016E-02 5.49413E+00 
1.19370E+00 5.68896E-02 6.36752E+00 
2.99173E-01 8.17207E-02 5.62898E-04 
3.08475E-01 7.94351E-02 6.70109E-04 
3.11348E-01 1.08861E-01 8.06238E-04 
3.27271E-01 1.06318E-01 9.81380E-04 
3.43766E-01 1.02910E-01 1.21045E-03 
3.60663E-01 9.92897E-02 1.51481E-03 
3.77883E-01 9.55101E-02 1.92559E-03 
3.91367E-01 9.24831E-02 2.34537E-03 
3.95328E-01 9.15854E-02 2.48950E-03 
4.14311E-01 8.72415E-02 3.35194E-03 
4.33324E-01 8.28217E-02 4.61872E-03 
4.52269E-01 7.83673E-02 6.52786E-03 
4.71051E-01 7.38802E-02 9.48052E-03 
4.87982E-01 7.44654E-02 1.41765E-02 
5.08304E-01 6.99860E-02 2.18933E-02 
5.28085E-01 6.55576E-02 3.50284E-02 
5.47223E-01 6.12331E-02 5.81781E-02 
5.65705E-01 5.70403E-02 1.00524E-01 
5.83676E-01 5.30193E-02 1.80822E-01 
6.01832E-01 4.92440E-02 3.37493E-01 
6.22739E-01 4.58949E-02 6.47099E-01 
6.54731E-01 4.34638E-02 1.24097E+00 
7.18220E-01 4.29589E-02 2.25688E+00 
8.33589E-01 4.49380E-02 3.61516E+00 
9.71639E-01 4.72040E-02 4.86318E+00 
1.07044E+00 4.68501E-02 5.62032E+00 
3.02681E-01 7.81682E-02 5.23682E-04 
3.11759E-01 7.53170E-02 6.22784E-04 
3.10949E-01 1.00883E-01 7.48184E-04 
3.25612E-01 9.79655E-02 9.09329E-04 
3.40899E-01 9.40911E-02 1.11979E-03 
3.56369E-01 9.01464E-02 1.39896E-03 
3.71920E-01 8.61240E-02 1.77512E-03 
3.83973E-01 8.29753E-02 2.15888E-03 
3.87494E-01 8.20517E-02 2.29070E-03 
4.04205E-01 7.76384E-02 3.07769E-03 
4.20724E-01 7.32352E-02 4.23194E-03 
4.36968E-01 6.88718E-02 5.96699E-03 
4.52822E-01 6.45856E-02 8.64685E-03 
4.66496E-01 6.45527E-02 1.28985E-02 
4.83270E-01 6.03366E-02 1.98747E-02 
4.99357E-01 5.62410E-02 3.17165E-02 
5.14705E-01 5.22826E-02 5.25487E-02 
5.29294E-01 4.84824E-02 9.05646E-02 
5.43301E-01 4.48703E-02 1.62451E-01 
5.57396E-01 4.15015E-02 3.02452E-01 
5.73921E-01 3.85242E-02 5.78328E-01 
6.00489E-01 3.63419E-02 1.10597E+00 
6.55555E-01 3.57824E-02 2.00570E+00 
7.57201E-01 3.72872E-02 3.20354E+00 
8.78448E-01 3.90246E-02 4.29699E+00 
9.63403E-01 3.86009E-02 4.95181E+00 
3.07840E-01 7.38469E-02 4.87004E-04 
3.16455E-01 7.08304E-02 5.78262E-04 
3.12489E-01 9.27127E-02 6.93847E-04 
3.26205E-01 8.90767E-02 8.41696E-04 
3.40122E-01 8.51018E-02 1.03487E-03 
3.54031E-01 8.10487E-02 1.29056E-03 
3.67849E-01 7.69805E-02 1.63445E-03 
3.78434E-01 7.38448E-02 1.98479E-03 
3.81503E-01 7.29318E-02 2.10496E-03 
3.95952E-01 6.86117E-02 2.82212E-03 
4.10051E-01 6.43624E-02 3.87204E-03 
4.23704E-01 6.02091E-02 5.44699E-03 
4.36817E-01 5.61921E-02 7.87557E-03 
4.47576E-01 5.57166E-02 1.17206E-02 
4.61115E-01 5.18429E-02 1.80162E-02 
4.73884E-01 4.81184E-02 2.86780E-02 
4.85856E-01 4.45484E-02 4.73892E-02 
4.97048E-01 4.11496E-02 8.14649E-02 
5.07634E-01 3.79430E-02 1.45751E-01 
5.18235E-01 3.49689E-02 2.70680E-01 
5.31047E-01 3.23493E-02 5.16244E-01 
5.52988E-01 3.04134E-02 9.84365E-01 
6.00836E-01 2.98436E-02 1.78019E+00 
6.90663E-01 3.09913E-02 2.83517E+00 
7.97479E-01 3.23280E-02 3.79173E+00 
8.70731E-01 3.18810E-02 4.35717E+00 
3.14020E-01 6.91623E-02 4.52198E-04 
3.22020E-01 6.59347E-02 5.36083E-04 
3.16055E-01 8.41898E-02 6.42124E-04 
3.28348E-01 8.04211E-02 7.77812E-04 
3.40789E-01 7.63795E-02 9.54582E-04 
3.53051E-01 7.23648E-02 1.18830E-03 
3.65087E-01 6.83931E-02 1.50225E-03 
3.74184E-01 6.53654E-02 1.82172E-03 
3.76804E-01 6.44861E-02 1.93104E-03 
3.89043E-01 6.03643E-02 2.58371E-03 
4.00794E-01 5.63575E-02 3.53680E-03 
4.11985E-01 5.24849E-02 4.96482E-03 
4.22593E-01 4.87423E-02 7.16201E-03 
4.30744E-01 4.79790E-02 1.06349E-02 
4.41351E-01 4.44848E-02 1.63087E-02 
4.51170E-01 4.11389E-02 2.59004E-02 
4.60172E-01 3.79550E-02 4.26989E-02 
4.68411E-01 3.49427E-02 7.32197E-02 
4.76044E-01 3.21140E-02 1.30667E-01 
4.83687E-01 2.95094E-02 2.42028E-01 
4.93338E-01 2.72191E-02 4.60325E-01 
5.11375E-01 2.55165E-02 8.75495E-01 
5.53022E-01 2.49630E-02 1.57876E+00 
6.32645E-01 2.58419E-02 2.50704E+00 
7.27073E-01 2.68744E-02 3.34327E+00 
7.90432E-01 2.64319E-02 3.83110E+00 
3.20420E-01 6.43579E-02 4.18737E-04 
3.27716E-01 6.09919E-02 4.95839E-04 
3.20466E-01 7.57381E-02 5.93020E-04 
3.31243E-01 7.21969E-02 7.17340E-04 
3.42131E-01 6.82422E-02 8.78971E-04 
3.52716E-01 6.43680E-02 1.09251E-03 
3.62944E-01 6.05749E-02 1.37872E-03 
3.70594E-01 5.77035E-02 1.66964E-03 
3.72784E-01 5.68755E-02 1.76934E-03 
3.82890E-01 5.30103E-02 2.36277E-03 
3.92421E-01 4.92860E-02 3.22774E-03 
4.01346E-01 4.57124E-02 4.52206E-03 
4.09609E-01 4.22992E-02 6.50831E-03 
4.15498E-01 4.13275E-02 9.64398E-03 
4.23495E-01 3.81912E-02 1.47549E-02 
4.30709E-01 3.52105E-02 2.33799E-02 
4.37137E-01 3.23896E-02 3.84545E-02 
4.42825E-01 2.97350E-02 6.57839E-02 
4.47946E-01 2.72565E-02 1.17112E-01 
4.53070E-01 2.49785E-02 2.16351E-01 
4.60059E-01 2.29809E-02 4.10409E-01 
4.74773E-01 2.14897E-02 7.78491E-01 
5.11093E-01 2.09672E-02 1.39989E+00 
5.81897E-01 2.16425E-02 2.21660E+00 
6.65677E-01 2.24455E-02 2.94757E+00 
7.20651E-01 2.20224E-02 3.36826E+00 
3.26279E-01 5.97616E-02 3.87070E-04 
3.32715E-01 5.64389E-02 4.57842E-04 
3.24317E-01 6.86469E-02 5.46974E-04 
3.34113E-01 6.46675E-02 6.60749E-04 
3.43419E-01 6.08859E-02 8.08553E-04 
3.52348E-01 5.72008E-02 1.00346E-03 
3.60846E-01 5.36235E-02 1.26459E-03 
3.67111E-01 5.09327E-02 1.52948E-03 
3.68886E-01 5.01621E-02 1.62020E-03 
3.76995E-01 4.65718E-02 2.15963E-03 
3.84490E-01 4.31382E-02 2.94543E-03 
3.91331E-01 3.98700E-02 4.11744E-03 
3.97493E-01 3.67803E-02 5.91564E-03 
4.01401E-01 3.56685E-02 8.74581E-03 
4.07115E-01 3.28650E-02 1.33537E-02 
4.12062E-01 3.02171E-02 2.11106E-02 
4.16262E-01 2.77253E-02 3.46431E-02 
4.19767E-01 2.53909E-02 5.91237E-02 
4.22754E-01 2.32207E-02 1.05004E-01 
4.25752E-01 2.12320E-02 1.93493E-01 
4.30501E-01 1.94910E-02 3.66136E-01 
4.42392E-01 1.81857E-02 6.92589E-01 
4.74127E-01 1.77003E-02 1.24198E+00 
5.37291E-01 1.82213E-02 1.96095E+00 
6.11868E-01 1.88478E-02 2.60009E+00 
6.59722E-01 1.84522E-02 2.96299E+00 
3.30938E-01 5.55510E-02 3.57708E-04 
3.36535E-01 5.22380E-02 4.22704E-04 
3.28235E-01 6.15327E-02 5.04457E-04 
3.36302E-01 5.79642E-02 6.08787E-04 
3.44083E-01 5.43856E-02 7.44146E-04 
3.51437E-01 5.09076E-02 9.22272E-04 
3.58323E-01 4.75516E-02 1.16062E-03 
3.63302E-01 4.50462E-02 1.40226E-03 
3.64699E-01 4.43283E-02 1.48479E-03 
3.70984E-01 4.10064E-02 1.97561E-03 
3.76628E-01 3.78530E-02 2.68950E-03 
3.81608E-01 3.48714E-02 3.75274E-03 
3.85928E-01 3.20537E-02 5.38077E-03 
3.88124E-01 3.08744E-02 7.93978E-03 
3.91835E-01 2.83780E-02 1.20965E-02 
3.94824E-01 2.60289E-02 1.90818E-02 
3.97109E-01 2.38281E-02 3.12440E-02 
3.98755E-01 2.17745E-02 5.31978E-02 
3.99930E-01 1.98713E-02 9.42421E-02 
4.01145E-01 1.81347E-02 1.73251E-01 
4.04006E-01 1.66158E-02 3.26958E-01 
4.13495E-01 1.54716E-02 6.16860E-01 
4.41267E-01 1.50247E-02 1.10308E+00 
4.97782E-01 1.54278E-02 1.73661E+00 
5.64398E-01 1.59195E-02 2.29604E+00 
6.06159E-01 1.55526E-02 2.60905E+00 
3.33876E-01 5.17909E-02 3.30845E-04 
3.38705E-01 4.85057E-02 3.90707E-04 
3.30957E-01 5.52195E-02 4.65947E-04 
3.37265E-01 5.21343E-02 5.61705E-04 
3.43680E-01 4.87265E-02 6.85836E-04 
3.49607E-01 4.54517E-02 8.49115E-04 
3.55029E-01 4.23083E-02 1.06703E-03 
3.58865E-01 3.99730E-02 1.28774E-03 
3.59925E-01 3.93066E-02 1.36318E-03 
3.64591E-01 3.62338E-02 1.81105E-03 
3.68598E-01 3.33349E-02 2.46083E-03 
3.71949E-01 3.06091E-02 3.42797E-03 
3.74623E-01 2.80597E-02 4.90454E-03 
3.75369E-01 2.68336E-02 7.22259E-03 
3.77358E-01 2.46050E-02 1.09816E-02 
3.78661E-01 2.25181E-02 1.72827E-02 
3.79313E-01 2.05706E-02 2.82298E-02 
3.79378E-01 1.87607E-02 4.79499E-02 
3.79025E-01 1.70897E-02 8.47406E-02 
3.78731E-01 1.55674E-02 1.55370E-01 
3.80000E-01 1.42380E-02 2.92473E-01 
3.87434E-01 1.32332E-02 5.50178E-01 
4.11767E-01 1.28237E-02 9.81040E-01 
4.62474E-01 1.31360E-02 1.53995E+00 
5.22152E-01 1.35236E-02 2.03005E+00 
5.58675E-01 1.31848E-02 2.30002E+00 
3.35158E-01 4.85101E-02 3.07061E-04 
3.39267E-01 4.52670E-02 3.62377E-04 
3.31886E-01 5.00950E-02 4.31793E-04 
3.36967E-01 4.71329E-02 5.20039E-04 
3.42149E-01 4.38910E-02 6.34220E-04 
3.46821E-01 4.07904E-02 7.84200E-04 
3.50962E-01 3.78359E-02 9.84330E-04 
3.53787E-01 3.56522E-02 1.18653E-03 
3.54553E-01 3.50301E-02 1.25558E-03 
3.57789E-01 3.21779E-02 1.66521E-03 
3.60372E-01 2.95025E-02 2.25872E-03 
3.62287E-01 2.70050E-02 3.13967E-03 
3.63552E-01 2.46818E-02 4.48342E-03 
3.63045E-01 2.34413E-02 6.58788E-03 
3.63554E-01 2.14435E-02 9.99309E-03 
3.63421E-01 1.95821E-02 1.56933E-02 
3.62680E-01 1.78528E-02 2.55719E-02 
3.61403E-01 1.62519E-02 4.33243E-02 
3.59756E-01 1.47784E-02 7.63655E-02 
3.58192E-01 1.34394E-02 1.39638E-01 
3.58113E-01 1.22717E-02 2.62096E-01 
3.63798E-01 1.13852E-02 4.91734E-01 
3.85139E-01 1.10105E-02 8.74180E-01 
4.30759E-01 1.12525E-02 1.36804E+00 
4.84380E-01 1.15578E-02 1.79795E+00 
5.16408E-01 1.12468E-02 2.03104E+00 
3.34670E-01 4.56642E-02 2.85908E-04 
3.38140E-01 4.24609E-02 3.37124E-04 
3.30891E-01 4.59086E-02 4.01372E-04 
3.35304E-01 4.28106E-02 4.82872E-04 
3.39406E-01 3.97190E-02 5.88223E-04 
3.42975E-01 3.67742E-02 7.26321E-04 
3.45989E-01 3.39828E-02 9.10257E-04 
3.47929E-01 3.19318E-02 1.09600E-03 
3.48435E-01 3.13485E-02 1.15926E-03 
3.50426E-01 2.86867E-02 1.53451E-03 
3.51748E-01 2.62086E-02 2.07715E-03 
3.52414E-01 2.39093E-02 2.88132E-03 
3.52438E-01 2.17813E-02 4.10504E-03 
3.50852E-01 2.05451E-02 6.01810E-03 
3.50073E-01 1.87496E-02 9.10711E-03 
3.48686E-01 1.70855E-02 1.42645E-02 
3.46740E-01 1.55459E-02 2.31841E-02 
3.44308E-01 1.41259E-02 3.91749E-02 
3.41551E-01 1.28224E-02 6.88596E-02 
3.38900E-01 1.16418E-02 1.25567E-01 
3.37665E-01 1.06124E-02 2.35005E-01 
3.41821E-01 9.82900E-03 4.39564E-01 
3.60518E-01 9.48662E-03 7.79080E-01 
4.01609E-01 9.67290E-03 1.21542E+00 
4.49847E-01 9.91325E-03 1.59234E+00 
4.77911E-01 9.62742E-03 1.79312E+00 
3.32691E-01 4.32836E-02 2.67486E-04 
3.35615E-01 4.00954E-02 3.15092E-04 
3.28716E-01 4.23217E-02 3.74682E-04 
3.32478E-01 3.91633E-02 4.50191E-04 
3.35651E-01 3.61864E-02 5.47649E-04 
3.38259E-01 3.33668E-02 6.75165E-04 
3.40286E-01 3.07096E-02 8.44642E-04 
3.41456E-01 2.87663E-02 1.01551E-03 
3.41728E-01 2.82178E-02 1.07379E-03 
3.42627E-01 2.57149E-02 1.41839E-03 
3.42845E-01 2.34021E-02 1.91565E-03 
3.42408E-01 2.12713E-02 2.65104E-03 
3.41339E-01 1.93152E-02 3.76764E-03 
3.38822E-01 1.80915E-02 5.50971E-03 
3.36923E-01 1.64687E-02 8.31635E-03 
3.34454E-01 1.49726E-02 1.29915E-02 
3.31468E-01 1.35955E-02 2.10548E-02 
3.28044E-01 1.23303E-02 3.54770E-02 
3.24338E-01 1.11731E-02 6.21822E-02 
3.20760E-01 1.01269E-02 1.13044E-01 
3.18539E-01 9.21605E-03 2.10946E-01 
3.21369E-01 8.52080E-03 3.93284E-01 
3.37732E-01 8.20761E-03 6.94850E-01 
3.74791E-01 8.34979E-03 1.08053E+00 
4.18248E-01 8.53821E-03 1.41103E+00 
4.42833E-01 8.27542E-03 1.58377E+00 
3.29395E-01 4.12930E-02 2.51242E-04 
3.31864E-01 3.80886E-02 2.95604E-04 
3.25614E-01 3.91344E-02 3.50964E-04 
3.28541E-01 3.60864E-02 4.21052E-04 
3.30900E-01 3.31939E-02 5.11331E-04 
3.32671E-01 3.04685E-02 6.29242E-04 
3.33836E-01 2.79166E-02 7.85716E-04 
3.34327E-01 2.60602E-02 9.43091E-04 
3.34393E-01 2.55394E-02 9.96769E-04 
3.34323E-01 2.31688E-02 1.31351E-03 
3.33572E-01 2.09935E-02 1.76962E-03 
3.32162E-01 1.90055E-02 2.44266E-03 
3.30132E-01 1.71929E-02 3.46223E-03 
3.26797E-01 1.59922E-02 5.04939E-03 
3.23919E-01 1.45170E-02 7.59996E-03 
3.20507E-01 1.31655E-02 1.18387E-02 
3.16619E-01 1.19279E-02 1.91322E-02 
3.12337E-01 1.07961E-02 3.21399E-02 
3.07815E-01 9.76491E-03 5.61586E-02 
3.03444E-01 8.83473E-03 1.01774E-01 
3.00372E-01 8.02626E-03 1.89287E-01 
3.02049E-01 7.40710E-03 3.51828E-01 
3.16325E-01 7.12034E-03 6.19523E-01 
3.49747E-01 7.22715E-03 9.60158E-01 
3.88907E-01 7.37314E-03 1.24968E+00 
4.10404E-01 7.13178E-03 1.39801E+00 
3.24956E-01 3.96778E-02 2.36770E-04 
3.27073E-01 3.64223E-02 2.78109E-04 
3.21397E-01 3.65322E-02 3.29670E-04 
3.23666E-01 3.35157E-02 3.94772E-04 
3.25323E-01 3.06760E-02 4.78468E-04 
3.26354E-01 2.80172E-02 5.87617E-04 
3.26754E-01 2.55420E-02 7.32093E-04 
3.26630E-01 2.37536E-02 8.77191E-04 
3.26522E-01 2.32515E-02 9.26546E-04 
3.25585E-01 2.09845E-02 1.21782E-03 
3.23955E-01 1.89216E-02 1.63631E-03 
3.21671E-01 1.70512E-02 2.25227E-03 
3.18775E-01 1.53610E-02 3.18310E-03 
3.14716E-01 1.41857E-02 4.62884E-03 
3.10973E-01 1.28365E-02 6.94667E-03 
3.06733E-01 1.16088E-02 1.07874E-02 
3.02058E-01 1.04914E-02 1.73793E-02 
2.97033E-01 9.47490E-03 2.91022E-02 
2.91811E-01 8.55203E-03 5.06847E-02 
2.86758E-01 7.72309E-03 9.15597E-02 
2.82957E-01 7.00307E-03 1.69731E-01 
2.83618E-01 6.45060E-03 3.14418E-01 
2.96023E-01 6.18779E-03 5.51806E-01 
3.26146E-01 6.26598E-03 8.52317E-01 
3.61402E-01 6.37750E-03 1.10549E+00 
3.80136E-01 6.15567E-03 1.23250E+00 
3.19485E-01 3.84043E-02 2.23592E-04 
3.21249E-01 3.50774E-02 2.62085E-04 
3.16202E-01 3.43702E-02 3.10055E-04 
3.17833E-01 3.13792E-02 3.70526E-04 
3.18855E-01 2.85640E-02 4.48079E-04 
3.19223E-01 2.59433E-02 5.49013E-04 
3.18939E-01 2.35187E-02 6.82358E-04 
3.18271E-01 2.17782E-02 8.16066E-04 
3.18008E-01 2.12904E-02 8.61476E-04 
3.16296E-01 1.91031E-02 1.12915E-03 
3.13886E-01 1.71292E-02 1.51267E-03 
3.10823E-01 1.53557E-02 2.07581E-03 
3.07161E-01 1.37671E-02 2.92481E-03 
3.02464E-01 1.26205E-02 4.24019E-03 
2.97965E-01 1.13786E-02 6.34351E-03 
2.93003E-01 1.02574E-02 9.81977E-03 
2.87646E-01 9.24415E-03 1.57682E-02 
2.81983E-01 8.32766E-03 2.63182E-02 
2.76163E-01 7.49964E-03 4.56855E-02 
2.70535E-01 6.75855E-03 8.22529E-02 
2.66112E-01 6.11612E-03 1.51975E-01 
2.65884E-01 5.62203E-03 2.80532E-01 
2.76596E-01 5.38106E-03 4.90654E-01 
3.03697E-01 5.43606E-03 7.55249E-01 
3.35384E-01 5.51978E-03 9.76178E-01 
3.51630E-01 5.31550E-03 1.08453E+00 
3.13222E-01 3.74690E-02 2.11419E-04 
3.14653E-01 3.40548E-02 2.47278E-04 
3.10144E-01 3.26723E-02 2.91839E-04 
3.11244E-01 2.96443E-02 3.47937E-04 
3.11671E-01 2.68205E-02 4.19734E-04 
3.11422E-01 2.42066E-02 5.12949E-04 
3.10499E-01 2.18053E-02 6.35827E-04 
3.09330E-01 2.00918E-02 7.58777E-04 
3.08914E-01 1.96144E-02 8.00528E-04 
3.06487E-01 1.74816E-02 1.04601E-03 
3.03366E-01 1.55742E-02 1.39694E-03 
2.99596E-01 1.38774E-02 1.91094E-03 
2.95241E-01 1.23729E-02 2.68370E-03 
2.89976E-01 1.12553E-02 3.87822E-03 
2.84812E-01 1.01046E-02 5.78317E-03 
2.79220E-01 9.07542E-03 8.92270E-03 
2.73277E-01 8.15270E-03 1.42796E-02 
2.67071E-01 7.32371E-03 2.37537E-02 
2.60748E-01 6.57918E-03 4.10952E-02 
2.54643E-01 5.91493E-03 7.37323E-02 
2.49698E-01 5.34094E-03 1.35759E-01 
2.48695E-01 4.89858E-03 2.49735E-01 
2.57870E-01 4.67775E-03 4.35246E-01 
2.82181E-01 4.71386E-03 6.67594E-01 
3.10585E-01 4.77476E-03 8.59886E-01 
3.24583E-01 4.58709E-03 9.51939E-01 
3.06046E-01 3.68188E-02 1.99899E-04 
3.07162E-01 3.32874E-02 2.33238E-04 
3.03171E-01 3.13376E-02 2.74594E-04 
3.03788E-01 2.82534E-02 3.26557E-04 
3.03703E-01 2.53958E-02 3.92945E-04 
3.02916E-01 2.27655E-02 4.78932E-04 
3.01433E-01 2.03642E-02 5.92034E-04 
2.99817E-01 1.86620E-02 7.04951E-04 
2.99269E-01 1.81895E-02 7.43235E-04 
2.96212E-01 1.60897E-02 9.68096E-04 
2.92453E-01 1.42307E-02 1.28871E-03 
2.88056E-01 1.25937E-02 1.75699E-03 
2.83094E-01 1.11575E-02 2.45940E-03 
2.77334E-01 1.00682E-02 3.54233E-03 
2.71600E-01 8.99470E-03 5.26454E-03 
2.65476E-01 8.04419E-03 8.09593E-03 
2.59040E-01 7.19997E-03 1.29129E-02 
2.52387E-01 6.44735E-03 2.14067E-02 
2.45658E-01 5.77554E-03 3.69073E-02 
2.39167E-01 5.17937E-03 6.59864E-02 
2.33798E-01 4.66557E-03 1.21069E-01 
2.32129E-01 4.26914E-03 2.21951E-01 
2.39921E-01 4.06685E-03 3.85470E-01 
2.61676E-01 4.08784E-03 5.89173E-01 
2.87073E-01 4.13016E-03 7.56210E-01 
2.99057E-01 3.95819E-03 8.34224E-01 
2.97969E-01 3.64315E-02 1.88692E-04 
2.98764E-01 3.27478E-02 2.19553E-04 
2.95245E-01 3.02959E-02 2.57793E-04 
2.95359E-01 2.71373E-02 3.05757E-04 
2.94787E-01 2.42182E-02 3.66891E-04 
2.93499E-01 2.15471E-02 4.45906E-04 
2.91496E-01 1.91250E-02 5.49573E-04 
2.89475E-01 1.74192E-02 6.52880E-04 
2.88805E-01 1.69480E-02 6.87875E-04 
2.85179E-01 1.48647E-02 8.93004E-04 
2.80855E-01 1.30389E-02 1.18471E-03 
2.75910E-01 1.14484E-02 1.60981E-03 
2.70417E-01 1.00693E-02 2.24544E-03 
2.64232E-01 9.00802E-03 3.22332E-03 
2.58015E-01 8.00173E-03 4.77445E-03 
2.51445E-01 7.12110E-03 7.31608E-03 
2.44606E-01 6.34683E-03 1.16292E-02 
2.37592E-01 5.66279E-03 1.92111E-02 
2.30544E-01 5.05664E-03 3.30038E-02 
2.23752E-01 4.52194E-03 5.88029E-02 
2.18043E-01 4.06268E-03 1.07508E-01 
2.15802E-01 3.70810E-03 1.96391E-01 
2.22325E-01 3.52334E-03 3.39871E-01 
2.41686E-01 3.53216E-03 5.17635E-01 
2.64270E-01 3.55932E-03 6.62020E-01 
2.74415E-01 3.40241E-03 7.27712E-01 
2.89172E-01 3.62884E-02 1.77870E-04 
2.89681E-01 3.24334E-02 2.06389E-04 
2.86529E-01 2.95564E-02 2.41649E-04 
2.86205E-01 2.62825E-02 2.85786E-04 
2.85155E-01 2.32743E-02 3.41897E-04 
2.83378E-01 2.05388E-02 4.14243E-04 
2.80894E-01 1.80762E-02 5.08975E-04 
2.78503E-01 1.63544E-02 6.03160E-04 
2.77728E-01 1.58805E-02 6.35024E-04 
2.73593E-01 1.37985E-02 8.21588E-04 
2.68773E-01 1.19925E-02 1.08621E-03 
2.63346E-01 1.04372E-02 1.47073E-03 
2.57400E-01 9.10465E-03 2.04432E-03 
2.50861E-01 8.07014E-03 2.92449E-03 
2.44244E-01 7.12204E-03 4.31667E-03 
2.37317E-01 6.30255E-03 6.59194E-03 
2.30165E-01 5.59026E-03 1.04413E-02 
2.22880E-01 4.96744E-03 1.71879E-02 
2.15598E-01 4.42025E-03 2.94234E-02 
2.08596E-01 3.94056E-03 5.22400E-02 
2.02637E-01 3.53038E-03 9.51764E-02 
1.99919E-01 3.21363E-03 1.73236E-01 
2.05300E-01 3.04535E-03 2.98742E-01 
2.22448E-01 3.04469E-03 4.53385E-01 
2.42438E-01 3.05979E-03 5.77779E-01 
2.50933E-01 2.91728E-03 6.32857E-01 
2.79543E-01 3.63378E-02 1.67235E-04 
2.79741E-01 3.22884E-02 1.93484E-04 
2.76899E-01 2.90331E-02 2.25874E-04 
2.76185E-01 2.56271E-02 2.66348E-04 
2.74736E-01 2.25142E-02 3.17693E-04 
2.72550E-01 1.96995E-02 3.83737E-04 
2.69640E-01 1.71820E-02 4.69965E-04 
2.66915E-01 1.54340E-02 5.55557E-04 
2.66047E-01 1.49545E-02 5.84470E-04 
2.61458E-01 1.28615E-02 7.53469E-04 
2.56200E-01 1.10649E-02 9.92558E-04 
2.50360E-01 9.53555E-03 1.33908E-03 
2.44030E-01 8.24142E-03 1.85458E-03 
2.37199E-01 7.23281E-03 2.64371E-03 
2.30271E-01 6.33578E-03 3.88860E-03 
2.23072E-01 5.57092E-03 5.91732E-03 
2.15692E-01 4.91459E-03 9.33929E-03 
2.08222E-01 4.34707E-03 1.53197E-02 
2.00792E-01 3.85325E-03 2.61342E-02 
1.93663E-01 3.42346E-03 4.62340E-02 
1.87538E-01 3.05783E-03 8.39348E-02 
1.84434E-01 2.77558E-03 1.52236E-01 
1.88787E-01 2.62294E-03 2.61594E-01 
2.03886E-01 2.61505E-03 3.95595E-01 
2.21480E-01 2.62080E-03 5.02351E-01 
2.28498E-01 2.49201E-03 5.48280E-01 
2.69244E-01 3.65558E-02 1.56844E-04 
2.69118E-01 3.22862E-02 1.80890E-04 
2.66490E-01 2.86903E-02 2.10518E-04 
2.65395E-01 2.51349E-02 2.47485E-04 
2.63562E-01 2.19000E-02 2.94254E-04 
2.60992E-01 1.89921E-02 3.54259E-04 
2.57711E-01 1.64098E-02 4.32461E-04 
2.54707E-01 1.46286E-02 5.09896E-04 
2.53753E-01 1.41424E-02 5.36034E-04 
2.48785E-01 1.20307E-02 6.88503E-04 
2.43167E-01 1.02368E-02 9.03666E-04 
2.36992E-01 8.72741E-03 1.21469E-03 
2.30359E-01 7.46618E-03 1.67613E-03 
2.23311E-01 6.48291E-03 2.38083E-03 
2.16153E-01 5.63158E-03 3.48949E-03 
2.08768E-01 4.91614E-03 5.29110E-03 
2.01245E-01 4.31054E-03 8.32123E-03 
1.93675E-01 3.79334E-03 1.36015E-02 
1.86181E-01 3.34796E-03 2.31216E-02 
1.79005E-01 2.96368E-03 4.07582E-02 
1.72793E-01 2.63859E-03 7.37287E-02 
1.69390E-01 2.38790E-03 1.33258E-01 
1.72827E-01 2.25010E-03 2.28171E-01 
1.86038E-01 2.23692E-03 3.43830E-01 
2.01430E-01 2.23556E-03 4.35073E-01 
2.07135E-01 2.11988E-03 4.73165E-01 
2.58349E-01 3.69096E-02 1.46696E-04 
2.57891E-01 3.24013E-02 1.68625E-04 
2.55377E-01 2.84935E-02 1.95604E-04 
2.53909E-01 2.47688E-02 2.29192E-04 
2.51725E-01 2.14003E-02 2.71606E-04 
2.48823E-01 1.83913E-02 3.25907E-04 
2.45215E-01 1.57363E-02 3.96490E-04 
2.41962E-01 1.39170E-02 4.66220E-04 
2.40938E-01 1.34224E-02 4.89727E-04 
2.35646E-01 1.12866E-02 6.26684E-04 
2.29730E-01 9.49100E-03 8.19415E-04 
2.23290E-01 7.99754E-03 1.09726E-03 
2.16427E-01 6.76540E-03 1.50844E-03 
2.09227E-01 5.80735E-03 2.13484E-03 
2.01922E-01 4.99775E-03 3.11761E-03 
1.94433E-01 4.32760E-03 4.71049E-03 
1.86848E-01 3.76871E-03 7.38172E-03 
1.79259E-01 3.29774E-03 1.20227E-02 
1.71779E-01 2.89682E-03 2.03636E-02 
1.64633E-01 2.55415E-03 3.57706E-02 
1.58412E-01 2.26612E-03 6.44775E-02 
1.54792E-01 2.04440E-03 1.16123E-01 
1.57418E-01 1.92069E-03 1.98129E-01 
1.68893E-01 1.90387E-03 2.97504E-01 
1.82263E-01 1.89726E-03 3.75114E-01 
1.86809E-01 1.79411E-03 4.06512E-01 
2.46979E-01 3.73650E-02 1.36833E-04 
2.46182E-01 3.26026E-02 1.56741E-04 
2.43699E-01 2.84025E-02 1.81193E-04 
2.41897E-01 2.45002E-02 2.11586E-04 
2.39365E-01 2.09878E-02 2.49850E-04 
2.36137E-01 1.78698E-02 2.98730E-04 
2.32236E-01 1.51382E-02 3.62124E-04 
2.28770E-01 1.32790E-02 4.24637E-04 
2.27689E-01 1.27755E-02 4.45686E-04 
2.22129E-01 1.06136E-02 5.68082E-04 
2.15981E-01 8.81475E-03 7.39907E-04 
2.09341E-01 7.33536E-03 9.86981E-04 
2.02321E-01 6.13028E-03 1.35158E-03 
1.95041E-01 5.19783E-03 1.90580E-03 
1.87668E-01 4.42714E-03 2.77309E-03 
1.80155E-01 3.79921E-03 4.17445E-03 
1.72589E-01 3.28348E-03 6.51848E-03 
1.65057E-01 2.85514E-03 1.05786E-02 
1.57667E-01 2.49513E-03 1.78536E-02 
1.50624E-01 2.19049E-03 3.12505E-02 
1.44465E-01 1.93632E-03 5.61320E-02 
1.40705E-01 1.74114E-03 1.00730E-01 
1.42623E-01 1.63076E-03 1.71258E-01 
1.52513E-01 1.61168E-03 2.56246E-01 
1.64040E-01 1.60141E-03 3.21944E-01 
1.67575E-01 1.51011E-03 3.47658E-01 
2.35251E-01 3.78891E-02 1.27296E-04 
2.34111E-01 3.28616E-02 1.45285E-04 
2.31587E-01 2.83840E-02 1.67333E-04 
2.29448E-01 2.42965E-02 1.94697E-04 
2.26615E-01 2.06380E-02 2.29068E-04 
2.23087E-01 1.74085E-02 2.72845E-04 
2.18907E-01 1.45982E-02 3.29483E-04 
2.15259E-01 1.26988E-02 3.85224E-04 
2.14127E-01 1.21867E-02 4.03976E-04 
2.08354E-01 9.99933E-03 5.12836E-04 
2.02026E-01 8.19720E-03 6.65235E-04 
1.95252E-01 6.73188E-03 8.83809E-04 
1.88144E-01 5.55318E-03 1.20555E-03 
1.80851E-01 4.64707E-03 1.69347E-03 
1.73484E-01 3.91340E-03 2.45497E-03 
1.66022E-01 3.32509E-03 3.68215E-03 
1.58549E-01 2.84961E-03 5.72864E-03 
1.51147E-01 2.46071E-03 9.26341E-03 
1.43915E-01 2.13830E-03 1.55787E-02 
1.37042E-01 1.86850E-03 2.71705E-02 
1.31010E-01 1.64523E-03 4.86291E-02 
1.27182E-01 1.47430E-03 8.69584E-02 
1.28489E-01 1.37647E-03 1.47319E-01 
1.36941E-01 1.35625E-03 2.19644E-01 
1.46800E-01 1.34367E-03 2.74985E-01 
1.49463E-01 1.26346E-03 2.95892E-01 
2.23264E-01 3.84490E-02 1.18107E-04 
2.21795E-01 3.31510E-02 1.34289E-04 
2.19166E-01 2.84092E-02 1.54070E-04 
2.16697E-01 2.41320E-02 1.78572E-04 
2.13578E-01 2.03268E-02 2.09287E-04 
2.09790E-01 1.69879E-02 2.48304E-04 
2.05367E-01 1.41011E-02 2.98633E-04 
2.01551E-01 1.21628E-02 3.48062E-04 
2.00375E-01 1.16424E-02 3.64670E-04 
1.94429E-01 9.43195E-03 4.60954E-04 
1.87977E-01 7.62896E-03 5.95410E-04 
1.81131E-01 6.17920E-03 7.87747E-04 
1.74001E-01 5.02734E-03 1.07017E-03 
1.66754E-01 4.14868E-03 1.49745E-03 
1.59462E-01 3.45067E-03 2.16254E-03 
1.52119E-01 2.89999E-03 3.23153E-03 
1.44805E-01 2.46234E-03 5.00896E-03 
1.37598E-01 2.11005E-03 8.07033E-03 
1.30588E-01 1.82220E-03 1.35237E-02 
1.23944E-01 1.58429E-03 2.35015E-02 
1.18098E-01 1.38917E-03 4.19117E-02 
1.14267E-01 1.24035E-03 7.46812E-02 
1.15057E-01 1.15426E-03 1.26070E-01 
1.22214E-01 1.13381E-03 1.87296E-01 
1.30571E-01 1.11999E-03 2.33654E-01 
1.32492E-01 1.05011E-03 2.50523E-01 
2.11193E-01 3.90213E-02 1.09333E-04 
2.09374E-01 3.34450E-02 1.23807E-04 
2.06593E-01 2.84505E-02 1.41467E-04 
2.03812E-01 2.39856E-02 1.63293E-04 
2.00406E-01 2.00347E-02 1.90579E-04 
1.96383E-01 1.65910E-02 2.25167E-04 
1.91754E-01 1.36332E-02 2.69669E-04 
1.87801E-01 1.16601E-02 3.13268E-04 
1.86590E-01 1.11325E-02 3.27900E-04 
1.80508E-01 8.90351E-03 4.12592E-04 
1.73980E-01 7.10338E-03 5.30564E-04 
1.67114E-01 5.67169E-03 6.98915E-04 
1.60020E-01 4.54801E-03 9.45457E-04 
1.52876E-01 3.69818E-03 1.31766E-03 
1.45720E-01 3.03506E-03 1.89554E-03 
1.38558E-01 2.52042E-03 2.82165E-03 
1.31465E-01 2.11826E-03 4.35754E-03 
1.24511E-01 1.79995E-03 6.99494E-03 
1.17778E-01 1.54385E-03 1.16784E-02 
1.11415E-01 1.33498E-03 2.02227E-02 
1.05806E-01 1.16534E-03 3.59356E-02 
1.02032E-01 1.03658E-03 6.38036E-02 
1.02392E-01 9.61393E-04 1.07324E-01 
1.08393E-01 9.41395E-04 1.58879E-01 
1.15411E-01 9.27158E-04 1.97498E-01 
1.16713E-01 8.66823E-04 2.11001E-01 
1.99114E-01 3.95822E-02 1.00969E-04 
1.96953E-01 3.37268E-02 1.13851E-04 
1.93977E-01 2.84877E-02 1.29525E-04 
1.90881E-01 2.38366E-02 1.48846E-04 
1.87204E-01 1.97455E-02 1.72942E-04 
1.82955E-01 1.62028E-02 2.03415E-04 
1.78149E-01 1.31813E-02 2.42522E-04 
1.74087E-01 1.11790E-02 2.80747E-04 
1.72849E-01 1.06457E-02 2.93562E-04 
1.66678E-01 8.40481E-03 3.67613E-04 
1.60116E-01 6.61253E-03 4.70494E-04 
1.53273E-01 5.20239E-03 6.16926E-04 
1.46266E-01 4.10888E-03 8.30837E-04 
1.39275E-01 3.28962E-03 1.15309E-03 
1.32313E-01 2.66119E-03 1.65213E-03 
1.25389E-01 2.18134E-03 2.44978E-03 
1.18571E-01 1.81277E-03 3.76882E-03 
1.11922E-01 1.52610E-03 6.02733E-03 
1.05513E-01 1.29921E-03 1.00260E-02 
9.94761E-02 1.11677E-03 1.72983E-02 
9.41496E-02 9.70194E-04 3.06286E-02 
9.04835E-02 8.59569E-04 5.41843E-02 
9.04930E-02 7.94441E-04 9.08172E-02 
9.54687E-02 7.75430E-04 1.33961E-01 
1.01302E-01 7.61412E-04 1.65926E-01 
1.02092E-01 7.09826E-04 1.76635E-01 
1.87246E-01 4.01018E-02 9.31150E-05 
1.84769E-01 3.39740E-02 1.04536E-04 
1.81577E-01 2.85026E-02 1.18384E-04 
1.78184E-01 2.36733E-02 1.35410E-04 
1.74236E-01 1.94493E-02 1.56572E-04 
1.69776E-01 1.58165E-02 1.83279E-04 
1.64813E-01 1.27403E-02 2.17468E-04 
1.60663E-01 1.07153E-02 2.50814E-04 
1.59406E-01 1.01783E-02 2.61981E-04 
1.53184E-01 7.93362E-03 3.26406E-04 
1.46633E-01 6.15549E-03 4.15685E-04 
1.39866E-01 4.77126E-03 5.42442E-04 
1.32991E-01 3.71029E-03 7.27154E-04 
1.26196E-01 2.92309E-03 1.00481E-03 
1.19472E-01 2.32890E-03 1.43371E-03 
1.12830E-01 1.88245E-03 2.11745E-03 
1.06330E-01 1.54543E-03 3.24497E-03 
1.00025E-01 1.28789E-03 5.17009E-03 
9.39771E-02 1.08752E-03 8.56870E-03 
8.82993E-02 9.28812E-04 1.47297E-02 
8.32874E-02 8.02806E-04 2.59861E-02 
7.97717E-02 7.08292E-04 4.58078E-02 
7.95075E-02 6.52282E-04 7.65020E-02 
8.35915E-02 6.34621E-04 1.12442E-01 
8.83939E-02 6.21285E-04 1.38774E-01 
8.87766E-02 5.77561E-04 1.47202E-01 
1.75486E-01 4.05718E-02 8.56478E-05 
1.72704E-01 3.41750E-02 9.57098E-05 
1.69275E-01 2.84785E-02 1.07856E-04 
1.65608E-01 2.34797E-02 1.22757E-04 
1.61411E-01 1.91321E-02 1.41209E-04 
1.56739E-01 1.54168E-02 1.64418E-04 
1.51631E-01 1.22951E-02 1.94070E-04 
1.47410E-01 1.02547E-02 2.22924E-04 
1.46140E-01 9.71590E-03 2.32577E-04 
1.39886E-01 7.47554E-03 2.88163E-04 
1.33380E-01 5.71875E-03 3.65016E-04 
1.26732E-01 4.36591E-03 4.73881E-04 
1.20042E-01 3.34111E-03 6.32143E-04 
1.13493E-01 2.58840E-03 8.69560E-04 
1.07055E-01 2.02898E-03 1.23538E-03 
1.00739E-01 1.61532E-03 1.81697E-03 
9.45977E-02 1.30845E-03 2.77337E-03 
8.86748E-02 1.07820E-03 4.40167E-03 
8.30214E-02 9.02235E-04 7.26748E-03 
7.77337E-02 7.65120E-04 1.24469E-02 
7.30662E-02 6.57647E-04 2.18782E-02 
6.97382E-02 5.77636E-04 3.84253E-02 
6.92647E-02 5.29963E-04 6.39395E-02 
7.25678E-02 5.13906E-04 9.36357E-02 
7.64674E-02 5.01587E-04 1.15143E-01 
7.65286E-02 4.64985E-04 1.21692E-01 
1.64027E-01 4.09720E-02 7.86459E-05 
1.60944E-01 3.43118E-02 8.74544E-05 
1.57302E-01 2.84068E-02 9.80573E-05 
1.53349E-01 2.32448E-02 1.10996E-04 
1.48922E-01 1.87855E-02 1.26973E-04 
1.44068E-01 1.50009E-02 1.47011E-04 
1.38837E-01 1.18448E-02 1.72543E-04 
1.34570E-01 9.79744E-03 1.97347E-04 
1.33290E-01 9.25887E-03 2.05629E-04 
1.27033E-01 7.03227E-03 2.53247E-04 
1.20605E-01 5.30400E-03 3.18932E-04 
1.14108E-01 3.98758E-03 4.11768E-04 
1.07639E-01 3.00208E-03 5.46437E-04 
1.01368E-01 2.28577E-03 7.48054E-04 
9.52517E-02 1.76135E-03 1.05795E-03 
8.92965E-02 1.37964E-03 1.54938E-03 
8.35445E-02 1.10136E-03 2.35527E-03 
7.80304E-02 8.96394E-04 3.72334E-03 
7.27946E-02 7.42653E-04 6.12383E-03 
6.79159E-02 6.24883E-04 1.04488E-02 
6.36120E-02 5.33869E-04 1.82982E-02 
6.05001E-02 4.66690E-04 3.20187E-02 
5.98767E-02 4.26500E-04 5.30832E-02 
6.25098E-02 4.12185E-04 7.74521E-02 
6.56348E-02 4.01096E-04 9.48916E-02 
6.54532E-02 3.70821E-04 9.99211E-02 
1.52957E-01 4.12954E-02 7.21138E-05 
1.49568E-01 3.43750E-02 7.97659E-05 
1.45700E-01 2.82727E-02 8.89527E-05 
1.41515E-01 2.29650E-02 1.00126E-04 
1.36868E-01 1.84053E-02 1.13853E-04 
1.31842E-01 1.45629E-02 1.31009E-04 
1.26502E-01 1.13840E-02 1.52814E-04 
1.22205E-01 9.33807E-03 1.73965E-04 
1.20925E-01 8.80240E-03 1.81022E-04 
1.14712E-01 6.60044E-03 2.21525E-04 
1.08391E-01 4.90819E-03 2.77244E-04 
1.02072E-01 3.63328E-03 3.55809E-04 
9.58488E-02 2.69016E-03 4.69525E-04 
8.98831E-02 2.01204E-03 6.39475E-04 
8.41165E-02 1.52285E-03 9.00095E-04 
7.85478E-02 1.17232E-03 1.31230E-03 
7.32078E-02 9.21153E-04 1.98649E-03 
6.81209E-02 7.39586E-04 3.12765E-03 
6.33167E-02 6.05990E-04 5.12408E-03 
5.88592E-02 5.05514E-04 8.70937E-03 
5.49305E-02 4.29041E-04 1.51943E-02 
5.20555E-02 3.73139E-04 2.64887E-02 
5.13341E-02 3.39612E-04 4.37515E-02 
5.33989E-02 3.27094E-04 6.35992E-02 
5.58665E-02 3.17358E-04 7.76308E-02 
5.55101E-02 2.92649E-04 8.14411E-02 
1.42321E-01 4.15330E-02 6.60393E-05 
1.38639E-01 3.43602E-02 7.26356E-05 
1.34549E-01 2.80719E-02 8.05325E-05 
1.30143E-01 2.26314E-02 9.01020E-05 
1.25296E-01 1.79845E-02 1.01793E-04 
1.20124E-01 1.40982E-02 1.16357E-04 
1.14704E-01 1.09101E-02 1.34824E-04 
1.10382E-01 8.87374E-03 1.52688E-04 
1.09102E-01 8.34301E-03 1.58641E-04 
1.02941E-01 6.17464E-03 1.92766E-04 
9.67680E-02 4.52712E-03 2.39643E-04 
9.06776E-02 3.30010E-03 3.05638E-04 
8.47399E-02 2.40291E-03 4.00939E-04 
7.91041E-02 1.76472E-03 5.43092E-04 
7.37044E-02 1.31085E-03 7.60560E-04 
6.85365E-02 9.90613E-04 1.10361E-03 
6.36198E-02 7.65075E-04 1.66318E-03 
5.89688E-02 6.05104E-04 2.60762E-03 
5.46022E-02 4.89722E-04 4.25488E-03 
5.05691E-02 4.04610E-04 7.20378E-03 
4.70197E-02 3.40903E-04 1.25195E-02 
4.43954E-02 2.94852E-04 2.17426E-02 
4.36201E-02 2.67212E-04 3.57768E-02 
4.52089E-02 2.56476E-04 5.18108E-02 
4.71248E-02 2.48144E-04 6.30035E-02 
4.66516E-02 2.28285E-04 6.58463E-02 
1.32161E-01 4.16802E-02 6.04100E-05 
1.28212E-01 3.42658E-02 6.60514E-05 
1.23894E-01 2.78009E-02 7.27733E-05 
1.19289E-01 2.22415E-02 8.08964E-05 
1.14282E-01 1.75246E-02 9.07710E-05 
1.08991E-01 1.36089E-02 1.03022E-04 
1.03504E-01 1.04228E-02 1.18501E-04 
9.91762E-02 8.40428E-03 1.33445E-04 
9.79056E-02 7.88108E-03 1.38423E-04 
9.18425E-02 5.75751E-03 1.66937E-04 
8.58373E-02 4.16148E-03 2.06021E-04 
7.99773E-02 2.98622E-03 2.60913E-04 
7.43378E-02 2.13757E-03 3.40048E-04 
6.90508E-02 1.54086E-03 4.57921E-04 
6.40376E-02 1.12253E-03 6.37854E-04 
5.92844E-02 8.31813E-04 9.20986E-04 
5.48000E-02 6.30544E-04 1.38154E-03 
5.05889E-02 4.90485E-04 2.15668E-03 
4.66602E-02 3.91525E-04 3.50452E-03 
4.30483E-02 3.19994E-04 5.90968E-03 
3.98759E-02 2.67428E-04 1.02304E-02 
3.75095E-02 2.29916E-04 1.76982E-02 
3.67172E-02 2.07427E-04 2.90100E-02 
3.79130E-02 1.98411E-04 4.18503E-02 
3.93722E-02 1.91466E-04 5.06961E-02 
3.88304E-02 1.75802E-04 5.27804E-02 
1.22505E-01 4.17325E-02 5.52076E-05 
1.18309E-01 3.40876E-02 5.99861E-05 
1.13776E-01 2.74574E-02 6.56475E-05 
1.08981E-01 2.17921E-02 7.24643E-05 
1.03848E-01 1.70222E-02 8.07229E-05 
9.84551E-02 1.30897E-02 9.09058E-05 
9.29303E-02 9.91939E-03 1.03739E-04 
8.86257E-02 7.92889E-03 1.16113E-04 
8.73674E-02 7.41540E-03 1.20231E-04 
8.14197E-02 5.34561E-03 1.43796E-04 
7.56062E-02 3.80821E-03 1.76046E-04 
7.00065E-02 2.68993E-03 2.21268E-04 
6.46846E-02 1.89250E-03 2.86351E-04 
5.97589E-02 1.33845E-03 3.83175E-04 
5.51413E-02 9.55559E-04 5.30673E-04 
5.08079E-02 6.93492E-04 7.62221E-04 
4.67568E-02 5.15134E-04 1.13787E-03 
4.29823E-02 3.93383E-04 1.76829E-03 
3.94836E-02 3.09149E-04 2.86117E-03 
3.62842E-02 2.49589E-04 4.80493E-03 
3.34804E-02 2.06686E-04 8.28451E-03 
3.13731E-02 1.76523E-04 1.42755E-02 
3.05937E-02 1.58508E-04 2.33079E-02 
3.14701E-02 1.51114E-04 3.34927E-02 
3.25566E-02 1.45503E-04 4.04134E-02 
3.19852E-02 1.33428E-04 4.19104E-02 
1.13345E-01 4.16814E-02 5.04024E-05 
1.08938E-01 3.38222E-02 5.44097E-05 
1.04222E-01 2.70438E-02 5.91268E-05 
9.92612E-02 2.12866E-02 6.47772E-05 
9.40225E-02 1.64782E-02 7.15968E-05 
8.85623E-02 1.25447E-02 7.99574E-05 
8.30253E-02 9.40248E-03 9.04621E-05 
7.87591E-02 7.44798E-03 1.00578E-04 
7.75204E-02 6.94659E-03 1.03942E-04 
7.17084E-02 4.93940E-03 1.23180E-04 
6.61034E-02 3.46697E-03 1.49477E-04 
6.07858E-02 2.40995E-03 1.86328E-04 
5.58038E-02 1.66619E-03 2.39313E-04 
5.12508E-02 1.15568E-03 3.18056E-04 
4.70310E-02 8.07892E-04 4.37765E-04 
4.31154E-02 5.73479E-04 6.25245E-04 
3.94906E-02 4.16643E-04 9.28623E-04 
3.61420E-02 3.11650E-04 1.43629E-03 
3.30603E-02 2.40588E-04 2.31365E-03 
3.02577E-02 1.91498E-04 3.86898E-03 
2.78086E-02 1.56922E-04 6.64331E-03 
2.59560E-02 1.33038E-04 1.14010E-02 
2.52127E-02 1.18875E-04 1.85399E-02 
2.58341E-02 1.12984E-04 2.65346E-02 
2.66215E-02 1.08626E-04 3.18893E-02 
2.60510E-02 9.95951E-05 3.29381E-02 
1.04709E-01 4.15324E-02 4.59824E-05 
1.00126E-01 3.34757E-02 4.93041E-05 
9.52450E-02 2.65622E-02 5.31770E-05 
9.01447E-02 2.07277E-02 5.77914E-05 
8.48142E-02 1.58936E-02 6.33319E-05 
7.93295E-02 1.19754E-02 7.01038E-05 
7.38129E-02 8.87428E-03 7.85780E-05 
6.95995E-02 6.96327E-03 8.67243E-05 
6.83833E-02 6.47589E-03 8.94315E-05 
6.27342E-02 4.53990E-03 1.04927E-04 
5.73698E-02 3.13877E-03 1.26114E-04 
5.23522E-02 2.14648E-03 1.55796E-04 
4.77109E-02 1.45758E-03 1.98416E-04 
4.35263E-02 9.90764E-04 2.61707E-04 
3.97026E-02 6.77539E-04 3.57790E-04 
3.61978E-02 4.69678E-04 5.07947E-04 
3.29882E-02 3.32995E-04 7.50310E-04 
3.00503E-02 2.43293E-04 1.15474E-03 
2.73677E-02 1.83960E-04 1.85153E-03 
2.49418E-02 1.43984E-04 3.08256E-03 
2.28292E-02 1.16539E-04 5.27051E-03 
2.12224E-02 9.79817E-05 9.00725E-03 
2.05322E-02 8.71068E-05 1.45867E-02 
2.09542E-02 8.25855E-05 2.07907E-02 
2.15060E-02 7.93847E-05 2.48835E-02 
2.09594E-02 7.29110E-05 2.55960E-02 
9.65867E-02 4.12887E-02 4.19187E-05 
9.18359E-02 3.30430E-02 4.46212E-05 
8.68305E-02 2.60141E-02 4.77510E-05 
8.16172E-02 2.01170E-02 5.14493E-05 
7.62295E-02 1.52734E-02 5.58695E-05 
7.07383E-02 1.13829E-02 6.12458E-05 
6.52726E-02 8.33522E-03 6.79579E-05 
6.11388E-02 6.47608E-03 7.44069E-05 
5.99526E-02 6.00481E-03 7.65504E-05 
5.44832E-02 4.14718E-03 8.88160E-05 
4.93775E-02 2.82247E-03 1.05628E-04 
4.46689E-02 1.89763E-03 1.29184E-04 
4.03803E-02 1.26495E-03 1.63013E-04 
3.65693E-02 8.42007E-04 2.13244E-04 
3.31350E-02 5.62577E-04 2.89388E-04 
3.00290E-02 3.80077E-04 4.08156E-04 
2.72187E-02 2.62188E-04 5.99399E-04 
2.46720E-02 1.86393E-04 9.17629E-04 
2.23659E-02 1.37460E-04 1.46420E-03 
2.02941E-02 1.05401E-04 2.42648E-03 
1.84963E-02 8.40345E-05 4.13040E-03 
1.71230E-02 6.99717E-05 7.02831E-03 
1.64977E-02 6.18894E-05 1.13332E-02 
1.67672E-02 5.86035E-05 1.60845E-02 
1.71365E-02 5.64541E-05 1.91685E-02 
1.66305E-02 5.21166E-05 1.96335E-02 
8.90281E-02 4.09506E-02 3.82176E-05 
8.41356E-02 3.25322E-02 4.03735E-05 
7.90371E-02 2.54063E-02 4.28542E-05 
7.37451E-02 1.94643E-02 4.57564E-05 
6.83178E-02 1.46234E-02 4.91988E-05 
6.28578E-02 1.07760E-02 5.33812E-05 
5.74681E-02 7.79252E-03 5.85858E-05 
5.34331E-02 5.99206E-03 6.35907E-05 
5.22831E-02 5.53872E-03 6.52568E-05 
4.70230E-02 3.76647E-03 7.48048E-05 
4.21825E-02 2.52123E-03 8.79247E-05 
3.77907E-02 1.66540E-03 1.06352E-04 
3.38563E-02 1.08908E-03 1.32851E-04 
3.04130E-02 7.09213E-04 1.72227E-04 
2.73582E-02 4.62325E-04 2.31873E-04 
2.46346E-02 3.03706E-04 3.24751E-04 
2.22004E-02 2.03077E-04 4.73961E-04 
2.00179E-02 1.39745E-04 7.21544E-04 
1.80593E-02 9.99105E-05 1.14545E-03 
1.63118E-02 7.46226E-05 1.88912E-03 
1.48019E-02 5.83607E-05 3.20091E-03 
1.36442E-02 4.80312E-05 5.42231E-03 
1.30902E-02 4.22832E-05 8.70476E-03 
1.32471E-02 4.00911E-05 1.22996E-02 
1.34800E-02 3.88806E-05 1.45930E-02 
1.30244E-02 3.62967E-05 1.48814E-02 
8.19200E-02 4.05181E-02 3.48071E-05 
7.69172E-02 3.19429E-02 3.64790E-05 
7.17420E-02 2.47334E-02 3.83819E-05 
6.64121E-02 1.87658E-02 4.05921E-05 
6.09789E-02 1.39434E-02 4.31855E-05 
5.55713E-02 1.01508E-02 4.63308E-05 
5.02941E-02 7.24399E-03 5.02495E-05 
4.63731E-02 5.50843E-03 5.40183E-05 
4.52628E-02 5.07454E-03 5.52763E-05 
4.02405E-02 3.39448E-03 6.25306E-05 
3.56839E-02 2.23244E-03 7.25447E-05 
3.16138E-02 1.44693E-03 8.66609E-05 
2.80331E-02 9.26998E-04 1.07029E-04 
2.49567E-02 5.89653E-04 1.37387E-04 
2.22703E-02 3.74150E-04 1.83356E-04 
1.99106E-02 2.38043E-04 2.54825E-04 
1.78298E-02 1.53339E-04 3.69380E-04 
1.59864E-02 1.01247E-04 5.58936E-04 
1.43479E-02 6.94257E-05 8.82418E-04 
1.28976E-02 4.99753E-05 1.44793E-03 
1.16500E-02 3.80308E-05 2.44140E-03 
1.06909E-02 3.08248E-05 4.11610E-03 
1.02112E-02 2.70423E-05 6.57688E-03 
1.02868E-02 2.58242E-05 9.24955E-03 
1.04193E-02 2.54589E-05 1.09232E-02 
1.00197E-02 2.43216E-05 1.10870E-02 
7.52993E-02 3.99961E-02 3.16908E-05 
7.02238E-02 3.12854E-02 3.29420E-05 
6.49958E-02 2.40081E-02 3.43402E-05 
5.96580E-02 1.80317E-02 3.59526E-05 
5.42518E-02 1.32430E-02 3.78204E-05 
4.89232E-02 9.51728E-03 4.00836E-05 
4.37852E-02 6.69716E-03 4.29194E-05 
4.00048E-02 5.03303E-03 4.56627E-05 
3.89410E-02 4.62010E-03 4.65829E-05 
3.41656E-02 3.03586E-03 5.19203E-05 
2.99069E-02 1.95920E-03 5.93730E-05 
2.61724E-02 1.24462E-03 6.99719E-05 
2.29430E-02 7.80035E-04 8.53397E-05 
2.02140E-02 4.83397E-04 1.08320E-04 
1.78746E-02 2.97501E-04 1.43146E-04 
1.58541E-02 1.82255E-04 1.97246E-04 
1.40995E-02 1.12016E-04 2.83792E-04 
1.25650E-02 6.99116E-05 4.26616E-04 
1.12155E-02 4.50545E-05 6.69521E-04 
1.00311E-02 3.05672E-05 1.09262E-03 
9.01748E-03 2.22277E-05 1.83274E-03 
8.23650E-03 1.76013E-05 3.07433E-03 
7.83001E-03 1.54545E-05 4.88778E-03 
7.84984E-03 1.50940E-05 6.83980E-03 
7.91114E-03 1.54780E-05 8.03721E-03 
7.56890E-03 1.55220E-05 8.11713E-03 
6.91292E-02 3.93803E-02 2.88398E-05 
6.40148E-02 3.05583E-02 2.97259E-05 
5.87704E-02 2.32342E-02 3.06905E-05 
5.34501E-02 1.72653E-02 3.17885E-05 
4.81058E-02 1.25267E-02 3.30429E-05 
4.28833E-02 8.87958E-03 3.45630E-05 
3.79086E-02 6.15521E-03 3.64960E-05 
3.42872E-02 4.56786E-03 3.83923E-05 
3.32748E-02 4.17707E-03 3.90346E-05 
2.87673E-02 2.69257E-03 4.28052E-05 
2.48165E-02 1.70245E-03 4.81730E-05 
2.14164E-02 1.05806E-03 5.59178E-05 
1.85307E-02 6.47240E-04 6.72467E-05 
1.61366E-02 3.89397E-04 8.42929E-05 
1.41242E-02 2.31194E-04 1.10180E-04 
1.24176E-02 1.35093E-04 1.50384E-04 
1.09599E-02 7.78599E-05 2.14597E-04 
9.70284E-03 4.45548E-05 3.20277E-04 
8.61050E-03 2.57104E-05 4.99420E-04 
7.65990E-03 1.54165E-05 8.10139E-04 
6.85122E-03 1.00742E-05 1.35125E-03 
6.22697E-03 7.56946E-06 2.25424E-03 
5.88993E-03 6.78138E-06 3.56448E-03 
5.87348E-03 7.17634E-06 4.96093E-03 
5.88633E-03 8.22518E-06 5.79776E-03 
5.59955E-03 9.23115E-06 5.82365E-03 
6.33846E-02 3.86704E-02 2.62317E-05 
5.82682E-02 2.97658E-02 2.68054E-05 
5.30375E-02 2.24158E-02 2.73981E-05 
4.77637E-02 1.64721E-02 2.80588E-05 
4.25134E-02 1.17996E-02 2.87999E-05 
3.74257E-02 8.24303E-03 2.97036E-05 
3.26355E-02 5.62235E-03 3.08928E-05 
2.91906E-02 4.11643E-03 3.21015E-05 
2.82328E-02 3.74861E-03 3.25178E-05 
2.40116E-02 2.36674E-03 3.50286E-05 
2.03753E-02 1.46324E-03 3.87273E-05 
1.73075E-02 8.87548E-04 4.41984E-05 
1.47553E-02 5.28260E-04 5.23216E-05 
1.26796E-02 3.06915E-04 6.46708E-05 
1.09709E-02 1.74253E-04 8.34957E-05 
9.55042E-03 9.54709E-05 1.12753E-04 
8.35867E-03 4.97884E-05 1.59422E-04 
7.34691E-03 2.41548E-05 2.36021E-04 
6.47895E-03 1.04550E-05 3.65404E-04 
5.73076E-03 3.68838E-06 5.88809E-04 
5.09832E-03 8.27453E-07 9.75934E-04 
4.60928E-03 6.49818E-08 1.61815E-03 
4.33572E-03 4.06417E-07 2.54311E-03 
4.29740E-03 1.46887E-06 3.51778E-03 
4.27878E-03 3.11009E-06 4.08600E-03 
4.04313E-03 4.89946E-06 4.07916E-03 
5.80379E-02 3.78663E-02 2.38450E-05 
5.29463E-02 2.89052E-02 2.41499E-05 
4.77662E-02 2.15561E-02 2.44296E-05 
4.25674E-02 1.56564E-02 2.47226E-05 
3.74405E-02 1.10660E-02 2.50388E-05 
3.25161E-02 7.61203E-03 2.54392E-05 
2.79332E-02 5.10280E-03 2.60279E-05 
2.46783E-02 3.68189E-03 2.66866E-05 
2.37795E-02 3.33785E-03 2.69239E-05 
1.98569E-02 2.06010E-03 2.84392E-05 
1.65398E-02 1.24246E-03 3.08288E-05 
1.37987E-02 7.33208E-04 3.45228E-05 
1.15694E-02 4.22803E-04 4.01577E-05 
9.79203E-03 2.35216E-04 4.88547E-05 
8.36176E-03 1.25751E-04 6.21996E-05 
7.19809E-03 6.24060E-05 8.29796E-05 
6.24080E-03 2.68457E-05 1.16095E-04 
5.44192E-03 7.82566E-06 1.70298E-04 
4.76613E-03 -1.50912E-06 2.61483E-04 
4.18984E-03 -5.32427E-06 4.18153E-04 
3.70589E-03 -6.13531E-06 6.88057E-04 
3.33094E-03 -5.46633E-06 1.13272E-03 
3.11341E-03 -4.18181E-06 1.76750E-03 
3.06326E-03 -2.52517E-06 2.42726E-03 
3.02528E-03 -3.52408E-07 2.79885E-03 
2.83485E-03 2.07752E-06 2.77399E-03 
5.30544E-02 3.69606E-02 2.16573E-05 
4.80169E-02 2.79743E-02 2.17336E-05 
4.29247E-02 2.06570E-02 2.17543E-05 
3.78336E-02 1.48232E-02 2.17444E-05 
3.28550E-02 1.03303E-02 2.17128E-05 
2.81210E-02 6.99100E-03 2.17109E-05 
2.37654E-02 4.60011E-03 2.18238E-05 
2.07124E-02 3.26716E-03 2.20529E-05 
1.98763E-02 2.94755E-03 2.21522E-05 
1.62624E-02 1.77452E-03 2.29011E-05 
1.32657E-02 1.04098E-03 2.42898E-05 
1.08435E-02 5.95207E-04 2.66297E-05 
8.91872E-03 3.30324E-04 3.03662E-05 
7.41782E-03 1.73513E-04 3.62827E-05 
6.24026E-03 8.48184E-05 4.54632E-05 
5.30432E-03 3.50335E-05 5.98121E-05 
4.55054E-03 8.21330E-06 8.26646E-05 
3.93303E-03 -5.17834E-06 1.19952E-04 
3.41836E-03 -1.08442E-05 1.82362E-04 
2.98486E-03 -1.22026E-05 2.88980E-04 
2.62311E-03 -1.13221E-05 4.71308E-04 
2.34204E-03 -9.47373E-06 7.69080E-04 
2.17219E-03 -7.39597E-06 1.18938E-03 
2.11669E-03 -5.20535E-06 1.61841E-03 
2.06747E-03 -2.55135E-06 1.84888E-03 
1.91539E-03 4.05470E-07 1.81566E-03 
4.83749E-02 3.59329E-02 1.96373E-05 
4.34314E-02 2.69655E-02 1.95249E-05 
3.84596E-02 1.97127E-02 1.93325E-05 
3.35103E-02 1.39707E-02 1.90772E-05 
2.87091E-02 9.59376E-03 1.87680E-05 
2.41915E-02 6.38164E-03 1.84513E-05 
2.00827E-02 4.11611E-03 1.81972E-05 
1.72421E-02 2.87364E-03 1.80998E-05 
1.64708E-02 2.57880E-03 1.80946E-05 
1.31730E-02 1.51043E-03 1.82697E-05 
1.04962E-02 8.58729E-04 1.89158E-05 
8.38209E-03 4.73024E-04 2.02508E-05 
6.74489E-03 2.50153E-04 2.25810E-05 
5.49835E-03 1.21009E-04 2.64339E-05 
4.54578E-03 5.05839E-05 3.25122E-05 
3.80772E-03 1.25132E-05 4.20700E-05 
3.22718E-03 -6.86493E-06 5.72905E-05 
2.76124E-03 -1.55171E-05 8.20265E-05 
2.37910E-03 -1.81177E-05 1.23148E-04 
2.06157E-03 -1.74349E-05 1.92864E-04 
1.79816E-03 -1.51529E-05 3.10885E-04 
1.59240E-03 -1.23249E-05 5.01298E-04 
1.46168E-03 -9.57112E-06 7.65739E-04 
1.40450E-03 -6.89412E-06 1.02859E-03 
1.34909E-03 -3.79902E-06 1.15965E-03 
1.22821E-03 -4.04657E-07 1.12397E-03 
4.39783E-02 3.47632E-02 1.77717E-05 
3.91725E-02 2.58715E-02 1.75092E-05 
3.43550E-02 1.87223E-02 1.71468E-05 
2.95836E-02 1.31034E-02 1.67006E-05 
2.49880E-02 8.86201E-03 1.61781E-05 
2.07107E-02 5.78985E-03 1.56253E-05 
1.68667E-02 3.65624E-03 1.51016E-05 
1.42458E-02 2.50574E-03 1.47673E-05 
1.35406E-02 2.23568E-03 1.46869E-05 
1.05622E-02 1.27058E-03 1.44551E-05 
8.19725E-03 6.97032E-04 1.45746E-05 
6.37640E-03 3.67118E-04 1.51975E-05 
5.00393E-03 1.82113E-04 1.65231E-05 
3.98529E-03 7.72137E-05 1.88932E-05 
3.22980E-03 2.25002E-05 2.27400E-05 
2.65995E-03 -5.69621E-06 2.88426E-05 
2.22285E-03 -1.88921E-05 3.85552E-05 
1.87970E-03 -2.36386E-05 5.42438E-05 
1.60316E-03 -2.37189E-05 8.00639E-05 
1.37650E-03 -2.13580E-05 1.23317E-04 
1.18941E-03 -1.79205E-05 1.95404E-04 
1.04181E-03 -1.42790E-05 3.09483E-04 
9.41632E-04 -1.09474E-05 4.63729E-04 
8.84362E-04 -7.82706E-06 6.10137E-04 
8.25418E-04 -4.32903E-06 6.73043E-04 
7.28698E-04 -5.72301E-07 6.38296E-04 
3.97879E-02 3.34078E-02 1.60247E-05 
3.51667E-02 2.46638E-02 1.56473E-05 
3.05448E-02 1.76696E-02 1.51551E-05 
2.59917E-02 1.22126E-02 1.45676E-05 
2.16344E-02 8.13180E-03 1.38895E-05 
1.76209E-02 5.21421E-03 1.31679E-05 
1.40599E-02 3.21996E-03 1.24578E-05 
1.16663E-02 2.16325E-03 1.19623E-05 
1.10285E-02 1.91803E-03 1.18314E-05 
8.36883E-03 1.05431E-03 1.13269E-05 
6.30728E-03 5.55071E-04 1.10943E-05 
4.76288E-03 2.76494E-04 1.12362E-05 
3.63244E-03 1.25234E-04 1.18738E-05 
2.81545E-03 4.12514E-05 1.32128E-05 
2.22883E-03 -2.26323E-07 1.54925E-05 
1.79897E-03 -2.02620E-05 1.91571E-05 
1.47810E-03 -2.84046E-05 2.49764E-05 
1.23211E-03 -2.99721E-05 3.42709E-05 
1.03766E-03 -2.79955E-05 4.93055E-05 
8.80173E-04 -2.42585E-05 7.39209E-05 
7.50631E-04 -1.98667E-05 1.13787E-04 
6.46506E-04 -1.55470E-05 1.74539E-04 
5.69099E-04 -1.17185E-05 2.52229E-04 
5.11959E-04 -8.19419E-06 3.18453E-04 
4.50629E-04 -4.32972E-06 3.35568E-04 
3.71739E-04 -2.75862E-07 3.03334E-04 
3.57377E-02 3.18098E-02 1.43665E-05 
3.13495E-02 2.33024E-02 1.39059E-05 
2.69741E-02 1.65327E-02 1.33239E-05 
2.26823E-02 1.12862E-02 1.26403E-05 
1.86015E-02 7.39845E-03 1.18601E-05 
1.48791E-02 4.65375E-03 1.10310E-05 
1.16199E-02 2.80775E-03 1.02069E-05 
9.46012E-03 1.84670E-03 9.61394E-06 
8.89019E-03 1.62630E-03 9.45275E-06 
6.54721E-03 8.61774E-04 8.78636E-06 
4.77736E-03 4.32531E-04 8.34113E-06 
3.48966E-03 2.00533E-04 8.18227E-06 
2.57635E-03 7.87866E-05 8.37486E-06 
1.93419E-03 1.24513E-05 9.02771E-06 
1.48905E-03 -1.81399E-05 1.02461E-05 
1.17263E-03 -3.16024E-05 1.22432E-05 
9.43003E-04 -3.57204E-05 1.53851E-05 
7.71300E-04 -3.47583E-05 2.02754E-05 
6.38231E-04 -3.11365E-05 2.78853E-05 
5.31647E-04 -2.62904E-05 3.97027E-05 
4.43846E-04 -2.11252E-05 5.75076E-05 
3.70873E-04 -1.62520E-05 8.18954E-05 
3.09476E-04 -1.20064E-05 1.07668E-04 
2.51995E-04 -8.12523E-06 1.20026E-04 
1.88605E-04 -3.94069E-06 1.07239E-04 
1.22230E-04 3.42998E-07 7.80993E-05 
3.17399E-02 2.98821E-02 1.27598E-05 
2.76406E-02 2.17271E-02 1.22464E-05 
2.35726E-02 1.52752E-02 1.16139E-05 
1.95930E-02 1.03030E-02 1.08771E-05 
1.58341E-02 6.65130E-03 1.00452E-05 
1.24361E-02 4.10402E-03 9.16503E-06 
9.50001E-03 2.41798E-03 8.29043E-06 
7.58176E-03 1.55545E-03 7.65481E-06 
7.08072E-03 1.36002E-03 7.48038E-06 
5.05032E-03 6.92477E-04 6.74114E-06 
3.55817E-03 3.28741E-04 6.19159E-06 
2.50570E-03 1.38484E-04 5.86882E-06 
1.78346E-03 4.20742E-05 5.79675E-06 
1.28931E-03 -9.69930E-06 6.01713E-06 
9.59367E-04 -3.15910E-05 6.54487E-06 
7.31878E-04 -3.99252E-05 7.43754E-06 
5.71433E-04 -4.09466E-05 8.79185E-06 
4.54432E-04 -3.80478E-05 1.07337E-05 
3.65479E-04 -3.31674E-05 1.33724E-05 
2.94835E-04 -2.74753E-05 1.66420E-05 
2.36030E-04 -2.17258E-05 1.97586E-05 
1.84440E-04 -1.64374E-05 2.00626E-05 
1.33667E-04 -1.18730E-05 1.16769E-05 
7.53752E-05 -7.70625E-06 -1.09669E-05 
1.01173E-05 -3.27428E-06 -4.24795E-05 
-4.76748E-05 1.15431E-06 -6.83584E-05 
2.76985E-02 2.75133E-02 1.11633E-05 
2.39546E-02 1.98625E-02 1.06278E-05 
2.02570E-02 1.38438E-02 9.98031E-06 
1.66510E-02 9.23073E-03 9.23230E-06 
1.32684E-02 5.87257E-03 8.39724E-06 
1.02361E-02 3.55617E-03 7.51880E-06 
7.64917E-03 2.04643E-03 6.65034E-06 
5.98301E-03 1.28723E-03 6.01938E-06 
5.55213E-03 1.11722E-03 5.84591E-06 
3.83133E-03 5.45314E-04 5.10581E-06 
2.60184E-03 2.42821E-04 4.53396E-06 
1.76205E-03 8.96353E-05 4.14704E-06 
1.20473E-03 1.46199E-05 3.93945E-06 
8.32815E-04 -2.53592E-05 3.90795E-06 
5.93730E-04 -4.05315E-05 4.00963E-06 
4.33432E-04 -4.50456E-05 4.20229E-06 
3.23324E-04 -4.38319E-05 4.41119E-06 
2.44897E-04 -3.95819E-05 4.45903E-06 
1.86304E-04 -3.38608E-05 3.91191E-06 
1.39960E-04 -2.76368E-05 1.73281E-06 
1.00493E-04 -2.15492E-05 -4.44987E-06 
6.30672E-05 -1.60406E-05 -1.92375E-05 
1.92578E-05 -1.13093E-05 -4.87419E-05 
-3.95102E-05 -6.98424E-06 -9.25001E-05 
-1.05653E-04 -2.43464E-06 -1.34478E-04 
-1.57179E-04 2.00821E-06 -1.57019E-04 
2.35462E-02 2.46096E-02 9.54575E-06 
2.02217E-02 1.76379E-02 9.01486E-06 
1.69536E-02 1.21844E-02 8.38268E-06 
1.37861E-02 8.03360E-03 7.66229E-06 
1.08379E-02 5.03960E-03 6.86820E-06 
8.21930E-03 2.99751E-03 6.04042E-06 
6.01393E-03 1.68654E-03 5.22953E-06 
4.61371E-03 1.03813E-03 4.64422E-06 
4.25502E-03 8.94527E-04 4.48363E-06 
2.84320E-03 4.18535E-04 3.80032E-06 
1.86209E-03 1.73783E-04 3.26709E-06 
1.21264E-03 5.35237E-05 2.88572E-06 
7.95127E-04 -3.56941E-06 2.63177E-06 
5.22005E-04 -3.40014E-05 2.47462E-06 
3.52402E-04 -4.41809E-05 2.33992E-06 
2.41151E-04 -4.60778E-05 2.13022E-06 
1.66306E-04 -4.35047E-05 1.67593E-06 
1.14024E-04 -3.85775E-05 6.34990E-07 
7.55393E-05 -3.25648E-05 -1.71518E-06 
4.50837E-05 -2.62718E-05 -6.91335E-06 
1.82684E-05 -2.02387E-05 -1.81109E-05 
-9.70164E-06 -1.48377E-05 -4.07715E-05 
-4.80393E-05 -1.02097E-05 -8.07613E-05 
-1.05080E-04 -5.96821E-06 -1.34106E-04 
-1.69188E-04 -1.54623E-06 -1.79451E-04 
-2.14787E-04 2.68399E-06 -1.98394E-04 
1.93253E-02 2.11950E-02 7.91395E-06 
1.64561E-02 1.50558E-02 7.40451E-06 
1.36591E-02 1.02923E-02 6.81039E-06 
1.09785E-02 6.70354E-03 6.14758E-06 
8.51048E-03 4.14379E-03 5.42935E-06 
6.34810E-03 2.42198E-03 4.69349E-06 
4.55263E-03 1.33379E-03 3.98209E-06 
3.43130E-03 8.04900E-04 3.47563E-06 
3.14682E-03 6.89024E-04 3.33745E-06 
2.04284E-03 3.10286E-04 2.75412E-06 
1.29599E-03 1.20646E-04 2.30193E-06 
8.15574E-04 2.99554E-05 1.97242E-06 
5.15087E-04 -1.19488E-05 1.73295E-06 
3.21225E-04 -3.43233E-05 1.54251E-06 
2.03922E-04 -4.09189E-05 1.31992E-06 
1.27967E-04 -4.13136E-05 9.53905E-07 
7.75055E-05 -3.83444E-05 2.51454E-07 
4.27218E-05 -3.36198E-05 -1.16413E-06 
1.74122E-05 -2.81247E-05 -4.06083E-06 
-2.65564E-06 -2.24971E-05 -1.00220E-05 
-2.09105E-05 -1.71674E-05 -2.21722E-05 
-4.16791E-05 -1.24289E-05 -4.57157E-05 
-7.34696E-05 -8.37271E-06 -8.56666E-05 
-1.23556E-04 -4.64577E-06 -1.36868E-04 
-1.79611E-04 -7.85730E-07 -1.78060E-04 
-2.17261E-04 2.84758E-06 -1.92796E-04 
1.52621E-02 1.75234E-02 6.34294E-06 
1.28494E-02 1.23005E-02 5.86553E-06 
1.05290E-02 8.29589E-03 5.32401E-06 
8.34334E-03 5.32303E-03 4.73653E-06 
6.36558E-03 3.23557E-03 4.11607E-06 
4.66527E-03 1.85612E-03 3.49556E-06 
3.28111E-03 1.00098E-03 2.90874E-06 
2.43362E-03 5.93469E-04 2.49925E-06 
2.22105E-03 5.05229E-04 2.38863E-06 
1.40831E-03 2.20939E-04 1.92760E-06 
8.72704E-04 8.23029E-05 1.57646E-06 
5.36901E-04 1.77610E-05 1.32217E-06 
3.31517E-04 -1.12696E-05 1.13400E-06 
2.00601E-04 -2.65559E-05 9.75573E-07 
1.22638E-04 -3.06124E-05 7.82109E-07 
7.24849E-05 -3.04142E-05 4.65245E-07 
3.93779E-05 -2.79505E-05 -1.26307E-07 
1.67099E-05 -2.43337E-05 -1.28518E-06 
3.30941E-07 -2.02398E-05 -3.60113E-06 
-1.26492E-05 -1.61039E-05 -8.27848E-06 
-2.46405E-05 -1.22179E-05 -1.76665E-05 
-3.88325E-05 -8.77795E-06 -3.56245E-05 
-6.15434E-05 -5.83563E-06 -6.57240E-05 
-9.80169E-05 -3.12825E-06 -1.03770E-04 
-1.38694E-04 -3.34498E-07 -1.33749E-04 
-1.65334E-04 2.27092E-06 -1.43734E-04 
---
