PdfType: replica
Format: lhagrid1
---
1.00000E-06 1.28121E-06 1.64152E-06 2.10317E-06 2.69463E-06 3.45242E-06 4.42329E-06 5.66715E-06 7.26076E-06 9.30241E-06 1.19180E-05 1.52689E-05 1.95617E-05 2.50609E-05 3.21053E-05 4.11287E-05 5.26863E-05 6.74889E-05 8.64459E-05 1.10720E-04 1.41800E-04 1.81585E-04 2.32503E-04 2.97652E-04 3.80981E-04 4.87518E-04 6.26039E-04 8.00452E-04 1.02297E-03 1.30657E-03 1.66759E-03 2.12729E-03 2.71054E-03 3.44865E-03 4.37927E-03 5.54908E-03 7.01192E-03 8.83064E-03 1.10763E-02 1.38266E-02 1.71641E-02 2.11717E-02 2.59364E-02 3.15062E-02 3.79623E-02 4.53425E-02 5.36750E-02 6.29705E-02 7.32221E-02 8.44039E-02 9.64793E-02 1.09332E-01 1.23067E-01 1.37507E-01 1.52639E-01 1.68416E-01 1.84794E-01 2.01731E-01 2.19016E-01 2.36948E-01 2.55242E-01 2.73927E-01 2.92954E-01 3.12340E-01 3.32036E-01 3.52019E-01 3.72282E-01 3.92772E-01 4.13533E-01 4.34326E-01 4.55495E-01 4.76836E-01 4.98342E-01 5.20006E-01 5.41818E-01 5.63773E-01 5.85861E-01 6.08077E-01 6.30459E-01 6.52800E-01 6.75387E-01 6.98063E-01 7.20830E-01 7.43683E-01 7.66623E-01 7.89636E-01 8.12791E-01 8.35940E-01 8.59175E-01 8.82485E-01 9.05866E-01 9.29311E-01 9.52817E-01 9.76387E-01 1.00000E+00 
1.14018E+00 1.22539E+00 1.32482E+00 1.44156E+00 1.57954E+00 1.74381E+00 1.94091E+00 2.12132E+00 2.17945E+00 2.49622E+00 2.89383E+00 3.39925E+00 4.05063E+00 4.90286E+00 6.03623E+00 7.57063E+00 9.68869E+00 1.26749E+01 1.69835E+01 2.33578E+01 3.30501E+01 4.82334E+01 7.28041E+01 1.13998E+02 1.85779E+02 3.16228E+02 
908 909 910 
7.91780E-01 4.57312E-02 2.74590E-01 
8.07222E-01 5.46469E-02 3.23148E-01 
8.41211E-01 7.08811E-02 3.84612E-01 
9.02733E-01 9.54493E-02 4.63084E-01 
9.85994E-01 1.25286E-01 5.65071E-01 
1.09486E+00 1.61168E-01 7.01197E-01 
1.23372E+00 2.03908E-01 8.84273E-01 
1.36418E+00 2.42114E-01 1.06981E+00 
1.40682E+00 2.54258E-01 1.13446E+00 
1.63830E+00 3.18047E-01 1.51560E+00 
1.92362E+00 3.92698E-01 2.07461E+00 
2.27153E+00 4.78961E-01 2.91515E+00 
2.69128E+00 5.78275E-01 4.20848E+00 
3.19264E+00 7.47675E-01 6.27326E+00 
3.79201E+00 8.87103E-01 9.67565E+00 
4.51771E+00 1.04281E+00 1.54498E+01 
5.39128E+00 1.21579E+00 2.56388E+01 
6.43678E+00 1.40644E+00 4.42963E+01 
7.68502E+00 1.61578E+00 7.96733E+01 
9.18151E+00 1.84647E+00 1.48963E+02 
1.10162E+01 2.10813E+00 2.86498E+02 
1.34347E+01 2.43550E+00 5.50876E+02 
1.70984E+01 2.92507E+00 1.00438E+03 
2.30342E+01 3.70492E+00 1.61511E+03 
3.11537E+01 4.69321E+00 2.18426E+03 
3.97851E+01 5.59329E+00 2.54453E+03 
1.47680E+00 8.47708E-02 4.64471E-01 
1.50652E+00 1.01746E-01 5.46354E-01 
1.57147E+00 1.32629E-01 6.50032E-01 
1.68856E+00 1.79375E-01 7.83144E-01 
1.84633E+00 2.35963E-01 9.56695E-01 
2.05159E+00 3.03775E-01 1.18638E+00 
2.31225E+00 3.84307E-01 1.49565E+00 
2.55703E+00 4.56219E-01 1.81016E+00 
2.63656E+00 4.78967E-01 1.91851E+00 
3.06900E+00 5.98558E-01 2.56369E+00 
3.60054E+00 7.37988E-01 3.50863E+00 
4.24703E+00 8.98822E-01 4.92996E+00 
5.02586E+00 1.08257E+00 7.12250E+00 
5.95570E+00 1.39718E+00 1.06110E+01 
7.06460E+00 1.65347E+00 1.63474E+01 
8.40505E+00 1.93928E+00 2.61069E+01 
1.00143E+01 2.25557E+00 4.33186E+01 
1.19366E+01 2.60320E+00 7.48576E+01 
1.42264E+01 2.98354E+00 1.34725E+02 
1.69645E+01 3.40113E+00 2.51919E+02 
2.03139E+01 3.87341E+00 4.84169E+02 
2.47250E+01 4.46397E+00 9.31154E+02 
3.14087E+01 5.34864E+00 1.69846E+03 
4.22281E+01 6.75805E+00 2.73063E+03 
5.70017E+01 8.54040E+00 3.69287E+03 
7.26521E+01 1.01537E+01 4.30144E+03 
1.40409E+00 7.99555E-02 3.92196E-01 
1.43361E+00 9.65772E-02 4.61223E-01 
1.49757E+00 1.26773E-01 5.48858E-01 
1.61150E+00 1.72226E-01 6.61126E-01 
1.76425E+00 2.27101E-01 8.07685E-01 
1.96202E+00 2.92655E-01 1.00146E+00 
2.21196E+00 3.70220E-01 1.26227E+00 
2.44605E+00 4.39294E-01 1.52783E+00 
2.52183E+00 4.61071E-01 1.61876E+00 
2.93360E+00 5.75422E-01 2.16312E+00 
3.43796E+00 7.08174E-01 2.95975E+00 
4.04950E+00 8.60701E-01 4.15822E+00 
4.78438E+00 1.03411E+00 6.00963E+00 
5.66236E+00 1.33094E+00 8.95158E+00 
6.70646E+00 1.57046E+00 1.37840E+01 
7.96474E+00 1.83648E+00 2.20092E+01 
9.47079E+00 2.12962E+00 3.65192E+01 
1.12643E+01 2.45043E+00 6.30936E+01 
1.33949E+01 2.79995E+00 1.13561E+02 
1.59355E+01 3.18211E+00 2.12328E+02 
1.90359E+01 3.61294E+00 4.07998E+02 
2.31127E+01 4.15103E+00 7.84481E+02 
2.92897E+01 4.95870E+00 1.43104E+03 
3.92830E+01 6.24648E+00 2.30042E+03 
5.28961E+01 7.87020E+00 3.11079E+03 
6.72542E+01 9.32878E+00 3.62304E+03 
1.32888E+00 7.50241E-02 3.29552E-01 
1.35819E+00 9.12791E-02 3.87474E-01 
1.42085E+00 1.20657E-01 4.61029E-01 
1.53135E+00 1.64690E-01 5.55254E-01 
1.67848E+00 2.17665E-01 6.78057E-01 
1.86818E+00 2.80773E-01 8.40872E-01 
2.10674E+00 3.55144E-01 1.05958E+00 
2.32951E+00 4.21167E-01 1.28252E+00 
2.40153E+00 4.41953E-01 1.35895E+00 
2.79157E+00 5.50728E-01 1.81520E+00 
3.26784E+00 6.76498E-01 2.48367E+00 
3.84327E+00 8.20341E-01 3.48799E+00 
4.53263E+00 9.83100E-01 5.03927E+00 
5.35760E+00 1.26174E+00 7.50744E+00 
6.33603E+00 1.48437E+00 1.15622E+01 
7.51078E+00 1.73045E+00 1.84541E+01 
8.91271E+00 2.00050E+00 3.06200E+01 
1.05770E+01 2.29472E+00 5.28856E+01 
1.25483E+01 2.61388E+00 9.51753E+01 
1.48926E+01 2.96143E+00 1.77922E+02 
1.77472E+01 3.35197E+00 3.41918E+02 
2.14946E+01 3.83920E+00 6.57244E+02 
2.71708E+01 4.57193E+00 1.19871E+03 
3.63503E+01 5.74152E+00 1.92683E+03 
4.88252E+01 7.21184E+00 2.60542E+03 
6.19242E+01 8.52236E+00 3.03427E+03 
1.25768E+00 7.03524E-02 2.76674E-01 
1.28691E+00 8.63045E-02 3.25281E-01 
1.34820E+00 1.14864E-01 3.86826E-01 
1.45544E+00 1.57557E-01 4.65943E-01 
1.59726E+00 2.08736E-01 5.68962E-01 
1.77904E+00 2.69448E-01 7.05213E-01 
2.00674E+00 3.40757E-01 8.88512E-01 
2.21867E+00 4.03851E-01 1.07552E+00 
2.28700E+00 4.23664E-01 1.13943E+00 
2.65649E+00 5.27119E-01 1.52203E+00 
3.10587E+00 6.46161E-01 2.08183E+00 
3.64720E+00 7.81735E-01 2.92365E+00 
4.29364E+00 9.34451E-01 4.22300E+00 
5.06787E+00 1.19584E+00 6.28798E+00 
5.98396E+00 1.40234E+00 9.68519E+00 
7.08014E+00 1.62973E+00 1.54577E+01 
8.38387E+00 1.87815E+00 2.56388E+01 
9.92717E+00 2.14761E+00 4.42905E+01 
1.17495E+01 2.43859E+00 7.96872E+01 
1.39109E+01 2.75410E+00 1.48965E+02 
1.65361E+01 3.10742E+00 2.86192E+02 
1.99786E+01 3.54798E+00 5.50245E+02 
2.51909E+01 4.21184E+00 1.00343E+03 
3.36155E+01 5.27268E+00 1.61275E+03 
4.50376E+01 6.60229E+00 2.18062E+03 
5.69772E+01 7.77801E+00 2.53952E+03 
1.19030E+00 6.59237E-02 2.31923E-01 
1.21951E+00 8.16101E-02 2.72689E-01 
1.27952E+00 1.09398E-01 3.24215E-01 
1.38347E+00 1.50783E-01 3.90373E-01 
1.52024E+00 2.00246E-01 4.76738E-01 
1.69454E+00 2.58694E-01 5.90909E-01 
1.91175E+00 3.27037E-01 7.44246E-01 
2.11320E+00 3.87292E-01 9.00699E-01 
2.17806E+00 4.06183E-01 9.54234E-01 
2.52782E+00 5.04508E-01 1.27444E+00 
2.95175E+00 6.17141E-01 1.74316E+00 
3.46058E+00 7.44787E-01 2.44735E+00 
4.06649E+00 8.87967E-01 3.53558E+00 
4.79279E+00 1.13272E+00 5.26377E+00 
5.64962E+00 1.32422E+00 8.10364E+00 
6.67184E+00 1.53413E+00 1.29370E+01 
7.88337E+00 1.76232E+00 2.14543E+01 
9.31310E+00 2.00870E+00 3.70573E+01 
1.09964E+01 2.27354E+00 6.66706E+01 
1.29873E+01 2.55945E+00 1.24636E+02 
1.53996E+01 2.87852E+00 2.39421E+02 
1.85580E+01 3.27604E+00 4.60254E+02 
2.33405E+01 3.87666E+00 8.39391E+02 
3.10667E+01 4.83770E+00 1.34912E+03 
4.15162E+01 6.03850E+00 1.82417E+03 
5.23885E+01 7.09147E+00 2.12443E+03 
1.12656E+00 6.17303E-02 1.94162E-01 
1.15559E+00 7.71093E-02 2.28246E-01 
1.21460E+00 1.04246E-01 2.71424E-01 
1.31543E+00 1.44388E-01 3.26715E-01 
1.44719E+00 1.92177E-01 3.98881E-01 
1.61422E+00 2.48427E-01 4.94344E-01 
1.82151E+00 3.13949E-01 6.22716E-01 
2.01291E+00 3.71474E-01 7.53436E-01 
2.07443E+00 3.89473E-01 7.98266E-01 
2.40541E+00 4.82884E-01 1.06606E+00 
2.80506E+00 5.89371E-01 1.45809E+00 
3.28307E+00 7.09422E-01 2.04678E+00 
3.85043E+00 8.43414E-01 2.95604E+00 
4.53146E+00 1.07265E+00 4.40217E+00 
5.33239E+00 1.24996E+00 6.77597E+00 
6.28457E+00 1.44338E+00 1.08155E+01 
7.40969E+00 1.65269E+00 1.79409E+01 
8.73293E+00 1.87759E+00 3.09782E+01 
1.02865E+01 2.11819E+00 5.57499E+01 
1.21183E+01 2.37674E+00 1.04190E+02 
1.43331E+01 2.66434E+00 2.00196E+02 
1.72286E+01 3.02242E+00 3.84843E+02 
2.16121E+01 3.56489E+00 7.01839E+02 
2.86919E+01 4.43433E+00 1.12809E+03 
3.82431E+01 5.51723E+00 1.52536E+03 
4.81339E+01 6.45872E+00 1.77659E+03 
1.06628E+00 5.77609E-02 1.62389E-01 
1.09513E+00 7.28593E-02 1.90834E-01 
1.15312E+00 9.93555E-02 2.26901E-01 
1.25104E+00 1.38338E-01 2.73170E-01 
1.37800E+00 1.84530E-01 3.33437E-01 
1.53807E+00 2.38674E-01 4.13206E-01 
1.73567E+00 3.01450E-01 5.20410E-01 
1.91755E+00 3.56362E-01 6.29753E-01 
1.97582E+00 3.73487E-01 6.67051E-01 
2.28876E+00 4.62155E-01 8.90689E-01 
2.66531E+00 5.62744E-01 1.21824E+00 
3.11416E+00 6.75596E-01 1.71028E+00 
3.64515E+00 8.00807E-01 2.46986E+00 
4.28312E+00 1.01536E+00 3.67828E+00 
5.03132E+00 1.17932E+00 5.66278E+00 
5.91757E+00 1.35729E+00 9.03709E+00 
6.96136E+00 1.54895E+00 1.49913E+01 
8.18512E+00 1.75387E+00 2.58883E+01 
9.61738E+00 1.97202E+00 4.65895E+01 
1.13015E+01 2.20539E+00 8.70817E+01 
1.33325E+01 2.46402E+00 1.67308E+02 
1.59844E+01 2.78593E+00 3.21666E+02 
1.99990E+01 3.27515E+00 5.86672E+02 
2.64803E+01 4.06052E+00 9.43034E+02 
3.52030E+01 5.03573E+00 1.27529E+03 
4.41921E+01 5.87607E+00 1.48552E+03 
1.00927E+00 5.40041E-02 1.35635E-01 
1.03813E+00 6.88958E-02 1.59413E-01 
1.09497E+00 9.47297E-02 1.89464E-01 
1.19010E+00 1.32609E-01 2.28148E-01 
1.31239E+00 1.77267E-01 2.78455E-01 
1.46577E+00 2.29390E-01 3.45136E-01 
1.65417E+00 2.89533E-01 4.34686E-01 
1.82681E+00 3.41910E-01 5.25890E-01 
1.88213E+00 3.58234E-01 5.57263E-01 
2.17792E+00 4.42363E-01 7.44009E-01 
2.53249E+00 5.37305E-01 1.01765E+00 
2.95360E+00 6.43263E-01 1.42850E+00 
3.45009E+00 7.60163E-01 2.06271E+00 
4.04724E+00 9.60696E-01 3.07204E+00 
4.74556E+00 1.11212E+00 4.72973E+00 
5.56982E+00 1.27562E+00 7.54929E+00 
6.53725E+00 1.45081E+00 1.25223E+01 
7.66791E+00 1.63718E+00 2.16297E+01 
8.98701E+00 1.83457E+00 3.89208E+01 
1.05338E+01 2.04473E+00 7.27680E+01 
1.23945E+01 2.27681E+00 1.39825E+02 
1.48205E+01 2.56557E+00 2.68820E+02 
1.84940E+01 3.00602E+00 4.90366E+02 
2.44221E+01 3.71444E+00 7.88345E+02 
3.23807E+01 4.59133E+00 1.06625E+03 
4.05417E+01 5.33993E+00 1.24221E+03 
9.55413E-01 5.04543E-02 1.13211E-01 
9.84176E-01 6.51255E-02 1.33072E-01 
1.04020E+00 9.04193E-02 1.58182E-01 
1.13242E+00 1.27202E-01 1.90434E-01 
1.25032E+00 1.70402E-01 2.32495E-01 
1.39712E+00 2.20543E-01 2.88040E-01 
1.57669E+00 2.78159E-01 3.62895E-01 
1.74052E+00 3.28106E-01 4.39008E-01 
1.79288E+00 3.43624E-01 4.65157E-01 
2.07234E+00 4.23396E-01 6.21157E-01 
2.40599E+00 5.12939E-01 8.49645E-01 
2.80087E+00 6.12352E-01 1.19280E+00 
3.26493E+00 7.21542E-01 1.72282E+00 
3.82327E+00 9.08727E-01 2.56509E+00 
4.47447E+00 1.04824E+00 3.94999E+00 
5.24033E+00 1.19818E+00 6.30501E+00 
6.13618E+00 1.35802E+00 1.04599E+01 
7.17974E+00 1.52717E+00 1.80678E+01 
8.39350E+00 1.70539E+00 3.25207E+01 
9.81236E+00 1.89417E+00 6.07976E+01 
1.15152E+01 2.10191E+00 1.16849E+02 
1.37327E+01 2.36043E+00 2.24709E+02 
1.70903E+01 2.75620E+00 4.09930E+02 
2.25077E+01 3.39423E+00 6.59130E+02 
2.97618E+01 4.18140E+00 8.91629E+02 
3.71631E+01 4.84701E+00 1.03898E+03 
9.04538E-01 4.70984E-02 9.44705E-02 
9.33143E-01 6.15446E-02 1.11019E-01 
9.88500E-01 8.63702E-02 1.32028E-01 
1.07790E+00 1.22098E-01 1.58898E-01 
1.19146E+00 1.63880E-01 1.94003E-01 
1.33208E+00 2.12153E-01 2.40447E-01 
1.50300E+00 2.67297E-01 3.02809E-01 
1.65846E+00 3.14912E-01 3.66441E-01 
1.70800E+00 3.29662E-01 3.88202E-01 
1.97177E+00 4.05222E-01 5.18355E-01 
2.28550E+00 4.89588E-01 7.09064E-01 
2.65550E+00 5.82719E-01 9.95709E-01 
3.08885E+00 6.84444E-01 1.43841E+00 
3.61068E+00 8.59030E-01 2.14231E+00 
4.21727E+00 9.87465E-01 3.29840E+00 
4.92827E+00 1.12476E+00 5.26676E+00 
5.75695E+00 1.27031E+00 8.73683E+00 
6.71916E+00 1.42349E+00 1.50961E+01 
7.83461E+00 1.58399E+00 2.71706E+01 
9.13496E+00 1.75318E+00 5.08127E+01 
1.06915E+01 1.93864E+00 9.76653E+01 
1.27159E+01 2.16948E+00 1.87851E+02 
1.57817E+01 2.52446E+00 3.42764E+02 
2.07279E+01 3.09819E+00 5.51255E+02 
2.73336E+01 3.80369E+00 7.45871E+02 
3.40384E+01 4.39427E+00 8.69330E+02 
8.56567E-01 4.39407E-02 7.88365E-02 
8.84997E-01 5.81841E-02 9.26157E-02 
9.39536E-01 8.25078E-02 1.10157E-01 
1.02641E+00 1.17298E-01 1.32620E-01 
1.13574E+00 1.57713E-01 1.61884E-01 
1.27027E+00 2.04156E-01 2.00628E-01 
1.43308E+00 2.56959E-01 2.52801E-01 
1.58039E+00 3.02302E-01 3.05841E-01 
1.62729E+00 3.16321E-01 3.24098E-01 
1.87620E+00 3.87878E-01 4.32837E-01 
2.17095E+00 4.67260E-01 5.92029E-01 
2.51733E+00 5.54369E-01 8.31466E-01 
2.92154E+00 6.48956E-01 1.20089E+00 
3.40879E+00 8.11742E-01 1.78915E+00 
3.97344E+00 9.29759E-01 2.75550E+00 
4.63272E+00 1.05520E+00 4.39949E+00 
5.39858E+00 1.18744E+00 7.30097E+00 
6.28474E+00 1.32583E+00 1.26156E+01 
7.30890E+00 1.47004E+00 2.27115E+01 
8.49902E+00 1.62120E+00 4.24792E+01 
9.92024E+00 1.78632E+00 8.16686E+01 
1.17663E+01 1.99194E+00 1.57111E+02 
1.45629E+01 2.30969E+00 2.86727E+02 
1.90739E+01 2.82468E+00 4.61228E+02 
2.50830E+01 3.45588E+00 6.24216E+02 
3.11500E+01 3.97875E+00 7.27722E+02 
8.11299E-01 4.09629E-02 6.57839E-02 
8.39748E-01 5.50898E-02 7.73161E-02 
8.93671E-01 7.89999E-02 9.19536E-02 
9.77765E-01 1.12786E-01 1.10671E-01 
1.08303E+00 1.51896E-01 1.35145E-01 
1.21173E+00 1.96580E-01 1.67495E-01 
1.36659E+00 2.47090E-01 2.11034E-01 
1.50619E+00 2.90265E-01 2.55372E-01 
1.55050E+00 3.03569E-01 2.70573E-01 
1.78515E+00 3.71246E-01 3.61404E-01 
2.06192E+00 4.45890E-01 4.94440E-01 
2.38593E+00 5.27325E-01 6.94439E-01 
2.76279E+00 6.15213E-01 1.00327E+00 
3.21713E+00 7.66733E-01 1.49447E+00 
3.74218E+00 8.74932E-01 2.30246E+00 
4.35290E+00 9.89291E-01 3.67608E+00 
5.05992E+00 1.10917E+00 6.10272E+00 
5.87518E+00 1.23389E+00 1.05459E+01 
6.81426E+00 1.36307E+00 1.89910E+01 
7.90232E+00 1.49775E+00 3.55281E+01 
9.19832E+00 1.64430E+00 6.83153E+01 
1.08798E+01 1.82695E+00 1.31456E+02 
1.34283E+01 2.11082E+00 2.39974E+02 
1.75380E+01 2.57223E+00 3.86110E+02 
2.29986E+01 3.13591E+00 5.22684E+02 
2.84818E+01 3.59777E+00 6.09527E+02 
7.68614E-01 3.81608E-02 5.48743E-02 
7.97014E-01 5.21575E-02 6.45234E-02 
8.50219E-01 7.56518E-02 7.67275E-02 
9.31828E-01 1.08554E-01 9.23824E-02 
1.03312E+00 1.46398E-01 1.12814E-01 
1.15622E+00 1.89393E-01 1.39878E-01 
1.30338E+00 2.37682E-01 1.76174E-01 
1.43560E+00 2.78766E-01 2.13286E-01 
1.47743E+00 2.91384E-01 2.25944E-01 
1.69845E+00 3.55321E-01 3.01809E-01 
1.95811E+00 4.25427E-01 4.12988E-01 
2.26093E+00 5.01456E-01 5.80051E-01 
2.61196E+00 5.82990E-01 8.38400E-01 
3.03530E+00 7.23793E-01 1.24910E+00 
3.52303E+00 8.22833E-01 1.92459E+00 
4.08822E+00 9.26890E-01 3.07414E+00 
4.74004E+00 1.03529E+00 5.10260E+00 
5.48920E+00 1.14736E+00 8.82183E+00 
6.34921E+00 1.26273E+00 1.58863E+01 
7.34265E+00 1.38234E+00 2.97259E+01 
8.52302E+00 1.51198E+00 5.71792E+01 
1.00525E+01 1.67373E+00 1.10044E+02 
1.23720E+01 1.92673E+00 2.00948E+02 
1.61128E+01 2.33943E+00 3.23420E+02 
2.10694E+01 2.84186E+00 4.37945E+02 
2.60189E+01 3.24882E+00 5.10860E+02 
7.28484E-01 3.55482E-02 4.58261E-02 
7.56709E-01 4.93975E-02 5.38738E-02 
8.09345E-01 7.25430E-02 6.40751E-02 
8.88505E-01 1.04601E-01 7.71509E-02 
9.85937E-01 1.41227E-01 9.42165E-02 
1.10353E+00 1.82573E-01 1.16813E-01 
1.24341E+00 2.28736E-01 1.47194E-01 
1.36845E+00 2.67788E-01 1.78159E-01 
1.40800E+00 2.79761E-01 1.88809E-01 
1.61606E+00 3.40129E-01 2.52233E-01 
1.85947E+00 4.05882E-01 3.45220E-01 
2.14215E+00 4.76702E-01 4.84862E-01 
2.46871E+00 5.52187E-01 7.00834E-01 
2.86277E+00 6.82949E-01 1.04439E+00 
3.31522E+00 7.73361E-01 1.60921E+00 
3.83767E+00 8.67803E-01 2.57135E+00 
4.43797E+00 9.65553E-01 4.26904E+00 
5.12552E+00 1.06598E+00 7.38130E+00 
5.91229E+00 1.16870E+00 1.32995E+01 
6.81806E+00 1.27452E+00 2.48899E+01 
7.89161E+00 1.38878E+00 4.78851E+01 
9.28133E+00 1.53160E+00 9.21899E+01 
1.13897E+01 1.75652E+00 1.68375E+02 
1.47907E+01 2.12490E+00 2.71078E+02 
1.92849E+01 2.57183E+00 3.67193E+02 
2.37468E+01 2.92951E+00 4.28467E+02 
6.90800E-01 3.31188E-02 3.82855E-02 
7.18909E-01 4.68754E-02 4.50044E-02 
7.71052E-01 6.97323E-02 5.35342E-02 
8.47752E-01 1.00950E-01 6.44752E-02 
9.41372E-01 1.36384E-01 7.87345E-02 
1.05361E+00 1.76125E-01 9.76051E-02 
1.18648E+00 2.20240E-01 1.23054E-01 
1.30463E+00 2.57326E-01 1.48912E-01 
1.34190E+00 2.68652E-01 1.57804E-01 
1.53760E+00 3.25584E-01 2.10879E-01 
1.76548E+00 3.87161E-01 2.88592E-01 
2.02923E+00 4.53049E-01 4.05506E-01 
2.33275E+00 5.22747E-01 5.86154E-01 
2.69915E+00 6.44028E-01 8.73812E-01 
3.11843E+00 7.26431E-01 1.34656E+00 
3.60071E+00 8.11901E-01 2.15173E+00 
4.15295E+00 8.99806E-01 3.57396E+00 
4.78307E+00 9.89482E-01 6.17969E+00 
5.50166E+00 1.08058E+00 1.11371E+01 
6.32652E+00 1.17385E+00 2.08525E+01 
7.30156E+00 1.27416E+00 4.01259E+01 
8.56244E+00 1.39982E+00 7.72757E+01 
1.04771E+01 1.59932E+00 1.41192E+02 
1.35653E+01 1.92743E+00 2.27379E+02 
1.76353E+01 2.32413E+00 3.08100E+02 
2.16524E+01 2.63763E+00 3.59641E+02 
6.55446E-01 3.08743E-02 3.19930E-02 
6.83338E-01 4.45256E-02 3.76087E-02 
7.35120E-01 6.71596E-02 4.47442E-02 
8.09336E-01 9.75677E-02 5.38903E-02 
8.99283E-01 1.31862E-01 6.58306E-02 
1.00635E+00 1.70057E-01 8.16102E-02 
1.13236E+00 2.12158E-01 1.02877E-01 
1.24397E+00 2.47358E-01 1.24541E-01 
1.27908E+00 2.58071E-01 1.31966E-01 
1.46290E+00 3.11679E-01 1.76352E-01 
1.67611E+00 3.69257E-01 2.41399E-01 
1.92189E+00 4.30442E-01 3.39269E-01 
2.20370E+00 4.94789E-01 4.90527E-01 
2.54390E+00 6.07065E-01 7.31283E-01 
2.93209E+00 6.81930E-01 1.12753E+00 
3.37676E+00 7.59057E-01 1.80192E+00 
3.88402E+00 8.37823E-01 2.99375E+00 
4.46076E+00 9.17612E-01 5.17828E+00 
5.11621E+00 9.98084E-01 9.33402E+00 
5.86617E+00 1.07994E+00 1.74787E+01 
6.75048E+00 1.16760E+00 3.36489E+01 
7.89285E+00 1.27774E+00 6.48202E+01 
9.62907E+00 1.45419E+00 1.18475E+02 
1.24304E+01 1.74582E+00 1.90872E+02 
1.61117E+01 2.09716E+00 2.58731E+02 
1.97233E+01 2.37113E+00 3.02127E+02 
6.22321E-01 2.88253E-02 2.67476E-02 
6.49993E-01 4.23874E-02 3.14525E-02 
7.01336E-01 6.48093E-02 3.74122E-02 
7.73195E-01 9.44719E-02 4.50552E-02 
8.59513E-01 1.27656E-01 5.50491E-02 
9.61612E-01 1.64353E-01 6.82764E-02 
1.08096E+00 2.04497E-01 8.60441E-02 
1.18629E+00 2.37870E-01 1.04195E-01 
1.21936E+00 2.48000E-01 1.10421E-01 
1.39190E+00 2.98421E-01 1.47587E-01 
1.59113E+00 3.52174E-01 2.02081E-01 
1.81988E+00 4.08876E-01 2.84006E-01 
2.08122E+00 4.67886E-01 4.10742E-01 
2.39674E+00 5.71792E-01 6.12398E-01 
2.75556E+00 6.39684E-01 9.44380E-01 
3.16499E+00 7.09069E-01 1.50978E+00 
3.63032E+00 7.79414E-01 2.50879E+00 
4.15752E+00 8.50131E-01 4.34189E+00 
4.75451E+00 9.20909E-01 7.82794E+00 
5.43539E+00 9.92391E-01 1.46650E+01 
6.23612E+00 1.06863E+00 2.82391E+01 
7.26966E+00 1.16477E+00 5.44196E+01 
8.84208E+00 1.32038E+00 9.94996E+01 
1.13798E+01 1.57897E+00 1.60365E+02 
1.47056E+01 1.88942E+00 2.17470E+02 
1.79478E+01 2.12808E+00 2.54047E+02 
5.91379E-01 2.69811E-02 2.23755E-02 
6.18819E-01 4.04758E-02 2.63106E-02 
6.69875E-01 6.27896E-02 3.13047E-02 
7.39320E-01 9.16979E-02 3.77122E-02 
8.22031E-01 1.23784E-01 4.60662E-02 
9.19246E-01 1.59008E-01 5.71414E-02 
1.03226E+00 1.97273E-01 7.20360E-02 
1.13149E+00 2.28867E-01 8.72228E-02 
1.16256E+00 2.38417E-01 9.24233E-02 
1.32432E+00 2.85761E-01 1.23571E-01 
1.51033E+00 3.35879E-01 1.69256E-01 
1.72297E+00 3.88308E-01 2.37905E-01 
1.96506E+00 4.42758E-01 3.44117E-01 
2.25734E+00 5.38512E-01 5.13298E-01 
2.58857E+00 5.99680E-01 7.91810E-01 
2.96505E+00 6.61874E-01 1.26620E+00 
3.39124E+00 7.24430E-01 2.10410E+00 
3.87237E+00 7.86816E-01 3.64319E+00 
4.41524E+00 8.48750E-01 6.56932E+00 
5.03237E+00 9.10828E-01 1.23129E+01 
5.75630E+00 9.76766E-01 2.37192E+01 
6.68990E+00 1.06030E+00 4.57259E+01 
8.11213E+00 1.19712E+00 8.36433E+01 
1.04081E+01 1.42584E+00 1.34864E+02 
1.34085E+01 1.69944E+00 1.82966E+02 
1.63150E+01 1.90667E+00 2.13836E+02 
5.62559E-01 2.53528E-02 1.87361E-02 
5.89808E-01 3.88313E-02 2.20318E-02 
6.40489E-01 6.10611E-02 2.62080E-02 
7.07544E-01 8.92335E-02 3.15764E-02 
7.86738E-01 1.20256E-01 3.85770E-02 
8.79182E-01 1.54046E-01 4.78552E-02 
9.86048E-01 1.90465E-01 6.03460E-02 
1.07943E+00 2.20339E-01 7.30639E-02 
1.10863E+00 2.29335E-01 7.74422E-02 
1.26006E+00 2.73708E-01 1.03530E-01 
1.43344E+00 3.20285E-01 1.41824E-01 
1.63095E+00 3.68616E-01 1.99474E-01 
1.85485E+00 4.18405E-01 2.88525E-01 
2.12516E+00 5.06718E-01 4.30451E-01 
2.43049E+00 5.61770E-01 6.64106E-01 
2.77621E+00 6.17310E-01 1.06254E+00 
3.16601E+00 6.72692E-01 1.76663E+00 
3.60438E+00 7.27450E-01 3.05912E+00 
4.09725E+00 7.81338E-01 5.51935E+00 
4.65564E+00 8.34916E-01 1.03467E+01 
5.30903E+00 8.91590E-01 1.99410E+01 
6.15108E+00 9.63816E-01 3.84615E+01 
7.43544E+00 1.08368E+00 7.03818E+01 
9.51020E+00 1.28548E+00 1.13537E+02 
1.22135E+01 1.52598E+00 1.54110E+02 
1.48148E+01 1.70525E+00 1.80195E+02 
5.35780E-01 2.39685E-02 1.56917E-02 
5.62675E-01 3.73937E-02 1.84550E-02 
6.13191E-01 5.96690E-02 2.19535E-02 
6.77797E-01 8.71109E-02 2.64541E-02 
7.53510E-01 1.17083E-01 3.23237E-02 
8.41287E-01 1.49457E-01 4.00996E-02 
9.42207E-01 1.84085E-01 5.05758E-02 
1.03000E+00 2.12280E-01 6.12535E-02 
1.05735E+00 2.20732E-01 6.49124E-02 
1.19897E+00 2.62247E-01 8.68117E-02 
1.36038E+00 3.05443E-01 1.18927E-01 
1.54350E+00 3.49940E-01 1.67293E-01 
1.75034E+00 3.94973E-01 2.42109E-01 
2.00003E+00 4.76387E-01 3.61314E-01 
2.28105E+00 5.25890E-01 5.57571E-01 
2.59792E+00 5.75243E-01 8.92260E-01 
2.95387E+00 6.24031E-01 1.48438E+00 
3.35265E+00 6.71827E-01 2.57105E+00 
3.79940E+00 7.18414E-01 4.64188E+00 
4.30375E+00 7.64325E-01 8.70459E+00 
4.89236E+00 8.12679E-01 1.67827E+01 
5.65045E+00 8.74759E-01 3.23832E+01 
6.80877E+00 9.79408E-01 5.92930E+01 
8.68101E+00 1.15695E+00 9.57004E+01 
1.11132E+01 1.36775E+00 1.29964E+02 
1.34376E+01 1.52224E+00 1.52038E+02 
5.10986E-01 2.28572E-02 1.31505E-02 
5.37328E-01 3.61765E-02 1.54669E-02 
5.87833E-01 5.86179E-02 1.84047E-02 
6.49978E-01 8.53528E-02 2.21754E-02 
7.22273E-01 1.14288E-01 2.71043E-02 
8.05513E-01 1.45274E-01 3.36309E-02 
9.00619E-01 1.78127E-01 4.24120E-02 
9.83047E-01 2.04694E-01 5.13855E-02 
1.00869E+00 2.12636E-01 5.44608E-02 
1.14093E+00 2.51381E-01 7.28543E-02 
1.29100E+00 2.91362E-01 9.98401E-02 
1.46050E+00 3.32158E-01 1.40435E-01 
1.65137E+00 3.73466E-01 2.03342E-01 
1.88159E+00 4.47919E-01 3.03608E-01 
2.13985E+00 4.91966E-01 4.68717E-01 
2.42985E+00 5.35598E-01 7.50373E-01 
2.75429E+00 5.78319E-01 1.24848E+00 
3.11637E+00 6.19751E-01 2.16336E+00 
3.52050E+00 6.59717E-01 3.90702E+00 
3.97525E+00 6.98737E-01 7.33224E+00 
4.50457E+00 7.39656E-01 1.41427E+01 
5.18593E+00 7.92677E-01 2.73027E+01 
6.22887E+00 8.83670E-01 5.00160E+01 
7.91586E+00 1.03940E+00 8.07708E+01 
1.01009E+01 1.22361E+00 1.09750E+02 
1.21744E+01 1.35618E+00 1.28461E+02 
4.88130E-01 2.20491E-02 1.10355E-02 
5.13926E-01 3.52886E-02 1.29760E-02 
5.64403E-01 5.79910E-02 1.54441E-02 
6.24073E-01 8.40039E-02 1.86088E-02 
6.92932E-01 1.11896E-01 2.27444E-02 
7.71733E-01 1.41503E-01 2.82301E-02 
8.61266E-01 1.72623E-01 3.56118E-02 
9.38484E-01 1.97591E-01 4.31424E-02 
9.62441E-01 2.05019E-01 4.57271E-02 
1.08571E+00 2.41071E-01 6.11800E-02 
1.22499E+00 2.77932E-01 8.38632E-02 
1.38178E+00 3.15222E-01 1.18039E-01 
1.55755E+00 3.52599E-01 1.70945E-01 
1.76948E+00 4.20825E-01 2.55332E-01 
2.00639E+00 4.59882E-01 3.94342E-01 
2.27132E+00 4.98232E-01 6.31550E-01 
2.56663E+00 5.35407E-01 1.05153E+00 
2.89481E+00 5.71045E-01 1.82314E+00 
3.25966E+00 6.05026E-01 3.29356E+00 
3.66882E+00 6.37858E-01 6.18300E+00 
4.14388E+00 6.72145E-01 1.19341E+01 
4.75516E+00 7.17098E-01 2.30523E+01 
5.69274E+00 7.95875E-01 4.22529E+01 
7.21070E+00 9.32042E-01 6.82749E+01 
9.17084E+00 1.09251E+00 9.28270E+01 
1.10172E+01 1.20574E+00 1.08712E+02 
4.67111E-01 2.15635E-02 9.26777E-03 
4.92457E-01 3.47857E-02 1.08971E-02 
5.42728E-01 5.77946E-02 1.29689E-02 
5.99956E-01 8.30904E-02 1.56322E-02 
6.65404E-01 1.09931E-01 1.91062E-02 
7.39832E-01 1.38163E-01 2.37138E-02 
8.23973E-01 1.67568E-01 2.99302E-02 
8.96204E-01 1.90974E-01 3.62639E-02 
9.18567E-01 1.97905E-01 3.84384E-02 
1.03330E+00 2.31353E-01 5.14476E-02 
1.16240E+00 2.65212E-01 7.05536E-02 
1.30710E+00 2.99132E-01 9.93294E-02 
1.46869E+00 3.32459E-01 1.43886E-01 
1.66342E+00 3.94940E-01 2.14954E-01 
1.88043E+00 4.29591E-01 3.32229E-01 
2.12206E+00 4.63069E-01 5.32331E-01 
2.39018E+00 4.95132E-01 8.86705E-01 
2.68705E+00 5.25511E-01 1.53814E+00 
3.01589E+00 5.54112E-01 2.78078E+00 
3.38325E+00 5.81408E-01 5.22244E+00 
3.80867E+00 6.09793E-01 1.00858E+01 
4.35600E+00 6.47581E-01 1.94934E+01 
5.19748E+00 7.15459E-01 3.57536E+01 
6.56132E+00 8.34123E-01 5.78109E+01 
8.31692E+00 9.73422E-01 7.86486E+01 
9.95811E+00 1.06966E+00 9.21601E+01 
4.47923E-01 2.14867E-02 7.78915E-03 
4.72622E-01 3.46217E-02 9.16092E-03 
5.22884E-01 5.81375E-02 1.09017E-02 
5.77541E-01 8.26662E-02 1.31434E-02 
6.39629E-01 1.08442E-01 1.60712E-02 
7.09772E-01 1.35288E-01 1.99481E-02 
7.88642E-01 1.62984E-01 2.51787E-02 
8.56086E-01 1.84852E-01 3.05148E-02 
8.76933E-01 1.91300E-01 3.23514E-02 
9.83548E-01 2.22215E-01 4.33209E-02 
1.10297E+00 2.53193E-01 5.94247E-02 
1.23629E+00 2.83878E-01 8.36908E-02 
1.38468E+00 3.14061E-01 1.21305E-01 
1.56328E+00 3.70765E-01 1.81343E-01 
1.76161E+00 4.00994E-01 2.80361E-01 
1.98153E+00 4.29982E-01 4.49491E-01 
2.22455E+00 4.57391E-01 7.48950E-01 
2.49257E+00 4.83004E-01 1.30000E+00 
2.78821E+00 5.06755E-01 2.35132E+00 
3.11736E+00 5.29120E-01 4.41998E+00 
3.49752E+00 5.52284E-01 8.53970E+00 
3.98657E+00 5.83727E-01 1.65151E+01 
4.74051E+00 6.41908E-01 3.03111E+01 
5.96388E+00 7.44929E-01 4.90428E+01 
7.53380E+00 8.65410E-01 6.67645E+01 
8.98977E+00 9.46743E-01 7.82803E+01 
4.30499E-01 2.18653E-02 6.55470E-03 
4.54385E-01 3.48469E-02 7.71063E-03 
5.04733E-01 5.90567E-02 9.17651E-03 
5.56721E-01 8.27649E-02 1.10645E-02 
6.15463E-01 1.07448E-01 1.35333E-02 
6.81436E-01 1.32898E-01 1.68046E-02 
7.55246E-01 1.58907E-01 2.12176E-02 
8.18086E-01 1.79247E-01 2.57231E-02 
8.37434E-01 1.85207E-01 2.72659E-02 
9.36281E-01 2.13644E-01 3.65184E-02 
1.04658E+00 2.41846E-01 5.01276E-02 
1.16921E+00 2.69470E-01 7.06304E-02 
1.30521E+00 2.96329E-01 1.02434E-01 
1.46868E+00 3.47886E-01 1.53205E-01 
1.64956E+00 3.74038E-01 2.36982E-01 
1.84931E+00 3.98878E-01 3.80160E-01 
2.06919E+00 4.22050E-01 6.33894E-01 
2.31057E+00 4.43341E-01 1.10085E+00 
2.57580E+00 4.62751E-01 1.99242E+00 
2.87000E+00 4.80736E-01 3.74703E+00 
3.20895E+00 4.99297E-01 7.24567E+00 
3.64502E+00 5.25152E-01 1.40216E+01 
4.31928E+00 5.74724E-01 2.57512E+01 
5.41493E+00 6.63816E-01 4.16950E+01 
6.81643E+00 7.67598E-01 5.67978E+01 
8.10560E+00 8.35924E-01 6.66344E+01 
4.14478E-01 2.27426E-02 5.51125E-03 
4.37461E-01 3.55395E-02 6.48185E-03 
4.87836E-01 6.06226E-02 7.71701E-03 
5.37136E-01 8.34628E-02 9.30413E-03 
5.92494E-01 1.06992E-01 1.13834E-02 
6.54320E-01 1.30997E-01 1.41407E-02 
7.23111E-01 1.55261E-01 1.78575E-02 
7.81477E-01 1.74066E-01 2.16598E-02 
7.99430E-01 1.79557E-01 2.29638E-02 
8.90773E-01 2.05525E-01 3.07667E-02 
9.92282E-01 2.30960E-01 4.22515E-02 
1.10473E+00 2.55579E-01 5.95783E-02 
1.22891E+00 2.78960E-01 8.64291E-02 
1.37799E+00 3.25654E-01 1.29327E-01 
1.54249E+00 3.48266E-01 2.00247E-01 
1.72327E+00 3.69246E-01 3.21389E-01 
1.92131E+00 3.88471E-01 5.36197E-01 
2.13794E+00 4.05824E-01 9.32010E-01 
2.37488E+00 4.21297E-01 1.68783E+00 
2.63670E+00 4.35350E-01 3.17601E+00 
2.93756E+00 4.49806E-01 6.14590E+00 
3.32484E+00 4.70690E-01 1.19029E+01 
3.92562E+00 5.12532E-01 2.18751E+01 
4.90362E+00 5.89072E-01 3.54440E+01 
6.15042E+00 6.77878E-01 4.83159E+01 
7.28730E+00 7.34718E-01 5.67168E+01 
4.00305E-01 2.41746E-02 4.65389E-03 
4.22553E-01 3.68635E-02 5.47405E-03 
4.72473E-01 6.27603E-02 6.51825E-03 
5.19317E-01 8.47961E-02 7.86202E-03 
5.71346E-01 1.07127E-01 9.62008E-03 
6.29160E-01 1.29658E-01 1.19549E-02 
6.93186E-01 1.52185E-01 1.51017E-02 
7.47332E-01 1.69493E-01 1.83219E-02 
7.63968E-01 1.74519E-01 1.94306E-02 
8.48320E-01 1.98098E-01 2.60522E-02 
9.41664E-01 2.20913E-01 3.57833E-02 
1.04473E+00 2.42712E-01 5.05003E-02 
1.15808E+00 2.63291E-01 7.33028E-02 
1.29396E+00 3.05259E-01 1.09798E-01 
1.44334E+00 3.24381E-01 1.70045E-01 
1.60679E+00 3.41869E-01 2.73041E-01 
1.78519E+00 3.57596E-01 4.56031E-01 
1.97933E+00 3.71446E-01 7.93039E-01 
2.19089E+00 3.83484E-01 1.43742E+00 
2.42370E+00 3.94132E-01 2.70686E+00 
2.69054E+00 4.05064E-01 5.24077E+00 
3.03424E+00 4.21669E-01 1.01561E+01 
3.56957E+00 4.56825E-01 1.86794E+01 
4.44257E+00 5.22425E-01 3.02874E+01 
5.55181E+00 5.98245E-01 4.13141E+01 
6.55418E+00 6.45299E-01 4.85235E+01 
3.87644E-01 2.62569E-02 3.93553E-03 
4.08790E-01 3.86088E-02 4.63132E-03 
4.58650E-01 6.57737E-02 5.51673E-03 
5.02739E-01 8.67817E-02 6.65566E-03 
5.51494E-01 1.07847E-01 8.14773E-03 
6.05414E-01 1.28863E-01 1.01298E-02 
6.64897E-01 1.49642E-01 1.28069E-02 
7.14965E-01 1.65429E-01 1.55383E-02 
7.30305E-01 1.69978E-01 1.64782E-02 
8.08043E-01 1.91211E-01 2.21092E-02 
8.93747E-01 2.11494E-01 3.03962E-02 
9.87944E-01 2.30595E-01 4.29044E-02 
1.09126E+00 2.48422E-01 6.23422E-02 
1.21473E+00 2.86049E-01 9.34249E-02 
1.35008E+00 3.01887E-01 1.44789E-01 
1.49761E+00 3.16192E-01 2.32740E-01 
1.65782E+00 3.28729E-01 3.88914E-01 
1.83143E+00 3.39454E-01 6.76809E-01 
2.01971E+00 3.48436E-01 1.22740E+00 
2.22616E+00 3.56108E-01 2.31325E+00 
2.46219E+00 3.63985E-01 4.48203E+00 
2.76648E+00 3.76877E-01 8.69151E+00 
3.24249E+00 4.06159E-01 1.59968E+01 
4.02041E+00 4.62097E-01 2.59560E+01 
5.00549E+00 5.26500E-01 3.54270E+01 
5.88734E+00 5.65121E-01 4.16298E+01 
3.76389E-01 2.90461E-02 3.33726E-03 
3.96298E-01 4.09531E-02 3.92725E-03 
4.46108E-01 6.96820E-02 4.67939E-03 
4.87333E-01 8.94797E-02 5.64908E-03 
5.32828E-01 1.09172E-01 6.91798E-03 
5.82943E-01 1.28596E-01 8.60464E-03 
6.38027E-01 1.47581E-01 1.08849E-02 
6.84260E-01 1.61846E-01 1.32168E-02 
6.98396E-01 1.65934E-01 1.40170E-02 
7.69838E-01 1.84831E-01 1.88163E-02 
8.48313E-01 2.02606E-01 2.58899E-02 
9.34312E-01 2.19112E-01 3.65773E-02 
1.02821E+00 2.34064E-01 5.31791E-02 
1.14011E+00 2.67647E-01 7.97398E-02 
1.26255E+00 2.80725E-01 1.23726E-01 
1.39529E+00 2.92092E-01 1.99024E-01 
1.53878E+00 3.01750E-01 3.32732E-01 
1.69359E+00 3.09683E-01 5.79491E-01 
1.86073E+00 3.15983E-01 1.05175E+00 
2.04324E+00 3.21066E-01 1.98334E+00 
2.25135E+00 3.26308E-01 3.84516E+00 
2.52006E+00 3.36002E-01 7.46251E+00 
2.94241E+00 3.60147E-01 1.37431E+01 
3.63438E+00 4.07580E-01 2.23133E+01 
4.50757E+00 4.61983E-01 3.04718E+01 
5.28160E+00 4.93369E-01 3.58220E+01 
3.66354E-01 3.25414E-02 2.83704E-03 
3.85249E-01 4.40639E-02 3.34022E-03 
4.34510E-01 7.43990E-02 3.98073E-03 
4.72907E-01 9.28555E-02 4.80911E-03 
5.15214E-01 1.11083E-01 5.89212E-03 
5.61656E-01 1.28840E-01 7.33396E-03 
6.12500E-01 1.45970E-01 9.28046E-03 
6.55069E-01 1.58690E-01 1.12771E-02 
6.68065E-01 1.62314E-01 1.19616E-02 
7.33593E-01 1.78896E-01 1.60717E-02 
8.05329E-01 1.94248E-01 2.21286E-02 
8.83628E-01 2.08238E-01 3.12873E-02 
9.68810E-01 2.20734E-01 4.55300E-02 
1.07000E+00 2.50468E-01 6.83449E-02 
1.18037E+00 2.60765E-01 1.06067E-01 
1.29949E+00 2.69460E-01 1.70764E-01 
1.42771E+00 2.76538E-01 2.85738E-01 
1.56532E+00 2.81991E-01 4.97986E-01 
1.71323E+00 2.85948E-01 9.04525E-01 
1.87401E+00 2.88793E-01 1.70687E+00 
2.05692E+00 2.91786E-01 3.31069E+00 
2.29350E+00 2.98738E-01 6.42912E+00 
2.66747E+00 3.18421E-01 1.18473E+01 
3.28184E+00 3.58395E-01 1.92460E+01 
4.05438E+00 4.04072E-01 2.62949E+01 
4.73214E+00 4.29290E-01 3.09213E+01 
3.57364E-01 3.67483E-02 2.41808E-03 
3.75030E-01 4.76689E-02 2.84873E-03 
4.23189E-01 7.94722E-02 3.39799E-03 
4.59224E-01 9.68574E-02 4.10655E-03 
4.98441E-01 1.13507E-01 5.03552E-03 
5.41345E-01 1.29515E-01 6.27167E-03 
5.88173E-01 1.44734E-01 7.94431E-03 
6.27255E-01 1.55892E-01 9.65627E-03 
6.39168E-01 1.59043E-01 1.02447E-02 
6.99144E-01 1.73334E-01 1.37768E-02 
7.64568E-01 1.86318E-01 1.89884E-02 
8.35678E-01 1.97886E-01 2.68626E-02 
9.12802E-01 2.08071E-01 3.91355E-02 
1.00394E+00 2.34184E-01 5.87802E-02 
1.10317E+00 2.41882E-01 9.12994E-02 
1.20983E+00 2.48160E-01 1.47104E-01 
1.32395E+00 2.52910E-01 2.46345E-01 
1.44588E+00 2.56182E-01 4.29638E-01 
1.57626E+00 2.58098E-01 7.80652E-01 
1.71738E+00 2.59037E-01 1.47406E+00 
1.87755E+00 2.60134E-01 2.86120E+00 
2.08516E+00 2.64756E-01 5.55827E+00 
2.41545E+00 2.80576E-01 1.02477E+01 
2.95984E+00 3.14029E-01 1.66551E+01 
3.64187E+00 3.52117E-01 2.27628E+01 
4.23369E+00 3.72099E-01 2.67718E+01 
3.49365E-01 4.17195E-02 2.06923E-03 
3.65683E-01 5.18376E-02 2.43868E-03 
4.12807E-01 8.56147E-02 2.91102E-03 
4.46152E-01 1.01392E-01 3.52101E-03 
4.82399E-01 1.16348E-01 4.32229E-03 
5.21905E-01 1.30504E-01 5.38650E-03 
5.64924E-01 1.43761E-01 6.82907E-03 
6.00754E-01 1.53346E-01 8.30711E-03 
6.11665E-01 1.56030E-01 8.81593E-03 
6.66422E-01 1.68034E-01 1.18648E-02 
7.25935E-01 1.78691E-01 1.63649E-02 
7.90441E-01 1.87946E-01 2.31834E-02 
8.60074E-01 1.95692E-01 3.37912E-02 
9.41862E-01 2.18445E-01 5.07881E-02 
1.03090E+00 2.23996E-01 7.89760E-02 
1.12604E+00 2.28086E-01 1.27323E-01 
1.22735E+00 2.30786E-01 2.13335E-01 
1.33497E+00 2.32149E-01 3.72238E-01 
1.44948E+00 2.32324E-01 6.76768E-01 
1.57287E+00 2.31662E-01 1.27846E+00 
1.71258E+00 2.31186E-01 2.48281E+00 
1.89420E+00 2.33863E-01 4.82495E+00 
2.18524E+00 2.46372E-01 8.89856E+00 
2.66667E+00 2.74156E-01 1.44664E+01 
3.26763E+00 3.05686E-01 1.97749E+01 
3.78308E+00 3.21274E-01 2.32569E+01 
3.42172E-01 4.73895E-02 1.77816E-03 
3.57373E-01 5.67154E-02 2.09824E-03 
4.02880E-01 9.23551E-02 2.50619E-03 
4.33477E-01 1.06268E-01 3.03367E-03 
4.66874E-01 1.19411E-01 3.72747E-03 
5.03207E-01 1.31646E-01 4.65090E-03 
5.42651E-01 1.42895E-01 5.90119E-03 
5.75415E-01 1.50881E-01 7.18253E-03 
5.85380E-01 1.53093E-01 7.62428E-03 
6.35302E-01 1.62846E-01 1.02723E-02 
6.89383E-01 1.71258E-01 1.41820E-02 
7.47739E-01 1.78288E-01 2.01095E-02 
8.10478E-01 1.83838E-01 2.93281E-02 
8.83657E-01 2.03515E-01 4.41316E-02 
9.63256E-01 2.06975E-01 6.86549E-02 
1.04785E+00 2.09120E-01 1.10734E-01 
1.13745E+00 2.10020E-01 1.85650E-01 
1.23212E+00 2.09752E-01 3.24109E-01 
1.33227E+00 2.08460E-01 5.89504E-01 
1.43969E+00 2.06484E-01 1.11399E+00 
1.56105E+00 2.04732E-01 2.16350E+00 
1.71939E+00 2.05811E-01 4.20578E+00 
1.97523E+00 2.15505E-01 7.75785E+00 
2.40018E+00 2.38395E-01 1.26130E+01 
2.92865E+00 2.64290E-01 1.72402E+01 
3.37643E+00 2.76225E-01 2.02709E+01 
3.35471E-01 5.34431E-02 1.53599E-03 
3.49482E-01 6.17629E-02 1.81451E-03 
3.92960E-01 9.93349E-02 2.17028E-03 
4.21061E-01 1.11302E-01 2.62968E-03 
4.51750E-01 1.22473E-01 3.23358E-03 
4.85099E-01 1.32704E-01 4.03849E-03 
5.21238E-01 1.41916E-01 5.13054E-03 
5.51173E-01 1.48312E-01 6.24885E-03 
5.60258E-01 1.50054E-01 6.63428E-03 
6.05716E-01 1.57612E-01 8.94640E-03 
6.54760E-01 1.63865E-01 1.23637E-02 
7.07486E-01 1.68820E-01 1.75436E-02 
7.63921E-01 1.72606E-01 2.56169E-02 
8.29051E-01 1.89184E-01 3.85585E-02 
9.00013E-01 1.90708E-01 6.00164E-02 
9.75011E-01 1.91144E-01 9.68444E-02 
1.05397E+00 1.90497E-01 1.62431E-01 
1.13688E+00 1.88856E-01 2.83647E-01 
1.22410E+00 1.86367E-01 5.16023E-01 
1.31718E+00 1.83341E-01 9.75113E-01 
1.42209E+00 1.80586E-01 1.89400E+00 
1.55963E+00 1.80382E-01 3.68144E+00 
1.78400E+00 1.87712E-01 6.79036E+00 
2.15843E+00 2.06405E-01 1.10383E+01 
2.62228E+00 2.27496E-01 1.50834E+01 
3.01025E+00 2.36431E-01 1.77261E+01 
3.29136E-01 5.96912E-02 1.33528E-03 
3.41953E-01 6.67418E-02 1.57882E-03 
3.82383E-01 1.05399E-01 1.89116E-03 
4.08653E-01 1.16030E-01 2.29397E-03 
4.36892E-01 1.25225E-01 2.82403E-03 
4.67493E-01 1.33405E-01 3.53063E-03 
5.00560E-01 1.40560E-01 4.48831E-03 
5.27910E-01 1.45393E-01 5.47189E-03 
5.36206E-01 1.46691E-01 5.81076E-03 
5.77548E-01 1.52112E-01 7.84303E-03 
6.21984E-01 1.56332E-01 1.08474E-02 
6.69522E-01 1.59364E-01 1.54003E-02 
7.20155E-01 1.61261E-01 2.25028E-02 
7.77876E-01 1.75093E-01 3.38902E-02 
8.40941E-01 1.75051E-01 5.27625E-02 
9.07167E-01 1.74023E-01 8.51640E-02 
9.76454E-01 1.72081E-01 1.42855E-01 
1.04875E+00 1.69321E-01 2.49491E-01 
1.12431E+00 1.65886E-01 4.53825E-01 
1.20453E+00 1.62060E-01 8.57495E-01 
1.29479E+00 1.58558E-01 1.66517E+00 
1.41377E+00 1.57353E-01 3.23565E+00 
1.61004E+00 1.62725E-01 5.96607E+00 
1.93933E+00 1.77844E-01 9.69409E+00 
2.34568E+00 1.94865E-01 1.32386E+01 
2.68092E+00 2.01369E-01 1.55458E+01 
3.23196E-01 6.60623E-02 1.16872E-03 
3.35211E-01 7.21834E-02 1.38415E-03 
3.72202E-01 1.12088E-01 1.65946E-03 
3.96222E-01 1.20188E-01 2.01562E-03 
4.22214E-01 1.27283E-01 2.48373E-03 
4.50349E-01 1.33422E-01 3.10944E-03 
4.80655E-01 1.38571E-01 3.95642E-03 
5.05631E-01 1.41885E-01 4.82578E-03 
5.13187E-01 1.42740E-01 5.12514E-03 
5.50789E-01 1.46153E-01 6.92408E-03 
5.91011E-01 1.48473E-01 9.58144E-03 
6.33830E-01 1.49735E-01 1.36150E-02 
6.79168E-01 1.49887E-01 1.98947E-02 
7.30055E-01 1.61317E-01 2.99698E-02 
7.85895E-01 1.59923E-01 4.66751E-02 
8.44141E-01 1.57671E-01 7.53263E-02 
9.04646E-01 1.54682E-01 1.26351E-01 
9.67339E-01 1.51051E-01 2.20575E-01 
1.03245E+00 1.46913E-01 4.01121E-01 
1.10117E+00 1.42523E-01 7.57514E-01 
1.17840E+00 1.38506E-01 1.47019E+00 
1.28092E+00 1.36562E-01 2.85499E+00 
1.45214E+00 1.40335E-01 5.26022E+00 
1.74126E+00 1.52443E-01 8.54077E+00 
2.09662E+00 1.66051E-01 1.16528E+01 
2.38556E+00 1.70622E-01 1.36686E+01 
3.17468E-01 7.18979E-02 1.03109E-03 
3.28435E-01 7.62203E-02 1.22311E-03 
3.61460E-01 1.16976E-01 1.46830E-03 
3.83791E-01 1.23300E-01 1.78552E-03 
4.07795E-01 1.28294E-01 2.20227E-03 
4.33700E-01 1.32404E-01 2.75859E-03 
4.61536E-01 1.35639E-01 3.51368E-03 
4.84382E-01 1.37533E-01 4.28779E-03 
4.91277E-01 1.37982E-01 4.55438E-03 
5.25494E-01 1.39557E-01 6.15607E-03 
5.61877E-01 1.40162E-01 8.52301E-03 
6.00364E-01 1.39872E-01 1.21110E-02 
6.40854E-01 1.38819E-01 1.77072E-02 
6.85450E-01 1.47836E-01 2.66636E-02 
7.34699E-01 1.45244E-01 4.15162E-02 
7.85697E-01 1.42022E-01 6.69960E-02 
8.38271E-01 1.38238E-01 1.12278E-01 
8.92359E-01 1.33979E-01 1.95946E-01 
9.48079E-01 1.29367E-01 3.56039E-01 
1.00658E+00 1.24629E-01 6.71890E-01 
1.07225E+00 1.20308E-01 1.30293E+00 
1.16017E+00 1.17854E-01 2.52748E+00 
1.30923E+00 1.20356E-01 4.65204E+00 
1.56268E+00 1.29953E-01 7.54481E+00 
1.87298E+00 1.40731E-01 1.02813E+01 
2.12142E+00 1.43796E-01 1.20428E+01 
3.12045E-01 7.68932E-02 9.18004E-04 
3.22342E-01 7.97036E-02 1.09013E-03 
3.50743E-01 1.20798E-01 1.31030E-03 
3.71463E-01 1.24749E-01 1.59475E-03 
3.93799E-01 1.27836E-01 1.96892E-03 
4.17773E-01 1.30093E-01 2.46758E-03 
4.43398E-01 1.31555E-01 3.14406E-03 
4.64339E-01 1.32157E-01 3.83848E-03 
4.70641E-01 1.32252E-01 4.07743E-03 
5.01773E-01 1.32179E-01 5.51194E-03 
5.34666E-01 1.31308E-01 7.63233E-03 
5.69200E-01 1.29703E-01 1.08432E-02 
6.05268E-01 1.27468E-01 1.58487E-02 
6.44081E-01 1.34480E-01 2.38589E-02 
6.87331E-01 1.30991E-01 3.71180E-02 
7.31737E-01 1.27064E-01 5.98546E-02 
7.77157E-01 1.22726E-01 1.00260E-01 
8.23473E-01 1.18067E-01 1.74764E-01 
8.70853E-01 1.13197E-01 3.17263E-01 
9.20270E-01 1.08310E-01 5.98001E-01 
9.75721E-01 1.03870E-01 1.15807E+00 
1.05080E+00 1.01109E-01 2.24371E+00 
1.18029E+00 1.02628E-01 4.12417E+00 
1.40222E+00 1.10158E-01 6.67897E+00 
1.67286E+00 1.18617E-01 9.08684E+00 
1.88603E+00 1.20538E-01 1.06251E+01 
3.07165E-01 8.06144E-02 8.24648E-04 
3.17267E-01 8.28627E-02 9.80514E-04 
3.40298E-01 1.22172E-01 1.17937E-03 
3.59690E-01 1.24428E-01 1.43635E-03 
3.80576E-01 1.25696E-01 1.77380E-03 
4.02880E-01 1.26284E-01 2.22455E-03 
4.26533E-01 1.26181E-01 2.83429E-03 
4.45752E-01 1.25660E-01 3.46031E-03 
4.51514E-01 1.25442E-01 3.67577E-03 
4.79848E-01 1.23975E-01 4.96800E-03 
5.09534E-01 1.21883E-01 6.87575E-03 
5.40456E-01 1.19220E-01 9.76668E-03 
5.72501E-01 1.15986E-01 1.42610E-02 
6.06021E-01 1.21276E-01 2.14530E-02 
6.43789E-01 1.17229E-01 3.33505E-02 
6.82231E-01 1.12833E-01 5.37131E-02 
7.21177E-01 1.08173E-01 8.98628E-02 
7.60539E-01 1.03326E-01 1.56436E-01 
8.00464E-01 9.83874E-02 2.83560E-01 
8.41859E-01 9.35222E-02 5.33670E-01 
8.88332E-01 8.91220E-02 1.03195E+00 
9.52157E-01 8.62281E-02 1.99590E+00 
1.06443E+00 8.70093E-02 3.66219E+00 
1.25862E+00 9.28639E-02 5.92013E+00 
1.49450E+00 9.94476E-02 8.03894E+00 
1.67714E+00 1.00529E-01 9.38083E+00 
3.03219E-01 8.29644E-02 7.47178E-04 
3.12947E-01 8.34625E-02 8.89277E-04 
3.30487E-01 1.21360E-01 1.07015E-03 
3.48979E-01 1.22102E-01 1.30364E-03 
3.68621E-01 1.21784E-01 1.61002E-03 
3.89415E-01 1.20903E-01 2.01854E-03 
4.11306E-01 1.19494E-01 2.57175E-03 
4.28942E-01 1.18058E-01 3.13815E-03 
4.34215E-01 1.17586E-01 3.33335E-03 
4.59975E-01 1.15021E-01 4.50294E-03 
4.86704E-01 1.11985E-01 6.22753E-03 
5.14291E-01 1.08538E-01 8.83595E-03 
5.42582E-01 1.04734E-01 1.28894E-02 
5.71304E-01 1.08462E-01 1.93673E-02 
6.04044E-01 1.04038E-01 3.00644E-02 
6.37061E-01 9.94038E-02 4.83546E-02 
6.70187E-01 9.46346E-02 8.07538E-02 
7.03360E-01 8.97868E-02 1.40361E-01 
7.36678E-01 8.49427E-02 2.53977E-01 
7.71007E-01 8.02421E-02 4.77112E-01 
8.09634E-01 7.60119E-02 9.20703E-01 
8.63629E-01 7.31191E-02 1.77745E+00 
9.60851E-01 7.33720E-02 3.25463E+00 
1.13074E+00 7.78861E-02 5.25000E+00 
1.33635E+00 8.29774E-02 7.11358E+00 
1.49268E+00 8.34644E-02 8.28202E+00 
3.00669E-01 8.35267E-02 6.82502E-04 
3.10166E-01 8.28008E-02 8.12426E-04 
3.22310E-01 1.18576E-01 9.77771E-04 
3.39908E-01 1.17722E-01 1.19072E-03 
3.58444E-01 1.16104E-01 1.47025E-03 
3.77856E-01 1.14081E-01 1.84196E-03 
3.98103E-01 1.11653E-01 2.34527E-03 
4.14271E-01 1.09524E-01 2.86018E-03 
4.19075E-01 1.08862E-01 3.03699E-03 
4.42408E-01 1.05494E-01 4.09858E-03 
4.66375E-01 1.01806E-01 5.66174E-03 
4.90840E-01 9.78539E-02 8.02193E-03 
5.15638E-01 9.37320E-02 1.16870E-02 
5.39969E-01 9.61728E-02 1.75290E-02 
5.68156E-01 9.15656E-02 2.71687E-02 
5.96243E-01 8.68987E-02 4.36096E-02 
6.24142E-01 8.21921E-02 7.27135E-02 
6.51751E-01 7.74962E-02 1.26111E-01 
6.79245E-01 7.28769E-02 2.27733E-01 
7.07392E-01 6.84492E-02 4.26890E-01 
7.39179E-01 6.44810E-02 8.21962E-01 
7.84668E-01 6.16993E-02 1.58325E+00 
8.68818E-01 6.15929E-02 2.89256E+00 
1.01756E+00 6.50534E-02 4.65505E+00 
1.19688E+00 6.89685E-02 6.29191E+00 
1.33067E+00 6.90535E-02 7.30714E+00 
2.99879E-01 8.23997E-02 6.27355E-04 
3.09287E-01 8.11333E-02 7.46441E-04 
3.16438E-01 1.12985E-01 8.97901E-04 
3.33082E-01 1.11422E-01 1.09275E-03 
3.50521E-01 1.08950E-01 1.34813E-03 
3.68597E-01 1.06085E-01 1.68756E-03 
3.87223E-01 1.02937E-01 2.14580E-03 
4.01966E-01 1.00332E-01 2.61488E-03 
4.06322E-01 9.95450E-02 2.77585E-03 
4.27316E-01 9.56609E-02 3.74015E-03 
4.48639E-01 9.15875E-02 5.15851E-03 
4.70138E-01 8.73714E-02 7.29754E-03 
4.91700E-01 8.30561E-02 1.06113E-02 
5.12058E-01 8.44967E-02 1.58877E-02 
5.36020E-01 7.99634E-02 2.45716E-02 
5.59643E-01 7.54236E-02 3.93669E-02 
5.82812E-01 7.09167E-02 6.54837E-02 
6.05502E-01 6.64876E-02 1.13339E-01 
6.27856E-01 6.21876E-02 2.04201E-01 
6.50597E-01 5.81021E-02 3.81901E-01 
6.76495E-01 5.44586E-02 7.33689E-01 
7.14623E-01 5.18570E-02 1.40963E+00 
7.87446E-01 5.15213E-02 2.56889E+00 
9.17825E-01 5.41625E-02 4.12351E+00 
1.07442E+00 5.71633E-02 5.55879E+00 
1.18900E+00 5.69915E-02 6.43885E+00 
3.01160E-01 7.99996E-02 5.79181E-04 
3.10398E-01 7.78203E-02 6.88602E-04 
3.13043E-01 1.06372E-01 8.27476E-04 
3.28821E-01 1.04001E-01 1.00608E-03 
3.45150E-01 1.00788E-01 1.23954E-03 
3.61853E-01 9.73658E-02 1.54957E-03 
3.78857E-01 9.37812E-02 1.96776E-03 
3.92162E-01 9.09034E-02 2.39492E-03 
3.96069E-01 9.00485E-02 2.54153E-03 
4.14790E-01 8.59044E-02 3.41858E-03 
4.33536E-01 8.16746E-02 4.70605E-03 
4.52218E-01 7.73986E-02 6.64527E-03 
4.70746E-01 7.30772E-02 9.64274E-03 
4.87514E-01 7.37521E-02 1.44076E-02 
5.07604E-01 6.94196E-02 2.22333E-02 
5.27182E-01 6.51234E-02 3.55467E-02 
5.46149E-01 6.09158E-02 5.89982E-02 
5.64496E-01 5.68246E-02 1.01874E-01 
5.82368E-01 5.28904E-02 1.83135E-01 
6.00453E-01 4.91878E-02 3.41601E-01 
6.21295E-01 4.58980E-02 6.54581E-01 
6.53147E-01 4.35139E-02 1.25454E+00 
7.16240E-01 4.30465E-02 2.28010E+00 
8.30804E-01 4.50601E-02 3.65000E+00 
9.67953E-01 4.73616E-02 4.90728E+00 
1.06631E+00 4.70378E-02 5.66886E+00 
3.04537E-01 7.63426E-02 5.35585E-04 
3.13503E-01 7.36492E-02 6.36233E-04 
3.12737E-01 9.84175E-02 7.63550E-04 
3.27212E-01 9.57166E-02 9.27102E-04 
3.42278E-01 9.20842E-02 1.14062E-03 
3.57507E-01 8.83733E-02 1.42374E-03 
3.72802E-01 8.45744E-02 1.80505E-03 
3.84653E-01 8.15908E-02 2.19394E-03 
3.88115E-01 8.07138E-02 2.32748E-03 
4.04544E-01 7.65145E-02 3.12460E-03 
4.20787E-01 7.23082E-02 4.29316E-03 
4.36770E-01 6.81241E-02 6.04898E-03 
4.52386E-01 6.39989E-02 8.75976E-03 
4.65940E-01 6.40686E-02 1.30588E-02 
4.82515E-01 5.99870E-02 2.01099E-02 
4.98438E-01 5.60086E-02 3.20741E-02 
5.13661E-01 5.21500E-02 5.31134E-02 
5.28167E-01 4.84335E-02 9.14921E-02 
5.42127E-01 4.48898E-02 1.64036E-01 
5.56207E-01 4.15757E-02 3.05263E-01 
5.72721E-01 3.86408E-02 5.83437E-01 
5.99205E-01 3.64911E-02 1.11521E+00 
6.53943E-01 3.59592E-02 2.02145E+00 
7.54881E-01 3.74935E-02 3.22706E+00 
8.75349E-01 3.92606E-02 4.32668E+00 
9.59961E-01 3.88561E-02 4.98449E+00 
3.09627E-01 7.20613E-02 4.95330E-04 
3.18068E-01 6.92326E-02 5.87624E-04 
3.14467E-01 9.04404E-02 7.04509E-04 
3.27914E-01 8.70705E-02 8.53973E-04 
3.41546E-01 8.33591E-02 1.04922E-03 
3.55161E-01 7.95552E-02 1.30756E-03 
3.68684E-01 7.57197E-02 1.65493E-03 
3.79045E-01 7.27513E-02 2.00872E-03 
3.82050E-01 7.18852E-02 2.13006E-03 
3.96199E-01 6.77750E-02 2.85404E-03 
4.10020E-01 6.37135E-02 3.91362E-03 
4.23422E-01 5.97260E-02 5.50260E-03 
4.36315E-01 5.58530E-02 7.95204E-03 
4.47000E-01 5.54837E-02 1.18291E-02 
4.60377E-01 5.17225E-02 1.81754E-02 
4.73027E-01 4.80917E-02 2.89198E-02 
4.84922E-01 4.45981E-02 4.77711E-02 
4.96081E-01 4.12599E-02 8.20926E-02 
5.06673E-01 3.80996E-02 1.46825E-01 
5.17309E-01 3.51594E-02 2.72586E-01 
5.30160E-01 3.25635E-02 5.19713E-01 
5.52071E-01 3.06447E-02 9.90637E-01 
5.99663E-01 3.00917E-02 1.79087E+00 
6.88892E-01 3.12620E-02 2.85110E+00 
7.95063E-01 3.26212E-02 3.81185E+00 
8.68078E-01 3.21823E-02 4.37941E+00 
3.15753E-01 6.75569E-02 4.57761E-04 
3.23515E-01 6.45360E-02 5.42321E-04 
3.18195E-01 8.22935E-02 6.49210E-04 
3.30160E-01 7.88029E-02 7.85964E-04 
3.42252E-01 7.50271E-02 9.64094E-04 
3.54173E-01 7.12556E-02 1.19957E-03 
3.65880E-01 6.75049E-02 1.51582E-03 
3.74736E-01 6.46326E-02 1.83759E-03 
3.77289E-01 6.37962E-02 1.94768E-03 
3.89221E-01 5.98631E-02 2.60489E-03 
4.00701E-01 5.60196E-02 3.56444E-03 
4.11658E-01 5.22862E-02 5.00185E-03 
4.22073E-01 4.86602E-02 7.21308E-03 
4.30194E-01 4.79982E-02 1.07076E-02 
4.40683E-01 4.45865E-02 1.64157E-02 
4.50430E-01 4.13055E-02 2.60638E-02 
4.59406E-01 3.81703E-02 4.29578E-02 
4.67661E-01 3.51927E-02 7.36473E-02 
4.75348E-01 3.23866E-02 1.31402E-01 
4.83071E-01 2.97944E-02 2.43340E-01 
4.92806E-01 2.75091E-02 4.62722E-01 
5.10861E-01 2.58084E-02 8.79849E-01 
5.52323E-01 2.52606E-02 1.58620E+00 
6.31464E-01 2.61545E-02 2.51818E+00 
7.25385E-01 2.72017E-02 3.35741E+00 
7.88604E-01 2.67571E-02 3.84684E+00 
3.22056E-01 6.30551E-02 4.22291E-04 
3.29049E-01 5.98972E-02 4.99837E-04 
3.22699E-01 7.43627E-02 5.97570E-04 
3.33081E-01 7.10762E-02 7.22596E-04 
3.43569E-01 6.73652E-02 8.85128E-04 
3.53777E-01 6.37081E-02 1.09984E-03 
3.63657E-01 6.01059E-02 1.38760E-03 
3.71060E-01 5.73653E-02 1.68006E-03 
3.73182E-01 5.65728E-02 1.78029E-03 
3.82988E-01 5.28604E-02 2.37680E-03 
3.92267E-01 4.92630E-02 3.24618E-03 
4.00987E-01 4.57926E-02 4.54696E-03 
4.09096E-01 4.24611E-02 6.54294E-03 
4.14996E-01 4.15782E-02 9.69369E-03 
4.22924E-01 3.84903E-02 1.48287E-02 
4.30117E-01 3.55427E-02 2.34935E-02 
4.36568E-01 3.27417E-02 3.86362E-02 
4.42319E-01 3.00956E-02 6.60867E-02 
4.47537E-01 2.76164E-02 1.17637E-01 
4.52780E-01 2.53309E-02 2.17295E-01 
4.59888E-01 2.33214E-02 4.12150E-01 
4.74661E-01 2.18183E-02 7.81680E-01 
5.10862E-01 2.12913E-02 1.40538E+00 
5.81298E-01 2.19740E-02 2.22490E+00 
6.64702E-01 2.27839E-02 2.95821E+00 
7.19619E-01 2.23503E-02 3.38021E+00 
3.27720E-01 5.88457E-02 3.89296E-04 
3.33803E-01 5.57099E-02 4.60371E-04 
3.26523E-01 6.78525E-02 5.49890E-04 
3.35839E-01 6.41010E-02 6.64153E-04 
3.44715E-01 6.05201E-02 8.12589E-04 
3.53252E-01 5.70083E-02 1.00832E-03 
3.61402E-01 5.35781E-02 1.27055E-03 
3.67429E-01 5.09842E-02 1.53656E-03 
3.69139E-01 5.02394E-02 1.62766E-03 
3.76976E-01 4.67559E-02 2.16933E-03 
3.84253E-01 4.34055E-02 2.95835E-03 
3.90932E-01 4.01989E-02 4.13513E-03 
3.96986E-01 3.71523E-02 5.94056E-03 
4.00945E-01 3.61113E-02 8.78200E-03 
4.06643E-01 3.33220E-02 1.34081E-02 
4.11619E-01 3.06762E-02 2.11953E-02 
4.15890E-01 2.81768E-02 3.47801E-02 
4.19501E-01 2.58271E-02 5.93544E-02 
4.22620E-01 2.36358E-02 1.05408E-01 
4.25767E-01 2.16225E-02 1.94226E-01 
4.30660E-01 1.98556E-02 3.67500E-01 
4.42641E-01 1.85274E-02 6.95110E-01 
4.74313E-01 1.80291E-02 1.24637E+00 
5.37213E-01 1.85506E-02 1.96765E+00 
6.11531E-01 1.91772E-02 2.60877E+00 
6.59391E-01 1.87648E-02 2.97280E+00 
3.32048E-01 5.50599E-02 3.59161E-04 
3.37260E-01 5.19002E-02 4.24393E-04 
3.30126E-01 6.13482E-02 5.06448E-04 
3.37729E-01 5.79496E-02 6.11156E-04 
3.45081E-01 5.45154E-02 7.47012E-04 
3.52059E-01 5.11559E-02 9.25790E-04 
3.58623E-01 4.78947E-02 1.16501E-03 
3.63389E-01 4.54472E-02 1.40754E-03 
3.64732E-01 4.47440E-02 1.49038E-03 
3.70790E-01 4.14788E-02 1.98299E-03 
3.76268E-01 3.83619E-02 2.69950E-03 
3.81141E-01 3.54001E-02 3.76662E-03 
3.85406E-01 3.25874E-02 5.40059E-03 
3.87689E-01 3.14587E-02 7.96891E-03 
3.91439E-01 2.89447E-02 1.21407E-02 
3.94508E-01 2.65703E-02 1.91512E-02 
3.96906E-01 2.43384E-02 3.13573E-02 
3.98692E-01 2.22499E-02 5.33899E-02 
4.00028E-01 2.03095E-02 9.45807E-02 
4.01411E-01 1.85352E-02 1.73869E-01 
4.04431E-01 1.69803E-02 3.28114E-01 
4.14028E-01 1.58053E-02 6.19011E-01 
4.41782E-01 1.53394E-02 1.10685E+00 
4.98120E-01 1.57373E-02 1.74242E+00 
5.64572E-01 1.62237E-02 2.30361E+00 
6.06378E-01 1.58361E-02 2.61762E+00 
3.34500E-01 5.17180E-02 3.31936E-04 
3.38940E-01 4.85415E-02 3.92008E-04 
3.32286E-01 5.55906E-02 4.67516E-04 
3.38200E-01 5.26162E-02 5.63611E-04 
3.44220E-01 4.92908E-02 6.88183E-04 
3.49815E-01 4.60758E-02 8.52045E-04 
3.54968E-01 4.29722E-02 1.07074E-03 
3.58636E-01 4.06558E-02 1.29224E-03 
3.59654E-01 3.99931E-02 1.36795E-03 
3.64157E-01 3.69279E-02 1.81743E-03 
3.68064E-01 3.40219E-02 2.46954E-03 
3.71372E-01 3.12773E-02 3.44016E-03 
3.74052E-01 2.86999E-02 4.92205E-03 
3.74916E-01 2.75035E-02 7.24844E-03 
3.76998E-01 2.52310E-02 1.10210E-02 
3.78426E-01 2.30969E-02 1.73447E-02 
3.79227E-01 2.11005E-02 2.83311E-02 
3.79460E-01 1.92414E-02 4.81218E-02 
3.79285E-01 1.75221E-02 8.50437E-02 
3.79169E-01 1.59538E-02 1.55923E-01 
3.80602E-01 1.45824E-02 2.93508E-01 
3.88153E-01 1.35425E-02 5.52108E-01 
4.12498E-01 1.31102E-02 9.84433E-01 
4.63093E-01 1.34132E-02 1.54520E+00 
5.22674E-01 1.37916E-02 2.03690E+00 
5.59261E-01 1.34303E-02 2.30776E+00 
3.35151E-01 4.88043E-02 3.08055E-04 
3.38901E-01 4.56221E-02 3.63578E-04 
3.32485E-01 5.09217E-02 4.33255E-04 
3.37238E-01 4.80164E-02 5.21829E-04 
3.42093E-01 4.47952E-02 6.36436E-04 
3.46506E-01 4.16983E-02 7.86976E-04 
3.50452E-01 3.87332E-02 9.87854E-04 
3.53167E-01 3.65328E-02 1.19081E-03 
3.53908E-01 3.59048E-02 1.26012E-03 
3.57062E-01 3.30170E-02 1.67128E-03 
3.59618E-01 3.02975E-02 2.26700E-03 
3.61558E-01 2.77494E-02 3.15124E-03 
3.62891E-01 2.53720E-02 4.49999E-03 
3.62528E-01 2.41426E-02 6.61227E-03 
3.63178E-01 2.20819E-02 1.00301E-02 
3.63208E-01 2.01585E-02 1.57514E-02 
3.62645E-01 1.83687E-02 2.56663E-02 
3.61554E-01 1.67102E-02 4.34838E-02 
3.60094E-01 1.51825E-02 7.66454E-02 
3.58709E-01 1.37937E-02 1.40147E-01 
3.58790E-01 1.25817E-02 2.63045E-01 
3.64590E-01 1.16589E-02 4.93497E-01 
3.85959E-01 1.12600E-02 8.77278E-01 
4.31510E-01 1.14900E-02 1.37283E+00 
4.85073E-01 1.17839E-02 1.80419E+00 
5.17164E-01 1.14506E-02 2.03805E+00 
3.33922E-01 4.62513E-02 2.86944E-04 
3.37094E-01 4.30649E-02 3.38369E-04 
3.30644E-01 4.70938E-02 4.02879E-04 
3.34779E-01 4.39819E-02 4.84707E-04 
3.38651E-01 4.08561E-02 5.90482E-04 
3.42056E-01 3.78664E-02 7.29131E-04 
3.44968E-01 3.50217E-02 9.13799E-04 
3.46867E-01 3.29246E-02 1.10027E-03 
3.47367E-01 3.23276E-02 1.16379E-03 
3.49362E-01 2.95963E-02 1.54052E-03 
3.50737E-01 2.70457E-02 2.08528E-03 
3.51496E-01 2.46729E-02 2.89259E-03 
3.51645E-01 2.24721E-02 4.12106E-03 
3.50223E-01 2.12317E-02 6.04150E-03 
3.49627E-01 1.93621E-02 9.14234E-03 
3.48434E-01 1.76274E-02 1.43194E-02 
3.46685E-01 1.60219E-02 2.32726E-02 
3.44448E-01 1.45411E-02 3.93232E-02 
3.41879E-01 1.31821E-02 6.91181E-02 
3.39401E-01 1.19519E-02 1.26033E-01 
3.38316E-01 1.08792E-02 2.35869E-01 
3.42578E-01 1.00608E-02 4.41163E-01 
3.61307E-01 9.69451E-03 7.81881E-01 
4.02349E-01 9.86781E-03 1.21974E+00 
4.50546E-01 1.00958E-02 1.59795E+00 
4.78657E-01 9.78920E-03 1.79937E+00 
3.31155E-01 4.40730E-02 2.68606E-04 
3.33861E-01 4.08648E-02 3.16421E-04 
3.27532E-01 4.37302E-02 3.76270E-04 
3.31106E-01 4.04994E-02 4.52103E-04 
3.34162E-01 3.74451E-02 5.49974E-04 
3.36712E-01 3.45434E-02 6.78027E-04 
3.38737E-01 3.18009E-02 8.48211E-04 
3.39936E-01 2.97910E-02 1.01979E-03 
3.40222E-01 2.92227E-02 1.07830E-03 
3.41211E-01 2.66274E-02 1.42431E-03 
3.41557E-01 2.42239E-02 1.92358E-03 
3.41276E-01 2.20058E-02 2.66192E-03 
3.40382E-01 1.99670E-02 3.78296E-03 
3.38043E-01 1.87281E-02 5.53187E-03 
3.36359E-01 1.70265E-02 8.34941E-03 
3.34105E-01 1.54579E-02 1.30425E-02 
3.31327E-01 1.40148E-02 2.11364E-02 
3.28100E-01 1.26900E-02 3.56126E-02 
3.24577E-01 1.14798E-02 6.24166E-02 
3.21161E-01 1.03871E-02 1.13464E-01 
3.19075E-01 9.43646E-03 2.11719E-01 
3.21999E-01 8.70926E-03 3.94705E-01 
3.38388E-01 8.37399E-03 6.97329E-01 
3.75401E-01 8.50324E-03 1.08434E+00 
4.18813E-01 8.67944E-03 1.41595E+00 
4.43422E-01 8.39835E-03 1.58923E+00 
3.27083E-01 4.21901E-02 2.52426E-04 
3.29424E-01 3.89364E-02 2.96989E-04 
3.23466E-01 4.06277E-02 3.52596E-04 
3.26338E-01 3.74739E-02 4.22991E-04 
3.28699E-01 3.44742E-02 5.13663E-04 
3.30520E-01 3.16420E-02 6.32078E-04 
3.31779E-01 2.89852E-02 7.89213E-04 
3.32367E-01 2.70499E-02 9.47246E-04 
3.32466E-01 2.65061E-02 1.00115E-03 
3.32566E-01 2.40305E-02 1.31919E-03 
3.32007E-01 2.17561E-02 1.77715E-03 
3.30806E-01 1.96756E-02 2.45288E-03 
3.28992E-01 1.77776E-02 3.47646E-03 
3.25842E-01 1.65549E-02 5.06978E-03 
3.23201E-01 1.50026E-02 7.63011E-03 
3.20015E-01 1.35815E-02 1.18848E-02 
3.16338E-01 1.22818E-02 1.92053E-02 
3.12249E-01 1.10952E-02 3.22605E-02 
3.07899E-01 1.00160E-02 5.63654E-02 
3.03677E-01 9.04445E-03 1.02142E-01 
3.00725E-01 8.20115E-03 1.89959E-01 
3.02480E-01 7.55427E-03 3.53057E-01 
3.16771E-01 7.24811E-03 6.21657E-01 
3.50138E-01 7.34287E-03 9.63428E-01 
3.89238E-01 7.47757E-03 1.25389E+00 
4.10732E-01 7.22080E-03 1.40265E+00 
3.21942E-01 4.05972E-02 2.37967E-04 
3.24021E-01 3.72719E-02 2.79490E-04 
3.18381E-01 3.80044E-02 3.31277E-04 
3.20717E-01 3.48605E-02 3.96660E-04 
3.22487E-01 3.18972E-02 4.80713E-04 
3.23669E-01 2.91194E-02 5.90318E-04 
3.24249E-01 2.65307E-02 7.35388E-04 
3.24281E-01 2.46589E-02 8.81075E-04 
3.24221E-01 2.41331E-02 9.30629E-04 
3.23520E-01 2.17583E-02 1.22306E-03 
3.22135E-01 1.95960E-02 1.64319E-03 
3.20098E-01 1.76351E-02 2.26152E-03 
3.17445E-01 1.58630E-02 3.19586E-03 
3.13576E-01 1.46626E-02 4.64697E-03 
3.10080E-01 1.32421E-02 6.97325E-03 
3.06068E-01 1.19512E-02 1.08277E-02 
3.01601E-01 1.07785E-02 1.74428E-02 
2.96760E-01 9.71382E-03 2.92061E-02 
2.91700E-01 8.74958E-03 5.08615E-02 
2.86781E-01 7.88554E-03 9.18722E-02 
2.83085E-01 7.13636E-03 1.70299E-01 
2.83810E-01 6.56087E-03 3.15451E-01 
2.96215E-01 6.28175E-03 5.53594E-01 
3.26268E-01 6.34929E-03 8.55048E-01 
3.61442E-01 6.45088E-03 1.10899E+00 
3.80148E-01 6.21665E-03 1.23634E+00 
3.15887E-01 3.92765E-02 2.24744E-04 
3.17700E-01 3.58697E-02 2.63397E-04 
3.12467E-01 3.57321E-02 3.11566E-04 
3.14274E-01 3.26100E-02 3.72283E-04 
3.15506E-01 2.96674E-02 4.50146E-04 
3.16108E-01 2.69264E-02 5.51476E-04 
3.16074E-01 2.43895E-02 6.85335E-04 
3.15608E-01 2.25677E-02 8.19550E-04 
3.15403E-01 2.20571E-02 8.65132E-04 
3.13976E-01 1.97669E-02 1.13380E-03 
3.11847E-01 1.76999E-02 1.51872E-03 
3.09057E-01 1.58431E-02 2.08387E-03 
3.05654E-01 1.41805E-02 2.93584E-03 
3.01145E-01 1.30088E-02 4.25575E-03 
2.96894E-01 1.17042E-02 6.36615E-03 
2.92156E-01 1.05285E-02 9.85389E-03 
2.86998E-01 9.46802E-03 1.58216E-02 
2.81509E-01 8.51119E-03 2.64050E-02 
2.75837E-01 7.64900E-03 4.58323E-02 
2.70330E-01 6.87934E-03 8.25109E-02 
2.66000E-01 6.21350E-03 1.52442E-01 
2.65823E-01 5.70106E-03 2.81377E-01 
2.76522E-01 5.44693E-03 4.92113E-01 
3.03535E-01 5.49292E-03 7.57473E-01 
3.35116E-01 5.56831E-03 9.79021E-01 
3.51316E-01 5.35440E-03 1.08763E+00 
3.09189E-01 3.82431E-02 2.12476E-04 
3.10743E-01 3.47498E-02 2.48471E-04 
3.05872E-01 3.38744E-02 2.93198E-04 
3.07239E-01 3.07157E-02 3.49503E-04 
3.07951E-01 2.77703E-02 4.21559E-04 
3.07998E-01 2.50436E-02 5.15105E-04 
3.07376E-01 2.25383E-02 6.38410E-04 
3.06439E-01 2.07507E-02 7.61782E-04 
3.06090E-01 2.02526E-02 8.03675E-04 
3.03979E-01 1.80274E-02 1.04998E-03 
3.01159E-01 1.60376E-02 1.40206E-03 
2.97673E-01 1.42680E-02 1.91772E-03 
2.93581E-01 1.26999E-02 2.69291E-03 
2.88499E-01 1.15593E-02 3.89112E-03 
2.83576E-01 1.03561E-02 5.80183E-03 
2.78199E-01 9.28172E-03 8.95067E-03 
2.72443E-01 8.32052E-03 1.43231E-02 
2.66399E-01 7.45909E-03 2.38241E-02 
2.60211E-01 6.68749E-03 4.12137E-02 
2.54216E-01 6.00089E-03 7.39398E-02 
2.49353E-01 5.40884E-03 1.36133E-01 
2.48392E-01 4.95242E-03 2.50411E-01 
2.57543E-01 4.72137E-03 4.36411E-01 
2.81750E-01 4.75016E-03 6.69369E-01 
3.10030E-01 4.80434E-03 8.62153E-01 
3.23967E-01 4.60946E-03 9.54408E-01 
3.01740E-01 3.74632E-02 2.00830E-04 
3.03037E-01 3.38600E-02 2.34279E-04 
2.98566E-01 3.23473E-02 2.75769E-04 
2.99514E-01 2.91438E-02 3.27899E-04 
2.99764E-01 2.61776E-02 3.94497E-04 
2.99313E-01 2.34478E-02 4.80750E-04 
2.98160E-01 2.09560E-02 5.94197E-04 
2.96792E-01 1.91897E-02 7.07453E-04 
2.96316E-01 1.86994E-02 7.45851E-04 
2.93586E-01 1.65209E-02 9.71373E-04 
2.90134E-01 1.45925E-02 1.29291E-03 
2.86021E-01 1.28950E-02 1.76251E-03 
2.81318E-01 1.14063E-02 2.46687E-03 
2.75732E-01 1.02976E-02 3.55273E-03 
2.70227E-01 9.18181E-03 5.27952E-03 
2.64306E-01 8.19539E-03 8.11828E-03 
2.58044E-01 7.32100E-03 1.29475E-02 
2.51540E-01 6.54326E-03 2.14625E-02 
2.44936E-01 5.85077E-03 3.70012E-02 
2.38546E-01 5.23780E-03 6.61504E-02 
2.33251E-01 4.71057E-03 1.21364E-01 
2.31618E-01 4.30376E-03 2.22484E-01 
2.39378E-01 4.09380E-03 3.86388E-01 
2.61017E-01 4.10902E-03 5.90574E-01 
2.86277E-01 4.14608E-03 7.58000E-01 
2.98193E-01 3.96893E-03 8.36172E-01 
2.93543E-01 3.69297E-02 1.89481E-04 
2.94559E-01 3.31858E-02 2.20426E-04 
2.90500E-01 3.10965E-02 2.58770E-04 
2.90979E-01 2.78402E-02 3.06864E-04 
2.90771E-01 2.48303E-02 3.68161E-04 
2.89837E-01 2.20767E-02 4.47385E-04 
2.88174E-01 1.95802E-02 5.51320E-04 
2.86405E-01 1.78222E-02 6.54891E-04 
2.85806E-01 1.73366E-02 6.89975E-04 
2.82506E-01 1.51898E-02 8.95619E-04 
2.78483E-01 1.33086E-02 1.18804E-03 
2.73811E-01 1.16702E-02 1.61418E-03 
2.68564E-01 1.02502E-02 2.25132E-03 
2.62544E-01 9.17349E-03 3.23149E-03 
2.56540E-01 8.13469E-03 4.78618E-03 
2.50157E-01 7.22678E-03 7.33353E-03 
2.43479E-01 6.42985E-03 1.16562E-02 
2.36603E-01 5.72720E-03 1.92546E-02 
2.29670E-01 5.10594E-03 3.30768E-02 
2.22972E-01 4.55915E-03 5.89303E-02 
2.17332E-01 4.09036E-03 1.07737E-01 
2.15123E-01 3.72845E-03 1.96805E-01 
2.21611E-01 3.53818E-03 3.40588E-01 
2.40849E-01 3.54260E-03 5.18733E-01 
2.63290E-01 3.56578E-03 6.63425E-01 
2.73365E-01 3.40532E-03 7.29243E-01 
2.84758E-01 3.66395E-02 1.78516E-04 
2.85512E-01 3.27396E-02 2.07098E-04 
2.81800E-01 3.01608E-02 2.42437E-04 
2.81861E-01 2.68083E-02 2.86672E-04 
2.81182E-01 2.37290E-02 3.42906E-04 
2.79761E-01 2.09293E-02 4.15410E-04 
2.77612E-01 1.84091E-02 5.10348E-04 
2.75465E-01 1.66473E-02 6.04733E-04 
2.74759E-01 1.61624E-02 6.36665E-04 
2.70937E-01 1.40320E-02 8.23623E-04 
2.66402E-01 1.21840E-02 1.08880E-03 
2.61232E-01 1.05929E-02 1.47411E-03 
2.55515E-01 9.22987E-03 2.04886E-03 
2.49130E-01 8.18410E-03 2.93079E-03 
2.42710E-01 7.21212E-03 4.32571E-03 
2.35954E-01 6.37278E-03 6.60541E-03 
2.28950E-01 5.64419E-03 1.04621E-02 
2.21792E-01 5.00816E-03 1.72215E-02 
2.14616E-01 4.45042E-03 2.94799E-02 
2.07702E-01 3.96240E-03 5.23389E-02 
2.01809E-01 3.54577E-03 9.53547E-02 
1.99122E-01 3.22409E-03 1.73559E-01 
2.04466E-01 3.05198E-03 2.99304E-01 
2.21492E-01 3.04807E-03 4.54249E-01 
2.41339E-01 3.06024E-03 5.78890E-01 
2.49768E-01 2.91540E-03 6.34071E-01 
2.75252E-01 3.65499E-02 1.67749E-04 
2.75704E-01 3.24725E-02 1.94044E-04 
2.72323E-01 2.94570E-02 2.26491E-04 
2.71991E-01 2.59940E-02 2.67037E-04 
2.70905E-01 2.28299E-02 3.18474E-04 
2.69061E-01 1.99690E-02 3.84636E-04 
2.66470E-01 1.74104E-02 4.71018E-04 
2.63975E-01 1.56338E-02 5.56763E-04 
2.63172E-01 1.51464E-02 5.85726E-04 
2.58874E-01 1.30190E-02 7.55023E-04 
2.53879E-01 1.11929E-02 9.94533E-04 
2.48275E-01 9.63826E-03 1.34166E-03 
2.42155E-01 8.32285E-03 1.85805E-03 
2.35469E-01 7.30684E-03 2.64853E-03 
2.28719E-01 6.39316E-03 3.89554E-03 
2.21676E-01 5.61460E-03 5.92768E-03 
2.14431E-01 4.94714E-03 9.35538E-03 
2.07078E-01 4.37072E-03 1.53457E-02 
1.99748E-01 3.86991E-03 2.61782E-02 
1.92703E-01 3.43468E-03 4.63113E-02 
1.86641E-01 3.06492E-03 8.40749E-02 
1.83568E-01 2.77952E-03 1.52492E-01 
1.87887E-01 2.62435E-03 2.62041E-01 
2.02868E-01 2.61413E-03 3.96286E-01 
2.20326E-01 2.61779E-03 5.03244E-01 
2.27284E-01 2.48757E-03 5.49260E-01 
2.65156E-01 3.66437E-02 1.57242E-04 
2.65284E-01 3.23624E-02 1.81320E-04 
2.62167E-01 2.89567E-02 2.10989E-04 
2.61434E-01 2.53660E-02 2.48010E-04 
2.59944E-01 2.20985E-02 2.94847E-04 
2.57693E-01 1.91612E-02 3.54939E-04 
2.54708E-01 1.65526E-02 4.33257E-04 
2.51915E-01 1.47530E-02 5.10808E-04 
2.51020E-01 1.42619E-02 5.36985E-04 
2.46318E-01 1.21280E-02 6.89681E-04 
2.40939E-01 1.03152E-02 9.05167E-04 
2.34977E-01 8.78953E-03 1.21666E-03 
2.28535E-01 7.51463E-03 1.67879E-03 
2.21620E-01 6.52728E-03 2.38454E-03 
2.14623E-01 5.66514E-03 3.49487E-03 
2.07380E-01 4.94084E-03 5.29918E-03 
1.99981E-01 4.32812E-03 8.33385E-03 
1.92519E-01 3.80530E-03 1.36221E-02 
1.85119E-01 3.35557E-03 2.31565E-02 
1.78022E-01 2.96800E-03 4.08200E-02 
1.71873E-01 2.64046E-03 7.38415E-02 
1.68502E-01 2.38791E-03 1.33465E-01 
1.71909E-01 2.24851E-03 2.28536E-01 
1.85010E-01 2.23371E-03 3.44397E-01 
2.00276E-01 2.23089E-03 4.35809E-01 
2.05930E-01 2.11441E-03 4.73976E-01 
2.54519E-01 3.68909E-02 1.46998E-04 
2.54306E-01 3.23865E-02 1.68950E-04 
2.51365E-01 2.86300E-02 1.95959E-04 
2.50236E-01 2.48883E-02 2.29587E-04 
2.48368E-01 2.15040E-02 2.72051E-04 
2.45756E-01 1.84802E-02 3.26419E-04 
2.42416E-01 1.58117E-02 3.97091E-04 
2.39354E-01 1.39829E-02 4.66910E-04 
2.38383E-01 1.34856E-02 4.90447E-04 
2.33329E-01 1.13380E-02 6.27583E-04 
2.27627E-01 9.53215E-03 8.20567E-04 
2.21378E-01 8.02978E-03 1.09878E-03 
2.14686E-01 6.79005E-03 1.51052E-03 
2.07611E-01 5.83064E-03 2.13777E-03 
2.00450E-01 5.01470E-03 3.12188E-03 
1.93089E-01 4.33937E-03 4.71696E-03 
1.85618E-01 3.77635E-03 7.39192E-03 
1.78129E-01 3.30215E-03 1.20394E-02 
1.70738E-01 2.89879E-03 2.03923E-02 
1.63668E-01 2.55433E-03 3.58217E-02 
1.57507E-01 2.26500E-03 6.45714E-02 
1.53920E-01 2.04230E-03 1.16296E-01 
1.56522E-01 1.91765E-03 1.98436E-01 
1.67898E-01 1.89974E-03 2.97983E-01 
1.81155E-01 1.89213E-03 3.75739E-01 
1.85661E-01 1.78859E-03 4.07203E-01 
2.43438E-01 3.72584E-02 1.37060E-04 
2.42872E-01 3.25140E-02 1.56985E-04 
2.40033E-01 2.84349E-02 1.81459E-04 
2.38541E-01 2.45318E-02 2.11881E-04 
2.36294E-01 2.10176E-02 2.50186E-04 
2.33327E-01 1.78972E-02 2.99119E-04 
2.29665E-01 1.51627E-02 3.62584E-04 
2.26369E-01 1.33012E-02 4.25169E-04 
2.25335E-01 1.27970E-02 4.46243E-04 
2.19987E-01 1.06316E-02 5.68785E-04 
2.14028E-01 8.82930E-03 7.40819E-04 
2.07560E-01 7.34666E-03 9.88199E-04 
2.00692E-01 6.13862E-03 1.35326E-03 
1.93528E-01 5.20689E-03 1.90819E-03 
1.86284E-01 4.43317E-03 2.77662E-03 
1.78887E-01 3.80272E-03 4.17985E-03 
1.71425E-01 3.28498E-03 6.52706E-03 
1.63986E-01 2.85508E-03 1.05928E-02 
1.56679E-01 2.49392E-03 1.78781E-02 
1.49708E-01 2.18849E-03 3.12944E-02 
1.43607E-01 1.93377E-03 5.62132E-02 
1.39881E-01 1.73818E-03 1.00880E-01 
1.41780E-01 1.62730E-03 1.71525E-01 
1.51584E-01 1.60749E-03 2.56664E-01 
1.63013E-01 1.59658E-03 3.22491E-01 
1.66517E-01 1.50514E-03 3.48263E-01 
2.32012E-01 3.77128E-02 1.27465E-04 
2.31087E-01 3.27154E-02 1.45467E-04 
2.28280E-01 2.83360E-02 1.67533E-04 
2.26418E-01 2.42613E-02 1.94922E-04 
2.23840E-01 2.06127E-02 2.29326E-04 
2.20544E-01 1.73908E-02 2.73149E-04 
2.16576E-01 1.45861E-02 3.29847E-04 
2.13077E-01 1.26898E-02 3.85651E-04 
2.11987E-01 1.21786E-02 4.04424E-04 
2.06401E-01 9.99407E-03 5.13410E-04 
2.00242E-01 8.19371E-03 6.65992E-04 
1.93619E-01 6.72934E-03 8.84834E-04 
1.86649E-01 5.55103E-03 1.20698E-03 
1.79462E-01 4.64714E-03 1.69553E-03 
1.72211E-01 3.91276E-03 2.45804E-03 
1.64853E-01 3.32376E-03 3.68689E-03 
1.57475E-01 2.84769E-03 5.73621E-03 
1.50158E-01 2.45833E-03 9.27601E-03 
1.43004E-01 2.13560E-03 1.56006E-02 
1.36199E-01 1.86562E-03 2.72098E-02 
1.30223E-01 1.64227E-03 4.87018E-02 
1.26428E-01 1.47127E-03 8.70937E-02 
1.27723E-01 1.37321E-03 1.47559E-01 
1.36102E-01 1.35253E-03 2.20020E-01 
1.45877E-01 1.33954E-03 2.75475E-01 
1.48519E-01 1.25934E-03 2.96434E-01 
2.20328E-01 3.82195E-02 1.18235E-04 
2.19056E-01 3.29618E-02 1.34428E-04 
2.16212E-01 2.83020E-02 1.54226E-04 
2.13990E-01 2.40485E-02 1.78750E-04 
2.11097E-01 2.02624E-02 2.09495E-04 
2.07514E-01 1.69387E-02 2.48553E-04 
2.03277E-01 1.40638E-02 2.98938E-04 
1.99593E-01 1.21330E-02 3.48424E-04 
1.98454E-01 1.16145E-02 3.65051E-04 
1.92674E-01 9.41157E-03 4.61451E-04 
1.86371E-01 7.61407E-03 5.96074E-04 
1.79660E-01 6.16820E-03 7.88659E-04 
1.72653E-01 5.01903E-03 1.07145E-03 
1.65504E-01 4.14357E-03 1.49932E-03 
1.58316E-01 3.44639E-03 2.16533E-03 
1.51067E-01 2.89621E-03 3.23586E-03 
1.43840E-01 2.45886E-03 5.01592E-03 
1.36710E-01 2.10678E-03 8.08194E-03 
1.29772E-01 1.81911E-03 1.35438E-02 
1.23190E-01 1.58137E-03 2.35377E-02 
1.17397E-01 1.38641E-03 4.19789E-02 
1.13600E-01 1.23770E-03 7.48059E-02 
1.14382E-01 1.15154E-03 1.26290E-01 
1.21478E-01 1.13080E-03 1.87639E-01 
1.29767E-01 1.11674E-03 2.34101E-01 
1.31674E-01 1.04693E-03 2.51016E-01 
2.08549E-01 3.87530E-02 1.09432E-04 
2.06911E-01 3.32254E-02 1.23918E-04 
2.03976E-01 2.83019E-02 1.41594E-04 
2.01415E-01 2.38688E-02 1.63442E-04 
1.98208E-01 1.99440E-02 1.90757E-04 
1.94366E-01 1.65212E-02 2.25384E-04 
1.89902E-01 1.35801E-02 2.69940E-04 
1.86066E-01 1.16174E-02 3.13594E-04 
1.84887E-01 1.10924E-02 3.28245E-04 
1.78952E-01 8.87421E-03 4.13049E-04 
1.72557E-01 7.08206E-03 5.31182E-04 
1.65811E-01 5.65619E-03 6.99770E-04 
1.58827E-01 4.53664E-03 9.46669E-04 
1.51773E-01 3.69056E-03 1.31943E-03 
1.44710E-01 3.02921E-03 1.89819E-03 
1.37633E-01 2.51576E-03 2.82576E-03 
1.30618E-01 2.11441E-03 4.36413E-03 
1.23735E-01 1.79667E-03 7.00593E-03 
1.17066E-01 1.54100E-03 1.16975E-02 
1.10761E-01 1.33247E-03 2.02569E-02 
1.05201E-01 1.16311E-03 3.59987E-02 
1.01458E-01 1.03453E-03 6.39202E-02 
1.01814E-01 9.59353E-04 1.07529E-01 
1.07766E-01 9.39192E-04 1.59197E-01 
1.14730E-01 9.24815E-04 1.97909E-01 
1.16024E-01 8.64573E-04 2.11454E-01 
1.96746E-01 3.92872E-02 1.01051E-04 
1.94752E-01 3.34872E-02 1.13944E-04 
1.91675E-01 2.83118E-02 1.29635E-04 
1.88774E-01 2.36988E-02 1.48978E-04 
1.85274E-01 1.96388E-02 1.73104E-04 
1.81186E-01 1.61210E-02 2.03617E-04 
1.76525E-01 1.31194E-02 2.42778E-04 
1.72567E-01 1.11294E-02 2.81059E-04 
1.71359E-01 1.05992E-02 2.93892E-04 
1.65318E-01 8.37116E-03 3.68054E-04 
1.58875E-01 6.58837E-03 4.71093E-04 
1.52140E-01 5.18515E-03 6.17757E-04 
1.45230E-01 4.09657E-03 8.32016E-04 
1.38322E-01 3.28129E-03 1.15480E-03 
1.31443E-01 2.65511E-03 1.65470E-03 
1.24595E-01 2.17679E-03 2.45375E-03 
1.17846E-01 1.80927E-03 3.77518E-03 
1.11260E-01 1.52332E-03 6.03787E-03 
1.04910E-01 1.29696E-03 1.00442E-02 
9.89243E-02 1.11490E-03 1.73308E-02 
9.36415E-02 9.68616E-04 3.06883E-02 
9.00043E-02 8.58181E-04 5.42940E-02 
9.00132E-02 7.93103E-04 9.10089E-02 
9.49510E-02 7.74001E-04 1.34256E-01 
1.00742E-01 7.59908E-04 1.66305E-01 
1.01529E-01 7.08410E-04 1.77051E-01 
1.85135E-01 3.97903E-02 9.31858E-05 
1.82811E-01 3.37231E-02 1.04620E-04 
1.79562E-01 2.83108E-02 1.18485E-04 
1.76343E-01 2.35240E-02 1.35535E-04 
1.72553E-01 1.93346E-02 1.56729E-04 
1.68237E-01 1.57292E-02 1.83477E-04 
1.63404E-01 1.26748E-02 2.17721E-04 
1.59347E-01 1.06633E-02 2.51122E-04 
1.58117E-01 1.01297E-02 2.62308E-04 
1.52011E-01 7.89890E-03 3.26843E-04 
1.45567E-01 6.13098E-03 4.16280E-04 
1.38896E-01 4.75413E-03 5.43266E-04 
1.32110E-01 3.69840E-03 7.28320E-04 
1.25390E-01 2.91513E-03 1.00650E-03 
1.18739E-01 2.32336E-03 1.43623E-03 
1.12164E-01 1.87854E-03 2.12132E-03 
1.05725E-01 1.54262E-03 3.25113E-03 
9.94762E-02 1.28584E-03 5.18025E-03 
9.34792E-02 1.08598E-03 8.58613E-03 
8.78469E-02 9.27639E-04 1.47607E-02 
8.28735E-02 8.01890E-04 2.60426E-02 
7.93837E-02 7.07540E-04 4.59110E-02 
7.91211E-02 6.51583E-04 7.66811E-02 
8.31763E-02 6.33876E-04 1.12715E-01 
8.79468E-02 6.20504E-04 1.39123E-01 
8.83296E-02 5.76848E-04 1.47582E-01 
1.73614E-01 4.02520E-02 8.57136E-05 
1.70974E-01 3.39196E-02 9.57902E-05 
1.67523E-01 2.82795E-02 1.07955E-04 
1.64012E-01 2.33262E-02 1.22881E-04 
1.59957E-01 1.90151E-02 1.41365E-04 
1.55414E-01 1.53289E-02 1.64617E-04 
1.50424E-01 1.22298E-02 1.94326E-04 
1.46288E-01 1.02034E-02 2.23235E-04 
1.45041E-01 9.66816E-03 2.32907E-04 
1.38892E-01 7.44198E-03 2.88604E-04 
1.32483E-01 5.69553E-03 3.65612E-04 
1.25921E-01 4.35008E-03 4.74702E-04 
1.19310E-01 3.33046E-03 6.33299E-04 
1.12828E-01 2.58147E-03 8.71225E-04 
1.06454E-01 2.02442E-03 1.23785E-03 
1.00197E-01 1.61233E-03 1.82074E-03 
9.41086E-02 1.30650E-03 2.77932E-03 
8.82340E-02 1.07694E-03 4.41143E-03 
8.26244E-02 9.01425E-04 7.28409E-03 
7.73757E-02 7.64613E-04 1.24762E-02 
7.27412E-02 6.57342E-04 2.19313E-02 
6.94358E-02 5.77452E-04 3.85217E-02 
6.89652E-02 5.29819E-04 6.41054E-02 
7.22471E-02 5.13740E-04 9.38874E-02 
7.61235E-02 5.01407E-04 1.15462E-01 
7.61869E-02 4.64847E-04 1.22037E-01 
1.62375E-01 4.06505E-02 7.87103E-05 
1.59423E-01 3.40574E-02 8.75347E-05 
1.55787E-01 2.82073E-02 9.81580E-05 
1.51976E-01 2.30925E-02 1.11122E-04 
1.47677E-01 1.86707E-02 1.27133E-04 
1.42940E-01 1.49157E-02 1.47215E-04 
1.37817E-01 1.17825E-02 1.72803E-04 
1.33626E-01 9.74904E-03 1.97663E-04 
1.32368E-01 9.21400E-03 2.05964E-04 
1.26206E-01 7.00135E-03 2.53692E-04 
1.19864E-01 5.28310E-03 3.19529E-04 
1.13445E-01 3.97375E-03 4.12586E-04 
1.07045E-01 2.99312E-03 5.47578E-04 
1.00834E-01 2.28018E-03 7.49685E-04 
9.47736E-02 1.75793E-03 1.06035E-03 
8.88686E-02 1.37763E-03 1.55301E-03 
8.31619E-02 1.10027E-03 2.36097E-03 
7.76885E-02 8.95883E-04 3.73262E-03 
7.24895E-02 7.42505E-04 6.13951E-03 
6.76434E-02 6.24962E-04 1.04763E-02 
6.33670E-02 5.34083E-04 1.83477E-02 
6.02742E-02 4.66976E-04 3.21077E-02 
5.96544E-02 4.26806E-04 5.32354E-02 
6.22725E-02 4.12482E-04 7.76811E-02 
6.53812E-02 4.01388E-04 9.51800E-02 
6.52032E-02 3.71130E-04 1.00231E-01 
1.51503E-01 4.09774E-02 7.21793E-05 
1.48238E-01 3.41261E-02 7.98482E-05 
1.44397E-01 2.80777E-02 8.90564E-05 
1.40341E-01 2.28178E-02 1.00257E-04 
1.35812E-01 1.82959E-02 1.14017E-04 
1.30893E-01 1.44828E-02 1.31218E-04 
1.25652E-01 1.13264E-02 1.53079E-04 
1.21424E-01 9.29400E-03 1.74285E-04 
1.20164E-01 8.76172E-03 1.81361E-04 
1.14037E-01 6.57306E-03 2.21970E-04 
1.07794E-01 4.89020E-03 2.77838E-04 
1.01544E-01 3.62179E-03 3.56615E-04 
9.53816E-02 2.68306E-03 4.70639E-04 
8.94680E-02 2.00789E-03 6.41055E-04 
8.37490E-02 1.52060E-03 9.02398E-04 
7.82226E-02 1.17127E-03 1.31576E-03 
7.29202E-02 9.20852E-04 1.99188E-03 
6.78670E-02 7.39739E-04 3.13636E-03 
6.30929E-02 6.06407E-04 5.13871E-03 
5.86618E-02 5.06076E-04 8.73482E-03 
5.47554E-02 4.29674E-04 1.52398E-02 
5.18959E-02 3.73796E-04 2.65699E-02 
5.11783E-02 3.40269E-04 4.38893E-02 
5.32329E-02 3.27745E-04 6.38050E-02 
5.56897E-02 3.18009E-04 7.78881E-02 
5.53375E-02 2.93291E-04 8.17159E-02 
1.41047E-01 4.12227E-02 6.61071E-05 
1.37483E-01 3.41201E-02 7.27211E-05 
1.33436E-01 2.78851E-02 8.06399E-05 
1.29148E-01 2.24922E-02 9.02367E-05 
1.24409E-01 1.78827E-02 1.01962E-04 
1.19337E-01 1.40250E-02 1.16569E-04 
1.14006E-01 1.08585E-02 1.35091E-04 
1.09748E-01 8.83487E-03 1.53009E-04 
1.08486E-01 8.30732E-03 1.58980E-04 
1.02402E-01 6.15129E-03 1.93207E-04 
9.62992E-02 4.51230E-03 2.40227E-04 
9.02695E-02 3.29106E-03 3.06421E-04 
8.43849E-02 2.39770E-03 4.02013E-04 
7.87938E-02 1.76199E-03 5.44601E-04 
7.34340E-02 1.30969E-03 7.62742E-04 
6.83009E-02 9.90421E-04 1.10687E-03 
6.34149E-02 7.65460E-04 1.66821E-03 
5.87909E-02 6.05814E-04 2.61568E-03 
5.44480E-02 4.90599E-04 4.26832E-03 
5.04356E-02 4.05555E-04 7.22699E-03 
4.69035E-02 3.41861E-04 1.25607E-02 
4.42914E-02 2.95791E-04 2.18156E-02 
4.35196E-02 2.68129E-04 3.58997E-02 
4.51019E-02 2.57388E-04 5.19930E-02 
4.70111E-02 2.49054E-04 6.32297E-02 
4.65421E-02 2.29166E-04 6.60864E-02 
1.31050E-01 4.13809E-02 6.04807E-05 
1.27212E-01 3.40372E-02 6.61402E-05 
1.22949E-01 2.76249E-02 7.28843E-05 
1.18452E-01 2.21123E-02 8.10346E-05 
1.13546E-01 1.74317E-02 9.09430E-05 
1.08346E-01 1.35434E-02 1.03236E-04 
1.02941E-01 1.03777E-02 1.18769E-04 
9.86720E-02 8.37105E-03 1.33764E-04 
9.74174E-02 7.85077E-03 1.38759E-04 
9.14249E-02 5.73837E-03 1.67370E-04 
8.54812E-02 4.14988E-03 2.06586E-04 
7.96742E-02 2.97959E-03 2.61664E-04 
7.40801E-02 2.13414E-03 3.41068E-04 
6.88308E-02 1.53944E-03 4.59342E-04 
6.38502E-02 1.12234E-03 6.39890E-04 
5.91249E-02 8.32364E-04 9.23998E-04 
5.46646E-02 6.31502E-04 1.38615E-03 
5.04744E-02 4.91646E-04 2.16402E-03 
4.65637E-02 3.92763E-04 3.51667E-03 
4.29674E-02 3.21233E-04 5.93050E-03 
3.98079E-02 2.68628E-04 1.02671E-02 
3.74506E-02 2.31060E-04 1.77627E-02 
3.66613E-02 2.08531E-04 2.91178E-02 
3.78533E-02 1.99507E-04 4.20090E-02 
3.93088E-02 1.92557E-04 5.08918E-02 
3.87709E-02 1.76844E-04 5.29867E-02 
1.21540E-01 4.14467E-02 5.52811E-05 
1.17449E-01 3.38723E-02 6.00779E-05 
1.12978E-01 2.72940E-02 6.57613E-05 
1.08285E-01 2.16742E-02 7.26048E-05 
1.03245E-01 1.69391E-02 8.08961E-05 
9.79360E-02 1.30326E-02 9.11192E-05 
9.24869E-02 9.88115E-03 1.04002E-04 
8.82349E-02 7.90142E-03 1.16425E-04 
8.69910E-02 7.39056E-03 1.20558E-04 
8.11065E-02 5.33064E-03 1.44214E-04 
7.53469E-02 3.79972E-03 1.76586E-04 
6.97929E-02 2.68557E-03 2.21978E-04 
6.45091E-02 1.89071E-03 2.87305E-04 
5.96144E-02 1.33821E-03 3.84490E-04 
5.50229E-02 9.56232E-04 5.32541E-04 
5.07111E-02 6.94670E-04 7.64961E-04 
4.66783E-02 5.16561E-04 1.14204E-03 
4.29191E-02 3.94902E-04 1.77486E-03 
3.94335E-02 3.10666E-04 2.87195E-03 
3.62452E-02 2.51048E-04 4.82328E-03 
3.34504E-02 2.08061E-04 8.31656E-03 
3.13494E-02 1.77812E-04 1.43315E-02 
3.05723E-02 1.59740E-04 2.34008E-02 
3.14468E-02 1.52334E-04 3.36284E-02 
3.25319E-02 1.46712E-04 4.05795E-02 
3.19640E-02 1.34573E-04 4.20845E-02 
1.12510E-01 4.14110E-02 5.04785E-05 
1.08203E-01 3.36217E-02 5.45038E-05 
1.03554E-01 2.68940E-02 5.92424E-05 
9.86876E-02 2.11808E-02 6.49186E-05 
9.35348E-02 1.64054E-02 7.17693E-05 
8.81523E-02 1.24960E-02 8.01677E-05 
8.26844E-02 9.37107E-03 9.07190E-05 
7.84657E-02 7.42617E-03 1.00879E-04 
7.72399E-02 6.92709E-03 1.04258E-04 
7.14839E-02 4.92842E-03 1.23578E-04 
6.59258E-02 3.46139E-03 1.49984E-04 
6.06467E-02 2.40767E-03 1.86989E-04 
5.56961E-02 1.66586E-03 2.40190E-04 
5.11678E-02 1.15647E-03 3.19253E-04 
4.69681E-02 8.09293E-04 4.39449E-04 
4.30687E-02 5.75178E-04 6.27692E-04 
3.94570E-02 4.18450E-04 9.32309E-04 
3.61190E-02 3.13452E-04 1.44206E-03 
3.30461E-02 2.42318E-04 2.32304E-03 
3.02507E-02 1.93120E-04 3.88484E-03 
2.78074E-02 1.58422E-04 6.67079E-03 
2.59588E-02 1.34426E-04 1.14487E-02 
2.52171E-02 1.20190E-04 1.86184E-02 
2.58379E-02 1.14280E-04 2.66483E-02 
2.66254E-02 1.09906E-04 3.20275E-02 
2.60579E-02 1.00798E-04 3.30820E-02 
1.03991E-01 4.12789E-02 4.60605E-05 
9.95030E-02 3.32910E-02 4.93998E-05 
9.46903E-02 2.64267E-02 5.32934E-05 
8.96778E-02 2.06342E-02 5.79322E-05 
8.44267E-02 1.58312E-02 6.35018E-05 
7.90132E-02 1.19352E-02 7.03085E-05 
7.35592E-02 8.84948E-03 7.88253E-05 
6.93883E-02 6.94686E-03 8.70113E-05 
6.81836E-02 6.46146E-03 8.97316E-05 
6.25835E-02 4.53263E-03 1.05300E-04 
5.72591E-02 3.13583E-03 1.26585E-04 
5.22735E-02 2.14604E-03 1.56400E-04 
4.76573E-02 1.45852E-03 1.99209E-04 
4.34920E-02 9.92437E-04 2.62778E-04 
3.96831E-02 6.79556E-04 3.59280E-04 
3.61896E-02 4.71810E-04 5.10091E-04 
3.29887E-02 3.35111E-04 7.53509E-04 
3.00574E-02 2.45319E-04 1.15970E-03 
2.73800E-02 1.85853E-04 1.85954E-03 
2.49582E-02 1.45726E-04 3.09596E-03 
2.28487E-02 1.18127E-04 5.29356E-03 
2.12440E-02 9.94346E-05 9.04690E-03 
2.05548E-02 8.84730E-05 1.46514E-02 
2.09771E-02 8.39263E-05 2.08838E-02 
2.15299E-02 8.07022E-05 2.49959E-02 
2.09858E-02 7.41395E-05 2.57121E-02 
9.59718E-02 4.10530E-02 4.19981E-05 
9.13115E-02 3.28746E-02 4.47175E-05 
8.63744E-02 2.58932E-02 4.78669E-05 
8.12425E-02 2.00359E-02 5.15880E-05 
7.59279E-02 1.52211E-02 5.60349E-05 
7.05014E-02 1.13507E-02 6.14429E-05 
6.50919E-02 8.31667E-03 6.81930E-05 
6.09958E-02 6.46470E-03 7.46771E-05 
5.98197E-02 5.99509E-03 7.68321E-05 
5.43926E-02 4.14328E-03 8.91616E-05 
4.93204E-02 2.82188E-03 1.06058E-04 
4.46379E-02 1.89880E-03 1.29728E-04 
4.03688E-02 1.26699E-03 1.63718E-04 
3.65721E-02 8.44438E-04 2.14184E-04 
3.31480E-02 5.65115E-04 2.90680E-04 
3.00492E-02 3.82572E-04 4.09995E-04 
2.72438E-02 2.64561E-04 6.02115E-04 
2.47006E-02 1.88602E-04 9.21798E-04 
2.23968E-02 1.39484E-04 1.47087E-03 
2.03265E-02 1.07236E-04 2.43753E-03 
1.85298E-02 8.56862E-05 4.14923E-03 
1.71571E-02 7.14671E-05 7.06041E-03 
1.65323E-02 6.32847E-05 1.13851E-02 
1.68025E-02 5.99656E-05 1.61586E-02 
1.71735E-02 5.77849E-05 1.92571E-02 
1.66695E-02 5.33481E-05 1.97245E-02 
8.85039E-02 4.07331E-02 3.82977E-05 
8.36972E-02 3.23803E-02 4.04697E-05 
7.86655E-02 2.52998E-02 4.29687E-05 
7.34487E-02 1.93951E-02 4.58919E-05 
6.80884E-02 1.45808E-02 4.93584E-05 
6.26870E-02 1.07514E-02 5.35690E-05 
5.73474E-02 7.77970E-03 5.88069E-05 
5.33452E-02 5.98521E-03 6.38422E-05 
5.22039E-02 5.53323E-03 6.55181E-05 
4.69799E-02 3.76554E-03 7.51206E-05 
4.21671E-02 2.52268E-03 8.83116E-05 
3.77959E-02 1.66795E-03 1.06835E-04 
3.38761E-02 1.09204E-03 1.33467E-04 
3.04427E-02 7.12288E-04 1.73036E-04 
2.73943E-02 4.65307E-04 2.32972E-04 
2.46744E-02 3.06512E-04 3.26294E-04 
2.22421E-02 2.05669E-04 4.76211E-04 
2.00605E-02 1.42110E-04 7.24958E-04 
1.81020E-02 1.02044E-04 1.15085E-03 
1.63542E-02 7.65312E-05 1.89797E-03 
1.48438E-02 6.00598E-05 3.21584E-03 
1.36857E-02 4.95543E-05 5.44749E-03 
1.31317E-02 4.36931E-05 8.74510E-03 
1.32896E-02 4.14588E-05 1.23566E-02 
1.35244E-02 4.02084E-05 1.46606E-02 
1.30706E-02 3.75157E-05 1.49503E-02 
8.14762E-02 4.03193E-02 3.48873E-05 
7.65543E-02 3.18075E-02 3.65742E-05 
7.14432E-02 2.46409E-02 3.84939E-05 
6.61825E-02 1.87082E-02 4.07231E-05 
6.08103E-02 1.39099E-02 4.33379E-05 
5.54552E-02 1.01332E-02 4.65078E-05 
5.02220E-02 7.23639E-03 5.04551E-05 
4.63295E-02 5.50567E-03 5.42495E-05 
4.52265E-02 5.07283E-03 5.55157E-05 
4.02344E-02 3.39616E-03 6.28152E-05 
3.57002E-02 2.23565E-03 7.28875E-05 
3.16457E-02 1.45067E-03 8.70811E-05 
2.80752E-02 9.30755E-04 1.07556E-04 
2.50052E-02 5.93287E-04 1.38069E-04 
2.23219E-02 3.77524E-04 1.84265E-04 
1.99631E-02 2.41127E-04 2.56081E-04 
1.78819E-02 1.56131E-04 3.71185E-04 
1.60373E-02 1.03754E-04 5.61635E-04 
1.43972E-02 7.16586E-05 8.86622E-04 
1.29452E-02 5.19492E-05 1.45473E-03 
1.16961E-02 3.97688E-05 2.45272E-03 
1.07358E-02 3.23671E-05 4.13497E-03 
1.02558E-02 2.84576E-05 6.60674E-03 
1.03325E-02 2.71873E-05 9.29122E-03 
1.04670E-02 2.67726E-05 1.09721E-02 
1.00689E-02 2.55174E-05 1.11364E-02 
7.49258E-02 3.98158E-02 3.17704E-05 
6.99263E-02 3.11661E-02 3.30355E-05 
6.47590E-02 2.39292E-02 3.44490E-05 
5.94844E-02 1.79849E-02 3.60783E-05 
5.41332E-02 1.32180E-02 3.79648E-05 
4.88514E-02 9.50606E-03 4.02490E-05 
4.37517E-02 6.69420E-03 4.31086E-05 
3.99955E-02 5.03384E-03 4.58729E-05 
3.89380E-02 4.62169E-03 4.67998E-05 
3.41874E-02 3.03977E-03 5.21735E-05 
2.99461E-02 1.96391E-03 5.96720E-05 
2.62230E-02 1.24936E-03 7.03311E-05 
2.30001E-02 7.84467E-04 8.57808E-05 
2.02745E-02 4.87525E-04 1.08878E-04 
1.79355E-02 3.01229E-04 1.43876E-04 
1.59137E-02 1.85599E-04 1.98233E-04 
1.41569E-02 1.14998E-04 2.85182E-04 
1.26197E-02 7.25562E-05 4.28654E-04 
1.12675E-02 4.73828E-05 6.72636E-04 
1.00804E-02 3.26026E-05 1.09757E-03 
9.06452E-03 2.40002E-05 1.84083E-03 
8.28187E-03 1.91576E-05 3.08757E-03 
7.87482E-03 1.68692E-05 4.90838E-03 
7.89573E-03 1.64457E-05 6.86811E-03 
7.95909E-03 1.67701E-05 8.06999E-03 
7.61831E-03 1.66872E-05 8.14989E-03 
6.88169E-02 3.92183E-02 2.89182E-05 
6.37737E-02 3.04547E-02 2.98170E-05 
5.85858E-02 2.31681E-02 3.07954E-05 
5.33231E-02 1.72286E-02 3.19081E-05 
4.80281E-02 1.25093E-02 3.31786E-05 
4.28467E-02 8.87403E-03 3.47161E-05 
3.79050E-02 6.15631E-03 3.66685E-05 
3.43041E-02 4.57175E-03 3.85814E-05 
3.32968E-02 4.18149E-03 3.92289E-05 
2.88093E-02 2.69838E-03 4.30273E-05 
2.48718E-02 1.70842E-03 4.84295E-05 
2.14793E-02 1.06365E-03 5.62183E-05 
1.85971E-02 6.52258E-04 6.76061E-05 
1.62039E-02 3.93974E-04 8.47353E-05 
1.41897E-02 2.35257E-04 1.10742E-04 
1.24801E-02 1.38689E-04 1.51122E-04 
1.10187E-02 8.10322E-05 2.15606E-04 
9.75787E-03 4.73381E-05 3.21713E-04 
8.66195E-03 2.81349E-05 5.01552E-04 
7.70817E-03 1.75129E-05 8.13428E-04 
6.89683E-03 1.18794E-05 1.35647E-03 
6.27067E-03 9.13682E-06 2.26254E-03 
5.93293E-03 8.19150E-06 3.57705E-03 
5.91748E-03 8.51152E-06 4.97776E-03 
5.93236E-03 9.48997E-06 5.81684E-03 
5.64711E-03 1.03601E-05 5.84248E-03 
6.31254E-02 3.85263E-02 2.63084E-05 
5.80753E-02 2.96772E-02 2.68936E-05 
5.28967E-02 2.23616E-02 2.74985E-05 
4.76749E-02 1.64447E-02 2.81720E-05 
4.24685E-02 1.17891E-02 2.89265E-05 
3.74167E-02 8.24247E-03 2.98442E-05 
3.26547E-02 5.62696E-03 3.10485E-05 
2.92267E-02 4.12295E-03 3.22697E-05 
2.82732E-02 3.75545E-03 3.26898E-05 
2.40677E-02 2.37414E-03 3.52207E-05 
2.04410E-02 1.47028E-03 3.89431E-05 
1.73778E-02 8.93867E-04 4.44435E-05 
1.48265E-02 5.33799E-04 5.26045E-05 
1.27497E-02 3.11914E-04 6.50057E-05 
1.10374E-02 1.78642E-04 8.39031E-05 
9.61254E-03 9.93213E-05 1.13264E-04 
8.41610E-03 5.31554E-05 1.60086E-04 
7.39981E-03 2.70817E-05 2.36917E-04 
6.52778E-03 1.29789E-05 3.66660E-04 
5.77610E-03 5.84674E-06 5.90632E-04 
5.14087E-03 2.66435E-06 9.78648E-04 
4.64986E-03 1.64094E-06 1.62218E-03 
4.37555E-03 1.80844E-06 2.54881E-03 
4.33812E-03 2.78312E-06 3.52492E-03 
4.32150E-03 4.34257E-06 4.09368E-03 
4.08759E-03 5.98740E-06 4.08657E-03 
5.78245E-02 3.77393E-02 2.39196E-05 
5.27942E-02 2.88308E-02 2.42348E-05 
4.76617E-02 2.15130E-02 2.45251E-05 
4.25096E-02 1.56374E-02 2.48290E-05 
3.74216E-02 1.10617E-02 2.51561E-05 
3.25282E-02 7.61579E-03 2.55675E-05 
2.79691E-02 5.11039E-03 2.61672E-05 
2.47281E-02 3.69062E-03 2.68346E-05 
2.38327E-02 3.34672E-03 2.70746E-05 
1.99222E-02 2.06885E-03 2.86027E-05 
1.66117E-02 1.25041E-03 3.10063E-05 
1.38727E-02 7.40171E-04 3.47161E-05 
1.16421E-02 4.28822E-04 4.03698E-05 
9.86200E-03 2.40626E-04 4.90909E-05 
8.42680E-03 1.30470E-04 6.24663E-05 
7.25761E-03 6.65185E-05 8.32851E-05 
6.29485E-03 3.04156E-05 1.16449E-04 
5.49095E-03 1.09023E-05 1.70713E-04 
4.81082E-03 1.11760E-06 2.61966E-04 
4.23097E-03 -3.10318E-06 4.18697E-04 
3.74429E-03 -4.26813E-06 6.88606E-04 
3.36748E-03 -3.88471E-06 1.13311E-03 
3.14922E-03 -2.79183E-06 1.76742E-03 
3.09987E-03 -1.23657E-06 2.42637E-03 
3.06391E-03 8.42619E-07 2.79724E-03 
2.87556E-03 3.11952E-06 2.77227E-03 
5.28804E-02 3.68500E-02 2.17295E-05 
4.78993E-02 2.79131E-02 2.18149E-05 
4.28501E-02 2.06239E-02 2.18447E-05 
3.78006E-02 1.48116E-02 2.18437E-05 
3.28561E-02 1.03313E-02 2.18207E-05 
2.81489E-02 6.99846E-03 2.18268E-05 
2.38132E-02 4.61021E-03 2.19473E-05 
2.07715E-02 3.27774E-03 2.21817E-05 
1.99381E-02 2.95811E-03 2.22824E-05 
1.63333E-02 1.78440E-03 2.30377E-05 
1.33407E-02 1.04971E-03 2.44316E-05 
1.09184E-02 6.02753E-04 2.67754E-05 
8.99056E-03 3.36797E-04 3.05136E-05 
7.48566E-03 1.79333E-04 3.64290E-05 
6.30200E-03 8.98737E-05 4.56026E-05 
5.35967E-03 3.94177E-05 5.99329E-05 
4.59984E-03 1.19946E-05 8.27435E-05 
3.97699E-03 -1.94651E-06 1.19943E-04 
3.45791E-03 -8.11267E-06 1.82171E-04 
3.02095E-03 -9.91968E-06 2.88419E-04 
2.65668E-03 -9.42759E-06 4.70014E-04 
2.37399E-03 -7.89071E-06 7.66419E-04 
2.20351E-03 -6.02310E-06 1.18453E-03 
2.14877E-03 -3.94805E-06 1.61101E-03 
2.10167E-03 -1.39964E-06 1.83993E-03 
1.95214E-03 1.39614E-06 1.80691E-03 
4.82346E-02 3.58378E-02 1.97067E-05 
4.33426E-02 2.69165E-02 1.96022E-05 
3.84093E-02 1.96887E-02 1.94174E-05 
3.34970E-02 1.39658E-02 1.91694E-05 
2.87255E-02 9.59936E-03 1.88667E-05 
2.42308E-02 6.39221E-03 1.85554E-05 
2.01385E-02 4.12829E-03 1.83055E-05 
1.73070E-02 2.88576E-03 1.82103E-05 
1.65378E-02 2.59077E-03 1.82056E-05 
1.32467E-02 1.52127E-03 1.83813E-05 
1.05718E-02 8.68166E-04 1.90249E-05 
8.45600E-03 4.81114E-04 2.03528E-05 
6.81426E-03 2.57068E-04 2.26693E-05 
5.56267E-03 1.27245E-04 2.64988E-05 
4.60298E-03 5.59860E-05 3.25369E-05 
3.85780E-03 1.71783E-05 4.20255E-05 
3.27075E-03 -2.86631E-06 5.71248E-05 
2.79932E-03 -1.21277E-05 8.16445E-05 
2.41284E-03 -1.52824E-05 1.22371E-04 
2.09210E-03 -1.50938E-05 1.91359E-04 
1.82651E-03 -1.32365E-05 3.08040E-04 
1.61946E-03 -1.07468E-05 4.96113E-04 
1.48832E-03 -8.22220E-06 7.57034E-04 
1.43192E-03 -5.67531E-06 1.01609E-03 
1.37883E-03 -2.69782E-06 1.14511E-03 
1.26110E-03 5.28187E-07 1.11008E-03 
4.38664E-02 3.46825E-02 1.78378E-05 
3.91075E-02 2.58338E-02 1.75823E-05 
3.43241E-02 1.87063E-02 1.72262E-05 
2.95854E-02 1.31041E-02 1.67857E-05 
2.50156E-02 8.87145E-03 1.62677E-05 
2.07577E-02 5.80296E-03 1.57180E-05 
1.69275E-02 3.67009E-03 1.51958E-05 
1.43139E-02 2.51910E-03 1.48609E-05 
1.36103E-02 2.24881E-03 1.47801E-05 
1.06365E-02 1.28224E-03 1.45438E-05 
8.27198E-03 7.07095E-04 1.46538E-05 
6.44798E-03 3.75717E-04 1.52600E-05 
5.06972E-03 1.89458E-04 1.65582E-05 
4.04513E-03 8.38665E-05 1.88851E-05 
3.28162E-03 2.82512E-05 2.26626E-05 
2.70402E-03 -7.49315E-07 2.86520E-05 
2.26008E-03 -1.46778E-05 3.81755E-05 
1.91138E-03 -2.00960E-05 5.35398E-05 
1.63067E-03 -2.07864E-05 7.87893E-05 
1.40116E-03 -1.89669E-05 1.21022E-04 
1.21234E-03 -1.59911E-05 1.91288E-04 
1.06390E-03 -1.27149E-05 3.02282E-04 
9.63580E-04 -9.63118E-06 4.52040E-04 
9.07229E-04 -6.65544E-06 5.93824E-04 
8.50930E-04 -3.28665E-06 6.54529E-04 
7.58115E-04 2.95542E-07 6.20987E-04 
3.96999E-02 3.33405E-02 1.60873E-05 
3.51212E-02 2.46360E-02 1.57158E-05 
3.05292E-02 1.76606E-02 1.52288E-05 
2.60048E-02 1.22181E-02 1.46456E-05 
2.16698E-02 8.14435E-03 1.39703E-05 
1.76728E-02 5.22933E-03 1.32499E-05 
1.41232E-02 3.23515E-03 1.25387E-05 
1.17354E-02 2.17761E-03 1.20403E-05 
1.10988E-02 1.93208E-03 1.19082E-05 
8.44233E-03 1.06665E-03 1.13947E-05 
6.37988E-03 5.65690E-04 1.11465E-05 
4.83118E-03 2.85567E-04 1.12631E-05 
3.69387E-03 1.32990E-04 1.18612E-05 
2.87014E-03 4.83091E-05 1.31396E-05 
2.27468E-03 5.86353E-06 1.53247E-05 
1.83649E-03 -1.50440E-05 1.88384E-05 
1.50851E-03 -2.39867E-05 2.44114E-05 
1.25700E-03 -2.62897E-05 3.32922E-05 
1.05866E-03 -2.49799E-05 4.76140E-05 
8.98781E-04 -2.18314E-05 7.09791E-05 
7.68075E-04 -1.79377E-05 1.08660E-04 
6.63636E-04 -1.40091E-05 1.65791E-04 
5.86468E-04 -1.04465E-05 2.38352E-04 
5.30510E-04 -7.08063E-06 2.99516E-04 
4.72310E-04 -3.35623E-06 3.14561E-04 
3.98195E-04 5.18490E-07 2.84175E-04 
3.56697E-02 3.17547E-02 1.44251E-05 
3.13194E-02 2.32834E-02 1.39695E-05 
2.69700E-02 1.65296E-02 1.33916E-05 
2.27032E-02 1.12955E-02 1.27111E-05 
1.86417E-02 7.41336E-03 1.19323E-05 
1.49333E-02 4.67034E-03 1.11027E-05 
1.16836E-02 2.82388E-03 1.02754E-05 
9.52853E-03 1.86179E-03 9.67765E-06 
8.95954E-03 1.64103E-03 9.51457E-06 
6.61860E-03 8.74659E-04 8.83544E-06 
4.84689E-03 4.43612E-04 8.36931E-06 
3.55395E-03 2.10016E-04 8.17777E-06 
2.63285E-03 8.69051E-05 8.32039E-06 
1.98323E-03 1.98740E-05 8.89768E-06 
1.52848E-03 -1.17476E-05 9.99995E-06 
1.20319E-03 -2.61470E-05 1.18149E-05 
9.66252E-04 -3.11301E-05 1.46641E-05 
7.89122E-04 -3.09648E-05 1.90706E-05 
6.52534E-04 -2.80637E-05 2.58594E-05 
5.44117E-04 -2.38501E-05 3.62595E-05 
4.55797E-04 -1.92162E-05 5.16296E-05 
3.83132E-04 -1.47571E-05 7.20603E-05 
3.22461E-04 -1.07932E-05 9.23764E-05 
2.66564E-04 -7.08286E-06 9.95989E-05 
2.06941E-04 -3.04773E-06 8.51220E-05 
1.46311E-04 1.05446E-06 5.85214E-05 
3.16883E-02 2.98379E-02 1.28139E-05 
2.76225E-02 2.17154E-02 1.23047E-05 
2.35768E-02 1.52767E-02 1.16754E-05 
1.96188E-02 1.03150E-02 1.09405E-05 
1.58764E-02 6.66778E-03 1.01090E-05 
1.24903E-02 4.12147E-03 9.22691E-06 
9.56224E-03 2.43462E-03 8.34753E-06 
7.64784E-03 1.57093E-03 7.70554E-06 
7.14754E-03 1.37511E-03 7.52871E-06 
5.11838E-03 7.05679E-04 6.77371E-06 
3.62368E-03 3.40123E-04 6.19900E-06 
2.56527E-03 1.48251E-04 5.83751E-06 
1.83447E-03 5.04510E-05 5.70698E-06 
1.33225E-03 -2.00795E-06 5.83982E-06 
9.92000E-04 -2.49811E-05 6.23461E-06 
7.55203E-04 -3.43068E-05 6.92150E-06 
5.87299E-04 -3.62479E-05 7.94923E-06 
4.65055E-04 -3.41973E-05 9.35815E-06 
3.73034E-04 -3.00825E-05 1.11048E-05 
3.01189E-04 -2.50585E-05 1.28567E-05 
2.42582E-04 -1.98659E-05 1.34077E-05 
1.91991E-04 -1.50085E-05 9.62356E-06 
1.42519E-04 -1.07371E-05 -4.24406E-06 
8.63453E-05 -6.75089E-06 -3.17659E-05 
2.56093E-05 -2.47504E-06 -6.43897E-05 
-2.54330E-05 1.77295E-06 -8.70436E-05 
2.76600E-02 2.74785E-02 1.12122E-05 
2.39453E-02 1.98566E-02 1.06800E-05 
2.02665E-02 1.38487E-02 1.00350E-05 
1.66789E-02 9.24436E-03 9.28810E-06 
1.33102E-02 5.88966E-03 8.45248E-06 
1.02880E-02 3.57372E-03 7.57121E-06 
7.70787E-03 2.06300E-03 6.69688E-06 
6.04492E-03 1.30260E-03 6.05853E-06 
5.61464E-03 1.13221E-03 5.88231E-06 
3.89455E-03 5.58465E-04 5.12443E-06 
2.66212E-03 2.54203E-04 4.52457E-06 
1.81598E-03 9.94346E-05 4.09488E-06 
1.24961E-03 2.30395E-05 3.82320E-06 
8.69198E-04 -1.76010E-05 3.69646E-06 
6.19313E-04 -3.38787E-05 3.65487E-06 
4.49408E-04 -3.94129E-05 3.62817E-06 
3.31827E-04 -3.91486E-05 3.49289E-06 
2.48442E-04 -3.57746E-05 2.98569E-06 
1.87310E-04 -3.08424E-05 1.52102E-06 
1.40447E-04 -2.53036E-05 -2.19796E-06 
1.01920E-04 -1.97832E-05 -1.09424E-05 
6.62015E-05 -1.47106E-05 -2.97292E-05 
2.43120E-05 -1.02754E-05 -6.44341E-05 
-3.17353E-05 -6.13522E-06 -1.12516E-04 
-9.25887E-05 -1.74379E-06 -1.54904E-04 
-1.36469E-04 2.52430E-06 -1.73636E-04 
2.35178E-02 2.45827E-02 9.58861E-06 
2.02181E-02 1.76360E-02 9.06033E-06 
1.69655E-02 1.21911E-02 8.42984E-06 
1.38134E-02 8.04752E-03 7.70994E-06 
1.08767E-02 5.05615E-03 6.91468E-06 
8.26634E-03 3.01419E-03 6.08356E-06 
6.06664E-03 1.70219E-03 5.26633E-06 
4.66907E-03 1.05266E-03 4.67329E-06 
4.31087E-03 9.08697E-04 4.50984E-06 
2.89943E-03 4.31006E-04 3.80822E-06 
1.91527E-03 1.84619E-04 3.24631E-06 
1.25949E-03 6.28786E-05 2.82134E-06 
8.32977E-04 4.47836E-06 2.50235E-06 
5.51320E-04 -2.65674E-05 2.24913E-06 
3.70900E-04 -3.78214E-05 1.97110E-06 
2.50126E-04 -4.07133E-05 1.54399E-06 
1.68072E-04 -3.90674E-05 7.51977E-07 
1.11287E-04 -3.49958E-05 -8.27758E-07 
7.08591E-05 -2.97522E-05 -4.05846E-06 
4.05425E-05 -2.41248E-05 -1.07154E-05 
1.53179E-05 -1.86392E-05 -2.43022E-05 
-1.03490E-05 -1.36566E-05 -5.06163E-05 
-4.62408E-05 -9.31240E-06 -9.52027E-05 
-1.00057E-04 -5.25008E-06 -1.52069E-04 
-1.58351E-04 -9.79920E-07 -1.97138E-04 
-1.95832E-04 3.08940E-06 -2.11963E-04 
1.93045E-02 2.11741E-02 7.95008E-06 
1.64556E-02 1.50562E-02 7.44252E-06 
1.36709E-02 1.02993E-02 6.84941E-06 
1.10025E-02 6.71633E-03 6.18653E-06 
8.54351E-03 4.15852E-03 5.46678E-06 
6.38762E-03 2.43663E-03 4.72749E-06 
4.59654E-03 1.34744E-03 4.01000E-06 
3.47722E-03 8.17547E-04 3.49632E-06 
3.19310E-03 7.01362E-04 3.35550E-06 
2.08916E-03 3.21137E-04 2.75539E-06 
1.33945E-03 1.30075E-04 2.27711E-06 
8.53291E-04 3.80895E-05 1.90819E-06 
5.44663E-04 -4.96640E-06 1.61034E-06 
3.43017E-04 -2.78789E-05 1.33417E-06 
2.15893E-04 -3.54269E-05 9.84571E-07 
1.31359E-04 -3.66995E-05 4.27350E-07 
7.45536E-05 -3.45455E-05 -5.69679E-07 
3.60266E-05 -3.05714E-05 -2.45119E-06 
9.39436E-06 -2.57495E-05 -6.10215E-06 
-1.00731E-05 -2.07023E-05 -1.32992E-05 
-2.64272E-05 -1.58481E-05 -2.74466E-05 
-4.46933E-05 -1.14711E-05 -5.39878E-05 
-7.38921E-05 -7.65990E-06 -9.75932E-05 
-1.20693E-04 -4.08894E-06 -1.51358E-04 
-1.71136E-04 -3.60034E-07 -1.91829E-04 
-2.01183E-04 3.13888E-06 -2.02700E-04 
1.52467E-02 1.75072E-02 6.37213E-06 
1.28499E-02 1.23015E-02 5.89587E-06 
1.05389E-02 8.30204E-03 5.35475E-06 
8.36241E-03 5.33360E-03 4.76676E-06 
6.39124E-03 3.24747E-03 4.14463E-06 
4.69550E-03 1.86778E-03 3.52093E-06 
3.31427E-03 1.01172E-03 2.92891E-06 
2.46799E-03 6.03328E-04 2.51350E-06 
2.25558E-03 5.14823E-04 2.40075E-06 
1.44243E-03 2.29277E-04 1.92648E-06 
9.04260E-04 8.94637E-05 1.55527E-06 
5.63796E-04 2.38652E-05 1.27124E-06 
3.52047E-04 -6.08737E-06 1.03963E-06 
2.15095E-04 -2.18146E-05 8.18073E-07 
1.29656E-04 -2.66078E-05 5.31963E-07 
7.30620E-05 -2.70743E-05 7.66109E-08 
3.52923E-05 -2.52173E-05 -7.27085E-07 
9.98983E-06 -2.21525E-05 -2.21971E-06 
-7.17019E-06 -1.85500E-05 -5.07296E-06 
-1.94891E-05 -1.48357E-05 -1.06250E-05 
-2.98644E-05 -1.12933E-05 -2.14147E-05 
-4.20155E-05 -8.11380E-06 -4.14514E-05 
-6.26351E-05 -5.34779E-06 -7.40321E-05 
-9.65052E-05 -2.75312E-06 -1.13707E-04 
-1.32870E-04 -5.36794E-08 -1.42960E-04 
-1.53774E-04 2.45695E-06 -1.50039E-04 
---
