PdfType: replica
Format: lhagrid1
---
1.00000E-06 1.28121E-06 1.64152E-06 2.10317E-06 2.69463E-06 3.45242E-06 4.42329E-06 5.66715E-06 7.26076E-06 9.30241E-06 1.19180E-05 1.52689E-05 1.95617E-05 2.50609E-05 3.21053E-05 4.11287E-05 5.26863E-05 6.74889E-05 8.64459E-05 1.10720E-04 1.41800E-04 1.81585E-04 2.32503E-04 2.97652E-04 3.80981E-04 4.87518E-04 6.26039E-04 8.00452E-04 1.02297E-03 1.30657E-03 1.66759E-03 2.12729E-03 2.71054E-03 3.44865E-03 4.37927E-03 5.54908E-03 7.01192E-03 8.83064E-03 1.10763E-02 1.38266E-02 1.71641E-02 2.11717E-02 2.59364E-02 3.15062E-02 3.79623E-02 4.53425E-02 5.36750E-02 6.29705E-02 7.32221E-02 8.44039E-02 9.64793E-02 1.09332E-01 1.23067E-01 1.37507E-01 1.52639E-01 1.68416E-01 1.84794E-01 2.01731E-01 2.19016E-01 2.36948E-01 2.55242E-01 2.73927E-01 2.92954E-01 3.12340E-01 3.32036E-01 3.52019E-01 3.72282E-01 3.92772E-01 4.13533E-01 4.34326E-01 4.55495E-01 4.76836E-01 4.98342E-01 5.20006E-01 5.41818E-01 5.63773E-01 5.85861E-01 6.08077E-01 6.30459E-01 6.52800E-01 6.75387E-01 6.98063E-01 7.20830E-01 7.43683E-01 7.66623E-01 7.89636E-01 8.12791E-01 8.35940E-01 8.59175E-01 8.82485E-01 9.05866E-01 9.29311E-01 9.52817E-01 9.76387E-01 1.00000E+00 
1.14018E+00 1.22539E+00 1.32482E+00 1.44156E+00 1.57954E+00 1.74381E+00 1.94091E+00 2.12132E+00 2.17945E+00 2.49622E+00 2.89383E+00 3.39925E+00 4.05063E+00 4.90286E+00 6.03623E+00 7.57063E+00 9.68869E+00 1.26749E+01 1.69835E+01 2.33578E+01 3.30501E+01 4.82334E+01 7.28041E+01 1.13998E+02 1.85779E+02 3.16228E+02 
908 909 910 
8.14134E-01 4.70634E-02 3.40675E-01 
8.29557E-01 5.60435E-02 4.00248E-01 
8.63785E-01 7.24376E-02 4.75547E-01 
9.25787E-01 9.72389E-02 5.71525E-01 
1.00971E+00 1.27350E-01 6.96093E-01 
1.11946E+00 1.63548E-01 8.62212E-01 
1.25943E+00 2.06652E-01 1.08526E+00 
1.39093E+00 2.45170E-01 1.31101E+00 
1.43390E+00 2.57412E-01 1.38966E+00 
1.66718E+00 3.21697E-01 1.85255E+00 
1.95467E+00 3.96902E-01 2.53047E+00 
2.30516E+00 4.83774E-01 3.54788E+00 
2.72795E+00 5.83758E-01 5.11047E+00 
3.23278E+00 7.54360E-01 7.60081E+00 
3.83620E+00 8.94655E-01 1.16964E+01 
4.56666E+00 1.05128E+00 1.86325E+01 
5.44583E+00 1.22524E+00 3.08461E+01 
6.49785E+00 1.41691E+00 5.31604E+01 
7.75370E+00 1.62732E+00 9.53748E+01 
9.25911E+00 1.85914E+00 1.77856E+02 
1.11047E+01 2.12205E+00 3.41120E+02 
1.35375E+01 2.45099E+00 6.53882E+02 
1.72234E+01 2.94301E+00 1.18809E+03 
2.31957E+01 3.72684E+00 1.90353E+03 
3.13637E+01 4.72004E+00 2.56552E+03 
4.00434E+01 5.62421E+00 2.98026E+03 
1.51594E+00 8.70662E-02 5.71748E-01 
1.54567E+00 1.04171E-01 6.71400E-01 
1.61113E+00 1.35370E-01 7.97416E-01 
1.72916E+00 1.82562E-01 9.58992E-01 
1.88822E+00 2.39672E-01 1.16938E+00 
2.09515E+00 3.08085E-01 1.44745E+00 
2.35791E+00 3.89303E-01 1.82134E+00 
2.60463E+00 4.61805E-01 2.20108E+00 
2.68478E+00 4.84735E-01 2.33184E+00 
3.12058E+00 6.05257E-01 3.10948E+00 
3.65615E+00 7.45719E-01 4.24657E+00 
4.30741E+00 9.07686E-01 5.95399E+00 
5.09185E+00 1.09266E+00 8.58314E+00 
6.02809E+00 1.40949E+00 1.27584E+01 
7.14441E+00 1.66736E+00 1.96109E+01 
8.49360E+00 1.95484E+00 3.12460E+01 
1.01131E+01 2.27290E+00 5.17229E+01 
1.20473E+01 2.62237E+00 8.91646E+01 
1.43509E+01 3.00462E+00 1.60075E+02 
1.71052E+01 3.42422E+00 2.98550E+02 
2.04741E+01 3.89872E+00 5.72217E+02 
2.49112E+01 4.49206E+00 1.09717E+03 
3.16350E+01 5.38109E+00 1.99451E+03 
4.25202E+01 6.79763E+00 3.19500E+03 
5.73809E+01 8.58871E+00 4.30632E+03 
7.31178E+01 1.02092E+01 5.00208E+03 
1.43833E+00 8.19174E-02 4.78086E-01 
1.46790E+00 9.86759E-02 5.61284E-01 
1.53244E+00 1.29196E-01 6.66799E-01 
1.64732E+00 1.75087E-01 8.01784E-01 
1.80135E+00 2.30474E-01 9.77787E-01 
2.00075E+00 2.96614E-01 1.21017E+00 
2.25271E+00 3.74843E-01 1.52253E+00 
2.48867E+00 4.44484E-01 1.84018E+00 
2.56504E+00 4.66436E-01 1.94887E+00 
2.98000E+00 5.81676E-01 2.59892E+00 
3.48817E+00 7.15409E-01 3.54865E+00 
4.10421E+00 8.69005E-01 4.97513E+00 
4.84434E+00 1.04357E+00 7.17499E+00 
5.72833E+00 1.34248E+00 1.06639E+01 
6.77935E+00 1.58344E+00 1.63839E+01 
8.04577E+00 1.85100E+00 2.61011E+01 
9.56129E+00 2.14575E+00 4.32084E+01 
1.13658E+01 2.46822E+00 7.44739E+01 
1.35091E+01 2.81947E+00 1.33718E+02 
1.60645E+01 3.20344E+00 2.49385E+02 
1.91829E+01 3.63624E+00 4.77914E+02 
2.32833E+01 4.17682E+00 9.16196E+02 
2.94969E+01 4.98840E+00 1.66576E+03 
3.95500E+01 6.28258E+00 2.66826E+03 
5.32423E+01 7.91415E+00 3.59628E+03 
6.76787E+01 9.37914E+00 4.17707E+03 
1.35848E+00 7.66730E-02 3.97841E-01 
1.38789E+00 9.30726E-02 4.67000E-01 
1.45118E+00 1.22784E-01 5.54738E-01 
1.56264E+00 1.67249E-01 6.66976E-01 
1.71102E+00 2.20723E-01 8.13073E-01 
1.90232E+00 2.84401E-01 1.00654E+00 
2.14283E+00 3.59412E-01 1.26607E+00 
2.36737E+00 4.25979E-01 1.53032E+00 
2.43996E+00 4.46933E-01 1.62083E+00 
2.83302E+00 5.56555E-01 2.16069E+00 
3.31287E+00 6.83251E-01 2.95041E+00 
3.89252E+00 8.28098E-01 4.13497E+00 
4.58677E+00 9.91929E-01 5.96156E+00 
5.41736E+00 1.27250E+00 8.86253E+00 
6.40224E+00 1.49646E+00 1.36194E+01 
7.58451E+00 1.74395E+00 2.16891E+01 
8.99518E+00 2.01545E+00 3.59061E+01 
1.06695E+01 2.31117E+00 6.18716E+01 
1.26525E+01 2.63188E+00 1.11082E+02 
1.50104E+01 2.98103E+00 2.07143E+02 
1.78812E+01 3.37332E+00 3.97023E+02 
2.16500E+01 3.86275E+00 7.60950E+02 
2.73595E+01 4.59896E+00 1.38334E+03 
3.65931E+01 5.77428E+00 2.21586E+03 
4.91395E+01 7.25158E+00 2.98651E+03 
6.23088E+01 8.56777E+00 3.46878E+03 
1.28306E+00 7.17183E-02 3.30861E-01 
1.31244E+00 8.78242E-02 3.88376E-01 
1.37441E+00 1.16728E-01 4.61115E-01 
1.48261E+00 1.59848E-01 5.54516E-01 
1.62568E+00 2.11516E-01 6.75980E-01 
1.80900E+00 2.72783E-01 8.36421E-01 
2.03857E+00 3.44710E-01 1.05199E+00 
2.25221E+00 4.08326E-01 1.27168E+00 
2.32107E+00 4.28300E-01 1.34668E+00 
2.69342E+00 5.32561E-01 1.79541E+00 
3.14618E+00 6.52477E-01 2.45090E+00 
3.69146E+00 7.88992E-01 3.43507E+00 
4.34246E+00 9.42707E-01 4.95159E+00 
5.12195E+00 1.20589E+00 7.35741E+00 
6.04402E+00 1.41362E+00 1.13082E+01 
7.14716E+00 1.64228E+00 1.80086E+01 
8.45895E+00 1.89201E+00 2.98034E+01 
1.00115E+01 2.16282E+00 5.13677E+01 
1.18446E+01 2.45517E+00 9.22042E+01 
1.40183E+01 2.77210E+00 1.71944E+02 
1.66583E+01 3.12696E+00 3.29482E+02 
2.01201E+01 3.56947E+00 6.31671E+02 
2.53625E+01 4.23643E+00 1.14823E+03 
3.38360E+01 5.30237E+00 1.83916E+03 
4.53226E+01 6.63819E+00 2.47880E+03 
5.73255E+01 7.81888E+00 2.87918E+03 
1.21185E+00 6.70356E-02 2.74821E-01 
1.24125E+00 8.28858E-02 3.22639E-01 
1.30199E+00 1.11031E-01 3.83003E-01 
1.40691E+00 1.52839E-01 4.60417E-01 
1.54491E+00 2.02784E-01 5.61363E-01 
1.72070E+00 2.61771E-01 6.94639E-01 
1.93973E+00 3.30712E-01 8.73399E-01 
2.14280E+00 3.91468E-01 1.05560E+00 
2.20817E+00 4.10512E-01 1.11789E+00 
2.56064E+00 5.09604E-01 1.49020E+00 
2.98775E+00 6.23062E-01 2.03433E+00 
3.50028E+00 7.51588E-01 2.85053E+00 
4.11045E+00 8.95696E-01 4.10985E+00 
4.84165E+00 1.14212E+00 6.10612E+00 
5.70405E+00 1.33474E+00 9.38066E+00 
6.73271E+00 1.54580E+00 1.49436E+01 
7.95167E+00 1.77517E+00 2.47277E+01 
9.38991E+00 2.02276E+00 4.26155E+01 
1.10830E+01 2.28881E+00 7.64938E+01 
1.30851E+01 2.57597E+00 1.42656E+02 
1.55108E+01 2.89640E+00 2.73336E+02 
1.86868E+01 3.29563E+00 5.23972E+02 
2.34965E+01 3.89900E+00 9.52584E+02 
3.12669E+01 4.86458E+00 1.52589E+03 
4.17744E+01 6.07089E+00 2.05670E+03 
5.27035E+01 7.12824E+00 2.38901E+03 
1.14463E+00 6.26155E-02 2.28054E-01 
1.17388E+00 7.81671E-02 2.67691E-01 
1.23368E+00 1.05680E-01 3.17848E-01 
1.33549E+00 1.46241E-01 3.81993E-01 
1.46845E+00 1.94503E-01 4.65623E-01 
1.63695E+00 2.51280E-01 5.76116E-01 
1.84597E+00 3.17380E-01 7.24514E-01 
2.03893E+00 3.75385E-01 8.75451E-01 
2.10094E+00 3.93530E-01 9.27184E-01 
2.43449E+00 4.87670E-01 1.23592E+00 
2.83714E+00 5.94934E-01 1.68721E+00 
3.31861E+00 7.15808E-01 2.36381E+00 
3.88994E+00 8.50659E-01 3.40718E+00 
4.57555E+00 1.08145E+00 5.06378E+00 
5.38165E+00 1.25977E+00 7.77811E+00 
6.33980E+00 1.45424E+00 1.23887E+01 
7.47174E+00 1.66461E+00 2.05062E+01 
8.80280E+00 1.89057E+00 3.53293E+01 
1.03653E+01 2.13225E+00 6.34355E+01 
1.22074E+01 2.39190E+00 1.18272E+02 
1.44343E+01 2.68069E+00 2.26680E+02 
1.73457E+01 3.04027E+00 4.34543E+02 
2.17537E+01 3.58517E+00 7.90010E+02 
2.88733E+01 4.45864E+00 1.26559E+03 
3.84768E+01 5.54642E+00 1.70598E+03 
4.84185E+01 6.49174E+00 1.98185E+03 
1.08120E+00 5.84455E-02 1.89108E-01 
1.11031E+00 7.37257E-02 2.21909E-01 
1.16915E+00 1.00619E-01 2.63456E-01 
1.26805E+00 1.40020E-01 3.16692E-01 
1.39619E+00 1.86677E-01 3.85949E-01 
1.55769E+00 2.41333E-01 4.77510E-01 
1.75696E+00 3.04667E-01 6.00409E-01 
1.94033E+00 3.60040E-01 7.25625E-01 
1.99906E+00 3.77305E-01 7.68299E-01 
2.31444E+00 4.66664E-01 1.02399E+00 
2.69381E+00 5.67985E-01 1.39794E+00 
3.14591E+00 6.81603E-01 1.95881E+00 
3.68060E+00 8.07607E-01 2.82327E+00 
4.32284E+00 1.02361E+00 4.19619E+00 
5.07584E+00 1.18849E+00 6.44682E+00 
5.96760E+00 1.36739E+00 1.02667E+01 
7.01769E+00 1.55999E+00 1.69946E+01 
8.24860E+00 1.76587E+00 2.92833E+01 
9.68899E+00 1.98497E+00 5.25804E+01 
1.13825E+01 2.21929E+00 9.80484E+01 
1.34244E+01 2.47895E+00 1.87907E+02 
1.60907E+01 2.80217E+00 3.60278E+02 
2.01274E+01 3.29353E+00 6.55074E+02 
2.66445E+01 4.08248E+00 1.04954E+03 
3.54142E+01 5.06200E+00 1.41497E+03 
4.44489E+01 5.90568E+00 1.64405E+03 
1.02136E+00 5.45137E-02 1.56634E-01 
1.05051E+00 6.95977E-02 1.83830E-01 
1.10825E+00 9.58521E-02 2.18158E-01 
1.20436E+00 1.34147E-01 2.62304E-01 
1.32782E+00 1.79263E-01 3.19643E-01 
1.48259E+00 2.31885E-01 3.95559E-01 
1.67259E+00 2.92567E-01 4.97380E-01 
1.84664E+00 3.45386E-01 6.00965E-01 
1.90241E+00 3.61842E-01 6.36579E-01 
2.20051E+00 4.46626E-01 8.48350E-01 
2.55774E+00 5.42254E-01 1.15821E+00 
2.98188E+00 6.48925E-01 1.62272E+00 
3.48182E+00 7.66556E-01 2.33863E+00 
4.08297E+00 9.68426E-01 3.47604E+00 
4.78575E+00 1.12068E+00 5.34082E+00 
5.61510E+00 1.28503E+00 8.50693E+00 
6.58831E+00 1.46106E+00 1.40807E+01 
7.72552E+00 1.64826E+00 2.42686E+01 
9.05204E+00 1.84648E+00 4.35715E+01 
1.06073E+01 2.05747E+00 8.12735E+01 
1.24779E+01 2.29043E+00 1.55782E+02 
1.49169E+01 2.58034E+00 2.98683E+02 
1.86103E+01 3.02267E+00 5.43186E+02 
2.45707E+01 3.73425E+00 8.70444E+02 
3.25714E+01 4.61494E+00 1.17374E+03 
4.07731E+01 5.36645E+00 1.36401E+03 
9.64957E-01 5.08140E-02 1.29665E-01 
9.94034E-01 6.56864E-02 1.52196E-01 
1.05102E+00 9.14281E-02 1.80650E-01 
1.14421E+00 1.28624E-01 2.17155E-01 
1.26326E+00 1.72275E-01 2.64708E-01 
1.41140E+00 2.22903E-01 3.27427E-01 
1.59252E+00 2.81038E-01 4.11855E-01 
1.75770E+00 3.31406E-01 4.97599E-01 
1.81048E+00 3.47050E-01 5.27044E-01 
2.09213E+00 4.27441E-01 7.02523E-01 
2.42828E+00 5.17626E-01 9.59163E-01 
2.82600E+00 6.17699E-01 1.34402E+00 
3.29327E+00 7.27562E-01 1.93750E+00 
3.85534E+00 9.15983E-01 2.87900E+00 
4.51068E+00 1.05624E+00 4.42440E+00 
5.28123E+00 1.20694E+00 7.04765E+00 
6.18240E+00 1.36752E+00 1.16673E+01 
7.23196E+00 1.53740E+00 2.01097E+01 
8.45248E+00 1.71633E+00 3.61154E+01 
9.87901E+00 1.90583E+00 6.73617E+01 
1.15909E+01 2.11434E+00 1.29148E+02 
1.38200E+01 2.37383E+00 2.47693E+02 
1.71955E+01 2.77126E+00 4.50505E+02 
2.26419E+01 3.41208E+00 7.22067E+02 
2.99337E+01 4.20259E+00 9.73860E+02 
3.73713E+01 4.87072E+00 1.13200E+03 
9.11798E-01 4.73323E-02 1.07321E-01 
9.40735E-01 6.19872E-02 1.25941E-01 
9.97109E-01 8.72922E-02 1.49559E-01 
1.08747E+00 1.23432E-01 1.79724E-01 
1.20216E+00 1.65657E-01 2.19093E-01 
1.34408E+00 2.14402E-01 2.71116E-01 
1.51648E+00 2.70045E-01 3.40883E-01 
1.67323E+00 3.18061E-01 4.11995E-01 
1.72317E+00 3.32931E-01 4.36295E-01 
1.98902E+00 4.09074E-01 5.81517E-01 
2.30510E+00 4.94039E-01 7.94005E-01 
2.67776E+00 5.87779E-01 1.11290E+00 
3.11410E+00 6.90118E-01 1.60464E+00 
3.63940E+00 8.65847E-01 2.38518E+00 
4.24983E+00 9.94952E-01 3.66494E+00 
4.96517E+00 1.13292E+00 5.83999E+00 
5.79873E+00 1.27912E+00 9.66741E+00 
6.76641E+00 1.43293E+00 1.66681E+01 
7.88801E+00 1.59405E+00 2.99339E+01 
9.19532E+00 1.76385E+00 5.58522E+01 
1.07600E+01 1.94996E+00 1.07091E+02 
1.27949E+01 2.18164E+00 2.05433E+02 
1.58767E+01 2.53805E+00 3.73741E+02 
2.08489E+01 3.11425E+00 5.99192E+02 
2.74884E+01 3.82268E+00 8.08361E+02 
3.42255E+01 4.41543E+00 9.39866E+02 
8.61783E-01 4.40726E-02 8.88355E-02 
8.90564E-01 5.85329E-02 1.04214E-01 
9.46177E-01 8.33730E-02 1.23775E-01 
1.03401E+00 1.18570E-01 1.48791E-01 
1.14443E+00 1.59419E-01 1.81345E-01 
1.28022E+00 2.06320E-01 2.24395E-01 
1.44446E+00 2.59602E-01 2.82298E-01 
1.59299E+00 3.05326E-01 3.41093E-01 
1.64028E+00 3.19458E-01 3.61323E-01 
1.89114E+00 3.91562E-01 4.81684E-01 
2.18810E+00 4.71500E-01 6.57631E-01 
2.53697E+00 5.59168E-01 9.21874E-01 
2.94397E+00 6.54313E-01 1.32893E+00 
3.43445E+00 8.18155E-01 1.97606E+00 
4.00266E+00 9.36767E-01 3.03726E+00 
4.66593E+00 1.06279E+00 4.83945E+00 
5.43627E+00 1.19561E+00 8.01436E+00 
6.32744E+00 1.33454E+00 1.38188E+01 
7.35718E+00 1.47927E+00 2.48233E+01 
8.55360E+00 1.63096E+00 4.63237E+01 
9.98214E+00 1.79662E+00 8.88461E+01 
1.18376E+01 2.00296E+00 1.70472E+02 
1.46486E+01 2.32196E+00 3.10208E+02 
1.91828E+01 2.83910E+00 4.97467E+02 
2.52221E+01 3.47287E+00 6.71328E+02 
3.13178E+01 3.99760E+00 7.80771E+02 
8.14695E-01 4.10170E-02 7.35281E-02 
8.43515E-01 5.53697E-02 8.62975E-02 
8.98552E-01 7.98290E-02 1.02490E-01 
9.83593E-01 1.14022E-01 1.23166E-01 
1.08993E+00 1.53557E-01 1.50174E-01 
1.21984E+00 1.98683E-01 1.85830E-01 
1.37607E+00 2.49650E-01 2.33764E-01 
1.51683E+00 2.93186E-01 2.82521E-01 
1.56151E+00 3.06596E-01 2.99226E-01 
1.79801E+00 3.74783E-01 3.98965E-01 
2.07686E+00 4.49941E-01 5.44828E-01 
2.40319E+00 5.31887E-01 7.63790E-01 
2.78264E+00 6.20279E-01 1.10138E+00 
3.23999E+00 7.72770E-01 1.63742E+00 
3.76833E+00 8.81494E-01 2.51769E+00 
4.38273E+00 9.96363E-01 4.01158E+00 
5.09385E+00 1.11674E+00 6.64596E+00 
5.91368E+00 1.24192E+00 1.14605E+01 
6.85784E+00 1.37154E+00 2.05934E+01 
7.95159E+00 1.50665E+00 3.84394E+01 
9.25417E+00 1.65366E+00 7.37386E+01 
1.09441E+01 1.83691E+00 1.41527E+02 
1.35054E+01 2.12187E+00 2.57623E+02 
1.76359E+01 2.58516E+00 4.13260E+02 
2.31233E+01 3.15108E+00 5.57868E+02 
2.86320E+01 3.61454E+00 6.49030E+02 
7.70396E-01 3.81617E-02 6.08377E-02 
7.99178E-01 5.23904E-02 7.14369E-02 
8.53547E-01 7.64789E-02 8.48277E-02 
9.36083E-01 1.09780E-01 1.01983E-01 
1.03842E+00 1.48037E-01 1.24349E-01 
1.16269E+00 1.91457E-01 1.53943E-01 
1.31115E+00 2.40180E-01 1.93579E-01 
1.44448E+00 2.81603E-01 2.34069E-01 
1.48666E+00 2.94322E-01 2.47865E-01 
1.70942E+00 3.58732E-01 3.30503E-01 
1.97103E+00 4.29309E-01 4.51435E-01 
2.27603E+00 5.05802E-01 6.32883E-01 
2.62946E+00 5.87788E-01 9.13054E-01 
3.05561E+00 7.29482E-01 1.35770E+00 
3.54638E+00 8.28980E-01 2.08781E+00 
4.11495E+00 9.33477E-01 3.32818E+00 
4.77053E+00 1.04229E+00 5.51300E+00 
5.52385E+00 1.15476E+00 9.51151E+00 
6.38845E+00 1.27050E+00 1.70917E+01 
7.38703E+00 1.39046E+00 3.19110E+01 
8.57332E+00 1.52047E+00 6.12398E+01 
1.01104E+01 1.68273E+00 1.17561E+02 
1.24413E+01 1.93666E+00 2.14079E+02 
1.62006E+01 2.35101E+00 3.43543E+02 
2.11811E+01 2.85537E+00 4.63920E+02 
2.61531E+01 3.26370E+00 5.39921E+02 
7.28839E-01 3.55209E-02 5.03957E-02 
7.57450E-01 4.96053E-02 5.91643E-02 
8.11301E-01 7.33962E-02 7.02677E-02 
8.91365E-01 1.05844E-01 8.44826E-02 
9.89805E-01 1.42869E-01 1.03015E-01 
1.10853E+00 1.84621E-01 1.27525E-01 
1.24964E+00 2.31194E-01 1.60440E-01 
1.37574E+00 2.70562E-01 1.93951E-01 
1.41562E+00 2.82628E-01 2.05471E-01 
1.62532E+00 3.43433E-01 2.74008E-01 
1.87056E+00 4.09615E-01 3.74351E-01 
2.15527E+00 4.80850E-01 5.24814E-01 
2.48407E+00 5.56737E-01 7.57175E-01 
2.88073E+00 6.88314E-01 1.12621E+00 
3.33599E+00 7.79121E-01 1.73190E+00 
3.86155E+00 8.73938E-01 2.76194E+00 
4.46528E+00 9.72039E-01 4.57623E+00 
5.15662E+00 1.07279E+00 7.89625E+00 
5.94756E+00 1.17581E+00 1.41975E+01 
6.85795E+00 1.28192E+00 2.65130E+01 
7.93681E+00 1.39647E+00 5.08917E+01 
9.33328E+00 1.53972E+00 9.77371E+01 
1.14519E+01 1.76543E+00 1.78023E+02 
1.48693E+01 2.13524E+00 2.85794E+02 
1.93846E+01 2.58386E+00 3.86098E+02 
2.38665E+01 2.94268E+00 4.49525E+02 
6.89897E-01 3.30866E-02 4.17628E-02 
7.18396E-01 4.70821E-02 4.90250E-02 
7.71787E-01 7.06322E-02 5.82354E-02 
8.49374E-01 1.02234E-01 7.00347E-02 
9.43968E-01 1.38051E-01 8.53957E-02 
1.05728E+00 1.78178E-01 1.05701E-01 
1.19134E+00 2.22676E-01 1.33055E-01 
1.31049E+00 2.60055E-01 1.60816E-01 
1.34806E+00 2.71466E-01 1.70358E-01 
1.54531E+00 3.28797E-01 2.27259E-01 
1.77491E+00 3.90760E-01 3.10457E-01 
2.04055E+00 4.57018E-01 4.35441E-01 
2.34614E+00 5.27067E-01 6.28274E-01 
2.71496E+00 6.49091E-01 9.34847E-01 
3.13684E+00 7.31831E-01 1.43785E+00 
3.62197E+00 8.17615E-01 2.29315E+00 
4.17735E+00 9.05808E-01 3.80135E+00 
4.81090E+00 9.95748E-01 6.55965E+00 
5.53326E+00 1.08708E+00 1.17976E+01 
6.36228E+00 1.18058E+00 2.20425E+01 
7.34207E+00 1.28112E+00 4.23216E+01 
8.60897E+00 1.40712E+00 8.13091E+01 
1.05327E+01 1.60731E+00 1.48171E+02 
1.36355E+01 1.93664E+00 2.37961E+02 
1.77242E+01 2.33480E+00 3.21610E+02 
2.17588E+01 2.64927E+00 3.74605E+02 
6.53438E-01 3.08625E-02 3.46168E-02 
6.81719E-01 4.47530E-02 4.06380E-02 
7.34783E-01 6.81374E-02 4.82822E-02 
8.09861E-01 9.89174E-02 5.80670E-02 
9.00745E-01 1.33576E-01 7.08284E-02 
1.00884E+00 1.72134E-01 8.76734E-02 
1.13597E+00 2.14589E-01 1.10351E-01 
1.24854E+00 2.50058E-01 1.33427E-01 
1.28393E+00 2.60848E-01 1.41330E-01 
1.46922E+00 3.14816E-01 1.88543E-01 
1.68402E+00 3.72737E-01 2.57634E-01 
1.93156E+00 4.34246E-01 3.61444E-01 
2.21530E+00 4.98896E-01 5.21647E-01 
2.55774E+00 6.11846E-01 7.76244E-01 
2.94833E+00 6.86993E-01 1.19461E+00 
3.39561E+00 7.64376E-01 1.90549E+00 
3.90573E+00 8.43374E-01 3.15972E+00 
4.48560E+00 9.23370E-01 5.45462E+00 
5.14444E+00 1.00403E+00 9.81242E+00 
5.89813E+00 1.08605E+00 1.83367E+01 
6.78669E+00 1.17389E+00 3.52247E+01 
7.93440E+00 1.28430E+00 6.76984E+01 
9.67867E+00 1.46132E+00 1.23421E+02 
1.24929E+01 1.75402E+00 1.98314E+02 
1.61907E+01 2.10661E+00 2.68157E+02 
1.98177E+01 2.38139E+00 3.12490E+02 
6.19348E-01 2.88611E-02 2.87081E-02 
6.47400E-01 4.26572E-02 3.37130E-02 
7.00065E-01 6.59013E-02 4.00461E-02 
7.72745E-01 9.59116E-02 4.81581E-02 
8.59962E-01 1.29439E-01 5.87554E-02 
9.63042E-01 1.66471E-01 7.27656E-02 
1.08346E+00 2.06940E-01 9.15619E-02 
1.18968E+00 2.40556E-01 1.10745E-01 
1.22302E+00 2.50755E-01 1.17323E-01 
1.39694E+00 3.01495E-01 1.56546E-01 
1.59767E+00 3.55548E-01 2.13981E-01 
1.82805E+00 4.12529E-01 3.00205E-01 
2.09117E+00 4.71794E-01 4.33402E-01 
2.40877E+00 5.76308E-01 6.45017E-01 
2.76980E+00 6.44429E-01 9.92862E-01 
3.18163E+00 7.14017E-01 1.58434E+00 
3.64956E+00 7.84542E-01 2.62773E+00 
4.17959E+00 8.55415E-01 4.53908E+00 
4.77964E+00 9.26327E-01 8.16757E+00 
5.46386E+00 9.97929E-01 1.52708E+01 
6.26837E+00 1.07429E+00 2.93444E+01 
7.30665E+00 1.17065E+00 5.64234E+01 
8.88618E+00 1.32674E+00 1.02912E+02 
1.14353E+01 1.58624E+00 1.65445E+02 
1.47756E+01 1.89775E+00 2.23832E+02 
1.80313E+01 2.13710E+00 2.60966E+02 
5.87562E-01 2.70895E-02 2.38227E-02 
6.15373E-01 4.08123E-02 2.79757E-02 
6.67767E-01 6.40136E-02 3.32412E-02 
7.38003E-01 9.32509E-02 3.99893E-02 
8.21573E-01 1.25654E-01 4.87778E-02 
9.19721E-01 1.61184E-01 6.04169E-02 
1.03374E+00 1.99741E-01 7.60526E-02 
1.13382E+00 2.31550E-01 9.19785E-02 
1.16514E+00 2.41162E-01 9.74288E-02 
1.32820E+00 2.88783E-01 1.30048E-01 
1.51561E+00 3.39158E-01 1.77829E-01 
1.72977E+00 3.91820E-01 2.49529E-01 
1.97351E+00 4.46481E-01 3.60308E-01 
2.26770E+00 5.42781E-01 5.36509E-01 
2.60096E+00 6.04125E-01 8.26140E-01 
2.97964E+00 6.66474E-01 1.31871E+00 
3.40819E+00 7.29162E-01 2.18738E+00 
3.89188E+00 7.91657E-01 3.78040E+00 
4.43750E+00 8.53681E-01 6.80397E+00 
5.05762E+00 9.15837E-01 1.27283E+01 
5.78492E+00 9.81862E-01 2.44704E+01 
6.72270E+00 1.06556E+00 4.70734E+01 
8.15119E+00 1.20278E+00 8.59090E+01 
1.04572E+01 1.43228E+00 1.38184E+02 
1.34703E+01 1.70678E+00 1.87052E+02 
1.63885E+01 1.91457E+00 2.18207E+02 
5.58000E-01 2.55561E-02 1.97890E-02 
5.85617E-01 3.92597E-02 2.32401E-02 
6.37633E-01 6.24380E-02 2.76089E-02 
7.05451E-01 9.09203E-02 3.32188E-02 
7.85462E-01 1.22231E-01 4.05269E-02 
8.78791E-01 1.56294E-01 5.02025E-02 
9.86615E-01 1.92970E-01 6.32144E-02 
1.08079E+00 2.23029E-01 7.64491E-02 
1.11023E+00 2.32077E-01 8.10035E-02 
1.26286E+00 2.76686E-01 1.08115E-01 
1.43755E+00 3.23476E-01 1.47863E-01 
1.63648E+00 3.71995E-01 2.07625E-01 
1.86191E+00 4.21951E-01 2.99810E-01 
2.13398E+00 5.10749E-01 4.46526E-01 
2.44117E+00 5.65931E-01 6.87723E-01 
2.78890E+00 6.21581E-01 1.09842E+00 
3.18085E+00 6.77050E-01 1.82308E+00 
3.62152E+00 7.31877E-01 3.15128E+00 
4.11687E+00 7.85815E-01 5.67544E+00 
4.67792E+00 8.39434E-01 1.06198E+01 
5.33430E+00 8.96158E-01 2.04286E+01 
6.18002E+00 9.68503E-01 3.93223E+01 
7.46987E+00 1.08869E+00 7.17996E+01 
9.55336E+00 1.29115E+00 1.15562E+02 
1.22678E+01 1.53242E+00 1.56532E+02 
1.48793E+01 1.71214E+00 1.82709E+02 
5.30571E-01 2.42913E-02 1.64424E-02 
5.57822E-01 3.79302E-02 1.93140E-02 
6.09667E-01 6.12272E-02 2.29456E-02 
6.75001E-01 8.89488E-02 2.76128E-02 
7.51491E-01 1.19176E-01 3.36935E-02 
8.40106E-01 1.51787E-01 4.17411E-02 
9.41930E-01 1.86633E-01 5.25720E-02 
1.03047E+00 2.14984E-01 6.36006E-02 
1.05804E+00 2.23479E-01 6.73774E-02 
1.20080E+00 2.65185E-01 8.99674E-02 
1.36342E+00 3.08549E-01 1.23054E-01 
1.54786E+00 3.53191E-01 1.72823E-01 
1.75611E+00 3.98344E-01 2.49705E-01 
2.00742E+00 4.80188E-01 3.72042E-01 
2.29015E+00 5.29779E-01 5.73176E-01 
2.60885E+00 5.79200E-01 9.15709E-01 
2.96675E+00 6.28037E-01 1.52084E+00 
3.36761E+00 6.75864E-01 2.62977E+00 
3.81657E+00 7.22468E-01 4.73983E+00 
4.32329E+00 7.68388E-01 8.87288E+00 
4.91453E+00 8.16760E-01 1.70765E+01 
5.67586E+00 8.78922E-01 3.28876E+01 
6.83896E+00 9.83835E-01 6.00935E+01 
8.71879E+00 1.16193E+00 9.67881E+01 
1.11606E+01 1.37338E+00 1.31187E+02 
1.34938E+01 1.52823E+00 1.53223E+02 
5.05206E-01 2.33224E-02 1.36722E-02 
5.31879E-01 3.68304E-02 1.60609E-02 
5.83709E-01 6.03828E-02 1.90875E-02 
6.46538E-01 8.73536E-02 2.29684E-02 
7.19569E-01 1.16507E-01 2.80366E-02 
8.03602E-01 1.47691E-01 3.47409E-02 
8.99560E-01 1.80721E-01 4.37519E-02 
9.82690E-01 2.07412E-01 5.29526E-02 
1.00854E+00 2.15388E-01 5.61037E-02 
1.14185E+00 2.54279E-01 7.49388E-02 
1.29305E+00 2.94385E-01 1.02540E-01 
1.46377E+00 3.35283E-01 1.44009E-01 
1.65595E+00 3.76673E-01 2.08195E-01 
1.88765E+00 4.51499E-01 3.10370E-01 
2.14748E+00 4.95592E-01 4.78407E-01 
2.43914E+00 5.39253E-01 7.64672E-01 
2.76534E+00 5.81989E-01 1.27025E+00 
3.12929E+00 6.23420E-01 2.19760E+00 
3.53539E+00 6.63374E-01 3.96252E+00 
3.99225E+00 7.02377E-01 7.42435E+00 
4.52388E+00 7.43288E-01 1.42965E+01 
5.20807E+00 7.96359E-01 2.75510E+01 
6.25516E+00 8.87563E-01 5.03756E+01 
7.94872E+00 1.04375E+00 8.11941E+01 
1.01421E+01 1.22850E+00 1.10131E+02 
1.22232E+01 1.36137E+00 1.28719E+02 
4.81838E-01 2.26747E-02 1.13852E-02 
5.07947E-01 3.60778E-02 1.33713E-02 
5.59710E-01 5.99635E-02 1.58953E-02 
6.20032E-01 8.61766E-02 1.91283E-02 
6.89588E-01 1.14245E-01 2.33497E-02 
7.69139E-01 1.44007E-01 2.89440E-02 
8.59476E-01 1.75262E-01 3.64644E-02 
9.37354E-01 2.00320E-01 4.41299E-02 
9.61510E-01 2.07772E-01 4.67597E-02 
1.08577E+00 2.43926E-01 6.24708E-02 
1.22611E+00 2.80867E-01 8.55075E-02 
1.38403E+00 3.18218E-01 1.20177E-01 
1.56101E+00 3.55638E-01 1.73786E-01 
1.77430E+00 4.24184E-01 2.59192E-01 
2.01264E+00 4.63250E-01 3.99712E-01 
2.27908E+00 5.01596E-01 6.39205E-01 
2.57597E+00 5.38754E-01 1.06270E+00 
2.90583E+00 5.74364E-01 1.83978E+00 
3.27244E+00 6.08309E-01 3.31869E+00 
3.68345E+00 6.41102E-01 6.22089E+00 
4.16055E+00 6.75361E-01 1.19889E+01 
4.77428E+00 7.20338E-01 2.31207E+01 
5.71544E+00 7.99281E-01 4.23056E+01 
7.23904E+00 9.35831E-01 6.82405E+01 
9.20629E+00 1.09674E+00 9.26331E+01 
1.10592E+01 1.21022E+00 1.08344E+02 
4.60352E-01 2.23576E-02 9.48942E-03 
4.86001E-01 3.57254E-02 1.11450E-02 
5.37490E-01 5.99708E-02 1.32484E-02 
5.95344E-01 8.54337E-02 1.59499E-02 
6.61453E-01 1.12404E-01 1.94707E-02 
7.36590E-01 1.40746E-01 2.41362E-02 
8.21490E-01 1.70241E-01 3.04253E-02 
8.94341E-01 1.93704E-01 3.68276E-02 
9.16891E-01 2.00649E-01 3.90247E-02 
1.03255E+00 2.34154E-01 5.21606E-02 
1.16264E+00 2.68051E-01 7.14329E-02 
1.30839E+00 3.01991E-01 1.00428E-01 
1.47109E+00 3.35321E-01 1.45276E-01 
1.66706E+00 3.98075E-01 2.16732E-01 
1.88537E+00 4.32704E-01 3.34518E-01 
2.12837E+00 4.66148E-01 5.35266E-01 
2.39793E+00 4.98167E-01 8.90375E-01 
2.69629E+00 5.28496E-01 1.54241E+00 
3.02669E+00 5.57041E-01 2.78475E+00 
3.39568E+00 5.84282E-01 5.22277E+00 
3.82287E+00 6.12623E-01 1.00725E+01 
4.37232E+00 6.50413E-01 1.94396E+01 
5.21687E+00 7.18419E-01 3.56003E+01 
6.58550E+00 8.37399E-01 5.74738E+01 
8.34715E+00 9.77065E-01 7.80809E+01 
9.99383E+00 1.07349E+00 9.13921E+01 
4.40734E-01 2.24584E-02 7.91683E-03 
4.65721E-01 3.57087E-02 9.30085E-03 
5.17125E-01 6.05271E-02 1.10559E-02 
5.72374E-01 8.51683E-02 1.33140E-02 
6.35090E-01 1.11025E-01 1.62610E-02 
7.05905E-01 1.37934E-01 2.01599E-02 
7.85492E-01 1.65674E-01 2.54160E-02 
8.53521E-01 1.87566E-01 3.07739E-02 
8.74545E-01 1.94019E-01 3.26174E-02 
9.82030E-01 2.24946E-01 4.36210E-02 
1.10237E+00 2.55922E-01 5.97591E-02 
1.23666E+00 2.86590E-01 8.40530E-02 
1.38607E+00 3.16745E-01 1.21674E-01 
1.56580E+00 3.73673E-01 1.81665E-01 
1.76532E+00 4.03850E-01 2.80509E-01 
1.98647E+00 4.32778E-01 4.49164E-01 
2.23078E+00 4.60123E-01 7.47480E-01 
2.50013E+00 4.85668E-01 1.29587E+00 
2.79715E+00 5.09348E-01 2.34101E+00 
3.12773E+00 5.31646E-01 4.39530E+00 
3.50943E+00 5.54754E-01 8.48167E+00 
4.00030E+00 5.86185E-01 1.63821E+01 
4.75684E+00 6.44462E-01 3.00269E+01 
5.98424E+00 7.47741E-01 4.85178E+01 
7.55922E+00 8.68521E-01 6.59711E+01 
9.01981E+00 9.50001E-01 7.72769E+01 
4.22905E-01 2.30128E-02 6.61476E-03 
4.47064E-01 3.60709E-02 7.77311E-03 
4.98460E-01 6.16454E-02 9.24100E-03 
5.51005E-01 8.54003E-02 1.11303E-02 
6.10347E-01 1.10115E-01 1.35990E-02 
6.76958E-01 1.35580E-01 1.68675E-02 
7.51448E-01 1.61588E-01 2.12737E-02 
8.14841E-01 1.81918E-01 2.57689E-02 
8.34355E-01 1.87874E-01 2.73075E-02 
9.34019E-01 2.16281E-01 3.65305E-02 
1.04518E+00 2.44443E-01 5.00849E-02 
1.16871E+00 2.72016E-01 7.04868E-02 
1.30564E+00 2.98818E-01 1.02108E-01 
1.47014E+00 3.50556E-01 1.52542E-01 
1.65209E+00 3.76631E-01 2.35690E-01 
1.85296E+00 4.01392E-01 3.77668E-01 
2.07399E+00 4.24484E-01 6.29055E-01 
2.31654E+00 4.45694E-01 1.09127E+00 
2.58299E+00 4.65024E-01 1.97301E+00 
2.87843E+00 4.82934E-01 3.70667E+00 
3.21871E+00 5.01433E-01 7.16014E+00 
3.65633E+00 5.27265E-01 1.38411E+01 
4.33277E+00 5.76907E-01 2.53912E+01 
5.43176E+00 6.66208E-01 4.10660E+01 
6.83746E+00 7.70233E-01 5.58862E+01 
8.13046E+00 8.38672E-01 6.55150E+01 
4.06486E-01 2.40474E-02 5.52316E-03 
4.29733E-01 3.68813E-02 6.48939E-03 
4.81024E-01 6.33581E-02 7.71830E-03 
5.30861E-01 8.61932E-02 9.29627E-03 
5.86794E-01 1.09703E-01 1.13623E-02 
6.49231E-01 1.33675E-01 1.41003E-02 
7.18669E-01 1.57894E-01 1.77884E-02 
7.77558E-01 1.76658E-01 2.15593E-02 
7.95667E-01 1.82135E-01 2.28519E-02 
8.87778E-01 2.08036E-01 3.05835E-02 
9.90089E-01 2.33395E-01 4.19551E-02 
1.10337E+00 2.57933E-01 5.90983E-02 
1.22841E+00 2.81230E-01 8.56438E-02 
1.37841E+00 3.28066E-01 1.28023E-01 
1.54388E+00 3.50585E-01 1.98036E-01 
1.72566E+00 3.71472E-01 3.17537E-01 
1.92473E+00 3.90605E-01 5.29273E-01 
2.14239E+00 4.07869E-01 9.19143E-01 
2.38039E+00 4.23258E-01 1.66306E+00 
2.64329E+00 4.37233E-01 3.12669E+00 
2.94529E+00 4.51625E-01 6.04527E+00 
3.33387E+00 4.72479E-01 1.16978E+01 
3.93644E+00 5.14372E-01 2.14786E+01 
4.91715E+00 5.91080E-01 3.47709E+01 
6.16735E+00 6.80082E-01 4.73623E+01 
7.30735E+00 7.37009E-01 5.55655E+01 
3.91929E-01 2.56037E-02 4.63365E-03 
4.14440E-01 3.83021E-02 5.44518E-03 
4.65115E-01 6.55625E-02 6.47791E-03 
5.12487E-01 8.75655E-02 7.80614E-03 
5.65073E-01 1.09828E-01 9.54289E-03 
6.23475E-01 1.32280E-01 1.18482E-02 
6.88119E-01 1.54722E-01 1.49530E-02 
7.42763E-01 1.71961E-01 1.81289E-02 
7.59547E-01 1.76966E-01 1.92220E-02 
8.44623E-01 2.00444E-01 2.57480E-02 
9.38715E-01 2.23155E-01 3.53320E-02 
1.04255E+00 2.44852E-01 4.98180E-02 
1.15670E+00 2.65330E-01 7.22474E-02 
1.29339E+00 3.07403E-01 1.08126E-01 
1.44365E+00 3.26419E-01 1.67318E-01 
1.60800E+00 3.43807E-01 2.68447E-01 
1.78731E+00 3.59437E-01 4.48017E-01 
1.98236E+00 3.73197E-01 7.78531E-01 
2.19484E+00 3.85151E-01 1.41013E+00 
2.42858E+00 3.95723E-01 2.65365E+00 
2.69638E+00 4.06592E-01 5.13433E+00 
3.04117E+00 4.23166E-01 9.94316E+00 
3.57794E+00 4.58359E-01 1.82753E+01 
4.45310E+00 5.24093E-01 2.96127E+01 
5.56504E+00 6.00071E-01 4.03719E+01 
6.56992E+00 6.47194E-01 4.73986E+01 
3.78896E-01 2.77666E-02 3.89450E-03 
4.00304E-01 4.00849E-02 4.57912E-03 
4.50747E-01 6.85953E-02 5.44999E-03 
4.95353E-01 8.95136E-02 6.56966E-03 
5.44651E-01 1.10466E-01 8.03586E-03 
5.99141E-01 1.31365E-01 9.98261E-03 
6.59219E-01 1.52025E-01 1.26108E-02 
7.09761E-01 1.67719E-01 1.52910E-02 
7.25242E-01 1.72242E-01 1.62131E-02 
8.03663E-01 1.93348E-01 2.17357E-02 
8.90068E-01 2.13508E-01 2.98588E-02 
9.84978E-01 2.32490E-01 4.21133E-02 
1.08901E+00 2.50206E-01 6.11479E-02 
1.21322E+00 2.87908E-01 9.15720E-02 
1.34936E+00 3.03636E-01 1.41823E-01 
1.49769E+00 3.17837E-01 2.27832E-01 
1.65869E+00 3.30280E-01 3.80489E-01 
1.83311E+00 3.40918E-01 6.61779E-01 
2.02219E+00 3.49822E-01 1.19952E+00 
2.22944E+00 3.57424E-01 2.25958E+00 
2.46629E+00 3.65245E-01 4.37599E+00 
2.77146E+00 3.78108E-01 8.48194E+00 
3.24862E+00 4.07418E-01 1.56039E+01 
4.02819E+00 4.63463E-01 2.53077E+01 
5.01536E+00 5.27994E-01 3.45309E+01 
5.89918E+00 5.66670E-01 4.05686E+01 
3.67279E-01 3.05731E-02 3.28388E-03 
3.87456E-01 4.24042E-02 3.86142E-03 
4.37661E-01 7.24372E-02 4.59753E-03 
4.79398E-01 9.20851E-02 5.54623E-03 
5.25428E-01 1.11627E-01 6.78719E-03 
5.76100E-01 1.30903E-01 8.43608E-03 
6.31759E-01 1.49743E-01 1.06646E-02 
6.78447E-01 1.63900E-01 1.29426E-02 
6.92717E-01 1.67957E-01 1.37243E-02 
7.64804E-01 1.86711E-01 1.84108E-02 
8.43935E-01 2.04351E-01 2.53158E-02 
9.30593E-01 2.20732E-01 3.57444E-02 
1.02515E+00 2.35568E-01 5.19384E-02 
1.13770E+00 2.69203E-01 7.78388E-02 
1.26085E+00 2.82174E-01 1.20719E-01 
1.39430E+00 2.93444E-01 1.94101E-01 
1.53849E+00 3.03016E-01 3.24368E-01 
1.69399E+00 3.10872E-01 5.64715E-01 
1.86182E+00 3.17103E-01 1.02459E+00 
2.04501E+00 3.22128E-01 1.93153E+00 
2.25381E+00 3.27323E-01 3.74368E+00 
2.52325E+00 3.36992E-01 7.26366E+00 
2.94647E+00 3.61160E-01 1.33736E+01 
3.63965E+00 4.08681E-01 2.17091E+01 
4.51438E+00 4.63188E-01 2.96431E+01 
5.28992E+00 4.94621E-01 3.48467E+01 
3.56910E-01 3.40054E-02 2.77741E-03 
3.76088E-01 4.54310E-02 3.26780E-03 
4.25534E-01 7.69640E-02 3.89189E-03 
4.64449E-01 9.52314E-02 4.69895E-03 
5.07290E-01 1.13282E-01 5.75373E-03 
5.54279E-01 1.30871E-01 7.15766E-03 
6.05680E-01 1.47842E-01 9.05245E-03 
6.48685E-01 1.60445E-01 1.09957E-02 
6.61809E-01 1.64037E-01 1.16618E-02 
7.27948E-01 1.80471E-01 1.56608E-02 
8.00296E-01 1.95687E-01 2.15525E-02 
8.79204E-01 2.09556E-01 3.04595E-02 
9.64988E-01 2.21943E-01 4.43074E-02 
1.06674E+00 2.51710E-01 6.64870E-02 
1.17775E+00 2.61912E-01 1.03153E-01 
1.29750E+00 2.70523E-01 1.66027E-01 
1.42633E+00 2.77528E-01 2.77750E-01 
1.56454E+00 2.82918E-01 4.83971E-01 
1.71304E+00 2.86822E-01 8.78937E-01 
1.87441E+00 2.89622E-01 1.65839E+00 
2.05788E+00 2.92581E-01 3.21635E+00 
2.29505E+00 2.99516E-01 6.24554E+00 
2.66966E+00 3.19222E-01 1.15086E+01 
3.28486E+00 3.59268E-01 1.86959E+01 
4.05847E+00 4.05033E-01 2.55452E+01 
4.73734E+00 4.30292E-01 3.00435E+01 
3.47635E-01 3.80569E-02 2.35659E-03 
3.65602E-01 4.88597E-02 2.77470E-03 
4.13751E-01 8.16896E-02 3.30795E-03 
4.50301E-01 9.88898E-02 3.99578E-03 
4.90052E-01 1.15352E-01 4.89745E-03 
5.33495E-01 1.31188E-01 6.09710E-03 
5.80864E-01 1.46247E-01 7.72013E-03 
6.20365E-01 1.57291E-01 9.38113E-03 
6.32399E-01 1.60410E-01 9.95195E-03 
6.92954E-01 1.74561E-01 1.33785E-02 
7.58946E-01 1.87421E-01 1.84338E-02 
8.30615E-01 1.98880E-01 2.60709E-02 
9.08285E-01 2.08973E-01 3.79736E-02 
9.99911E-01 2.35109E-01 5.70256E-02 
1.09971E+00 2.42731E-01 8.85626E-02 
1.20692E+00 2.48945E-01 1.42683E-01 
1.32158E+00 2.53641E-01 2.38928E-01 
1.44403E+00 2.56869E-01 4.16698E-01 
1.57492E+00 2.58749E-01 7.57156E-01 
1.71654E+00 2.59660E-01 1.42977E+00 
1.87719E+00 2.60737E-01 2.77548E+00 
2.08525E+00 2.65354E-01 5.39239E+00 
2.41599E+00 2.81196E-01 9.94339E+00 
2.96088E+00 3.14712E-01 1.61638E+01 
3.64358E+00 3.52875E-01 2.20967E+01 
4.23620E+00 3.72897E-01 2.59955E+01 
3.39430E-01 4.27777E-02 2.00891E-03 
3.56071E-01 5.27663E-02 2.36649E-03 
4.02994E-01 8.73846E-02 2.82371E-03 
4.36866E-01 1.02976E-01 3.41418E-03 
4.73646E-01 1.17752E-01 4.18984E-03 
5.13682E-01 1.31747E-01 5.21994E-03 
5.57225E-01 1.44858E-01 6.61630E-03 
5.93455E-01 1.54342E-01 8.04697E-03 
6.04481E-01 1.57000E-01 8.53948E-03 
6.59780E-01 1.68884E-01 1.14907E-02 
7.19821E-01 1.79441E-01 1.58466E-02 
7.84836E-01 1.88612E-01 2.24471E-02 
8.54962E-01 1.96288E-01 3.27162E-02 
9.37180E-01 2.19063E-01 4.91725E-02 
1.02672E+00 2.24564E-01 7.64675E-02 
1.12234E+00 2.28614E-01 1.23289E-01 
1.22412E+00 2.31285E-01 2.06600E-01 
1.33219E+00 2.32625E-01 3.60540E-01 
1.44714E+00 2.32784E-01 6.55618E-01 
1.57095E+00 2.32112E-01 1.23877E+00 
1.71107E+00 2.31632E-01 2.40634E+00 
1.89305E+00 2.34314E-01 4.67765E+00 
2.18438E+00 2.46848E-01 8.62970E+00 
2.66605E+00 2.74689E-01 1.40345E+01 
3.26735E+00 3.06287E-01 1.91920E+01 
3.78334E+00 3.21914E-01 2.25803E+01 
3.32151E-01 4.81077E-02 1.72099E-03 
3.47695E-01 5.73163E-02 2.03010E-03 
3.92847E-01 9.35811E-02 2.42413E-03 
4.23980E-01 1.07318E-01 2.93369E-03 
4.57905E-01 1.20307E-01 3.60402E-03 
4.94755E-01 1.32409E-01 4.49624E-03 
5.34702E-01 1.43543E-01 5.70441E-03 
5.67843E-01 1.51452E-01 6.94267E-03 
5.77916E-01 1.53644E-01 7.36964E-03 
6.28343E-01 1.63313E-01 9.92907E-03 
6.82906E-01 1.71658E-01 1.37085E-02 
7.41724E-01 1.78637E-01 1.94395E-02 
8.04902E-01 1.84150E-01 2.83540E-02 
8.78459E-01 2.03854E-01 4.26730E-02 
9.58496E-01 2.07294E-01 6.63992E-02 
1.04351E+00 2.09428E-01 1.07121E-01 
1.13351E+00 2.10323E-01 1.79640E-01 
1.22859E+00 2.10056E-01 3.13710E-01 
1.32911E+00 2.08768E-01 5.70774E-01 
1.43691E+00 2.06800E-01 1.07898E+00 
1.55860E+00 2.05057E-01 2.09631E+00 
1.71724E+00 2.06152E-01 4.07688E+00 
1.97325E+00 2.15876E-01 7.52363E+00 
2.39824E+00 2.38819E-01 1.22384E+01 
2.92681E+00 2.64776E-01 1.67369E+01 
3.37493E+00 2.76750E-01 1.96888E+01 
3.25537E-01 5.37496E-02 1.48317E-03 
3.39907E-01 6.19752E-02 1.75174E-03 
3.82930E-01 9.99373E-02 2.09491E-03 
4.11566E-01 1.11770E-01 2.53816E-03 
4.42770E-01 1.22831E-01 3.12093E-03 
4.76612E-01 1.32972E-01 3.89783E-03 
5.13224E-01 1.42114E-01 4.95211E-03 
5.43509E-01 1.48467E-01 6.03190E-03 
5.52694E-01 1.50199E-01 6.40412E-03 
5.98612E-01 1.57717E-01 8.63723E-03 
6.48091E-01 1.63946E-01 1.19386E-02 
7.01227E-01 1.68890E-01 1.69443E-02 
7.58049E-01 1.72676E-01 2.47482E-02 
8.23514E-01 1.89292E-01 3.72623E-02 
8.94858E-01 1.90828E-01 5.80186E-02 
9.70224E-01 1.91281E-01 9.36552E-02 
1.04954E+00 1.90655E-01 1.57144E-01 
1.13280E+00 1.89036E-01 2.74530E-01 
1.22035E+00 1.86569E-01 4.99659E-01 
1.31376E+00 1.83566E-01 9.44634E-01 
1.41898E+00 1.80832E-01 1.83571E+00 
1.55676E+00 1.80652E-01 3.57006E+00 
1.78121E+00 1.88015E-01 6.58880E+00 
2.15555E+00 2.06760E-01 1.07173E+01 
2.61933E+00 2.27908E-01 1.46538E+01 
3.00752E+00 2.36882E-01 1.72310E+01 
3.19509E-01 5.95506E-02 1.28737E-03 
3.32689E-01 6.65442E-02 1.52205E-03 
3.72667E-01 1.05359E-01 1.82316E-03 
3.99430E-01 1.15922E-01 2.21161E-03 
4.28153E-01 1.25065E-01 2.72292E-03 
4.59211E-01 1.33214E-01 3.40471E-03 
4.92709E-01 1.40352E-01 4.32904E-03 
5.20375E-01 1.45182E-01 5.27861E-03 
5.28760E-01 1.46481E-01 5.60582E-03 
5.70510E-01 1.51913E-01 7.56856E-03 
6.15327E-01 1.56156E-01 1.04711E-02 
6.63222E-01 1.59217E-01 1.48714E-02 
7.14190E-01 1.61151E-01 2.17386E-02 
7.72213E-01 1.75038E-01 3.27533E-02 
8.35609E-01 1.75038E-01 5.10157E-02 
9.02156E-01 1.74052E-01 8.23839E-02 
9.71757E-01 1.72152E-01 1.38261E-01 
1.04436E+00 1.69431E-01 2.41593E-01 
1.12023E+00 1.66033E-01 4.39697E-01 
1.20075E+00 1.62240E-01 8.31265E-01 
1.29130E+00 1.58767E-01 1.61518E+00 
1.41049E+00 1.57590E-01 3.14047E+00 
1.60680E+00 1.62997E-01 5.79449E+00 
1.93591E+00 1.78166E-01 9.42196E+00 
2.34210E+00 1.95241E-01 1.28758E+01 
2.67749E+00 2.01781E-01 1.51290E+01 
3.14129E-01 6.54915E-02 1.12590E-03 
3.26490E-01 7.16039E-02 1.33351E-03 
3.63102E-01 1.11468E-01 1.59894E-03 
3.87579E-01 1.19574E-01 1.94246E-03 
4.14005E-01 1.26687E-01 2.39412E-03 
4.42543E-01 1.32858E-01 2.99806E-03 
4.73223E-01 1.38049E-01 3.81588E-03 
4.98469E-01 1.41401E-01 4.65558E-03 
5.06102E-01 1.42269E-01 4.94478E-03 
5.44050E-01 1.45743E-01 6.68314E-03 
5.84594E-01 1.48130E-01 9.25210E-03 
6.27715E-01 1.49460E-01 1.31533E-02 
6.73337E-01 1.49680E-01 1.92295E-02 
7.24502E-01 1.61183E-01 2.89830E-02 
7.80626E-01 1.59854E-01 4.51630E-02 
8.39154E-01 1.57663E-01 7.29274E-02 
8.99941E-01 1.54730E-01 1.22399E-01 
9.62919E-01 1.51149E-01 2.13802E-01 
1.02832E+00 1.47055E-01 3.89041E-01 
1.09733E+00 1.42701E-01 7.35163E-01 
1.17483E+00 1.38716E-01 1.42774E+00 
1.27754E+00 1.36800E-01 2.77446E+00 
1.44880E+00 1.40607E-01 5.11561E+00 
1.73772E+00 1.52762E-01 8.31234E+00 
2.09287E+00 1.66420E-01 1.13494E+01 
2.38195E+00 1.71021E-01 1.33214E+01 
3.09230E-01 7.09762E-02 9.93204E-04 
3.20510E-01 7.53484E-02 1.17837E-03 
3.53325E-01 1.15928E-01 1.41492E-03 
3.76045E-01 1.22326E-01 1.72113E-03 
4.00407E-01 1.27406E-01 2.12357E-03 
4.26640E-01 1.31610E-01 2.66101E-03 
4.54777E-01 1.34941E-01 3.39080E-03 
4.77840E-01 1.36910E-01 4.13924E-03 
4.84796E-01 1.37381E-01 4.39705E-03 
5.19288E-01 1.39060E-01 5.94644E-03 
5.55930E-01 1.39766E-01 8.23721E-03 
5.94661E-01 1.39572E-01 1.17115E-02 
6.35387E-01 1.38610E-01 1.71331E-02 
6.80242E-01 1.47715E-01 2.58146E-02 
7.29737E-01 1.45200E-01 4.02191E-02 
7.80985E-01 1.42048E-01 6.49437E-02 
8.33817E-01 1.38325E-01 1.08909E-01 
8.88172E-01 1.34117E-01 1.90189E-01 
9.44169E-01 1.29548E-01 3.45807E-01 
1.00295E+00 1.24844E-01 6.53020E-01 
1.06889E+00 1.20550E-01 1.26721E+00 
1.15702E+00 1.18119E-01 2.45999E+00 
1.30611E+00 1.20650E-01 4.53132E+00 
1.55939E+00 1.30289E-01 7.35491E+00 
1.86952E+00 1.41112E-01 1.00301E+01 
2.11810E+00 1.44199E-01 1.17564E+01 
3.04877E-01 7.57585E-02 8.84676E-04 
3.15421E-01 7.86711E-02 1.05086E-03 
3.43877E-01 1.19530E-01 1.26353E-03 
3.64884E-01 1.23623E-01 1.53844E-03 
3.87479E-01 1.26853E-01 1.90023E-03 
4.11689E-01 1.29250E-01 2.38262E-03 
4.37527E-01 1.30848E-01 3.03733E-03 
4.58623E-01 1.31551E-01 3.70968E-03 
4.64969E-01 1.31673E-01 3.94109E-03 
4.96301E-01 1.31731E-01 5.33079E-03 
5.29386E-01 1.30982E-01 7.38604E-03 
5.64109E-01 1.29486E-01 1.04999E-02 
6.00368E-01 1.27349E-01 1.53569E-02 
6.39429E-01 1.34458E-01 2.31339E-02 
6.82893E-01 1.31047E-01 3.60141E-02 
7.27527E-01 1.27185E-01 5.81138E-02 
7.73188E-01 1.22902E-01 9.74105E-02 
8.19762E-01 1.18286E-01 1.69913E-01 
8.67413E-01 1.13449E-01 3.08671E-01 
9.17111E-01 1.08585E-01 5.82214E-01 
9.72835E-01 1.04163E-01 1.12830E+00 
1.04813E+00 1.01416E-01 2.18767E+00 
1.17769E+00 1.02955E-01 4.02438E+00 
1.39949E+00 1.10521E-01 6.52269E+00 
1.67002E+00 1.19016E-01 8.88106E+00 
1.88337E+00 1.20949E-01 1.03914E+01 
3.01221E-01 7.94504E-02 7.95425E-04 
3.11483E-01 8.18339E-02 9.46143E-04 
3.34874E-01 1.20953E-01 1.13853E-03 
3.54436E-01 1.23391E-01 1.38730E-03 
3.75467E-01 1.24835E-01 1.71413E-03 
3.97901E-01 1.25588E-01 2.15091E-03 
4.21675E-01 1.25637E-01 2.74204E-03 
4.40986E-01 1.25226E-01 3.34922E-03 
4.46774E-01 1.25038E-01 3.55825E-03 
4.75234E-01 1.23708E-01 4.81236E-03 
5.05051E-01 1.21736E-01 6.66486E-03 
5.36113E-01 1.19176E-01 9.47367E-03 
5.68311E-01 1.16031E-01 1.38428E-02 
6.02074E-01 1.21419E-01 2.08385E-02 
6.40035E-01 1.17435E-01 3.24179E-02 
6.78689E-01 1.13089E-01 5.22480E-02 
7.17869E-01 1.08466E-01 8.74736E-02 
7.57484E-01 1.03645E-01 1.52385E-01 
7.97680E-01 9.87233E-02 2.76413E-01 
8.39357E-01 9.38664E-02 5.20591E-01 
8.86107E-01 8.94687E-02 1.00739E+00 
9.50162E-01 8.65766E-02 1.94988E+00 
1.06253E+00 8.73682E-02 3.58061E+00 
1.25667E+00 9.32484E-02 5.79300E+00 
1.49251E+00 9.98575E-02 7.87236E+00 
1.67536E+00 1.00941E-01 9.19251E+00 
2.98514E-01 8.19701E-02 7.21590E-04 
3.08292E-01 8.26223E-02 8.59258E-04 
3.26513E-01 1.20453E-01 1.03459E-03 
3.45039E-01 1.21386E-01 1.26106E-03 
3.64709E-01 1.21246E-01 1.55836E-03 
3.85532E-01 1.20525E-01 1.95500E-03 
4.07458E-01 1.19260E-01 2.49240E-03 
4.25129E-01 1.17923E-01 3.04287E-03 
4.30413E-01 1.17478E-01 3.23263E-03 
4.56238E-01 1.15031E-01 4.37003E-03 
4.83050E-01 1.12092E-01 6.04813E-03 
5.10742E-01 1.08725E-01 8.58770E-03 
5.39161E-01 1.04985E-01 1.25364E-02 
5.68122E-01 1.08802E-01 1.88508E-02 
6.01044E-01 1.04415E-01 2.92839E-02 
6.34269E-01 9.98043E-02 4.71334E-02 
6.67626E-01 9.50480E-02 7.87716E-02 
7.01052E-01 9.02037E-02 1.37014E-01 
7.34641E-01 8.53553E-02 2.48098E-01 
7.69250E-01 8.06444E-02 4.66404E-01 
8.08152E-01 7.64007E-02 9.00694E-01 
8.62383E-01 7.34961E-02 1.74013E+00 
9.59734E-01 7.37479E-02 3.18883E+00 
1.12963E+00 7.82769E-02 5.14804E+00 
1.33526E+00 8.33826E-02 6.98069E+00 
1.49181E+00 8.38608E-02 8.13255E+00 
2.97033E-01 8.28754E-02 6.60117E-04 
3.06479E-01 8.22957E-02 7.86267E-04 
3.19547E-01 1.18185E-01 9.46898E-04 
3.37065E-01 1.17498E-01 1.15389E-03 
3.55531E-01 1.16029E-01 1.42575E-03 
3.74893E-01 1.14133E-01 1.78744E-03 
3.95112E-01 1.11813E-01 2.27747E-03 
4.11276E-01 1.09755E-01 2.77902E-03 
4.16081E-01 1.09112E-01 2.95128E-03 
4.39441E-01 1.05821E-01 3.98599E-03 
4.63466E-01 1.02192E-01 5.51048E-03 
4.88021E-01 9.82823E-02 7.81362E-03 
5.12941E-01 9.41882E-02 1.13923E-02 
5.37506E-01 9.66995E-02 1.70997E-02 
5.65877E-01 9.20952E-02 2.65231E-02 
5.94176E-01 8.74217E-02 4.26047E-02 
6.22310E-01 8.27006E-02 7.10897E-02 
6.50172E-01 7.79841E-02 1.23384E-01 
6.77934E-01 7.33396E-02 2.22967E-01 
7.06354E-01 6.88837E-02 4.18254E-01 
7.38406E-01 6.48871E-02 8.05915E-01 
7.84124E-01 6.20812E-02 1.55348E+00 
8.68414E-01 6.19631E-02 2.84039E+00 
1.01719E+00 6.54283E-02 4.57470E+00 
1.19657E+00 6.93472E-02 6.18785E+00 
1.33057E+00 6.94150E-02 7.19075E+00 
2.96971E-01 8.22001E-02 6.07853E-04 
3.06260E-01 8.10437E-02 7.23769E-04 
3.14418E-01 1.13211E-01 8.71277E-04 
3.30926E-01 1.11764E-01 1.06114E-03 
3.48242E-01 1.09384E-01 1.31012E-03 
3.66230E-01 1.06590E-01 1.64123E-03 
3.84803E-01 1.03495E-01 2.08848E-03 
3.99531E-01 1.00922E-01 2.54652E-03 
4.03886E-01 1.00141E-01 2.70375E-03 
4.24903E-01 9.62820E-02 3.64599E-03 
4.46287E-01 9.22185E-02 5.03269E-03 
4.67886E-01 8.80001E-02 7.12523E-03 
4.89581E-01 8.36723E-02 1.03689E-02 
5.10170E-01 8.51596E-02 1.55365E-02 
5.34331E-01 8.05955E-02 2.40465E-02 
5.58175E-01 7.60200E-02 3.85540E-02 
5.81585E-01 7.14738E-02 6.41780E-02 
6.04527E-01 6.70032E-02 1.11158E-01 
6.27139E-01 6.26607E-02 2.00412E-01 
6.50139E-01 5.85335E-02 3.75076E-01 
6.76282E-01 5.48509E-02 7.21077E-01 
7.14618E-01 5.22164E-02 1.38639E+00 
7.87569E-01 5.18611E-02 2.52843E+00 
9.17986E-01 5.44980E-02 4.06164E+00 
1.07463E+00 5.74940E-02 5.47923E+00 
1.18938E+00 5.72999E-02 6.35041E+00 
2.98517E-01 8.02652E-02 5.62350E-04 
3.07597E-01 7.81429E-02 6.69158E-04 
3.11191E-01 1.07193E-01 8.04788E-04 
3.26832E-01 1.04862E-01 9.79292E-04 
3.43040E-01 1.01668E-01 1.20753E-03 
3.59669E-01 9.82503E-02 1.51079E-03 
3.76644E-01 9.46587E-02 1.92006E-03 
3.89954E-01 9.17670E-02 2.33830E-03 
3.93868E-01 9.09073E-02 2.48190E-03 
4.12645E-01 8.67337E-02 3.34118E-03 
4.31488E-01 8.24662E-02 4.60332E-03 
4.50301E-01 7.81463E-02 6.50548E-03 
4.68990E-01 7.37765E-02 9.44736E-03 
4.85988E-01 7.44733E-02 1.41264E-02 
5.06297E-01 7.00835E-02 2.18153E-02 
5.26110E-01 6.57295E-02 3.49037E-02 
5.45320E-01 6.14649E-02 5.79719E-02 
5.63914E-01 5.73186E-02 1.00170E-01 
5.82030E-01 5.33321E-02 1.80194E-01 
6.00350E-01 4.95806E-02 3.36336E-01 
6.21406E-01 4.62468E-02 6.44918E-01 
6.53431E-01 4.38264E-02 1.23686E+00 
7.16617E-01 4.33352E-02 2.24955E+00 
8.31182E-01 4.53383E-02 3.60366E+00 
9.68326E-01 4.76290E-02 4.84815E+00 
1.06676E+00 4.72814E-02 5.60357E+00 
3.01670E-01 7.69892E-02 5.21328E-04 
3.10503E-01 7.42926E-02 6.19879E-04 
3.10472E-01 9.96658E-02 7.44606E-04 
3.24869E-01 9.69437E-02 9.04894E-04 
3.39882E-01 9.32605E-02 1.11427E-03 
3.55106E-01 8.94916E-02 1.39203E-03 
3.70441E-01 8.56298E-02 1.76631E-03 
3.82349E-01 8.25951E-02 2.14821E-03 
3.85832E-01 8.17032E-02 2.27938E-03 
4.02382E-01 7.74295E-02 3.06264E-03 
4.18780E-01 7.31485E-02 4.21150E-03 
4.34943E-01 6.88903E-02 5.93868E-03 
4.50757E-01 6.46928E-02 8.60669E-03 
4.64539E-01 6.47634E-02 1.28400E-02 
4.81356E-01 6.06091E-02 1.97870E-02 
4.97524E-01 5.65618E-02 3.15806E-02 
5.12989E-01 5.26390E-02 5.23309E-02 
5.27730E-01 4.88631E-02 9.02023E-02 
5.41912E-01 4.52654E-02 1.61825E-01 
5.56196E-01 4.19026E-02 3.01331E-01 
5.72887E-01 3.89250E-02 5.76271E-01 
5.99500E-01 3.67405E-02 1.10220E+00 
6.54278E-01 3.61846E-02 1.99914E+00 
7.55144E-01 3.77053E-02 3.19355E+00 
8.75516E-01 3.94589E-02 4.28429E+00 
9.60115E-01 3.90321E-02 4.93800E+00 
3.06150E-01 7.29330E-02 4.83594E-04 
3.14548E-01 7.00531E-02 5.74276E-04 
3.11340E-01 9.19103E-02 6.89159E-04 
3.24826E-01 8.84458E-02 8.36127E-04 
3.38527E-01 8.46316E-02 1.02819E-03 
3.52251E-01 8.07251E-02 1.28246E-03 
3.65915E-01 7.67886E-02 1.62451E-03 
3.76403E-01 7.37450E-02 1.97301E-03 
3.79448E-01 7.28571E-02 2.09258E-03 
3.93801E-01 6.86468E-02 2.80614E-03 
4.07843E-01 6.44911E-02 3.85100E-03 
4.21477E-01 6.04155E-02 5.41867E-03 
4.34608E-01 5.64616E-02 7.83645E-03 
4.45513E-01 5.60799E-02 1.16651E-02 
4.59148E-01 5.22437E-02 1.79351E-02 
4.72046E-01 4.85451E-02 2.85553E-02 
4.84175E-01 4.49904E-02 4.71973E-02 
4.95550E-01 4.15977E-02 8.11532E-02 
5.06336E-01 3.83891E-02 1.45225E-01 
5.17142E-01 3.54067E-02 2.69761E-01 
5.30130E-01 3.27746E-02 5.14599E-01 
5.52123E-01 3.08266E-02 9.81427E-01 
5.99690E-01 3.02524E-02 1.77524E+00 
6.88756E-01 3.14089E-02 2.82785E+00 
7.94718E-01 3.27545E-02 3.78271E+00 
8.67621E-01 3.22971E-02 4.34766E+00 
3.11483E-01 6.84678E-02 4.48473E-04 
3.19319E-01 6.53632E-02 5.31855E-04 
3.14034E-01 8.37204E-02 6.37285E-04 
3.26176E-01 8.01032E-02 7.72214E-04 
3.38482E-01 7.61970E-02 9.48038E-04 
3.50637E-01 7.23033E-02 1.18056E-03 
3.62593E-01 6.84384E-02 1.49297E-03 
3.71649E-01 6.54834E-02 1.81094E-03 
3.74260E-01 6.46240E-02 1.91975E-03 
3.86476E-01 6.05868E-02 2.56950E-03 
3.98237E-01 5.66491E-02 3.51857E-03 
4.09468E-01 5.28312E-02 4.94089E-03 
4.20147E-01 4.91298E-02 7.12978E-03 
4.28478E-01 4.84513E-02 1.05903E-02 
4.39227E-01 4.49748E-02 1.62451E-02 
4.49213E-01 4.16368E-02 2.58068E-02 
4.58404E-01 3.84518E-02 4.25561E-02 
4.66850E-01 3.54309E-02 7.29939E-02 
4.74701E-01 3.25875E-02 1.30297E-01 
4.82561E-01 2.99635E-02 2.41400E-01 
4.92395E-01 2.76515E-02 4.59236E-01 
5.10487E-01 2.59291E-02 8.73617E-01 
5.51862E-01 2.53649E-02 1.57573E+00 
6.30744E-01 2.62468E-02 2.50278E+00 
7.24343E-01 2.72821E-02 3.33831E+00 
7.87362E-01 2.68238E-02 3.82614E+00 
3.17050E-01 6.38321E-02 4.15327E-04 
3.24241E-01 6.05791E-02 4.92064E-04 
3.17585E-01 7.55342E-02 5.88801E-04 
3.28305E-01 7.21225E-02 7.12575E-04 
3.39139E-01 6.82831E-02 8.73532E-04 
3.49692E-01 6.45098E-02 1.08623E-03 
3.59909E-01 6.08035E-02 1.37138E-03 
3.67567E-01 5.79898E-02 1.66127E-03 
3.69762E-01 5.71772E-02 1.76063E-03 
3.79905E-01 5.33759E-02 2.35212E-03 
3.89501E-01 4.97011E-02 3.21448E-03 
3.98516E-01 4.61635E-02 4.50516E-03 
4.06893E-01 4.27741E-02 6.48630E-03 
4.12988E-01 4.18782E-02 9.61448E-03 
4.21162E-01 3.87433E-02 1.47143E-02 
4.28572E-01 3.57554E-02 2.33223E-02 
4.35213E-01 3.29201E-02 3.83700E-02 
4.41125E-01 3.02451E-02 6.56561E-02 
4.46479E-01 2.77415E-02 1.16912E-01 
4.51828E-01 2.54355E-02 2.16029E-01 
4.59005E-01 2.34090E-02 4.09887E-01 
4.73779E-01 2.18920E-02 7.77661E-01 
5.09841E-01 2.13538E-02 1.39870E+00 
5.79934E-01 2.20271E-02 2.21519E+00 
6.62920E-01 2.28278E-02 2.94628E+00 
7.17570E-01 2.23847E-02 3.36730E+00 
3.22244E-01 5.93698E-02 3.84424E-04 
3.28629E-01 5.61533E-02 4.54994E-04 
3.20804E-01 6.86611E-02 5.43883E-04 
3.30583E-01 6.47931E-02 6.57359E-04 
3.39893E-01 6.11111E-02 8.04804E-04 
3.48842E-01 5.75108E-02 9.99271E-04 
3.57378E-01 5.40039E-02 1.25987E-03 
3.63683E-01 5.13580E-02 1.52426E-03 
3.65472E-01 5.05990E-02 1.61482E-03 
3.73662E-01 4.70550E-02 2.15335E-03 
3.81258E-01 4.36537E-02 2.93798E-03 
3.88221E-01 4.04049E-02 4.10849E-03 
3.94527E-01 3.73235E-02 5.90469E-03 
3.98659E-01 3.62784E-02 8.73216E-03 
4.04573E-01 3.34620E-02 1.33364E-02 
4.09737E-01 3.07938E-02 2.10885E-02 
4.14166E-01 2.82759E-02 3.46144E-02 
4.17910E-01 2.59109E-02 5.90868E-02 
4.21138E-01 2.37069E-02 1.04958E-01 
4.24368E-01 2.16830E-02 1.93441E-01 
4.29311E-01 1.99071E-02 3.66098E-01 
4.41271E-01 1.85713E-02 6.92629E-01 
4.72767E-01 1.80662E-02 1.24227E+00 
5.35262E-01 1.85809E-02 1.96177E+00 
6.09094E-01 1.92006E-02 2.60158E+00 
6.56650E-01 1.87820E-02 2.96497E+00 
3.26487E-01 5.52847E-02 3.56059E-04 
3.32056E-01 5.20731E-02 4.21011E-04 
3.24329E-01 6.17428E-02 5.02713E-04 
3.32415E-01 5.82766E-02 6.06980E-04 
3.40226E-01 5.47831E-02 7.42275E-04 
3.47621E-01 5.13744E-02 9.20340E-04 
3.54565E-01 4.80727E-02 1.15863E-03 
3.59599E-01 4.55994E-02 1.40025E-03 
3.61015E-01 4.48893E-02 1.48278E-03 
3.67399E-01 4.15962E-02 1.97361E-03 
3.73163E-01 3.84577E-02 2.68761E-03 
3.78285E-01 3.54793E-02 3.75114E-03 
3.82764E-01 3.26539E-02 5.37981E-03 
3.85195E-01 3.15318E-02 7.94004E-03 
3.89122E-01 2.90086E-02 1.20992E-02 
3.92342E-01 2.66268E-02 1.90891E-02 
3.94868E-01 2.43890E-02 3.12605E-02 
3.96762E-01 2.22956E-02 5.32325E-02 
3.98187E-01 2.03510E-02 9.43138E-02 
3.99640E-01 1.85729E-02 1.73399E-01 
4.02700E-01 1.70143E-02 3.27267E-01 
4.12267E-01 1.58357E-02 6.17503E-01 
4.39827E-01 1.53657E-02 1.10436E+00 
4.95726E-01 1.57587E-02 1.73886E+00 
5.61656E-01 1.62399E-02 2.29925E+00 
6.03149E-01 1.58477E-02 2.61277E+00 
3.29249E-01 5.16652E-02 3.30224E-04 
3.34042E-01 4.84730E-02 3.90171E-04 
3.26896E-01 5.56316E-02 4.65512E-04 
3.33232E-01 5.26424E-02 5.61400E-04 
3.39667E-01 4.93016E-02 6.85703E-04 
3.45631E-01 4.60774E-02 8.49216E-04 
3.51107E-01 4.29691E-02 1.06746E-03 
3.54998E-01 4.06514E-02 1.28850E-03 
3.56077E-01 3.99886E-02 1.36405E-03 
3.60845E-01 3.69248E-02 1.81262E-03 
3.64979E-01 3.40219E-02 2.46345E-03 
3.68479E-01 3.12815E-02 3.43217E-03 
3.71324E-01 2.87088E-02 4.91123E-03 
3.72310E-01 2.75283E-02 7.23320E-03 
3.74526E-01 2.52588E-02 1.09986E-02 
3.76071E-01 2.31273E-02 1.73106E-02 
3.76973E-01 2.11326E-02 2.82767E-02 
3.77296E-01 1.92744E-02 4.80309E-02 
3.77199E-01 1.75553E-02 8.48851E-02 
3.77149E-01 1.59863E-02 1.55636E-01 
3.78623E-01 1.46134E-02 2.92977E-01 
3.86146E-01 1.35714E-02 5.51142E-01 
4.10295E-01 1.31361E-02 9.82813E-01 
4.60442E-01 1.34351E-02 1.54285E+00 
5.19497E-01 1.38090E-02 2.03395E+00 
5.55782E-01 1.34436E-02 2.30436E+00 
3.30505E-01 4.85461E-02 3.07334E-04 
3.34548E-01 4.53828E-02 3.62821E-04 
3.27821E-01 5.07313E-02 4.32445E-04 
3.32903E-01 4.78489E-02 5.20949E-04 
3.38077E-01 4.46502E-02 6.35458E-04 
3.42765E-01 4.15764E-02 7.85862E-04 
3.46946E-01 3.86341E-02 9.86550E-04 
3.49820E-01 3.64507E-02 1.18930E-03 
3.50603E-01 3.58274E-02 1.25855E-03 
3.53940E-01 3.29614E-02 1.66929E-03 
3.56652E-01 3.02615E-02 2.26438E-03 
3.58723E-01 2.77305E-02 3.14765E-03 
3.60169E-01 2.53673E-02 4.49487E-03 
3.59906E-01 2.41599E-02 6.60464E-03 
3.60653E-01 2.21079E-02 1.00182E-02 
3.60772E-01 2.01908E-02 1.57322E-02 
3.60292E-01 1.84052E-02 2.56338E-02 
3.59280E-01 1.67489E-02 4.34263E-02 
3.57895E-01 1.52219E-02 7.65397E-02 
3.56579E-01 1.38325E-02 1.39946E-01 
3.56707E-01 1.26187E-02 2.62657E-01 
3.62489E-01 1.16933E-02 4.92766E-01 
3.83674E-01 1.12911E-02 8.76013E-01 
4.28789E-01 1.15171E-02 1.37094E+00 
4.81845E-01 1.18064E-02 1.80174E+00 
5.13659E-01 1.14685E-02 2.03512E+00 
3.30035E-01 4.58815E-02 2.86858E-04 
3.33403E-01 4.27401E-02 3.38291E-04 
3.26859E-01 4.67982E-02 4.02801E-04 
3.31213E-01 4.37376E-02 4.84622E-04 
3.35277E-01 4.06594E-02 5.90375E-04 
3.38842E-01 3.77130E-02 7.28986E-04 
3.41886E-01 3.49070E-02 9.13583E-04 
3.43871E-01 3.28368E-02 1.09997E-03 
3.44395E-01 3.22469E-02 1.16346E-03 
3.46489E-01 2.95470E-02 1.53998E-03 
3.47949E-01 2.70227E-02 2.08438E-03 
3.48783E-01 2.46711E-02 2.89109E-03 
3.49001E-01 2.24868E-02 4.11851E-03 
3.47664E-01 2.12705E-02 6.03714E-03 
3.47137E-01 1.94090E-02 9.13476E-03 
3.46016E-01 1.76795E-02 1.43059E-02 
3.44341E-01 1.60763E-02 2.32479E-02 
3.42181E-01 1.45956E-02 3.92769E-02 
3.39690E-01 1.32351E-02 6.90285E-02 
3.37288E-01 1.20021E-02 1.25856E-01 
3.36261E-01 1.09257E-02 2.35516E-01 
3.40519E-01 1.01030E-02 4.40477E-01 
3.59081E-01 9.73230E-03 7.80660E-01 
3.99714E-01 9.90091E-03 1.21786E+00 
4.47436E-01 1.01237E-02 1.59545E+00 
4.75303E-01 9.81158E-03 1.79636E+00 
3.28017E-01 4.36854E-02 2.68854E-04 
3.30810E-01 4.05369E-02 3.16684E-04 
3.24608E-01 4.34479E-02 3.76544E-04 
3.28272E-01 4.02820E-02 4.52382E-04 
3.31393E-01 3.72850E-02 5.50247E-04 
3.33992E-01 3.44330E-02 6.78274E-04 
3.36053E-01 3.17330E-02 8.48405E-04 
3.37275E-01 2.97510E-02 1.01991E-03 
3.37568E-01 2.91903E-02 1.07839E-03 
3.38586E-01 2.66258E-02 1.42421E-03 
3.38962E-01 2.42463E-02 1.92313E-03 
3.38715E-01 2.20460E-02 2.66086E-03 
3.37862E-01 2.00198E-02 3.78083E-03 
3.35597E-01 1.88031E-02 5.52785E-03 
3.33969E-01 1.71050E-02 8.34199E-03 
3.31781E-01 1.55367E-02 1.30288E-02 
3.29077E-01 1.40915E-02 2.11107E-02 
3.25931E-01 1.27627E-02 3.55636E-02 
3.22494E-01 1.15473E-02 6.23212E-02 
3.19163E-01 1.04485E-02 1.13274E-01 
3.17145E-01 9.49149E-03 2.11339E-01 
3.20078E-01 8.75798E-03 3.93961E-01 
3.36321E-01 8.41682E-03 6.95988E-01 
3.72958E-01 8.54047E-03 1.08224E+00 
4.15937E-01 8.71068E-03 1.41315E+00 
4.40332E-01 8.42314E-03 1.58588E+00 
3.24561E-01 4.18592E-02 2.52788E-04 
3.26889E-01 3.86685E-02 2.97351E-04 
3.21249E-01 4.04458E-02 3.52953E-04 
3.24083E-01 3.73553E-02 4.23334E-04 
3.26402E-01 3.44091E-02 5.13973E-04 
3.28184E-01 3.16215E-02 6.32330E-04 
3.29407E-01 2.90005E-02 7.89366E-04 
3.29973E-01 2.70876E-02 9.47282E-04 
3.30066E-01 2.65496E-02 1.00113E-03 
3.30149E-01 2.40965E-02 1.31889E-03 
3.29588E-01 2.18377E-02 1.77636E-03 
3.28399E-01 1.97668E-02 2.45128E-03 
3.26614E-01 1.78734E-02 3.47348E-03 
3.23537E-01 1.66686E-02 5.06443E-03 
3.20952E-01 1.51126E-02 7.62057E-03 
3.17836E-01 1.36855E-02 1.18677E-02 
3.14239E-01 1.23781E-02 1.91741E-02 
3.10240E-01 1.11827E-02 3.22021E-02 
3.05984E-01 1.00943E-02 5.62537E-02 
3.01856E-01 9.11356E-03 1.01923E-01 
2.98981E-01 8.26134E-03 1.89526E-01 
3.00755E-01 7.60625E-03 3.52216E-01 
3.14919E-01 7.29290E-03 6.20141E-01 
3.47945E-01 7.38121E-03 9.61054E-01 
3.86650E-01 7.50923E-03 1.25073E+00 
4.07957E-01 7.24536E-03 1.39892E+00 
3.19833E-01 4.03694E-02 2.38294E-04 
3.21820E-01 3.71004E-02 2.79794E-04 
3.16613E-01 3.79699E-02 3.31546E-04 
3.18824E-01 3.48762E-02 3.96879E-04 
3.20481E-01 3.19531E-02 4.80855E-04 
3.21567E-01 2.92063E-02 5.90345E-04 
3.22072E-01 2.66404E-02 7.35243E-04 
3.22059E-01 2.47812E-02 8.80738E-04 
3.21988E-01 2.42583E-02 9.30223E-04 
3.21251E-01 2.18934E-02 1.22223E-03 
3.19855E-01 1.97350E-02 1.64166E-03 
3.17829E-01 1.77731E-02 2.25890E-03 
3.15210E-01 1.59963E-02 3.19144E-03 
3.11417E-01 1.48080E-02 4.63955E-03 
3.07988E-01 1.33763E-02 6.96067E-03 
3.04056E-01 1.20731E-02 1.08060E-02 
2.99681E-01 1.08874E-02 1.74045E-02 
2.94939E-01 9.80986E-03 2.91364E-02 
2.89981E-01 8.83312E-03 5.07311E-02 
2.85162E-01 7.95726E-03 9.16215E-02 
2.81548E-01 7.19730E-03 1.69810E-01 
2.82299E-01 6.61228E-03 3.14511E-01 
2.94592E-01 6.32511E-03 5.51911E-01 
3.24335E-01 6.38561E-03 8.52422E-01 
3.59151E-01 6.48010E-03 1.10551E+00 
3.77689E-01 6.23854E-03 1.23230E+00 
3.13976E-01 3.91690E-02 2.24951E-04 
3.15648E-01 3.58058E-02 2.63555E-04 
3.10881E-01 3.58542E-02 3.11656E-04 
3.12520E-01 3.27631E-02 3.72283E-04 
3.13608E-01 2.98420E-02 4.50019E-04 
3.14095E-01 2.71145E-02 5.51170E-04 
3.13978E-01 2.45845E-02 6.84776E-04 
3.13465E-01 2.27640E-02 8.18722E-04 
3.13251E-01 2.22533E-02 8.64209E-04 
3.11795E-01 1.99590E-02 1.13230E-03 
3.09667E-01 1.78837E-02 1.51632E-03 
3.06903E-01 1.60155E-02 2.08008E-03 
3.03550E-01 1.43394E-02 2.92984E-03 
2.99125E-01 1.31737E-02 4.24614E-03 
2.94957E-01 1.18517E-02 6.35046E-03 
2.90314E-01 1.06585E-02 9.82765E-03 
2.85259E-01 9.58116E-03 1.57764E-02 
2.79877E-01 8.60842E-03 2.63248E-02 
2.74314E-01 7.73155E-03 4.56851E-02 
2.68909E-01 6.94859E-03 8.22328E-02 
2.64662E-01 6.27100E-03 1.51907E-01 
2.64514E-01 5.74850E-03 2.80361E-01 
2.75113E-01 5.48599E-03 4.90307E-01 
3.01841E-01 5.52471E-03 7.54670E-01 
3.33096E-01 5.59291E-03 9.75339E-01 
3.49140E-01 5.37189E-03 1.08340E+00 
3.07284E-01 3.82488E-02 2.12528E-04 
3.08682E-01 3.47833E-02 2.48445E-04 
3.04245E-01 3.41353E-02 2.93073E-04 
3.05437E-01 3.09848E-02 3.49250E-04 
3.06011E-01 2.80412E-02 4.21132E-04 
3.05957E-01 2.53106E-02 5.14442E-04 
3.05269E-01 2.27966E-02 6.37420E-04 
3.04304E-01 2.09996E-02 7.60452E-04 
3.03951E-01 2.04985E-02 8.02227E-04 
3.01837E-01 1.82567E-02 1.04782E-03 
2.99044E-01 1.62482E-02 1.39883E-03 
2.95610E-01 1.44587E-02 1.91285E-03 
2.91591E-01 1.28702E-02 2.68548E-03 
2.86604E-01 1.17303E-02 3.87958E-03 
2.81782E-01 1.05052E-02 5.78349E-03 
2.76515E-01 9.41014E-03 8.92067E-03 
2.70872E-01 8.42978E-03 1.42724E-02 
2.64941E-01 7.55093E-03 2.37358E-02 
2.58864E-01 6.76376E-03 4.10543E-02 
2.52970E-01 6.06353E-03 7.36426E-02 
2.48188E-01 5.45971E-03 1.35568E-01 
2.47255E-01 4.99339E-03 2.49348E-01 
2.56313E-01 4.75417E-03 4.34536E-01 
2.80256E-01 4.77583E-03 6.66476E-01 
3.08233E-01 4.82306E-03 8.58381E-01 
3.22025E-01 4.62164E-03 9.50123E-01 
2.99711E-01 3.75572E-02 2.00720E-04 
3.00864E-01 3.39670E-02 2.34069E-04 
2.96741E-01 3.27077E-02 2.75434E-04 
2.97541E-01 2.94925E-02 3.27403E-04 
2.97687E-01 2.65110E-02 3.93789E-04 
2.97171E-01 2.37625E-02 4.79758E-04 
2.95989E-01 2.12495E-02 5.92819E-04 
2.94622E-01 1.94655E-02 7.05678E-04 
2.94149E-01 1.89699E-02 7.43940E-04 
2.91455E-01 1.67656E-02 9.68643E-04 
2.88064E-01 1.48111E-02 1.28898E-03 
2.84032E-01 1.30879E-02 1.75676E-03 
2.79426E-01 1.15746E-02 2.45830E-03 
2.73944E-01 1.04626E-02 3.53970E-03 
2.68557E-01 9.32272E-03 5.25919E-03 
2.62756E-01 8.31429E-03 8.08559E-03 
2.56615E-01 7.42014E-03 1.28932E-02 
2.50227E-01 6.62492E-03 2.13690E-02 
2.43732E-01 5.91721E-03 3.68345E-02 
2.37440E-01 5.29118E-03 6.58432E-02 
2.32220E-01 4.75292E-03 1.20786E-01 
2.30612E-01 4.33698E-03 2.21406E-01 
2.38283E-01 4.11946E-03 3.84499E-01 
2.59675E-01 4.12800E-03 5.87675E-01 
2.84650E-01 4.15864E-03 7.54246E-01 
2.96427E-01 3.97575E-03 8.31945E-01 
2.91318E-01 3.70800E-02 1.89219E-04 
2.92221E-01 3.33366E-02 2.20048E-04 
2.88391E-01 3.15103E-02 2.58246E-04 
2.88776E-01 2.82287E-02 3.06154E-04 
2.88515E-01 2.51907E-02 3.67209E-04 
2.87566E-01 2.24079E-02 4.46112E-04 
2.85922E-01 1.98815E-02 5.49617E-04 
2.84187E-01 1.81005E-02 6.52751E-04 
2.83601E-01 1.76081E-02 6.87685E-04 
2.80376E-01 1.54299E-02 8.92438E-04 
2.76449E-01 1.35185E-02 1.18356E-03 
2.71887E-01 1.18517E-02 1.60776E-03 
2.66758E-01 1.04053E-02 2.24193E-03 
2.60850E-01 9.32289E-03 3.21743E-03 
2.54977E-01 8.25992E-03 4.76455E-03 
2.48721E-01 7.33047E-03 7.29921E-03 
2.42166E-01 6.51463E-03 1.15998E-02 
2.35405E-01 5.79563E-03 1.91587E-02 
2.28577E-01 5.16041E-03 3.29076E-02 
2.21970E-01 4.60189E-03 5.86217E-02 
2.16399E-01 4.12337E-03 1.07162E-01 
2.14210E-01 3.75349E-03 1.95740E-01 
2.20611E-01 3.55656E-03 3.38732E-01 
2.39616E-01 3.55499E-03 5.15899E-01 
2.61787E-01 3.57245E-03 6.59780E-01 
2.71728E-01 3.40718E-03 7.25170E-01 
2.82326E-01 3.68119E-02 1.78125E-04 
2.83009E-01 3.29043E-02 2.06577E-04 
2.79403E-01 3.05865E-02 2.41755E-04 
2.79429E-01 2.71982E-02 2.85787E-04 
2.78755E-01 2.40834E-02 3.41758E-04 
2.77373E-01 2.12487E-02 4.13918E-04 
2.75291E-01 1.86946E-02 5.08398E-04 
2.73210E-01 1.69074E-02 6.02321E-04 
2.72526E-01 1.64152E-02 6.34095E-04 
2.68817E-01 1.42515E-02 8.20119E-04 
2.64407E-01 1.23727E-02 1.08395E-03 
2.59369E-01 1.07531E-02 1.46726E-03 
2.53788E-01 9.36451E-03 2.03897E-03 
2.47517E-01 8.31185E-03 2.91616E-03 
2.41234E-01 7.31731E-03 4.30347E-03 
2.34609E-01 6.45826E-03 6.57048E-03 
2.27726E-01 5.71271E-03 1.04054E-02 
2.20678E-01 5.06228E-03 1.71258E-02 
2.13602E-01 4.49247E-03 2.93125E-02 
2.06772E-01 3.99448E-03 5.20359E-02 
2.00940E-01 3.56971E-03 9.47942E-02 
1.98267E-01 3.24141E-03 1.72528E-01 
2.03527E-01 3.06372E-03 2.97519E-01 
2.20329E-01 3.05460E-03 4.51538E-01 
2.39921E-01 3.06186E-03 5.75422E-01 
2.48220E-01 2.91316E-03 6.30223E-01 
2.72645E-01 3.67137E-02 1.67252E-04 
2.73073E-01 3.26251E-02 1.93409E-04 
2.69680E-01 2.98564E-02 2.25686E-04 
2.69376E-01 2.63538E-02 2.66018E-04 
2.68350E-01 2.31521E-02 3.17181E-04 
2.66593E-01 2.02553E-02 3.82986E-04 
2.64110E-01 1.76625E-02 4.68895E-04 
2.61710E-01 1.58610E-02 5.54166E-04 
2.60935E-01 1.53666E-02 5.82968E-04 
2.56780E-01 1.32074E-02 7.51316E-04 
2.51933E-01 1.13522E-02 9.89463E-04 
2.46476E-01 9.77148E-03 1.33459E-03 
2.40501E-01 8.43292E-03 1.84795E-03 
2.33929E-01 7.41008E-03 2.63375E-03 
2.27317E-01 6.47666E-03 3.87326E-03 
2.20402E-01 5.68113E-03 5.89300E-03 
2.13273E-01 4.99931E-03 9.29949E-03 
2.06025E-01 4.41088E-03 1.52523E-02 
1.98786E-01 3.90019E-03 2.60160E-02 
1.91817E-01 3.45694E-03 4.60199E-02 
1.85809E-01 3.08073E-03 8.35393E-02 
1.82746E-01 2.79012E-03 1.51513E-01 
1.86982E-01 2.63045E-03 2.60354E-01 
2.01750E-01 2.61585E-03 3.93739E-01 
2.18965E-01 2.61542E-03 5.00003E-01 
2.25799E-01 2.48222E-03 5.45686E-01 
2.62434E-01 3.67746E-02 1.56663E-04 
2.62581E-01 3.24825E-02 1.80599E-04 
2.59353E-01 2.93009E-02 2.10094E-04 
2.58703E-01 2.56733E-02 2.46895E-04 
2.57321E-01 2.23705E-02 2.93454E-04 
2.55198E-01 1.94001E-02 3.53186E-04 
2.52352E-01 1.67606E-02 4.31030E-04 
2.49673E-01 1.49388E-02 5.08106E-04 
2.48812E-01 1.44414E-02 5.34123E-04 
2.44271E-01 1.22795E-02 6.85877E-04 
2.39053E-01 1.04415E-02 9.00018E-04 
2.33246E-01 8.89352E-03 1.20954E-03 
2.26950E-01 7.59912E-03 1.66873E-03 
2.20146E-01 6.60588E-03 2.36993E-03 
2.13283E-01 5.72748E-03 3.47302E-03 
2.06162E-01 4.98939E-03 5.26544E-03 
1.98872E-01 4.36517E-03 8.27989E-03 
1.91506E-01 3.83290E-03 1.35325E-02 
1.84189E-01 3.37552E-03 2.30021E-02 
1.77161E-01 2.98185E-03 4.05444E-02 
1.71059E-01 2.64948E-03 7.33381E-02 
1.67695E-01 2.39302E-03 1.32550E-01 
1.71021E-01 2.25015E-03 2.26968E-01 
1.83920E-01 2.23180E-03 3.42040E-01 
1.98956E-01 2.22566E-03 4.32826E-01 
2.04493E-01 2.10698E-03 4.70705E-01 
2.51748E-01 3.69724E-02 1.46359E-04 
2.51593E-01 3.24609E-02 1.68169E-04 
2.48468E-01 2.89031E-02 1.95002E-04 
2.47466E-01 2.51296E-02 2.28412E-04 
2.45742E-01 2.17157E-02 2.70600E-04 
2.43285E-01 1.86645E-02 3.24611E-04 
2.40106E-01 1.59706E-02 3.94817E-04 
2.37168E-01 1.41236E-02 4.64172E-04 
2.36235E-01 1.36213E-02 4.87552E-04 
2.31352E-01 1.14511E-02 6.23771E-04 
2.25814E-01 9.62509E-03 8.15454E-04 
2.19719E-01 8.10509E-03 1.09177E-03 
2.13169E-01 6.85010E-03 1.50069E-03 
2.06198E-01 5.88631E-03 2.12360E-03 
1.99164E-01 5.05782E-03 3.10085E-03 
1.91917E-01 4.37199E-03 4.68471E-03 
1.84546E-01 3.80033E-03 7.34068E-03 
1.77144E-01 3.31914E-03 1.19549E-02 
1.69828E-01 2.91022E-03 2.02475E-02 
1.62820E-01 2.56141E-03 3.55650E-02 
1.56701E-01 2.26870E-03 6.41052E-02 
1.53118E-01 2.04326E-03 1.15454E-01 
1.55642E-01 1.91604E-03 1.96998E-01 
1.66829E-01 1.89532E-03 2.95833E-01 
1.79870E-01 1.88510E-03 3.73031E-01 
1.84267E-01 1.78001E-03 4.04250E-01 
2.40686E-01 3.72812E-02 1.36380E-04 
2.40208E-01 3.25359E-02 1.56164E-04 
2.37137E-01 2.86282E-02 1.80466E-04 
2.35803E-01 2.47017E-02 2.10675E-04 
2.33724E-01 2.11659E-02 2.48710E-04 
2.30928E-01 1.80254E-02 2.97297E-04 
2.27436E-01 1.52724E-02 3.60312E-04 
2.24269E-01 1.33976E-02 4.22452E-04 
2.23272E-01 1.28897E-02 4.43375E-04 
2.18094E-01 1.07079E-02 5.65040E-04 
2.12296E-01 8.89111E-03 7.35835E-04 
2.05975E-01 7.39581E-03 9.81424E-04 
1.99241E-01 6.17691E-03 1.34382E-03 
1.92172E-01 5.24258E-03 1.89469E-03 
1.85046E-01 4.45991E-03 2.75670E-03 
1.77752E-01 3.82207E-03 4.14950E-03 
1.70381E-01 3.29832E-03 6.47914E-03 
1.63021E-01 2.86365E-03 1.05143E-02 
1.55782E-01 2.49878E-03 1.77443E-02 
1.48868E-01 2.19049E-03 3.10585E-02 
1.42805E-01 1.93360E-03 5.57872E-02 
1.39081E-01 1.73623E-03 1.00114E-01 
1.40908E-01 1.62354E-03 1.70225E-01 
1.50535E-01 1.60158E-03 2.54728E-01 
1.61763E-01 1.58864E-03 3.20064E-01 
1.65169E-01 1.49618E-03 3.45631E-01 
2.29337E-01 3.76736E-02 1.26762E-04 
2.28521E-01 3.26830E-02 1.44627E-04 
2.25457E-01 2.84484E-02 1.66527E-04 
2.23771E-01 2.43606E-02 1.93710E-04 
2.21372E-01 2.06994E-02 2.27855E-04 
2.18252E-01 1.74656E-02 2.71348E-04 
2.14454E-01 1.46498E-02 3.27619E-04 
2.11082E-01 1.27455E-02 3.83001E-04 
2.10028E-01 1.22320E-02 4.01632E-04 
2.04605E-01 1.00374E-02 5.09792E-04 
1.98595E-01 8.22815E-03 6.61212E-04 
1.92109E-01 6.75599E-03 8.78382E-04 
1.85261E-01 5.57101E-03 1.19806E-03 
1.78162E-01 4.66636E-03 1.68284E-03 
1.71017E-01 3.92632E-03 2.43944E-03 
1.63753E-01 3.33268E-03 3.65872E-03 
1.56457E-01 2.85289E-03 5.69199E-03 
1.49212E-01 2.46064E-03 9.20395E-03 
1.42120E-01 2.13571E-03 1.54786E-02 
1.35366E-01 1.86410E-03 2.69958E-02 
1.29425E-01 1.63954E-03 4.83174E-02 
1.25634E-01 1.46751E-03 8.64058E-02 
1.26862E-01 1.36825E-03 1.46397E-01 
1.35077E-01 1.34595E-03 2.18298E-01 
1.44670E-01 1.33145E-03 2.73326E-01 
1.47223E-01 1.25060E-03 2.94116E-01 
2.17771E-01 3.81196E-02 1.17521E-04 
2.16620E-01 3.28771E-02 1.33584E-04 
2.13515E-01 2.83383E-02 1.53224E-04 
2.11477E-01 2.40821E-02 1.77553E-04 
2.08763E-01 2.02927E-02 2.08053E-04 
2.05353E-01 1.69655E-02 2.46801E-04 
2.01279E-01 1.40868E-02 2.96786E-04 
1.97713E-01 1.21530E-02 3.45878E-04 
1.96608E-01 1.16336E-02 3.62374E-04 
1.90977E-01 9.42679E-03 4.58006E-04 
1.84812E-01 7.62561E-03 5.91556E-04 
1.78224E-01 6.17643E-03 7.82602E-04 
1.71327E-01 5.02435E-03 1.06313E-03 
1.64257E-01 4.14991E-03 1.48755E-03 
1.57164E-01 3.44990E-03 2.14820E-03 
1.49999E-01 2.89740E-03 3.21005E-03 
1.42846E-01 2.45823E-03 4.97565E-03 
1.35783E-01 2.10477E-03 8.01667E-03 
1.28901E-01 1.81610E-03 1.34339E-02 
1.22368E-01 1.57766E-03 2.33459E-02 
1.16609E-01 1.38221E-03 4.16362E-02 
1.12816E-01 1.23303E-03 7.41956E-02 
1.13538E-01 1.14614E-03 1.25264E-01 
1.20486E-01 1.12422E-03 1.86126E-01 
1.28609E-01 1.10904E-03 2.32221E-01 
1.30439E-01 1.03885E-03 2.48998E-01 
2.06139E-01 3.85967E-02 1.08720E-04 
2.04626E-01 3.30929E-02 1.23084E-04 
2.01439E-01 2.82699E-02 1.40611E-04 
1.99060E-01 2.38443E-02 1.62276E-04 
1.96026E-01 1.99252E-02 1.89363E-04 
1.92347E-01 1.65066E-02 2.23703E-04 
1.88032E-01 1.35686E-02 2.67889E-04 
1.84304E-01 1.16077E-02 3.11182E-04 
1.83156E-01 1.10831E-02 3.25711E-04 
1.77356E-01 8.86646E-03 4.09812E-04 
1.71083E-01 7.07533E-03 5.26966E-04 
1.64446E-01 5.65005E-03 6.94155E-04 
1.57561E-01 4.53085E-03 9.39003E-04 
1.50579E-01 3.68738E-03 1.30866E-03 
1.43601E-01 3.02553E-03 1.88260E-03 
1.36600E-01 2.51165E-03 2.80241E-03 
1.29652E-01 2.10996E-03 4.32790E-03 
1.22830E-01 1.79200E-03 6.94752E-03 
1.16215E-01 1.53622E-03 1.15996E-02 
1.09955E-01 1.32767E-03 2.00870E-02 
1.04429E-01 1.15831E-03 3.56967E-02 
1.00693E-01 1.02966E-03 6.33851E-02 
1.00997E-01 9.54083E-04 1.06634E-01 
1.06816E-01 9.33078E-04 1.57882E-01 
1.13632E-01 9.17882E-04 1.96283E-01 
1.14860E-01 8.57437E-04 2.09717E-01 
1.94497E-01 3.90805E-02 1.00350E-04 
1.92628E-01 3.33125E-02 1.13130E-04 
1.89317E-01 2.82205E-02 1.28683E-04 
1.86590E-01 2.36246E-02 1.47857E-04 
1.83250E-01 1.95785E-02 1.71774E-04 
1.79310E-01 1.60721E-02 2.02024E-04 
1.74784E-01 1.30797E-02 2.40848E-04 
1.70922E-01 1.10956E-02 2.78800E-04 
1.69740E-01 1.05670E-02 2.91523E-04 
1.63819E-01 8.34536E-03 3.65050E-04 
1.57483E-01 6.56762E-03 4.67208E-04 
1.50845E-01 5.16833E-03 6.12618E-04 
1.44023E-01 4.08279E-03 8.25045E-04 
1.37181E-01 3.27148E-03 1.14507E-03 
1.30378E-01 2.64667E-03 1.64068E-03 
1.23599E-01 2.16937E-03 2.43289E-03 
1.16913E-01 1.80263E-03 3.74297E-03 
1.10384E-01 1.51731E-03 5.98624E-03 
1.04084E-01 1.29146E-03 9.95810E-03 
9.81435E-02 1.10984E-03 1.71822E-02 
9.28944E-02 9.63887E-04 3.04254E-02 
8.92667E-02 8.53619E-04 5.38303E-02 
8.92312E-02 7.88367E-04 9.02368E-02 
9.40513E-02 7.68677E-04 1.33127E-01 
9.97119E-02 7.53989E-04 1.64916E-01 
1.00445E-01 7.02383E-04 1.75574E-01 
1.83050E-01 3.95400E-02 9.25044E-05 
1.80844E-01 3.35122E-02 1.03833E-04 
1.77386E-01 2.81703E-02 1.17573E-04 
1.74327E-01 2.34089E-02 1.34469E-04 
1.70683E-01 1.92406E-02 1.55473E-04 
1.66498E-01 1.56528E-02 1.81983E-04 
1.61784E-01 1.26130E-02 2.15924E-04 
1.57811E-01 1.06110E-02 2.49030E-04 
1.56604E-01 1.00799E-02 2.60118E-04 
1.50603E-01 7.85956E-03 3.24086E-04 
1.44253E-01 6.10006E-03 4.12739E-04 
1.37668E-01 4.72986E-03 5.38613E-04 
1.30960E-01 3.67933E-03 7.22049E-04 
1.24302E-01 2.90116E-03 9.97797E-04 
1.17721E-01 2.31215E-03 1.42377E-03 
1.11209E-01 1.86943E-03 2.10287E-03 
1.04829E-01 1.53509E-03 3.22281E-03 
9.86344E-02 1.27950E-03 5.13509E-03 
9.26869E-02 1.08056E-03 8.51124E-03 
8.70983E-02 9.22923E-04 1.46320E-02 
8.21589E-02 7.97690E-04 2.58161E-02 
7.86814E-02 7.03634E-04 4.55134E-02 
7.83823E-02 6.47640E-04 7.60220E-02 
8.23350E-02 6.29525E-04 1.11756E-01 
8.69929E-02 6.15714E-04 1.37948E-01 
8.73326E-02 5.71983E-04 1.46339E-01 
1.71689E-01 3.99641E-02 8.50574E-05 
1.69157E-01 3.36778E-02 9.50383E-05 
1.65526E-01 2.80981E-02 1.07089E-04 
1.62158E-01 2.31776E-02 1.21877E-04 
1.58232E-01 1.88940E-02 1.40191E-04 
1.53805E-01 1.52307E-02 1.63231E-04 
1.48918E-01 1.21508E-02 1.92671E-04 
1.44854E-01 1.01369E-02 2.21320E-04 
1.43628E-01 9.60497E-03 2.30905E-04 
1.37570E-01 7.39276E-03 2.86102E-04 
1.31244E-01 5.65752E-03 3.62424E-04 
1.24759E-01 4.32092E-03 4.70542E-04 
1.18219E-01 3.30820E-03 6.27729E-04 
1.11796E-01 2.56520E-03 8.63543E-04 
1.05487E-01 2.01197E-03 1.22691E-03 
9.92894E-02 1.60274E-03 1.80464E-03 
9.32570E-02 1.29902E-03 2.75475E-03 
8.74345E-02 1.07101E-03 4.37244E-03 
8.18730E-02 8.96650E-04 7.21977E-03 
7.66673E-02 7.60673E-04 1.23662E-02 
7.20672E-02 6.53984E-04 2.17387E-02 
6.87766E-02 5.74430E-04 3.81851E-02 
6.82772E-02 5.26828E-04 6.35502E-02 
7.14715E-02 5.10464E-04 9.30828E-02 
7.52521E-02 4.97793E-04 1.14481E-01 
7.52824E-02 4.61145E-04 1.21005E-01 
1.60599E-01 4.03307E-02 7.80838E-05 
1.57746E-01 3.37896E-02 8.68222E-05 
1.53955E-01 2.79930E-02 9.73436E-05 
1.50271E-01 2.29172E-02 1.10185E-04 
1.46085E-01 1.85283E-02 1.26046E-04 
1.41449E-01 1.48008E-02 1.45941E-04 
1.36415E-01 1.16905E-02 1.71294E-04 
1.32287E-01 9.67220E-03 1.95927E-04 
1.31047E-01 9.14116E-03 2.04152E-04 
1.24966E-01 6.94534E-03 2.51446E-04 
1.18698E-01 5.24055E-03 3.16689E-04 
1.12350E-01 3.94179E-03 4.08907E-04 
1.06016E-01 2.96935E-03 5.42686E-04 
9.98614E-02 2.26309E-03 7.42982E-04 
9.38616E-02 1.74539E-03 1.05086E-03 
8.80139E-02 1.36845E-03 1.53913E-03 
8.23611E-02 1.09353E-03 2.33990E-03 
7.69384E-02 8.90891E-04 3.69936E-03 
7.17862E-02 7.38753E-04 6.08493E-03 
6.69825E-02 6.22067E-04 1.03835E-02 
6.27406E-02 5.31755E-04 1.81858E-02 
5.96646E-02 4.64961E-04 3.18263E-02 
5.90230E-02 4.24837E-04 5.27733E-02 
6.15676E-02 4.10300E-04 7.70147E-02 
6.45961E-02 3.98924E-04 9.43715E-02 
6.43939E-02 3.68531E-04 9.93842E-02 
1.49865E-01 4.06306E-02 7.15855E-05 
1.46687E-01 3.38363E-02 7.91782E-05 
1.42718E-01 2.78371E-02 8.82964E-05 
1.38772E-01 2.26215E-02 9.93888E-05 
1.34341E-01 1.81370E-02 1.13019E-04 
1.29509E-01 1.43553E-02 1.30058E-04 
1.24346E-01 1.12252E-02 1.51717E-04 
1.20174E-01 9.20997E-03 1.72726E-04 
1.18930E-01 8.68226E-03 1.79737E-04 
1.12876E-01 6.51275E-03 2.19975E-04 
1.06701E-01 4.84513E-03 2.75334E-04 
1.00517E-01 3.58864E-03 3.53397E-04 
9.44173E-02 2.65905E-03 4.66392E-04 
8.85591E-02 1.99107E-03 6.35274E-04 
8.28982E-02 1.50880E-03 8.94271E-04 
7.74270E-02 1.16313E-03 1.30394E-03 
7.21768E-02 9.15311E-04 1.97403E-03 
6.71726E-02 7.36010E-04 3.10833E-03 
6.24440E-02 6.03909E-04 5.09294E-03 
5.80542E-02 5.04383E-04 8.65737E-03 
5.41819E-02 4.28470E-04 1.51055E-02 
5.13409E-02 3.72835E-04 2.63375E-02 
5.06075E-02 3.39329E-04 4.35096E-02 
5.26016E-02 3.26626E-04 6.32600E-02 
5.49926E-02 3.16626E-04 7.72302E-02 
5.46237E-02 2.91702E-04 8.10304E-02 
1.39533E-01 4.08530E-02 6.55480E-05 
1.36045E-01 3.38119E-02 7.20952E-05 
1.31893E-01 2.76235E-02 7.99358E-05 
1.27701E-01 2.22794E-02 8.94394E-05 
1.23048E-01 1.77112E-02 1.01053E-04 
1.18051E-01 1.38882E-02 1.15522E-04 
1.12790E-01 1.07507E-02 1.33871E-04 
1.08583E-01 8.74615E-03 1.51623E-04 
1.07335E-01 8.22364E-03 1.57539E-04 
1.01319E-01 6.08865E-03 1.91452E-04 
9.52802E-02 4.46630E-03 2.38043E-04 
8.93133E-02 3.25796E-03 3.03637E-04 
8.34894E-02 2.37440E-03 3.98366E-04 
7.79533E-02 1.74622E-03 5.39672E-04 
7.26496E-02 1.29923E-03 7.55858E-04 
6.75699E-02 9.83744E-04 1.09691E-03 
6.27342E-02 7.61418E-04 1.65326E-03 
5.81574E-02 6.03549E-04 2.59235E-03 
5.38584E-02 4.89482E-04 4.23043E-03 
4.98857E-02 4.05135E-04 7.16321E-03 
4.63869E-02 3.41811E-04 1.24506E-02 
4.37941E-02 2.95881E-04 2.16262E-02 
4.30119E-02 2.68184E-04 3.55919E-02 
4.45452E-02 2.57265E-04 5.15535E-02 
4.64016E-02 2.48657E-04 6.27019E-02 
4.59223E-02 2.28474E-04 6.55394E-02 
1.29646E-01 4.09912E-02 5.99573E-05 
1.25875E-01 3.37132E-02 6.55591E-05 
1.21527E-01 2.73466E-02 7.22360E-05 
1.17115E-01 2.18868E-02 8.03070E-05 
1.12283E-01 1.72508E-02 9.01204E-05 
1.07151E-01 1.34002E-02 1.02297E-04 
1.01810E-01 1.02658E-02 1.17685E-04 
9.75881E-02 8.27965E-03 1.32542E-04 
9.63471E-02 7.76479E-03 1.37491E-04 
9.04186E-02 5.67494E-03 1.65841E-04 
8.45376E-02 4.10415E-03 2.04701E-04 
7.87921E-02 2.94748E-03 2.59281E-04 
7.32576E-02 2.11225E-03 3.37971E-04 
6.80628E-02 1.52528E-03 4.55187E-04 
6.31367E-02 1.11360E-03 6.34127E-04 
5.84629E-02 8.27422E-04 9.15717E-04 
5.40509E-02 6.29135E-04 1.37380E-03 
4.99057E-02 4.90950E-04 2.14484E-03 
4.60366E-02 3.93081E-04 3.48571E-03 
4.24780E-02 3.22099E-04 5.87868E-03 
3.93502E-02 2.69718E-04 1.01781E-02 
3.70123E-02 2.32164E-04 1.76105E-02 
3.62170E-02 2.09522E-04 2.88718E-02 
3.73703E-02 2.00297E-04 4.16597E-02 
3.87844E-02 1.93037E-04 5.04747E-02 
3.82413E-02 1.76928E-04 5.25571E-02 
1.20234E-01 4.10397E-02 5.47936E-05 
1.16202E-01 3.35347E-02 5.95412E-05 
1.11666E-01 2.70025E-02 6.51680E-05 
1.07046E-01 2.14388E-02 7.19449E-05 
1.02072E-01 1.67514E-02 8.01571E-05 
9.68264E-02 1.28850E-02 9.02842E-05 
9.14373E-02 9.76697E-03 1.03048E-04 
8.72309E-02 7.80898E-03 1.15357E-04 
8.60003E-02 7.30385E-03 1.19452E-04 
8.01785E-02 5.26767E-03 1.42893E-04 
7.44810E-02 3.75524E-03 1.74973E-04 
6.89880E-02 2.65515E-03 2.19959E-04 
6.37630E-02 1.87074E-03 2.84704E-04 
5.89224E-02 1.32605E-03 3.81028E-04 
5.43834E-02 9.49476E-04 5.27774E-04 
5.01210E-02 6.91627E-04 7.58158E-04 
4.61339E-02 5.15963E-04 1.13195E-03 
4.24171E-02 3.95816E-04 1.75931E-03 
3.89704E-02 3.12423E-04 2.84700E-03 
3.58171E-02 2.53178E-04 4.78176E-03 
3.30519E-02 2.10249E-04 8.24574E-03 
3.09699E-02 1.79872E-04 1.42111E-02 
3.01901E-02 1.61593E-04 2.32073E-02 
3.10349E-02 1.53940E-04 3.33554E-02 
3.20882E-02 1.47955E-04 4.02557E-02 
3.15190E-02 1.35312E-04 4.17530E-02 
1.11293E-01 4.09888E-02 5.00265E-05 
1.07037E-01 3.32724E-02 5.40107E-05 
1.02339E-01 2.65920E-02 5.87022E-05 
9.75387E-02 2.09381E-02 6.43236E-05 
9.24472E-02 1.62130E-02 7.11094E-05 
8.71241E-02 1.23460E-02 7.94298E-05 
8.17146E-02 9.25617E-03 8.98846E-05 
7.75410E-02 7.33404E-03 9.99527E-05 
7.63284E-02 6.84094E-03 1.03301E-04 
7.06352E-02 4.86693E-03 1.22448E-04 
6.51394E-02 3.41890E-03 1.48619E-04 
5.99212E-02 2.37949E-03 1.85296E-04 
5.50286E-02 1.64818E-03 2.38030E-04 
5.05535E-02 1.14658E-03 3.16401E-04 
4.64043E-02 8.04690E-04 4.35553E-04 
4.25515E-02 5.74127E-04 6.22173E-04 
3.89826E-02 4.19660E-04 9.24185E-04 
3.56838E-02 3.15979E-04 1.42962E-03 
3.26464E-02 2.45490E-04 2.30321E-03 
2.98830E-02 1.96471E-04 3.85207E-03 
2.74666E-02 1.61652E-04 6.61529E-03 
2.56359E-02 1.37376E-04 1.13550E-02 
2.48941E-02 1.22827E-04 1.84688E-02 
2.54926E-02 1.16607E-04 2.64389E-02 
2.62566E-02 1.11799E-04 3.17810E-02 
2.56909E-02 1.02072E-04 3.28317E-02 
1.02853E-01 4.08432E-02 4.56431E-05 
9.84114E-02 3.29316E-02 4.89484E-05 
9.35636E-02 2.61165E-02 5.28037E-05 
8.86119E-02 2.03862E-02 5.73984E-05 
8.34190E-02 1.56358E-02 6.29160E-05 
7.80633E-02 1.17842E-02 6.96605E-05 
7.26676E-02 8.73519E-03 7.81006E-05 
6.85424E-02 6.85618E-03 8.62135E-05 
6.73511E-02 6.37696E-03 8.89096E-05 
6.18146E-02 4.47344E-03 1.04340E-04 
5.65531E-02 3.09594E-03 1.25438E-04 
5.16281E-02 2.12051E-03 1.54994E-04 
4.70691E-02 1.44340E-03 1.97432E-04 
4.29556E-02 9.85000E-04 2.60453E-04 
3.91946E-02 6.77211E-04 3.56132E-04 
3.57446E-02 4.72801E-04 5.05669E-04 
3.25830E-02 3.38139E-04 7.47052E-04 
2.96872E-02 2.49441E-04 1.14989E-03 
2.70416E-02 1.90404E-04 1.84402E-03 
2.46482E-02 1.50249E-04 3.07053E-03 
2.25626E-02 1.22339E-04 5.25084E-03 
2.09742E-02 1.03206E-04 8.97536E-03 
2.02867E-02 9.18150E-05 1.45383E-02 
2.06930E-02 8.68802E-05 2.07269E-02 
2.12292E-02 8.31363E-05 2.48130E-02 
2.06891E-02 7.58362E-05 2.55283E-02 
9.49056E-02 4.06054E-02 4.16141E-05 
9.02889E-02 3.25067E-02 4.43061E-05 
8.53286E-02 2.55767E-02 4.74251E-05 
8.02543E-02 1.97843E-02 5.11113E-05 
7.49964E-02 1.50244E-02 5.55177E-05 
6.96278E-02 1.12002E-02 6.08772E-05 
6.42777E-02 8.20415E-03 6.75676E-05 
6.02281E-02 6.37644E-03 7.39948E-05 
5.90657E-02 5.91315E-03 7.61309E-05 
5.37035E-02 4.08707E-03 8.83530E-05 
4.86946E-02 2.78507E-03 1.05103E-04 
4.40722E-02 1.87625E-03 1.28570E-04 
3.98588E-02 1.25463E-03 1.62270E-04 
3.61120E-02 8.39588E-04 2.12310E-04 
3.27327E-02 5.65099E-04 2.88167E-04 
2.96738E-02 3.85633E-04 4.06499E-04 
2.69038E-02 2.69405E-04 5.97057E-04 
2.43919E-02 1.94296E-04 9.14186E-04 
2.21160E-02 1.45374E-04 1.45895E-03 
2.00703E-02 1.12880E-04 2.41819E-03 
1.82942E-02 9.08220E-05 4.11707E-03 
1.69360E-02 7.59949E-05 7.00715E-03 
1.63141E-02 6.72570E-05 1.13019E-02 
1.65733E-02 6.34583E-05 1.60445E-02 
1.69335E-02 6.06606E-05 1.91261E-02 
1.64350E-02 5.53641E-05 1.95946E-02 
8.75037E-02 4.02752E-02 3.79452E-05 
8.27387E-02 3.20055E-02 4.00957E-05 
7.76941E-02 2.49788E-02 4.25711E-05 
7.25333E-02 1.91416E-02 4.54677E-05 
6.72298E-02 1.43843E-02 4.89033E-05 
6.18872E-02 1.06027E-02 5.30771E-05 
5.66084E-02 7.66993E-03 5.82696E-05 
5.26540E-02 5.90017E-03 6.32614E-05 
5.15267E-02 5.45460E-03 6.49229E-05 
4.63686E-02 3.71283E-03 7.44428E-05 
4.16191E-02 2.48929E-03 8.75209E-05 
3.73070E-02 1.64858E-03 1.05887E-04 
3.34409E-02 1.08256E-03 1.32296E-04 
3.00549E-02 7.10094E-04 1.71538E-04 
2.70478E-02 4.67646E-04 2.30985E-04 
2.43638E-02 3.11639E-04 3.23560E-04 
2.19627E-02 2.12306E-04 4.72302E-04 
1.98082E-02 1.49339E-04 7.19145E-04 
1.78734E-02 1.09225E-04 1.14186E-03 
1.61462E-02 8.32411E-05 1.88357E-03 
1.46532E-02 6.60582E-05 3.19224E-03 
1.35076E-02 5.47719E-05 5.40901E-03 
1.29571E-02 4.82217E-05 8.68600E-03 
1.31083E-02 4.54049E-05 1.22771E-02 
1.33368E-02 4.34299E-05 1.45711E-02 
1.28896E-02 3.97533E-05 1.48635E-02 
8.05377E-02 3.98524E-02 3.45647E-05 
7.56569E-02 3.14273E-02 3.62355E-05 
7.05420E-02 2.43171E-02 3.81377E-05 
6.53369E-02 1.84542E-02 4.03471E-05 
6.00223E-02 1.37150E-02 4.29395E-05 
5.47274E-02 9.98729E-03 4.60823E-05 
4.95566E-02 7.13023E-03 4.99958E-05 
4.57129E-02 5.42454E-03 5.37579E-05 
4.46242E-02 4.99816E-03 5.50133E-05 
3.96985E-02 3.34739E-03 6.22503E-05 
3.52271E-02 2.20597E-03 7.22370E-05 
3.12301E-02 1.43465E-03 8.63114E-05 
2.77107E-02 9.24247E-04 1.06617E-04 
2.46848E-02 5.93824E-04 1.36882E-04 
2.20390E-02 3.82261E-04 1.82713E-04 
1.97118E-02 2.48341E-04 2.53976E-04 
1.76575E-02 1.64564E-04 3.68221E-04 
1.58356E-02 1.12506E-04 5.57298E-04 
1.42151E-02 8.01061E-05 8.80033E-04 
1.27800E-02 5.96898E-05 1.44438E-03 
1.15451E-02 4.65859E-05 2.43612E-03 
1.05953E-02 3.82229E-05 4.10854E-03 
1.01191E-02 3.34819E-05 6.56725E-03 
1.01924E-02 3.15141E-05 9.23982E-03 
1.03245E-02 3.02562E-05 1.09163E-02 
9.93383E-03 2.78899E-05 1.10844E-02 
7.40453E-02 3.93417E-02 3.14760E-05 
6.90871E-02 3.07822E-02 3.27294E-05 
6.39239E-02 2.36040E-02 3.41305E-05 
5.87051E-02 1.77319E-02 3.57461E-05 
5.34129E-02 1.30257E-02 3.76169E-05 
4.81929E-02 9.36389E-03 3.98819E-05 
4.31569E-02 6.59233E-03 4.27173E-05 
3.94502E-02 4.95713E-03 4.54579E-05 
3.84070E-02 4.55143E-03 4.63768E-05 
3.37227E-02 2.99524E-03 5.17042E-05 
2.95429E-02 1.93810E-03 5.91385E-05 
2.58749E-02 1.23679E-03 6.97082E-05 
2.26999E-02 7.80983E-04 8.50319E-05 
2.00152E-02 4.90831E-04 1.07947E-04 
1.77095E-02 3.08386E-04 1.42677E-04 
1.57151E-02 1.94909E-04 1.96638E-04 
1.39806E-02 1.25224E-04 2.82983E-04 
1.24620E-02 8.28155E-05 4.25512E-04 
1.11254E-02 5.70710E-05 6.67989E-04 
9.95177E-03 4.13381E-05 1.09049E-03 
8.94712E-03 3.15923E-05 1.82988E-03 
8.17301E-03 2.56008E-05 3.07088E-03 
7.77001E-03 2.23302E-05 4.88474E-03 
7.79029E-03 2.10834E-05 6.83933E-03 
7.85442E-03 2.04364E-05 8.04129E-03 
7.52170E-03 1.91131E-05 8.12582E-03 
6.79915E-02 3.87386E-02 2.86500E-05 
6.29903E-02 3.00687E-02 2.95410E-05 
5.78131E-02 2.28430E-02 3.05114E-05 
5.26071E-02 1.69778E-02 3.16153E-05 
4.73724E-02 1.23207E-02 3.28755E-05 
4.22543E-02 8.73640E-03 3.44002E-05 
3.73771E-02 6.05928E-03 3.63356E-05 
3.38258E-02 4.49983E-03 3.82316E-05 
3.28327E-02 4.11598E-03 3.88733E-05 
2.84106E-02 2.65826E-03 4.26377E-05 
2.45325E-02 1.68656E-03 4.79924E-05 
2.11922E-02 1.05456E-03 5.57153E-05 
1.83543E-02 6.51818E-04 6.70113E-05 
1.59983E-02 4.00076E-04 8.40091E-05 
1.40133E-02 2.44856E-04 1.09828E-04 
1.23268E-02 1.50110E-04 1.49939E-04 
1.08836E-02 9.30555E-05 2.14025E-04 
9.63749E-03 5.90982E-05 3.19537E-04 
8.55359E-03 3.90456E-05 4.98478E-04 
7.60996E-03 2.72144E-05 8.09006E-04 
6.80726E-03 2.02084E-05 1.35012E-03 
6.18799E-03 1.61215E-05 2.25376E-03 
5.85441E-03 1.40350E-05 3.56628E-03 
5.84068E-03 1.33952E-05 4.96737E-03 
5.85906E-03 1.32651E-05 5.81014E-03 
5.58249E-03 1.27636E-05 5.84097E-03 
6.23527E-02 3.80429E-02 2.60645E-05 
5.73456E-02 2.92906E-02 2.66451E-05 
5.21833E-02 2.20380E-02 2.72456E-05 
4.70191E-02 1.61972E-02 2.79142E-05 
4.18742E-02 1.16051E-02 2.86628E-05 
3.68866E-02 8.10998E-03 2.95726E-05 
3.21892E-02 5.53512E-03 3.07655E-05 
2.88103E-02 4.05604E-03 3.19747E-05 
2.78707E-02 3.69486E-03 3.23907E-05 
2.37287E-02 2.33849E-03 3.48968E-05 
2.01588E-02 1.45238E-03 3.85845E-05 
1.71443E-02 8.88254E-04 4.40372E-05 
1.46334E-02 5.36399E-04 5.21334E-05 
1.25903E-02 3.20833E-04 6.44447E-05 
1.09031E-02 1.90707E-04 8.32195E-05 
9.49734E-03 1.12873E-04 1.12413E-04 
8.31538E-03 6.69876E-05 1.59007E-04 
7.31020E-03 4.03424E-05 2.35530E-04 
6.44699E-03 2.50991E-05 3.64876E-04 
5.70268E-03 1.64895E-05 5.88393E-04 
5.07385E-03 1.16955E-05 9.76071E-04 
4.58836E-03 9.12407E-06 1.61993E-03 
4.31838E-03 7.98291E-06 2.54867E-03 
4.28475E-03 7.85117E-06 3.52971E-03 
4.27405E-03 8.15640E-06 4.10509E-03 
4.04950E-03 8.29694E-06 4.10355E-03 
5.71024E-02 3.72543E-02 2.36982E-05 
5.21165E-02 2.84457E-02 2.40115E-05 
4.70045E-02 2.11924E-02 2.43003E-05 
4.19110E-02 1.53944E-02 2.46024E-05 
3.68851E-02 1.08830E-02 2.49268E-05 
3.20560E-02 7.48889E-03 2.53337E-05 
2.75609E-02 5.02396E-03 2.59260E-05 
2.43678E-02 3.62879E-03 2.65851E-05 
2.34859E-02 3.29111E-03 2.68221E-05 
1.96364E-02 2.03763E-03 2.83323E-05 
1.63792E-02 1.23640E-03 3.07109E-05 
1.36853E-02 7.37987E-04 3.43873E-05 
1.14912E-02 4.34442E-04 3.99980E-05 
9.74144E-03 2.52381E-04 4.86630E-05 
8.32751E-03 1.45028E-04 6.19693E-05 
7.17380E-03 8.22269E-05 8.27069E-05 
6.22212E-03 4.60736E-05 1.15785E-04 
5.42622E-03 2.56672E-05 1.69984E-04 
4.75217E-03 1.44367E-05 2.61262E-04 
4.17736E-03 8.45739E-06 4.18293E-04 
3.69525E-03 5.43129E-06 6.89218E-04 
3.32290E-03 4.05448E-06 1.13636E-03 
3.10927E-03 3.66293E-06 1.77626E-03 
3.06565E-03 3.95555E-06 2.44396E-03 
3.03784E-03 4.62720E-06 2.82388E-03 
2.85963E-03 5.26650E-06 2.80469E-03 
5.22072E-02 3.63656E-02 2.15288E-05 
4.72717E-02 2.75313E-02 2.16145E-05 
4.22463E-02 2.03076E-02 2.16450E-05 
3.72559E-02 1.45741E-02 2.16445E-05 
3.23737E-02 1.01586E-02 2.16212E-05 
2.77301E-02 6.87743E-03 2.16254E-05 
2.34569E-02 4.52925E-03 2.17411E-05 
2.04612E-02 3.22095E-03 2.19697E-05 
1.96407E-02 2.90741E-03 2.20682E-05 
1.60936E-02 1.75748E-03 2.28106E-05 
1.31508E-02 1.03950E-03 2.41868E-05 
1.07698E-02 6.03927E-04 2.65086E-05 
8.87478E-03 3.45406E-04 3.02219E-05 
7.39711E-03 1.93937E-04 3.61103E-05 
6.23134E-03 1.06950E-04 4.52608E-05 
5.30130E-03 5.73078E-05 5.95847E-05 
4.54960E-03 2.94936E-05 8.24335E-05 
3.93212E-03 1.43239E-05 1.19778E-04 
3.41683E-03 6.39194E-06 1.82401E-04 
2.98300E-03 2.53228E-06 2.89609E-04 
2.62188E-03 9.03371E-07 4.73397E-04 
2.34289E-03 4.59872E-07 7.74462E-04 
2.17749E-03 6.59837E-07 1.20115E-03 
2.13035E-03 1.30746E-06 1.63968E-03 
2.09358E-03 2.28865E-06 1.87966E-03 
1.95507E-03 3.31411E-06 1.85247E-03 
4.76092E-02 3.53566E-02 1.95251E-05 
4.27638E-02 2.65400E-02 1.94226E-05 
3.78564E-02 1.93781E-02 1.92403E-05 
3.30031E-02 1.37346E-02 1.89944E-05 
2.82933E-02 9.43307E-03 1.86930E-05 
2.38607E-02 6.27724E-03 1.83813E-05 
1.98285E-02 4.05276E-03 1.81284E-05 
1.70408E-02 2.83387E-03 1.80289E-05 
1.62838E-02 2.54482E-03 1.80226E-05 
1.30466E-02 1.49849E-03 1.81889E-05 
1.04177E-02 8.61602E-04 1.88207E-05 
8.33954E-03 4.85567E-04 2.01365E-05 
6.72722E-03 2.68642E-04 2.24441E-05 
5.50028E-03 1.44721E-04 2.62723E-05 
4.55559E-03 7.56121E-05 3.23290E-05 
3.81998E-03 3.72756E-05 4.18792E-05 
3.23860E-03 1.64858E-05 5.71293E-05 
2.77033E-03 5.64397E-06 8.19863E-05 
2.38577E-03 3.88058E-07 1.23442E-04 
2.06664E-03 -1.78299E-06 1.93984E-04 
1.80311E-03 -2.31614E-06 3.13918E-04 
1.59932E-03 -2.03395E-06 5.08456E-04 
1.47384E-03 -1.36659E-06 7.80627E-04 
1.42693E-03 -4.19283E-07 1.05460E-03 
1.38631E-03 8.26373E-07 1.19637E-03 
1.28060E-03 2.15150E-06 1.16705E-03 
4.32878E-02 3.42077E-02 1.76740E-05 
3.85759E-02 2.54648E-02 1.74216E-05 
3.38197E-02 1.84031E-02 1.70692E-05 
2.91391E-02 1.28803E-02 1.66319E-05 
2.46295E-02 8.71205E-03 1.61161E-05 
2.04314E-02 5.69411E-03 1.55668E-05 
1.66583E-02 3.59984E-03 1.50425E-05 
1.40856E-02 2.47189E-03 1.47044E-05 
1.33934E-02 2.20737E-03 1.46224E-05 
1.04696E-02 1.26335E-03 1.43793E-05 
8.14731E-03 7.03997E-04 1.44825E-05 
6.35765E-03 3.83335E-04 1.50853E-05 
5.00593E-03 2.03937E-04 1.63894E-05 
4.00401E-03 1.04196E-04 1.87393E-05 
3.25312E-03 5.04193E-05 2.25747E-05 
2.68289E-03 2.15432E-05 2.86894E-05 
2.24258E-03 6.50454E-06 3.84693E-05 
1.89525E-03 -8.58634E-07 5.43492E-05 
1.61494E-03 -3.99697E-06 8.06374E-05 
1.38586E-03 -4.85200E-06 1.24971E-04 
1.19831E-03 -4.54065E-06 1.99458E-04 
1.05290E-03 -3.70108E-06 3.18548E-04 
9.58973E-04 -2.66630E-06 4.81936E-04 
9.14014E-04 -1.46556E-06 6.41144E-04 
8.72294E-04 6.13284E-09 7.15969E-04 
7.92523E-04 1.56287E-06 6.87849E-04 
3.91679E-02 3.28757E-02 1.59399E-05 
3.46358E-02 2.42773E-02 1.55725E-05 
3.00714E-02 1.73666E-02 1.50899E-05 
2.56034E-02 1.20027E-02 1.45105E-05 
2.13262E-02 7.99235E-03 1.38378E-05 
1.73858E-02 5.12668E-03 1.31180E-05 
1.38897E-02 3.17000E-03 1.24052E-05 
1.15398E-02 2.13482E-03 1.19041E-05 
1.09136E-02 1.89490E-03 1.17711E-05 
8.30298E-03 1.05140E-03 1.12530E-05 
6.27929E-03 5.65865E-04 1.10026E-05 
4.76208E-03 2.96222E-04 1.11242E-05 
3.64903E-03 1.50293E-04 1.17427E-05 
2.84657E-03 7.14414E-05 1.30678E-05 
2.26191E-03 3.05274E-05 1.53489E-05 
1.82934E-03 9.39059E-06 1.90496E-05 
1.50333E-03 -1.03799E-06 2.49799E-05 
1.25172E-03 -5.65979E-06 3.45457E-05 
1.05255E-03 -7.15059E-06 5.01971E-05 
8.92155E-04 -6.99373E-06 7.61728E-05 
7.62136E-04 -6.03687E-06 1.18964E-04 
6.60671E-04 -4.77071E-06 1.85671E-04 
5.90714E-04 -3.44586E-06 2.73982E-04 
5.48033E-04 -2.02915E-06 3.54728E-04 
5.06469E-04 -3.63088E-07 3.84938E-04 
4.46412E-04 1.37201E-06 3.59502E-04 
3.51847E-02 3.13047E-02 1.42933E-05 
3.08800E-02 2.29384E-02 1.38424E-05 
2.65575E-02 1.62472E-02 1.32692E-05 
2.23445E-02 1.10900E-02 1.25926E-05 
1.83376E-02 7.26944E-03 1.18164E-05 
1.46819E-02 4.57408E-03 1.09874E-05 
1.14813E-02 2.76374E-03 1.01585E-05 
9.36076E-03 1.82319E-03 9.55846E-06 
8.80132E-03 1.60786E-03 9.39465E-06 
6.50213E-03 8.62772E-04 8.71293E-06 
4.76598E-03 4.46825E-04 8.24898E-06 
3.50221E-03 2.23514E-04 8.07089E-06 
2.60365E-03 1.06870E-04 8.24821E-06 
1.97450E-03 4.56545E-05 8.89549E-06 
1.52920E-03 1.52574E-05 1.01310E-05 
1.20817E-03 2.73063E-07 1.21923E-05 
9.71876E-04 -6.57270E-06 1.54948E-05 
7.93424E-04 -9.09740E-06 2.07450E-05 
6.54967E-04 -9.34168E-06 2.91323E-05 
5.45262E-04 -8.42439E-06 4.26068E-05 
4.57181E-04 -6.98463E-06 6.38838E-05 
3.87523E-04 -5.39813E-06 9.51901E-05 
3.34898E-04 -3.84759E-06 1.33062E-04 
2.94074E-04 -2.24990E-06 1.61611E-04 
2.52990E-04 -4.20899E-07 1.62981E-04 
2.07314E-04 1.44620E-06 1.40674E-04 
3.12519E-02 2.94088E-02 1.26971E-05 
2.72297E-02 2.13884E-02 1.21927E-05 
2.32094E-02 1.50093E-02 1.15682E-05 
1.93016E-02 1.01215E-02 1.08371E-05 
1.56095E-02 6.53303E-03 1.00079E-05 
1.22715E-02 4.03205E-03 9.12610E-06 
9.38756E-03 2.37952E-03 8.24502E-06 
7.50424E-03 1.53640E-03 7.60107E-06 
7.01251E-03 1.34578E-03 7.42370E-06 
5.02108E-03 6.96877E-04 6.66801E-06 
3.55905E-03 3.46046E-04 6.09987E-06 
2.52791E-03 1.64251E-04 5.76003E-06 
1.81845E-03 7.27320E-05 5.67806E-06 
1.33628E-03 2.60447E-05 5.90309E-06 
1.00453E-03 3.99124E-06 6.46587E-06 
7.70953E-04 -6.26383E-06 7.45341E-06 
6.02616E-04 -1.04227E-05 9.02066E-06 
4.78023E-04 -1.14025E-05 1.14132E-05 
3.83259E-04 -1.07403E-05 1.49906E-05 
3.09469E-04 -9.27631E-06 2.02079E-05 
2.50731E-04 -7.49371E-06 2.73199E-05 
2.03194E-04 -5.68086E-06 3.54421E-05 
1.62511E-04 -3.96612E-06 4.04938E-05 
1.22953E-04 -2.22802E-06 3.54860E-05 
8.23248E-05 -2.75571E-07 1.89445E-05 
4.68725E-05 1.67524E-06 -2.43361E-07 
2.72748E-02 2.70785E-02 1.11101E-05 
2.36007E-02 1.95534E-02 1.05828E-05 
1.99451E-02 1.36008E-02 9.94230E-06 
1.64032E-02 9.06579E-03 9.19896E-06 
1.30796E-02 5.76590E-03 8.36524E-06 
1.01000E-02 3.49209E-03 7.48385E-06 
7.55867E-03 2.01329E-03 6.60771E-06 
5.92304E-03 1.27217E-03 5.96771E-06 
5.50033E-03 1.10667E-03 5.79116E-06 
3.81387E-03 5.52413E-04 5.03443E-06 
2.61126E-03 2.62305E-04 4.44515E-06 
1.79067E-03 1.17280E-04 4.04439E-06 
1.24464E-03 4.69076E-05 3.83321E-06 
8.83929E-04 1.18960E-05 3.81722E-06 
6.41846E-04 -3.75395E-06 3.97184E-06 
4.74363E-04 -1.05158E-05 4.28851E-06 
3.55500E-04 -1.27525E-05 4.75822E-06 
2.68947E-04 -1.26609E-05 5.33691E-06 
2.04364E-04 -1.13924E-05 5.86532E-06 
1.55018E-04 -9.57982E-06 5.87150E-06 
1.16033E-04 -7.59292E-06 4.09497E-06 
8.33523E-05 -5.65459E-06 -2.20113E-06 
5.07251E-05 -3.85029E-06 -1.73282E-05 
1.22895E-05 -2.03245E-06 -4.25423E-05 
-2.75497E-05 -1.87569E-08 -6.92046E-05 
-5.56852E-05 1.95100E-06 -8.54230E-05 
2.31875E-02 2.42213E-02 9.50144E-06 
1.99245E-02 1.73638E-02 8.97777E-06 
1.66925E-02 1.19688E-02 8.35152E-06 
1.35805E-02 7.88812E-03 7.63476E-06 
1.06829E-02 4.94615E-03 6.84103E-06 
8.10906E-03 2.94203E-03 6.00956E-06 
5.94233E-03 1.65871E-03 5.19060E-06 
4.56802E-03 1.02660E-03 4.59633E-06 
4.21629E-03 8.87092E-04 4.43275E-06 
2.83400E-03 4.27251E-04 3.73385E-06 
1.87642E-03 1.93979E-04 3.18544E-06 
1.24404E-03 8.13101E-05 2.79413E-06 
8.36501E-04 2.84739E-05 2.54265E-06 
5.73664E-04 2.69083E-06 2.41014E-06 
4.00345E-04 -8.19974E-06 2.34183E-06 
2.81379E-04 -1.25061E-05 2.27592E-06 
1.97483E-04 -1.34775E-05 2.11175E-06 
1.37035E-04 -1.27429E-05 1.64546E-06 
9.27377E-05 -1.11646E-05 4.36366E-07 
5.96018E-05 -9.22337E-06 -2.48016E-06 
3.36596E-05 -7.20403E-06 -9.13936E-06 
1.08529E-05 -5.27883E-06 -2.31607E-05 
-1.58623E-05 -3.49989E-06 -4.87036E-05 
-5.21533E-05 -1.70927E-06 -8.36882E-05 
-8.97801E-05 2.53693E-07 -1.14232E-04 
-1.12219E-04 2.13696E-06 -1.27522E-04 
1.90318E-02 2.08608E-02 7.87785E-06 
1.62150E-02 1.48220E-02 7.37461E-06 
1.34485E-02 1.01090E-02 6.78541E-06 
1.08142E-02 6.58085E-03 6.12539E-06 
8.38796E-03 4.06567E-03 5.40704E-06 
6.26208E-03 2.37616E-03 4.66751E-06 
4.49787E-03 1.31144E-03 3.94877E-06 
3.39746E-03 7.96391E-04 3.43443E-06 
3.11861E-03 6.84002E-04 3.29368E-06 
2.03865E-03 3.19043E-04 2.69730E-06 
1.31121E-03 1.39223E-04 2.23325E-06 
8.45033E-04 5.49876E-05 1.89771E-06 
5.52798E-04 1.66140E-05 1.66477E-06 
3.67595E-04 -1.84924E-06 1.50264E-06 
2.46484E-04 -9.27018E-06 1.34841E-06 
1.63239E-04 -1.19466E-05 1.12392E-06 
1.04460E-04 -1.22188E-05 6.99674E-07 
6.23478E-05 -1.12665E-05 -1.74654E-07 
3.19846E-05 -9.72104E-06 -2.01120E-06 
9.77156E-06 -7.93952E-06 -5.87607E-06 
-7.40431E-06 -6.13531E-06 -1.38966E-05 
-2.32501E-05 -4.43660E-06 -2.96492E-05 
-4.43465E-05 -2.87144E-06 -5.66907E-05 
-7.56199E-05 -1.29414E-06 -9.16683E-05 
-1.07911E-04 4.22479E-07 -1.20027E-04 
-1.25034E-04 2.04421E-06 -1.30178E-04 
1.50306E-02 1.72473E-02 6.31425E-06 
1.26614E-02 1.21095E-02 5.84202E-06 
1.03665E-02 8.14764E-03 5.30453E-06 
8.21812E-03 5.22502E-03 4.71925E-06 
6.27344E-03 3.17401E-03 4.09865E-06 
4.60151E-03 1.82059E-03 3.47522E-06 
3.24125E-03 9.84078E-04 2.88278E-06 
2.40954E-03 5.87383E-04 2.46742E-06 
2.20118E-03 5.01845E-04 2.35492E-06 
1.40632E-03 2.28094E-04 1.88462E-06 
8.85021E-04 9.67769E-05 1.52568E-06 
5.59568E-04 3.68700E-05 1.26860E-06 
3.60013E-04 1.02242E-05 1.08765E-06 
2.35189E-04 -2.39181E-06 9.53309E-07 
1.54013E-04 -7.28805E-06 8.14436E-07 
9.81646E-05 -8.94097E-06 6.07326E-07 
5.87480E-05 -8.96880E-06 2.27963E-07 
3.06410E-05 -8.18002E-06 -5.22578E-07 
1.06027E-05 -7.00517E-06 -2.04502E-06 
-3.83924E-06 -5.68657E-06 -5.16306E-06 
-1.49009E-05 -4.36753E-06 -1.14955E-05 
-2.53399E-05 -3.13291E-06 -2.37172E-05 
-4.00691E-05 -1.99636E-06 -4.43599E-05 
-6.26255E-05 -8.49475E-07 -7.05952E-05 
-8.58270E-05 3.93927E-07 -9.13338E-05 
-9.74726E-05 1.55820E-06 -9.81487E-05 
---
