PdfType: replica
Format: lhagrid1
---
1.00000E-06 1.28121E-06 1.64152E-06 2.10317E-06 2.69463E-06 3.45242E-06 4.42329E-06 5.66715E-06 7.26076E-06 9.30241E-06 1.19180E-05 1.52689E-05 1.95617E-05 2.50609E-05 3.21053E-05 4.11287E-05 5.26863E-05 6.74889E-05 8.64459E-05 1.10720E-04 1.41800E-04 1.81585E-04 2.32503E-04 2.97652E-04 3.80981E-04 4.87518E-04 6.26039E-04 8.00452E-04 1.02297E-03 1.30657E-03 1.66759E-03 2.12729E-03 2.71054E-03 3.44865E-03 4.37927E-03 5.54908E-03 7.01192E-03 8.83064E-03 1.10763E-02 1.38266E-02 1.71641E-02 2.11717E-02 2.59364E-02 3.15062E-02 3.79623E-02 4.53425E-02 5.36750E-02 6.29705E-02 7.32221E-02 8.44039E-02 9.64793E-02 1.09332E-01 1.23067E-01 1.37507E-01 1.52639E-01 1.68416E-01 1.84794E-01 2.01731E-01 2.19016E-01 2.36948E-01 2.55242E-01 2.73927E-01 2.92954E-01 3.12340E-01 3.32036E-01 3.52019E-01 3.72282E-01 3.92772E-01 4.13533E-01 4.34326E-01 4.55495E-01 4.76836E-01 4.98342E-01 5.20006E-01 5.41818E-01 5.63773E-01 5.85861E-01 6.08077E-01 6.30459E-01 6.52800E-01 6.75387E-01 6.98063E-01 7.20830E-01 7.43683E-01 7.66623E-01 7.89636E-01 8.12791E-01 8.35940E-01 8.59175E-01 8.82485E-01 9.05866E-01 9.29311E-01 9.52817E-01 9.76387E-01 1.00000E+00 
1.14018E+00 1.22539E+00 1.32482E+00 1.44156E+00 1.57954E+00 1.74381E+00 1.94091E+00 2.12132E+00 2.17945E+00 2.49622E+00 2.89383E+00 3.39925E+00 4.05063E+00 4.90286E+00 6.03623E+00 7.57063E+00 9.68869E+00 1.26749E+01 1.69835E+01 2.33578E+01 3.30501E+01 4.82334E+01 7.28041E+01 1.13998E+02 1.85779E+02 3.16228E+02 
908 909 910 
8.05404E-01 4.64741E-02 5.13960E-01 
8.20940E-01 5.54701E-02 6.01842E-01 
8.55293E-01 7.18783E-02 7.12604E-01 
9.17472E-01 9.67082E-02 8.53324E-01 
1.00162E+00 1.26865E-01 1.03545E+00 
1.11163E+00 1.63129E-01 1.27791E+00 
1.25192E+00 2.06319E-01 1.60237E+00 
1.38370E+00 2.44920E-01 1.92992E+00 
1.42676E+00 2.57189E-01 2.04399E+00 
1.66053E+00 3.21620E-01 2.71300E+00 
1.94859E+00 3.97000E-01 3.68990E+00 
2.29976E+00 4.84077E-01 5.15034E+00 
2.72334E+00 5.84294E-01 7.38489E+00 
3.22922E+00 7.55235E-01 1.09338E+01 
3.83384E+00 8.95824E-01 1.67470E+01 
4.56572E+00 1.05277E+00 2.65493E+01 
5.44653E+00 1.22707E+00 4.37374E+01 
6.50046E+00 1.41910E+00 7.49973E+01 
7.75851E+00 1.62987E+00 1.33873E+02 
9.26644E+00 1.86208E+00 2.48399E+02 
1.11149E+01 2.12539E+00 4.74057E+02 
1.35513E+01 2.45480E+00 9.04278E+02 
1.72423E+01 2.94750E+00 1.63549E+03 
2.32222E+01 3.73238E+00 2.60866E+03 
3.14005E+01 4.72685E+00 3.49901E+03 
4.00911E+01 5.63203E+00 4.04261E+03 
1.50044E+00 8.60184E-02 8.48578E-01 
1.53037E+00 1.03155E-01 9.93110E-01 
1.59607E+00 1.34381E-01 1.17541E+00 
1.71444E+00 1.81633E-01 1.40851E+00 
1.87392E+00 2.38835E-01 1.71124E+00 
2.08136E+00 3.07377E-01 2.11026E+00 
2.34473E+00 3.88764E-01 2.64524E+00 
2.59200E+00 4.61426E-01 3.18713E+00 
2.67232E+00 4.84408E-01 3.37354E+00 
3.10904E+00 6.05208E-01 4.47933E+00 
3.64569E+00 7.46003E-01 6.09074E+00 
4.29823E+00 9.08354E-01 8.50184E+00 
5.08416E+00 1.09376E+00 1.22007E+01 
6.02235E+00 1.41123E+00 1.80520E+01 
7.14094E+00 1.66964E+00 2.76169E+01 
8.49277E+00 1.95771E+00 4.37902E+01 
1.01153E+01 2.27638E+00 7.21332E+01 
1.20530E+01 2.62650E+00 1.23732E+02 
1.43607E+01 3.00942E+00 2.21018E+02 
1.71196E+01 3.42970E+00 4.10138E+02 
2.04939E+01 3.90491E+00 7.82172E+02 
2.49375E+01 4.49910E+00 1.49247E+03 
3.16705E+01 5.38933E+00 2.70060E+03 
4.25697E+01 6.80775E+00 4.30661E+03 
5.74492E+01 8.60108E+00 5.77667E+03 
7.32059E+01 1.02234E+01 6.67361E+03 
1.42449E+00 8.09805E-02 6.95200E-01 
1.45427E+00 9.77707E-02 8.13396E-01 
1.51903E+00 1.28319E-01 9.62982E-01 
1.63424E+00 1.74273E-01 1.15379E+00 
1.78869E+00 2.29755E-01 1.40195E+00 
1.98859E+00 2.96026E-01 1.72867E+00 
2.24114E+00 3.74424E-01 2.16660E+00 
2.47763E+00 4.44223E-01 2.61078E+00 
2.55418E+00 4.66226E-01 2.76251E+00 
2.97003E+00 5.81739E-01 3.66836E+00 
3.47925E+00 7.15793E-01 4.98709E+00 
4.09651E+00 8.69758E-01 6.96111E+00 
4.83807E+00 1.04473E+00 9.99425E+00 
5.72393E+00 1.34425E+00 1.47855E+01 
6.77712E+00 1.58573E+00 2.26090E+01 
8.04604E+00 1.85383E+00 3.58457E+01 
9.56445E+00 2.14914E+00 5.90507E+01 
1.13723E+01 2.47221E+00 1.01277E+02 
1.35193E+01 2.82406E+00 1.80936E+02 
1.60791E+01 3.20865E+00 3.35751E+02 
1.92024E+01 3.64209E+00 6.40215E+02 
2.33089E+01 4.18340E+00 1.22140E+03 
2.95310E+01 4.99607E+00 2.21040E+03 
3.95971E+01 6.29195E+00 3.52462E+03 
5.33066E+01 7.92553E+00 4.72754E+03 
6.77611E+01 9.39208E+00 5.46131E+03 
1.34624E+00 7.58412E-02 5.66685E-01 
1.37584E+00 9.22725E-02 6.62946E-01 
1.43933E+00 1.22011E-01 7.84812E-01 
1.55113E+00 1.66543E-01 9.40253E-01 
1.69992E+00 2.20114E-01 1.14205E+00 
1.89170E+00 2.83923E-01 1.40860E+00 
2.13279E+00 3.59102E-01 1.76511E+00 
2.35785E+00 4.25824E-01 2.12721E+00 
2.43060E+00 4.46828E-01 2.25102E+00 
2.82453E+00 5.56713E-01 2.98810E+00 
3.30539E+00 6.83718E-01 4.06269E+00 
3.88620E+00 8.28916E-01 5.66883E+00 
4.58181E+00 9.93139E-01 8.13657E+00 
5.41419E+00 1.27429E+00 1.20408E+01 
6.40110E+00 1.49872E+00 1.84172E+01 
7.58573E+00 1.74671E+00 2.91894E+01 
8.99911E+00 2.01873E+00 4.80887E+01 
1.06765E+01 2.31499E+00 8.24554E+01 
1.26630E+01 2.63624E+00 1.47299E+02 
1.50249E+01 2.98594E+00 2.73305E+02 
1.79003E+01 3.37879E+00 5.21231E+02 
2.16747E+01 3.86888E+00 9.94165E+02 
2.73919E+01 4.60606E+00 1.79890E+03 
3.66375E+01 5.78289E+00 2.86839E+03 
4.91998E+01 7.26197E+00 3.84724E+03 
6.23856E+01 8.57951E+00 4.44436E+03 
1.27228E+00 7.09815E-02 4.61689E-01 
1.30183E+00 8.71187E-02 5.40142E-01 
1.36401E+00 1.16049E-01 6.39117E-01 
1.47253E+00 1.59238E-01 7.65896E-01 
1.61600E+00 2.11005E-01 9.30315E-01 
1.79979E+00 2.72402E-01 1.14689E+00 
2.02993E+00 3.44494E-01 1.43707E+00 
2.24407E+00 4.08262E-01 1.73213E+00 
2.31309E+00 4.28284E-01 1.83263E+00 
2.68627E+00 5.32801E-01 2.43308E+00 
3.13999E+00 6.53014E-01 3.30714E+00 
3.68638E+00 7.89863E-01 4.61495E+00 
4.33867E+00 9.43947E-01 6.62279E+00 
5.11984E+00 1.20768E+00 9.79573E+00 
6.04385E+00 1.41585E+00 1.49859E+01 
7.14921E+00 1.64497E+00 2.37520E+01 
8.46353E+00 1.89517E+00 3.91183E+01 
1.00190E+01 2.16646E+00 6.70915E+01 
1.18552E+01 2.45930E+00 1.19830E+02 
1.40326E+01 2.77671E+00 2.22343E+02 
1.66768E+01 3.13207E+00 4.23939E+02 
2.01438E+01 3.57516E+00 8.08822E+02 
2.53933E+01 4.24297E+00 1.46337E+03 
3.38778E+01 5.31026E+00 2.33316E+03 
4.53790E+01 6.64766E+00 3.12930E+03 
5.73968E+01 7.82952E+00 3.61511E+03 
1.20238E+00 6.63838E-02 3.75755E-01 
1.23196E+00 8.22648E-02 4.39700E-01 
1.29289E+00 1.10434E-01 5.20195E-01 
1.39813E+00 1.52313E-01 6.23163E-01 
1.53652E+00 2.02358E-01 7.57103E-01 
1.71278E+00 2.61475E-01 9.33439E-01 
1.93234E+00 3.30579E-01 1.16927E+00 
2.13590E+00 3.91483E-01 1.40908E+00 
2.20142E+00 4.10574E-01 1.49089E+00 
2.55469E+00 5.09913E-01 1.97917E+00 
2.98272E+00 6.23656E-01 2.69032E+00 
3.49631E+00 7.52498E-01 3.75334E+00 
4.10770E+00 8.96954E-01 5.38762E+00 
4.84049E+00 1.14390E+00 7.96807E+00 
5.70471E+00 1.33692E+00 1.21842E+01 
6.73545E+00 1.54841E+00 1.93179E+01 
7.95676E+00 1.77821E+00 3.18114E+01 
9.39766E+00 2.02623E+00 5.45545E+01 
1.10937E+01 2.29272E+00 9.74383E+01 
1.30992E+01 2.58031E+00 1.80808E+02 
1.55288E+01 2.90116E+00 3.44712E+02 
1.87095E+01 3.30090E+00 6.57575E+02 
2.35257E+01 3.90503E+00 1.18986E+03 
3.13062E+01 4.87180E+00 1.89714E+03 
4.18270E+01 6.07950E+00 2.54455E+03 
5.27695E+01 7.13784E+00 2.93972E+03 
1.13638E+00 6.20393E-02 3.05593E-01 
1.16579E+00 7.76213E-02 3.57538E-01 
1.22577E+00 1.05154E-01 4.23111E-01 
1.32789E+00 1.45789E-01 5.06729E-01 
1.46123E+00 1.94151E-01 6.15484E-01 
1.63018E+00 2.51058E-01 7.58783E-01 
1.83973E+00 3.17318E-01 9.50691E-01 
2.03315E+00 3.75468E-01 1.14538E+00 
2.09531E+00 3.93658E-01 1.21202E+00 
2.42962E+00 4.88037E-01 1.60888E+00 
2.83315E+00 5.95573E-01 2.18701E+00 
3.31562E+00 7.16747E-01 3.05071E+00 
3.88810E+00 8.51925E-01 4.37780E+00 
4.57522E+00 1.08320E+00 6.47688E+00 
5.38303E+00 1.26190E+00 9.90234E+00 
6.34312E+00 1.45675E+00 1.56974E+01 
7.47726E+00 1.66751E+00 2.58574E+01 
8.81078E+00 1.89387E+00 4.43299E+01 
1.03760E+01 2.13593E+00 7.92014E+01 
1.22212E+01 2.39596E+00 1.46927E+02 
1.44516E+01 2.68512E+00 2.80197E+02 
1.73673E+01 3.04514E+00 5.34506E+02 
2.17813E+01 3.59070E+00 9.67144E+02 
2.89102E+01 4.46523E+00 1.54211E+03 
3.85258E+01 5.55423E+00 2.06847E+03 
4.84796E+01 6.50039E+00 2.38999E+03 
1.07404E+00 5.79356E-02 2.48388E-01 
1.10332E+00 7.32458E-02 2.90516E-01 
1.16231E+00 1.00155E-01 3.43758E-01 
1.26152E+00 1.39630E-01 4.11796E-01 
1.39003E+00 1.86389E-01 5.00066E-01 
1.55197E+00 2.41174E-01 6.16453E-01 
1.75175E+00 3.04666E-01 7.72238E-01 
1.93556E+00 3.60179E-01 9.30575E-01 
1.99443E+00 3.77489E-01 9.84418E-01 
2.31054E+00 4.67077E-01 1.30658E+00 
2.69074E+00 5.68658E-01 1.77611E+00 
3.14379E+00 6.82561E-01 2.47790E+00 
3.67956E+00 8.08871E-01 3.55564E+00 
4.32322E+00 1.02533E+00 5.26071E+00 
5.07783E+00 1.19055E+00 8.04469E+00 
5.97140E+00 1.36981E+00 1.27504E+01 
7.02352E+00 1.56277E+00 2.10040E+01 
8.25671E+00 1.76899E+00 3.60140E+01 
9.69963E+00 1.98843E+00 6.43445E+01 
1.13959E+01 2.22308E+00 1.19384E+02 
1.34411E+01 2.48306E+00 2.27653E+02 
1.61112E+01 2.80667E+00 4.34339E+02 
2.01534E+01 3.29860E+00 7.85966E+02 
2.66790E+01 4.08848E+00 1.25330E+03 
3.54597E+01 5.06906E+00 1.68131E+03 
4.45053E+01 5.91346E+00 1.94298E+03 
1.01518E+00 5.40611E-02 2.01660E-01 
1.04449E+00 6.91747E-02 2.35903E-01 
1.10238E+00 9.54399E-02 2.79010E-01 
1.19879E+00 1.33811E-01 3.34319E-01 
1.32261E+00 1.79029E-01 4.05950E-01 
1.47780E+00 2.31779E-01 5.00549E-01 
1.66829E+00 2.92616E-01 6.27050E-01 
1.84278E+00 3.45571E-01 7.55412E-01 
1.89868E+00 3.62071E-01 7.99496E-01 
2.19747E+00 4.47077E-01 1.06099E+00 
2.55549E+00 5.42952E-01 1.44234E+00 
2.98053E+00 6.49892E-01 2.01199E+00 
3.48149E+00 7.67810E-01 2.88673E+00 
4.08396E+00 9.70113E-01 4.27117E+00 
4.78824E+00 1.12268E+00 6.53194E+00 
5.61928E+00 1.28735E+00 1.03547E+01 
6.59438E+00 1.46370E+00 1.70561E+01 
7.73369E+00 1.65121E+00 2.92523E+01 
9.06252E+00 1.84973E+00 5.22576E+01 
1.06203E+01 2.06100E+00 9.69873E+01 
1.24939E+01 2.29425E+00 1.84969E+02 
1.49364E+01 2.58447E+00 3.52895E+02 
1.86348E+01 3.02730E+00 6.38696E+02 
2.46029E+01 3.73970E+00 1.01863E+03 
3.26136E+01 4.62131E+00 1.36673E+03 
4.08251E+01 5.37342E+00 1.57974E+03 
9.59660E-01 5.04097E-02 1.63626E-01 
9.88893E-01 6.53118E-02 1.91434E-01 
1.04602E+00 9.10588E-02 2.26459E-01 
1.13951E+00 1.28332E-01 2.71276E-01 
1.25890E+00 1.72086E-01 3.29505E-01 
1.40745E+00 2.22841E-01 4.06081E-01 
1.58904E+00 2.81127E-01 5.08898E-01 
1.75463E+00 3.31629E-01 6.13020E-01 
1.80754E+00 3.47314E-01 6.48744E-01 
2.08985E+00 4.27919E-01 8.61112E-01 
2.42675E+00 5.18341E-01 1.17064E+00 
2.82532E+00 6.18668E-01 1.63318E+00 
3.29354E+00 7.28799E-01 2.34384E+00 
3.85686E+00 9.17627E-01 3.46687E+00 
4.51359E+00 1.05818E+00 5.30295E+00 
5.28572E+00 1.20916E+00 8.40688E+00 
6.18863E+00 1.37003E+00 1.38500E+01 
7.24011E+00 1.54018E+00 2.37544E+01 
8.46275E+00 1.71938E+00 4.24487E+01 
9.89162E+00 1.90912E+00 7.87769E+01 
1.16061E+01 2.11786E+00 1.50278E+02 
1.38385E+01 2.37763E+00 2.86796E+02 
1.72185E+01 2.77548E+00 5.19108E+02 
2.26719E+01 3.41702E+00 8.28045E+02 
2.99727E+01 4.20832E+00 1.11123E+03 
3.74191E+01 4.87694E+00 1.28477E+03 
9.07291E-01 4.69678E-02 1.32731E-01 
9.36381E-01 6.16530E-02 1.55244E-01 
9.92885E-01 8.69570E-02 1.83741E-01 
1.08354E+00 1.23176E-01 2.20024E-01 
1.19856E+00 1.65504E-01 2.67267E-01 
1.34088E+00 2.14376E-01 3.29517E-01 
1.51373E+00 2.70167E-01 4.12754E-01 
1.67088E+00 3.18314E-01 4.97390E-01 
1.72094E+00 3.33224E-01 5.26257E-01 
1.98741E+00 4.09572E-01 6.98459E-01 
2.30420E+00 4.94762E-01 9.49587E-01 
2.67765E+00 5.88743E-01 1.32515E+00 
3.11489E+00 6.91333E-01 1.90215E+00 
3.64136E+00 8.67442E-01 2.81447E+00 
4.25309E+00 9.96812E-01 4.30433E+00 
4.96988E+00 1.13504E+00 6.82619E+00 
5.80504E+00 1.28150E+00 1.12452E+01 
6.77449E+00 1.43555E+00 1.92932E+01 
7.89802E+00 1.59690E+00 3.44760E+01 
9.20745E+00 1.76690E+00 6.40057E+01 
1.07745E+01 1.95320E+00 1.22110E+02 
1.28123E+01 2.18512E+00 2.33090E+02 
1.58982E+01 2.54190E+00 4.22010E+02 
2.08768E+01 3.11870E+00 6.73337E+02 
2.75244E+01 3.82782E+00 9.03872E+02 
3.42694E+01 4.42097E+00 1.04535E+03 
8.57979E-01 4.37395E-02 1.07658E-01 
8.86910E-01 5.82306E-02 1.25875E-01 
9.42643E-01 8.30619E-02 1.49001E-01 
1.03076E+00 1.18341E-01 1.78486E-01 
1.14151E+00 1.59294E-01 2.16753E-01 
1.27768E+00 2.06320E-01 2.67223E-01 
1.44235E+00 2.59749E-01 3.34921E-01 
1.59126E+00 3.05600E-01 4.03466E-01 
1.63867E+00 3.19771E-01 4.27030E-01 
1.89012E+00 3.92073E-01 5.66875E-01 
2.18775E+00 4.72226E-01 7.70592E-01 
2.53736E+00 5.60121E-01 1.07547E+00 
2.94519E+00 6.55499E-01 1.54341E+00 
3.43676E+00 8.19696E-01 2.28452E+00 
4.00618E+00 9.38550E-01 3.49498E+00 
4.67079E+00 1.06481E+00 5.54229E+00 
5.44260E+00 1.19785E+00 9.13401E+00 
6.33538E+00 1.33700E+00 1.56722E+01 
7.36688E+00 1.48192E+00 2.80136E+01 
8.56523E+00 1.63378E+00 5.20171E+01 
9.99592E+00 1.79960E+00 9.92699E+01 
1.18540E+01 2.00613E+00 1.89537E+02 
1.46687E+01 2.32544E+00 3.43239E+02 
1.92087E+01 2.84311E+00 5.47806E+02 
2.52553E+01 3.47746E+00 7.35609E+02 
3.13579E+01 4.00252E+00 8.51070E+02 
8.11512E-01 4.07068E-02 8.72966E-02 
8.40478E-01 5.50910E-02 1.02119E-01 
8.95630E-01 7.95359E-02 1.20876E-01 
9.80948E-01 1.13812E-01 1.44739E-01 
1.08761E+00 1.53451E-01 1.75845E-01 
1.21788E+00 1.98703E-01 2.16795E-01 
1.37453E+00 2.49814E-01 2.71690E-01 
1.51565E+00 2.93474E-01 3.27381E-01 
1.56043E+00 3.06922E-01 3.46430E-01 
1.79750E+00 3.75301E-01 4.59958E-01 
2.07697E+00 4.50663E-01 6.25400E-01 
2.40400E+00 5.32822E-01 8.72894E-01 
2.78422E+00 6.21432E-01 1.25309E+00 
3.24259E+00 7.74255E-01 1.85446E+00 
3.77205E+00 8.83199E-01 2.83817E+00 
4.38768E+00 9.98280E-01 4.50083E+00 
5.10015E+00 1.11885E+00 7.42079E+00 
5.92145E+00 1.24422E+00 1.27345E+01 
6.86720E+00 1.37400E+00 2.27705E+01 
7.96268E+00 1.50926E+00 4.22936E+01 
9.26720E+00 1.65639E+00 8.07329E+01 
1.09594E+01 1.83980E+00 1.54197E+02 
1.35242E+01 2.12502E+00 2.79345E+02 
1.76598E+01 2.58876E+00 4.45976E+02 
2.31539E+01 3.15517E+00 5.99095E+02 
2.86687E+01 3.61888E+00 6.93432E+02 
7.67757E-01 3.78662E-02 7.07456E-02 
7.96684E-01 5.21281E-02 8.27980E-02 
8.51162E-01 7.61934E-02 9.79851E-02 
9.33971E-01 1.09580E-01 1.17383E-01 
1.03662E+00 1.47944E-01 1.42614E-01 
1.16124E+00 1.91490E-01 1.75907E-01 
1.31010E+00 2.40355E-01 2.20357E-01 
1.44377E+00 2.81900E-01 2.65671E-01 
1.48605E+00 2.94655E-01 2.81070E-01 
1.70935E+00 3.59250E-01 3.73195E-01 
1.97154E+00 4.30022E-01 5.07561E-01 
2.27719E+00 5.06716E-01 7.08454E-01 
2.63134E+00 5.88905E-01 1.01755E+00 
3.05842E+00 7.30907E-01 1.50622E+00 
3.55023E+00 8.30605E-01 2.30554E+00 
4.11994E+00 9.35293E-01 3.65806E+00 
4.77674E+00 1.04428E+00 6.03063E+00 
5.53140E+00 1.15691E+00 1.03546E+01 
6.39744E+00 1.27279E+00 1.85166E+01 
7.39758E+00 1.39286E+00 3.44037E+01 
8.58559E+00 1.52297E+00 6.57033E+01 
1.01247E+01 1.68536E+00 1.25524E+02 
1.24587E+01 1.93950E+00 2.27502E+02 
1.62227E+01 2.35423E+00 3.63375E+02 
2.12091E+01 2.85900E+00 4.88351E+02 
2.61865E+01 3.26752E+00 5.65528E+02 
7.26674E-01 3.52318E-02 5.73900E-02 
7.55428E-01 4.93520E-02 6.71527E-02 
8.09383E-01 7.31101E-02 7.94845E-02 
8.89715E-01 1.05648E-01 9.52279E-02 
9.88460E-01 1.42781E-01 1.15700E-01 
1.10752E+00 1.84660E-01 1.42701E-01 
1.24902E+00 2.31374E-01 1.78862E-01 
1.37543E+00 2.70862E-01 2.15581E-01 
1.41541E+00 2.82963E-01 2.28189E-01 
1.62561E+00 3.43947E-01 3.03021E-01 
1.87140E+00 4.10315E-01 4.12225E-01 
2.15671E+00 4.81740E-01 5.75390E-01 
2.48617E+00 5.57815E-01 8.26484E-01 
2.88371E+00 6.89679E-01 1.22379E+00 
3.33992E+00 7.80667E-01 1.87340E+00 
3.86652E+00 8.75653E-01 2.97380E+00 
4.47137E+00 9.73907E-01 4.90422E+00 
5.16391E+00 1.07479E+00 8.42229E+00 
5.95615E+00 1.17793E+00 1.50717E+01 
6.86794E+00 1.28412E+00 2.80111E+01 
7.94834E+00 1.39876E+00 5.35120E+01 
9.34667E+00 1.54210E+00 1.02287E+02 
1.14680E+01 1.76799E+00 1.85449E+02 
1.48896E+01 2.13811E+00 2.96349E+02 
1.94102E+01 2.58707E+00 3.98491E+02 
2.38968E+01 2.94603E+00 4.61729E+02 
6.88140E-01 3.27966E-02 4.65669E-02 
7.16781E-01 4.68308E-02 5.44839E-02 
7.70275E-01 7.03406E-02 6.45020E-02 
8.48124E-01 1.02035E-01 7.72990E-02 
9.43013E-01 1.37964E-01 9.39155E-02 
1.05665E+00 1.78218E-01 1.15820E-01 
1.19107E+00 2.22856E-01 1.45254E-01 
1.31052E+00 2.60353E-01 1.75041E-01 
1.34819E+00 2.71799E-01 1.85270E-01 
1.54591E+00 3.29302E-01 2.46123E-01 
1.77601E+00 3.91443E-01 3.34799E-01 
2.04221E+00 4.57880E-01 4.67561E-01 
2.34842E+00 5.28104E-01 6.71685E-01 
2.71804E+00 6.50395E-01 9.95037E-01 
3.14079E+00 7.33297E-01 1.52356E+00 
3.62687E+00 8.19231E-01 2.41884E+00 
4.18327E+00 9.07557E-01 3.99140E+00 
4.81791E+00 9.97610E-01 6.85584E+00 
5.54143E+00 1.08903E+00 1.22732E+01 
6.37169E+00 1.18261E+00 2.28251E+01 
7.35285E+00 1.28320E+00 4.36221E+01 
8.62141E+00 1.40927E+00 8.34253E+01 
1.05476E+01 1.60960E+00 1.51345E+02 
1.36541E+01 1.93920E+00 2.41975E+02 
1.77475E+01 2.33763E+00 3.25566E+02 
2.17863E+01 2.65219E+00 3.77475E+02 
6.52029E-01 3.05644E-02 3.77881E-02 
6.80450E-01 4.44973E-02 4.42145E-02 
7.33619E-01 6.78328E-02 5.23585E-02 
8.08952E-01 9.87098E-02 6.27486E-02 
9.00122E-01 1.33484E-01 7.62681E-02 
1.00853E+00 1.72170E-01 9.40640E-02 
1.13600E+00 2.14766E-01 1.17958E-01 
1.24885E+00 2.50351E-01 1.42211E-01 
1.28434E+00 2.61175E-01 1.50505E-01 
1.47005E+00 3.15310E-01 1.99959E-01 
1.68534E+00 3.73401E-01 2.72088E-01 
1.93339E+00 4.35079E-01 3.80114E-01 
2.21769E+00 4.99891E-01 5.46245E-01 
2.56088E+00 6.13089E-01 8.09336E-01 
2.95226E+00 6.88381E-01 1.24012E+00 
3.40041E+00 7.65896E-01 1.96935E+00 
3.91145E+00 8.45008E-01 3.25110E+00 
4.49229E+00 9.25097E-01 5.58729E+00 
5.15218E+00 1.00582E+00 1.00060E+01 
5.90697E+00 1.08790E+00 1.86150E+01 
6.79674E+00 1.17578E+00 3.56007E+01 
7.94591E+00 1.28624E+00 6.81207E+01 
9.69232E+00 1.46336E+00 1.23655E+02 
1.25099E+01 1.75628E+00 1.97841E+02 
1.62119E+01 2.10908E+00 2.66371E+02 
1.98425E+01 2.38392E+00 3.09067E+02 
6.18231E-01 2.85476E-02 3.06778E-02 
6.46423E-01 4.23916E-02 3.59091E-02 
6.99194E-01 6.55752E-02 4.25129E-02 
7.72126E-01 9.56907E-02 5.09476E-02 
8.59618E-01 1.29337E-01 6.19428E-02 
9.62996E-01 1.66501E-01 7.64408E-02 
1.08374E+00 2.07110E-01 9.58343E-02 
1.19023E+00 2.40840E-01 1.15585E-01 
1.22365E+00 2.51072E-01 1.22347E-01 
1.39797E+00 3.01976E-01 1.62592E-01 
1.59915E+00 3.56191E-01 2.21337E-01 
1.83000E+00 4.13331E-01 3.09239E-01 
2.09364E+00 4.72746E-01 4.44580E-01 
2.41192E+00 5.77490E-01 6.58876E-01 
2.77367E+00 6.45742E-01 1.00991E+00 
3.18628E+00 7.15445E-01 1.60468E+00 
3.65504E+00 7.86066E-01 2.65007E+00 
4.18595E+00 8.57015E-01 4.55808E+00 
4.78693E+00 9.27981E-01 8.16664E+00 
5.47213E+00 9.99617E-01 1.52040E+01 
6.27770E+00 1.07600E+00 2.90925E+01 
7.31726E+00 1.17239E+00 5.57058E+01 
8.89869E+00 1.32856E+00 1.01187E+02 
1.14507E+01 1.58823E+00 1.62013E+02 
1.47947E+01 1.89991E+00 2.18306E+02 
1.80536E+01 2.13928E+00 2.53503E+02 
5.86688E-01 2.67548E-02 2.49203E-02 
6.14638E-01 4.05315E-02 2.91706E-02 
6.67146E-01 6.36646E-02 3.45475E-02 
7.37626E-01 9.30131E-02 4.14211E-02 
8.21460E-01 1.25541E-01 5.03500E-02 
9.19892E-01 1.61205E-01 6.21464E-02 
1.03422E+00 1.99903E-01 7.79524E-02 
1.13455E+00 2.31825E-01 9.40129E-02 
1.16594E+00 2.41469E-01 9.95009E-02 
1.32938E+00 2.89249E-01 1.32291E-01 
1.51720E+00 3.39779E-01 1.80182E-01 
1.73179E+00 3.92592E-01 2.51811E-01 
1.97600E+00 4.47393E-01 3.62140E-01 
2.27082E+00 5.43904E-01 5.37064E-01 
2.60474E+00 6.05365E-01 8.23638E-01 
2.98412E+00 6.67812E-01 1.30936E+00 
3.41342E+00 7.30581E-01 2.16300E+00 
3.89789E+00 7.93136E-01 3.72308E+00 
4.44433E+00 8.55199E-01 6.67366E+00 
5.06531E+00 9.17373E-01 1.24345E+01 
5.79354E+00 9.83402E-01 2.38107E+01 
6.73245E+00 1.06711E+00 4.56255E+01 
8.16261E+00 1.20439E+00 8.29477E+01 
1.04712E+01 1.43402E+00 1.32918E+02 
1.34876E+01 1.70865E+00 1.79256E+02 
1.64085E+01 1.91643E+00 2.08349E+02 
5.57326E-01 2.51963E-02 2.02659E-02 
5.85079E-01 3.89591E-02 2.37253E-02 
6.37221E-01 6.20646E-02 2.80942E-02 
7.05275E-01 9.06641E-02 3.36914E-02 
7.85539E-01 1.22104E-01 4.09655E-02 
8.79136E-01 1.56305E-01 5.05733E-02 
9.87246E-01 1.93123E-01 6.34617E-02 
1.08166E+00 2.23294E-01 7.65390E-02 
1.11117E+00 2.32375E-01 8.10356E-02 
1.26415E+00 2.77137E-01 1.07745E-01 
1.43921E+00 3.24077E-01 1.46792E-01 
1.63854E+00 3.72737E-01 2.05330E-01 
1.86440E+00 4.22822E-01 2.95344E-01 
2.13703E+00 5.11816E-01 4.38182E-01 
2.44483E+00 5.67100E-01 6.72279E-01 
2.79319E+00 6.22835E-01 1.06964E+00 
3.18581E+00 6.78370E-01 1.76850E+00 
3.62717E+00 7.33242E-01 3.04530E+00 
4.12324E+00 7.87205E-01 5.46393E+00 
4.68505E+00 8.40828E-01 1.01860E+01 
5.34223E+00 8.97544E-01 1.95226E+01 
6.18895E+00 9.69886E-01 3.74436E+01 
7.48025E+00 1.09011E+00 6.81293E+01 
9.56606E+00 1.29267E+00 1.09279E+02 
1.22833E+01 1.53403E+00 1.47526E+02 
1.48971E+01 1.71373E+00 1.71640E+02 
5.30059E-01 2.39032E-02 1.64869E-02 
5.57443E-01 3.76087E-02 1.93070E-02 
6.09429E-01 6.08280E-02 2.28649E-02 
6.74990E-01 8.86749E-02 2.74277E-02 
7.51720E-01 1.19037E-01 3.33588E-02 
8.40588E-01 1.51790E-01 4.11904E-02 
9.42679E-01 1.86780E-01 5.17061E-02 
1.03143E+00 2.15241E-01 6.23905E-02 
1.05908E+00 2.23768E-01 6.60440E-02 
1.20215E+00 2.65625E-01 8.78661E-02 
1.36512E+00 3.09132E-01 1.19738E-01 
1.54992E+00 3.53906E-01 1.67553E-01 
1.75856E+00 3.99177E-01 2.41203E-01 
2.01039E+00 4.81202E-01 3.58081E-01 
2.29365E+00 5.30883E-01 5.49677E-01 
2.61292E+00 5.80375E-01 8.75039E-01 
2.97142E+00 6.29264E-01 1.44816E+00 
3.37289E+00 6.77123E-01 2.49536E+00 
3.82248E+00 7.23738E-01 4.48217E+00 
4.32986E+00 7.69651E-01 8.36228E+00 
4.92181E+00 8.18004E-01 1.60408E+01 
5.68399E+00 8.80149E-01 3.07938E+01 
6.84837E+00 9.85082E-01 5.60918E+01 
8.73023E+00 1.16325E+00 9.00683E+01 
1.11745E+01 1.37475E+00 1.21723E+02 
1.35097E+01 1.52957E+00 1.41776E+02 
5.04823E-01 2.29048E-02 1.34266E-02 
5.31626E-01 3.64895E-02 1.57249E-02 
5.83615E-01 5.99584E-02 1.86316E-02 
6.46662E-01 8.70657E-02 2.23504E-02 
7.19920E-01 1.16361E-01 2.71973E-02 
8.04189E-01 1.47689E-01 3.35946E-02 
9.00395E-01 1.80864E-01 4.21736E-02 
9.83724E-01 2.07665E-01 5.09174E-02 
1.00964E+00 2.15673E-01 5.39073E-02 
1.14324E+00 2.54711E-01 7.17574E-02 
1.29475E+00 2.94953E-01 9.78488E-02 
1.46580E+00 3.35975E-01 1.36945E-01 
1.65833E+00 3.77474E-01 1.97312E-01 
1.89050E+00 4.52465E-01 2.93170E-01 
2.15082E+00 4.96636E-01 4.50416E-01 
2.44298E+00 5.40355E-01 7.17584E-01 
2.76971E+00 5.83129E-01 1.18823E+00 
3.13421E+00 6.24579E-01 2.04928E+00 
3.54086E+00 6.64533E-01 3.68385E+00 
3.99829E+00 7.03519E-01 6.88180E+00 
4.53053E+00 7.44401E-01 1.32137E+01 
5.21544E+00 7.97445E-01 2.53937E+01 
6.26365E+00 8.88652E-01 4.63063E+01 
7.95898E+00 1.04489E+00 7.44424E+01 
1.01545E+01 1.22967E+00 1.00727E+02 
1.22372E+01 1.36248E+00 1.17464E+02 
4.81560E-01 2.22297E-02 1.09547E-02 
5.07794E-01 3.57192E-02 1.28278E-02 
5.59740E-01 5.95234E-02 1.52051E-02 
6.20267E-01 8.58810E-02 1.82434E-02 
6.90036E-01 1.14098E-01 2.22036E-02 
7.69807E-01 1.44008E-01 2.74414E-02 
8.60371E-01 1.75408E-01 3.44679E-02 
9.38431E-01 2.00576E-01 4.16167E-02 
9.62642E-01 2.08059E-01 4.40672E-02 
1.08717E+00 2.44355E-01 5.86839E-02 
1.22779E+00 2.81426E-01 8.00678E-02 
1.38602E+00 3.18892E-01 1.12179E-01 
1.56330E+00 3.56410E-01 1.61718E-01 
1.77702E+00 4.25108E-01 2.40470E-01 
2.01579E+00 4.64239E-01 3.69755E-01 
2.28269E+00 5.02631E-01 5.89609E-01 
2.58005E+00 5.39815E-01 9.77531E-01 
2.91038E+00 5.75433E-01 1.68776E+00 
3.27747E+00 6.09366E-01 3.03652E+00 
3.68898E+00 6.42132E-01 5.67778E+00 
4.16659E+00 6.76354E-01 1.09161E+01 
4.78095E+00 7.21295E-01 2.10038E+01 
5.72308E+00 8.00228E-01 3.83479E+01 
7.24822E+00 9.36805E-01 6.17284E+01 
9.21730E+00 1.09773E+00 8.36343E+01 
1.10716E+01 1.21113E+00 9.76557E+01 
4.60159E-01 2.18914E-02 8.95041E-03 
4.85927E-01 3.53537E-02 1.04824E-02 
5.37626E-01 5.95270E-02 1.24262E-02 
5.95673E-01 8.51412E-02 1.49187E-02 
6.61978E-01 1.12266E-01 1.81610E-02 
7.37317E-01 1.40759E-01 2.24500E-02 
8.22424E-01 1.70400E-01 2.82220E-02 
8.95441E-01 1.93971E-01 3.40877E-02 
9.18041E-01 2.00946E-01 3.60984E-02 
1.03395E+00 2.34588E-01 4.81086E-02 
1.16429E+00 2.68607E-01 6.56944E-02 
1.31030E+00 3.02653E-01 9.21010E-02 
1.47329E+00 3.36070E-01 1.32862E-01 
1.66964E+00 3.98962E-01 1.97697E-01 
1.88835E+00 4.33645E-01 3.04373E-01 
2.13175E+00 4.67123E-01 4.85859E-01 
2.40171E+00 4.99157E-01 8.06304E-01 
2.70050E+00 5.29482E-01 1.39369E+00 
3.03131E+00 5.58006E-01 2.51098E+00 
3.40072E+00 5.85211E-01 4.70001E+00 
3.82835E+00 6.13507E-01 9.04750E+00 
4.37834E+00 6.51254E-01 1.74311E+01 
5.22371E+00 7.19239E-01 3.18701E+01 
6.59369E+00 8.38227E-01 5.13743E+01 
8.35690E+00 9.77884E-01 6.97030E+01 
1.00047E+01 1.07423E+00 8.14992E+01 
4.40614E-01 2.19803E-02 7.32491E-03 
4.65712E-01 3.53347E-02 8.58265E-03 
5.17359E-01 6.00930E-02 1.01754E-02 
5.72786E-01 8.48946E-02 1.22224E-02 
6.35681E-01 1.10911E-01 1.48897E-02 
7.06678E-01 1.37972E-01 1.84127E-02 
7.86452E-01 1.65858E-01 2.31553E-02 
8.54631E-01 1.87854E-01 2.79831E-02 
8.75699E-01 1.94336E-01 2.96433E-02 
9.83403E-01 2.25394E-01 3.95413E-02 
1.10397E+00 2.56484E-01 5.40335E-02 
1.23851E+00 2.87248E-01 7.58144E-02 
1.38817E+00 3.17480E-01 1.09491E-01 
1.56824E+00 3.74533E-01 1.63125E-01 
1.76812E+00 4.04750E-01 2.51376E-01 
1.98962E+00 4.33700E-01 4.01735E-01 
2.23429E+00 4.61048E-01 6.67346E-01 
2.50401E+00 4.86578E-01 1.15501E+00 
2.80138E+00 5.10229E-01 2.08336E+00 
3.13232E+00 5.32483E-01 3.90611E+00 
3.51439E+00 5.55540E-01 7.52817E+00 
4.00571E+00 5.86920E-01 1.45238E+01 
4.76296E+00 6.45166E-01 2.65936E+01 
5.99152E+00 7.48438E-01 4.29319E+01 
7.56785E+00 8.69194E-01 5.83361E+01 
9.02937E+00 9.50589E-01 6.83045E+01 
4.22852E-01 2.25372E-02 6.00908E-03 
4.47111E-01 3.57088E-02 7.04385E-03 
4.98789E-01 6.12415E-02 8.35373E-03 
5.51493E-01 8.51660E-02 1.00382E-02 
6.10996E-01 1.10043E-01 1.22368E-02 
6.77771E-01 1.35661E-01 1.51437E-02 
7.52428E-01 1.61812E-01 1.90579E-02 
8.15954E-01 1.82242E-01 2.30470E-02 
8.35508E-01 1.88226E-01 2.44112E-02 
9.35367E-01 2.16756E-01 3.25840E-02 
1.04673E+00 2.45022E-01 4.45814E-02 
1.17048E+00 2.72679E-01 6.26168E-02 
1.30764E+00 2.99546E-01 9.05403E-02 
1.47244E+00 3.51397E-01 1.35040E-01 
1.65471E+00 3.77499E-01 2.08331E-01 
1.85589E+00 4.02269E-01 3.33375E-01 
2.07724E+00 4.25352E-01 5.54606E-01 
2.32011E+00 4.46537E-01 9.61090E-01 
2.58686E+00 4.65828E-01 1.73604E+00 
2.88261E+00 4.83687E-01 3.25896E+00 
3.22320E+00 5.02129E-01 6.29140E+00 
3.66120E+00 5.27905E-01 1.21557E+01 
4.33824E+00 5.77508E-01 2.22907E+01 
5.43823E+00 6.66789E-01 3.60429E+01 
6.84508E+00 7.70777E-01 4.90489E+01 
8.13882E+00 8.39128E-01 5.75128E+01 
4.06501E-01 2.35960E-02 4.93060E-03 
4.29836E-01 3.65510E-02 5.77991E-03 
4.81450E-01 6.30175E-02 6.85963E-03 
5.31428E-01 8.60257E-02 8.24502E-03 
5.87502E-01 1.09699E-01 1.00577E-02 
6.50082E-01 1.33822E-01 1.24576E-02 
7.19667E-01 1.58176E-01 1.56875E-02 
7.78673E-01 1.77036E-01 1.89878E-02 
7.96818E-01 1.82539E-01 2.01186E-02 
8.89102E-01 2.08552E-01 2.68783E-02 
9.91596E-01 2.34003E-01 3.68135E-02 
1.10507E+00 2.58613E-01 5.17808E-02 
1.23032E+00 2.81960E-01 7.49405E-02 
1.38059E+00 3.28894E-01 1.11904E-01 
1.54634E+00 3.51427E-01 1.72948E-01 
1.72840E+00 3.72310E-01 2.77108E-01 
1.92774E+00 3.91423E-01 4.61613E-01 
2.14567E+00 4.08652E-01 8.01309E-01 
2.38394E+00 4.23993E-01 1.44949E+00 
2.64710E+00 4.37910E-01 2.72490E+00 
2.94934E+00 4.52239E-01 5.26870E+00 
3.33824E+00 4.73032E-01 1.01969E+01 
3.94133E+00 5.14879E-01 1.87284E+01 
4.92290E+00 5.91555E-01 3.03319E+01 
6.17406E+00 6.80509E-01 4.13424E+01 
7.31467E+00 7.37346E-01 4.85462E+01 
3.92018E-01 2.52025E-02 4.07164E-03 
4.14607E-01 3.80269E-02 4.77498E-03 
4.65641E-01 6.53207E-02 5.66999E-03 
5.13137E-01 8.74949E-02 6.82081E-03 
5.65843E-01 1.09917E-01 8.32488E-03 
6.24369E-01 1.32515E-01 1.03204E-02 
6.89141E-01 1.55084E-01 1.30066E-02 
7.43888E-01 1.72410E-01 1.57536E-02 
7.60703E-01 1.77439E-01 1.66990E-02 
8.45933E-01 2.01015E-01 2.23414E-02 
9.40188E-01 2.23805E-01 3.06246E-02 
1.04420E+00 2.45558E-01 4.31433E-02 
1.15853E+00 2.66071E-01 6.25223E-02 
1.29548E+00 3.08227E-01 9.35317E-02 
1.44598E+00 3.27244E-01 1.44699E-01 
1.61057E+00 3.44614E-01 2.32132E-01 
1.79012E+00 3.60212E-01 3.87449E-01 
1.98540E+00 3.73925E-01 6.73454E-01 
2.19812E+00 3.85823E-01 1.22033E+00 
2.43206E+00 3.96331E-01 2.29782E+00 
2.70008E+00 4.07133E-01 4.44910E+00 
3.04512E+00 4.23641E-01 8.62353E+00 
3.58234E+00 4.58783E-01 1.58652E+01 
4.45824E+00 5.24477E-01 2.57358E+01 
5.57100E+00 6.00398E-01 3.51317E+01 
6.57635E+00 6.47430E-01 4.13090E+01 
3.79073E-01 2.74474E-02 3.37399E-03 
4.00543E-01 3.98938E-02 3.96016E-03 
4.51387E-01 6.84895E-02 4.70614E-03 
4.96095E-01 8.95755E-02 5.66539E-03 
5.45494E-01 1.10680E-01 6.92156E-03 
6.00089E-01 1.31714E-01 8.58932E-03 
6.60277E-01 1.52490E-01 1.08409E-02 
7.10909E-01 1.68260E-01 1.31369E-02 
7.26417E-01 1.72802E-01 1.39270E-02 
8.04974E-01 1.93990E-01 1.86591E-02 
8.91526E-01 2.14210E-01 2.56211E-02 
9.86592E-01 2.33231E-01 3.61268E-02 
1.09079E+00 2.50966E-01 5.24533E-02 
1.21522E+00 2.88737E-01 7.85688E-02 
1.35158E+00 3.04447E-01 1.21734E-01 
1.50013E+00 3.18618E-01 1.95680E-01 
1.66135E+00 3.31015E-01 3.27049E-01 
1.83596E+00 3.41598E-01 5.69369E-01 
2.02523E+00 3.50437E-01 1.03317E+00 
2.23265E+00 3.57969E-01 1.94870E+00 
2.46967E+00 3.65718E-01 3.77923E+00 
2.77506E+00 3.78512E-01 7.33640E+00 
3.25259E+00 4.07766E-01 1.35183E+01 
4.03280E+00 4.63763E-01 2.19633E+01 
5.02067E+00 5.28231E-01 3.00248E+01 
5.90486E+00 5.66816E-01 3.53486E+01 
3.67560E-01 3.03737E-02 2.81040E-03 
3.87782E-01 4.23306E-02 3.29999E-03 
4.38430E-01 7.25120E-02 3.92463E-03 
4.80244E-01 9.23180E-02 4.73034E-03 
5.26356E-01 1.11998E-01 5.78460E-03 
5.77115E-01 1.31393E-01 7.18596E-03 
6.32869E-01 1.50331E-01 9.08099E-03 
6.79635E-01 1.64550E-01 1.10190E-02 
6.93929E-01 1.68622E-01 1.16841E-02 
7.66138E-01 1.87437E-01 1.56738E-02 
8.45401E-01 2.05117E-01 2.15571E-02 
9.32202E-01 2.21517E-01 3.04499E-02 
1.02691E+00 2.36352E-01 4.42728E-02 
1.13966E+00 2.70038E-01 6.64113E-02 
1.26301E+00 2.82977E-01 1.03112E-01 
1.39665E+00 2.94201E-01 1.66006E-01 
1.54102E+00 3.03714E-01 2.77825E-01 
1.69670E+00 3.11504E-01 4.84478E-01 
1.86469E+00 3.17664E-01 8.80575E-01 
2.04801E+00 3.22612E-01 1.66324E+00 
2.25695E+00 3.27731E-01 3.23029E+00 
2.52655E+00 3.37330E-01 6.28103E+00 
2.95009E+00 3.61437E-01 1.15902E+01 
3.64383E+00 4.08904E-01 1.88579E+01 
4.51917E+00 4.63344E-01 2.58132E+01 
5.29498E+00 4.94687E-01 3.04236E+01 
3.57315E-01 3.39658E-02 2.35326E-03 
3.76525E-01 4.55093E-02 2.76609E-03 
4.26444E-01 7.72665E-02 3.29207E-03 
4.65414E-01 9.56725E-02 3.97335E-03 
5.08317E-01 1.13841E-01 4.86432E-03 
5.55378E-01 1.31526E-01 6.05137E-03 
6.06860E-01 1.48572E-01 7.65493E-03 
6.49935E-01 1.61219E-01 9.30123E-03 
6.63081E-01 1.64821E-01 9.86575E-03 
7.29330E-01 1.81292E-01 1.32578E-02 
8.01799E-01 1.96523E-01 1.82618E-02 
8.80839E-01 2.10388E-01 2.58379E-02 
9.66763E-01 2.22753E-01 3.76343E-02 
1.06870E+00 2.52553E-01 5.65643E-02 
1.17988E+00 2.62705E-01 8.79167E-02 
1.29979E+00 2.71254E-01 1.41783E-01 
1.42879E+00 2.78189E-01 2.37697E-01 
1.56715E+00 2.83503E-01 4.15124E-01 
1.71578E+00 2.87327E-01 7.55730E-01 
1.87725E+00 2.90047E-01 1.42952E+00 
2.06083E+00 2.92927E-01 2.77977E+00 
2.29812E+00 2.99790E-01 5.41241E+00 
2.67300E+00 3.19432E-01 1.00010E+01 
3.28870E+00 3.59419E-01 1.62928E+01 
4.06282E+00 4.05113E-01 2.23269E+01 
4.74190E+00 4.30286E-01 2.63381E+01 
3.48184E-01 3.82169E-02 1.98185E-03 
3.66169E-01 4.91230E-02 2.33233E-03 
4.14798E-01 8.22563E-02 2.78017E-03 
4.51394E-01 9.95724E-02 3.35888E-03 
4.91193E-01 1.16125E-01 4.11854E-03 
5.34696E-01 1.32027E-01 5.13061E-03 
5.82136E-01 1.47133E-01 6.50190E-03 
6.21700E-01 1.58199E-01 7.90713E-03 
6.33754E-01 1.61322E-01 8.39038E-03 
6.94410E-01 1.75480E-01 1.12948E-02 
7.60517E-01 1.88327E-01 1.55877E-02 
8.32310E-01 1.99757E-01 2.20856E-02 
9.10110E-01 2.09807E-01 3.22341E-02 
1.00189E+00 2.35956E-01 4.85163E-02 
1.10185E+00 2.43508E-01 7.55319E-02 
1.20921E+00 2.49645E-01 1.22007E-01 
1.32400E+00 2.54259E-01 2.04866E-01 
1.44658E+00 2.57402E-01 3.58315E-01 
1.57757E+00 2.59196E-01 6.53004E-01 
1.71927E+00 2.60023E-01 1.23687E+00 
1.87999E+00 2.61020E-01 2.40851E+00 
2.08815E+00 2.65563E-01 4.69428E+00 
2.41911E+00 2.81341E-01 8.68386E+00 
2.96444E+00 3.14794E-01 1.41622E+01 
3.64758E+00 3.52884E-01 1.94242E+01 
4.24035E+00 3.72824E-01 2.29278E+01 
3.40144E-01 4.31739E-02 1.68168E-03 
3.56791E-01 5.32427E-02 1.98110E-03 
4.04190E-01 8.82518E-02 2.36493E-03 
4.38093E-01 1.03922E-01 2.86171E-03 
4.74911E-01 1.18751E-01 3.51554E-03 
5.14999E-01 1.32778E-01 4.38539E-03 
5.58608E-01 1.45901E-01 5.56685E-03 
5.94898E-01 1.55382E-01 6.77941E-03 
6.05943E-01 1.58036E-01 7.19723E-03 
6.61340E-01 1.69894E-01 9.70456E-03 
7.21491E-01 1.80409E-01 1.34140E-02 
7.86625E-01 1.89523E-01 1.90485E-02 
8.56875E-01 1.97133E-01 2.78366E-02 
9.39227E-01 2.19899E-01 4.19592E-02 
1.02891E+00 2.25313E-01 6.54479E-02 
1.12466E+00 2.29273E-01 1.05854E-01 
1.22655E+00 2.31850E-01 1.77963E-01 
1.33472E+00 2.33098E-01 3.11608E-01 
1.44975E+00 2.33167E-01 5.68574E-01 
1.57361E+00 2.32408E-01 1.07804E+00 
1.71377E+00 2.31847E-01 2.10147E+00 
1.89582E+00 2.34457E-01 4.09943E+00 
2.18733E+00 2.46927E-01 7.58970E+00 
2.66939E+00 2.74703E-01 1.23869E+01 
3.27108E+00 3.06227E-01 1.69990E+01 
3.78717E+00 3.21777E-01 2.00708E+01 
3.33047E-01 4.87662E-02 1.43842E-03 
3.48593E-01 5.80260E-02 1.69793E-03 
3.94189E-01 9.47617E-02 2.02965E-03 
4.25341E-01 1.08531E-01 2.45980E-03 
4.59301E-01 1.21530E-01 3.02697E-03 
4.96201E-01 1.33623E-01 3.78353E-03 
5.36214E-01 1.44729E-01 4.81042E-03 
5.69415E-01 1.52607E-01 5.86505E-03 
5.79507E-01 1.54788E-01 6.22918E-03 
6.30032E-01 1.64396E-01 8.41532E-03 
6.84704E-01 1.72668E-01 1.16523E-02 
7.43638E-01 1.79563E-01 1.65748E-02 
8.06935E-01 1.84986E-01 2.42536E-02 
8.80602E-01 2.04660E-01 3.66255E-02 
9.60765E-01 2.07997E-01 5.71894E-02 
1.04589E+00 2.10028E-01 9.25949E-02 
1.13599E+00 2.10821E-01 1.55849E-01 
1.23113E+00 2.10457E-01 2.73173E-01 
1.33171E+00 2.09076E-01 4.98885E-01 
1.43953E+00 2.07022E-01 9.46630E-01 
1.56123E+00 2.05201E-01 1.84610E+00 
1.71990E+00 2.06226E-01 3.60376E+00 
1.97607E+00 2.15887E-01 6.67533E+00 
2.40140E+00 2.38765E-01 1.08988E+01 
2.93031E+00 2.64649E-01 1.49596E+01 
3.37848E+00 2.76554E-01 1.76617E+01 
3.26626E-01 5.46754E-02 1.24176E-03 
3.40999E-01 6.29157E-02 1.46861E-03 
3.84399E-01 1.01418E-01 1.75931E-03 
4.13054E-01 1.13229E-01 2.13597E-03 
4.44297E-01 1.24251E-01 2.63247E-03 
4.78195E-01 1.34338E-01 3.29604E-03 
5.14878E-01 1.43412E-01 4.19891E-03 
5.45226E-01 1.49704E-01 5.12582E-03 
5.54432E-01 1.51417E-01 5.44581E-03 
6.00452E-01 1.58839E-01 7.36888E-03 
6.50041E-01 1.64964E-01 1.02206E-02 
7.03292E-01 1.69799E-01 1.45577E-02 
7.60228E-01 1.73475E-01 2.13406E-02 
8.25778E-01 1.90038E-01 3.22533E-02 
8.97231E-01 1.91459E-01 5.04128E-02 
9.72690E-01 1.91801E-01 8.16950E-02 
1.05207E+00 1.91068E-01 1.37614E-01 
1.13538E+00 1.89349E-01 2.41359E-01 
1.22296E+00 1.86791E-01 4.41013E-01 
1.31636E+00 1.83705E-01 8.37023E-01 
1.42155E+00 1.80898E-01 1.63292E+00 
1.55934E+00 1.80653E-01 3.18788E+00 
1.78391E+00 1.87957E-01 5.90579E+00 
2.15855E+00 2.06638E-01 9.64235E+00 
2.62262E+00 2.27717E-01 1.32324E+01 
3.01082E+00 2.36629E-01 1.56153E+01 
3.20799E-01 6.07250E-02 1.08328E-03 
3.33991E-01 6.76899E-02 1.28333E-03 
3.74232E-01 1.07074E-01 1.54083E-03 
4.01031E-01 1.17573E-01 1.87413E-03 
4.29806E-01 1.26628E-01 2.31401E-03 
4.60932E-01 1.34677E-01 2.90226E-03 
4.94512E-01 1.41706E-01 3.70207E-03 
5.22250E-01 1.46447E-01 4.52574E-03 
5.30657E-01 1.47720E-01 4.80993E-03 
5.72517E-01 1.53024E-01 6.51835E-03 
6.17447E-01 1.57136E-01 9.05289E-03 
6.65456E-01 1.60068E-01 1.29076E-02 
7.16533E-01 1.61876E-01 1.89431E-02 
7.74612E-01 1.75688E-01 2.86563E-02 
8.38100E-01 1.75566E-01 4.48146E-02 
9.04717E-01 1.74465E-01 7.26629E-02 
9.74363E-01 1.72459E-01 1.22439E-01 
1.04699E+00 1.69641E-01 2.14806E-01 
1.12285E+00 1.66157E-01 3.92500E-01 
1.20332E+00 1.62287E-01 7.44950E-01 
1.29381E+00 1.58749E-01 1.45306E+00 
1.41298E+00 1.57516E-01 2.83601E+00 
1.60937E+00 1.62868E-01 5.25231E+00 
1.93874E+00 1.77977E-01 8.57162E+00 
2.34519E+00 1.94988E-01 1.17554E+01 
2.68055E+00 2.01476E-01 1.38602E+01 
3.15625E-01 6.68694E-02 9.55270E-04 
3.28015E-01 7.29153E-02 1.13442E-03 
3.64741E-01 1.13353E-01 1.36421E-03 
3.89277E-01 1.21332E-01 1.66256E-03 
4.15777E-01 1.28308E-01 2.05595E-03 
4.44403E-01 1.34337E-01 2.58351E-03 
4.75183E-01 1.39384E-01 3.30004E-03 
5.00510E-01 1.42623E-01 4.03767E-03 
5.08168E-01 1.43458E-01 4.29209E-03 
5.46235E-01 1.46778E-01 5.82446E-03 
5.86896E-01 1.49015E-01 8.09631E-03 
6.30128E-01 1.50202E-01 1.15574E-02 
6.75852E-01 1.50286E-01 1.69662E-02 
7.27041E-01 1.61698E-01 2.56764E-02 
7.83235E-01 1.60246E-01 4.01736E-02 
8.41807E-01 1.57944E-01 6.51337E-02 
9.02609E-01 1.54910E-01 1.09756E-01 
9.65571E-01 1.51241E-01 1.92478E-01 
1.03092E+00 1.47070E-01 3.51596E-01 
1.09986E+00 1.42651E-01 6.66935E-01 
1.17727E+00 1.38612E-01 1.30007E+00 
1.27992E+00 1.36649E-01 2.53557E+00 
1.45123E+00 1.40409E-01 4.69179E+00 
1.74037E+00 1.52510E-01 7.65015E+00 
2.09574E+00 1.66111E-01 1.04803E+01 
2.38475E+00 1.70671E-01 1.23409E+01 
3.10944E-01 7.24746E-02 8.52220E-04 
3.22285E-01 7.67315E-02 1.01433E-03 
3.55026E-01 1.17845E-01 1.22207E-03 
3.77832E-01 1.24072E-01 1.49180E-03 
4.02298E-01 1.28976E-01 1.84737E-03 
4.28645E-01 1.33003E-01 2.32358E-03 
4.56901E-01 1.36163E-01 2.97206E-03 
4.80057E-01 1.38003E-01 3.63886E-03 
4.87041E-01 1.38438E-01 3.86888E-03 
5.21660E-01 1.39947E-01 5.25390E-03 
5.58420E-01 1.40494E-01 7.30818E-03 
5.97256E-01 1.40152E-01 1.04336E-02 
6.38069E-01 1.39055E-01 1.53262E-02 
6.82914E-01 1.48057E-01 2.31851E-02 
7.32451E-01 1.45427E-01 3.62658E-02 
7.83712E-01 1.42173E-01 5.87890E-02 
8.36525E-01 1.38362E-01 9.89660E-02 
8.90828E-01 1.34079E-01 1.73474E-01 
9.46740E-01 1.29448E-01 3.16575E-01 
1.00541E+00 1.24694E-01 5.99955E-01 
1.07122E+00 1.20359E-01 1.16829E+00 
1.15926E+00 1.17895E-01 2.27566E+00 
1.30837E+00 1.20390E-01 4.20562E+00 
1.56183E+00 1.29982E-01 6.84811E+00 
1.87213E+00 1.40756E-01 9.36769E+00 
2.12062E+00 1.43815E-01 1.10120E+01 
3.06829E-01 7.72663E-02 7.69606E-04 
3.17473E-01 8.00294E-02 9.17440E-04 
3.45634E-01 1.21330E-01 1.10716E-03 
3.66773E-01 1.25214E-01 1.35312E-03 
3.89506E-01 1.28242E-01 1.67769E-03 
4.13855E-01 1.30444E-01 2.11169E-03 
4.39832E-01 1.31858E-01 2.70231E-03 
4.61031E-01 1.32426E-01 3.31030E-03 
4.67405E-01 1.32511E-01 3.51984E-03 
4.98868E-01 1.32398E-01 4.78060E-03 
5.32066E-01 1.31492E-01 6.65062E-03 
5.66881E-01 1.29856E-01 9.49244E-03 
6.03206E-01 1.27595E-01 1.39379E-02 
6.42218E-01 1.34595E-01 2.10763E-02 
6.85691E-01 1.31086E-01 3.29334E-02 
7.30301E-01 1.27141E-01 5.33366E-02 
7.75903E-01 1.22788E-01 8.97209E-02 
8.22384E-01 1.18117E-01 1.57042E-01 
8.69910E-01 1.13236E-01 2.86247E-01 
9.19458E-01 1.08341E-01 5.41680E-01 
9.75021E-01 1.03894E-01 1.05307E+00 
1.05019E+00 1.01127E-01 2.04807E+00 
1.17973E+00 1.02643E-01 3.77877E+00 
1.40169E+00 1.10171E-01 6.14219E+00 
1.67234E+00 1.18627E-01 8.38591E+00 
1.88557E+00 1.20546E-01 9.83755E+00 
3.03457E-01 8.08393E-02 7.02812E-04 
3.13848E-01 8.30621E-02 8.39141E-04 
3.36742E-01 1.22465E-01 1.01360E-03 
3.56468E-01 1.24682E-01 1.23976E-03 
3.77669E-01 1.25916E-01 1.53764E-03 
4.00266E-01 1.26474E-01 1.93669E-03 
4.24191E-01 1.26344E-01 2.47820E-03 
4.43608E-01 1.25805E-01 3.03559E-03 
4.49425E-01 1.25582E-01 3.22773E-03 
4.78009E-01 1.24094E-01 4.38242E-03 
5.07924E-01 1.21983E-01 6.09269E-03 
5.39055E-01 1.19303E-01 8.69271E-03 
5.71291E-01 1.16055E-01 1.27478E-02 
6.04960E-01 1.21337E-01 1.92571E-02 
6.42888E-01 1.17280E-01 3.00591E-02 
6.81474E-01 1.12875E-01 4.86062E-02 
7.20551E-01 1.08207E-01 8.16374E-02 
7.60030E-01 1.03353E-01 1.42660E-01 
8.00059E-01 9.84096E-02 2.59549E-01 
8.41548E-01 9.35400E-02 4.90245E-01 
8.88103E-01 8.91363E-02 9.51325E-01 
9.51998E-01 8.62396E-02 1.84632E+00 
1.06433E+00 8.70189E-02 3.39929E+00 
1.25858E+00 9.28722E-02 5.51343E+00 
1.49452E+00 9.94546E-02 7.51030E+00 
1.67723E+00 1.00535E-01 8.78947E+00 
3.01103E-01 8.31120E-02 6.48242E-04 
3.11054E-01 8.35963E-02 7.74828E-04 
3.28573E-01 1.21523E-01 9.36397E-04 
3.47296E-01 1.22248E-01 1.14554E-03 
3.67158E-01 1.21914E-01 1.42072E-03 
3.88154E-01 1.21018E-01 1.78866E-03 
4.10230E-01 1.19596E-01 2.28827E-03 
4.27999E-01 1.18151E-01 2.80107E-03 
4.33309E-01 1.17676E-01 2.97801E-03 
4.59237E-01 1.15100E-01 4.04022E-03 
4.86117E-01 1.12053E-01 5.61120E-03 
5.13841E-01 1.08597E-01 7.99415E-03 
5.42256E-01 1.04785E-01 1.17080E-02 
5.71080E-01 1.08506E-01 1.76594E-02 
6.03920E-01 1.04077E-01 2.75157E-02 
6.37027E-01 9.94364E-02 4.44159E-02 
6.70233E-01 9.46622E-02 7.44383E-02 
7.03478E-01 8.98099E-02 1.29825E-01 
7.36860E-01 8.49620E-02 2.35693E-01 
7.71246E-01 8.02581E-02 4.44192E-01 
8.09925E-01 7.60253E-02 8.59861E-01 
8.63971E-01 7.31303E-02 1.66510E+00 
9.61257E-01 7.33817E-02 3.05813E+00 
1.13124E+00 7.78948E-02 4.94759E+00 
1.33695E+00 8.29852E-02 6.72243E+00 
1.49336E+00 8.34708E-02 7.84658E+00 
3.00076E-01 8.36646E-02 6.03025E-04 
3.09718E-01 8.29296E-02 7.20847E-04 
3.21936E-01 1.18713E-01 8.71139E-04 
3.39666E-01 1.17849E-01 1.06516E-03 
3.58324E-01 1.16222E-01 1.32045E-03 
3.77846E-01 1.14189E-01 1.66078E-03 
3.98194E-01 1.11751E-01 2.12269E-03 
4.14433E-01 1.09615E-01 2.59629E-03 
4.19256E-01 1.08951E-01 2.75911E-03 
4.42678E-01 1.05574E-01 3.73830E-03 
4.66725E-01 1.01876E-01 5.18387E-03 
4.91261E-01 9.79160E-02 7.37211E-03 
5.16121E-01 9.37861E-02 1.07791E-02 
5.40506E-01 9.62200E-02 1.62227E-02 
5.68740E-01 9.16061E-02 2.52276E-02 
5.96868E-01 8.69330E-02 4.06244E-02 
6.24802E-01 8.22209E-02 6.79465E-02 
6.52440E-01 7.75203E-02 1.18201E-01 
6.79959E-01 7.28967E-02 2.14068E-01 
7.08127E-01 6.84654E-02 4.02408E-01 
7.39934E-01 6.44941E-02 7.76955E-01 
7.85452E-01 6.17100E-02 1.50055E+00 
8.69663E-01 6.16018E-02 2.74871E+00 
1.01852E+00 6.50613E-02 4.43488E+00 
1.19797E+00 6.89753E-02 6.00876E+00 
1.33184E+00 6.90588E-02 6.99361E+00 
3.00575E-01 8.25720E-02 5.64304E-04 
3.10045E-01 8.12942E-02 6.74122E-04 
3.17322E-01 1.13159E-01 8.14061E-04 
3.34008E-01 1.11584E-01 9.94431E-04 
3.51481E-01 1.09098E-01 1.23134E-03 
3.69589E-01 1.06219E-01 1.54691E-03 
3.88242E-01 1.03057E-01 1.97385E-03 
4.03004E-01 1.00443E-01 2.41165E-03 
4.07365E-01 9.96525E-02 2.56206E-03 
4.28381E-01 9.57549E-02 3.46438E-03 
4.49723E-01 9.16686E-02 4.79449E-03 
4.71237E-01 8.74407E-02 6.80505E-03 
4.92811E-01 8.31146E-02 9.92667E-03 
5.13177E-01 8.45461E-02 1.49075E-02 
5.37141E-01 8.00040E-02 2.31223E-02 
5.60761E-01 7.54564E-02 3.71490E-02 
5.83926E-01 7.09427E-02 6.19624E-02 
6.06607E-01 6.65079E-02 1.07524E-01 
6.28949E-01 6.22030E-02 1.94213E-01 
6.51677E-01 5.81136E-02 3.64105E-01 
6.77563E-01 5.44670E-02 7.01144E-01 
7.15694E-01 5.18628E-02 1.35020E+00 
7.88564E-01 5.15253E-02 2.46614E+00 
9.19056E-01 5.41652E-02 3.96726E+00 
1.07578E+00 5.71646E-02 5.35913E+00 
1.19042E+00 5.69916E-02 6.21909E+00 
3.02758E-01 8.02154E-02 5.29846E-04 
3.11990E-01 7.80160E-02 6.32306E-04 
3.14740E-01 1.06597E-01 7.62548E-04 
3.30497E-01 1.04202E-01 9.30292E-04 
3.46798E-01 1.00966E-01 1.14998E-03 
3.63475E-01 9.75209E-02 1.44224E-03 
3.80456E-01 9.39153E-02 1.83718E-03 
3.93742E-01 9.10220E-02 2.24124E-03 
3.97645E-01 9.01629E-02 2.38006E-03 
4.16341E-01 8.59993E-02 3.21139E-03 
4.35062E-01 8.17521E-02 4.43420E-03 
4.53718E-01 7.74607E-02 6.27951E-03 
4.72218E-01 7.31259E-02 9.13729E-03 
4.88957E-01 7.37899E-02 1.36879E-02 
5.09013E-01 6.94474E-02 2.11756E-02 
5.28555E-01 6.51428E-02 3.39372E-02 
5.47483E-01 6.09283E-02 5.64576E-02 
5.65789E-01 5.68317E-02 9.77035E-02 
5.83617E-01 5.28934E-02 1.76012E-01 
6.01658E-01 4.91876E-02 3.28992E-01 
6.22457E-01 4.58956E-02 6.31670E-01 
6.54285E-01 4.35099E-02 1.21298E+00 
7.17399E-01 4.30412E-02 2.20875E+00 
8.32050E-01 4.50536E-02 3.54229E+00 
9.69295E-01 4.73538E-02 4.77063E+00 
1.06766E+00 4.70294E-02 5.51945E+00 
3.06574E-01 7.65733E-02 4.97700E-04 
3.15489E-01 7.38499E-02 5.93238E-04 
3.14746E-01 9.86527E-02 7.14245E-04 
3.29164E-01 9.59188E-02 8.69899E-04 
3.44172E-01 9.22536E-02 1.07341E-03 
3.59346E-01 8.85125E-02 1.34365E-03 
3.74591E-01 8.46867E-02 1.70819E-03 
3.86405E-01 8.16844E-02 2.08045E-03 
3.89856E-01 8.08023E-02 2.20839E-03 
4.06233E-01 7.65805E-02 2.97278E-03 
4.22426E-01 7.23552E-02 4.09524E-03 
4.38357E-01 6.81552E-02 5.78447E-03 
4.53919E-01 6.40170E-02 8.39657E-03 
4.67414E-01 6.40758E-02 1.25451E-02 
4.83931E-01 5.99859E-02 1.93599E-02 
4.99794E-01 5.60012E-02 3.09405E-02 
5.14954E-01 5.21382E-02 5.13352E-02 
5.29393E-01 4.84187E-02 8.85938E-02 
5.43284E-01 4.48735E-02 1.59123E-01 
5.57294E-01 4.15587E-02 2.96622E-01 
5.73742E-01 3.86238E-02 5.67852E-01 
6.00175E-01 3.64744E-02 1.08716E+00 
6.54901E-01 3.59426E-02 1.97367E+00 
7.55878E-01 3.74763E-02 3.15556E+00 
8.76385E-01 3.92428E-02 4.23672E+00 
9.60966E-01 3.88389E-02 4.88689E+00 
3.11641E-01 7.22521E-02 4.66918E-04 
3.20016E-01 6.93884E-02 5.55606E-04 
3.16310E-01 9.06199E-02 6.68008E-04 
3.29699E-01 8.72107E-02 8.11923E-04 
3.43273E-01 8.34634E-02 1.00012E-03 
3.56833E-01 7.96284E-02 1.24946E-03 
3.70302E-01 7.57663E-02 1.58515E-03 
3.80622E-01 7.27803E-02 1.92740E-03 
3.83614E-01 7.19095E-02 2.04486E-03 
3.97704E-01 6.77799E-02 2.74627E-03 
4.11463E-01 6.37033E-02 3.77414E-03 
4.24800E-01 5.97044E-02 5.31759E-03 
4.37625E-01 5.58233E-02 7.69999E-03 
4.48231E-01 5.54460E-02 1.14752E-02 
4.61536E-01 5.16817E-02 1.76626E-02 
4.74110E-01 4.80498E-02 2.81509E-02 
4.85926E-01 4.45567E-02 4.65749E-02 
4.97003E-01 4.12202E-02 8.01579E-02 
5.07510E-01 3.80624E-02 1.43571E-01 
5.18061E-01 3.51252E-02 2.66911E-01 
5.30831E-01 3.25325E-02 5.09558E-01 
5.52672E-01 3.06166E-02 9.72529E-01 
6.00217E-01 3.00654E-02 1.76033E+00 
6.89426E-01 3.12362E-02 2.80586E+00 
7.95565E-01 3.25959E-02 3.75551E+00 
8.68503E-01 3.21590E-02 4.31881E+00 
3.17375E-01 6.76473E-02 4.37094E-04 
3.25078E-01 6.45936E-02 5.19223E-04 
3.19527E-01 8.23452E-02 6.23103E-04 
3.31451E-01 7.88193E-02 7.56108E-04 
3.43507E-01 7.50143E-02 9.29524E-04 
3.55389E-01 7.12196E-02 1.15900E-03 
3.67053E-01 6.74508E-02 1.46747E-03 
3.75872E-01 6.45679E-02 1.78160E-03 
3.78414E-01 6.37288E-02 1.88915E-03 
3.90291E-01 5.97861E-02 2.53149E-03 
4.01709E-01 5.59374E-02 3.47032E-03 
4.12598E-01 5.22021E-02 4.87817E-03 
4.22939E-01 4.85770E-02 7.04608E-03 
4.30973E-01 4.79126E-02 1.04752E-02 
4.41383E-01 4.45058E-02 1.60820E-02 
4.51048E-01 4.12308E-02 2.55678E-02 
4.59939E-01 3.81024E-02 4.21937E-02 
4.68106E-01 3.51321E-02 7.24228E-02 
4.75704E-01 3.23332E-02 1.29363E-01 
4.83340E-01 2.97480E-02 2.39816E-01 
4.92989E-01 2.74692E-02 4.56483E-01 
5.10965E-01 2.57738E-02 8.68838E-01 
5.52351E-01 2.52295E-02 1.56786E+00 
6.31412E-01 2.61253E-02 2.49137E+00 
7.25234E-01 2.71741E-02 3.32444E+00 
7.88339E-01 2.67327E-02 3.81175E+00 
3.23064E-01 6.29999E-02 4.07909E-04 
3.30019E-01 5.98200E-02 4.83910E-04 
3.23340E-01 7.42370E-02 5.79752E-04 
3.33715E-01 7.09320E-02 7.02405E-04 
3.44194E-01 6.72083E-02 8.61975E-04 
3.54383E-01 6.35441E-02 1.07292E-03 
3.64235E-01 5.99396E-02 1.35585E-03 
3.71610E-01 5.71999E-02 1.64359E-03 
3.73723E-01 5.64081E-02 1.74223E-03 
3.83481E-01 5.27011E-02 2.32961E-03 
3.92701E-01 4.91121E-02 3.18637E-03 
4.01355E-01 4.56522E-02 4.46924E-03 
4.09391E-01 4.23326E-02 6.43924E-03 
4.15206E-01 4.14548E-02 9.55096E-03 
4.23056E-01 3.83805E-02 1.46262E-02 
4.30169E-01 3.54464E-02 2.31959E-02 
4.36538E-01 3.26584E-02 3.81828E-02 
4.42206E-01 3.00246E-02 6.53687E-02 
4.47343E-01 2.75567E-02 1.16455E-01 
4.52507E-01 2.52812E-02 2.15278E-01 
4.59538E-01 2.32805E-02 4.08624E-01 
4.74235E-01 2.17844E-02 7.75544E-01 
5.10344E-01 2.12622E-02 1.39533E+00 
5.80652E-01 2.19478E-02 2.21046E+00 
6.63901E-01 2.27602E-02 2.94075E+00 
7.18684E-01 2.23302E-02 3.36186E+00 
3.28047E-01 5.86297E-02 3.79876E-04 
3.34115E-01 5.54907E-02 4.50073E-04 
3.26473E-01 6.75415E-02 5.38504E-04 
3.35814E-01 6.37972E-02 6.51419E-04 
3.44699E-01 6.02267E-02 7.98172E-04 
3.53231E-01 5.67289E-02 9.91783E-04 
3.61362E-01 5.33158E-02 1.25130E-03 
3.67366E-01 5.07365E-02 1.51468E-03 
3.69069E-01 4.99962E-02 1.60489E-03 
3.76860E-01 4.65348E-02 2.14152E-03 
3.84083E-01 4.32071E-02 2.92363E-03 
3.90698E-01 4.00233E-02 4.09072E-03 
3.96683E-01 3.69989E-02 5.88223E-03 
4.00569E-01 3.59709E-02 8.70306E-03 
4.06196E-01 3.32023E-02 1.32977E-02 
4.11102E-01 3.05756E-02 2.10358E-02 
4.15302E-01 2.80936E-02 3.45409E-02 
4.18845E-01 2.57593E-02 5.89816E-02 
4.21901E-01 2.35815E-02 1.04804E-01 
4.24990E-01 2.15796E-02 1.93214E-01 
4.29827E-01 1.98223E-02 3.65761E-01 
4.41744E-01 1.85015E-02 6.92145E-01 
4.73321E-01 1.80083E-02 1.24163E+00 
5.36063E-01 1.85331E-02 1.96104E+00 
6.10193E-01 1.91625E-02 2.60099E+00 
6.57918E-01 1.87534E-02 2.96474E+00 
3.31761E-01 5.47028E-02 3.53537E-04 
3.36970E-01 5.15620E-02 4.18358E-04 
3.29540E-01 6.08925E-02 4.99892E-04 
3.37165E-01 5.75251E-02 6.03965E-04 
3.44527E-01 5.41253E-02 7.39027E-04 
3.51498E-01 5.08012E-02 9.16821E-04 
3.58041E-01 4.75755E-02 1.15479E-03 
3.62783E-01 4.51553E-02 1.39611E-03 
3.64117E-01 4.44599E-02 1.47855E-03 
3.70129E-01 4.12311E-02 1.96891E-03 
3.75552E-01 3.81487E-02 2.68235E-03 
3.80366E-01 3.52189E-02 3.74527E-03 
3.84569E-01 3.24355E-02 5.37329E-03 
3.86798E-01 3.13260E-02 7.93293E-03 
3.90489E-01 2.88367E-02 1.20918E-02 
3.93502E-01 2.64840E-02 1.90825E-02 
3.95850E-01 2.42708E-02 3.12572E-02 
3.97592E-01 2.21983E-02 5.32384E-02 
3.98891E-01 2.02712E-02 9.43426E-02 
4.00243E-01 1.85077E-02 1.73481E-01 
4.03235E-01 1.69613E-02 3.27469E-01 
4.12792E-01 1.57928E-02 6.17954E-01 
4.40459E-01 1.53314E-02 1.10525E+00 
4.96629E-01 1.57323E-02 1.74034E+00 
5.62883E-01 1.62212E-02 2.30132E+00 
6.04569E-01 1.58358E-02 2.61529E+00 
3.33747E-01 5.12680E-02 3.29106E-04 
3.38179E-01 4.81311E-02 3.89072E-04 
3.31362E-01 5.50609E-02 4.64434E-04 
3.37275E-01 5.21360E-02 5.60360E-04 
3.43287E-01 4.88647E-02 6.84718E-04 
3.48861E-01 4.57018E-02 8.48319E-04 
3.53979E-01 4.26473E-02 1.06671E-03 
3.57615E-01 4.03667E-02 1.28791E-03 
3.58623E-01 3.97140E-02 1.36353E-03 
3.63074E-01 3.66942E-02 1.81248E-03 
3.66926E-01 3.38289E-02 2.46394E-03 
3.70179E-01 3.11205E-02 3.43371E-03 
3.72807E-01 2.85749E-02 4.91453E-03 
3.73641E-01 2.74014E-02 7.23944E-03 
3.75681E-01 2.51534E-02 1.10100E-02 
3.77074E-01 2.30400E-02 1.73311E-02 
3.77850E-01 2.10606E-02 2.83139E-02 
3.78067E-01 1.92153E-02 4.80995E-02 
3.77885E-01 1.75068E-02 8.50143E-02 
3.77770E-01 1.59468E-02 1.55885E-01 
3.79206E-01 1.45815E-02 2.93461E-01 
3.86743E-01 1.35459E-02 5.52067E-01 
4.11019E-01 1.31166E-02 9.84455E-01 
4.61453E-01 1.34217E-02 1.54538E+00 
5.20847E-01 1.38016E-02 2.03722E+00 
5.57339E-01 1.34411E-02 2.30807E+00 
3.34100E-01 4.83245E-02 3.07153E-04 
3.37825E-01 4.51970E-02 3.62752E-04 
3.31409E-01 5.03956E-02 4.32510E-04 
3.36132E-01 4.75529E-02 5.21189E-04 
3.40949E-01 4.43979E-02 6.35925E-04 
3.45316E-01 4.13618E-02 7.86631E-04 
3.49209E-01 3.84520E-02 9.87729E-04 
3.51883E-01 3.62905E-02 1.19091E-03 
3.52611E-01 3.56732E-02 1.26030E-03 
3.55707E-01 3.28326E-02 1.67191E-03 
3.58210E-01 3.01540E-02 2.26830E-03 
3.60102E-01 2.76408E-02 3.15351E-03 
3.61396E-01 2.52926E-02 4.50375E-03 
3.61029E-01 2.40867E-02 6.61830E-03 
3.61658E-01 2.20466E-02 1.00397E-02 
3.61678E-01 2.01395E-02 1.57668E-02 
3.61116E-01 1.83624E-02 2.56915E-02 
3.60038E-01 1.67133E-02 4.35254E-02 
3.58601E-01 1.51924E-02 7.67157E-02 
3.57247E-01 1.38081E-02 1.40268E-01 
3.57360E-01 1.25989E-02 2.63257E-01 
3.63173E-01 1.16776E-02 4.93871E-01 
3.84496E-01 1.12797E-02 8.77915E-01 
4.29905E-01 1.15105E-02 1.37378E+00 
4.83304E-01 1.18047E-02 1.80533E+00 
5.15328E-01 1.14704E-02 2.03907E+00 
3.32722E-01 4.58048E-02 2.87294E-04 
3.35844E-01 4.26801E-02 3.38889E-04 
3.29569E-01 4.66399E-02 4.03597E-04 
3.33636E-01 4.36007E-02 4.85665E-04 
3.37435E-01 4.05431E-02 5.91735E-04 
3.40768E-01 3.76141E-02 7.30760E-04 
3.43610E-01 3.48226E-02 9.15905E-04 
3.45459E-01 3.27619E-02 1.10284E-03 
3.45945E-01 3.21747E-02 1.16652E-03 
3.47880E-01 2.94857E-02 1.54415E-03 
3.49207E-01 2.69703E-02 2.09015E-03 
3.49930E-01 2.46261E-02 2.89920E-03 
3.50058E-01 2.24480E-02 4.13018E-03 
3.48659E-01 2.12288E-02 6.05431E-03 
3.48063E-01 1.93729E-02 9.16072E-03 
3.46885E-01 1.76482E-02 1.43464E-02 
3.45165E-01 1.60493E-02 2.33132E-02 
3.42968E-01 1.45724E-02 3.93859E-02 
3.40449E-01 1.32154E-02 6.92171E-02 
3.38027E-01 1.19854E-02 1.26193E-01 
3.36997E-01 1.09118E-02 2.36129E-01 
3.41294E-01 1.00920E-02 4.41583E-01 
3.59997E-01 9.72458E-03 7.82523E-01 
4.00924E-01 9.89724E-03 1.22060E+00 
4.48985E-01 1.01241E-02 1.59883E+00 
4.77056E-01 9.81496E-03 1.79999E+00 
3.29916E-01 4.37099E-02 2.69670E-04 
3.32550E-01 4.05626E-02 3.17684E-04 
3.26544E-01 4.34055E-02 3.77768E-04 
3.30012E-01 4.02453E-02 4.53884E-04 
3.32968E-01 3.72520E-02 5.52102E-04 
3.35429E-01 3.44028E-02 6.80584E-04 
3.37374E-01 3.17047E-02 8.51310E-04 
3.38521E-01 2.97240E-02 1.02341E-03 
3.38794E-01 2.91635E-02 1.08209E-03 
3.39729E-01 2.66004E-02 1.42908E-03 
3.40039E-01 2.42220E-02 1.92967E-03 
3.39739E-01 2.20229E-02 2.66981E-03 
3.38844E-01 1.99978E-02 3.79338E-03 
3.36549E-01 1.87755E-02 5.54590E-03 
3.34889E-01 1.70796E-02 8.36873E-03 
3.32674E-01 1.55136E-02 1.30696E-02 
3.29947E-01 1.40707E-02 2.11753E-02 
3.26781E-01 1.27442E-02 3.56695E-02 
3.23328E-01 1.15311E-02 6.25010E-02 
3.19985E-01 1.04346E-02 1.13590E-01 
3.17969E-01 9.47982E-03 2.11903E-01 
3.20942E-01 8.74865E-03 3.94961E-01 
3.37322E-01 8.41031E-03 6.97644E-01 
3.74244E-01 8.53754E-03 1.08463E+00 
4.17550E-01 8.71141E-03 1.41603E+00 
4.42137E-01 8.42647E-03 1.58892E+00 
3.25871E-01 4.19419E-02 2.53818E-04 
3.28126E-01 3.87419E-02 2.98567E-04 
3.22590E-01 4.04651E-02 3.54395E-04 
3.25333E-01 3.73673E-02 4.25056E-04 
3.27581E-01 3.44145E-02 5.16047E-04 
3.29307E-01 3.16210E-02 6.34854E-04 
3.30490E-01 2.89950E-02 7.92472E-04 
3.31032E-01 2.70789E-02 9.50966E-04 
3.31119E-01 2.65399E-02 1.00501E-03 
3.31180E-01 2.40833E-02 1.32389E-03 
3.30602E-01 2.18219E-02 1.78295E-03 
3.29402E-01 1.97494E-02 2.46013E-03 
3.27608E-01 1.78553E-02 3.48568E-03 
3.24521E-01 1.66437E-02 5.08170E-03 
3.21924E-01 1.50889E-02 7.64574E-03 
3.18796E-01 1.36633E-02 1.19055E-02 
3.15187E-01 1.23579E-02 1.92330E-02 
3.11173E-01 1.11647E-02 3.22971E-02 
3.06904E-01 1.00785E-02 5.64125E-02 
3.02763E-01 9.09990E-03 1.02197E-01 
2.99886E-01 8.24991E-03 1.90008E-01 
3.01696E-01 7.59713E-03 3.53054E-01 
3.15989E-01 7.28646E-03 6.21501E-01 
3.49286E-01 7.37809E-03 9.62968E-01 
3.88301E-01 7.50948E-03 1.25299E+00 
4.09783E-01 7.24807E-03 1.40124E+00 
3.20789E-01 4.04744E-02 2.39418E-04 
3.22778E-01 3.71907E-02 2.81093E-04 
3.17601E-01 3.80048E-02 3.33058E-04 
3.19805E-01 3.48984E-02 3.98652E-04 
3.21465E-01 3.19643E-02 4.82955E-04 
3.22561E-01 2.92083E-02 5.92860E-04 
3.23080E-01 2.66349E-02 7.38292E-04 
3.23079E-01 2.47710E-02 8.84309E-04 
3.23012E-01 2.42470E-02 9.33969E-04 
3.22291E-01 2.18774E-02 1.22699E-03 
3.20910E-01 1.97158E-02 1.64783E-03 
3.18896E-01 1.77521E-02 2.26707E-03 
3.16283E-01 1.59747E-02 3.20252E-03 
3.12486E-01 1.47797E-02 4.65500E-03 
3.09052E-01 1.33497E-02 6.98286E-03 
3.05111E-01 1.20486E-02 1.08389E-02 
3.00722E-01 1.08654E-02 1.74548E-02 
2.95962E-01 9.79039E-03 2.92163E-02 
2.90984E-01 8.81628E-03 5.08624E-02 
2.86146E-01 7.94299E-03 9.18440E-02 
2.82522E-01 7.18551E-03 1.70194E-01 
2.83298E-01 6.60296E-03 3.15165E-01 
2.95708E-01 6.31846E-03 5.52944E-01 
3.25704E-01 6.38210E-03 8.53831E-01 
3.60808E-01 6.47977E-03 1.10712E+00 
3.79502E-01 6.24055E-03 1.23389E+00 
3.14806E-01 3.92722E-02 2.26083E-04 
3.16537E-01 3.58924E-02 2.64842E-04 
3.11747E-01 3.58762E-02 3.13132E-04 
3.13439E-01 3.27716E-02 3.73989E-04 
3.14580E-01 2.98395E-02 4.52013E-04 
3.15119E-01 2.71033E-02 5.53525E-04 
3.15047E-01 2.45665E-02 6.87592E-04 
3.14566E-01 2.27421E-02 8.21985E-04 
3.14360E-01 2.22305E-02 8.67623E-04 
3.12939E-01 1.99327E-02 1.13657E-03 
3.10836E-01 1.78557E-02 1.52178E-03 
3.08089E-01 1.59870E-02 2.08720E-03 
3.04742E-01 1.43115E-02 2.93935E-03 
3.00309E-01 1.31401E-02 4.25919E-03 
2.96130E-01 1.18209E-02 6.36891E-03 
2.91469E-01 1.06308E-02 9.85452E-03 
2.86391E-01 9.55686E-03 1.58169E-02 
2.80981E-01 8.58743E-03 2.63877E-02 
2.75387E-01 7.71376E-03 4.57865E-02 
2.69951E-01 6.93379E-03 8.24008E-02 
2.65683E-01 6.25898E-03 1.52189E-01 
2.65548E-01 5.73908E-03 2.80827E-01 
2.76249E-01 5.47924E-03 4.91014E-01 
3.03209E-01 5.52095E-03 7.55586E-01 
3.34727E-01 5.59213E-03 9.76318E-01 
3.50907E-01 5.37333E-03 1.08431E+00 
3.08182E-01 3.83373E-02 2.13606E-04 
3.09674E-01 3.48561E-02 2.49655E-04 
3.05183E-01 3.41306E-02 2.94442E-04 
3.06462E-01 3.09695E-02 3.50811E-04 
3.07114E-01 2.80174E-02 4.22932E-04 
3.07128E-01 2.52806E-02 5.16539E-04 
3.06495E-01 2.27624E-02 6.39894E-04 
3.05565E-01 2.09633E-02 7.63287E-04 
3.05220E-01 2.04617E-02 8.05183E-04 
3.03139E-01 1.82188E-02 1.05146E-03 
3.00365E-01 1.62107E-02 1.40340E-03 
2.96938E-01 1.44226E-02 1.91872E-03 
2.92913E-01 1.28364E-02 2.69318E-03 
2.87905E-01 1.16921E-02 3.88997E-03 
2.83058E-01 1.04711E-02 5.79788E-03 
2.77758E-01 9.38025E-03 8.94120E-03 
2.72077E-01 8.40404E-03 1.43026E-02 
2.66103E-01 7.52914E-03 2.37816E-02 
2.59981E-01 6.74563E-03 4.11260E-02 
2.54045E-01 6.04871E-03 7.37574E-02 
2.49229E-01 5.44785E-03 1.35753E-01 
2.48297E-01 4.98421E-03 2.49637E-01 
2.57441E-01 4.74760E-03 4.34943E-01 
2.81593E-01 4.77206E-03 6.66943E-01 
3.09807E-01 4.82204E-03 8.58798E-01 
3.23713E-01 4.62269E-03 9.50416E-01 
3.00807E-01 3.76286E-02 2.01704E-04 
3.02066E-01 3.40245E-02 2.35159E-04 
2.97883E-01 3.26757E-02 2.76650E-04 
2.98779E-01 2.94537E-02 3.28771E-04 
2.99004E-01 2.64673E-02 3.95344E-04 
2.98552E-01 2.37157E-02 4.81543E-04 
2.97416E-01 2.12012E-02 5.94892E-04 
2.96074E-01 1.94171E-02 7.08026E-04 
2.95607E-01 1.89216E-02 7.46378E-04 
2.92928E-01 1.67186E-02 9.71593E-04 
2.89538E-01 1.47664E-02 1.29261E-03 
2.85493E-01 1.30465E-02 1.76132E-03 
2.80861E-01 1.15370E-02 2.46416E-03 
2.75342E-01 1.04217E-02 3.54742E-03 
2.69910E-01 9.28704E-03 5.26959E-03 
2.64059E-01 8.28363E-03 8.09999E-03 
2.57862E-01 7.39420E-03 1.29136E-02 
2.51417E-01 6.60333E-03 2.13988E-02 
2.44864E-01 5.89951E-03 3.68788E-02 
2.38516E-01 5.27692E-03 6.59097E-02 
2.33252E-01 4.74166E-03 1.20884E-01 
2.31633E-01 4.32834E-03 2.21539E-01 
2.39374E-01 4.11330E-03 3.84643E-01 
2.60953E-01 4.12441E-03 5.87757E-01 
2.86137E-01 4.15753E-03 7.54189E-01 
2.98008E-01 3.97650E-03 8.31733E-01 
2.92685E-01 3.71386E-02 1.90082E-04 
2.93690E-01 3.33831E-02 2.20989E-04 
2.89807E-01 3.14585E-02 2.59279E-04 
2.90276E-01 2.81731E-02 3.07299E-04 
2.90077E-01 2.51333E-02 3.68488E-04 
2.89172E-01 2.23500E-02 4.47555E-04 
2.87552E-01 1.98245E-02 5.51261E-04 
2.85823E-01 1.80448E-02 6.54583E-04 
2.85238E-01 1.75530E-02 6.89579E-04 
2.82003E-01 1.53779E-02 8.94674E-04 
2.78050E-01 1.34704E-02 1.18624E-03 
2.73449E-01 1.18081E-02 1.61103E-03 
2.68271E-01 1.03664E-02 2.24598E-03 
2.62307E-01 9.28192E-03 3.22256E-03 
2.56369E-01 8.22466E-03 4.77117E-03 
2.50045E-01 7.30059E-03 7.30787E-03 
2.43419E-01 6.48970E-03 1.16113E-02 
2.36587E-01 5.77514E-03 1.91739E-02 
2.29688E-01 5.14382E-03 3.29273E-02 
2.23017E-01 4.58867E-03 5.86454E-02 
2.17393E-01 4.11302E-03 1.07184E-01 
2.15182E-01 3.74561E-03 1.95739E-01 
2.21639E-01 3.55096E-03 3.38655E-01 
2.40806E-01 3.55168E-03 5.15662E-01 
2.63160E-01 3.57134E-03 6.59335E-01 
2.73177E-01 3.40769E-03 7.24552E-01 
2.83975E-01 3.68660E-02 1.78853E-04 
2.84741E-01 3.29470E-02 2.07358E-04 
2.81099E-01 3.05251E-02 2.42597E-04 
2.81183E-01 2.71357E-02 2.86701E-04 
2.80544E-01 2.40208E-02 3.42758E-04 
2.79175E-01 2.11873E-02 4.15019E-04 
2.77087E-01 1.86352E-02 5.09618E-04 
2.74990E-01 1.68503E-02 6.03650E-04 
2.74299E-01 1.63589E-02 6.35459E-04 
2.70550E-01 1.41992E-02 8.21671E-04 
2.66086E-01 1.23249E-02 1.08573E-03 
2.60984E-01 1.07104E-02 1.46932E-03 
2.55330E-01 9.32682E-03 2.04137E-03 
2.48986E-01 8.27289E-03 2.91896E-03 
2.42621E-01 7.28413E-03 4.30671E-03 
2.35911E-01 6.43044E-03 6.57408E-03 
2.28944E-01 5.68971E-03 1.04090E-02 
2.21815E-01 5.04355E-03 1.71285E-02 
2.14661E-01 4.47743E-03 2.93114E-02 
2.07759E-01 3.98258E-03 5.20240E-02 
2.01867E-01 3.56045E-03 9.47539E-02 
1.99166E-01 3.23438E-03 1.72420E-01 
2.04468E-01 3.05871E-03 2.97266E-01 
2.21410E-01 3.05160E-03 4.51051E-01 
2.41159E-01 3.06074E-03 5.74680E-01 
2.49517E-01 2.91342E-03 6.29301E-01 
2.74542E-01 3.67725E-02 1.67842E-04 
2.75024E-01 3.26717E-02 1.94027E-04 
2.71617E-01 2.97975E-02 2.26336E-04 
2.71336E-01 2.62944E-02 2.66705E-04 
2.70310E-01 2.30929E-02 3.17909E-04 
2.68533E-01 2.01973E-02 3.83758E-04 
2.66012E-01 1.76068E-02 4.69716E-04 
2.63572E-01 1.58075E-02 5.55026E-04 
2.62784E-01 1.53138E-02 5.83839E-04 
2.58558E-01 1.31585E-02 7.52240E-04 
2.53630E-01 1.13079E-02 9.90429E-04 
2.48086E-01 9.73194E-03 1.33557E-03 
2.42019E-01 8.39828E-03 1.84889E-03 
2.35360E-01 7.37470E-03 2.63452E-03 
2.28651E-01 6.44672E-03 3.87358E-03 
2.21642E-01 5.65616E-03 5.89231E-03 
2.14420E-01 4.97880E-03 9.29659E-03 
2.07084E-01 4.39427E-03 1.52446E-02 
1.99762E-01 3.88691E-03 2.59980E-02 
1.92718E-01 3.44646E-03 4.59794E-02 
1.86648E-01 3.07258E-03 8.34499E-02 
1.83552E-01 2.78392E-03 1.51320E-01 
1.87819E-01 2.62599E-03 2.59968E-01 
2.02706E-01 2.61311E-03 3.93067E-01 
2.20053E-01 2.61427E-03 4.99048E-01 
2.26933E-01 2.48223E-03 5.44553E-01 
2.64515E-01 3.68462E-02 1.57118E-04 
2.64684E-01 3.25396E-02 1.81061E-04 
2.61461E-01 2.92549E-02 2.10562E-04 
2.60796E-01 2.56251E-02 2.47369E-04 
2.59378E-01 2.23214E-02 2.93930E-04 
2.57201E-01 1.93511E-02 3.53658E-04 
2.54287E-01 1.67128E-02 4.31488E-04 
2.51546E-01 1.48925E-02 5.08544E-04 
2.50666E-01 1.43956E-02 5.34553E-04 
2.46030E-01 1.22369E-02 6.86245E-04 
2.40708E-01 1.04026E-02 9.00273E-04 
2.34795E-01 8.85878E-03 1.20959E-03 
2.28392E-01 7.56866E-03 1.66842E-03 
2.21492E-01 6.57495E-03 2.36899E-03 
2.14525E-01 5.70134E-03 3.47094E-03 
2.07302E-01 4.96765E-03 5.26125E-03 
1.99916E-01 4.34735E-03 8.27173E-03 
1.92461E-01 3.81847E-03 1.35166E-02 
1.85060E-01 3.36399E-03 2.29710E-02 
1.77957E-01 2.97274E-03 4.04822E-02 
1.71793E-01 2.64236E-03 7.32122E-02 
1.68394E-01 2.38757E-03 1.32297E-01 
1.71743E-01 2.24617E-03 2.26487E-01 
1.84741E-01 2.22925E-03 3.41244E-01 
1.99887E-01 2.22442E-03 4.31733E-01 
2.05459E-01 2.10670E-03 4.69441E-01 
2.53935E-01 3.70623E-02 1.46688E-04 
2.53767E-01 3.25329E-02 1.68486E-04 
2.50661E-01 2.88763E-02 1.95304E-04 
2.49608E-01 2.50982E-02 2.28693E-04 
2.47815E-01 2.16810E-02 2.70850E-04 
2.45275E-01 1.86278E-02 3.24817E-04 
2.42000E-01 1.59333E-02 3.94959E-04 
2.38984E-01 1.40867E-02 4.64245E-04 
2.38027E-01 1.35846E-02 4.87600E-04 
2.33027E-01 1.14161E-02 6.23665E-04 
2.27371E-01 9.59273E-03 8.15111E-04 
2.21158E-01 8.07586E-03 1.09106E-03 
2.14493E-01 6.82429E-03 1.49937E-03 
2.07421E-01 5.86010E-03 2.12129E-03 
2.00280E-01 5.03562E-03 3.09687E-03 
1.92930E-01 4.35348E-03 4.67780E-03 
1.85464E-01 3.78511E-03 7.32852E-03 
1.77974E-01 3.30679E-03 1.19330E-02 
1.70578E-01 2.90031E-03 2.02068E-02 
1.63498E-01 2.55352E-03 3.54874E-02 
1.57321E-01 2.26248E-03 6.39541E-02 
1.53703E-01 2.03842E-03 1.15160E-01 
1.56243E-01 1.91243E-03 1.96459E-01 
1.67511E-01 1.89288E-03 2.94962E-01 
1.80643E-01 1.88373E-03 3.71863E-01 
1.85065E-01 1.77942E-03 4.02923E-01 
2.42897E-01 3.73921E-02 1.36594E-04 
2.42374E-01 3.26244E-02 1.56352E-04 
2.39330E-01 2.86244E-02 1.80621E-04 
2.37913E-01 2.46895E-02 2.10787E-04 
2.35736E-01 2.11472E-02 2.48765E-04 
2.32832E-01 1.80021E-02 2.97276E-04 
2.29226E-01 1.52464E-02 3.60187E-04 
2.25967E-01 1.33706E-02 4.22219E-04 
2.24943E-01 1.28625E-02 4.43105E-04 
2.19636E-01 1.06809E-02 5.64545E-04 
2.13710E-01 8.86533E-03 7.35009E-04 
2.07265E-01 7.37206E-03 9.80093E-04 
2.00413E-01 6.15563E-03 1.34171E-03 
1.93245E-01 5.22087E-03 1.89133E-03 
1.86012E-01 4.44139E-03 2.75129E-03 
1.78620E-01 3.80653E-03 4.14060E-03 
1.71159E-01 3.28547E-03 6.46412E-03 
1.63717E-01 2.85314E-03 1.04881E-02 
1.56403E-01 2.49026E-03 1.76972E-02 
1.49423E-01 2.18364E-03 3.09710E-02 
1.43307E-01 1.92813E-03 5.56207E-02 
1.39551E-01 1.73190E-03 9.97980E-02 
1.41389E-01 1.62021E-03 1.69655E-01 
1.51082E-01 1.59920E-03 2.53826E-01 
1.62384E-01 1.58713E-03 3.18873E-01 
1.65808E-01 1.49529E-03 3.44295E-01 
2.31498E-01 3.78053E-02 1.26874E-04 
2.30609E-01 3.27874E-02 1.44702E-04 
2.27573E-01 2.84679E-02 1.66555E-04 
2.25778E-01 2.43674E-02 1.93679E-04 
2.23259E-01 2.06963E-02 2.27748E-04 
2.20014E-01 1.74552E-02 2.71140E-04 
2.16087E-01 1.46344E-02 3.27276E-04 
2.12615E-01 1.27276E-02 3.82523E-04 
2.11532E-01 1.22136E-02 4.01107E-04 
2.05974E-01 1.00176E-02 5.08992E-04 
1.99834E-01 8.20834E-03 6.60014E-04 
1.93224E-01 6.73716E-03 8.76591E-04 
1.86262E-01 5.55377E-03 1.19536E-03 
1.79067E-01 4.64863E-03 1.67873E-03 
1.71822E-01 3.91103E-03 2.43304E-03 
1.64467E-01 3.31972E-03 3.64848E-03 
1.57089E-01 2.84205E-03 5.67513E-03 
1.49770E-01 2.45167E-03 9.17520E-03 
1.42611E-01 2.12836E-03 1.54278E-02 
1.35799E-01 1.85810E-03 2.69031E-02 
1.29812E-01 1.63466E-03 4.81439E-02 
1.25993E-01 1.46357E-03 8.60812E-02 
1.27229E-01 1.36513E-03 1.45821E-01 
1.35497E-01 1.34359E-03 2.17398E-01 
1.45149E-01 1.32978E-03 2.72154E-01 
1.47715E-01 1.24945E-03 2.92814E-01 
2.19821E-01 3.82695E-02 1.17547E-04 
2.18574E-01 3.29947E-02 1.33563E-04 
2.15492E-01 2.83788E-02 1.53146E-04 
2.13325E-01 2.41057E-02 1.77404E-04 
2.10477E-01 2.03031E-02 2.07813E-04 
2.06929E-01 1.69659E-02 2.46444E-04 
2.02720E-01 1.40803E-02 2.96273E-04 
1.99052E-01 1.21428E-02 3.45212E-04 
1.97917E-01 1.16225E-02 3.61654E-04 
1.92151E-01 9.41297E-03 4.56979E-04 
1.85858E-01 7.61073E-03 5.90088E-04 
1.79152E-01 6.16167E-03 7.80486E-04 
1.72148E-01 5.01046E-03 1.06004E-03 
1.64990E-01 4.13548E-03 1.48295E-03 
1.57806E-01 3.43727E-03 2.14118E-03 
1.50561E-01 2.88655E-03 3.19905E-03 
1.43336E-01 2.44903E-03 4.95781E-03 
1.36208E-01 2.09705E-03 7.98672E-03 
1.29270E-01 1.80967E-03 1.33817E-02 
1.22687E-01 1.57232E-03 2.32519E-02 
1.16889E-01 1.37780E-03 4.14623E-02 
1.13073E-01 1.22939E-03 7.38742E-02 
1.13801E-01 1.14317E-03 1.24701E-01 
1.20791E-01 1.12186E-03 1.85255E-01 
1.28960E-01 1.10723E-03 2.31099E-01 
1.30800E-01 1.03749E-03 2.47762E-01 
2.08032E-01 3.87604E-02 1.08674E-04 
2.06405E-01 3.32198E-02 1.22984E-04 
2.03233E-01 2.83272E-02 1.40447E-04 
2.00711E-01 2.38810E-02 1.62033E-04 
1.97534E-01 1.99458E-02 1.89020E-04 
1.93713E-01 1.65152E-02 2.23232E-04 
1.89262E-01 1.35687E-02 2.67251E-04 
1.85433E-01 1.16031E-02 3.10378E-04 
1.84256E-01 1.10774E-02 3.24852E-04 
1.78326E-01 8.85709E-03 4.08626E-04 
1.71932E-01 7.06415E-03 5.25319E-04 
1.65187E-01 5.63838E-03 6.91837E-04 
1.58204E-01 4.51952E-03 9.35682E-04 
1.51144E-01 3.67553E-03 1.30380E-03 
1.44087E-01 3.01498E-03 1.87530E-03 
1.37017E-01 2.50245E-03 2.79110E-03 
1.30008E-01 2.10205E-03 4.30980E-03 
1.23132E-01 1.78526E-03 6.91749E-03 
1.16471E-01 1.53051E-03 1.15479E-02 
1.10171E-01 1.32285E-03 1.99947E-02 
1.04614E-01 1.15426E-03 3.55277E-02 
1.00859E-01 1.02625E-03 6.30757E-02 
1.01168E-01 9.51232E-04 1.06096E-01 
1.07020E-01 9.30719E-04 1.57060E-01 
1.13873E-01 9.15967E-04 1.95232E-01 
1.15108E-01 8.55907E-04 2.08569E-01 
1.96204E-01 3.92526E-02 1.00245E-04 
1.94206E-01 3.34438E-02 1.12967E-04 
1.90901E-01 2.82896E-02 1.28452E-04 
1.88024E-01 2.36700E-02 1.47542E-04 
1.84537E-01 1.96057E-02 1.71354E-04 
1.80456E-01 1.60858E-02 2.01471E-04 
1.75798E-01 1.30838E-02 2.40123E-04 
1.71839E-01 1.10945E-02 2.77905E-04 
1.70630E-01 1.05647E-02 2.90571E-04 
1.64587E-01 8.33887E-03 3.63767E-04 
1.58142E-01 6.55893E-03 4.65459E-04 
1.51407E-01 5.15880E-03 6.10197E-04 
1.44500E-01 4.07329E-03 8.21629E-04 
1.37590E-01 3.26154E-03 1.14013E-03 
1.30721E-01 2.63768E-03 1.63336E-03 
1.23885E-01 2.16142E-03 2.42166E-03 
1.17149E-01 1.79569E-03 3.72519E-03 
1.10577E-01 1.51131E-03 5.95700E-03 
1.04241E-01 1.28631E-03 9.90818E-03 
9.82700E-02 1.10543E-03 1.70939E-02 
9.29970E-02 9.60122E-04 3.02651E-02 
8.93558E-02 8.50404E-04 5.35394E-02 
8.93252E-02 7.85618E-04 8.97356E-02 
9.41717E-02 7.66328E-04 1.32367E-01 
9.98604E-02 7.52005E-04 1.63951E-01 
1.00599E-01 7.00743E-04 1.74527E-01 
1.84556E-01 3.97147E-02 9.23523E-05 
1.82214E-01 3.36432E-02 1.03623E-04 
1.78750E-01 2.82458E-02 1.17292E-04 
1.75540E-01 2.34585E-02 1.34102E-04 
1.71751E-01 1.92707E-02 1.55000E-04 
1.67431E-01 1.56686E-02 1.81376E-04 
1.62591E-01 1.26188E-02 2.15145E-04 
1.58529E-01 1.06115E-02 2.48084E-04 
1.57296E-01 1.00792E-02 2.59115E-04 
1.51185E-01 7.85453E-03 3.22757E-04 
1.44738E-01 6.09276E-03 4.10954E-04 
1.38069E-01 4.72164E-03 5.36175E-04 
1.31289E-01 3.67102E-03 7.18648E-04 
1.24575E-01 2.89253E-03 9.92936E-04 
1.17940E-01 2.30428E-03 1.41662E-03 
1.11383E-01 1.86238E-03 2.09203E-03 
1.04964E-01 1.52887E-03 3.20577E-03 
9.87369E-02 1.27406E-03 5.10730E-03 
9.27621E-02 1.07583E-03 8.46416E-03 
8.71512E-02 9.18826E-04 1.45494E-02 
8.21950E-02 7.94152E-04 2.56671E-02 
7.87085E-02 7.00578E-04 4.52449E-02 
7.84143E-02 6.44986E-04 7.55628E-02 
8.23878E-02 6.27202E-04 1.11064E-01 
8.70671E-02 6.13699E-04 1.37076E-01 
8.74115E-02 5.70287E-04 1.45399E-01 
1.72988E-01 4.01359E-02 8.48695E-05 
1.70318E-01 3.38038E-02 9.47917E-05 
1.66670E-01 2.81750E-02 1.06772E-04 
1.63155E-01 2.32274E-02 1.21476E-04 
1.59090E-01 1.89237E-02 1.39686E-04 
1.54535E-01 1.52461E-02 1.62595E-04 
1.49532E-01 1.21564E-02 1.91867E-04 
1.45387E-01 1.01374E-02 2.20354E-04 
1.44139E-01 9.60428E-03 2.29885E-04 
1.37984E-01 7.38804E-03 2.84769E-04 
1.31574E-01 5.65073E-03 3.60655E-04 
1.25019E-01 4.31334E-03 4.68154E-04 
1.18420E-01 3.30058E-03 6.24432E-04 
1.11951E-01 2.55745E-03 8.58873E-04 
1.05601E-01 2.00486E-03 1.22011E-03 
9.93689E-02 1.59634E-03 1.79440E-03 
9.33081E-02 1.29333E-03 2.73877E-03 
8.74623E-02 1.06599E-03 4.34657E-03 
8.18819E-02 8.92243E-04 7.17625E-03 
7.66614E-02 7.56825E-04 1.22903E-02 
7.20506E-02 6.50635E-04 2.16028E-02 
6.87553E-02 5.71515E-04 3.79419E-02 
6.82608E-02 5.24268E-04 6.31369E-02 
7.14714E-02 5.08185E-04 9.24646E-02 
7.52682E-02 4.95782E-04 1.13706E-01 
7.53027E-02 4.59438E-04 1.20174E-01 
1.61699E-01 4.04945E-02 7.78697E-05 
1.58708E-01 3.39068E-02 8.65506E-05 
1.54891E-01 2.80667E-02 9.70038E-05 
1.51066E-01 2.29636E-02 1.09764E-04 
1.46750E-01 1.85549E-02 1.25524E-04 
1.41996E-01 1.48137E-02 1.45294E-04 
1.36858E-01 1.16944E-02 1.70488E-04 
1.32660E-01 9.67141E-03 1.94968E-04 
1.31400E-01 9.13933E-03 2.03142E-04 
1.25235E-01 6.94006E-03 2.50142E-04 
1.18898E-01 5.23364E-03 3.14978E-04 
1.12492E-01 3.93437E-03 4.06620E-04 
1.06111E-01 2.96206E-03 5.39559E-04 
9.99217E-02 2.25587E-03 7.38589E-04 
9.38911E-02 1.73879E-03 1.04451E-03 
8.80188E-02 1.36250E-03 1.52964E-03 
8.23465E-02 1.08822E-03 2.32519E-03 
7.69085E-02 8.86178E-04 3.67571E-03 
7.17446E-02 7.34594E-04 6.04539E-03 
6.69323E-02 6.18416E-04 1.03149E-02 
6.26849E-02 5.28564E-04 1.80639E-02 
5.96076E-02 4.62172E-04 3.16094E-02 
5.89713E-02 4.22371E-04 5.24070E-02 
6.15285E-02 4.08081E-04 7.64700E-02 
6.45693E-02 3.96948E-04 9.36929E-02 
6.43709E-02 3.66851E-04 9.86605E-02 
1.50777E-01 4.07822E-02 7.13533E-05 
1.47465E-01 3.39415E-02 7.88908E-05 
1.43463E-01 2.79041E-02 8.79439E-05 
1.39386E-01 2.26619E-02 9.89584E-05 
1.34835E-01 1.81586E-02 1.12494E-04 
1.29898E-01 1.43643E-02 1.29416E-04 
1.24643E-01 1.12261E-02 1.50927E-04 
1.20410E-01 9.20706E-03 1.71794E-04 
1.19149E-01 8.67850E-03 1.78758E-04 
1.13025E-01 6.50634E-03 2.18725E-04 
1.06793E-01 4.83768E-03 2.73711E-04 
1.00564E-01 3.58106E-03 3.51248E-04 
9.44287E-02 2.65184E-03 4.63479E-04 
8.85453E-02 1.98414E-03 6.31215E-04 
8.28629E-02 1.50252E-03 8.88443E-04 
7.73754E-02 1.15748E-03 1.29529E-03 
7.21133E-02 9.10266E-04 1.96072E-03 
6.71005E-02 7.31524E-04 3.08706E-03 
6.23661E-02 5.99939E-04 5.05760E-03 
5.79729E-02 5.00890E-04 8.59646E-03 
5.40992E-02 4.25413E-04 1.49977E-02 
5.12596E-02 3.70160E-04 2.61469E-02 
5.05319E-02 3.36956E-04 4.31895E-02 
5.25356E-02 3.24478E-04 6.27868E-02 
5.49357E-02 3.14707E-04 7.66439E-02 
5.45706E-02 2.90079E-04 8.04082E-02 
1.40273E-01 4.09891E-02 6.53046E-05 
1.36658E-01 3.39026E-02 7.17996E-05 
1.32469E-01 2.76811E-02 7.95789E-05 
1.28156E-01 2.23118E-02 8.90099E-05 
1.23395E-01 1.77264E-02 1.00535E-04 
1.18306E-01 1.38924E-02 1.14897E-04 
1.12966E-01 1.07483E-02 1.33111E-04 
1.08707E-01 8.74066E-03 1.50734E-04 
1.07446E-01 8.21753E-03 1.56607E-04 
1.01372E-01 6.08082E-03 1.90275E-04 
9.52890E-02 4.45809E-03 2.36530E-04 
8.92877E-02 3.25006E-03 3.01652E-04 
8.34379E-02 2.36713E-03 3.95698E-04 
7.78846E-02 1.73943E-03 5.35983E-04 
7.25672E-02 1.29313E-03 7.50598E-04 
6.74783E-02 9.78295E-04 1.08916E-03 
6.26367E-02 7.56557E-04 1.64140E-03 
5.80567E-02 5.99225E-04 2.57351E-03 
5.37566E-02 4.85654E-04 4.19931E-03 
4.97844E-02 4.01766E-04 7.10987E-03 
4.62875E-02 3.38866E-04 1.23567E-02 
4.36981E-02 2.93307E-04 2.14610E-02 
4.29216E-02 2.65902E-04 3.53160E-02 
4.44625E-02 2.55196E-04 5.11478E-02 
4.63255E-02 2.46811E-04 6.22019E-02 
4.58498E-02 2.26929E-04 6.50114E-02 
1.30235E-01 4.11095E-02 5.97083E-05 
1.26345E-01 3.37880E-02 6.52614E-05 
1.21957E-01 2.73930E-02 7.18817E-05 
1.17435E-01 2.19100E-02 7.98858E-05 
1.12509E-01 1.72589E-02 8.96194E-05 
1.07297E-01 1.33991E-02 1.01699E-04 
1.01890E-01 1.02596E-02 1.16966E-04 
9.76252E-02 8.27143E-03 1.31706E-04 
9.63730E-02 7.75621E-03 1.36617E-04 
9.03991E-02 5.66561E-03 1.64748E-04 
8.44839E-02 4.09511E-03 2.03311E-04 
7.87134E-02 2.93919E-03 2.57475E-04 
7.31614E-02 2.10485E-03 3.35564E-04 
6.79561E-02 1.51854E-03 4.51884E-04 
6.30227E-02 1.10761E-03 6.29452E-04 
5.83451E-02 8.22095E-04 9.08868E-04 
5.39320E-02 6.24395E-04 1.36339E-03 
4.97878E-02 4.86738E-04 2.12840E-03 
4.59211E-02 3.89355E-04 3.45869E-03 
4.23659E-02 3.18825E-04 5.83261E-03 
3.92424E-02 2.66863E-04 1.00975E-02 
3.69094E-02 2.29677E-04 1.74693E-02 
3.61197E-02 2.07324E-04 2.86373E-02 
3.72788E-02 1.98308E-04 4.13165E-02 
3.86977E-02 1.91275E-04 5.00539E-02 
3.81580E-02 1.75476E-04 5.21148E-02 
1.20691E-01 4.11387E-02 5.45435E-05 
1.16549E-01 3.35929E-02 5.92463E-05 
1.11971E-01 2.70367E-02 6.48214E-05 
1.07255E-01 2.14525E-02 7.15379E-05 
1.02200E-01 1.67522E-02 7.96784E-05 
9.68860E-02 1.28787E-02 8.97188E-05 
9.14423E-02 9.75717E-03 1.02375E-04 
8.72017E-02 7.79814E-03 1.14583E-04 
8.59623E-02 7.29289E-03 1.18644E-04 
8.01056E-02 5.25693E-03 1.41894E-04 
7.43831E-02 3.74542E-03 1.73715E-04 
6.88731E-02 2.64649E-03 2.18338E-04 
6.36375E-02 1.86320E-03 2.82564E-04 
5.87917E-02 1.31930E-03 3.78114E-04 
5.42505E-02 9.43533E-04 5.23677E-04 
4.99885E-02 6.86366E-04 7.52196E-04 
4.60039E-02 5.11291E-04 1.12295E-03 
4.22910E-02 3.91671E-04 1.74516E-03 
3.88492E-02 3.08762E-04 2.82387E-03 
3.57015E-02 2.49969E-04 4.74253E-03 
3.29421E-02 2.07462E-04 8.17741E-03 
3.08659E-02 1.77458E-04 1.40920E-02 
3.00917E-02 1.59470E-04 2.30105E-02 
3.09408E-02 1.52031E-04 3.30689E-02 
3.19975E-02 1.46280E-04 3.99059E-02 
3.14316E-02 1.33960E-04 4.13871E-02 
1.11636E-01 4.10679E-02 4.97789E-05 
1.07281E-01 3.33140E-02 5.37223E-05 
1.02542E-01 2.66139E-02 5.83674E-05 
9.76581E-02 2.09422E-02 6.39349E-05 
9.24968E-02 1.62068E-02 7.06573E-05 
8.71175E-02 1.23347E-02 7.89018E-05 
8.16640E-02 9.24306E-03 8.92634E-05 
7.74638E-02 7.32085E-03 9.92433E-05 
7.62445E-02 6.82787E-03 1.02563E-04 
7.05255E-02 4.85496E-03 1.21545E-04 
6.50125E-02 3.40843E-03 1.47494E-04 
5.97839E-02 2.37051E-03 1.83861E-04 
5.48862E-02 1.64052E-03 2.36152E-04 
5.04102E-02 1.13979E-03 3.13865E-04 
4.62624E-02 7.98751E-04 4.32014E-04 
4.24132E-02 5.68885E-04 6.17056E-04 
3.88494E-02 4.15011E-04 9.16503E-04 
3.55565E-02 3.11858E-04 1.41762E-03 
3.25258E-02 2.41858E-04 2.28370E-03 
2.97692E-02 1.93299E-04 3.81913E-03 
2.73596E-02 1.58911E-04 6.55818E-03 
2.55353E-02 1.35018E-04 1.12559E-02 
2.47986E-02 1.20769E-04 1.83059E-02 
2.54005E-02 1.14773E-04 2.62028E-02 
2.61668E-02 1.10213E-04 3.14942E-02 
2.56041E-02 1.00824E-04 3.25329E-02 
1.03101E-01 4.09024E-02 4.54008E-05 
9.85702E-02 3.29568E-02 4.86695E-05 
9.36844E-02 2.61263E-02 5.24836E-05 
8.86604E-02 2.03812E-02 5.70309E-05 
8.34091E-02 1.56232E-02 6.24934E-05 
7.80078E-02 1.17685E-02 6.91724E-05 
7.25777E-02 8.71921E-03 7.75328E-05 
6.84324E-02 6.84101E-03 8.55709E-05 
6.72363E-02 6.36213E-03 8.82424E-05 
6.16818E-02 4.46049E-03 1.03534E-04 
5.64095E-02 3.08497E-03 1.24444E-04 
5.14794E-02 2.11130E-03 1.53740E-04 
4.69195E-02 1.43564E-03 1.95806E-04 
4.28083E-02 9.78165E-04 2.58277E-04 
3.90515E-02 6.71242E-04 3.53118E-04 
3.56072E-02 4.67534E-04 5.01341E-04 
3.24524E-02 3.33469E-04 7.40594E-04 
2.95639E-02 2.45305E-04 1.13986E-03 
2.69259E-02 1.86765E-04 1.82779E-03 
2.45401E-02 1.47084E-04 3.04326E-03 
2.24618E-02 1.19621E-04 5.20377E-03 
2.08800E-02 1.00886E-04 8.89411E-03 
2.01973E-02 8.98091E-05 1.44053E-02 
2.06059E-02 8.51140E-05 2.05349E-02 
2.11436E-02 8.16387E-05 2.45807E-02 
2.06062E-02 7.46953E-05 2.52874E-02 
9.50744E-02 4.06451E-02 4.13792E-05 
9.03787E-02 3.25165E-02 4.40388E-05 
8.53838E-02 2.55750E-02 4.71216E-05 
8.02484E-02 1.97710E-02 5.07669E-05 
7.49426E-02 1.50061E-02 5.51261E-05 
6.95379E-02 1.11808E-02 6.04303E-05 
6.41616E-02 8.18582E-03 6.70539E-05 
6.00978E-02 6.35971E-03 7.34188E-05 
5.89320E-02 5.89694E-03 7.55344E-05 
5.35583E-02 4.07342E-03 8.76413E-05 
4.85438E-02 2.77376E-03 1.04236E-04 
4.39205E-02 1.86689E-03 1.27489E-04 
3.97094E-02 1.24680E-03 1.60883E-04 
3.59672E-02 8.32687E-04 2.10470E-04 
3.25939E-02 5.59067E-04 2.85639E-04 
2.95422E-02 3.80300E-04 4.02894E-04 
2.67799E-02 2.64669E-04 5.91711E-04 
2.42761E-02 1.90103E-04 9.05924E-04 
2.20083E-02 1.41694E-04 1.44564E-03 
1.99704E-02 1.09694E-04 2.39595E-03 
1.82018E-02 8.81043E-05 4.07885E-03 
1.68499E-02 7.36956E-05 6.94145E-03 
1.62324E-02 6.52917E-05 1.11948E-02 
1.64934E-02 6.17533E-05 1.58906E-02 
1.68543E-02 5.92480E-05 1.89405E-02 
1.63581E-02 5.43299E-05 1.94029E-02 
8.76084E-02 4.02965E-02 3.77192E-05 
8.27742E-02 3.20010E-02 3.98413E-05 
7.76989E-02 2.49666E-02 4.22854E-05 
7.24872E-02 1.91210E-02 4.51471E-05 
6.71451E-02 1.43611E-02 4.85432E-05 
6.17746E-02 1.05802E-02 5.26710E-05 
5.64769E-02 7.64983E-03 5.78087E-05 
5.25130E-02 5.88234E-03 6.27497E-05 
5.13835E-02 5.43744E-03 6.43945E-05 
4.62192E-02 3.69874E-03 7.38209E-05 
4.14683E-02 2.47780E-03 8.67737E-05 
3.71584E-02 1.63915E-03 1.04966E-04 
3.32969E-02 1.07469E-03 1.31128E-04 
2.99169E-02 7.03112E-04 1.70002E-04 
2.69170E-02 4.61514E-04 2.28893E-04 
2.42410E-02 3.06197E-04 3.20599E-04 
2.18482E-02 2.07463E-04 4.67938E-04 
1.97020E-02 1.45050E-04 7.12437E-04 
1.77754E-02 1.05471E-04 1.13111E-03 
1.60561E-02 8.00064E-05 1.86567E-03 
1.45703E-02 6.33188E-05 3.16161E-03 
1.34307E-02 5.24771E-05 5.35655E-03 
1.28842E-02 4.62851E-05 8.60076E-03 
1.30365E-02 4.37539E-05 1.21551E-02 
1.32652E-02 4.20991E-05 1.44246E-02 
1.28200E-02 3.88251E-05 1.47126E-02 
8.05904E-02 3.98564E-02 3.43487E-05 
7.56497E-02 3.14098E-02 3.59949E-05 
7.05085E-02 2.42956E-02 3.78705E-05 
6.52617E-02 1.84273E-02 4.00509E-05 
5.99169E-02 1.36877E-02 4.26108E-05 
5.46013E-02 9.96245E-03 4.57164E-05 
4.94178E-02 7.10888E-03 4.95862E-05 
4.55685E-02 5.40602E-03 5.33080E-05 
4.44788E-02 4.98043E-03 5.45503E-05 
3.95510E-02 3.33311E-03 6.17135E-05 
3.50814E-02 2.19445E-03 7.16012E-05 
3.10889E-02 1.42523E-03 8.55386E-05 
2.75757E-02 9.16348E-04 1.05649E-04 
2.45568E-02 5.86736E-04 1.35623E-04 
2.19188E-02 3.75990E-04 1.81013E-04 
1.95999E-02 2.42744E-04 2.51587E-04 
1.75539E-02 1.59569E-04 3.64721E-04 
1.57403E-02 1.08082E-04 5.51947E-04 
1.41278E-02 7.62433E-05 8.71496E-04 
1.27003E-02 5.63790E-05 1.43022E-03 
1.14723E-02 4.38041E-05 2.41197E-03 
1.05280E-02 3.59175E-05 4.06731E-03 
1.00553E-02 3.15639E-05 6.50045E-03 
1.01293E-02 2.99116E-05 9.14450E-03 
1.02611E-02 2.90057E-05 1.08021E-02 
9.87194E-03 2.70689E-05 1.09672E-02 
7.40569E-02 3.93298E-02 3.12706E-05 
6.90473E-02 3.07529E-02 3.25031E-05 
6.38624E-02 2.35743E-02 3.38821E-05 
5.86102E-02 1.76997E-02 3.54739E-05 
5.32950E-02 1.29954E-02 3.73188E-05 
4.80605E-02 9.33740E-03 3.95548E-05 
4.30169E-02 6.57025E-03 4.23564E-05 
3.93079E-02 4.93830E-03 4.50662E-05 
3.82645E-02 4.53348E-03 4.59750E-05 
3.35815E-02 2.98099E-03 5.12460E-05 
2.94059E-02 1.92666E-03 5.86046E-05 
2.57440E-02 1.22740E-03 6.90690E-05 
2.25762E-02 7.73052E-04 8.42414E-05 
1.98988E-02 4.83603E-04 1.06931E-04 
1.76011E-02 3.01931E-04 1.41319E-04 
1.56149E-02 1.89109E-04 1.94744E-04 
1.38887E-02 1.20031E-04 2.80225E-04 
1.23781E-02 7.82170E-05 4.21314E-04 
1.10491E-02 5.30679E-05 6.61317E-04 
9.88253E-03 3.79265E-05 1.07946E-03 
8.88421E-03 2.87497E-05 1.81110E-03 
8.11521E-03 2.32717E-05 3.03889E-03 
7.71517E-03 2.04224E-05 4.83303E-03 
7.73568E-03 1.95251E-05 6.76569E-03 
7.79913E-03 1.92655E-05 7.95328E-03 
7.46745E-03 1.84010E-05 8.03560E-03 
6.79711E-02 3.87123E-02 2.84557E-05 
6.29265E-02 3.00291E-02 2.93293E-05 
5.77320E-02 2.28066E-02 3.02816E-05 
5.24998E-02 1.69414E-02 3.13666E-05 
4.72485E-02 1.22881E-02 3.26069E-05 
4.21211E-02 8.70891E-03 3.41098E-05 
3.72405E-02 6.03693E-03 3.60203E-05 
3.36894E-02 4.48104E-03 3.78937E-05 
3.26968E-02 4.09812E-03 3.85281E-05 
2.82786E-02 2.64422E-03 4.22514E-05 
2.44064E-02 1.67530E-03 4.75503E-05 
2.10732E-02 1.04524E-03 5.51948E-05 
1.82429E-02 6.43840E-04 6.63772E-05 
1.58944E-02 3.92668E-04 8.32044E-05 
1.39172E-02 2.38168E-04 1.08763E-04 
1.22387E-02 1.44059E-04 1.48464E-04 
1.08033E-02 8.76209E-05 2.11890E-04 
9.56470E-03 5.42881E-05 3.16301E-04 
8.48789E-03 3.48725E-05 4.93345E-04 
7.55079E-03 2.36796E-05 8.00531E-04 
6.75385E-03 1.72889E-05 1.33571E-03 
6.13911E-03 1.37582E-05 2.22924E-03 
5.80799E-03 1.21313E-05 3.52665E-03 
5.79410E-03 1.18790E-05 4.91096E-03 
5.81142E-03 1.21750E-05 5.74273E-03 
5.53539E-03 1.21636E-05 5.77191E-03 
6.23081E-02 3.80039E-02 2.58815E-05 
5.72646E-02 2.92423E-02 2.64478E-05 
5.20892E-02 2.19960E-02 2.70340E-05 
4.69053E-02 1.61578E-02 2.76882E-05 
4.17490E-02 1.15711E-02 2.84222E-05 
3.67565E-02 8.08208E-03 2.93166E-05 
3.20591E-02 5.51292E-03 3.04924E-05 
2.86825E-02 4.03758E-03 3.16862E-05 
2.77439E-02 3.67737E-03 3.20972E-05 
2.36077E-02 2.32481E-03 3.45752E-05 
2.00448E-02 1.44135E-03 3.82239E-05 
1.70380E-02 8.79002E-04 4.36207E-05 
1.45348E-02 5.28348E-04 5.16344E-05 
1.24989E-02 3.13197E-04 6.38200E-05 
1.08192E-02 1.83734E-04 8.24007E-05 
9.42089E-03 1.06521E-04 1.11288E-04 
8.24620E-03 6.12689E-05 1.57384E-04 
7.24796E-03 3.52860E-05 2.33075E-04 
6.39124E-03 2.07296E-05 3.60984E-04 
5.65285E-03 1.28124E-05 5.81962E-04 
5.02917E-03 8.68652E-06 9.65124E-04 
4.54762E-03 6.71884E-06 1.60126E-03 
4.27960E-03 6.07987E-06 2.51844E-03 
4.24544E-03 6.37724E-06 3.48659E-03 
4.23332E-03 7.15046E-06 4.05349E-03 
4.00879E-03 7.81403E-06 4.05061E-03 
5.70398E-02 3.72041E-02 2.35265E-05 
5.20238E-02 2.83899E-02 2.38283E-05 
4.69029E-02 2.11459E-02 2.41063E-05 
4.17950E-02 1.53527E-02 2.43979E-05 
3.67623E-02 1.08482E-02 2.47125E-05 
3.19319E-02 7.46110E-03 2.51097E-05 
2.74396E-02 5.00226E-03 2.56916E-05 
2.42503E-02 3.61092E-03 2.63415E-05 
2.33698E-02 3.27420E-03 2.65754E-05 
1.95273E-02 2.02442E-03 2.80683E-05 
1.62779E-02 1.22565E-03 3.04217E-05 
1.35917E-02 7.28796E-04 3.40605E-05 
1.14052E-02 4.26279E-04 3.96135E-05 
9.66196E-03 2.44463E-04 4.81884E-05 
8.25505E-03 1.37715E-04 6.13532E-05 
7.10822E-03 7.55260E-05 8.18647E-05 
6.16319E-03 4.00304E-05 1.14573E-04 
5.37362E-03 2.03333E-05 1.68146E-04 
4.70544E-03 9.84816E-06 2.58340E-04 
4.13592E-03 4.62287E-06 4.13444E-04 
3.65834E-03 2.32364E-06 6.80923E-04 
3.28935E-03 1.60305E-06 1.12215E-03 
3.07719E-03 1.76009E-06 1.75311E-03 
3.03267E-03 2.52690E-06 2.41078E-03 
3.00306E-03 3.71099E-06 2.78399E-03 
2.82436E-03 4.90751E-06 2.76362E-03 
5.21320E-02 3.63059E-02 2.13684E-05 
4.71720E-02 2.74695E-02 2.14452E-05 
4.21412E-02 2.02578E-02 2.14679E-05 
3.71411E-02 1.45311E-02 2.14605E-05 
3.22558E-02 1.01237E-02 2.14315E-05 
2.76139E-02 6.85021E-03 2.14308E-05 
2.33456E-02 4.50836E-03 2.15418E-05 
2.03549E-02 3.20387E-03 2.17662E-05 
1.95361E-02 2.89126E-03 2.18634E-05 
1.59969E-02 1.74483E-03 2.25971E-05 
1.30621E-02 1.02902E-03 2.39593E-05 
1.06886E-02 5.94769E-04 2.62577E-05 
8.80066E-03 3.37086E-04 2.99326E-05 
7.32875E-03 1.85683E-04 3.57580E-05 
6.16933E-03 9.92459E-05 4.48069E-05 
5.24548E-03 5.02126E-05 5.89648E-05 
4.49979E-03 2.30902E-05 8.15377E-05 
3.88801E-03 8.68614E-06 1.18412E-04 
3.37798E-03 1.56667E-06 1.80209E-04 
2.94885E-03 -1.47019E-06 2.85935E-04 
2.59166E-03 -2.30784E-06 4.67051E-04 
2.31550E-03 -2.03842E-06 7.63476E-04 
2.15108E-03 -1.24013E-06 1.18311E-03 
2.10266E-03 -7.03213E-08 1.61359E-03 
2.06369E-03 1.46993E-06 1.84806E-03 
1.92418E-03 3.08744E-06 1.81976E-03 
4.75255E-02 3.52890E-02 1.93759E-05 
4.26606E-02 2.64736E-02 1.92668E-05 
3.77512E-02 1.93261E-02 1.90793E-05 
3.28921E-02 1.36912E-02 1.88297E-05 
2.81822E-02 9.39869E-03 1.85261E-05 
2.37537E-02 6.25099E-03 1.82136E-05 
1.97281E-02 4.03293E-03 1.79608E-05 
1.69462E-02 2.81775E-03 1.78613E-05 
1.61909E-02 2.52958E-03 1.78548E-05 
1.29621E-02 1.48644E-03 1.80194E-05 
1.03411E-02 8.51404E-04 1.86456E-05 
8.26995E-03 4.76404E-04 1.99487E-05 
6.66398E-03 2.60110E-04 2.22319E-05 
5.44187E-03 1.36070E-04 2.60170E-05 
4.50276E-03 6.74648E-05 3.20006E-05 
3.77265E-03 2.97451E-05 4.14278E-05 
3.19663E-03 9.69217E-06 5.64689E-05 
2.73346E-03 -3.17543E-07 8.09629E-05 
2.35360E-03 -4.68559E-06 1.21773E-04 
2.03861E-03 -5.95851E-06 1.91140E-04 
1.77849E-03 -5.63108E-06 3.08928E-04 
1.57700E-03 -4.57574E-06 4.99693E-04 
1.45205E-03 -3.25759E-06 7.66044E-04 
1.40347E-03 -1.73771E-06 1.03327E-03 
1.36024E-03 1.15211E-07 1.17031E-03 
1.25301E-03 2.06722E-06 1.13990E-03 
4.31995E-02 3.41339E-02 1.75358E-05 
3.84723E-02 2.53951E-02 1.72789E-05 
3.37168E-02 1.83500E-02 1.69236E-05 
2.90337E-02 1.28371E-02 1.64852E-05 
2.45266E-02 8.67872E-03 1.59702E-05 
2.03343E-02 5.66918E-03 1.54235E-05 
1.65689E-02 3.58128E-03 1.49030E-05 
1.40026E-02 2.45684E-03 1.45681E-05 
1.33122E-02 2.19314E-03 1.44870E-05 
1.03968E-02 1.25192E-03 1.42474E-05 
8.08195E-03 6.94056E-04 1.43510E-05 
6.29856E-03 3.74123E-04 1.49485E-05 
4.95229E-03 1.95144E-04 1.62378E-05 
3.95415E-03 9.51021E-05 1.85577E-05 
3.20803E-03 4.17910E-05 2.23388E-05 
2.64260E-03 1.35508E-05 2.83585E-05 
2.20704E-03 -6.95600E-07 3.79723E-05 
1.86428E-03 -7.15158E-06 5.35582E-05 
1.58818E-03 -9.31998E-06 7.93140E-05 
1.36276E-03 -9.19683E-06 1.22664E-04 
1.17814E-03 -7.95260E-06 1.95330E-04 
1.03458E-03 -6.27788E-06 3.11175E-04 
9.40761E-04 -4.53866E-06 4.69489E-04 
8.93718E-04 -2.71395E-06 6.22723E-04 
8.48964E-04 -5.86585E-07 6.93261E-04 
7.67193E-04 1.63059E-06 6.64065E-04 
3.90781E-02 3.27976E-02 1.58127E-05 
3.45342E-02 2.42057E-02 1.54425E-05 
2.99729E-02 1.73134E-02 1.49589E-05 
2.55049E-02 1.19605E-02 1.43806E-05 
2.12322E-02 7.96054E-03 1.37112E-05 
1.72990E-02 5.10338E-03 1.29967E-05 
1.38113E-02 3.15288E-03 1.22905E-05 
1.14680E-02 2.12095E-03 1.17950E-05 
1.08437E-02 1.88175E-03 1.16637E-05 
8.24120E-03 1.04062E-03 1.11526E-05 
6.22419E-03 5.56155E-04 1.09066E-05 
4.71227E-03 2.86920E-04 1.10276E-05 
3.60360E-03 1.41200E-04 1.16370E-05 
2.80381E-03 6.18730E-05 1.29398E-05 
2.22310E-03 2.13980E-05 1.51773E-05 
1.79466E-03 9.27491E-07 1.87988E-05 
1.47287E-03 -8.64399E-06 2.45873E-05 
1.22537E-03 -1.22767E-05 3.38970E-05 
1.02999E-03 -1.27112E-05 4.90776E-05 
8.72869E-04 -1.14939E-05 7.41724E-05 
7.45385E-04 -9.53113E-06 1.15313E-04 
6.45371E-04 -7.36811E-06 1.79049E-04 
5.75125E-04 -5.28572E-06 2.62668E-04 
5.29953E-04 -3.19417E-06 3.37834E-04 
4.84917E-04 -8.25400E-07 3.63994E-04 
4.22412E-04 1.60092E-06 3.37516E-04 
3.50960E-02 3.12242E-02 1.41772E-05 
3.07827E-02 2.28664E-02 1.37249E-05 
2.64651E-02 1.61950E-02 1.31524E-05 
2.22542E-02 1.10495E-02 1.24785E-05 
1.82531E-02 7.23961E-03 1.17075E-05 
1.46055E-02 4.55266E-03 1.08857E-05 
1.14137E-02 2.74818E-03 1.00655E-05 
9.29972E-03 1.81056E-03 9.47273E-06 
8.74207E-03 1.59586E-03 9.31102E-06 
6.45042E-03 8.52640E-04 8.63857E-06 
4.71999E-03 4.37330E-04 8.18126E-06 
3.46038E-03 2.14107E-04 8.00480E-06 
2.56505E-03 9.74691E-05 8.17564E-06 
1.93742E-03 3.56180E-05 8.80395E-06 
1.49527E-03 5.64552E-06 1.00005E-05 
1.17778E-03 -8.63342E-06 1.19891E-05 
9.45244E-04 -1.45520E-05 1.51595E-05 
7.70538E-04 -1.60037E-05 2.01686E-05 
6.35552E-04 -1.51059E-05 2.81088E-05 
5.28805E-04 -1.30486E-05 4.07409E-05 
4.42938E-04 -1.05339E-05 6.04300E-05 
3.74394E-04 -7.99316E-06 8.88647E-05 
3.21120E-04 -5.63592E-06 1.22182E-04 
2.77408E-04 -3.31614E-06 1.45303E-04 
2.32429E-04 -7.41790E-07 1.42742E-04 
1.83907E-04 1.84194E-06 1.19466E-04 
3.11670E-02 2.93282E-02 1.25923E-05 
2.71387E-02 2.13179E-02 1.20878E-05 
2.31246E-02 1.49592E-02 1.14651E-05 
1.92203E-02 1.00834E-02 1.07381E-05 
1.55350E-02 6.50561E-03 9.91539E-06 
1.22054E-02 4.01276E-03 9.04207E-06 
9.33033E-03 2.36566E-03 8.17096E-06 
7.45327E-03 1.52507E-03 7.53510E-06 
6.96321E-03 1.33497E-03 7.36007E-06 
4.97848E-03 6.87418E-04 6.61466E-06 
3.52103E-03 3.36794E-04 6.05389E-06 
2.49282E-03 1.54778E-04 5.71614E-06 
1.78542E-03 6.30808E-05 5.62796E-06 
1.30365E-03 1.56235E-05 5.83423E-06 
9.74337E-04 -6.01069E-06 6.35825E-06 
7.43761E-04 -1.55190E-05 7.27336E-06 
5.78811E-04 -1.86840E-05 8.70886E-06 
4.57679E-04 -1.85147E-05 1.08608E-05 
3.66137E-04 -1.66356E-05 1.39915E-05 
2.95060E-04 -1.39641E-05 1.83667E-05 
2.38277E-04 -1.10500E-05 2.38917E-05 
1.91573E-04 -8.23712E-06 2.91457E-05 
1.49927E-04 -5.67661E-06 2.96574E-05 
1.07126E-04 -3.17835E-06 1.92637E-05 
6.22345E-05 -4.47787E-07 -1.12336E-06 
2.36156E-05 2.23506E-06 -2.11626E-05 
2.71964E-02 2.70006E-02 1.10173E-05 
2.35180E-02 1.94863E-02 1.04907E-05 
1.98694E-02 1.35541E-02 9.85286E-06 
1.63318E-02 9.03101E-03 9.11440E-06 
1.30154E-02 5.74135E-03 8.28784E-06 
1.00442E-02 3.47516E-03 7.41557E-06 
7.51133E-03 2.00123E-03 6.54985E-06 
5.88145E-03 1.26222E-03 5.91816E-06 
5.46021E-03 1.09712E-03 5.74398E-06 
3.77942E-03 5.43707E-04 4.99749E-06 
2.58019E-03 2.53415E-04 4.41519E-06 
1.76129E-03 1.07903E-04 4.01575E-06 
1.21621E-03 3.71994E-05 3.79721E-06 
8.54945E-04 1.32386E-06 3.76101E-06 
6.14646E-04 -1.39111E-05 3.87499E-06 
4.49720E-04 -1.98965E-05 4.11680E-06 
3.33928E-04 -2.10942E-05 4.45147E-06 
2.50592E-04 -1.98047E-05 4.78492E-06 
1.89014E-04 -1.72742E-05 4.86027E-06 
1.42168E-04 -1.42171E-05 4.01596E-06 
1.04919E-04 -1.10707E-05 6.43144E-07 
7.28384E-05 -8.11207E-06 -8.52470E-06 
3.90044E-05 -5.44471E-06 -2.81704E-05 
-2.93137E-06 -2.84854E-06 -5.86956E-05 
-4.72762E-05 -4.42583E-08 -8.90674E-05 
-7.87747E-05 2.65438E-06 -1.05977E-04 
2.31180E-02 2.41491E-02 9.42133E-06 
1.98522E-02 1.73024E-02 8.89896E-06 
1.66273E-02 1.19269E-02 8.27589E-06 
1.35200E-02 7.85745E-03 7.56433E-06 
1.06294E-02 4.92494E-03 6.77787E-06 
8.06353E-03 2.92768E-03 5.95541E-06 
5.90443E-03 1.64857E-03 5.14650E-06 
4.53514E-03 1.01815E-03 4.56010E-06 
4.18467E-03 8.78921E-04 4.39874E-06 
2.80690E-03 4.19495E-04 3.70918E-06 
1.85155E-03 1.85746E-04 3.16660E-06 
1.21980E-03 7.24131E-05 2.77530E-06 
8.12315E-04 1.91502E-05 2.51509E-06 
5.48233E-04 -7.52151E-06 2.36106E-06 
3.76166E-04 -1.80121E-05 2.25099E-06 
2.59350E-04 -2.15491E-05 2.10956E-06 
1.78196E-04 -2.14900E-05 1.81075E-06 
1.20679E-04 -1.95716E-05 1.10198E-06 
7.91247E-05 -1.67527E-05 -5.52043E-07 
4.82436E-05 -1.35947E-05 -4.29876E-06 
2.38130E-05 -1.04477E-05 -1.25069E-05 
1.41640E-06 -7.53403E-06 -2.92976E-05 
-2.66341E-05 -4.91902E-06 -5.91655E-05 
-6.64677E-05 -2.37232E-06 -9.91777E-05 
-1.08582E-04 3.53449E-07 -1.33147E-04 
-1.34364E-04 2.92750E-06 -1.46939E-04 
1.89731E-02 2.07972E-02 7.81104E-06 
1.61549E-02 1.47686E-02 7.30954E-06 
1.33951E-02 1.00732E-02 6.72374E-06 
1.07654E-02 6.55510E-03 6.06883E-06 
8.34552E-03 4.04821E-03 5.35731E-06 
6.22663E-03 2.36458E-03 4.62598E-06 
4.46893E-03 1.30333E-03 3.91617E-06 
3.37265E-03 7.89577E-04 3.40866E-06 
3.09482E-03 6.77386E-04 3.26980E-06 
2.01829E-03 3.12571E-04 2.68119E-06 
1.29221E-03 1.32172E-04 2.22151E-06 
8.26008E-04 4.72617E-05 1.88493E-06 
5.33336E-04 8.47516E-06 1.64303E-06 
3.46668E-04 -1.07759E-05 1.46045E-06 
2.26416E-04 -1.78318E-05 1.26769E-06 
1.44898E-04 -1.98148E-05 9.74589E-07 
8.84099E-05 -1.91656E-05 4.29253E-07 
4.87739E-05 -1.71620E-05 -6.61503E-07 
2.07240E-05 -1.45208E-05 -2.89274E-06 
3.92019E-07 -1.16701E-05 -7.48989E-06 
-1.55587E-05 -8.87961E-06 -1.68693E-05 
-3.11449E-05 -6.31909E-06 -3.50373E-05 
-5.35064E-05 -4.02518E-06 -6.58254E-05 
-8.79649E-05 -1.78758E-06 -1.05115E-04 
-1.24244E-04 5.91715E-07 -1.36346E-04 
-1.44326E-04 2.80521E-06 -1.46816E-04 
1.49837E-02 1.71942E-02 6.26056E-06 
1.26140E-02 1.20656E-02 5.79038E-06 
1.03251E-02 8.11868E-03 5.25629E-06 
8.18089E-03 5.20458E-03 4.67574E-06 
6.24165E-03 3.16043E-03 4.06112E-06 
4.57547E-03 1.81175E-03 3.44460E-06 
3.22042E-03 9.77981E-04 2.85943E-06 
2.39192E-03 5.82278E-04 2.44946E-06 
2.18433E-03 4.96886E-04 2.33843E-06 
1.39203E-03 2.23219E-04 1.87397E-06 
8.71629E-04 9.14577E-05 1.51805E-06 
5.46047E-04 3.10684E-05 1.25973E-06 
3.46089E-04 4.15675E-06 1.07153E-06 
2.20140E-04 -8.99696E-06 9.21410E-07 
1.39598E-04 -1.35752E-05 7.53441E-07 
8.50265E-05 -1.46810E-05 4.95170E-07 
4.72897E-05 -1.40088E-05 2.62062E-08 
2.09821E-05 -1.24370E-05 -8.83612E-07 
2.61060E-06 -1.04558E-05 -2.69531E-06 
-1.04893E-05 -8.35637E-06 -6.34809E-06 
-2.06922E-05 -6.32063E-06 -1.36694E-05 
-3.09768E-05 -4.46175E-06 -2.76424E-05 
-4.66585E-05 -2.79774E-06 -5.09900E-05 
-7.15573E-05 -1.17256E-06 -8.03193E-05 
-9.76735E-05 5.49363E-07 -1.03090E-04 
-1.11473E-04 2.13758E-06 -1.10085E-04 
---
