PdfType: replica
Format: lhagrid1
---
1.00000E-06 1.28121E-06 1.64152E-06 2.10317E-06 2.69463E-06 3.45242E-06 4.42329E-06 5.66715E-06 7.26076E-06 9.30241E-06 1.19180E-05 1.52689E-05 1.95617E-05 2.50609E-05 3.21053E-05 4.11287E-05 5.26863E-05 6.74889E-05 8.64459E-05 1.10720E-04 1.41800E-04 1.81585E-04 2.32503E-04 2.97652E-04 3.80981E-04 4.87518E-04 6.26039E-04 8.00452E-04 1.02297E-03 1.30657E-03 1.66759E-03 2.12729E-03 2.71054E-03 3.44865E-03 4.37927E-03 5.54908E-03 7.01192E-03 8.83064E-03 1.10763E-02 1.38266E-02 1.71641E-02 2.11717E-02 2.59364E-02 3.15062E-02 3.79623E-02 4.53425E-02 5.36750E-02 6.29705E-02 7.32221E-02 8.44039E-02 9.64793E-02 1.09332E-01 1.23067E-01 1.37507E-01 1.52639E-01 1.68416E-01 1.84794E-01 2.01731E-01 2.19016E-01 2.36948E-01 2.55242E-01 2.73927E-01 2.92954E-01 3.12340E-01 3.32036E-01 3.52019E-01 3.72282E-01 3.92772E-01 4.13533E-01 4.34326E-01 4.55495E-01 4.76836E-01 4.98342E-01 5.20006E-01 5.41818E-01 5.63773E-01 5.85861E-01 6.08077E-01 6.30459E-01 6.52800E-01 6.75387E-01 6.98063E-01 7.20830E-01 7.43683E-01 7.66623E-01 7.89636E-01 8.12791E-01 8.35940E-01 8.59175E-01 8.82485E-01 9.05866E-01 9.29311E-01 9.52817E-01 9.76387E-01 1.00000E+00 
1.14018E+00 1.22539E+00 1.32482E+00 1.44156E+00 1.57954E+00 1.74381E+00 1.94091E+00 2.12132E+00 2.17945E+00 2.49622E+00 2.89383E+00 3.39925E+00 4.05063E+00 4.90286E+00 6.03623E+00 7.57063E+00 9.68869E+00 1.26749E+01 1.69835E+01 2.33578E+01 3.30501E+01 4.82334E+01 7.28041E+01 1.13998E+02 1.85779E+02 3.16228E+02 
908 909 910 
8.14857E-01 4.71420E-02 2.10219E-01 
8.30309E-01 5.61308E-02 2.47986E-01 
8.64545E-01 7.25291E-02 2.95885E-01 
9.26561E-01 9.73389E-02 3.57185E-01 
1.01049E+00 1.27454E-01 4.37011E-01 
1.12022E+00 1.63650E-01 5.43695E-01 
1.26016E+00 2.06744E-01 6.87510E-01 
1.39161E+00 2.45248E-01 8.33521E-01 
1.43457E+00 2.57485E-01 8.84415E-01 
1.66774E+00 3.21739E-01 1.18516E+00 
1.95507E+00 3.96898E-01 1.62720E+00 
2.30534E+00 4.83707E-01 2.29361E+00 
2.72782E+00 5.83608E-01 3.32167E+00 
3.23229E+00 7.54076E-01 4.96701E+00 
3.83524E+00 8.94225E-01 7.68568E+00 
4.56509E+00 1.05068E+00 1.23130E+01 
5.44345E+00 1.22443E+00 2.05012E+01 
6.49444E+00 1.41585E+00 3.55398E+01 
7.74898E+00 1.62597E+00 6.41351E+01 
9.25274E+00 1.85746E+00 1.20290E+02 
1.10962E+01 2.11998E+00 2.32020E+02 
1.35262E+01 2.44844E+00 4.47207E+02 
1.72080E+01 2.93976E+00 8.16754E+02 
2.31735E+01 3.72249E+00 1.31508E+03 
3.13318E+01 4.71427E+00 1.78192E+03 
4.00004E+01 5.61702E+00 2.08266E+03 
1.51779E+00 8.72488E-02 3.59403E-01 
1.54756E+00 1.04367E-01 4.23782E-01 
1.61303E+00 1.35567E-01 5.05447E-01 
1.73107E+00 1.82772E-01 6.10503E-01 
1.89012E+00 2.39884E-01 7.47727E-01 
2.09702E+00 3.08289E-01 9.29683E-01 
2.35969E+00 3.89484E-01 1.17516E+00 
2.60632E+00 4.61956E-01 1.42527E+00 
2.68643E+00 4.84876E-01 1.51150E+00 
3.12201E+00 6.05333E-01 2.02580E+00 
3.65726E+00 7.45704E-01 2.78082E+00 
4.30809E+00 9.07547E-01 3.91921E+00 
5.09194E+00 1.09236E+00 5.67972E+00 
6.02747E+00 1.40894E+00 8.48828E+00 
7.14290E+00 1.66653E+00 1.31191E+01 
8.49092E+00 1.95368E+00 2.10195E+01 
1.01089E+01 2.27134E+00 3.49912E+01 
1.20411E+01 2.62035E+00 6.06655E+01 
1.43423E+01 3.00208E+00 1.09536E+02 
1.70935E+01 3.42107E+00 2.05460E+02 
2.04585E+01 3.89485E+00 3.96010E+02 
2.48904E+01 4.48731E+00 7.63421E+02 
3.16065E+01 5.37505E+00 1.39488E+03 
4.24793E+01 6.78959E+00 2.24553E+03 
5.73223E+01 8.57807E+00 3.04269E+03 
7.30389E+01 1.01960E+01 3.55560E+03 
1.44066E+00 8.21315E-02 3.07539E-01 
1.47026E+00 9.88984E-02 3.62523E-01 
1.53478E+00 1.29412E-01 4.32437E-01 
1.64965E+00 1.75310E-01 5.22184E-01 
1.80366E+00 2.30693E-01 6.39544E-01 
2.00301E+00 2.96819E-01 7.95020E-01 
2.25488E+00 3.75021E-01 1.00466E+00 
2.49072E+00 4.44629E-01 1.21851E+00 
2.56706E+00 4.66571E-01 1.29182E+00 
2.98179E+00 5.81743E-01 1.73120E+00 
3.48963E+00 7.15382E-01 2.37571E+00 
4.10523E+00 8.68854E-01 3.34754E+00 
4.84477E+00 1.04326E+00 4.85247E+00 
5.72806E+00 1.34191E+00 7.25027E+00 
6.77821E+00 1.58262E+00 1.11993E+01 
8.04348E+00 1.84986E+00 1.79388E+01 
9.55753E+00 2.14423E+00 2.98603E+01 
1.13602E+01 2.46627E+00 5.17536E+01 
1.35011E+01 2.81702E+00 9.34443E+01 
1.60536E+01 3.20042E+00 1.75250E+02 
1.91683E+01 3.63256E+00 3.37701E+02 
2.32638E+01 4.17231E+00 6.50845E+02 
2.94703E+01 4.98270E+00 1.18929E+03 
3.95117E+01 6.27503E+00 1.91440E+03 
5.31875E+01 7.90418E+00 2.59380E+03 
6.76050E+01 9.36682E+00 3.03052E+03 
1.36121E+00 7.69120E-02 2.61844E-01 
1.39064E+00 9.33155E-02 3.08569E-01 
1.45388E+00 1.23012E-01 3.67992E-01 
1.56534E+00 1.67478E-01 4.44266E-01 
1.71368E+00 2.20944E-01 5.43849E-01 
1.90490E+00 2.84603E-01 6.76100E-01 
2.14531E+00 3.59582E-01 8.54101E-01 
2.36973E+00 4.26115E-01 1.03584E+00 
2.44228E+00 4.47056E-01 1.09821E+00 
2.83510E+00 5.56607E-01 1.47102E+00 
3.31462E+00 6.83209E-01 2.01846E+00 
3.89382E+00 8.27933E-01 2.84282E+00 
4.58750E+00 9.91610E-01 4.11914E+00 
5.41740E+00 1.27193E+00 6.15495E+00 
6.40142E+00 1.49564E+00 9.50807E+00 
7.58258E+00 1.74282E+00 1.52224E+01 
8.99183E+00 2.01398E+00 2.53363E+01 
1.06644E+01 2.30929E+00 4.38965E+01 
1.26451E+01 2.62953E+00 7.92423E+01 
1.50003E+01 2.97815E+00 1.48580E+02 
1.78676E+01 3.36982E+00 2.86320E+02 
2.16319E+01 3.85849E+00 5.51656E+02 
2.73346E+01 4.59360E+00 1.00787E+03 
3.65574E+01 5.76721E+00 1.62232E+03 
4.90885E+01 7.24229E+00 2.19793E+03 
6.22405E+01 8.55632E+00 2.56771E+03 
1.28612E+00 7.19768E-02 2.22654E-01 
1.31550E+00 8.80820E-02 2.62343E-01 
1.37742E+00 1.16963E-01 3.12681E-01 
1.48559E+00 1.60079E-01 3.77499E-01 
1.62861E+00 2.11733E-01 4.62049E-01 
1.81185E+00 2.72976E-01 5.74073E-01 
2.04130E+00 3.44868E-01 7.25052E-01 
2.25481E+00 4.08447E-01 8.79321E-01 
2.32363E+00 4.28408E-01 9.32108E-01 
2.69574E+00 5.32596E-01 1.24846E+00 
3.14816E+00 6.52418E-01 1.71237E+00 
3.69300E+00 7.88812E-01 2.41152E+00 
4.34344E+00 9.42376E-01 3.49316E+00 
5.12223E+00 1.20532E+00 5.21646E+00 
6.04347E+00 1.41280E+00 8.05861E+00 
7.14554E+00 1.64118E+00 1.29003E+01 
8.45596E+00 1.89057E+00 2.14622E+01 
1.00068E+01 2.16100E+00 3.71885E+01 
1.18378E+01 2.45292E+00 6.71119E+01 
1.40089E+01 2.76935E+00 1.25826E+02 
1.66456E+01 3.12365E+00 2.42396E+02 
2.01032E+01 3.56545E+00 4.67117E+02 
2.53393E+01 4.23140E+00 8.53328E+02 
3.38028E+01 5.29576E+00 1.37346E+03 
4.52752E+01 6.62954E+00 1.86070E+03 
5.72621E+01 7.80828E+00 2.17362E+03 
1.21517E+00 6.73080E-02 1.88950E-01 
1.24457E+00 8.31530E-02 2.22627E-01 
1.30523E+00 1.11267E-01 2.65270E-01 
1.41012E+00 1.53066E-01 3.20116E-01 
1.54805E+00 2.02992E-01 3.91826E-01 
1.72376E+00 2.61952E-01 4.86794E-01 
1.94265E+00 3.30854E-01 6.14574E-01 
2.14559E+00 3.91571E-01 7.45145E-01 
2.21092E+00 4.10602E-01 7.89878E-01 
2.56314E+00 5.09620E-01 1.05772E+00 
2.98991E+00 6.22984E-01 1.45062E+00 
3.50200E+00 7.51390E-01 2.04221E+00 
4.11161E+00 8.95352E-01 2.95846E+00 
4.84214E+00 1.14154E+00 4.41717E+00 
5.70372E+00 1.33393E+00 6.82011E+00 
6.73134E+00 1.54472E+00 1.09200E+01 
7.94899E+00 1.77378E+00 1.81634E+01 
9.38560E+00 2.02101E+00 3.14670E+01 
1.10767E+01 2.28666E+00 5.67813E+01 
1.30764E+01 2.57336E+00 1.06456E+02 
1.54990E+01 2.89326E+00 2.05048E+02 
1.86710E+01 3.29185E+00 3.95088E+02 
2.34748E+01 3.89428E+00 7.21815E+02 
3.12359E+01 4.85841E+00 1.16185E+03 
4.17304E+01 6.06285E+00 1.57406E+03 
5.26447E+01 7.11841E+00 1.83872E+03 
1.14817E+00 6.28966E-02 1.60071E-01 
1.17740E+00 7.84392E-02 1.88555E-01 
1.23712E+00 1.05911E-01 2.24696E-01 
1.33887E+00 1.46459E-01 2.71061E-01 
1.47177E+00 1.94699E-01 3.31670E-01 
1.64016E+00 2.51445E-01 4.11981E-01 
1.84905E+00 3.17503E-01 5.20170E-01 
2.04186E+00 3.75468E-01 6.30513E-01 
2.10383E+00 3.93599E-01 6.68388E-01 
2.43712E+00 4.87665E-01 8.94920E-01 
2.83943E+00 5.94835E-01 1.22725E+00 
3.32047E+00 7.15592E-01 1.72738E+00 
3.89124E+00 8.50302E-01 2.50156E+00 
4.57620E+00 1.08086E+00 3.73578E+00 
5.38150E+00 1.25897E+00 5.76672E+00 
6.33864E+00 1.45318E+00 9.23127E+00 
7.46933E+00 1.66325E+00 1.53579E+01 
8.79884E+00 1.88888E+00 2.65965E+01 
1.03594E+01 2.13018E+00 4.80046E+01 
1.21992E+01 2.38941E+00 8.99715E+01 
1.44232E+01 2.67772E+00 1.73336E+02 
1.73309E+01 3.03670E+00 3.33978E+02 
2.17335E+01 3.58074E+00 6.10169E+02 
2.88446E+01 4.45288E+00 9.82235E+02 
3.84359E+01 5.53894E+00 1.33079E+03 
4.83640E+01 6.48264E+00 1.55462E+03 
1.08490E+00 5.87302E-02 1.35422E-01 
1.11399E+00 7.39977E-02 1.59464E-01 
1.17272E+00 1.00841E-01 1.89992E-01 
1.27156E+00 1.40223E-01 2.29224E-01 
1.39962E+00 1.86855E-01 2.80409E-01 
1.56101E+00 2.41478E-01 3.48271E-01 
1.76014E+00 3.04768E-01 4.39628E-01 
1.94336E+00 3.60100E-01 5.32947E-01 
2.00204E+00 3.77351E-01 5.64820E-01 
2.31716E+00 4.66636E-01 7.56107E-01 
2.69619E+00 5.67864E-01 1.03685E+00 
3.14786E+00 6.81369E-01 1.45948E+00 
3.68201E+00 8.07236E-01 2.11334E+00 
4.32361E+00 1.02301E+00 3.15603E+00 
5.07584E+00 1.18768E+00 4.87248E+00 
5.96662E+00 1.36635E+00 7.79816E+00 
7.01551E+00 1.55868E+00 1.29735E+01 
8.24494E+00 1.76424E+00 2.24689E+01 
9.68354E+00 1.98299E+00 4.05529E+01 
1.13748E+01 2.21692E+00 7.60126E+01 
1.34141E+01 2.47614E+00 1.46428E+02 
1.60769E+01 2.79882E+00 2.82170E+02 
2.01086E+01 3.28938E+00 5.15575E+02 
2.66178E+01 4.07711E+00 8.30048E+02 
3.53762E+01 5.05506E+00 1.12476E+03 
4.43984E+01 5.89727E+00 1.31405E+03 
1.02516E+00 5.47968E-02 1.14391E-01 
1.05428E+00 6.98646E-02 1.34709E-01 
1.11191E+00 9.60592E-02 1.60431E-01 
1.20795E+00 1.34332E-01 1.93591E-01 
1.33132E+00 1.79420E-01 2.36790E-01 
1.48597E+00 2.32006E-01 2.94137E-01 
1.67582E+00 2.92644E-01 3.71291E-01 
1.84973E+00 3.45420E-01 4.49991E-01 
1.90545E+00 3.61863E-01 4.77082E-01 
2.20329E+00 4.46573E-01 6.38569E-01 
2.56017E+00 5.42111E-01 8.75673E-01 
2.98390E+00 6.48672E-01 1.23241E+00 
3.48331E+00 7.66172E-01 1.78431E+00 
4.08383E+00 9.67826E-01 2.66467E+00 
4.78585E+00 1.11988E+00 4.11396E+00 
5.61426E+00 1.28400E+00 6.58501E+00 
6.58633E+00 1.45978E+00 1.09540E+01 
7.72214E+00 1.64669E+00 1.89751E+01 
9.04695E+00 1.84459E+00 3.42418E+01 
1.06001E+01 2.05522E+00 6.41984E+01 
1.24683E+01 2.28778E+00 1.23683E+02 
1.49040E+01 2.57718E+00 2.38333E+02 
1.85927E+01 3.01879E+00 4.35557E+02 
2.45458E+01 3.72925E+00 7.01356E+02 
3.25362E+01 4.60851E+00 9.50524E+02 
4.07264E+01 5.35868E+00 1.11062E+03 
9.68820E-01 5.10903E-02 9.65431E-02 
9.97867E-01 6.59438E-02 1.13699E-01 
1.05473E+00 9.16155E-02 1.35426E-01 
1.14784E+00 1.28786E-01 1.63378E-01 
1.26679E+00 1.72407E-01 1.99887E-01 
1.41481E+00 2.22997E-01 2.48185E-01 
1.59577E+00 2.81087E-01 3.13375E-01 
1.76081E+00 3.31413E-01 3.79771E-01 
1.81354E+00 3.47043E-01 4.02596E-01 
2.09492E+00 4.27362E-01 5.38956E-01 
2.43074E+00 5.17460E-01 7.39083E-01 
2.82805E+00 6.17427E-01 1.04027E+00 
3.29480E+00 7.27164E-01 1.50646E+00 
3.85625E+00 9.15378E-01 2.24902E+00 
4.51086E+00 1.05545E+00 3.47280E+00 
5.28052E+00 1.20594E+00 5.55880E+00 
6.18059E+00 1.36628E+00 9.24798E+00 
7.22881E+00 1.53589E+00 1.60196E+01 
8.44772E+00 1.71453E+00 2.89155E+01 
9.87232E+00 1.90369E+00 5.42068E+01 
1.15818E+01 2.11183E+00 1.04453E+02 
1.38080E+01 2.37087E+00 2.01331E+02 
1.71791E+01 2.76763E+00 3.67969E+02 
2.26187E+01 3.40742E+00 5.92633E+02 
2.99010E+01 4.19663E+00 8.03312E+02 
3.73281E+01 4.86355E+00 9.38757E+02 
9.15683E-01 4.75968E-02 8.14503E-02 
9.44586E-01 6.22307E-02 9.59036E-02 
1.00082E+00 8.74551E-02 1.14277E-01 
1.09110E+00 1.23567E-01 1.37820E-01 
1.20569E+00 1.65760E-01 1.68622E-01 
1.34749E+00 2.14468E-01 2.09442E-01 
1.51973E+00 2.70065E-01 2.64346E-01 
1.67633E+00 3.18040E-01 3.20449E-01 
1.72622E+00 3.32897E-01 3.39655E-01 
1.99180E+00 4.08969E-01 4.54655E-01 
2.30755E+00 4.93849E-01 6.23488E-01 
2.67980E+00 5.87489E-01 8.77774E-01 
3.11565E+00 6.89709E-01 1.27133E+00 
3.64035E+00 8.65238E-01 1.89851E+00 
4.25007E+00 9.94170E-01 2.93099E+00 
4.96454E+00 1.13194E+00 4.69298E+00 
5.79705E+00 1.27792E+00 7.80664E+00 
6.76347E+00 1.43148E+00 1.35265E+01 
7.88355E+00 1.59233E+00 2.44134E+01 
9.18905E+00 1.76182E+00 4.57803E+01 
1.07515E+01 1.94759E+00 8.82188E+01 
1.27836E+01 2.17886E+00 1.70069E+02 
1.58615E+01 2.53467E+00 3.10903E+02 
2.08274E+01 3.10992E+00 5.00849E+02 
2.74581E+01 3.81716E+00 6.79052E+02 
3.41855E+01 4.40883E+00 7.93677E+02 
8.65652E-01 4.43203E-02 6.87179E-02 
8.94397E-01 5.87578E-02 8.08839E-02 
9.49860E-01 8.35054E-02 9.63902E-02 
1.03761E+00 1.18674E-01 1.16284E-01 
1.14793E+00 1.59491E-01 1.42242E-01 
1.28359E+00 2.06353E-01 1.76661E-01 
1.44766E+00 2.59590E-01 2.23085E-01 
1.59605E+00 3.05275E-01 2.70357E-01 
1.64329E+00 3.19394E-01 2.86638E-01 
1.89389E+00 3.91430E-01 3.83742E-01 
2.19052E+00 4.71287E-01 5.26187E-01 
2.53898E+00 5.58860E-01 7.40865E-01 
2.94550E+00 6.53892E-01 1.07278E+00 
3.43540E+00 8.17542E-01 1.60248E+00 
4.00292E+00 9.35993E-01 2.47461E+00 
4.66537E+00 1.06183E+00 3.96173E+00 
5.43471E+00 1.19444E+00 6.59247E+00 
6.32468E+00 1.33315E+00 1.14226E+01 
7.35299E+00 1.47763E+00 2.06200E+01 
8.54772E+00 1.62904E+00 3.86704E+01 
9.97422E+00 1.79439E+00 7.45340E+01 
1.18271E+01 2.00035E+00 1.43710E+02 
1.46343E+01 2.31880E+00 2.62765E+02 
1.91628E+01 2.83508E+00 4.23398E+02 
2.51940E+01 3.46777E+00 5.74182E+02 
3.12808E+01 3.99152E+00 6.71229E+02 
8.18515E-01 4.12426E-02 5.79693E-02 
8.47295E-01 5.55708E-02 6.82600E-02 
9.02178E-01 7.99284E-02 8.13385E-02 
9.87132E-01 1.14091E-01 9.80971E-02 
1.09337E+00 1.53593E-01 1.20037E-01 
1.22314E+00 1.98682E-01 1.49084E-01 
1.37921E+00 2.49605E-01 1.88243E-01 
1.51982E+00 2.93103E-01 2.28179E-01 
1.56445E+00 3.06501E-01 2.41883E-01 
1.80069E+00 3.74624E-01 3.23860E-01 
2.07921E+00 4.49705E-01 4.44167E-01 
2.40516E+00 5.31560E-01 6.25385E-01 
2.78414E+00 6.19847E-01 9.05783E-01 
3.24093E+00 7.72156E-01 1.35275E+00 
3.76861E+00 8.80729E-01 2.08959E+00 
4.38221E+00 9.95428E-01 3.34510E+00 
5.09238E+00 1.11561E+00 5.56812E+00 
5.91108E+00 1.24058E+00 9.64796E+00 
6.85389E+00 1.36997E+00 1.74204E+01 
7.94605E+00 1.50484E+00 3.26752E+01 
9.24673E+00 1.65156E+00 6.29855E+01 
1.09342E+01 1.83447E+00 1.21470E+02 
1.34922E+01 2.11893E+00 2.22163E+02 
1.76173E+01 2.58143E+00 3.58059E+02 
2.30973E+01 3.14637E+00 4.85686E+02 
2.85979E+01 3.60896E+00 5.67891E+02 
7.74135E-01 3.83600E-02 4.88855E-02 
8.02877E-01 5.25637E-02 5.75878E-02 
8.57087E-01 7.65382E-02 6.86114E-02 
9.39536E-01 1.09810E-01 8.27762E-02 
1.04176E+00 1.48036E-01 1.01289E-01 
1.16590E+00 1.91420E-01 1.25849E-01 
1.31420E+00 2.40102E-01 1.58844E-01 
1.44738E+00 2.81489E-01 1.92622E-01 
1.48951E+00 2.94195E-01 2.04158E-01 
1.71202E+00 3.58546E-01 2.73356E-01 
1.97331E+00 4.29051E-01 3.74955E-01 
2.27792E+00 5.05459E-01 5.27921E-01 
2.63091E+00 5.87347E-01 7.64941E-01 
3.05651E+00 7.28867E-01 1.14255E+00 
3.54664E+00 8.28226E-01 1.76493E+00 
4.11446E+00 9.32566E-01 2.82645E+00 
4.76913E+00 1.04121E+00 4.70377E+00 
5.52138E+00 1.15348E+00 8.15364E+00 
6.38473E+00 1.26901E+00 1.47214E+01 
7.38181E+00 1.38874E+00 2.76163E+01 
8.56633E+00 1.51850E+00 5.32501E+01 
1.01012E+01 1.68045E+00 1.02706E+02 
1.24289E+01 1.93392E+00 1.87899E+02 
1.61833E+01 2.34755E+00 3.02929E+02 
2.11570E+01 2.85103E+00 4.11008E+02 
2.61216E+01 3.25858E+00 4.80673E+02 
7.32470E-01 3.56864E-02 4.12696E-02 
7.61040E-01 4.97466E-02 4.86063E-02 
8.14729E-01 7.34104E-02 5.79195E-02 
8.94706E-01 1.05831E-01 6.98762E-02 
9.93039E-01 1.42826E-01 8.55037E-02 
1.11163E+00 1.84545E-01 1.06228E-01 
1.25258E+00 2.31080E-01 1.34135E-01 
1.37853E+00 2.70415E-01 1.62619E-01 
1.41836E+00 2.82470E-01 1.72422E-01 
1.62781E+00 3.43219E-01 2.30880E-01 
1.87274E+00 4.09335E-01 3.16740E-01 
2.15708E+00 4.80493E-01 4.45933E-01 
2.48544E+00 5.56288E-01 6.46129E-01 
2.88158E+00 6.87701E-01 9.65250E-01 
3.33623E+00 7.78380E-01 1.49099E+00 
3.86107E+00 8.73053E-01 2.38849E+00 
4.46394E+00 9.70993E-01 3.97554E+00 
5.15427E+00 1.07157E+00 6.89135E+00 
5.94402E+00 1.17440E+00 1.24480E+01 
6.85303E+00 1.28030E+00 2.33542E+01 
7.93024E+00 1.39462E+00 4.50365E+01 
9.32465E+00 1.53759E+00 8.68904E+01 
1.14403E+01 1.76289E+00 1.58988E+02 
1.48532E+01 2.13205E+00 2.56391E+02 
1.93623E+01 2.57986E+00 3.47969E+02 
2.38374E+01 2.93799E+00 4.07038E+02 
6.93394E-01 3.32147E-02 3.48527E-02 
7.21853E-01 4.71869E-02 4.10432E-02 
7.75084E-01 7.05995E-02 4.89125E-02 
8.52583E-01 1.02175E-01 5.90227E-02 
9.47071E-01 1.37966E-01 7.22183E-02 
1.06025E+00 1.78063E-01 8.97075E-02 
1.19415E+00 2.22527E-01 1.13326E-01 
1.31315E+00 2.59876E-01 1.37363E-01 
1.35068E+00 2.71278E-01 1.45632E-01 
1.54768E+00 3.28558E-01 1.95057E-01 
1.77697E+00 3.90460E-01 2.67558E-01 
2.04225E+00 4.56647E-01 3.76831E-01 
2.34742E+00 5.26612E-01 5.45992E-01 
2.71574E+00 6.48481E-01 8.15895E-01 
3.13704E+00 7.31104E-01 1.26038E+00 
3.62148E+00 8.16755E-01 2.01895E+00 
4.17604E+00 9.04802E-01 3.36167E+00 
4.80865E+00 9.94582E-01 5.82694E+00 
5.52990E+00 1.08574E+00 1.05270E+01 
6.35762E+00 1.17906E+00 1.97573E+01 
7.33589E+00 1.27939E+00 3.81047E+01 
8.60088E+00 1.40514E+00 7.35348E+01 
1.05220E+01 1.60495E+00 1.34597E+02 
1.36206E+01 1.93370E+00 2.17113E+02 
1.77035E+01 2.33113E+00 2.94738E+02 
2.17320E+01 2.64497E+00 3.44853E+02 
6.56780E-01 3.09482E-02 2.94384E-02 
6.85020E-01 4.48176E-02 3.46671E-02 
7.37930E-01 6.80529E-02 4.13182E-02 
8.12921E-01 9.88099E-02 4.98586E-02 
9.03699E-01 1.33447E-01 6.10225E-02 
1.01166E+00 1.71979E-01 7.57984E-02 
1.13864E+00 2.14405E-01 9.57407E-02 
1.25106E+00 2.49848E-01 1.16084E-01 
1.28641E+00 2.60630E-01 1.23062E-01 
1.47144E+00 3.14553E-01 1.64817E-01 
1.68596E+00 3.72420E-01 2.26119E-01 
1.93315E+00 4.33864E-01 3.18514E-01 
2.21648E+00 4.98437E-01 4.61576E-01 
2.55844E+00 6.11243E-01 6.89722E-01 
2.94847E+00 6.86282E-01 1.06594E+00 
3.39510E+00 7.63545E-01 1.70752E+00 
3.90445E+00 8.42409E-01 2.84364E+00 
4.48342E+00 9.22260E-01 4.93028E+00 
5.14124E+00 1.00276E+00 8.90784E+00 
5.89372E+00 1.08461E+00 1.67187E+01 
6.78087E+00 1.17227E+00 3.22560E+01 
7.92682E+00 1.28246E+00 6.22602E+01 
9.66861E+00 1.45914E+00 1.13992E+02 
1.24790E+01 1.75130E+00 1.83941E+02 
1.61716E+01 2.10324E+00 2.49782E+02 
1.97930E+01 2.37746E+00 2.92326E+02 
6.22514E-01 2.88993E-02 2.48743E-02 
6.50528E-01 4.26783E-02 2.93000E-02 
7.03044E-01 6.57591E-02 3.49137E-02 
7.75641E-01 9.57539E-02 4.21241E-02 
8.62753E-01 1.29264E-01 5.15636E-02 
9.65704E-01 1.66277E-01 6.40748E-02 
1.08597E+00 2.06722E-01 8.09068E-02 
1.19205E+00 2.40316E-01 9.81215E-02 
1.22534E+00 2.50508E-01 1.04032E-01 
1.39901E+00 3.01209E-01 1.39346E-01 
1.59946E+00 3.55215E-01 1.91212E-01 
1.82951E+00 4.12138E-01 2.69321E-01 
2.09224E+00 4.71334E-01 3.90367E-01 
2.40938E+00 5.75714E-01 5.83323E-01 
2.76987E+00 6.43737E-01 9.01567E-01 
3.18108E+00 7.13217E-01 1.44460E+00 
3.64829E+00 7.83620E-01 2.40591E+00 
4.17748E+00 8.54362E-01 4.17323E+00 
4.77657E+00 9.25132E-01 7.54064E+00 
5.45967E+00 9.96583E-01 1.41575E+01 
6.26287E+00 1.07278E+00 2.73183E+01 
7.29953E+00 1.16894E+00 5.27445E+01 
8.87679E+00 1.32472E+00 9.65963E+01 
1.14224E+01 1.58374E+00 1.55922E+02 
1.47579E+01 1.89467E+00 2.11804E+02 
1.80085E+01 2.13351E+00 2.47941E+02 
5.90536E-01 2.70763E-02 2.10274E-02 
6.18310E-01 4.07865E-02 2.47670E-02 
6.70568E-01 6.38145E-02 2.95189E-02 
7.40722E-01 9.30421E-02 3.56240E-02 
8.24188E-01 1.25435E-01 4.35946E-02 
9.22209E-01 1.60951E-01 5.41753E-02 
1.03608E+00 1.99491E-01 6.84245E-02 
1.13601E+00 2.31283E-01 8.29717E-02 
1.16729E+00 2.40889E-01 8.79572E-02 
1.33011E+00 2.88478E-01 1.17843E-01 
1.51725E+00 3.38812E-01 1.61747E-01 
1.73108E+00 3.91424E-01 2.27833E-01 
1.97445E+00 4.46024E-01 3.30245E-01 
2.26820E+00 5.42198E-01 4.93658E-01 
2.60096E+00 6.03455E-01 7.63148E-01 
2.97904E+00 6.65705E-01 1.22299E+00 
3.40692E+00 7.28284E-01 2.03668E+00 
3.88983E+00 7.90661E-01 3.53397E+00 
4.43455E+00 8.52558E-01 6.38579E+00 
5.05363E+00 9.14577E-01 1.19935E+01 
5.77973E+00 9.80453E-01 2.31487E+01 
6.71602E+00 1.06397E+00 4.47055E+01 
8.14242E+00 1.20091E+00 8.19043E+01 
1.04452E+01 1.42998E+00 1.32250E+02 
1.34539E+01 1.70396E+00 1.79704E+02 
1.63675E+01 1.91131E+00 2.10426E+02 
5.60768E-01 2.54890E-02 1.77894E-02 
5.88348E-01 3.91841E-02 2.09525E-02 
6.40246E-01 6.21827E-02 2.49659E-02 
7.07983E-01 9.06613E-02 3.01315E-02 
7.87892E-01 1.21968E-01 3.68764E-02 
8.81095E-01 1.56025E-01 4.58267E-02 
9.88767E-01 1.92691E-01 5.78922E-02 
1.08281E+00 2.22738E-01 7.01924E-02 
1.11220E+00 2.31782E-01 7.44289E-02 
1.26461E+00 2.76365E-01 9.96997E-02 
1.43903E+00 3.23122E-01 1.36851E-01 
1.63765E+00 3.71597E-01 1.92865E-01 
1.86272E+00 4.21499E-01 2.79532E-01 
2.13437E+00 5.10182E-01 4.17880E-01 
2.44109E+00 5.65286E-01 6.46018E-01 
2.78826E+00 6.20847E-01 1.03569E+00 
3.17957E+00 6.76218E-01 1.72547E+00 
3.61951E+00 7.30938E-01 2.99382E+00 
4.11402E+00 7.84762E-01 5.41216E+00 
4.67412E+00 8.38259E-01 1.01651E+01 
5.32938E+00 8.94851E-01 1.96265E+01 
6.17375E+00 9.67034E-01 3.79175E+01 
7.46168E+00 1.08698E+00 6.94872E+01 
9.54221E+00 1.28904E+00 1.12244E+02 
1.22526E+01 1.52984E+00 1.52577E+02 
1.48599E+01 1.70918E+00 1.78713E+02 
5.33121E-01 2.41684E-02 1.50500E-02 
5.60336E-01 3.78052E-02 1.77280E-02 
6.12085E-01 6.09160E-02 2.11227E-02 
6.77338E-01 8.86425E-02 2.54951E-02 
7.53727E-01 1.18875E-01 3.12042E-02 
8.42218E-01 1.51487E-01 3.87767E-02 
9.43892E-01 1.86331E-01 4.89914E-02 
1.03230E+00 2.14674E-01 5.94145E-02 
1.05983E+00 2.23167E-01 6.29888E-02 
1.20236E+00 2.64855E-01 8.43983E-02 
1.36473E+00 3.08192E-01 1.15841E-01 
1.54887E+00 3.52797E-01 1.63262E-01 
1.75678E+00 3.97904E-01 2.36727E-01 
2.00769E+00 4.79642E-01 3.53952E-01 
2.28997E+00 5.29163E-01 5.47252E-01 
2.60815E+00 5.78504E-01 8.77400E-01 
2.96545E+00 6.27252E-01 1.46239E+00 
3.36563E+00 6.74984E-01 2.53765E+00 
3.81381E+00 7.21485E-01 4.58988E+00 
4.31966E+00 7.67297E-01 8.62218E+00 
4.90988E+00 8.15551E-01 1.66515E+01 
5.66996E+00 8.77567E-01 3.21785E+01 
6.83131E+00 9.82262E-01 5.89965E+01 
8.70843E+00 1.16001E+00 9.53378E+01 
1.11466E+01 1.37103E+00 1.29643E+02 
1.34760E+01 1.52555E+00 1.51897E+02 
5.07528E-01 2.31434E-02 1.27375E-02 
5.34166E-01 3.66588E-02 1.50038E-02 
5.85925E-01 6.00179E-02 1.78811E-02 
6.48674E-01 8.70058E-02 2.15787E-02 
7.21606E-01 1.16173E-01 2.64172E-02 
8.05515E-01 1.47367E-01 3.28314E-02 
9.01326E-01 1.80401E-01 4.14717E-02 
9.84325E-01 2.07091E-01 5.03099E-02 
1.01014E+00 2.15066E-01 5.33411E-02 
1.14323E+00 2.53946E-01 7.14835E-02 
1.29418E+00 2.94031E-01 9.81367E-02 
1.46461E+00 3.34899E-01 1.38288E-01 
1.65647E+00 3.76248E-01 2.00588E-01 
1.88780E+00 4.50979E-01 3.00024E-01 
2.14720E+00 4.95010E-01 4.63993E-01 
2.43837E+00 5.38599E-01 7.44109E-01 
2.76402E+00 5.81255E-01 1.24018E+00 
3.12734E+00 6.22599E-01 2.15262E+00 
3.53272E+00 6.62461E-01 3.89401E+00 
3.98878E+00 7.01367E-01 7.31939E+00 
4.51947E+00 7.42173E-01 1.41390E+01 
5.20252E+00 7.95115E-01 2.73325E+01 
6.24801E+00 8.86124E-01 5.01301E+01 
7.93909E+00 1.04200E+00 8.10430E+01 
1.01291E+01 1.22637E+00 1.10248E+02 
1.22068E+01 1.35895E+00 1.29218E+02 
4.83926E-01 2.24423E-02 1.07914E-02 
5.09998E-01 3.58621E-02 1.27076E-02 
5.61723E-01 5.95560E-02 1.51468E-02 
6.21965E-01 8.57955E-02 1.82781E-02 
6.91421E-01 1.13887E-01 2.23741E-02 
7.70849E-01 1.43668E-01 2.78129E-02 
8.61041E-01 1.74934E-01 3.51395E-02 
9.38790E-01 1.99997E-01 4.26213E-02 
9.62906E-01 2.07449E-01 4.51905E-02 
1.08696E+00 2.43598E-01 6.05633E-02 
1.22705E+00 2.80525E-01 8.31563E-02 
1.38471E+00 3.17851E-01 1.17237E-01 
1.56137E+00 3.55236E-01 1.70062E-01 
1.77432E+00 4.23696E-01 2.54423E-01 
2.01226E+00 4.62706E-01 3.93566E-01 
2.27825E+00 5.00987E-01 6.31299E-01 
2.57462E+00 5.38073E-01 1.05273E+00 
2.90390E+00 5.73605E-01 1.82798E+00 
3.26985E+00 6.07466E-01 3.30715E+00 
3.68013E+00 6.40172E-01 6.21720E+00 
4.15637E+00 6.74338E-01 1.20158E+01 
4.76906E+00 7.19200E-01 2.32376E+01 
5.70877E+00 7.97968E-01 4.26365E+01 
7.23010E+00 9.34240E-01 6.89591E+01 
9.19433E+00 1.09482E+00 9.38501E+01 
1.10441E+01 1.20803E+00 1.10035E+02 
4.62200E-01 2.20783E-02 9.14688E-03 
4.87811E-01 3.54705E-02 1.07700E-02 
5.39298E-01 5.95340E-02 1.28355E-02 
5.97071E-01 8.50318E-02 1.54931E-02 
6.63078E-01 1.12035E-01 1.89633E-02 
7.38093E-01 1.40403E-01 2.35702E-02 
8.22849E-01 1.69918E-01 2.97914E-02 
8.95575E-01 1.93390E-01 3.61358E-02 
9.18086E-01 2.00336E-01 3.83153E-02 
1.03354E+00 2.33842E-01 5.13615E-02 
1.16340E+00 2.67730E-01 7.05429E-02 
1.30889E+00 3.01650E-01 9.94640E-02 
1.47130E+00 3.34950E-01 1.44296E-01 
1.66695E+00 3.97626E-01 2.15880E-01 
1.88489E+00 4.32204E-01 3.34133E-01 
2.12747E+00 4.65589E-01 5.36124E-01 
2.39655E+00 4.97543E-01 8.94241E-01 
2.69438E+00 5.27800E-01 1.55325E+00 
3.02418E+00 5.56270E-01 2.81165E+00 
3.39250E+00 5.83432E-01 5.28677E+00 
3.81892E+00 6.11689E-01 1.02214E+01 
4.36742E+00 6.49377E-01 1.97752E+01 
5.21064E+00 7.17228E-01 3.63015E+01 
6.57720E+00 8.35958E-01 5.87418E+01 
8.33609E+00 9.75326E-01 7.99792E+01 
9.97994E+00 1.07152E+00 9.38052E+01 
4.42339E-01 2.21415E-02 7.75600E-03 
4.67285E-01 3.54258E-02 9.13391E-03 
5.18730E-01 6.00755E-02 1.08839E-02 
5.73896E-01 8.47630E-02 1.31392E-02 
6.36508E-01 1.10662E-01 1.60871E-02 
7.07200E-01 1.37604E-01 1.99945E-02 
7.86645E-01 1.65370E-01 2.52704E-02 
8.54551E-01 1.87274E-01 3.06570E-02 
8.75537E-01 1.93729E-01 3.25115E-02 
9.82826E-01 2.24663E-01 4.35957E-02 
1.10295E+00 2.55632E-01 5.98842E-02 
1.23699E+00 2.86284E-01 8.44520E-02 
1.38614E+00 3.16412E-01 1.22571E-01 
1.56557E+00 3.73271E-01 1.83466E-01 
1.76474E+00 4.03401E-01 2.83990E-01 
1.98550E+00 4.32274E-01 4.55857E-01 
2.22937E+00 4.59557E-01 7.60438E-01 
2.49824E+00 4.85036E-01 1.32140E+00 
2.79472E+00 5.08648E-01 2.39254E+00 
3.12469E+00 5.30874E-01 4.50190E+00 
3.50568E+00 5.53907E-01 8.70586E+00 
3.99570E+00 5.85246E-01 1.68497E+01 
4.75103E+00 6.43384E-01 3.09461E+01 
5.97654E+00 7.46441E-01 5.00995E+01 
7.54902E+00 8.66957E-01 6.82443E+01 
9.00706E+00 9.48236E-01 8.00702E+01 
4.24266E-01 2.26724E-02 6.58209E-03 
4.48379E-01 3.57745E-02 7.75239E-03 
4.99865E-01 6.12006E-02 9.23757E-03 
5.52321E-01 8.50139E-02 1.11516E-02 
6.11557E-01 1.09778E-01 1.36562E-02 
6.78045E-01 1.35282E-01 1.69775E-02 
7.52395E-01 1.61320E-01 2.14613E-02 
8.15667E-01 1.81665E-01 2.60421E-02 
8.35145E-01 1.87624E-01 2.76114E-02 
9.34621E-01 2.16040E-01 3.70270E-02 
1.04557E+00 2.44198E-01 5.08866E-02 
1.16887E+00 2.71756E-01 7.17842E-02 
1.30555E+00 2.98533E-01 1.04225E-01 
1.46978E+00 3.50209E-01 1.56050E-01 
1.65142E+00 3.76239E-01 2.41632E-01 
1.85193E+00 4.00948E-01 3.88002E-01 
2.07256E+00 4.23981E-01 6.47575E-01 
2.31467E+00 4.45129E-01 1.12560E+00 
2.58063E+00 4.64395E-01 2.03891E+00 
2.87552E+00 4.82239E-01 3.83739E+00 
3.21518E+00 5.00669E-01 7.42543E+00 
3.65202E+00 5.26419E-01 1.43779E+01 
4.32736E+00 5.75937E-01 2.64179E+01 
5.42463E+00 6.65039E-01 4.27911E+01 
6.82805E+00 7.68832E-01 5.83141E+01 
8.11875E+00 8.37096E-01 6.84441E+01 
4.07599E-01 2.37046E-02 5.57913E-03 
4.30793E-01 3.65909E-02 6.56923E-03 
4.82226E-01 6.29542E-02 7.82977E-03 
5.31969E-01 8.58544E-02 9.45047E-03 
5.87793E-01 1.09419E-01 1.15748E-02 
6.50107E-01 1.33434E-01 1.43938E-02 
7.19406E-01 1.57684E-01 1.81960E-02 
7.78178E-01 1.76464E-01 2.20875E-02 
7.96252E-01 1.81945E-01 2.34226E-02 
8.88184E-01 2.07855E-01 3.14146E-02 
9.90300E-01 2.33210E-01 4.31851E-02 
1.10337E+00 2.57733E-01 6.09538E-02 
1.22818E+00 2.81004E-01 8.85070E-02 
1.37794E+00 3.27783E-01 1.32550E-01 
1.54312E+00 3.50257E-01 2.05402E-01 
1.72457E+00 3.71092E-01 3.29910E-01 
1.92329E+00 3.90169E-01 5.50802E-01 
2.14055E+00 4.07373E-01 9.58016E-01 
2.37811E+00 4.22701E-01 1.73595E+00 
2.64053E+00 4.36615E-01 3.26825E+00 
2.94196E+00 4.50943E-01 6.32721E+00 
3.32985E+00 4.71723E-01 1.22584E+01 
3.93142E+00 5.13505E-01 2.25342E+01 
4.91056E+00 5.90036E-01 3.65188E+01 
6.15869E+00 6.78832E-01 4.97900E+01 
7.29662E+00 7.35606E-01 5.84595E+01 
3.92799E-01 2.52844E-02 4.74622E-03 
4.15253E-01 3.80411E-02 5.58849E-03 
4.66117E-01 6.52367E-02 6.66116E-03 
5.13394E-01 8.73064E-02 8.04216E-03 
5.65867E-01 1.09625E-01 9.84971E-03 
6.24144E-01 1.32122E-01 1.22514E-02 
6.88653E-01 1.54593E-01 1.54898E-02 
7.43185E-01 1.71847E-01 1.88050E-02 
7.59935E-01 1.76855E-01 1.99466E-02 
8.44842E-01 2.00339E-01 2.67670E-02 
9.38753E-01 2.23043E-01 3.67954E-02 
1.04239E+00 2.44721E-01 5.19678E-02 
1.15633E+00 2.65169E-01 7.54869E-02 
1.29281E+00 3.07190E-01 1.13140E-01 
1.44281E+00 3.26160E-01 1.75320E-01 
1.60688E+00 3.43495E-01 2.81659E-01 
1.78586E+00 3.59068E-01 4.70640E-01 
1.98056E+00 3.72769E-01 8.18774E-01 
2.19266E+00 3.84664E-01 1.48457E+00 
2.42596E+00 3.95177E-01 2.79643E+00 
2.69326E+00 4.05988E-01 5.41533E+00 
3.03743E+00 4.22493E-01 1.04957E+01 
3.57330E+00 4.57586E-01 1.93049E+01 
4.44702E+00 5.23162E-01 3.13009E+01 
5.55707E+00 5.98958E-01 4.26953E+01 
6.56009E+00 6.45948E-01 5.01447E+01 
3.79526E-01 2.75022E-02 4.04097E-03 
4.00868E-01 3.98827E-02 4.75982E-03 
4.51554E-01 6.83860E-02 5.67469E-03 
4.96058E-01 8.93716E-02 6.85184E-03 
5.45241E-01 1.10378E-01 8.39439E-03 
5.99608E-01 1.31317E-01 1.04441E-02 
6.59554E-01 1.52003E-01 1.32134E-02 
7.09990E-01 1.67707E-01 1.60398E-02 
7.25439E-01 1.72231E-01 1.70125E-02 
8.03703E-01 1.93337E-01 2.28409E-02 
8.89942E-01 2.13483E-01 3.14207E-02 
9.84677E-01 2.32440E-01 4.43745E-02 
1.08853E+00 2.50121E-01 6.45084E-02 
1.21254E+00 2.87773E-01 9.67087E-02 
1.34846E+00 3.03449E-01 1.49928E-01 
1.49654E+00 3.17595E-01 2.41064E-01 
1.65726E+00 3.29979E-01 4.02909E-01 
1.83136E+00 3.40557E-01 7.01273E-01 
2.02010E+00 3.49402E-01 1.27189E+00 
2.22697E+00 3.56947E-01 2.39717E+00 
2.46337E+00 3.64712E-01 4.64448E+00 
2.76799E+00 3.77511E-01 9.00564E+00 
3.24433E+00 4.06731E-01 1.65721E+01 
4.02259E+00 4.62635E-01 2.68836E+01 
5.00803E+00 5.27004E-01 3.66843E+01 
5.89018E+00 5.65564E-01 4.30969E+01 
3.67673E-01 3.04013E-02 3.44763E-03 
3.87773E-01 4.22943E-02 4.06037E-03 
4.38276E-01 7.23905E-02 4.84147E-03 
4.79902E-01 9.21005E-02 5.84852E-03 
5.25815E-01 1.11688E-01 7.16651E-03 
5.76367E-01 1.30995E-01 8.91869E-03 
6.31901E-01 1.49851E-01 1.12878E-02 
6.78489E-01 1.64010E-01 1.37107E-02 
6.92730E-01 1.68067E-01 1.45423E-02 
7.64676E-01 1.86808E-01 1.95297E-02 
8.43659E-01 2.04425E-01 2.68809E-02 
9.30164E-01 2.20771E-01 3.79885E-02 
1.02456E+00 2.35563E-01 5.52433E-02 
1.13695E+00 2.69148E-01 8.28466E-02 
1.25990E+00 2.82062E-01 1.28556E-01 
1.39313E+00 2.93271E-01 2.06797E-01 
1.53708E+00 3.02780E-01 3.45713E-01 
1.69232E+00 3.10574E-01 6.02038E-01 
1.85985E+00 3.16746E-01 1.09251E+00 
2.04270E+00 3.21714E-01 2.05976E+00 
2.25112E+00 3.26854E-01 3.99228E+00 
2.52006E+00 3.36465E-01 7.74554E+00 
2.94254E+00 3.60550E-01 1.42590E+01 
3.63451E+00 4.07944E-01 2.31413E+01 
4.50766E+00 4.62307E-01 3.15888E+01 
5.28168E+00 4.93639E-01 3.71186E+01 
3.57070E-01 3.39662E-02 2.94654E-03 
3.76166E-01 4.54481E-02 3.47131E-03 
4.25953E-01 7.71284E-02 4.13923E-03 
4.64751E-01 9.54432E-02 5.00283E-03 
5.07476E-01 1.13525E-01 6.13197E-03 
5.54350E-01 1.31129E-01 7.63512E-03 
6.05636E-01 1.48101E-01 9.66431E-03 
6.48552E-01 1.60695E-01 1.17455E-02 
6.61650E-01 1.64282E-01 1.24591E-02 
7.27664E-01 1.80690E-01 1.67430E-02 
7.99886E-01 1.95867E-01 2.30552E-02 
8.78665E-01 2.09688E-01 3.25985E-02 
9.64314E-01 2.22020E-01 4.74369E-02 
1.06594E+00 2.51735E-01 7.11989E-02 
1.17678E+00 2.61871E-01 1.10476E-01 
1.29634E+00 2.70414E-01 1.77822E-01 
1.42497E+00 2.77352E-01 2.97461E-01 
1.56295E+00 2.82677E-01 5.18242E-01 
1.71120E+00 2.86520E-01 9.40945E-01 
1.87228E+00 2.89264E-01 1.77482E+00 
2.05542E+00 2.92169E-01 3.44083E+00 
2.29214E+00 2.99049E-01 6.67833E+00 
2.66607E+00 3.18679E-01 1.22996E+01 
3.28015E+00 3.58611E-01 1.99688E+01 
4.05230E+00 4.04246E-01 2.72659E+01 
4.72980E+00 4.29418E-01 3.20431E+01 
3.47565E-01 3.81904E-02 2.52262E-03 
3.65445E-01 4.90374E-02 2.97320E-03 
4.13953E-01 8.21026E-02 3.54767E-03 
4.50396E-01 9.93327E-02 4.28851E-03 
4.90037E-01 1.15804E-01 5.25958E-03 
5.33375E-01 1.31633E-01 6.55149E-03 
5.80642E-01 1.46672E-01 8.29917E-03 
6.20067E-01 1.57691E-01 1.00875E-02 
6.32080E-01 1.60802E-01 1.07022E-02 
6.92531E-01 1.74905E-01 1.43908E-02 
7.58423E-01 1.87709E-01 1.98315E-02 
8.29989E-01 1.99104E-01 2.80491E-02 
9.07553E-01 2.09129E-01 4.08520E-02 
9.99073E-01 2.35208E-01 6.13358E-02 
1.09874E+00 2.42753E-01 9.52286E-02 
1.20580E+00 2.48892E-01 1.53360E-01 
1.32028E+00 2.53515E-01 2.56687E-01 
1.44255E+00 2.56675E-01 4.47421E-01 
1.57322E+00 2.58493E-01 8.12469E-01 
1.71459E+00 2.59347E-01 1.53315E+00 
1.87495E+00 2.60372E-01 2.97386E+00 
2.08263E+00 2.64936E-01 5.77303E+00 
2.41273E+00 2.80709E-01 1.06358E+01 
2.95659E+00 3.14121E-01 1.72730E+01 
3.63793E+00 3.52169E-01 2.35894E+01 
4.22929E+00 3.72116E-01 2.77227E+01 
3.39135E-01 4.31210E-02 2.16617E-03 
3.55689E-01 5.31337E-02 2.55353E-03 
4.02979E-01 8.80835E-02 3.04844E-03 
4.36749E-01 1.03673E-01 3.68729E-03 
4.73431E-01 1.18428E-01 4.52613E-03 
5.13377E-01 1.32388E-01 5.63983E-03 
5.56838E-01 1.45452E-01 7.14883E-03 
5.93009E-01 1.54892E-01 8.69436E-03 
6.04018E-01 1.57536E-01 9.22631E-03 
6.59241E-01 1.69349E-01 1.24128E-02 
7.19208E-01 1.79828E-01 1.71135E-02 
7.84151E-01 1.88917E-01 2.42322E-02 
8.54201E-01 1.96510E-01 3.53009E-02 
9.36336E-01 2.19220E-01 5.30249E-02 
1.02577E+00 2.24635E-01 8.24000E-02 
1.12127E+00 2.28602E-01 1.32750E-01 
1.22292E+00 2.31194E-01 2.22264E-01 
1.33083E+00 2.32463E-01 3.87517E-01 
1.44561E+00 2.32559E-01 7.03982E-01 
1.56920E+00 2.31831E-01 1.32877E+00 
1.70907E+00 2.31301E-01 2.57833E+00 
1.89070E+00 2.33934E-01 5.00626E+00 
2.18144E+00 2.46404E-01 9.22492E+00 
2.66213E+00 2.74152E-01 1.49839E+01 
3.26216E+00 3.05646E-01 2.04644E+01 
3.77700E+00 3.21208E-01 2.40468E+01 
3.31640E-01 4.86872E-02 1.86585E-03 
3.47107E-01 5.78942E-02 2.20166E-03 
3.92604E-01 9.45785E-02 2.62938E-03 
4.23647E-01 1.08272E-01 3.18204E-03 
4.57494E-01 1.21204E-01 3.90853E-03 
4.94276E-01 1.33237E-01 4.87497E-03 
5.34166E-01 1.44292E-01 6.18274E-03 
5.67269E-01 1.52136E-01 7.52232E-03 
5.77332E-01 1.54308E-01 7.98398E-03 
6.27713E-01 1.63879E-01 1.07504E-02 
6.82234E-01 1.72124E-01 1.48321E-02 
7.41011E-01 1.79002E-01 2.10160E-02 
8.04145E-01 1.84417E-01 3.06267E-02 
8.77639E-01 2.04047E-01 4.60477E-02 
9.57606E-01 2.07391E-01 7.15738E-02 
1.04253E+00 2.09435E-01 1.15340E-01 
1.13243E+00 2.10248E-01 1.93193E-01 
1.22738E+00 2.09909E-01 3.36961E-01 
1.32775E+00 2.08558E-01 6.12293E-01 
1.43537E+00 2.06536E-01 1.15594E+00 
1.55684E+00 2.04746E-01 2.24278E+00 
1.71515E+00 2.05796E-01 4.35567E+00 
1.97062E+00 2.15462E-01 8.02659E+00 
2.39467E+00 2.38320E-01 1.30375E+01 
2.92203E+00 2.64186E-01 1.78036E+01 
3.36907E+00 2.76106E-01 2.09137E+01 
3.24824E-01 5.45703E-02 1.61354E-03 
3.39132E-01 6.27614E-02 1.90555E-03 
3.82444E-01 1.01218E-01 2.27826E-03 
4.11014E-01 1.12960E-01 2.75915E-03 
4.42169E-01 1.23922E-01 3.39085E-03 
4.75976E-01 1.33956E-01 4.23224E-03 
5.12563E-01 1.42986E-01 5.37298E-03 
5.42835E-01 1.49251E-01 6.54043E-03 
5.52017E-01 1.50957E-01 6.94263E-03 
5.97925E-01 1.58350E-01 9.35428E-03 
6.47396E-01 1.64456E-01 1.29157E-02 
7.00525E-01 1.69282E-01 1.83099E-02 
7.57333E-01 1.72957E-01 2.67098E-02 
8.22754E-01 1.89488E-01 4.01632E-02 
8.94055E-01 1.90921E-01 6.24503E-02 
9.69362E-01 1.91281E-01 1.00667E-01 
1.04859E+00 1.90573E-01 1.68665E-01 
1.13175E+00 1.88882E-01 2.94221E-01 
1.21918E+00 1.86355E-01 5.34692E-01 
1.31243E+00 1.83302E-01 1.00932E+00 
1.41745E+00 1.80527E-01 1.95839E+00 
1.55494E+00 1.80308E-01 3.80267E+00 
1.77887E+00 1.87620E-01 7.00687E+00 
2.15229E+00 2.06288E-01 1.13790E+01 
2.61490E+00 2.27356E-01 1.55339E+01 
3.00207E+00 2.36286E-01 1.82380E+01 
3.18619E-01 6.05927E-02 1.40234E-03 
3.31765E-01 6.75125E-02 1.65715E-03 
3.71928E-01 1.06853E-01 1.98366E-03 
3.98667E-01 1.17290E-01 2.40436E-03 
4.27381E-01 1.26292E-01 2.95754E-03 
4.58443E-01 1.34296E-01 3.69436E-03 
4.91956E-01 1.41290E-01 4.69219E-03 
5.19638E-01 1.46010E-01 5.71630E-03 
5.28029E-01 1.47277E-01 6.06901E-03 
5.69808E-01 1.52561E-01 8.18296E-03 
6.14653E-01 1.56663E-01 1.13053E-02 
6.62573E-01 1.59593E-01 1.60327E-02 
7.13558E-01 1.61406E-01 2.34006E-02 
7.71547E-01 1.75198E-01 3.52027E-02 
8.34926E-01 1.75093E-01 5.47440E-02 
9.01434E-01 1.74015E-01 8.82624E-02 
9.70976E-01 1.72035E-01 1.47885E-01 
1.04350E+00 1.69248E-01 2.57987E-01 
1.11926E+00 1.65796E-01 4.68758E-01 
1.19963E+00 1.61960E-01 8.84744E-01 
1.29000E+00 1.58454E-01 1.71625E+00 
1.40891E+00 1.57246E-01 3.33142E+00 
1.60471E+00 1.62609E-01 6.13646E+00 
1.93291E+00 1.77710E-01 9.96122E+00 
2.33796E+00 1.94717E-01 1.35905E+01 
2.67237E+00 2.01224E-01 1.59442E+01 
3.13103E-01 6.67068E-02 1.22534E-03 
3.25468E-01 7.27120E-02 1.44996E-03 
3.62123E-01 1.13104E-01 1.73675E-03 
3.86629E-01 1.21030E-01 2.10744E-03 
4.13095E-01 1.27961E-01 2.59424E-03 
4.41685E-01 1.33954E-01 3.24438E-03 
4.72426E-01 1.38974E-01 4.12368E-03 
4.97721E-01 1.42198E-01 5.02552E-03 
5.05369E-01 1.43030E-01 5.33594E-03 
5.43386E-01 1.46339E-01 7.20022E-03 
5.83993E-01 1.48573E-01 9.95156E-03 
6.27169E-01 1.49765E-01 1.41240E-02 
6.72834E-01 1.49861E-01 2.06135E-02 
7.23970E-01 1.61263E-01 3.10159E-02 
7.80094E-01 1.59833E-01 4.82476E-02 
8.38599E-01 1.57557E-01 7.77738E-02 
8.99337E-01 1.54553E-01 1.30308E-01 
9.62240E-01 1.50915E-01 2.27226E-01 
1.02754E+00 1.46778E-01 4.12764E-01 
1.09642E+00 1.42393E-01 7.78669E-01 
1.17374E+00 1.38384E-01 1.50969E+00 
1.27618E+00 1.36447E-01 2.92876E+00 
1.44693E+00 1.40219E-01 5.39099E+00 
1.73494E+00 1.52317E-01 8.74510E+00 
2.08896E+00 1.65917E-01 1.19211E+01 
2.37709E+00 1.70496E-01 1.39714E+01 
3.08139E-01 7.22769E-02 1.07761E-03 
3.19478E-01 7.64992E-02 1.27689E-03 
3.52156E-01 1.17560E-01 1.53114E-03 
3.74959E-01 1.23743E-01 1.85981E-03 
3.99421E-01 1.28611E-01 2.29122E-03 
4.25759E-01 1.32612E-01 2.86663E-03 
4.54004E-01 1.35754E-01 3.64699E-03 
4.77149E-01 1.37587E-01 4.44639E-03 
4.84129E-01 1.38020E-01 4.72157E-03 
5.18727E-01 1.39527E-01 6.37401E-03 
5.55464E-01 1.40080E-01 8.81369E-03 
5.94273E-01 1.39751E-01 1.25086E-02 
6.35058E-01 1.38671E-01 1.82664E-02 
6.79884E-01 1.47672E-01 2.74734E-02 
7.29387E-01 1.45070E-01 4.27281E-02 
7.80616E-01 1.41845E-01 6.88745E-02 
8.33402E-01 1.38066E-01 1.15301E-01 
8.87683E-01 1.33817E-01 2.01009E-01 
9.43577E-01 1.29219E-01 3.64863E-01 
1.00223E+00 1.24498E-01 6.87863E-01 
1.06798E+00 1.20193E-01 1.33265E+00 
1.15584E+00 1.17753E-01 2.58279E+00 
1.30442E+00 1.20260E-01 4.74978E+00 
1.55678E+00 1.29853E-01 7.69712E+00 
1.86578E+00 1.40629E-01 1.04808E+01 
2.11344E+00 1.43706E-01 1.22673E+01 
3.03823E-01 7.70260E-02 9.55040E-04 
3.14489E-01 7.97619E-02 1.13269E-03 
3.42592E-01 1.20997E-01 1.35977E-03 
3.63756E-01 1.24848E-01 1.65290E-03 
3.86511E-01 1.27852E-01 2.03821E-03 
4.10879E-01 1.30039E-01 2.55130E-03 
4.36870E-01 1.31446E-01 3.24683E-03 
4.58076E-01 1.32014E-01 3.96032E-03 
4.64452E-01 1.32100E-01 4.20574E-03 
4.95921E-01 1.31994E-01 5.67830E-03 
5.29122E-01 1.31103E-01 7.85318E-03 
5.63936E-01 1.29487E-01 1.11437E-02 
6.00260E-01 1.27250E-01 1.62695E-02 
6.39282E-01 1.34259E-01 2.44658E-02 
6.82750E-01 1.30780E-01 3.80223E-02 
7.27358E-01 1.26868E-01 6.12507E-02 
7.72964E-01 1.22549E-01 1.02499E-01 
8.19454E-01 1.17912E-01 1.78499E-01 
8.66994E-01 1.13064E-01 3.23754E-01 
9.16551E-01 1.08200E-01 6.09714E-01 
9.72090E-01 1.03782E-01 1.17979E+00 
1.04711E+00 1.01038E-01 2.28405E+00 
1.17614E+00 1.02566E-01 4.19533E+00 
1.39702E+00 1.10097E-01 6.78972E+00 
1.66641E+00 1.18558E-01 9.23175E+00 
1.87885E+00 1.20494E-01 1.07880E+01 
3.00349E-01 8.05478E-02 8.53012E-04 
3.10780E-01 8.27511E-02 1.01292E-03 
3.33626E-01 1.22074E-01 1.21680E-03 
3.53402E-01 1.24270E-01 1.48013E-03 
3.74648E-01 1.25494E-01 1.82569E-03 
3.97285E-01 1.26049E-01 2.28698E-03 
4.21245E-01 1.25925E-01 2.91053E-03 
4.40685E-01 1.25394E-01 3.55038E-03 
4.46508E-01 1.25173E-01 3.77052E-03 
4.75120E-01 1.23704E-01 5.09028E-03 
5.05059E-01 1.21617E-01 7.03730E-03 
5.36210E-01 1.18965E-01 9.98576E-03 
5.68465E-01 1.15748E-01 1.45664E-02 
6.02168E-01 1.21046E-01 2.18920E-02 
6.40115E-01 1.17023E-01 3.40029E-02 
6.78723E-01 1.12654E-01 5.47173E-02 
7.17827E-01 1.08021E-01 9.14686E-02 
7.57339E-01 1.03202E-01 1.59108E-01 
7.97406E-01 9.82905E-02 2.88194E-01 
8.38928E-01 9.34510E-02 5.42019E-01 
8.85482E-01 8.90737E-02 1.04742E+00 
9.49246E-01 8.61980E-02 2.02461E+00 
1.06109E+00 8.69896E-02 3.71284E+00 
1.25429E+00 9.28473E-02 5.99905E+00 
1.48900E+00 9.94359E-02 8.14233E+00 
1.67096E+00 1.00531E-01 9.49716E+00 
2.97999E-01 8.27608E-02 7.67870E-04 
3.08009E-01 8.32378E-02 9.12792E-04 
3.25489E-01 1.21065E-01 1.09718E-03 
3.44280E-01 1.21786E-01 1.33510E-03 
3.64204E-01 1.21457E-01 1.64713E-03 
3.85255E-01 1.20573E-01 2.06299E-03 
4.07380E-01 1.19168E-01 2.62584E-03 
4.25184E-01 1.17741E-01 3.20185E-03 
4.30503E-01 1.17271E-01 3.40033E-03 
4.56473E-01 1.14725E-01 4.58910E-03 
4.83390E-01 1.11711E-01 6.34102E-03 
5.11149E-01 1.08290E-01 8.98941E-03 
5.39597E-01 1.04515E-01 1.31028E-02 
5.68471E-01 1.08260E-01 1.96738E-02 
6.01347E-01 1.03868E-01 3.05191E-02 
6.34494E-01 9.92656E-02 4.90539E-02 
6.67745E-01 9.45273E-02 8.18716E-02 
7.01040E-01 8.97088E-02 1.42223E-01 
7.34477E-01 8.48921E-02 2.57206E-01 
7.68913E-01 8.02162E-02 4.82938E-01 
8.07608E-01 7.60073E-02 9.31515E-01 
8.61539E-01 7.31311E-02 1.79756E+00 
9.58355E-01 7.33940E-02 3.29025E+00 
1.12732E+00 7.79126E-02 5.30577E+00 
1.33183E+00 8.30102E-02 7.18701E+00 
1.48755E+00 8.35093E-02 8.36500E+00 
2.97078E-01 8.32493E-02 6.96732E-04 
3.06788E-01 8.25204E-02 8.28526E-04 
3.18982E-01 1.18187E-01 9.96210E-04 
3.36790E-01 1.17338E-01 1.21212E-03 
3.55518E-01 1.15732E-01 1.49544E-03 
3.75103E-01 1.13726E-01 1.87204E-03 
3.95506E-01 1.11320E-01 2.38184E-03 
4.11783E-01 1.09210E-01 2.90322E-03 
4.16618E-01 1.08555E-01 3.08221E-03 
4.40087E-01 1.05218E-01 4.15672E-03 
4.64177E-01 1.01562E-01 5.73837E-03 
4.88755E-01 9.76440E-02 8.12566E-03 
5.13656E-01 9.35560E-02 1.18316E-02 
5.38102E-01 9.60207E-02 1.77368E-02 
5.66382E-01 9.14474E-02 2.74780E-02 
5.94560E-01 8.68126E-02 4.40867E-02 
6.22550E-01 8.21361E-02 7.34794E-02 
6.50251E-01 7.74679E-02 1.27391E-01 
6.77837E-01 7.28733E-02 2.29966E-01 
7.06067E-01 6.84671E-02 4.30939E-01 
7.37903E-01 6.45168E-02 8.29521E-01 
7.83321E-01 6.17488E-02 1.59742E+00 
8.67082E-01 6.16509E-02 2.91788E+00 
1.01496E+00 6.51165E-02 4.69507E+00 
1.19326E+00 6.90381E-02 6.34510E+00 
1.32649E+00 6.91326E-02 7.36769E+00 
2.97758E-01 8.20945E-02 6.36466E-04 
3.07296E-01 8.08365E-02 7.56742E-04 
3.14575E-01 1.12577E-01 9.09707E-04 
3.31337E-01 1.11034E-01 1.10647E-03 
3.48880E-01 1.08587E-01 1.36431E-03 
3.67047E-01 1.05751E-01 1.70696E-03 
3.85753E-01 1.02634E-01 2.16945E-03 
4.00553E-01 1.00055E-01 2.64283E-03 
4.04923E-01 9.92749E-02 2.80527E-03 
4.25986E-01 9.54275E-02 3.77818E-03 
4.47370E-01 9.13906E-02 5.20899E-03 
4.68926E-01 8.72107E-02 7.36638E-03 
4.90541E-01 8.29303E-02 1.07080E-02 
5.10976E-01 8.43988E-02 1.60280E-02 
5.34990E-01 7.98979E-02 2.47823E-02 
5.58667E-01 7.53882E-02 3.96952E-02 
5.81896E-01 7.09084E-02 6.60155E-02 
6.04647E-01 6.65035E-02 1.14237E-01 
6.27064E-01 6.22243E-02 2.05783E-01 
6.49864E-01 5.81564E-02 3.84801E-01 
6.75788E-01 5.45270E-02 7.39165E-01 
7.13833E-01 5.19357E-02 1.42001E+00 
7.86281E-01 5.16067E-02 2.58769E+00 
9.15842E-01 5.42529E-02 4.15363E+00 
1.07149E+00 5.72600E-02 5.59932E+00 
1.18555E+00 5.70951E-02 6.48541E+00 
3.00163E-01 7.96872E-02 5.84603E-04 
3.09454E-01 7.75240E-02 6.94791E-04 
3.12243E-01 1.05979E-01 8.34654E-04 
3.28063E-01 1.03635E-01 1.01451E-03 
3.44422E-01 1.00455E-01 1.24962E-03 
3.61149E-01 9.70667E-02 1.56183E-03 
3.78172E-01 9.35176E-02 1.98293E-03 
3.91488E-01 9.06675E-02 2.41305E-03 
3.95398E-01 8.98207E-02 2.56068E-03 
4.14132E-01 8.57150E-02 3.44377E-03 
4.32890E-01 8.15227E-02 4.74003E-03 
4.51582E-01 7.72827E-02 6.69243E-03 
4.70122E-01 7.29950E-02 9.71011E-03 
4.86934E-01 7.37008E-02 1.45070E-02 
5.07043E-01 6.93982E-02 2.23848E-02 
5.26645E-01 6.51290E-02 3.57865E-02 
5.45642E-01 6.09452E-02 5.93926E-02 
5.64025E-01 5.68745E-02 1.02550E-01 
5.81936E-01 5.29575E-02 1.84342E-01 
6.00056E-01 4.92687E-02 3.43840E-01 
6.20905E-01 4.59894E-02 6.58864E-01 
6.52662E-01 4.36127E-02 1.26277E+00 
7.15390E-01 4.31505E-02 2.29519E+00 
8.29179E-01 4.51689E-02 3.67449E+00 
9.65442E-01 4.74761E-02 4.94058E+00 
1.06330E+00 4.71570E-02 5.70738E+00 
3.04197E-01 7.60183E-02 5.38692E-04 
3.13152E-01 7.33459E-02 6.39902E-04 
3.12496E-01 9.80369E-02 7.67950E-04 
3.26962E-01 9.53687E-02 9.32425E-04 
3.42008E-01 9.17733E-02 1.14718E-03 
3.57213E-01 8.81002E-02 1.43196E-03 
3.72486E-01 8.43395E-02 1.81551E-03 
3.84319E-01 8.13853E-02 2.20670E-03 
3.87776E-01 8.05168E-02 2.34103E-03 
4.04179E-01 7.63573E-02 3.14293E-03 
4.20399E-01 7.21890E-02 4.31851E-03 
4.36362E-01 6.80407E-02 6.08496E-03 
4.51960E-01 6.39484E-02 8.81229E-03 
4.65532E-01 6.40517E-02 1.31376E-02 
4.82105E-01 5.99981E-02 2.02322E-02 
4.98033E-01 5.60442E-02 3.22703E-02 
5.13267E-01 5.22067E-02 5.34404E-02 
5.27791E-01 4.85077E-02 9.20588E-02 
5.41774E-01 4.49782E-02 1.65058E-01 
5.55873E-01 4.16749E-02 3.07176E-01 
5.72382E-01 3.87477E-02 5.87124E-01 
5.98766E-01 3.66031E-02 1.12235E+00 
6.53150E-01 3.60752E-02 2.03463E+00 
7.53352E-01 3.76140E-02 3.24861E+00 
8.72985E-01 3.93864E-02 4.35610E+00 
9.57133E-01 3.89846E-02 5.01855E+00 
3.09439E-01 7.17035E-02 4.97348E-04 
3.17832E-01 6.89016E-02 5.90149E-04 
3.14279E-01 9.00481E-02 7.07689E-04 
3.27688E-01 8.67191E-02 8.57989E-04 
3.41277E-01 8.30503E-02 1.05435E-03 
3.54850E-01 7.92896E-02 1.31420E-03 
3.68329E-01 7.54967E-02 1.66362E-03 
3.78658E-01 7.25604E-02 2.01952E-03 
3.81653E-01 7.17035E-02 2.14159E-03 
3.95758E-01 6.76361E-02 2.86996E-03 
4.09539E-01 6.36148E-02 3.93604E-03 
4.22904E-01 5.96642E-02 5.53490E-03 
4.35767E-01 5.58246E-02 7.99970E-03 
4.46456E-01 5.54922E-02 1.19013E-02 
4.59822E-01 5.17579E-02 1.82881E-02 
4.72469E-01 4.81502E-02 2.91016E-02 
4.84370E-01 4.46758E-02 4.80748E-02 
4.95541E-01 4.13529E-02 8.26197E-02 
5.06150E-01 3.82043E-02 1.47776E-01 
5.16804E-01 3.52724E-02 2.74367E-01 
5.29649E-01 3.26818E-02 5.23141E-01 
5.51466E-01 3.07663E-02 9.97264E-01 
5.98722E-01 3.02160E-02 1.80311E+00 
6.87257E-01 3.13907E-02 2.87106E+00 
7.92644E-01 3.27546E-02 3.83903E+00 
8.65234E-01 3.23167E-02 4.41071E+00 
3.15284E-01 6.71440E-02 4.59637E-04 
3.22982E-01 6.41598E-02 5.44742E-04 
3.17653E-01 8.18681E-02 6.52325E-04 
3.29577E-01 7.84288E-02 7.89967E-04 
3.41625E-01 7.47054E-02 9.69268E-04 
3.53501E-01 7.09854E-02 1.20631E-03 
3.65163E-01 6.72844E-02 1.52468E-03 
3.73984E-01 6.44490E-02 1.84863E-03 
3.76527E-01 6.36229E-02 1.95947E-03 
3.88415E-01 5.97375E-02 2.62117E-03 
3.99852E-01 5.59378E-02 3.58735E-03 
4.10773E-01 5.22438E-02 5.03474E-03 
4.21157E-01 4.86525E-02 7.26143E-03 
4.29285E-01 4.80309E-02 1.07804E-02 
4.39767E-01 4.46456E-02 1.65288E-02 
4.49517E-01 4.13863E-02 2.62450E-02 
4.58505E-01 3.82685E-02 4.32587E-02 
4.66781E-01 3.53040E-02 7.41656E-02 
4.74495E-01 3.25071E-02 1.32330E-01 
4.82246E-01 2.99207E-02 2.45063E-01 
4.91988E-01 2.76384E-02 4.66014E-01 
5.09967E-01 2.59388E-02 8.86166E-01 
5.51123E-01 2.53925E-02 1.59778E+00 
6.29621E-01 2.62903E-02 2.53694E+00 
7.22821E-01 2.73415E-02 3.38274E+00 
7.85664E-01 2.68960E-02 3.87576E+00 
3.21017E-01 6.25821E-02 4.24620E-04 
3.27947E-01 5.94742E-02 5.02785E-04 
3.21570E-01 7.39020E-02 6.01295E-04 
3.31923E-01 7.06807E-02 7.27307E-04 
3.42378E-01 6.70346E-02 8.91123E-04 
3.52550E-01 6.34395E-02 1.10754E-03 
3.62392E-01 5.98955E-02 1.39757E-03 
3.69767E-01 5.71971E-02 1.69235E-03 
3.71881E-01 5.64165E-02 1.79337E-03 
3.81652E-01 5.27572E-02 2.39462E-03 
3.90899E-01 4.92071E-02 3.27088E-03 
3.99594E-01 4.57781E-02 4.58196E-03 
4.07685E-01 4.24821E-02 6.59370E-03 
4.13608E-01 4.16425E-02 9.76922E-03 
4.21546E-01 3.85794E-02 1.49444E-02 
4.28760E-01 3.56514E-02 2.36767E-02 
4.35242E-01 3.28649E-02 3.89366E-02 
4.41035E-01 3.02289E-02 6.65980E-02 
4.46303E-01 2.77557E-02 1.18541E-01 
4.51597E-01 2.54727E-02 2.18956E-01 
4.58738E-01 2.34631E-02 4.15286E-01 
4.73464E-01 2.19586E-02 7.87631E-01 
5.09403E-01 2.14313E-02 1.41618E+00 
5.79260E-01 2.21170E-02 2.24221E+00 
6.62017E-01 2.29297E-02 2.98135E+00 
7.16617E-01 2.24930E-02 3.40635E+00 
3.25998E-01 5.83309E-02 3.92324E-04 
3.32030E-01 5.52597E-02 4.64079E-04 
3.24771E-01 6.73811E-02 5.54442E-04 
3.34066E-01 6.37119E-02 6.69771E-04 
3.42919E-01 6.02082E-02 8.19579E-04 
3.51432E-01 5.67680E-02 1.01711E-03 
3.59557E-01 5.34033E-02 1.28172E-03 
3.65565E-01 5.08556E-02 1.55013E-03 
3.67270E-01 5.01237E-02 1.64205E-03 
3.75086E-01 4.66965E-02 2.18856E-03 
3.82349E-01 4.33946E-02 2.98455E-03 
3.89022E-01 4.02289E-02 4.17163E-03 
3.95081E-01 3.72161E-02 5.99267E-03 
3.99091E-01 3.62197E-02 8.85838E-03 
4.04824E-01 3.34514E-02 1.35234E-02 
4.09849E-01 3.08209E-02 2.13754E-02 
4.14180E-01 2.83315E-02 3.50713E-02 
4.17863E-01 2.59871E-02 5.98433E-02 
4.21064E-01 2.37972E-02 1.06262E-01 
4.24295E-01 2.17821E-02 1.95774E-01 
4.29255E-01 2.00112E-02 3.70386E-01 
4.41226E-01 1.86784E-02 7.00521E-01 
4.72689E-01 1.81775E-02 1.25607E+00 
5.35084E-01 1.87003E-02 1.98306E+00 
6.08840E-01 1.93279E-02 2.62914E+00 
6.56450E-01 1.89100E-02 2.99554E+00 
3.29697E-01 5.45449E-02 3.62834E-04 
3.34869E-01 5.14627E-02 4.28768E-04 
3.27862E-01 6.09238E-02 5.11686E-04 
3.35449E-01 5.76168E-02 6.17481E-04 
3.42784E-01 5.42677E-02 7.54722E-04 
3.49743E-01 5.09849E-02 9.35294E-04 
3.56291E-01 4.77919E-02 1.17688E-03 
3.61048E-01 4.53913E-02 1.42177E-03 
3.62388E-01 4.47008E-02 1.50540E-03 
3.68442E-01 4.14903E-02 2.00272E-03 
3.73926E-01 3.84188E-02 2.72592E-03 
3.78818E-01 3.54935E-02 3.80284E-03 
3.83116E-01 3.27090E-02 5.45149E-03 
3.85483E-01 3.16234E-02 8.04243E-03 
3.89300E-01 2.91237E-02 1.22502E-02 
3.92450E-01 2.67576E-02 1.93197E-02 
3.94944E-01 2.45290E-02 3.16261E-02 
3.96838E-01 2.24394E-02 5.38352E-02 
3.98290E-01 2.04945E-02 9.53480E-02 
3.99793E-01 1.87131E-02 1.75242E-01 
4.02915E-01 1.71495E-02 3.30642E-01 
4.12544E-01 1.59661E-02 6.23695E-01 
4.40143E-01 1.54948E-02 1.11516E+00 
4.96057E-01 1.58919E-02 1.75548E+00 
5.62038E-01 1.63771E-02 2.32071E+00 
6.03660E-01 1.59815E-02 2.63649E+00 
3.31690E-01 5.12588E-02 3.36005E-04 
3.36093E-01 4.81670E-02 3.96751E-04 
3.29708E-01 5.52788E-02 4.73083E-04 
3.35606E-01 5.23983E-02 5.70212E-04 
3.41603E-01 4.91583E-02 6.96091E-04 
3.47181E-01 4.60180E-02 8.61634E-04 
3.52322E-01 4.29783E-02 1.08252E-03 
3.55989E-01 4.07043E-02 1.30620E-03 
3.57008E-01 4.00528E-02 1.38264E-03 
3.61524E-01 3.70347E-02 1.83641E-03 
3.65459E-01 3.41653E-02 2.49458E-03 
3.68812E-01 3.14479E-02 3.47398E-03 
3.71554E-01 2.88894E-02 4.96889E-03 
3.72537E-01 2.77314E-02 7.31517E-03 
3.74719E-01 2.54635E-02 1.11190E-02 
3.76263E-01 2.33287E-02 1.74935E-02 
3.77194E-01 2.13270E-02 2.85653E-02 
3.77570E-01 1.94593E-02 4.85047E-02 
3.77545E-01 1.77287E-02 8.56949E-02 
3.77581E-01 1.61474E-02 1.57073E-01 
3.79148E-01 1.47623E-02 2.95601E-01 
3.86767E-01 1.37101E-02 5.55940E-01 
4.11008E-01 1.32693E-02 9.91162E-01 
4.61259E-01 1.35691E-02 1.55567E+00 
5.20457E-01 1.39439E-02 2.05048E+00 
5.56919E-01 1.35724E-02 2.32257E+00 
3.32097E-01 4.84559E-02 3.12191E-04 
3.35807E-01 4.53576E-02 3.68315E-04 
3.29811E-01 5.07801E-02 4.38727E-04 
3.34539E-01 4.79642E-02 5.28219E-04 
3.39361E-01 4.48196E-02 6.43979E-04 
3.43753E-01 4.17868E-02 7.95991E-04 
3.47692E-01 3.88741E-02 9.98777E-04 
3.50414E-01 3.67065E-02 1.20361E-03 
3.51157E-01 3.60869E-02 1.27355E-03 
3.54341E-01 3.32324E-02 1.68839E-03 
3.56948E-01 3.05359E-02 2.28925E-03 
3.58960E-01 2.80016E-02 3.18086E-03 
3.60385E-01 2.56303E-02 4.54046E-03 
3.60172E-01 2.44320E-02 6.66915E-03 
3.60953E-01 2.23645E-02 1.01125E-02 
3.61130E-01 2.04299E-02 1.58749E-02 
3.60728E-01 1.86257E-02 2.58582E-02 
3.59807E-01 1.69505E-02 4.37934E-02 
3.58524E-01 1.54046E-02 7.71650E-02 
3.57314E-01 1.39973E-02 1.41053E-01 
3.57552E-01 1.27671E-02 2.64671E-01 
3.63445E-01 1.18283E-02 4.96443E-01 
3.84754E-01 1.14182E-02 8.82401E-01 
4.30031E-01 1.16426E-02 1.38074E+00 
4.83288E-01 1.19307E-02 1.81436E+00 
5.15299E-01 1.15853E-02 2.04901E+00 
3.30830E-01 4.60587E-02 2.90831E-04 
3.33955E-01 4.29473E-02 3.42756E-04 
3.28068E-01 4.71688E-02 4.07877E-04 
3.32150E-01 4.41296E-02 4.90462E-04 
3.35978E-01 4.10624E-02 5.97184E-04 
3.39361E-01 3.81185E-02 7.37035E-04 
3.42272E-01 3.53078E-02 9.23249E-04 
3.44185E-01 3.32297E-02 1.11124E-03 
3.44692E-01 3.26373E-02 1.17526E-03 
3.46735E-01 2.99208E-02 1.55493E-03 
3.48184E-01 2.73758E-02 2.10376E-03 
3.49041E-01 2.50010E-02 2.91685E-03 
3.49310E-01 2.27918E-02 4.15374E-03 
3.48062E-01 2.15733E-02 6.08680E-03 
3.47623E-01 1.96847E-02 9.20711E-03 
3.46602E-01 1.79285E-02 1.44151E-02 
3.45037E-01 1.62997E-02 2.34191E-02 
3.42990E-01 1.47947E-02 3.95563E-02 
3.40613E-01 1.34116E-02 6.95035E-02 
3.38322E-01 1.21579E-02 1.26696E-01 
3.37403E-01 1.10634E-02 2.37042E-01 
3.41773E-01 1.02262E-02 4.43262E-01 
3.60472E-01 9.84653E-03 7.85499E-01 
4.01296E-01 1.00121E-02 1.22529E+00 
4.49248E-01 1.02324E-02 1.60501E+00 
4.77309E-01 9.91253E-03 1.80688E+00 
3.28181E-01 4.40598E-02 2.72008E-04 
3.30838E-01 4.09113E-02 3.20208E-04 
3.25155E-01 4.40373E-02 3.80527E-04 
3.28654E-01 4.08535E-02 4.56941E-04 
3.31665E-01 3.78332E-02 5.55536E-04 
3.34198E-01 3.49538E-02 6.84500E-04 
3.36233E-01 3.22230E-02 8.55847E-04 
3.37459E-01 3.02159E-02 1.02856E-03 
3.37756E-01 2.96475E-02 1.08745E-03 
3.38815E-01 2.70466E-02 1.43564E-03 
3.39259E-01 2.46302E-02 1.93789E-03 
3.39100E-01 2.23936E-02 2.68043E-03 
3.38350E-01 2.03323E-02 3.80751E-03 
3.36198E-01 1.91052E-02 5.56541E-03 
3.34691E-01 1.73737E-02 8.39663E-03 
3.32625E-01 1.57744E-02 1.31112E-02 
3.30043E-01 1.43005E-02 2.12398E-02 
3.27014E-01 1.29457E-02 3.57742E-02 
3.23686E-01 1.17069E-02 6.26792E-02 
3.20457E-01 1.05874E-02 1.13907E-01 
3.18535E-01 9.61257E-03 2.12491E-01 
3.21567E-01 8.86493E-03 3.96067E-01 
3.37941E-01 8.51482E-03 6.99656E-01 
3.74777E-01 8.63486E-03 1.08789E+00 
4.17988E-01 8.80199E-03 1.42044E+00 
4.42559E-01 8.50720E-03 1.59391E+00 
3.24317E-01 4.23566E-02 2.55209E-04 
3.26611E-01 3.91423E-02 3.00043E-04 
3.21304E-01 4.11523E-02 3.55981E-04 
3.24106E-01 3.80159E-02 4.26787E-04 
3.26431E-01 3.50224E-02 5.17964E-04 
3.28250E-01 3.21869E-02 6.37012E-04 
3.29539E-01 2.95184E-02 7.94951E-04 
3.30170E-01 2.75696E-02 9.53759E-04 
3.30284E-01 2.70208E-02 1.00792E-03 
3.30479E-01 2.45195E-02 1.32743E-03 
3.30041E-01 2.22149E-02 1.78738E-03 
3.28984E-01 2.01011E-02 2.46588E-03 
3.27331E-01 1.81681E-02 3.49340E-03 
3.24373E-01 1.69477E-02 5.09248E-03 
3.21921E-01 1.53567E-02 7.66143E-03 
3.18931E-01 1.38979E-02 1.19294E-02 
3.15451E-01 1.25623E-02 1.92710E-02 
3.11557E-01 1.13419E-02 3.23606E-02 
3.07395E-01 1.02314E-02 5.65240E-02 
3.03348E-01 9.23149E-03 1.02402E-01 
3.00546E-01 8.36311E-03 1.90401E-01 
3.02399E-01 7.69532E-03 3.53822E-01 
3.16679E-01 7.37382E-03 6.22951E-01 
3.49893E-01 7.45848E-03 9.65398E-01 
3.88816E-01 7.58343E-03 1.25636E+00 
4.10270E-01 7.31327E-03 1.40515E+00 
3.19413E-01 4.09234E-02 2.40092E-04 
3.21453E-01 3.76143E-02 2.81786E-04 
3.16404E-01 3.87089E-02 3.33782E-04 
3.18689E-01 3.55520E-02 3.99422E-04 
3.20445E-01 3.25676E-02 4.83790E-04 
3.21650E-01 2.97619E-02 5.93787E-04 
3.22286E-01 2.71399E-02 7.39348E-04 
3.22381E-01 2.52395E-02 8.85502E-04 
3.22343E-01 2.47049E-02 9.35210E-04 
3.21762E-01 2.22870E-02 1.22852E-03 
3.20520E-01 2.00799E-02 1.64980E-03 
3.18645E-01 1.80739E-02 2.26972E-03 
3.16167E-01 1.62575E-02 3.20625E-03 
3.12483E-01 1.50510E-02 4.66049E-03 
3.09181E-01 1.35861E-02 6.99132E-03 
3.05364E-01 1.22535E-02 1.08525E-02 
3.01088E-01 1.10420E-02 1.74779E-02 
2.96429E-01 9.94202E-03 2.92572E-02 
2.91540E-01 8.94591E-03 5.09382E-02 
2.86776E-01 8.05351E-03 9.19911E-02 
2.83210E-01 7.27977E-03 1.70489E-01 
2.84014E-01 6.68400E-03 3.15766E-01 
2.96401E-01 6.38987E-03 5.54118E-01 
3.26309E-01 6.44709E-03 8.55853E-01 
3.61318E-01 6.53884E-03 1.10998E+00 
3.79973E-01 6.29214E-03 1.23727E+00 
3.13579E-01 3.97277E-02 2.26247E-04 
3.15370E-01 3.63150E-02 2.64988E-04 
3.10606E-01 3.65607E-02 3.13265E-04 
3.12398E-01 3.34004E-02 3.74116E-04 
3.13651E-01 3.04128E-02 4.52140E-04 
3.14310E-01 2.76229E-02 5.53666E-04 
3.14363E-01 2.50350E-02 6.87766E-04 
3.13982E-01 2.31728E-02 8.22206E-04 
3.13805E-01 2.26505E-02 8.67860E-04 
3.12523E-01 2.03040E-02 1.13694E-03 
3.10557E-01 1.81820E-02 1.52236E-03 
3.07942E-01 1.62721E-02 2.08817E-03 
3.04721E-01 1.45594E-02 2.94101E-03 
3.00385E-01 1.33754E-02 4.26206E-03 
2.96325E-01 1.20238E-02 6.37395E-03 
2.91773E-01 1.08050E-02 9.86360E-03 
2.86791E-01 9.70569E-03 1.58337E-02 
2.81466E-01 8.71405E-03 2.64197E-02 
2.75944E-01 7.82111E-03 4.58492E-02 
2.70567E-01 7.02460E-03 8.25280E-02 
2.66341E-01 6.33584E-03 1.52454E-01 
2.66221E-01 5.80467E-03 2.81377E-01 
2.76889E-01 5.53653E-03 4.92106E-01 
3.03757E-01 5.57255E-03 7.57482E-01 
3.35173E-01 5.63854E-03 9.79020E-01 
3.51304E-01 5.41352E-03 1.08752E+00 
3.07055E-01 3.87766E-02 2.13441E-04 
3.08615E-01 3.52587E-02 2.49461E-04 
3.04058E-01 3.47725E-02 2.94220E-04 
3.05453E-01 3.15514E-02 3.50565E-04 
3.06227E-01 2.85423E-02 4.22666E-04 
3.06369E-01 2.57515E-02 5.16263E-04 
3.05866E-01 2.31826E-02 6.39624E-04 
3.05036E-01 2.13467E-02 7.63040E-04 
3.04720E-01 2.08347E-02 8.04947E-04 
3.02776E-01 1.85451E-02 1.05131E-03 
3.00134E-01 1.64945E-02 1.40344E-03 
2.96830E-01 1.46683E-02 1.91910E-03 
2.92922E-01 1.30479E-02 2.69420E-03 
2.87997E-01 1.18909E-02 3.89217E-03 
2.83257E-01 1.06411E-02 5.80226E-03 
2.78052E-01 9.52494E-03 8.94970E-03 
2.72454E-01 8.52667E-03 1.43191E-02 
2.66552E-01 7.63269E-03 2.38139E-02 
2.60489E-01 6.83281E-03 4.11906E-02 
2.54599E-01 6.12197E-03 7.38896E-02 
2.49814E-01 5.50948E-03 1.36029E-01 
2.48888E-01 5.03649E-03 2.50209E-01 
2.57992E-01 4.79294E-03 4.36068E-01 
2.82048E-01 4.81252E-03 6.68879E-01 
3.10155E-01 4.85811E-03 8.61536E-01 
3.24007E-01 4.65371E-03 9.53660E-01 
2.99729E-01 3.80341E-02 2.01363E-04 
3.01061E-01 3.43924E-02 2.34794E-04 
2.96737E-01 3.32556E-02 2.76263E-04 
2.97759E-01 2.99741E-02 3.28368E-04 
2.98115E-01 2.69326E-02 3.94932E-04 
2.97794E-01 2.41295E-02 4.81137E-04 
2.96790E-01 2.15673E-02 5.94514E-04 
2.95548E-01 1.97490E-02 7.07693E-04 
2.95109E-01 1.92440E-02 7.46064E-04 
2.92564E-01 1.69981E-02 9.71418E-04 
2.89300E-01 1.50074E-02 1.29270E-03 
2.85372E-01 1.32533E-02 1.76187E-03 
2.80848E-01 1.17135E-02 2.46554E-03 
2.75401E-01 1.05864E-02 3.55027E-03 
2.70067E-01 9.42677E-03 5.27511E-03 
2.64300E-01 8.40172E-03 8.11046E-03 
2.58177E-01 7.49364E-03 1.29335E-02 
2.51793E-01 6.68679E-03 2.14370E-02 
2.45291E-01 5.96940E-03 3.69538E-02 
2.38981E-01 5.33537E-03 6.60607E-02 
2.33742E-01 4.79062E-03 1.21194E-01 
2.32123E-01 4.36970E-03 2.22169E-01 
2.39821E-01 4.14899E-03 3.85860E-01 
2.61302E-01 4.15605E-03 5.89811E-01 
2.86380E-01 4.18555E-03 7.57052E-01 
2.98197E-01 4.00052E-03 8.35094E-01 
2.91608E-01 3.74976E-02 1.89683E-04 
2.92689E-01 3.37058E-02 2.20583E-04 
2.88613E-01 3.19622E-02 2.58872E-04 
2.89214E-01 2.86233E-02 3.06900E-04 
2.89151E-01 2.55328E-02 3.68112E-04 
2.88380E-01 2.27028E-02 4.47223E-04 
2.86892E-01 2.01344E-02 5.51010E-04 
2.85262E-01 1.83243E-02 6.54431E-04 
2.84705E-01 1.78240E-02 6.89464E-04 
2.81600E-01 1.56111E-02 8.94800E-04 
2.77769E-01 1.36700E-02 1.18677E-03 
2.73279E-01 1.19782E-02 1.61223E-03 
2.68203E-01 1.05108E-02 2.24833E-03 
2.62305E-01 9.41550E-03 3.22686E-03 
2.56456E-01 8.33738E-03 4.77888E-03 
2.50210E-01 7.39535E-03 7.32172E-03 
2.43650E-01 6.56910E-03 1.16365E-02 
2.36874E-01 5.84151E-03 1.92208E-02 
2.30021E-01 5.19921E-03 3.30169E-02 
2.23383E-01 4.63487E-03 5.88211E-02 
2.17780E-01 4.15164E-03 1.07535E-01 
2.15569E-01 3.77818E-03 1.96440E-01 
2.21983E-01 3.57900E-03 3.39979E-01 
2.41056E-01 3.57645E-03 5.17852E-01 
2.63308E-01 3.59322E-03 6.62340E-01 
2.73274E-01 3.42648E-03 7.28037E-01 
2.82865E-01 3.71715E-02 1.78485E-04 
2.83710E-01 3.32200E-02 2.07005E-04 
2.79842E-01 3.09513E-02 2.42271E-04 
2.80065E-01 2.75136E-02 2.86417E-04 
2.79564E-01 2.43544E-02 3.42538E-04 
2.78331E-01 2.14803E-02 4.14897E-04 
2.76375E-01 1.88913E-02 5.09645E-04 
2.74377E-01 1.70802E-02 6.03842E-04 
2.73713E-01 1.65816E-02 6.35710E-04 
2.70092E-01 1.43898E-02 8.22291E-04 
2.65745E-01 1.24873E-02 1.08693E-03 
2.60751E-01 1.08480E-02 1.47144E-03 
2.55194E-01 9.44312E-03 2.04500E-03 
2.48914E-01 8.37991E-03 2.92507E-03 
2.42633E-01 7.37410E-03 4.31703E-03 
2.35996E-01 6.50582E-03 6.59181E-03 
2.29093E-01 5.75271E-03 1.04401E-02 
2.22016E-01 5.09611E-03 1.71846E-02 
2.14904E-01 4.52125E-03 2.94158E-02 
2.08035E-01 4.01913E-03 5.22243E-02 
2.02164E-01 3.59104E-03 9.51463E-02 
1.99464E-01 3.26021E-03 1.73186E-01 
2.04727E-01 3.08097E-03 2.98684E-01 
2.21582E-01 3.07128E-03 4.53356E-01 
2.41237E-01 3.07818E-03 5.77793E-01 
2.49553E-01 2.92849E-03 6.32869E-01 
2.73384E-01 3.70212E-02 1.67562E-04 
2.73949E-01 3.28935E-02 1.93789E-04 
2.70303E-01 3.01459E-02 2.26155E-04 
2.70165E-01 2.66023E-02 2.66603E-04 
2.69280E-01 2.33639E-02 3.17917E-04 
2.67640E-01 2.04346E-02 3.83921E-04 
2.65250E-01 1.78136E-02 4.70099E-04 
2.62907E-01 1.59929E-02 5.55642E-04 
2.62147E-01 1.54933E-02 5.84537E-04 
2.58047E-01 1.33117E-02 7.53436E-04 
2.53235E-01 1.14380E-02 9.92381E-04 
2.47796E-01 9.84206E-03 1.33869E-03 
2.41823E-01 8.49111E-03 1.85385E-03 
2.35227E-01 7.45976E-03 2.64246E-03 
2.28600E-01 6.51812E-03 3.88649E-03 
2.21661E-01 5.71595E-03 5.91375E-03 
2.14500E-01 5.02877E-03 9.33321E-03 
2.07215E-01 4.43600E-03 1.53091E-02 
1.99935E-01 3.92177E-03 2.61154E-02 
1.92924E-01 3.47562E-03 4.62003E-02 
1.86876E-01 3.09708E-03 8.38749E-02 
1.83783E-01 2.80470E-03 1.52137E-01 
1.88018E-01 2.64399E-03 2.61453E-01 
2.02828E-01 2.62913E-03 3.95441E-01 
2.20095E-01 2.62858E-03 5.02211E-01 
2.26941E-01 2.49474E-03 5.48137E-01 
2.63311E-01 3.70388E-02 1.56961E-04 
2.63568E-01 3.27116E-02 1.80971E-04 
2.60113E-01 2.95298E-02 2.10560E-04 
2.59593E-01 2.58685E-02 2.47481E-04 
2.58317E-01 2.25358E-02 2.94195E-04 
2.56278E-01 1.95390E-02 3.54132E-04 
2.53495E-01 1.68767E-02 4.32249E-04 
2.50851E-01 1.50394E-02 5.09601E-04 
2.49998E-01 1.45379E-02 5.35711E-04 
2.45486E-01 1.23584E-02 6.88019E-04 
2.40279E-01 1.05060E-02 9.02959E-04 
2.34470E-01 8.94634E-03 1.21366E-03 
2.28160E-01 7.64256E-03 1.67462E-03 
2.21323E-01 6.64249E-03 2.37859E-03 
2.14435E-01 5.75814E-03 3.48611E-03 
2.07281E-01 5.01532E-03 5.28586E-03 
1.99954E-01 4.38730E-03 8.31286E-03 
1.92549E-01 3.85197E-03 1.35877E-02 
1.85190E-01 3.39211E-03 2.30982E-02 
1.78121E-01 2.99639E-03 4.07177E-02 
1.71980E-01 2.66236E-03 7.36584E-02 
1.68587E-01 2.40466E-03 1.33142E-01 
1.71910E-01 2.26110E-03 2.28002E-01 
1.84845E-01 2.24268E-03 3.43632E-01 
1.99926E-01 2.23659E-03 4.34877E-01 
2.05474E-01 2.11749E-03 4.72969E-01 
2.52704E-01 3.72022E-02 1.46668E-04 
2.52630E-01 3.26593E-02 1.68556E-04 
2.49311E-01 2.90861E-02 1.95489E-04 
2.48406E-01 2.52849E-02 2.29023E-04 
2.46756E-01 2.18463E-02 2.71373E-04 
2.44354E-01 1.87736E-02 3.25594E-04 
2.41210E-01 1.60612E-02 3.96078E-04 
2.38290E-01 1.42018E-02 4.65713E-04 
2.37360E-01 1.36962E-02 4.89188E-04 
2.32484E-01 1.15120E-02 6.25964E-04 
2.26940E-01 9.67467E-03 8.18444E-04 
2.20829E-01 8.14559E-03 1.09593E-03 
2.14255E-01 6.88342E-03 1.50660E-03 
2.07248E-01 5.91407E-03 2.13223E-03 
2.00183E-01 5.08121E-03 3.11380E-03 
1.92900E-01 4.39193E-03 4.70476E-03 
1.85491E-01 3.81754E-03 7.37284E-03 
1.78050E-01 3.33415E-03 1.20084E-02 
1.70695E-01 2.92343E-03 2.03400E-02 
1.63648E-01 2.57313E-03 3.57305E-02 
1.57494E-01 2.27919E-03 6.44091E-02 
1.53885E-01 2.05284E-03 1.16011E-01 
1.56408E-01 1.92516E-03 1.97966E-01 
1.67626E-01 1.90450E-03 2.97311E-01 
1.80710E-01 1.89443E-03 3.74921E-01 
1.85119E-01 1.78906E-03 4.06323E-01 
2.41668E-01 3.74849E-02 1.36712E-04 
2.41245E-01 3.27110E-02 1.56579E-04 
2.38017E-01 2.87783E-02 1.80985E-04 
2.36750E-01 2.48285E-02 2.11323E-04 
2.34718E-01 2.12721E-02 2.49523E-04 
2.31952E-01 1.81137E-02 2.98325E-04 
2.28476E-01 1.53455E-02 3.61621E-04 
2.25312E-01 1.34605E-02 4.24041E-04 
2.24315E-01 1.29499E-02 4.45059E-04 
2.19129E-01 1.07568E-02 5.67279E-04 
2.13314E-01 8.93078E-03 7.38864E-04 
2.06969E-01 7.42823E-03 9.85600E-04 
2.00206E-01 6.20362E-03 1.34971E-03 
1.93102E-01 5.26465E-03 1.90321E-03 
1.85942E-01 4.47863E-03 2.76940E-03 
1.78613E-01 3.83817E-03 4.16902E-03 
1.71206E-01 3.31234E-03 6.51022E-03 
1.63810E-01 2.87599E-03 1.05656E-02 
1.56535E-01 2.50974E-03 1.78324E-02 
1.49586E-01 2.20030E-03 3.12151E-02 
1.43492E-01 1.94246E-03 5.60724E-02 
1.39747E-01 1.74438E-03 1.00633E-01 
1.41574E-01 1.63136E-03 1.71120E-01 
1.51232E-01 1.60953E-03 2.56084E-01 
1.62501E-01 1.59680E-03 3.21787E-01 
1.65921E-01 1.50412E-03 3.47508E-01 
2.30305E-01 3.78585E-02 1.27121E-04 
2.29523E-01 3.28415E-02 1.45072E-04 
2.26339E-01 2.85763E-02 1.67079E-04 
2.24695E-01 2.44685E-02 1.94394E-04 
2.22321E-01 2.07896E-02 2.28706E-04 
2.19214E-01 1.75405E-02 2.72414E-04 
2.15417E-01 1.47116E-02 3.28964E-04 
2.12038E-01 1.27987E-02 3.84624E-04 
2.10982E-01 1.22829E-02 4.03348E-04 
2.05542E-01 1.00787E-02 5.12054E-04 
1.99509E-01 8.26169E-03 6.64244E-04 
1.92996E-01 6.78342E-03 8.82527E-04 
1.86118E-01 5.59365E-03 1.20385E-03 
1.78985E-01 4.68497E-03 1.69116E-03 
1.71808E-01 3.94218E-03 2.45173E-03 
1.64511E-01 3.34638E-03 3.67747E-03 
1.57182E-01 2.86487E-03 5.72162E-03 
1.49904E-01 2.47123E-03 9.25253E-03 
1.42780E-01 2.14515E-03 1.55613E-02 
1.35996E-01 1.87258E-03 2.71418E-02 
1.30029E-01 1.64722E-03 4.85816E-02 
1.26220E-01 1.47460E-03 8.68831E-02 
1.27450E-01 1.37510E-03 1.47214E-01 
1.35698E-01 1.35296E-03 2.19526E-01 
1.45331E-01 1.33868E-03 2.74876E-01 
1.47900E-01 1.25767E-03 2.95793E-01 
2.18699E-01 3.82915E-02 1.17907E-04 
2.17567E-01 3.30242E-02 1.34058E-04 
2.14375E-01 2.84527E-02 1.53804E-04 
2.12359E-01 2.41785E-02 1.78265E-04 
2.09656E-01 2.03733E-02 2.08932E-04 
2.06245E-01 1.70324E-02 2.47891E-04 
2.02162E-01 1.41421E-02 2.98149E-04 
1.98586E-01 1.22006E-02 3.47511E-04 
1.97477E-01 1.16792E-02 3.64097E-04 
1.91825E-01 9.46374E-03 4.60256E-04 
1.85635E-01 7.65565E-03 5.94545E-04 
1.79019E-01 6.20100E-03 7.86651E-04 
1.72093E-01 5.04463E-03 1.06874E-03 
1.64994E-01 4.16651E-03 1.49555E-03 
1.57870E-01 3.46402E-03 2.15992E-03 
1.50676E-01 2.90959E-03 3.22780E-03 
1.43493E-01 2.46887E-03 5.00347E-03 
1.36400E-01 2.11416E-03 8.06195E-03 
1.29491E-01 1.82445E-03 1.35104E-02 
1.22932E-01 1.58515E-03 2.34801E-02 
1.17150E-01 1.38899E-03 4.18771E-02 
1.13342E-01 1.23929E-03 7.46278E-02 
1.14069E-01 1.15220E-03 1.25998E-01 
1.21049E-01 1.13045E-03 1.87222E-01 
1.29214E-01 1.11549E-03 2.33594E-01 
1.31061E-01 1.04517E-03 2.50474E-01 
2.07013E-01 3.87605E-02 1.09129E-04 
2.05507E-01 3.32328E-02 1.23580E-04 
2.02263E-01 2.83772E-02 1.41212E-04 
1.99893E-01 2.39349E-02 1.63006E-04 
1.96859E-01 2.00010E-02 1.90255E-04 
1.93172E-01 1.65697E-02 2.24800E-04 
1.88844E-01 1.36208E-02 2.69249E-04 
1.85103E-01 1.16526E-02 3.12798E-04 
1.83950E-01 1.11261E-02 3.27414E-04 
1.78129E-01 8.90133E-03 4.12014E-04 
1.71831E-01 7.10365E-03 5.29863E-04 
1.65168E-01 5.67315E-03 6.98046E-04 
1.58256E-01 4.54983E-03 9.44352E-04 
1.51248E-01 3.70283E-03 1.31621E-03 
1.44242E-01 3.03858E-03 1.89359E-03 
1.37214E-01 2.52283E-03 2.81891E-03 
1.30240E-01 2.11965E-03 4.35358E-03 
1.23392E-01 1.80048E-03 6.98902E-03 
1.16752E-01 1.54372E-03 1.16693E-02 
1.10469E-01 1.33435E-03 2.02082E-02 
1.04922E-01 1.16433E-03 3.59129E-02 
1.01174E-01 1.03520E-03 6.37701E-02 
1.01484E-01 9.59446E-04 1.07283E-01 
1.07336E-01 9.38610E-04 1.58845E-01 
1.14195E-01 9.23626E-04 1.97481E-01 
1.15440E-01 8.63066E-04 2.10996E-01 
1.95312E-01 3.92398E-02 1.00776E-04 
1.93442E-01 3.34486E-02 1.13640E-04 
1.90099E-01 2.83255E-02 1.29295E-04 
1.87372E-01 2.37133E-02 1.48594E-04 
1.84026E-01 1.96530E-02 1.72665E-04 
1.80075E-01 1.61341E-02 2.03108E-04 
1.75535E-01 1.31310E-02 2.42180E-04 
1.71660E-01 1.11398E-02 2.80372E-04 
1.70474E-01 1.06093E-02 2.93176E-04 
1.64532E-01 8.37959E-03 3.67167E-04 
1.58173E-01 6.59531E-03 4.69967E-04 
1.51511E-01 5.19077E-03 6.16290E-04 
1.44665E-01 4.10106E-03 8.30050E-04 
1.37800E-01 3.28624E-03 1.15208E-03 
1.30972E-01 2.65898E-03 1.65080E-03 
1.24168E-01 2.17978E-03 2.44797E-03 
1.17457E-01 1.81153E-03 3.76627E-03 
1.10904E-01 1.52501E-03 6.02362E-03 
1.04582E-01 1.29820E-03 1.00204E-02 
9.86194E-02 1.11579E-03 1.72898E-02 
9.33516E-02 9.69215E-04 3.06160E-02 
8.97130E-02 8.58502E-04 5.41675E-02 
8.96849E-02 7.93087E-04 9.08013E-02 
9.45392E-02 7.73556E-04 1.33958E-01 
1.00242E-01 7.59068E-04 1.65942E-01 
1.00992E-01 7.07365E-04 1.76662E-01 
1.83807E-01 3.96980E-02 9.29402E-05 
1.81597E-01 3.36473E-02 1.04350E-04 
1.78126E-01 2.82763E-02 1.18186E-04 
1.75063E-01 2.34987E-02 1.35199E-04 
1.71411E-01 1.93160E-02 1.56348E-04 
1.67215E-01 1.57157E-02 1.83038E-04 
1.62487E-01 1.26650E-02 2.17207E-04 
1.58502E-01 1.06557E-02 2.50535E-04 
1.57291E-01 1.01226E-02 2.61696E-04 
1.51271E-01 7.89402E-03 3.26087E-04 
1.44900E-01 6.12773E-03 4.15323E-04 
1.38294E-01 4.75206E-03 5.42021E-04 
1.31564E-01 3.69719E-03 7.26652E-04 
1.24885E-01 2.91541E-03 1.00419E-03 
1.18280E-01 2.32385E-03 1.43293E-03 
1.11745E-01 1.87914E-03 2.11642E-03 
1.05342E-01 1.54326E-03 3.24359E-03 
9.91243E-02 1.28647E-03 5.16818E-03 
9.31546E-02 1.08658E-03 8.56602E-03 
8.75452E-02 9.28178E-04 1.47260E-02 
8.25880E-02 8.02352E-04 2.59814E-02 
7.91001E-02 7.07887E-04 4.58037E-02 
7.88088E-02 6.51747E-04 7.65045E-02 
8.27955E-02 6.33779E-04 1.12461E-01 
8.74943E-02 6.20156E-04 1.38813E-01 
8.78506E-02 5.76350E-04 1.47250E-01 
1.72393E-01 4.01234E-02 8.54963E-05 
1.69857E-01 3.38143E-02 9.55534E-05 
1.66228E-01 2.82078E-02 1.07694E-04 
1.62855E-01 2.32705E-02 1.22591E-04 
1.58920E-01 1.89720E-02 1.41037E-04 
1.54483E-01 1.52957E-02 1.64241E-04 
1.49583E-01 1.22044E-02 1.93887E-04 
1.45509E-01 1.01829E-02 2.22735E-04 
1.44280E-01 9.64891E-03 2.32386E-04 
1.38205E-01 7.42790E-03 2.87961E-04 
1.31861E-01 5.68544E-03 3.64800E-04 
1.25356E-01 4.34304E-03 4.73646E-04 
1.18795E-01 3.32571E-03 6.31884E-04 
1.12351E-01 2.57896E-03 8.69266E-04 
1.06019E-01 2.02303E-03 1.23504E-03 
9.97992E-02 1.61173E-03 1.81658E-03 
9.37439E-02 1.30644E-03 2.77291E-03 
8.78989E-02 1.07722E-03 4.40116E-03 
8.23156E-02 9.01921E-04 7.26697E-03 
7.70894E-02 7.65221E-04 1.24466E-02 
7.24716E-02 6.57982E-04 2.18791E-02 
6.91708E-02 5.78058E-04 3.84300E-02 
6.86789E-02 5.30331E-04 6.39541E-02 
7.19063E-02 5.14107E-04 9.36688E-02 
7.57262E-02 5.01615E-04 1.15194E-01 
7.57717E-02 4.64918E-04 1.21750E-01 
1.61259E-01 4.04936E-02 7.85197E-05 
1.58402E-01 3.39295E-02 8.73284E-05 
1.54625E-01 2.81080E-02 9.79323E-05 
1.50936E-01 2.30147E-02 1.10872E-04 
1.46743E-01 1.86101E-02 1.26852E-04 
1.42097E-01 1.48687E-02 1.46893E-04 
1.37052E-01 1.17464E-02 1.72429E-04 
1.32916E-01 9.71986E-03 1.97237E-04 
1.31673E-01 9.18661E-03 2.05520E-04 
1.25577E-01 6.98134E-03 2.53144E-04 
1.19292E-01 5.26880E-03 3.18836E-04 
1.12924E-01 3.96381E-03 4.11683E-04 
1.06569E-01 2.98646E-03 5.46367E-04 
1.00394E-01 2.27629E-03 7.48006E-04 
9.43716E-02 1.75575E-03 1.05794E-03 
8.85008E-02 1.37667E-03 1.54944E-03 
8.28250E-02 1.10014E-03 2.35546E-03 
7.73795E-02 8.96302E-04 3.72378E-03 
7.22053E-02 7.43264E-04 6.12477E-03 
6.73809E-02 6.25903E-04 1.04508E-02 
6.31212E-02 5.35094E-04 1.83026E-02 
6.00348E-02 4.67978E-04 3.20285E-02 
5.94000E-02 4.27753E-04 5.31044E-02 
6.19762E-02 4.13353E-04 7.74912E-02 
6.50421E-02 4.02152E-04 9.49469E-02 
6.48532E-02 3.71740E-04 9.99815E-02 
1.50488E-01 4.07989E-02 7.20128E-05 
1.47309E-01 3.39813E-02 7.96692E-05 
1.43360E-01 2.79587E-02 8.88615E-05 
1.39410E-01 2.27245E-02 1.00041E-04 
1.34973E-01 1.82232E-02 1.13776E-04 
1.30134E-01 1.44266E-02 1.30943E-04 
1.24962E-01 1.12834E-02 1.52759E-04 
1.20782E-01 9.25938E-03 1.73919E-04 
1.19534E-01 8.72928E-03 1.80979E-04 
1.13466E-01 6.54956E-03 2.21500E-04 
1.07274E-01 4.87360E-03 2.77240E-04 
1.01071E-01 3.61044E-03 3.55834E-04 
9.49496E-02 2.67565E-03 4.69589E-04 
8.90700E-02 2.00359E-03 6.39596E-04 
8.33858E-02 1.51837E-03 9.00303E-04 
7.78909E-02 1.17050E-03 1.31265E-03 
7.26172E-02 9.21074E-04 1.98707E-03 
6.75898E-02 7.40602E-04 3.12864E-03 
6.28389E-02 6.07651E-04 5.12583E-03 
5.84282E-02 5.07509E-04 8.71257E-03 
5.45379E-02 4.31163E-04 1.52004E-02 
5.16860E-02 3.75260E-04 2.65007E-02 
5.09588E-02 3.41684E-04 4.37746E-02 
5.29824E-02 3.29118E-04 6.36382E-02 
5.54082E-02 3.19294E-04 7.76831E-02 
5.50509E-02 2.94386E-04 8.14968E-02 
1.40126E-01 4.10284E-02 6.59621E-05 
1.36639E-01 3.39632E-02 7.25659E-05 
1.32512E-01 2.77525E-02 8.04716E-05 
1.28317E-01 2.23885E-02 9.00513E-05 
1.23659E-01 1.78021E-02 1.01754E-04 
1.18656E-01 1.39630E-02 1.16332E-04 
1.13387E-01 1.08114E-02 1.34814E-04 
1.09171E-01 8.79720E-03 1.52692E-04 
1.07921E-01 8.27210E-03 1.58649E-04 
1.01890E-01 6.12610E-03 1.92797E-04 
9.58331E-02 4.49480E-03 2.39703E-04 
8.98457E-02 3.27938E-03 3.05734E-04 
8.39994E-02 2.39034E-03 4.01086E-04 
7.84405E-02 1.75793E-03 5.43310E-04 
7.31126E-02 1.30790E-03 7.60885E-04 
6.80085E-02 9.90208E-04 1.10410E-03 
6.31488E-02 7.66298E-04 1.66394E-03 
5.85484E-02 6.07308E-04 2.60884E-03 
5.42269E-02 4.92456E-04 4.25691E-03 
5.02332E-02 4.07565E-04 7.20729E-03 
4.67163E-02 3.43879E-04 1.25259E-02 
4.41125E-02 2.97741E-04 2.17544E-02 
4.33355E-02 2.70010E-04 3.57982E-02 
4.48962E-02 2.59234E-04 5.18453E-02 
4.67845E-02 2.50808E-04 6.30481E-02 
4.63149E-02 2.30678E-04 6.58928E-02 
1.30215E-01 4.11752E-02 6.03545E-05 
1.26447E-01 3.38720E-02 6.60056E-05 
1.22127E-01 2.74834E-02 7.27385E-05 
1.17712E-01 2.20021E-02 8.08739E-05 
1.12877E-01 1.73464E-02 9.07624E-05 
1.07739E-01 1.34783E-02 1.03029E-04 
1.02389E-01 1.03286E-02 1.18525E-04 
9.81577E-02 8.33206E-03 1.33484E-04 
9.69137E-02 7.81441E-03 1.38467E-04 
9.09688E-02 5.71274E-03 1.67005E-04 
8.50681E-02 4.13243E-03 2.06118E-04 
7.93003E-02 2.96830E-03 2.61047E-04 
7.37418E-02 2.12738E-03 3.40232E-04 
6.85228E-02 1.53607E-03 4.58175E-04 
6.35716E-02 1.12132E-03 6.38211E-04 
5.88728E-02 8.32938E-04 9.21498E-04 
5.44363E-02 6.33116E-04 1.38230E-03 
5.02676E-02 4.93879E-04 2.15785E-03 
4.63761E-02 3.95304E-04 3.50641E-03 
4.27967E-02 3.23859E-04 5.91285E-03 
3.96512E-02 2.71192E-04 1.02359E-02 
3.73023E-02 2.33495E-04 1.77081E-02 
3.65113E-02 2.10858E-04 2.90274E-02 
3.76896E-02 2.01785E-04 4.18774E-02 
3.91326E-02 1.94718E-04 5.07304E-02 
3.85976E-02 1.78702E-04 5.28155E-02 
1.20784E-01 4.12333E-02 5.51711E-05 
1.16757E-01 3.37017E-02 5.99607E-05 
1.12247E-01 2.71472E-02 6.56342E-05 
1.07626E-01 2.15603E-02 7.24642E-05 
1.02649E-01 1.68515E-02 8.07372E-05 
9.73956E-02 1.29661E-02 9.09355E-05 
9.19960E-02 9.83150E-03 1.03785E-04 
8.77791E-02 7.86235E-03 1.16173E-04 
8.65450E-02 7.35424E-03 1.20295E-04 
8.07045E-02 5.30547E-03 1.43882E-04 
7.49851E-02 3.78301E-03 1.76157E-04 
6.94677E-02 2.67516E-03 2.21410E-04 
6.42171E-02 1.88489E-03 2.86535E-04 
5.93509E-02 1.33580E-03 3.83414E-04 
5.47862E-02 9.56163E-04 5.30993E-04 
5.04985E-02 6.96170E-04 7.62663E-04 
4.64870E-02 5.19046E-04 1.13851E-03 
4.27470E-02 3.97933E-04 1.76923E-03 
3.92784E-02 3.13924E-04 2.86263E-03 
3.61051E-02 2.54304E-04 4.80731E-03 
3.33228E-02 2.11169E-04 8.28855E-03 
3.12302E-02 1.80716E-04 1.42826E-02 
3.04540E-02 1.62484E-04 2.33200E-02 
3.13213E-02 1.54997E-04 3.35112E-02 
3.24007E-02 1.49218E-04 4.04364E-02 
3.18383E-02 1.36709E-04 4.19335E-02 
1.11826E-01 4.11927E-02 5.03822E-05 
1.07577E-01 3.34481E-02 5.44011E-05 
1.02903E-01 2.67446E-02 5.91306E-05 
9.81013E-02 2.10653E-02 6.47941E-05 
9.30048E-02 1.63172E-02 7.16271E-05 
8.76727E-02 1.24296E-02 8.00015E-05 
8.22504E-02 9.32193E-03 9.05203E-05 
7.80642E-02 7.38789E-03 1.00647E-04 
7.68476E-02 6.89161E-03 1.04015E-04 
7.11328E-02 4.90432E-03 1.23269E-04 
6.56126E-02 3.44584E-03 1.49583E-04 
6.03679E-02 2.39845E-03 1.86456E-04 
5.54482E-02 1.66122E-03 2.39466E-04 
5.09467E-02 1.15521E-03 3.18243E-04 
4.67714E-02 8.10314E-04 4.38000E-04 
4.28935E-02 5.77691E-04 6.25550E-04 
3.93008E-02 4.21860E-04 9.29035E-04 
3.59795E-02 3.17314E-04 1.43687E-03 
3.29214E-02 2.46306E-04 2.31452E-03 
3.01390E-02 1.97005E-04 3.87033E-03 
2.77066E-02 1.62064E-04 6.64553E-03 
2.58660E-02 1.37779E-04 1.14048E-02 
2.51272E-02 1.23319E-04 1.85464E-02 
2.57461E-02 1.17283E-04 2.65445E-02 
2.65334E-02 1.12698E-04 3.19015E-02 
2.59734E-02 1.03146E-04 3.29502E-02 
1.03372E-01 4.10579E-02 4.59757E-05 
9.89363E-02 3.31161E-02 4.93089E-05 
9.41105E-02 2.62765E-02 5.31937E-05 
8.91556E-02 2.05187E-02 5.78200E-05 
8.39557E-02 1.57434E-02 6.33721E-05 
7.85885E-02 1.18697E-02 7.01551E-05 
7.31770E-02 8.80157E-03 7.86395E-05 
6.90368E-02 6.90995E-03 8.67930E-05 
6.78408E-02 6.42739E-03 8.95022E-05 
6.22797E-02 4.51000E-03 1.05006E-04 
5.69912E-02 3.12175E-03 1.26201E-04 
5.20379E-02 2.13823E-03 1.55891E-04 
4.74506E-02 1.45521E-03 1.98517E-04 
4.33101E-02 9.92444E-04 2.61816E-04 
3.95233E-02 6.81749E-04 3.57909E-04 
3.60489E-02 4.75394E-04 5.08078E-04 
3.28646E-02 3.39484E-04 7.50456E-04 
2.99478E-02 2.50030E-04 1.15491E-03 
2.72828E-02 1.90577E-04 1.85173E-03 
2.48720E-02 1.50236E-04 3.08281E-03 
2.27718E-02 1.22288E-04 5.27086E-03 
2.11746E-02 1.03214E-04 9.00787E-03 
2.04898E-02 9.19556E-05 1.45879E-02 
2.09144E-02 8.72243E-05 2.07930E-02 
2.14714E-02 8.37250E-05 2.48867E-02 
2.09361E-02 7.66405E-05 2.55992E-02 
9.54104E-02 4.08310E-02 4.19229E-05 
9.07989E-02 3.26998E-02 4.46362E-05 
8.58571E-02 2.57435E-02 4.77767E-05 
8.07775E-02 1.99213E-02 5.14851E-05 
7.55098E-02 1.51346E-02 5.59143E-05 
7.01265E-02 1.12868E-02 6.12981E-05 
6.47571E-02 8.27048E-03 6.80155E-05 
6.06901E-02 6.42955E-03 7.44670E-05 
5.95222E-02 5.96278E-03 7.66110E-05 
5.41323E-02 4.12238E-03 8.88768E-05 
4.90941E-02 2.80946E-03 1.05685E-04 
4.44420E-02 1.89253E-03 1.29234E-04 
4.01998E-02 1.26510E-03 1.63050E-04 
3.64260E-02 8.45797E-04 2.13262E-04 
3.30216E-02 5.68543E-04 2.89376E-04 
2.99396E-02 3.87271E-04 4.08098E-04 
2.71485E-02 2.69924E-04 5.99269E-04 
2.46174E-02 1.94180E-04 9.17380E-04 
2.23240E-02 1.44949E-04 1.46376E-03 
2.02628E-02 1.12365E-04 2.42571E-03 
1.84739E-02 9.03528E-05 4.12909E-03 
1.71078E-02 7.56521E-05 7.02622E-03 
1.64886E-02 6.70914E-05 1.13302E-02 
1.67644E-02 6.35189E-05 1.60810E-02 
1.71430E-02 6.09889E-05 1.91651E-02 
1.66488E-02 5.59484E-05 1.96307E-02 
8.79945E-02 4.05114E-02 3.82302E-05 
8.32332E-02 3.22066E-02 4.03959E-05 
7.82029E-02 2.51515E-02 4.28856E-05 
7.30340E-02 1.92823E-02 4.57956E-05 
6.77173E-02 1.44962E-02 4.92437E-05 
6.23565E-02 1.06895E-02 5.34294E-05 
5.70549E-02 7.73553E-03 5.86341E-05 
5.30806E-02 5.95205E-03 6.36365E-05 
5.19471E-02 5.50289E-03 6.53014E-05 
4.67587E-02 3.74651E-03 7.48406E-05 
4.19781E-02 2.51199E-03 8.79457E-05 
3.76354E-02 1.66329E-03 1.06351E-04 
3.37404E-02 1.09162E-03 1.32819E-04 
3.03281E-02 7.15047E-04 1.72149E-04 
2.72973E-02 4.70009E-04 2.31731E-04 
2.45920E-02 3.12354E-04 3.24513E-04 
2.21717E-02 2.12043E-04 4.73575E-04 
2.00001E-02 1.48563E-04 7.20926E-04 
1.80500E-02 1.08250E-04 1.14446E-03 
1.63095E-02 8.22713E-05 1.88752E-03 
1.48054E-02 6.52164E-05 3.19834E-03 
1.36533E-02 5.41226E-05 5.41829E-03 
1.31056E-02 4.77940E-05 8.69902E-03 
1.32717E-02 4.52285E-05 1.22927E-02 
1.35169E-02 4.35465E-05 1.45862E-02 
1.30736E-02 4.01653E-05 1.48759E-02 
8.10138E-02 4.00987E-02 3.48260E-05 
7.61345E-02 3.16357E-02 3.65062E-05 
7.10292E-02 2.44948E-02 3.84162E-05 
6.58128E-02 1.85976E-02 4.06313E-05 
6.04815E-02 1.38277E-02 4.32270E-05 
5.51647E-02 1.00735E-02 4.63711E-05 
4.99679E-02 7.19441E-03 5.02843E-05 
4.61019E-02 5.47463E-03 5.40455E-05 
4.50064E-02 5.04459E-03 5.53007E-05 
4.00481E-02 3.37909E-03 6.25373E-05 
3.55443E-02 2.22678E-03 7.25259E-05 
3.15166E-02 1.44767E-03 8.66069E-05 
2.79690E-02 9.31851E-04 1.06927E-04 
2.49181E-02 5.97507E-04 1.37219E-04 
2.22503E-02 3.83553E-04 1.83094E-04 
1.99040E-02 2.48158E-04 2.54427E-04 
1.78328E-02 1.63551E-04 3.68781E-04 
1.59962E-02 1.11106E-04 5.58028E-04 
1.43627E-02 7.86174E-05 8.81025E-04 
1.29164E-02 5.83018E-05 1.44577E-03 
1.16725E-02 4.54078E-05 2.43807E-03 
1.07175E-02 3.73029E-05 4.11111E-03 
1.02443E-02 3.28288E-05 6.57006E-03 
1.03313E-02 3.11398E-05 9.24175E-03 
1.04783E-02 3.02026E-05 1.09162E-02 
1.00913E-02 2.81706E-05 1.10822E-02 
7.45058E-02 3.95974E-02 3.17140E-05 
6.95463E-02 3.09969E-02 3.29719E-05 
6.43879E-02 2.37855E-02 3.43749E-05 
5.91545E-02 1.78768E-02 3.59894E-05 
5.38419E-02 1.31382E-02 3.78557E-05 
4.85965E-02 9.44875E-03 4.01131E-05 
4.35314E-02 6.65448E-03 4.29381E-05 
3.98006E-02 5.00495E-03 4.56689E-05 
3.87502E-02 4.59557E-03 4.65847E-05 
3.40317E-02 3.02466E-03 5.18966E-05 
2.98191E-02 1.95685E-03 5.93144E-05 
2.61208E-02 1.24804E-03 6.98673E-05 
2.29190E-02 7.87115E-04 8.51742E-05 
2.02108E-02 4.93254E-04 1.08073E-04 
1.78854E-02 3.08634E-04 1.42786E-04 
1.58742E-02 1.93861E-04 1.96726E-04 
1.41254E-02 1.23495E-04 2.83042E-04 
1.25945E-02 8.08278E-05 4.25524E-04 
1.12473E-02 5.51043E-05 6.67913E-04 
1.00646E-02 3.95672E-05 1.09024E-03 
9.05276E-03 3.01122E-05 1.82924E-03 
8.27490E-03 2.44438E-05 3.06943E-03 
7.87521E-03 2.14858E-05 4.88168E-03 
7.90801E-03 2.05473E-05 6.83382E-03 
7.98575E-03 2.02509E-05 8.03336E-03 
7.65658E-03 1.93003E-05 8.11647E-03 
6.84351E-02 3.90025E-02 2.88657E-05 
6.34298E-02 3.02886E-02 2.97567E-05 
5.82527E-02 2.30273E-02 3.07237E-05 
5.30286E-02 1.71232E-02 3.18207E-05 
4.77701E-02 1.24321E-02 3.30700E-05 
4.26233E-02 8.81914E-03 3.45800E-05 
3.77145E-02 6.11884E-03 3.64970E-05 
3.41376E-02 4.54498E-03 3.83765E-05 
3.31370E-02 4.15745E-03 3.90131E-05 
2.86799E-02 2.68521E-03 4.27514E-05 
2.47693E-02 1.70317E-03 4.80771E-05 
2.13999E-02 1.06403E-03 5.57679E-05 
1.85369E-02 6.56489E-04 6.70278E-05 
1.61598E-02 4.01264E-04 8.39834E-05 
1.41574E-02 2.44091E-04 1.09749E-04 
1.24567E-02 1.48229E-04 1.49787E-04 
1.10017E-02 9.06435E-05 2.13769E-04 
9.74570E-03 5.65539E-05 3.19121E-04 
8.65346E-03 3.66313E-05 4.97800E-04 
7.70281E-03 2.50902E-05 8.07884E-04 
6.89468E-03 1.84552E-05 1.34821E-03 
6.27290E-03 1.47562E-05 2.25051E-03 
5.94295E-03 1.30287E-05 3.56089E-03 
5.94085E-03 1.27291E-05 4.95936E-03 
5.97168E-03 1.29813E-05 5.80008E-03 
5.69856E-03 1.28903E-05 5.83019E-03 
6.27783E-02 3.83138E-02 2.62589E-05 
5.77640E-02 2.95145E-02 2.68355E-05 
5.25973E-02 2.22237E-02 2.74282E-05 
4.74117E-02 1.63420E-02 2.80851E-05 
4.22398E-02 1.17145E-02 2.88176E-05 
3.72209E-02 8.18993E-03 2.97070E-05 
3.24899E-02 5.59163E-03 3.08758E-05 
2.90846E-02 4.09820E-03 3.20640E-05 
2.81374E-02 3.73339E-03 3.24735E-05 
2.39604E-02 2.36284E-03 3.49468E-05 
2.03589E-02 1.46681E-03 3.85983E-05 
1.73172E-02 8.95951E-04 4.40112E-05 
1.47835E-02 5.39646E-04 5.20622E-05 
1.27217E-02 3.20825E-04 6.43198E-05 
1.10198E-02 1.88965E-04 8.30268E-05 
9.60231E-03 1.10192E-04 1.12130E-04 
8.41099E-03 6.39210E-05 1.58596E-04 
7.39820E-03 3.72676E-05 2.34930E-04 
6.52872E-03 2.22620E-05 3.63984E-04 
5.77923E-03 1.40363E-05 5.87035E-04 
5.14651E-03 9.69361E-06 9.73959E-04 
4.65961E-03 7.57482E-06 1.61662E-03 
4.39354E-03 6.84001E-06 2.54368E-03 
4.37082E-03 7.08243E-06 3.52292E-03 
4.37162E-03 7.80367E-06 4.09720E-03 
4.15037E-03 8.39217E-06 4.09551E-03 
5.75088E-02 3.75306E-02 2.38723E-05 
5.25127E-02 2.86719E-02 2.41783E-05 
4.73923E-02 2.13782E-02 2.44556E-05 
4.22743E-02 1.55375E-02 2.47420E-05 
3.72187E-02 1.09895E-02 2.50463E-05 
3.23562E-02 7.56546E-03 2.54289E-05 
2.78263E-02 5.07707E-03 2.59933E-05 
2.46065E-02 3.66776E-03 2.66287E-05 
2.37171E-02 3.32653E-03 2.68585E-05 
1.98333E-02 2.05933E-03 2.83327E-05 
1.65463E-02 1.24869E-03 3.06726E-05 
1.38275E-02 7.43972E-04 3.43076E-05 
1.16133E-02 4.36329E-04 3.98727E-05 
9.84728E-03 2.51228E-04 4.84848E-05 
8.42130E-03 1.42348E-04 6.17266E-05 
7.25835E-03 7.87754E-05 8.23820E-05 
6.29955E-03 4.23766E-05 1.15351E-04 
5.49809E-03 2.20832E-05 1.69398E-04 
4.81957E-03 1.11971E-05 2.60463E-04 
4.24114E-03 5.69552E-06 4.17193E-04 
3.75644E-03 3.20115E-06 6.87702E-04 
3.38357E-03 2.34229E-06 1.13432E-03 
3.17408E-03 2.40552E-06 1.77368E-03 
3.14077E-03 3.10833E-06 2.44107E-03 
3.12363E-03 4.23142E-06 2.82109E-03 
2.94852E-03 5.35576E-06 2.80218E-03 
5.25934E-02 3.66457E-02 2.16839E-05 
4.76447E-02 2.77584E-02 2.17594E-05 
4.26073E-02 2.04922E-02 2.17755E-05 
3.75898E-02 1.47145E-02 2.17563E-05 
3.26757E-02 1.02615E-02 2.17099E-05 
2.79974E-02 6.95017E-03 2.16872E-05 
2.36889E-02 4.57872E-03 2.17730E-05 
2.06669E-02 3.25662E-03 2.19768E-05 
1.98391E-02 2.93964E-03 2.20679E-05 
1.62593E-02 1.77658E-03 2.27741E-05 
1.32890E-02 1.04972E-03 2.41132E-05 
1.08858E-02 6.08294E-04 2.63971E-05 
8.97347E-03 3.46015E-04 3.00712E-05 
7.48217E-03 1.91697E-04 3.59171E-05 
6.30686E-03 1.03375E-04 4.50203E-05 
5.36984E-03 5.31154E-05 5.92904E-05 
4.61302E-03 2.51881E-05 8.20784E-05 
3.99171E-03 1.02489E-05 1.19359E-04 
3.47343E-03 2.76711E-06 1.81926E-04 
3.03725E-03 -5.20937E-07 2.89128E-04 
2.67453E-03 -1.53713E-06 4.73052E-04 
2.39572E-03 -1.39675E-06 7.74584E-04 
2.23459E-03 -6.92500E-07 1.20231E-03 
2.19725E-03 4.03204E-07 1.64238E-03 
2.17041E-03 1.87276E-06 1.88375E-03 
2.03472E-03 3.41985E-06 1.85705E-03 
4.79739E-02 3.56384E-02 1.96624E-05 
4.31128E-02 2.67664E-02 1.95474E-05 
3.81904E-02 1.95603E-02 1.93484E-05 
3.33079E-02 1.38713E-02 1.90815E-05 
2.85647E-02 9.53176E-03 1.87551E-05 
2.40967E-02 6.34578E-03 1.84151E-05 
2.00296E-02 4.09845E-03 1.81318E-05 
1.72165E-02 2.86621E-03 1.80080E-05 
1.64525E-02 2.57388E-03 1.79944E-05 
1.31848E-02 1.51507E-03 1.81269E-05 
1.05312E-02 8.69888E-04 1.87262E-05 
8.43377E-03 4.88438E-04 2.00117E-05 
6.80716E-03 2.68068E-04 2.22917E-05 
5.56912E-03 1.41459E-04 2.60949E-05 
4.61721E-03 7.11831E-05 3.21314E-05 
3.87661E-03 3.23693E-05 4.16709E-05 
3.29178E-03 1.15909E-05 5.69309E-05 
2.82106E-03 1.09393E-06 8.18429E-05 
2.43465E-03 -3.60693E-06 1.23454E-04 
2.11410E-03 -5.11200E-06 1.94365E-04 
1.84971E-03 -4.95073E-06 3.15115E-04 
1.64654E-03 -4.01801E-06 5.11293E-04 
1.52539E-03 -2.79587E-06 7.86271E-04 
1.48781E-03 -1.36098E-06 1.06376E-03 
1.45644E-03 4.11163E-07 1.20813E-03 
1.35314E-03 2.29384E-06 1.17929E-03 
4.36301E-02 3.44889E-02 1.77947E-05 
3.89003E-02 2.56885E-02 1.75281E-05 
3.41266E-02 1.85814E-02 1.71572E-05 
2.94155E-02 1.30123E-02 1.66975E-05 
2.48717E-02 8.80595E-03 1.61558E-05 
2.06383E-02 5.75820E-03 1.55779E-05 
1.68313E-02 3.64172E-03 1.50239E-05 
1.42346E-02 2.50099E-03 1.46630E-05 
1.35359E-02 2.23336E-03 1.45745E-05 
1.05844E-02 1.27760E-03 1.43019E-05 
8.24043E-03 7.10530E-04 1.43794E-05 
6.43471E-03 3.84864E-04 1.49623E-05 
5.07161E-03 2.02295E-04 1.62540E-05 
4.06093E-03 9.99900E-05 1.86012E-05 
3.30488E-03 4.51890E-05 2.24496E-05 
2.73128E-03 1.59585E-05 2.86052E-05 
2.28881E-03 1.04614E-06 3.84775E-05 
1.94004E-03 -5.86247E-06 5.45496E-05 
1.65868E-03 -8.34253E-06 8.12268E-05 
1.42877E-03 -8.43780E-06 1.26342E-04 
1.24080E-03 -7.35068E-06 2.02367E-04 
1.09626E-03 -5.79429E-06 3.24314E-04 
1.00661E-03 -4.15419E-06 4.92285E-04 
9.70527E-04 -2.42572E-06 6.56890E-04 
9.37383E-04 -3.89233E-07 7.35329E-04 
8.59506E-04 1.75944E-06 7.07460E-04 
3.94865E-02 3.31535E-02 1.60452E-05 
3.49348E-02 2.44963E-02 1.56624E-05 
3.03513E-02 1.75395E-02 1.51603E-05 
2.58520E-02 1.21291E-02 1.45577E-05 
2.15406E-02 8.08092E-03 1.38589E-05 
1.75659E-02 5.18614E-03 1.31113E-05 
1.40374E-02 3.20810E-03 1.23706E-05 
1.16654E-02 2.16083E-03 1.18491E-05 
1.10333E-02 1.91797E-03 1.17104E-05 
8.39819E-03 1.06353E-03 1.11685E-05 
6.35617E-03 5.70849E-04 1.09009E-05 
4.82609E-03 2.96577E-04 1.10147E-05 
3.70442E-03 1.47710E-04 1.16380E-05 
2.89531E-03 6.63795E-05 1.29849E-05 
2.30717E-03 2.45556E-05 1.53153E-05 
1.87249E-03 3.16999E-06 1.91120E-05 
1.54521E-03 -7.02696E-06 2.52215E-05 
1.29279E-03 -1.10893E-05 3.51209E-05 
1.09301E-03 -1.18212E-05 5.13994E-05 
9.32098E-04 -1.08125E-05 7.85650E-05 
8.01830E-04 -9.00018E-06 1.23597E-04 
7.01290E-04 -6.95251E-06 1.94316E-04 
6.35467E-04 -4.97295E-06 2.88838E-04 
6.01189E-04 -2.98881E-06 3.76607E-04 
5.67498E-04 -7.20630E-07 4.11169E-04 
5.08712E-04 1.63817E-06 3.85554E-04 
3.54781E-02 3.15757E-02 1.43844E-05 
3.11529E-02 2.31501E-02 1.39173E-05 
2.68103E-02 1.64129E-02 1.33242E-05 
2.25661E-02 1.12097E-02 1.26244E-05 
1.85257E-02 7.35215E-03 1.18227E-05 
1.48372E-02 4.62872E-03 1.09672E-05 
1.16066E-02 2.79813E-03 1.01131E-05 
9.46619E-03 1.84627E-03 9.49563E-06 
8.90151E-03 1.62822E-03 9.32726E-06 
6.58130E-03 8.73018E-04 8.62817E-06 
4.83027E-03 4.50483E-04 8.15632E-06 
3.55674E-03 2.22882E-04 7.98311E-06 
2.65214E-03 1.03489E-04 8.18285E-06 
2.01809E-03 3.98465E-05 8.87673E-06 
1.57063E-03 8.62763E-06 1.01975E-05 
1.24832E-03 -6.51757E-06 1.24085E-05 
1.01124E-03 -1.30374E-05 1.59735E-05 
8.32249E-04 -1.49050E-05 2.16909E-05 
6.93311E-04 -1.42953E-05 3.09260E-05 
5.83121E-04 -1.24394E-05 4.59622E-05 
4.94761E-04 -1.00696E-05 7.01055E-05 
4.25925E-04 -7.64166E-06 1.06420E-04 
3.77186E-04 -5.39085E-06 1.51854E-04 
3.44241E-04 -3.18888E-06 1.88680E-04 
3.10270E-04 -7.23861E-07 1.94812E-04 
2.65156E-04 1.79384E-06 1.71739E-04 
3.15180E-02 2.96688E-02 1.27749E-05 
2.74751E-02 2.15898E-02 1.22543E-05 
2.34346E-02 1.51657E-02 1.16100E-05 
1.94965E-02 1.02332E-02 1.08565E-05 
1.57727E-02 6.60922E-03 1.00030E-05 
1.24041E-02 4.08167E-03 9.09685E-06 
9.49311E-03 2.41026E-03 8.19370E-06 
7.59231E-03 1.55672E-03 7.53571E-06 
7.09610E-03 1.36361E-03 7.35494E-06 
5.08727E-03 7.05477E-04 6.58859E-06 
3.61377E-03 3.48616E-04 6.02163E-06 
2.57581E-03 1.62841E-04 5.69882E-06 
1.86257E-03 6.87290E-05 5.65563E-06 
1.37691E-03 1.96465E-05 5.94986E-06 
1.04389E-03 -3.16393E-06 6.63007E-06 
8.09434E-04 -1.35097E-05 7.81474E-06 
6.40410E-04 -1.72627E-05 9.71664E-06 
5.15207E-04 -1.75005E-05 1.26898E-05 
4.19821E-04 -1.59019E-05 1.72984E-05 
3.45378E-04 -1.34251E-05 2.43789E-05 
2.86177E-04 -1.06502E-05 3.48487E-05 
2.39248E-04 -7.94713E-06 4.87320E-05 
2.02115E-04 -5.49558E-06 6.23067E-05 
1.69829E-04 -3.12370E-06 6.63557E-05 
1.35474E-04 -5.09261E-07 5.46387E-05 
9.98376E-05 2.10999E-06 3.40030E-05 
2.75112E-02 2.73220E-02 1.11758E-05 
2.38168E-02 1.97405E-02 1.06326E-05 
2.01417E-02 1.37451E-02 9.97328E-06 
1.65714E-02 9.16778E-03 9.20876E-06 
1.32186E-02 5.83467E-03 8.35272E-06 
1.02114E-02 3.53633E-03 7.44975E-06 
7.64641E-03 2.04035E-03 6.55507E-06 
5.99600E-03 1.28983E-03 5.90447E-06 
5.56959E-03 1.12210E-03 5.72564E-06 
3.86936E-03 5.59579E-04 4.96451E-06 
2.65852E-03 2.64027E-04 4.38436E-06 
1.83373E-03 1.15335E-04 4.01077E-06 
1.28579E-03 4.25187E-05 3.85149E-06 
9.22635E-04 5.15531E-06 3.92232E-06 
6.79739E-04 -1.12018E-05 4.21877E-06 
5.11376E-04 -1.80025E-05 4.76753E-06 
3.91577E-04 -1.97752E-05 5.62359E-06 
3.04085E-04 -1.88819E-05 6.86152E-06 
2.38559E-04 -1.66216E-05 8.54340E-06 
1.88278E-04 -1.37499E-05 1.06042E-05 
1.48585E-04 -1.07350E-05 1.24786E-05 
1.16253E-04 -7.88135E-06 1.23536E-05 
8.67692E-05 -5.32291E-06 6.19458E-06 
5.48743E-05 -2.85786E-06 -9.75131E-06 
2.03822E-05 -1.72926E-07 -3.18725E-05 
-8.63878E-06 2.46600E-06 -5.02134E-05 
2.33912E-02 2.44420E-02 9.55573E-06 
2.01091E-02 1.75320E-02 9.01739E-06 
1.68591E-02 1.20976E-02 8.37390E-06 
1.37215E-02 7.97823E-03 7.63809E-06 
1.07980E-02 5.00628E-03 6.82473E-06 
8.20025E-03 2.98029E-03 5.97490E-06 
6.01359E-03 1.68186E-03 5.14110E-06 
4.62728E-03 1.04158E-03 4.53944E-06 
4.27264E-03 9.00135E-04 4.37457E-06 
2.87999E-03 4.33130E-04 3.67630E-06 
1.91700E-03 1.95086E-04 3.14258E-06 
1.28256E-03 7.91308E-05 2.78466E-06 
8.74503E-04 2.40479E-05 2.59222E-06 
6.09901E-04 -3.96977E-06 2.55516E-06 
4.35839E-04 -1.55129E-05 2.63943E-06 
3.15686E-04 -1.98244E-05 2.81929E-06 
2.30402E-04 -2.03101E-05 3.05901E-06 
1.68579E-04 -1.87631E-05 3.27394E-06 
1.22996E-04 -1.61941E-05 3.24375E-06 
8.86753E-05 -1.32053E-05 2.40440E-06 
6.18386E-05 -1.01774E-05 -6.04818E-07 
3.91573E-05 -7.35984E-06 -8.53326E-06 
1.51173E-05 -4.84846E-06 -2.53595E-05 
-1.55376E-05 -2.43026E-06 -5.15676E-05 
-4.88308E-05 1.79617E-07 -7.81810E-05 
-7.26693E-05 2.70014E-06 -9.40848E-05 
1.92004E-02 2.10525E-02 7.92171E-06 
1.63665E-02 1.49667E-02 7.40554E-06 
1.35838E-02 1.02187E-02 6.80142E-06 
1.09274E-02 6.65680E-03 6.12524E-06 
8.47920E-03 4.11576E-03 5.39063E-06 
6.33356E-03 2.40768E-03 4.63643E-06 
4.55332E-03 1.33031E-03 3.90661E-06 
3.44359E-03 8.08506E-04 3.38760E-06 
3.16254E-03 6.94522E-04 3.24629E-06 
2.07512E-03 3.23683E-04 2.65357E-06 
1.34437E-03 1.39929E-04 2.20599E-06 
8.77473E-04 5.29449E-05 1.90388E-06 
5.85433E-04 1.26608E-05 1.72758E-06 
3.98823E-04 -7.74022E-06 1.65507E-06 
2.76813E-04 -1.57145E-05 1.64219E-06 
1.92054E-04 -1.83744E-05 1.64314E-06 
1.31547E-04 -1.81970E-05 1.58624E-06 
8.78123E-05 -1.65105E-05 1.32670E-06 
5.60333E-05 -1.40797E-05 5.46002E-07 
3.26033E-05 -1.13697E-05 -1.47304E-06 
1.45362E-05 -8.67760E-06 -6.27702E-06 
-1.30315E-06 -6.19721E-06 -1.67118E-05 
-2.02767E-05 -3.99237E-06 -3.62400E-05 
-4.70743E-05 -1.86754E-06 -6.38180E-05 
-7.61213E-05 4.10781E-07 -8.91360E-05 
-9.47827E-05 2.58049E-06 -1.01941E-04 
1.51644E-02 1.74063E-02 6.34887E-06 
1.27801E-02 1.22281E-02 5.86581E-06 
1.04711E-02 8.23640E-03 5.31615E-06 
8.30442E-03 5.28557E-03 4.71805E-06 
6.34198E-03 3.21334E-03 4.08495E-06 
4.65444E-03 1.84495E-03 3.45072E-06 
3.28183E-03 9.98453E-04 2.85072E-06 
2.44313E-03 5.96515E-04 2.43275E-06 
2.23315E-03 5.09750E-04 2.32014E-06 
1.43294E-03 2.31523E-04 1.85425E-06 
9.09427E-04 9.72556E-05 1.50947E-06 
5.83606E-04 3.53121E-05 1.27912E-06 
3.84203E-04 7.26630E-06 1.14188E-06 
2.58151E-04 -6.76344E-06 1.07539E-06 
1.75982E-04 -1.20382E-05 1.04211E-06 
1.18642E-04 -1.36509E-05 1.00201E-06 
7.76281E-05 -1.33262E-05 8.93190E-07 
4.80977E-05 -1.19841E-05 5.93349E-07 
2.68858E-05 -1.01532E-05 -1.58295E-07 
1.14869E-05 -8.15332E-06 -1.93462E-06 
-2.51336E-07 -6.18679E-06 -5.93987E-06 
-1.07087E-05 -4.38453E-06 -1.43353E-05 
-2.39682E-05 -2.78449E-06 -2.96122E-05 
-4.34489E-05 -1.24116E-06 -5.06346E-05 
-6.45037E-05 4.07807E-07 -6.93536E-05 
-7.73711E-05 1.96549E-06 -7.82429E-05 
---
