PdfType: replica
Format: lhagrid1
---
1.00000E-06 1.28121E-06 1.64152E-06 2.10317E-06 2.69463E-06 3.45242E-06 4.42329E-06 5.66715E-06 7.26076E-06 9.30241E-06 1.19180E-05 1.52689E-05 1.95617E-05 2.50609E-05 3.21053E-05 4.11287E-05 5.26863E-05 6.74889E-05 8.64459E-05 1.10720E-04 1.41800E-04 1.81585E-04 2.32503E-04 2.97652E-04 3.80981E-04 4.87518E-04 6.26039E-04 8.00452E-04 1.02297E-03 1.30657E-03 1.66759E-03 2.12729E-03 2.71054E-03 3.44865E-03 4.37927E-03 5.54908E-03 7.01192E-03 8.83064E-03 1.10763E-02 1.38266E-02 1.71641E-02 2.11717E-02 2.59364E-02 3.15062E-02 3.79623E-02 4.53425E-02 5.36750E-02 6.29705E-02 7.32221E-02 8.44039E-02 9.64793E-02 1.09332E-01 1.23067E-01 1.37507E-01 1.52639E-01 1.68416E-01 1.84794E-01 2.01731E-01 2.19016E-01 2.36948E-01 2.55242E-01 2.73927E-01 2.92954E-01 3.12340E-01 3.32036E-01 3.52019E-01 3.72282E-01 3.92772E-01 4.13533E-01 4.34326E-01 4.55495E-01 4.76836E-01 4.98342E-01 5.20006E-01 5.41818E-01 5.63773E-01 5.85861E-01 6.08077E-01 6.30459E-01 6.52800E-01 6.75387E-01 6.98063E-01 7.20830E-01 7.43683E-01 7.66623E-01 7.89636E-01 8.12791E-01 8.35940E-01 8.59175E-01 8.82485E-01 9.05866E-01 9.29311E-01 9.52817E-01 9.76387E-01 1.00000E+00 
1.14018E+00 1.22539E+00 1.32482E+00 1.44156E+00 1.57954E+00 1.74381E+00 1.94091E+00 2.12132E+00 2.17945E+00 2.49622E+00 2.89383E+00 3.39925E+00 4.05063E+00 4.90286E+00 6.03623E+00 7.57063E+00 9.68869E+00 1.26749E+01 1.69835E+01 2.33578E+01 3.30501E+01 4.82334E+01 7.28041E+01 1.13998E+02 1.85779E+02 3.16228E+02 
908 909 910 
7.79594E-01 4.49448E-02 3.39491E-01 
7.95156E-01 5.38710E-02 3.99120E-01 
8.29228E-01 7.00957E-02 4.74533E-01 
8.90740E-01 9.46236E-02 5.70716E-01 
9.73929E-01 1.24406E-01 6.95618E-01 
1.08265E+00 1.60217E-01 8.62236E-01 
1.22129E+00 2.02868E-01 1.08610E+00 
1.35153E+00 2.40991E-01 1.31279E+00 
1.39409E+00 2.53110E-01 1.39177E+00 
1.62515E+00 3.16758E-01 1.85691E+00 
1.90991E+00 3.91244E-01 2.53852E+00 
2.25714E+00 4.77318E-01 3.56221E+00 
2.67606E+00 5.76420E-01 5.13555E+00 
3.17638E+00 7.45438E-01 7.64458E+00 
3.77451E+00 8.84587E-01 1.17739E+01 
4.49874E+00 1.04000E+00 1.87726E+01 
5.37058E+00 1.21266E+00 3.11063E+01 
6.41405E+00 1.40298E+00 5.36596E+01 
7.65995E+00 1.61198E+00 9.63647E+01 
9.15369E+00 1.84232E+00 1.79891E+02 
1.09851E+01 2.10361E+00 3.45439E+02 
1.33991E+01 2.43052E+00 6.63160E+02 
1.70557E+01 2.91937E+00 1.20723E+03 
2.29799E+01 3.69804E+00 1.93829E+03 
3.10843E+01 4.68494E+00 2.61710E+03 
3.97013E+01 5.58393E+00 3.04354E+03 
1.45525E+00 8.33920E-02 5.71771E-01 
1.48519E+00 1.00387E-01 6.71863E-01 
1.55029E+00 1.31256E-01 7.98497E-01 
1.66735E+00 1.77928E-01 9.60948E-01 
1.82498E+00 2.34414E-01 1.17258E+00 
2.02997E+00 3.02092E-01 1.45244E+00 
2.29021E+00 3.82457E-01 1.82893E+00 
2.53457E+00 4.54214E-01 2.21150E+00 
2.61395E+00 4.76912E-01 2.34326E+00 
3.04559E+00 5.96240E-01 3.12721E+00 
3.57610E+00 7.35362E-01 4.27422E+00 
4.22133E+00 8.95844E-01 5.99767E+00 
4.99864E+00 1.07919E+00 8.65327E+00 
5.92657E+00 1.39310E+00 1.28734E+01 
7.03319E+00 1.64888E+00 1.98043E+01 
8.37095E+00 1.93415E+00 3.15812E+01 
9.97704E+00 2.24987E+00 5.23235E+01 
1.18957E+01 2.59690E+00 9.02811E+01 
1.41812E+01 2.97663E+00 1.62232E+02 
1.69144E+01 3.39360E+00 3.02881E+02 
2.02577E+01 3.86522E+00 5.81199E+02 
2.46609E+01 4.45497E+00 1.11601E+03 
3.13319E+01 5.33835E+00 2.03248E+03 
4.21306E+01 6.74569E+00 3.26255E+03 
5.68771E+01 8.52556E+00 4.40511E+03 
7.25017E+01 1.01369E+01 5.12223E+03 
1.38499E+00 7.87497E-02 4.80110E-01 
1.41471E+00 9.53905E-02 5.64016E-01 
1.47880E+00 1.25576E-01 6.70469E-01 
1.59269E+00 1.70957E-01 8.06726E-01 
1.74529E+00 2.25735E-01 9.84467E-01 
1.94279E+00 2.91161E-01 1.21927E+00 
2.19232E+00 3.68564E-01 1.53503E+00 
2.42601E+00 4.37488E-01 1.85630E+00 
2.50165E+00 4.59217E-01 1.96625E+00 
2.91265E+00 5.73314E-01 2.62411E+00 
3.41605E+00 7.05771E-01 3.58583E+00 
4.02641E+00 8.57962E-01 5.03118E+00 
4.75985E+00 1.03100E+00 7.26154E+00 
5.63604E+00 1.32717E+00 1.08012E+01 
6.67802E+00 1.56621E+00 1.66083E+01 
7.93380E+00 1.83172E+00 2.64802E+01 
9.43693E+00 2.12434E+00 4.38726E+01 
1.12271E+01 2.44461E+00 7.56834E+01 
1.33537E+01 2.79358E+00 1.36012E+02 
1.58898E+01 3.17519E+00 2.53910E+02 
1.89848E+01 3.60543E+00 4.87133E+02 
2.30543E+01 4.14279E+00 9.35171E+02 
2.92199E+01 4.94933E+00 1.70327E+03 
3.91944E+01 6.23525E+00 2.73377E+03 
5.27830E+01 7.85678E+00 3.69080E+03 
6.71180E+01 9.31372E+00 4.29114E+03 
1.31213E+00 7.39851E-02 4.01154E-01 
1.34162E+00 9.02573E-02 4.71175E-01 
1.40439E+00 1.19627E-01 5.60037E-01 
1.51484E+00 1.63593E-01 6.73771E-01 
1.66181E+00 2.16473E-01 8.21885E-01 
1.85125E+00 2.79457E-01 1.01811E+00 
2.08942E+00 3.53671E-01 1.28147E+00 
2.31178E+00 4.19549E-01 1.54973E+00 
2.38367E+00 4.40290E-01 1.64164E+00 
2.77299E+00 5.48820E-01 2.19004E+00 
3.24834E+00 6.74307E-01 2.99272E+00 
3.82267E+00 8.17832E-01 4.19740E+00 
4.51069E+00 9.80237E-01 6.05617E+00 
5.33400E+00 1.25826E+00 9.00999E+00 
6.31045E+00 1.48045E+00 1.38567E+01 
7.48288E+00 1.72606E+00 2.20842E+01 
8.88213E+00 1.99564E+00 3.65893E+01 
1.05433E+01 2.28937E+00 6.31004E+01 
1.25110E+01 2.60804E+00 1.13385E+02 
1.48512E+01 2.95509E+00 2.11634E+02 
1.77009E+01 3.34512E+00 4.06065E+02 
2.14417E+01 3.83171E+00 7.79323E+02 
2.71077E+01 4.56344E+00 1.41915E+03 
3.62702E+01 5.73139E+00 2.27757E+03 
4.87233E+01 7.19977E+00 3.07465E+03 
6.18015E+01 8.50888E+00 3.57452E+03 
1.24310E+00 6.94682E-02 3.34936E-01 
1.27248E+00 8.54349E-02 3.93386E-01 
1.33387E+00 1.13989E-01 4.67340E-01 
1.44104E+00 1.56617E-01 5.62337E-01 
1.58270E+00 2.07703E-01 6.85935E-01 
1.76420E+00 2.68293E-01 8.49271E-01 
1.99152E+00 3.39449E-01 1.06883E+00 
2.20307E+00 4.02402E-01 1.29267E+00 
2.27127E+00 4.22171E-01 1.36912E+00 
2.64006E+00 5.25391E-01 1.82660E+00 
3.08859E+00 6.44162E-01 2.49525E+00 
3.62887E+00 7.79433E-01 3.49974E+00 
4.27407E+00 9.31815E-01 5.04848E+00 
5.04674E+00 1.19263E+00 7.50681E+00 
5.96099E+00 1.39872E+00 1.15463E+01 
7.05502E+00 1.62569E+00 1.84014E+01 
8.35628E+00 1.87366E+00 3.04765E+01 
9.89674E+00 2.14269E+00 5.25685E+01 
1.17159E+01 2.43323E+00 9.44359E+01 
1.38735E+01 2.74830E+00 1.76261E+02 
1.64942E+01 3.10117E+00 3.38099E+02 
1.99308E+01 3.54117E+00 6.49017E+02 
2.51338E+01 4.20415E+00 1.18169E+03 
3.35433E+01 5.26354E+00 1.89622E+03 
4.49457E+01 6.59146E+00 2.55966E+03 
5.68670E+01 7.76595E+00 2.97571E+03 
1.17770E+00 6.51833E-02 2.79275E-01 
1.20704E+00 8.08811E-02 3.28047E-01 
1.26713E+00 1.08666E-01 3.89644E-01 
1.37100E+00 1.49986E-01 4.68671E-01 
1.50759E+00 1.99358E-01 5.71760E-01 
1.68161E+00 2.57685E-01 7.07928E-01 
1.89845E+00 3.25878E-01 8.90651E-01 
2.09954E+00 3.85996E-01 1.07696E+00 
2.16427E+00 4.04844E-01 1.14067E+00 
2.51336E+00 5.02941E-01 1.52158E+00 
2.93648E+00 6.15315E-01 2.07859E+00 
3.44433E+00 7.42671E-01 2.91455E+00 
4.04908E+00 8.85536E-01 4.20502E+00 
4.77391E+00 1.12976E+00 6.25185E+00 
5.62904E+00 1.32088E+00 9.61122E+00 
6.64927E+00 1.53039E+00 1.53216E+01 
7.85852E+00 1.75819E+00 2.53713E+01 
9.28564E+00 2.00417E+00 4.37567E+01 
1.09660E+01 2.26862E+00 7.86022E+01 
1.29535E+01 2.55414E+00 1.46710E+02 
1.53617E+01 2.87282E+00 2.81375E+02 
1.85148E+01 3.26986E+00 5.40037E+02 
2.32890E+01 3.86971E+00 9.83317E+02 
3.10016E+01 4.82946E+00 1.57789E+03 
4.14336E+01 6.02878E+00 2.12989E+03 
5.22895E+01 7.08072E+00 2.47604E+03 
1.11578E+00 6.11234E-02 2.32615E-01 
1.14491E+00 7.65105E-02 2.73189E-01 
1.20399E+00 1.03646E-01 3.24551E-01 
1.30472E+00 1.43723E-01 3.90265E-01 
1.43629E+00 1.91420E-01 4.75973E-01 
1.60305E+00 2.47551E-01 5.89258E-01 
1.80996E+00 3.12925E-01 7.41470E-01 
2.00100E+00 3.70316E-01 8.96348E-01 
2.06241E+00 3.88272E-01 9.49441E-01 
2.39275E+00 4.81463E-01 1.26639E+00 
2.79163E+00 5.87699E-01 1.72993E+00 
3.26871E+00 7.07475E-01 2.42525E+00 
3.83497E+00 8.41169E-01 3.49802E+00 
4.51464E+00 1.06990E+00 5.20215E+00 
5.31398E+00 1.24686E+00 7.99591E+00 
6.26433E+00 1.43993E+00 1.27440E+01 
7.38734E+00 1.64887E+00 2.11084E+01 
8.70820E+00 1.87341E+00 3.63917E+01 
1.02590E+01 2.11367E+00 6.53898E+01 
1.20878E+01 2.37188E+00 1.22011E+02 
1.42989E+01 2.65914E+00 2.34057E+02 
1.71896E+01 3.01681E+00 4.49200E+02 
2.15657E+01 3.55860E+00 8.17864E+02 
2.86333E+01 4.42692E+00 1.31240E+03 
3.81689E+01 5.50853E+00 1.77152E+03 
4.80451E+01 6.44914E+00 2.05952E+03 
1.05716E+00 5.72782E-02 1.93591E-01 
1.08609E+00 7.23807E-02 2.27285E-01 
1.14413E+00 9.88782E-02 2.69978E-01 
1.24194E+00 1.37794E-01 3.24701E-01 
1.36869E+00 1.83892E-01 3.95922E-01 
1.52849E+00 2.37917E-01 4.90116E-01 
1.72572E+00 3.00546E-01 6.16600E-01 
1.90725E+00 3.55326E-01 7.45511E-01 
1.96540E+00 3.72410E-01 7.89458E-01 
2.27773E+00 4.60863E-01 1.05283E+00 
2.65354E+00 5.61212E-01 1.43819E+00 
3.10152E+00 6.73801E-01 2.01644E+00 
3.63149E+00 7.98730E-01 2.90813E+00 
4.26817E+00 1.01282E+00 4.32493E+00 
5.01488E+00 1.17645E+00 6.64869E+00 
5.89943E+00 1.35409E+00 1.05947E+01 
6.94130E+00 1.54542E+00 1.75484E+01 
8.16286E+00 1.75003E+00 3.02568E+01 
9.59266E+00 1.96787E+00 5.43644E+01 
1.12740E+01 2.20095E+00 1.01448E+02 
1.33017E+01 2.45928E+00 1.94587E+02 
1.59493E+01 2.78084E+00 3.73487E+02 
1.99572E+01 3.26947E+00 6.80038E+02 
2.64276E+01 4.05387E+00 1.09125E+03 
3.51364E+01 5.02795E+00 1.47311E+03 
4.41126E+01 5.86755E+00 1.71275E+03 
1.00167E+00 5.36372E-02 1.60914E-01 
1.03058E+00 6.85284E-02 1.88944E-01 
1.08746E+00 9.43660E-02 2.24340E-01 
1.18245E+00 1.32176E-01 2.69869E-01 
1.30453E+00 1.76738E-01 3.29029E-01 
1.45763E+00 2.28740E-01 4.07383E-01 
1.64566E+00 2.88738E-01 5.12514E-01 
1.81795E+00 3.40985E-01 6.19503E-01 
1.87317E+00 3.57268E-01 6.56293E-01 
2.16837E+00 4.41188E-01 8.75123E-01 
2.52223E+00 5.35898E-01 1.19545E+00 
2.94252E+00 6.41604E-01 1.67585E+00 
3.43805E+00 7.58239E-01 2.41660E+00 
4.03399E+00 9.58332E-01 3.59396E+00 
4.73093E+00 1.10945E+00 5.52512E+00 
5.55361E+00 1.27266E+00 8.80547E+00 
6.51926E+00 1.44756E+00 1.45832E+01 
7.64792E+00 1.63364E+00 2.51492E+01 
8.96477E+00 1.83076E+00 4.51799E+01 
1.05090E+01 2.04067E+00 8.43291E+01 
1.23667E+01 2.27250E+00 1.61764E+02 
1.47889E+01 2.56096E+00 3.10464E+02 
1.84564E+01 3.00090E+00 5.65348E+02 
2.43749E+01 3.70847E+00 9.07293E+02 
3.23210E+01 4.58439E+00 1.22489E+03 
4.04707E+01 5.33237E+00 1.42430E+03 
9.49186E-01 5.01954E-02 1.33665E-01 
9.77979E-01 6.48610E-02 1.56964E-01 
1.03403E+00 9.01607E-02 1.86396E-01 
1.12609E+00 1.26870E-01 2.24167E-01 
1.24377E+00 1.69972E-01 2.73385E-01 
1.39028E+00 2.19991E-01 3.38325E-01 
1.56948E+00 2.77461E-01 4.25770E-01 
1.73298E+00 3.27280E-01 5.14607E-01 
1.78523E+00 3.42757E-01 5.45118E-01 
2.06412E+00 4.22325E-01 7.27001E-01 
2.39710E+00 5.11644E-01 9.93113E-01 
2.79120E+00 6.10817E-01 1.39233E+00 
3.25435E+00 7.19756E-01 2.00821E+00 
3.81156E+00 9.06528E-01 2.98562E+00 
4.46147E+00 1.04576E+00 4.59061E+00 
5.22587E+00 1.19544E+00 7.31619E+00 
6.12008E+00 1.35501E+00 1.21181E+01 
7.16181E+00 1.52391E+00 2.08976E+01 
8.37352E+00 1.70189E+00 3.75508E+01 
9.79008E+00 1.89045E+00 7.00807E+01 
1.14903E+01 2.09799E+00 1.34455E+02 
1.37043E+01 2.35625E+00 2.58109E+02 
1.70566E+01 2.75159E+00 4.70017E+02 
2.24654E+01 3.38888E+00 7.54372E+02 
2.97084E+01 4.17522E+00 1.01855E+03 
3.70997E+01 4.84032E+00 1.18454E+03 
8.99555E-01 4.69404E-02 1.11000E-01 
9.28168E-01 6.13753E-02 1.30315E-01 
9.83531E-01 8.62093E-02 1.54819E-01 
1.07275E+00 1.21860E-01 1.86128E-01 
1.18608E+00 1.63540E-01 2.27000E-01 
1.32641E+00 2.11689E-01 2.81027E-01 
1.49696E+00 2.66686E-01 3.53504E-01 
1.65209E+00 3.14173E-01 4.27399E-01 
1.70152E+00 3.28883E-01 4.52655E-01 
1.96475E+00 4.04244E-01 6.03620E-01 
2.27783E+00 4.88393E-01 8.24585E-01 
2.64709E+00 5.81295E-01 1.15632E+00 
3.07960E+00 6.82783E-01 1.66805E+00 
3.60036E+00 8.56982E-01 2.48059E+00 
4.20575E+00 9.85164E-01 3.81330E+00 
4.91540E+00 1.12222E+00 6.07918E+00 
5.74257E+00 1.26753E+00 1.00679E+01 
6.70309E+00 1.42048E+00 1.73667E+01 
7.81668E+00 1.58078E+00 3.12033E+01 
9.11496E+00 1.74979E+00 5.82512E+01 
1.06691E+01 1.93507E+00 1.11761E+02 
1.26904E+01 2.16570E+00 2.14569E+02 
1.57515E+01 2.52031E+00 3.90794E+02 
2.06900E+01 3.09341E+00 6.27319E+02 
2.72860E+01 3.79820E+00 8.47143E+02 
3.39820E+01 4.38835E+00 9.85365E+02 
8.52700E-01 4.38770E-02 9.21738E-02 
8.81117E-01 5.81030E-02 1.08175E-01 
9.35646E-01 8.24390E-02 1.28530E-01 
1.02233E+00 1.17146E-01 1.54570E-01 
1.13141E+00 1.57455E-01 1.88466E-01 
1.26564E+00 2.03770E-01 2.33302E-01 
1.42809E+00 2.56426E-01 2.93625E-01 
1.57507E+00 3.01642E-01 3.54893E-01 
1.62188E+00 3.15622E-01 3.75975E-01 
1.87025E+00 3.86982E-01 5.01441E-01 
2.16438E+00 4.66155E-01 6.84908E-01 
2.51005E+00 5.53045E-01 9.60532E-01 
2.91347E+00 6.47409E-01 1.38525E+00 
3.39972E+00 8.09833E-01 2.06065E+00 
3.96325E+00 9.27618E-01 3.16856E+00 
4.62128E+00 1.05283E+00 5.05064E+00 
5.38575E+00 1.18487E+00 8.36737E+00 
6.27038E+00 1.32306E+00 1.44331E+01 
7.29284E+00 1.46710E+00 2.59373E+01 
8.48109E+00 1.61811E+00 4.84243E+01 
9.90016E+00 1.78308E+00 9.29254E+01 
1.17435E+01 1.98853E+00 1.78430E+02 
1.45358E+01 2.30597E+00 3.25013E+02 
1.90400E+01 2.82041E+00 5.21801E+02 
2.50406E+01 3.45101E+00 7.04782E+02 
3.10998E+01 3.97354E+00 8.19939E+02 
8.08430E-01 4.09876E-02 7.65242E-02 
8.36845E-01 5.50906E-02 8.98473E-02 
8.90737E-01 7.90145E-02 1.06745E-01 
9.74628E-01 1.12713E-01 1.28327E-01 
1.07964E+00 1.51712E-01 1.56525E-01 
1.20802E+00 1.96265E-01 1.93762E-01 
1.36252E+00 2.46626E-01 2.43832E-01 
1.50180E+00 2.89675E-01 2.94774E-01 
1.54602E+00 3.02940E-01 3.12229E-01 
1.78015E+00 3.70424E-01 4.16467E-01 
2.05633E+00 4.44865E-01 5.68952E-01 
2.37967E+00 5.26091E-01 7.97914E-01 
2.75578E+00 6.13768E-01 1.15101E+00 
3.20918E+00 7.64950E-01 1.71182E+00 
3.73319E+00 8.72936E-01 2.63297E+00 
4.34275E+00 9.87093E-01 4.19664E+00 
5.04849E+00 1.10679E+00 6.95476E+00 
5.86235E+00 1.23134E+00 1.19968E+01 
6.79989E+00 1.36037E+00 2.15642E+01 
7.88626E+00 1.49493E+00 4.02662E+01 
9.18033E+00 1.64136E+00 7.72780E+01 
1.08593E+01 1.82387E+00 1.48414E+02 
1.34041E+01 2.10748E+00 2.70398E+02 
1.75078E+01 2.56843E+00 4.34191E+02 
2.29608E+01 3.13161E+00 5.86562E+02 
2.84373E+01 3.59320E+00 6.82559E+02 
7.66627E-01 3.82683E-02 6.35002E-02 
7.94972E-01 5.22338E-02 7.45883E-02 
8.48131E-01 7.57468E-02 8.85994E-02 
9.29519E-01 1.08553E-01 1.06553E-01 
1.03054E+00 1.46281E-01 1.29965E-01 
1.15333E+00 1.89141E-01 1.60947E-01 
1.30013E+00 2.37278E-01 2.02454E-01 
1.43204E+00 2.78236E-01 2.44861E-01 
1.47378E+00 2.90816E-01 2.59313E-01 
1.69429E+00 3.54564E-01 3.45886E-01 
1.95339E+00 4.24473E-01 4.72605E-01 
2.25558E+00 5.00303E-01 6.62777E-01 
2.60590E+00 5.81639E-01 9.56480E-01 
3.02836E+00 7.22125E-01 1.42268E+00 
3.51511E+00 8.20971E-01 2.18832E+00 
4.07923E+00 9.24847E-01 3.48930E+00 
4.72987E+00 1.03308E+00 5.78130E+00 
5.47775E+00 1.14501E+00 9.97680E+00 
6.33637E+00 1.26026E+00 1.79322E+01 
7.32828E+00 1.37977E+00 3.34895E+01 
8.50693E+00 1.50931E+00 6.42921E+01 
1.00343E+01 1.67096E+00 1.23485E+02 
1.23504E+01 1.92374E+00 2.25037E+02 
1.60859E+01 2.33605E+00 3.61445E+02 
2.10359E+01 2.83806E+00 4.88398E+02 
2.59794E+01 3.24482E+00 5.68469E+02 
7.27268E-01 3.57334E-02 5.27441E-02 
7.55418E-01 4.95434E-02 6.19403E-02 
8.07989E-01 7.27132E-02 7.35865E-02 
8.86913E-01 1.04667E-01 8.84985E-02 
9.84069E-01 1.41170E-01 1.07943E-01 
1.10135E+00 1.82377E-01 1.33663E-01 
1.24087E+00 2.28386E-01 1.68209E-01 
1.36560E+00 2.67312E-01 2.03387E-01 
1.40506E+00 2.79247E-01 2.15480E-01 
1.61263E+00 3.39429E-01 2.87438E-01 
1.85550E+00 4.04992E-01 3.92807E-01 
2.13758E+00 4.75620E-01 5.50833E-01 
2.46348E+00 5.50920E-01 7.94911E-01 
2.85671E+00 6.81386E-01 1.18259E+00 
3.30825E+00 7.71621E-01 1.81896E+00 
3.82971E+00 8.65902E-01 2.90129E+00 
4.42892E+00 9.63509E-01 4.80792E+00 
5.11531E+00 1.06381E+00 8.29732E+00 
5.90082E+00 1.16644E+00 1.49210E+01 
6.80522E+00 1.27218E+00 2.78692E+01 
7.87722E+00 1.38637E+00 5.35086E+01 
9.26501E+00 1.52911E+00 1.02805E+02 
1.13705E+01 1.75385E+00 1.87372E+02 
1.47668E+01 2.12191E+00 3.01021E+02 
1.92551E+01 2.56849E+00 4.06867E+02 
2.37119E+01 2.92602E+00 4.73702E+02 
6.90244E-01 3.33759E-02 4.38193E-02 
7.18259E-01 4.70848E-02 5.14529E-02 
7.70316E-01 6.99697E-02 6.11351E-02 
8.46769E-01 1.01076E-01 7.35401E-02 
9.40106E-01 1.36380E-01 8.96917E-02 
1.05202E+00 1.75978E-01 1.11045E-01 
1.18454E+00 2.19936E-01 1.39813E-01 
1.30239E+00 2.56896E-01 1.69014E-01 
1.33957E+00 2.68184E-01 1.79051E-01 
1.53480E+00 3.24933E-01 2.38909E-01 
1.76216E+00 3.86325E-01 3.26441E-01 
2.02534E+00 4.52032E-01 4.57949E-01 
2.32824E+00 5.21555E-01 6.60867E-01 
2.69386E+00 6.42560E-01 9.83481E-01 
3.11230E+00 7.24803E-01 1.51283E+00 
3.59366E+00 8.10131E-01 2.41297E+00 
4.14490E+00 8.97911E-01 4.00028E+00 
4.77396E+00 9.87486E-01 6.90339E+00 
5.49141E+00 1.07850E+00 1.24166E+01 
6.31503E+00 1.17172E+00 2.32010E+01 
7.28870E+00 1.27198E+00 4.45525E+01 
8.54788E+00 1.39758E+00 8.56200E+01 
1.04600E+01 1.59695E+00 1.56103E+02 
1.35441E+01 1.92478E+00 2.50846E+02 
1.76090E+01 2.32121E+00 3.39141E+02 
2.16216E+01 2.63460E+00 3.94974E+02 
6.55444E-01 3.11978E-02 3.64055E-02 
6.83225E-01 4.47924E-02 4.27478E-02 
7.34897E-01 6.74594E-02 5.07994E-02 
8.08856E-01 9.77475E-02 6.11069E-02 
8.98513E-01 1.31904E-01 7.45506E-02 
1.00526E+00 1.69951E-01 9.22981E-02 
1.13092E+00 2.11892E-01 1.16192E-01 
1.24224E+00 2.46966E-01 1.40507E-01 
1.27726E+00 2.57642E-01 1.48836E-01 
1.46063E+00 3.11070E-01 1.98587E-01 
1.67334E+00 3.68469E-01 2.71398E-01 
1.91858E+00 4.29481E-01 3.80800E-01 
2.19980E+00 4.93664E-01 5.49638E-01 
2.53928E+00 6.05683E-01 8.17944E-01 
2.92668E+00 6.80405E-01 1.25883E+00 
3.37050E+00 7.57406E-01 2.00794E+00 
3.87685E+00 8.36066E-01 3.32956E+00 
4.45263E+00 9.15772E-01 5.74765E+00 
5.10704E+00 9.96183E-01 1.03392E+01 
5.85589E+00 1.07800E+00 1.93207E+01 
6.73898E+00 1.16564E+00 3.71162E+01 
7.87984E+00 1.27574E+00 7.13452E+01 
9.61381E+00 1.45207E+00 1.30115E+02 
1.24116E+01 1.74349E+00 2.09158E+02 
1.60885E+01 2.09461E+00 2.82875E+02 
1.96962E+01 2.36851E+00 3.29557E+02 
6.22766E-01 2.92098E-02 3.02544E-02 
6.50312E-01 4.27048E-02 3.55357E-02 
7.01523E-01 6.51681E-02 4.22185E-02 
7.73113E-01 9.46982E-02 5.07783E-02 
8.59138E-01 1.27737E-01 6.19609E-02 
9.60918E-01 1.64280E-01 7.67453E-02 
1.07993E+00 2.04263E-01 9.65810E-02 
1.18497E+00 2.37509E-01 1.16825E-01 
1.21795E+00 2.47601E-01 1.23766E-01 
1.39005E+00 2.97845E-01 1.65159E-01 
1.58881E+00 3.51426E-01 2.25768E-01 
1.81705E+00 4.07963E-01 3.16757E-01 
2.07783E+00 4.66822E-01 4.57308E-01 
2.39267E+00 5.70488E-01 6.80578E-01 
2.75077E+00 6.38252E-01 1.04754E+00 
3.15941E+00 7.07527E-01 1.67145E+00 
3.62391E+00 7.77784E-01 2.77190E+00 
4.15023E+00 8.48435E-01 4.78749E+00 
4.74629E+00 9.19169E-01 8.61334E+00 
5.42617E+00 9.90629E-01 1.61021E+01 
6.22582E+00 1.06685E+00 3.09392E+01 
7.25803E+00 1.16298E+00 5.94917E+01 
8.82848E+00 1.31851E+00 1.08530E+02 
1.13631E+01 1.57692E+00 1.74522E+02 
1.46850E+01 1.88720E+00 2.36121E+02 
1.79240E+01 2.12583E+00 2.75189E+02 
5.92166E-01 2.74197E-02 2.51521E-02 
6.19466E-01 4.08367E-02 2.95412E-02 
6.70362E-01 6.31965E-02 3.51058E-02 
7.39531E-01 9.19624E-02 4.22365E-02 
8.21947E-01 1.23895E-01 5.15234E-02 
9.18846E-01 1.58959E-01 6.38220E-02 
1.03152E+00 1.97061E-01 8.03433E-02 
1.13047E+00 2.28528E-01 9.71706E-02 
1.16146E+00 2.38041E-01 1.02929E-01 
1.32281E+00 2.85211E-01 1.37392E-01 
1.50837E+00 3.35162E-01 1.87869E-01 
1.72052E+00 3.87436E-01 2.63608E-01 
1.96209E+00 4.41744E-01 3.80612E-01 
2.25373E+00 5.37277E-01 5.66674E-01 
2.58428E+00 5.98332E-01 8.72456E-01 
2.96004E+00 6.60432E-01 1.39239E+00 
3.38547E+00 7.22916E-01 2.30910E+00 
3.86580E+00 7.85251E-01 3.98982E+00 
4.40783E+00 8.47158E-01 7.17907E+00 
5.02407E+00 9.09228E-01 1.34266E+01 
5.74705E+00 9.75170E-01 2.58076E+01 
6.67948E+00 1.05871E+00 4.96403E+01 
8.09998E+00 1.19547E+00 9.05969E+01 
1.03933E+01 1.42406E+00 1.45738E+02 
1.33903E+01 1.69752E+00 1.97254E+02 
1.62940E+01 1.90474E+00 2.29991E+02 
5.63581E-01 2.58366E-02 2.09260E-02 
5.90677E-01 3.92278E-02 2.45780E-02 
6.41169E-01 6.15055E-02 2.92005E-02 
7.07944E-01 8.95262E-02 3.51353E-02 
7.86844E-01 1.20387E-01 4.28662E-02 
8.78975E-01 1.54012E-01 5.31008E-02 
9.85512E-01 1.90265E-01 6.68629E-02 
1.07863E+00 2.20012E-01 8.08595E-02 
1.10774E+00 2.28971E-01 8.56757E-02 
1.25877E+00 2.73174E-01 1.14344E-01 
1.43172E+00 3.19592E-01 1.56367E-01 
1.62878E+00 3.67777E-01 2.19538E-01 
1.85220E+00 4.17436E-01 3.16962E-01 
2.12190E+00 5.05542E-01 4.71970E-01 
2.42661E+00 5.60496E-01 7.26726E-01 
2.77167E+00 6.15958E-01 1.16038E+00 
3.16077E+00 6.71283E-01 1.92530E+00 
3.59841E+00 7.26006E-01 3.32681E+00 
4.09053E+00 7.79880E-01 5.98935E+00 
4.64812E+00 8.33463E-01 1.12030E+01 
5.30067E+00 8.90154E-01 2.15431E+01 
6.14169E+00 9.62392E-01 4.14572E+01 
7.42454E+00 1.08222E+00 7.56883E+01 
9.49694E+00 1.28392E+00 1.21811E+02 
1.21974E+01 1.52433E+00 1.64950E+02 
1.47963E+01 1.70361E+00 1.92412E+02 
5.36929E-01 2.44874E-02 1.74093E-02 
5.63663E-01 3.78146E-02 2.04509E-02 
6.13954E-01 6.01398E-02 2.42969E-02 
6.78280E-01 8.74190E-02 2.92386E-02 
7.53702E-01 1.17222E-01 3.56760E-02 
8.41174E-01 1.49426E-01 4.41943E-02 
9.41775E-01 1.83886E-01 5.56571E-02 
1.02931E+00 2.11955E-01 6.73273E-02 
1.05658E+00 2.20371E-01 7.13234E-02 
1.19782E+00 2.61720E-01 9.52220E-02 
1.35882E+00 3.04764E-01 1.30217E-01 
1.54151E+00 3.49124E-01 1.82842E-01 
1.74790E+00 3.94038E-01 2.64115E-01 
1.99703E+00 4.75263E-01 3.93386E-01 
2.27746E+00 5.24681E-01 6.05839E-01 
2.59373E+00 5.73971E-01 9.67505E-01 
2.94905E+00 6.22717E-01 1.60617E+00 
3.34717E+00 6.70492E-01 2.77601E+00 
3.79324E+00 7.17078E-01 5.00096E+00 
4.29688E+00 7.63007E-01 9.35705E+00 
4.88474E+00 8.11389E-01 1.79998E+01 
5.64194E+00 8.73492E-01 3.46519E+01 
6.79895E+00 9.78126E-01 6.32990E+01 
8.66912E+00 1.15560E+00 1.01925E+02 
1.10988E+01 1.36634E+00 1.38088E+02 
1.34212E+01 1.52085E+00 1.61158E+02 
5.12154E-01 2.33986E-02 1.44900E-02 
5.38330E-01 3.66073E-02 1.70217E-02 
5.88571E-01 5.91013E-02 2.02288E-02 
6.50439E-01 8.56603E-02 2.43399E-02 
7.22449E-01 1.14419E-01 2.97076E-02 
8.05393E-01 1.45231E-01 3.68066E-02 
9.00191E-01 1.77915E-01 4.63459E-02 
9.82372E-01 2.04357E-01 5.60838E-02 
1.00794E+00 2.12265E-01 5.94186E-02 
1.13982E+00 2.50849E-01 7.93473E-02 
1.28950E+00 2.90685E-01 1.08542E-01 
1.45860E+00 3.31354E-01 1.52389E-01 
1.64905E+00 3.72555E-01 2.20230E-01 
1.87874E+00 4.46836E-01 3.28171E-01 
2.13647E+00 4.90813E-01 5.05604E-01 
2.42591E+00 5.34395E-01 8.07728E-01 
2.74977E+00 5.77089E-01 1.34103E+00 
3.11126E+00 6.18513E-01 2.31869E+00 
3.51478E+00 6.58491E-01 4.17828E+00 
3.96891E+00 6.97540E-01 7.82370E+00 
4.49756E+00 7.38497E-01 1.50563E+01 
5.17813E+00 7.91552E-01 2.89993E+01 
6.21993E+00 8.82546E-01 5.29995E+01 
7.90513E+00 1.03823E+00 8.53861E+01 
1.00880E+01 1.22240E+00 1.15746E+02 
1.21598E+01 1.35502E+00 1.35160E+02 
4.89209E-01 2.25968E-02 1.20736E-02 
5.14835E-01 3.57143E-02 1.41792E-02 
5.65004E-01 5.84634E-02 1.68541E-02 
6.24404E-01 8.42915E-02 2.02792E-02 
6.92987E-01 1.12001E-01 2.47502E-02 
7.71504E-01 1.41431E-01 3.06736E-02 
8.60744E-01 1.72383E-01 3.86340E-02 
9.37727E-01 1.97229E-01 4.67455E-02 
9.61614E-01 2.04622E-01 4.95280E-02 
1.08454E+00 2.40521E-01 6.61466E-02 
1.22346E+00 2.77246E-01 9.05038E-02 
1.37987E+00 3.14421E-01 1.27145E-01 
1.55524E+00 3.51703E-01 1.83775E-01 
1.76669E+00 4.19773E-01 2.73941E-01 
2.00310E+00 4.58774E-01 4.22207E-01 
2.26753E+00 4.97089E-01 6.74749E-01 
2.56230E+00 5.34250E-01 1.12104E+00 
2.88995E+00 5.69894E-01 1.93939E+00 
3.25426E+00 6.03898E-01 3.49577E+00 
3.66286E+00 6.36769E-01 6.54786E+00 
4.13734E+00 6.71104E-01 1.26096E+01 
4.74793E+00 7.16100E-01 2.43008E+01 
5.68451E+00 7.94891E-01 4.44371E+01 
7.20091E+00 9.31033E-01 7.16349E+01 
9.15918E+00 1.09149E+00 9.71662E+01 
1.10041E+01 1.20478E+00 1.13530E+02 
4.67990E-01 2.20963E-02 1.00656E-02 
4.93165E-01 3.51876E-02 1.18204E-02 
5.43082E-01 5.82287E-02 1.40491E-02 
6.00050E-01 8.33337E-02 1.69102E-02 
6.65234E-01 1.09987E-01 2.06377E-02 
7.39393E-01 1.38040E-01 2.55753E-02 
8.23257E-01 1.67280E-01 3.22288E-02 
8.95267E-01 1.90568E-01 3.89995E-02 
9.17564E-01 1.97466E-01 4.13224E-02 
1.03197E+00 2.30768E-01 5.52071E-02 
1.16073E+00 2.64503E-01 7.55676E-02 
1.30508E+00 2.98320E-01 1.06184E-01 
1.46630E+00 3.31567E-01 1.53511E-01 
1.66058E+00 3.93908E-01 2.28867E-01 
1.87713E+00 4.28518E-01 3.52995E-01 
2.11830E+00 4.61976E-01 5.64404E-01 
2.38594E+00 4.94038E-01 9.38090E-01 
2.68233E+00 5.24436E-01 1.62370E+00 
3.01068E+00 5.53072E-01 2.92897E+00 
3.37755E+00 5.80416E-01 5.48839E+00 
3.80246E+00 6.08857E-01 1.05754E+01 
4.34920E+00 6.46695E-01 2.03929E+01 
5.18980E+00 7.14600E-01 3.73168E+01 
6.55226E+00 8.33257E-01 6.01980E+01 
8.30623E+00 9.72562E-01 8.17067E+01 
9.94618E+00 1.06887E+00 9.55273E+01 
4.48493E-01 2.19792E-02 8.39606E-03 
4.73024E-01 3.49747E-02 9.86224E-03 
5.22880E-01 5.85039E-02 1.17205E-02 
5.77291E-01 8.28346E-02 1.41102E-02 
6.39132E-01 1.08421E-01 1.72275E-02 
7.09023E-01 1.35091E-01 2.13500E-02 
7.87633E-01 1.62626E-01 2.69049E-02 
8.54871E-01 1.84382E-01 3.25649E-02 
8.75656E-01 1.90799E-01 3.45119E-02 
9.81970E-01 2.21579E-01 4.61289E-02 
1.10108E+00 2.52446E-01 6.31563E-02 
1.23406E+00 2.83042E-01 8.87726E-02 
1.38211E+00 3.13159E-01 1.28415E-01 
1.56029E+00 3.69741E-01 1.91578E-01 
1.75821E+00 3.99945E-01 2.95569E-01 
1.97770E+00 4.28927E-01 4.72862E-01 
2.22029E+00 4.56351E-01 7.86189E-01 
2.48788E+00 4.81995E-01 1.36166E+00 
2.78309E+00 5.05791E-01 2.45743E+00 
3.11181E+00 5.28214E-01 4.60919E+00 
3.49152E+00 5.51441E-01 8.88539E+00 
3.98005E+00 5.82942E-01 1.71449E+01 
4.73322E+00 6.41159E-01 3.13956E+01 
5.95537E+00 7.44189E-01 5.06816E+01 
7.52385E+00 8.64692E-01 6.88403E+01 
8.97877E+00 9.46102E-01 8.05380E+01 
4.30652E-01 2.22866E-02 7.01088E-03 
4.54379E-01 3.51220E-02 8.23666E-03 
5.04263E-01 5.93173E-02 9.78908E-03 
5.56025E-01 8.28226E-02 1.17859E-02 
6.14539E-01 1.07318E-01 1.43938E-02 
6.80279E-01 1.32597E-01 1.78448E-02 
7.53849E-01 1.58454E-01 2.24944E-02 
8.16498E-01 1.78689E-01 2.72355E-02 
8.35790E-01 1.84621E-01 2.88577E-02 
9.34357E-01 2.12937E-01 3.85783E-02 
1.04437E+00 2.41044E-01 5.28540E-02 
1.16669E+00 2.68595E-01 7.43256E-02 
1.30236E+00 2.95406E-01 1.07579E-01 
1.46545E+00 3.46858E-01 1.60570E-01 
1.64595E+00 3.73002E-01 2.47855E-01 
1.84532E+00 3.97853E-01 3.96762E-01 
2.06481E+00 4.21054E-01 6.60169E-01 
2.30580E+00 4.42389E-01 1.14400E+00 
2.57065E+00 4.61855E-01 2.06605E+00 
2.86447E+00 4.79906E-01 3.87706E+00 
3.20304E+00 4.98537E-01 7.48079E+00 
3.63866E+00 5.24457E-01 1.44448E+01 
4.31224E+00 5.74073E-01 2.64699E+01 
5.40679E+00 6.63187E-01 4.27641E+01 
6.80702E+00 7.67005E-01 5.81282E+01 
8.09529E+00 8.35411E-01 6.80532E+01 
4.14103E-01 2.30526E-02 5.84742E-03 
4.36940E-01 3.57005E-02 6.86821E-03 
4.86790E-01 6.07243E-02 8.16563E-03 
5.35888E-01 8.33650E-02 9.83035E-03 
5.91040E-01 1.06713E-01 1.20087E-02 
6.52655E-01 1.30558E-01 1.48938E-02 
7.21229E-01 1.54681E-01 1.87775E-02 
7.79420E-01 1.73394E-01 2.27459E-02 
7.97320E-01 1.78860E-01 2.41059E-02 
8.88407E-01 2.04727E-01 3.22360E-02 
9.89647E-01 2.30085E-01 4.41843E-02 
1.10181E+00 2.54651E-01 6.21817E-02 
1.22570E+00 2.78005E-01 9.00257E-02 
1.37443E+00 3.24612E-01 1.34435E-01 
1.53858E+00 3.47234E-01 2.07729E-01 
1.71901E+00 3.68242E-01 3.32705E-01 
1.91671E+00 3.87511E-01 5.53909E-01 
2.13299E+00 4.04920E-01 9.60777E-01 
2.36960E+00 4.20461E-01 1.73627E+00 
2.63110E+00 4.34589E-01 3.26027E+00 
2.93163E+00 4.49121E-01 6.29569E+00 
3.31852E+00 4.70075E-01 1.21673E+01 
3.91869E+00 5.11969E-01 2.23138E+01 
4.89570E+00 5.88543E-01 3.60787E+01 
6.14135E+00 6.77395E-01 4.90804E+01 
7.27746E+00 7.34319E-01 5.75016E+01 
3.99315E-01 2.43317E-02 4.89780E-03 
4.21428E-01 3.68730E-02 5.75326E-03 
4.70777E-01 6.26515E-02 6.84107E-03 
5.17437E-01 8.44982E-02 8.23899E-03 
5.69286E-01 1.06661E-01 1.00657E-02 
6.26913E-01 1.29047E-01 1.24885E-02 
6.90744E-01 1.51452E-01 1.57494E-02 
7.44733E-01 1.68683E-01 1.90827E-02 
7.61321E-01 1.73688E-01 2.02296E-02 
8.45440E-01 1.97188E-01 2.70727E-02 
9.38537E-01 2.19949E-01 3.71134E-02 
1.04134E+00 2.41720E-01 5.22758E-02 
1.15443E+00 2.62291E-01 7.57297E-02 
1.28999E+00 3.04193E-01 1.13208E-01 
1.43905E+00 3.23345E-01 1.74973E-01 
1.60219E+00 3.40880E-01 2.80383E-01 
1.78029E+00 3.56666E-01 4.67346E-01 
1.97412E+00 3.70586E-01 8.11066E-01 
2.18540E+00 3.82702E-01 1.46713E+00 
2.41793E+00 3.93432E-01 2.75724E+00 
2.68450E+00 4.04446E-01 5.32762E+00 
3.02786E+00 4.21126E-01 1.03038E+01 
3.56264E+00 4.56341E-01 1.89133E+01 
4.43473E+00 5.21984E-01 3.06060E+01 
5.54293E+00 5.97859E-01 4.16689E+01 
6.54464E+00 6.44998E-01 4.88521E+01 
3.85958E-01 2.62137E-02 4.10763E-03 
4.06990E-01 3.84258E-02 4.82730E-03 
4.56223E-01 6.53991E-02 5.74196E-03 
5.00160E-01 8.62342E-02 6.91686E-03 
5.48761E-01 1.07151E-01 8.45423E-03 
6.02519E-01 1.28045E-01 1.04939E-02 
6.61830E-01 1.48728E-01 1.32452E-02 
7.11758E-01 1.64456E-01 1.60489E-02 
7.27056E-01 1.68991E-01 1.70131E-02 
8.04583E-01 1.90172E-01 2.27845E-02 
8.90063E-01 2.10429E-01 3.12653E-02 
9.84024E-01 2.29527E-01 4.40461E-02 
1.08709E+00 2.47371E-01 6.38780E-02 
1.21028E+00 2.84954E-01 9.55408E-02 
1.34535E+00 3.00844E-01 1.47778E-01 
1.49261E+00 3.15213E-01 2.37086E-01 
1.65254E+00 3.27826E-01 3.95408E-01 
1.82590E+00 3.38634E-01 6.86782E-01 
2.01394E+00 3.47705E-01 1.24311E+00 
2.22017E+00 3.55466E-01 2.33842E+00 
2.45598E+00 3.63431E-01 4.52233E+00 
2.75998E+00 3.76403E-01 8.75338E+00 
3.23550E+00 4.05749E-01 1.60808E+01 
4.01257E+00 4.61737E-01 2.60449E+01 
4.99670E+00 5.26202E-01 3.54864E+01 
5.87798E+00 5.64908E-01 4.16318E+01 
3.73944E-01 2.87512E-02 3.45413E-03 
3.93764E-01 4.05339E-02 4.05911E-03 
4.42899E-01 6.89817E-02 4.82948E-03 
4.84008E-01 8.86335E-02 5.82140E-03 
5.29377E-01 1.08207E-01 7.11778E-03 
5.79357E-01 1.27541E-01 8.83884E-03 
6.34293E-01 1.46460E-01 1.11629E-02 
6.80402E-01 1.60691E-01 1.35367E-02 
6.94501E-01 1.64772E-01 1.43508E-02 
7.65755E-01 1.83650E-01 1.92288E-02 
8.44030E-01 2.01431E-01 2.64085E-02 
9.29817E-01 2.17964E-01 3.72405E-02 
1.02349E+00 2.32961E-01 5.40422E-02 
1.13514E+00 2.66524E-01 8.08831E-02 
1.25734E+00 2.79675E-01 1.25269E-01 
1.38985E+00 2.91126E-01 2.01136E-01 
1.53311E+00 3.00876E-01 3.35648E-01 
1.68770E+00 3.08906E-01 5.83520E-01 
1.85465E+00 3.15304E-01 1.05719E+00 
2.03698E+00 3.20484E-01 1.99012E+00 
2.24493E+00 3.25818E-01 3.85171E+00 
2.51340E+00 3.35594E-01 7.46259E+00 
2.93531E+00 3.59807E-01 1.37202E+01 
3.62649E+00 4.07298E-01 2.22398E+01 
4.49880E+00 4.61767E-01 3.03243E+01 
5.27234E+00 4.93237E-01 3.55977E+01 
3.63117E-01 3.19475E-02 2.91162E-03 
3.81945E-01 4.33686E-02 3.42318E-03 
4.30505E-01 7.33179E-02 4.07356E-03 
4.68822E-01 9.16695E-02 4.91380E-03 
5.11033E-01 1.09818E-01 6.01094E-03 
5.57365E-01 1.27524E-01 7.46991E-03 
6.08084E-01 1.44628E-01 9.43711E-03 
6.50547E-01 1.57343E-01 1.14530E-02 
6.63511E-01 1.60968E-01 1.21436E-02 
7.28874E-01 1.77571E-01 1.62871E-02 
8.00433E-01 1.92964E-01 2.23851E-02 
8.78545E-01 2.07015E-01 3.15937E-02 
9.63532E-01 2.19585E-01 4.58938E-02 
1.06451E+00 2.49323E-01 6.87714E-02 
1.17467E+00 2.59718E-01 1.06545E-01 
1.29359E+00 2.68517E-01 1.71239E-01 
1.42163E+00 2.75703E-01 2.86056E-01 
1.55907E+00 2.81263E-01 4.97721E-01 
1.70684E+00 2.85327E-01 9.02602E-01 
1.86750E+00 2.88275E-01 1.70058E+00 
2.05028E+00 2.91363E-01 3.29346E+00 
2.28669E+00 2.98399E-01 6.38611E+00 
2.66027E+00 3.18153E-01 1.17508E+01 
3.27391E+00 3.58189E-01 1.90619E+01 
4.04564E+00 4.03937E-01 2.60087E+01 
4.72299E+00 4.29235E-01 3.05478E+01 
3.53339E-01 3.58165E-02 2.46058E-03 
3.70963E-01 4.66691E-02 2.89465E-03 
4.18437E-01 7.79826E-02 3.44769E-03 
4.54411E-01 9.53044E-02 4.16027E-03 
4.93559E-01 1.11925E-01 5.09352E-03 
5.36376E-01 1.27931E-01 6.33400E-03 
5.83102E-01 1.43170E-01 8.01061E-03 
6.22095E-01 1.54358E-01 9.72492E-03 
6.33979E-01 1.57519E-01 1.03137E-02 
6.93815E-01 1.71875E-01 1.38462E-02 
7.59084E-01 1.84940E-01 1.90518E-02 
8.30032E-01 1.96602E-01 2.69068E-02 
9.06988E-01 2.06892E-01 3.91354E-02 
9.97951E-01 2.33036E-01 5.86859E-02 
1.09702E+00 2.40856E-01 9.10089E-02 
1.20352E+00 2.47256E-01 1.46413E-01 
1.31750E+00 2.52128E-01 2.44819E-01 
1.43932E+00 2.55518E-01 4.26362E-01 
1.56960E+00 2.57548E-01 7.73612E-01 
1.71066E+00 2.58592E-01 1.45879E+00 
1.87077E+00 2.59785E-01 2.82786E+00 
2.07825E+00 2.64492E-01 5.48652E+00 
2.40820E+00 2.80383E-01 1.01029E+01 
2.95193E+00 3.13902E-01 1.64001E+01 
3.63323E+00 3.52062E-01 2.23898E+01 
4.22474E+00 3.72121E-01 2.63075E+01 
3.44601E-01 4.04250E-02 2.08784E-03 
3.60905E-01 5.05199E-02 2.45699E-03 
4.07386E-01 8.36926E-02 2.92857E-03 
4.40697E-01 9.94706E-02 3.53696E-03 
4.76898E-01 1.14457E-01 4.33539E-03 
5.16339E-01 1.28667E-01 5.39463E-03 
5.59275E-01 1.41996E-01 6.82912E-03 
5.95031E-01 1.51649E-01 8.29758E-03 
6.05918E-01 1.54355E-01 8.80284E-03 
6.60555E-01 1.66469E-01 1.18283E-02 
7.19938E-01 1.77249E-01 1.62889E-02 
7.84307E-01 1.86634E-01 2.30405E-02 
8.53803E-01 1.94515E-01 3.35326E-02 
9.35468E-01 2.17328E-01 5.03274E-02 
1.02438E+00 2.23020E-01 7.81524E-02 
1.11940E+00 2.27248E-01 1.25827E-01 
1.22063E+00 2.30081E-01 2.10559E-01 
1.32818E+00 2.31569E-01 3.66942E-01 
1.44266E+00 2.31861E-01 6.66358E-01 
1.56603E+00 2.31305E-01 1.25739E+00 
1.70575E+00 2.30923E-01 2.43929E+00 
1.88730E+00 2.33682E-01 4.73551E+00 
2.17807E+00 2.46261E-01 8.72493E+00 
2.65891E+00 2.74113E-01 1.41708E+01 
3.25924E+00 3.05715E-01 1.93544E+01 
3.77448E+00 3.21373E-01 2.27460E+01 
3.36777E-01 4.57341E-02 1.77916E-03 
3.51984E-01 5.50871E-02 2.09635E-03 
3.96939E-01 9.00246E-02 2.50028E-03 
4.27529E-01 1.04014E-01 3.02215E-03 
4.60898E-01 1.17254E-01 3.70803E-03 
4.97182E-01 1.29604E-01 4.62006E-03 
5.36560E-01 1.40981E-01 5.85385E-03 
5.69261E-01 1.49074E-01 7.11726E-03 
5.79207E-01 1.51318E-01 7.55273E-03 
6.29029E-01 1.61229E-01 1.01612E-02 
6.83002E-01 1.69804E-01 1.40089E-02 
7.41250E-01 1.76997E-01 1.98372E-02 
8.03882E-01 1.82709E-01 2.88934E-02 
8.76993E-01 2.02472E-01 4.34249E-02 
9.56506E-01 2.06089E-01 6.74775E-02 
1.04103E+00 2.08383E-01 1.08715E-01 
1.13060E+00 2.09422E-01 1.82074E-01 
1.22527E+00 2.09282E-01 3.17557E-01 
1.32543E+00 2.08105E-01 5.77053E-01 
1.43291E+00 2.06231E-01 1.08953E+00 
1.55432E+00 2.04567E-01 2.11428E+00 
1.71267E+00 2.05722E-01 4.10697E+00 
1.96832E+00 2.15483E-01 7.57009E+00 
2.39278E+00 2.38440E-01 1.22994E+01 
2.92074E+00 2.64405E-01 1.68018E+01 
3.36840E+00 2.76401E-01 1.97463E+01 
3.29620E-01 5.14714E-02 1.52425E-03 
3.43653E-01 5.98764E-02 1.79807E-03 
3.86734E-01 9.66723E-02 2.14762E-03 
4.14840E-01 1.08796E-01 2.59868E-03 
4.45509E-01 1.20134E-01 3.19119E-03 
4.78817E-01 1.30542E-01 3.98039E-03 
5.14900E-01 1.39937E-01 5.05039E-03 
5.44782E-01 1.46477E-01 6.14536E-03 
5.53851E-01 1.48262E-01 6.52266E-03 
5.99226E-01 1.56021E-01 8.78481E-03 
6.48185E-01 1.62470E-01 1.21258E-02 
7.00830E-01 1.67616E-01 1.71867E-02 
7.57193E-01 1.71583E-01 2.50690E-02 
8.22314E-01 1.88270E-01 3.76972E-02 
8.93235E-01 1.89961E-01 5.86225E-02 
9.68220E-01 1.90551E-01 9.45158E-02 
1.04719E+00 1.90043E-01 1.58402E-01 
1.13016E+00 1.88524E-01 2.76416E-01 
1.21746E+00 1.86143E-01 5.02543E-01 
1.31066E+00 1.83210E-01 9.49085E-01 
1.41569E+00 1.80533E-01 1.84246E+00 
1.55331E+00 1.80395E-01 3.57951E+00 
1.77757E+00 1.87785E-01 6.59937E+00 
2.15163E+00 2.06542E-01 1.07235E+01 
2.61512E+00 2.27698E-01 1.46486E+01 
3.00310E+00 2.36683E-01 1.72115E+01 
3.23066E-01 5.74922E-02 1.31454E-03 
3.35908E-01 6.46901E-02 1.55216E-03 
3.76172E-01 1.02568E-01 1.85685E-03 
4.02439E-01 1.13409E-01 2.24955E-03 
4.30655E-01 1.22836E-01 2.76608E-03 
4.61215E-01 1.31250E-01 3.45426E-03 
4.94228E-01 1.38635E-01 4.38648E-03 
5.21531E-01 1.43643E-01 5.34353E-03 
5.29813E-01 1.44992E-01 5.67318E-03 
5.71088E-01 1.50647E-01 7.64949E-03 
6.15459E-01 1.55089E-01 1.05696E-02 
6.62944E-01 1.58327E-01 1.49927E-02 
7.13540E-01 1.60415E-01 2.18899E-02 
7.71313E-01 1.74376E-01 3.29441E-02 
8.34387E-01 1.74499E-01 5.12578E-02 
9.00652E-01 1.73618E-01 8.26890E-02 
9.70014E-01 1.71806E-01 1.38636E-01 
1.04242E+00 1.69156E-01 2.42020E-01 
1.11813E+00 1.65815E-01 4.40076E-01 
1.19852E+00 1.62066E-01 8.31263E-01 
1.28898E+00 1.58627E-01 1.61382E+00 
1.40811E+00 1.57475E-01 3.13520E+00 
1.60437E+00 1.62896E-01 5.77983E+00 
1.93343E+00 1.78073E-01 9.39020E+00 
2.33959E+00 1.95152E-01 1.28228E+01 
2.67497E+00 2.01693E-01 1.50581E+01 
3.17198E-01 6.37693E-02 1.14183E-03 
3.29237E-01 7.00853E-02 1.35062E-03 
3.66352E-01 1.09252E-01 1.61740E-03 
3.90342E-01 1.17638E-01 1.96245E-03 
4.16292E-01 1.25019E-01 2.41583E-03 
4.44376E-01 1.31435E-01 3.02169E-03 
4.74623E-01 1.36849E-01 3.84150E-03 
4.99552E-01 1.40357E-01 4.68277E-03 
5.07097E-01 1.41267E-01 4.97244E-03 
5.44641E-01 1.44931E-01 6.71274E-03 
5.84819E-01 1.47482E-01 9.28281E-03 
6.27613E-01 1.48953E-01 1.31831E-02 
6.72950E-01 1.49291E-01 1.92537E-02 
7.23952E-01 1.60860E-01 2.89928E-02 
7.79848E-01 1.59618E-01 4.51389E-02 
8.38188E-01 1.57496E-01 7.28284E-02 
8.98824E-01 1.54616E-01 1.22137E-01 
9.61688E-01 1.51075E-01 2.13190E-01 
1.02701E+00 1.47009E-01 3.87662E-01 
1.09597E+00 1.42674E-01 7.32081E-01 
1.17344E+00 1.38700E-01 1.42087E+00 
1.27617E+00 1.36790E-01 2.75936E+00 
1.44750E+00 1.40599E-01 5.08447E+00 
1.73656E+00 1.52756E-01 8.25643E+00 
2.09190E+00 1.66411E-01 1.12670E+01 
2.38113E+00 1.71003E-01 1.32195E+01 
3.11856E-01 6.96967E-02 1.00021E-03 
3.22817E-01 7.42660E-02 1.18522E-03 
3.56306E-01 1.14399E-01 1.42149E-03 
3.78582E-01 1.21049E-01 1.72720E-03 
4.02512E-01 1.26361E-01 2.12876E-03 
4.28341E-01 1.30770E-01 2.66479E-03 
4.56107E-01 1.34281E-01 3.39231E-03 
4.78905E-01 1.36373E-01 4.13807E-03 
4.85788E-01 1.36877E-01 4.39490E-03 
5.19955E-01 1.38699E-01 5.93792E-03 
5.56313E-01 1.39524E-01 8.21815E-03 
5.94803E-01 1.39424E-01 1.16748E-02 
6.35330E-01 1.38536E-01 1.70664E-02 
6.80098E-01 1.47694E-01 2.56962E-02 
7.29450E-01 1.45225E-01 4.00092E-02 
7.80593E-01 1.42103E-01 6.45669E-02 
8.33351E-01 1.38398E-01 1.08218E-01 
8.87663E-01 1.34199E-01 1.88891E-01 
9.43641E-01 1.29631E-01 3.43290E-01 
1.00243E+00 1.24922E-01 6.47992E-01 
1.06839E+00 1.20618E-01 1.25695E+00 
1.15660E+00 1.18178E-01 2.43904E+00 
1.30585E+00 1.20700E-01 4.49077E+00 
1.55942E+00 1.30333E-01 7.28590E+00 
1.86991E+00 1.41146E-01 9.93260E+00 
2.11876E+00 1.44216E-01 1.16398E+01 
3.07125E-01 7.49984E-02 8.84790E-04 
3.17372E-01 7.80764E-02 1.04986E-03 
3.46608E-01 1.18747E-01 1.26109E-03 
3.67211E-01 1.23042E-01 1.53406E-03 
3.89432E-01 1.26446E-01 1.89320E-03 
4.13304E-01 1.28992E-01 2.37188E-03 
4.38841E-01 1.30714E-01 3.02138E-03 
4.59730E-01 1.31498E-01 3.68822E-03 
4.66019E-01 1.31641E-01 3.91768E-03 
4.97110E-01 1.31786E-01 5.29551E-03 
5.29995E-01 1.31100E-01 7.33263E-03 
5.64561E-01 1.29649E-01 1.04181E-02 
6.00702E-01 1.27540E-01 1.52297E-02 
6.39737E-01 1.34680E-01 2.29322E-02 
6.83135E-01 1.31273E-01 3.56865E-02 
7.27732E-01 1.27405E-01 5.75655E-02 
7.73381E-01 1.23108E-01 9.64628E-02 
8.19964E-01 1.18473E-01 1.68217E-01 
8.67640E-01 1.13612E-01 3.05522E-01 
9.17378E-01 1.08724E-01 5.76159E-01 
9.73160E-01 1.04275E-01 1.11636E+00 
1.04856E+00 1.01505E-01 2.16407E+00 
1.17834E+00 1.03027E-01 3.98001E+00 
1.40056E+00 1.10580E-01 6.44922E+00 
1.67158E+00 1.19059E-01 8.77962E+00 
1.88526E+00 1.20970E-01 1.02725E+01 
3.03165E-01 7.92379E-02 7.90424E-04 
3.13192E-01 8.17375E-02 9.39417E-04 
3.37349E-01 1.20903E-01 1.12961E-03 
3.56577E-01 1.23476E-01 1.37553E-03 
3.77305E-01 1.25025E-01 1.69858E-03 
3.99477E-01 1.25859E-01 2.13028E-03 
4.23029E-01 1.25969E-01 2.71444E-03 
4.42194E-01 1.25592E-01 3.31443E-03 
4.47943E-01 1.25412E-01 3.52095E-03 
4.76247E-01 1.24107E-01 4.76004E-03 
5.05948E-01 1.22144E-01 6.59017E-03 
5.36931E-01 1.19579E-01 9.36489E-03 
5.69082E-01 1.16417E-01 1.36807E-02 
6.02862E-01 1.21809E-01 2.05909E-02 
6.40819E-01 1.17792E-01 3.20286E-02 
6.79489E-01 1.13408E-01 5.16156E-02 
7.18700E-01 1.08745E-01 8.64092E-02 
7.58356E-01 1.03882E-01 1.50525E-01 
7.98599E-01 9.89181E-02 2.73037E-01 
8.40329E-01 9.40212E-02 5.14235E-01 
8.87146E-01 8.95868E-02 9.95100E-01 
9.51316E-01 8.66633E-02 1.92605E+00 
1.06395E+00 8.74307E-02 3.53666E+00 
1.25858E+00 9.32926E-02 5.72152E+00 
1.49500E+00 9.98812E-02 7.77524E+00 
1.67822E+00 1.00939E-01 9.08025E+00 
3.00246E-01 8.22782E-02 7.13069E-04 
3.09832E-01 8.29893E-02 8.48690E-04 
3.28741E-01 1.21062E-01 1.02143E-03 
3.47020E-01 1.22045E-01 1.24459E-03 
3.66470E-01 1.21935E-01 1.53756E-03 
3.87115E-01 1.21225E-01 1.92846E-03 
4.08901E-01 1.19955E-01 2.45811E-03 
4.26489E-01 1.18605E-01 3.00068E-03 
4.31753E-01 1.18154E-01 3.18772E-03 
4.57503E-01 1.15674E-01 4.30890E-03 
4.84275E-01 1.12693E-01 5.96321E-03 
5.11955E-01 1.09276E-01 8.46704E-03 
5.40387E-01 1.05481E-01 1.23606E-02 
5.69387E-01 1.09274E-01 1.85876E-02 
6.02349E-01 1.04825E-01 2.88779E-02 
6.35622E-01 1.00153E-01 4.64855E-02 
6.69032E-01 9.53364E-02 7.77000E-02 
7.02509E-01 9.04352E-02 1.35172E-01 
7.36147E-01 8.55340E-02 2.44804E-01 
7.70801E-01 8.07753E-02 4.60294E-01 
8.09758E-01 7.64897E-02 8.89043E-01 
8.64095E-01 7.35503E-02 1.71786E+00 
9.61717E-01 7.37752E-02 3.14832E+00 
1.13215E+00 7.82826E-02 5.08304E+00 
1.33841E+00 8.33654E-02 6.89347E+00 
1.49534E+00 8.38185E-02 8.03285E+00 
2.98646E-01 8.36186E-02 6.49516E-04 
3.07961E-01 8.30389E-02 7.73526E-04 
3.21556E-01 1.19298E-01 9.31479E-04 
3.38912E-01 1.18585E-01 1.13507E-03 
3.57250E-01 1.17070E-01 1.40252E-03 
3.76520E-01 1.15121E-01 1.75841E-03 
3.96682E-01 1.12735E-01 2.24071E-03 
4.12821E-01 1.10623E-01 2.73443E-03 
4.17623E-01 1.09963E-01 2.90402E-03 
4.40980E-01 1.06591E-01 3.92283E-03 
4.65028E-01 1.02876E-01 5.42427E-03 
4.89624E-01 9.88818E-02 7.69314E-03 
5.14596E-01 9.47039E-02 1.12195E-02 
5.39204E-01 9.71686E-02 1.68448E-02 
5.67637E-01 9.24831E-02 2.61351E-02 
5.95995E-01 8.77338E-02 4.19938E-02 
6.24181E-01 8.29428E-02 7.00917E-02 
6.52085E-01 7.81632E-02 1.21690E-01 
6.79876E-01 7.34626E-02 2.19975E-01 
7.08315E-01 6.89582E-02 4.12766E-01 
7.40392E-01 6.49207E-02 7.95570E-01 
7.86190E-01 6.20817E-02 1.53393E+00 
8.70741E-01 6.19376E-02 2.80523E+00 
1.02008E+00 6.53806E-02 4.51890E+00 
1.20010E+00 6.92769E-02 6.11375E+00 
1.33446E+00 6.93233E-02 7.10682E+00 
2.98556E-01 8.32499E-02 5.96443E-04 
3.07789E-01 8.20408E-02 7.10320E-04 
3.16223E-01 1.14624E-01 8.55293E-04 
3.32667E-01 1.13088E-01 1.04194E-03 
3.49946E-01 1.10603E-01 1.28680E-03 
3.67926E-01 1.07700E-01 1.61253E-03 
3.86515E-01 1.04494E-01 2.05265E-03 
4.01268E-01 1.01835E-01 2.50352E-03 
4.05633E-01 1.01029E-01 2.65831E-03 
4.26705E-01 9.70535E-02 3.58612E-03 
4.48156E-01 9.28774E-02 4.95207E-03 
4.69827E-01 8.85525E-02 7.01400E-03 
4.91595E-01 8.41254E-02 1.02113E-02 
5.12210E-01 8.55478E-02 1.53068E-02 
5.36432E-01 8.08956E-02 2.37008E-02 
5.60324E-01 7.62411E-02 3.80157E-02 
5.83766E-01 7.16252E-02 6.33081E-02 
6.06722E-01 6.70940E-02 1.09696E-01 
6.29328E-01 6.27000E-02 1.97856E-01 
6.52308E-01 5.85302E-02 3.70435E-01 
6.78434E-01 5.48131E-02 7.12413E-01 
7.16812E-01 5.21516E-02 1.37018E+00 
7.90000E-01 5.17746E-02 2.49955E+00 
9.20964E-01 5.43914E-02 4.01624E+00 
1.07824E+00 5.73675E-02 5.41946E+00 
1.19332E+00 5.71582E-02 6.28326E+00 
3.00151E-01 8.14658E-02 5.51204E-04 
3.09238E-01 7.92431E-02 6.56216E-04 
3.12826E-01 1.08696E-01 7.89626E-04 
3.28495E-01 1.06225E-01 9.61315E-04 
3.44747E-01 1.02883E-01 1.18596E-03 
3.61436E-01 9.93197E-02 1.48457E-03 
3.78484E-01 9.55890E-02 1.88770E-03 
3.91856E-01 9.25935E-02 2.29982E-03 
3.95789E-01 9.17044E-02 2.44133E-03 
4.14657E-01 8.73965E-02 3.28836E-03 
4.33589E-01 8.30051E-02 4.53300E-03 
4.52485E-01 7.85724E-02 6.40953E-03 
4.71246E-01 7.41013E-02 9.31286E-03 
4.88236E-01 7.47227E-02 1.39323E-02 
5.08587E-01 7.02498E-02 2.15262E-02 
5.28419E-01 6.58238E-02 3.44576E-02 
5.47625E-01 6.14983E-02 5.72578E-02 
5.66191E-01 5.73016E-02 9.89813E-02 
5.84257E-01 5.32743E-02 1.78132E-01 
6.02509E-01 4.94911E-02 3.32626E-01 
6.23502E-01 4.61333E-02 6.38050E-01 
6.55527E-01 4.36951E-02 1.22411E+00 
7.18918E-01 4.31890E-02 2.22702E+00 
8.34007E-01 4.51764E-02 3.56853E+00 
9.71760E-01 4.74520E-02 4.80223E+00 
1.07048E+00 4.70968E-02 5.55231E+00 
3.03402E-01 7.81801E-02 5.11290E-04 
3.12298E-01 7.53532E-02 6.08368E-04 
3.11994E-01 1.01052E-01 7.31281E-04 
3.26473E-01 9.81652E-02 8.89272E-04 
3.41590E-01 9.43110E-02 1.09573E-03 
3.56922E-01 9.03818E-02 1.36973E-03 
3.72367E-01 8.63712E-02 1.73908E-03 
3.84357E-01 8.32293E-02 2.11607E-03 
3.87863E-01 8.23077E-02 2.24557E-03 
4.04516E-01 7.78998E-02 3.01909E-03 
4.21003E-01 7.34994E-02 4.15412E-03 
4.37238E-01 6.91362E-02 5.86114E-03 
4.53103E-01 6.48477E-02 8.49904E-03 
4.66835E-01 6.48403E-02 1.26860E-02 
4.83658E-01 6.06174E-02 1.95595E-02 
4.99805E-01 5.65134E-02 3.12327E-02 
5.15222E-01 5.25453E-02 5.17783E-02 
5.29887E-01 4.87344E-02 8.92894E-02 
5.43972E-01 4.51110E-02 1.60254E-01 
5.58142E-01 4.17305E-02 2.98524E-01 
5.74726E-01 3.87418E-02 5.71111E-01 
6.01301E-01 3.65503E-02 1.09268E+00 
6.56250E-01 3.59878E-02 1.98244E+00 
7.57611E-01 3.74985E-02 3.16765E+00 
8.78557E-01 3.92430E-02 4.25061E+00 
9.63402E-01 3.88166E-02 4.90059E+00 
3.07988E-01 7.39769E-02 4.75227E-04 
3.16488E-01 7.09583E-02 5.64791E-04 
3.12743E-01 9.30238E-02 6.78286E-04 
3.26370E-01 8.93824E-02 8.23516E-04 
3.40213E-01 8.53991E-02 1.01338E-03 
3.54071E-01 8.13379E-02 1.26480E-03 
3.67857E-01 7.72612E-02 1.60315E-03 
3.78430E-01 7.41195E-02 1.94798E-03 
3.81497E-01 7.32046E-02 2.06630E-03 
3.95945E-01 6.88760E-02 2.77261E-03 
4.10057E-01 6.46184E-02 3.80721E-03 
4.23735E-01 6.04568E-02 5.36001E-03 
4.36882E-01 5.64317E-02 7.75569E-03 
4.47693E-01 5.59769E-02 1.15504E-02 
4.61291E-01 5.20930E-02 1.77669E-02 
4.74122E-01 4.83582E-02 2.82999E-02 
4.86156E-01 4.47777E-02 4.67943E-02 
4.97411E-01 4.13682E-02 8.04914E-02 
5.08057E-01 3.81507E-02 1.44093E-01 
5.18711E-01 3.51657E-02 2.67748E-01 
5.31558E-01 3.25357E-02 5.10914E-01 
5.53483E-01 3.05917E-02 9.74662E-01 
6.01196E-01 3.00193E-02 1.76340E+00 
6.90726E-01 3.11722E-02 2.80954E+00 
7.97227E-01 3.25152E-02 3.75897E+00 
8.70347E-01 3.20656E-02 4.32133E+00 
3.13395E-01 6.92667E-02 4.42038E-04 
3.21350E-01 6.60275E-02 5.24635E-04 
3.15352E-01 8.44554E-02 6.29091E-04 
3.27649E-01 8.06717E-02 7.62797E-04 
3.40109E-01 7.66149E-02 9.37073E-04 
3.52401E-01 7.25879E-02 1.16761E-03 
3.64470E-01 6.86061E-02 1.47742E-03 
3.73597E-01 6.55719E-02 1.79282E-03 
3.76228E-01 6.46910E-02 1.90078E-03 
3.88511E-01 6.05623E-02 2.54548E-03 
4.00310E-01 5.65497E-02 3.48743E-03 
4.11547E-01 5.26723E-02 4.89947E-03 
4.22202E-01 4.89253E-02 7.07310E-03 
4.30399E-01 4.81836E-02 1.05102E-02 
4.41066E-01 4.46836E-02 1.61283E-02 
4.50943E-01 4.13318E-02 2.56300E-02 
4.60001E-01 3.81414E-02 4.22783E-02 
4.68291E-01 3.51222E-02 7.25390E-02 
4.75971E-01 3.22860E-02 1.29520E-01 
4.83653E-01 2.96736E-02 2.40021E-01 
4.93325E-01 2.73757E-02 4.56714E-01 
5.11335E-01 2.56671E-02 8.68985E-01 
5.52839E-01 2.51123E-02 1.56762E+00 
6.32160E-01 2.59968E-02 2.49022E+00 
7.26270E-01 2.70356E-02 3.32197E+00 
7.89489E-01 2.65911E-02 3.80795E+00 
3.18977E-01 6.43331E-02 4.10811E-04 
3.26290E-01 6.09618E-02 4.87041E-04 
3.18813E-01 7.58389E-02 5.83152E-04 
3.29684E-01 7.22950E-02 7.06130E-04 
3.40664E-01 6.83371E-02 8.66082E-04 
3.51336E-01 6.44630E-02 1.07748E-03 
3.61643E-01 6.06725E-02 1.36095E-03 
3.69350E-01 5.78040E-02 1.64918E-03 
3.71556E-01 5.69770E-02 1.74797E-03 
3.81732E-01 5.31173E-02 2.33617E-03 
3.91326E-01 4.93989E-02 3.19389E-03 
4.00308E-01 4.58311E-02 4.47785E-03 
4.08621E-01 4.24229E-02 6.44903E-03 
4.14553E-01 4.14775E-02 9.56189E-03 
4.22609E-01 3.83430E-02 1.46376E-02 
4.29877E-01 3.53628E-02 2.32061E-02 
4.36355E-01 3.25410E-02 3.81870E-02 
4.42090E-01 2.98840E-02 6.53555E-02 
4.47255E-01 2.74018E-02 1.16397E-01 
4.52417E-01 2.51191E-02 2.15110E-01 
4.59429E-01 2.31163E-02 4.08197E-01 
4.74121E-01 2.16210E-02 7.74536E-01 
5.10306E-01 2.10983E-02 1.39318E+00 
5.80822E-01 2.17796E-02 2.20656E+00 
6.64297E-01 2.25887E-02 2.93495E+00 
7.19146E-01 2.21639E-02 3.35457E+00 
3.24115E-01 5.95643E-02 3.81582E-04 
3.30612E-01 5.62569E-02 4.51854E-04 
3.21915E-01 6.85508E-02 5.40368E-04 
3.31854E-01 6.45906E-02 6.53371E-04 
3.41286E-01 6.08301E-02 8.00209E-04 
3.50323E-01 5.71670E-02 9.93892E-04 
3.58916E-01 5.36121E-02 1.25346E-03 
3.65244E-01 5.09382E-02 1.51683E-03 
3.67036E-01 5.01725E-02 1.60703E-03 
3.75219E-01 4.66042E-02 2.14352E-03 
3.82777E-01 4.31907E-02 2.92525E-03 
3.89671E-01 3.99401E-02 4.09153E-03 
3.95880E-01 3.68653E-02 5.88138E-03 
3.99837E-01 3.57855E-02 8.69905E-03 
4.05606E-01 3.29905E-02 1.32876E-02 
4.10606E-01 3.03482E-02 2.10139E-02 
4.14859E-01 2.78594E-02 3.44956E-02 
4.18416E-01 2.55255E-02 5.88893E-02 
4.21456E-01 2.33536E-02 1.04614E-01 
4.24505E-01 2.13616E-02 1.92821E-01 
4.29293E-01 1.96163E-02 3.64939E-01 
4.41181E-01 1.83074E-02 6.90453E-01 
4.72807E-01 1.78220E-02 1.23836E+00 
5.35716E-01 1.83487E-02 1.95556E+00 
6.10026E-01 1.89807E-02 2.59330E+00 
6.57789E-01 1.85829E-02 2.95552E+00 
3.28247E-01 5.52005E-02 3.54499E-04 
3.33912E-01 5.19279E-02 4.19289E-04 
3.25388E-01 6.12769E-02 5.00777E-04 
3.33585E-01 5.77571E-02 6.04775E-04 
3.41482E-01 5.42259E-02 7.39716E-04 
3.48931E-01 5.07926E-02 9.17318E-04 
3.55897E-01 4.74782E-02 1.15499E-03 
3.60927E-01 4.50024E-02 1.39598E-03 
3.62338E-01 4.42927E-02 1.47829E-03 
3.68682E-01 4.10069E-02 1.96785E-03 
3.74376E-01 3.78844E-02 2.68000E-03 
3.79401E-01 3.49288E-02 3.74080E-03 
3.83763E-01 3.21319E-02 5.36528E-03 
3.86016E-01 3.09887E-02 7.91892E-03 
3.89784E-01 2.85036E-02 1.20674E-02 
3.92833E-01 2.61616E-02 1.90393E-02 
3.95181E-01 2.39643E-02 3.11792E-02 
3.96895E-01 2.19110E-02 5.30943E-02 
3.98144E-01 2.00055E-02 9.40683E-02 
3.99432E-01 1.82646E-02 1.72945E-01 
4.02359E-01 1.67403E-02 3.26401E-01 
4.11875E-01 1.55913E-02 6.15844E-01 
4.39577E-01 1.51435E-02 1.10133E+00 
4.95888E-01 1.55512E-02 1.73394E+00 
5.62293E-01 1.60472E-02 2.29257E+00 
6.04009E-01 1.56766E-02 2.60506E+00 
3.30879E-01 5.13519E-02 3.29513E-04 
3.35751E-01 4.81295E-02 3.89363E-04 
3.27950E-01 5.48958E-02 4.64574E-04 
3.34337E-01 5.18828E-02 5.60297E-04 
3.40822E-01 4.85420E-02 6.84375E-04 
3.46805E-01 4.53280E-02 8.47581E-04 
3.52270E-01 4.22381E-02 1.06541E-03 
3.56134E-01 3.99397E-02 1.28602E-03 
3.57202E-01 3.92832E-02 1.36142E-03 
3.61902E-01 3.62532E-02 1.80909E-03 
3.65942E-01 3.33891E-02 2.45858E-03 
3.69330E-01 3.06909E-02 3.42526E-03 
3.72045E-01 2.81624E-02 4.90115E-03 
3.72865E-01 2.69732E-02 7.21802E-03 
3.74919E-01 2.47535E-02 1.09750E-02 
3.76295E-01 2.26709E-02 1.72725E-02 
3.77030E-01 2.07235E-02 2.82129E-02 
3.77187E-01 1.89107E-02 4.79197E-02 
3.76933E-01 1.72340E-02 8.46833E-02 
3.76742E-01 1.57043E-02 1.55256E-01 
3.78108E-01 1.43669E-02 2.92240E-01 
3.85605E-01 1.33551E-02 5.49708E-01 
4.09913E-01 1.29426E-02 9.80153E-01 
4.60474E-01 1.32577E-02 1.53849E+00 
5.20006E-01 1.36476E-02 2.02798E+00 
5.56533E-01 1.33034E-02 2.29742E+00 
3.32038E-01 4.80666E-02 3.07063E-04 
3.36144E-01 4.49003E-02 3.62472E-04 
3.28914E-01 4.98098E-02 4.31990E-04 
3.34014E-01 4.69315E-02 5.20358E-04 
3.39204E-01 4.37649E-02 6.34679E-04 
3.43880E-01 4.07295E-02 7.84824E-04 
3.48023E-01 3.78305E-02 9.85151E-04 
3.50851E-01 3.56833E-02 1.18753E-03 
3.51618E-01 3.50708E-02 1.25664E-03 
3.54867E-01 3.22586E-02 1.66659E-03 
3.57471E-01 2.96139E-02 2.26047E-03 
3.59420E-01 2.71386E-02 3.14189E-03 
3.60733E-01 2.48303E-02 4.48618E-03 
3.60321E-01 2.36236E-02 6.59123E-03 
3.60910E-01 2.16279E-02 9.99693E-03 
3.60871E-01 1.97643E-02 1.56972E-02 
3.60237E-01 1.80291E-02 2.55745E-02 
3.59079E-01 1.64196E-02 4.33220E-02 
3.57560E-01 1.49355E-02 7.63489E-02 
3.56128E-01 1.35849E-02 1.39585E-01 
3.56175E-01 1.24055E-02 2.61954E-01 
3.61954E-01 1.15091E-02 4.91394E-01 
3.83314E-01 1.11292E-02 8.73464E-01 
4.28848E-01 1.13716E-02 1.36676E+00 
4.82384E-01 1.16771E-02 1.79603E+00 
5.14458E-01 1.13588E-02 2.02849E+00 
3.31545E-01 4.52967E-02 2.86713E-04 
3.34961E-01 4.21733E-02 3.38057E-04 
3.28071E-01 4.57547E-02 4.02450E-04 
3.32429E-01 4.27388E-02 4.84118E-04 
3.36479E-01 3.97171E-02 5.89665E-04 
3.40004E-01 3.68302E-02 7.27995E-04 
3.42987E-01 3.40856E-02 9.12203E-04 
3.44912E-01 3.20636E-02 1.09819E-03 
3.45416E-01 3.14877E-02 1.16153E-03 
3.47407E-01 2.88547E-02 1.53721E-03 
3.48750E-01 2.63960E-02 2.08033E-03 
3.49458E-01 2.41079E-02 2.88508E-03 
3.49545E-01 2.19842E-02 4.10944E-03 
3.48077E-01 2.07753E-02 6.02313E-03 
3.47399E-01 1.89724E-02 9.11256E-03 
3.46133E-01 1.72973E-02 1.42696E-02 
3.44320E-01 1.57443E-02 2.31867E-02 
3.42033E-01 1.43091E-02 3.91697E-02 
3.39429E-01 1.29896E-02 6.88337E-02 
3.36933E-01 1.17930E-02 1.25490E-01 
3.35847E-01 1.07483E-02 2.34807E-01 
3.40123E-01 9.95219E-03 4.39104E-01 
3.58872E-01 9.60220E-03 7.78125E-01 
3.99929E-01 9.78670E-03 1.21373E+00 
4.48134E-01 1.00249E-02 1.58984E+00 
4.76274E-01 9.73039E-03 1.78990E+00 
3.29609E-01 4.30505E-02 2.68628E-04 
3.32438E-01 3.99351E-02 3.16344E-04 
3.26054E-01 4.23594E-02 3.76058E-04 
3.29702E-01 3.92673E-02 4.51709E-04 
3.32780E-01 3.63436E-02 5.49327E-04 
3.35316E-01 3.35650E-02 6.77023E-04 
3.37296E-01 3.09377E-02 8.46702E-04 
3.38447E-01 2.90107E-02 1.01774E-03 
3.38717E-01 2.84660E-02 1.07607E-03 
3.39621E-01 2.59752E-02 1.42092E-03 
3.39874E-01 2.36662E-02 1.91843E-03 
3.39498E-01 2.15322E-02 2.65401E-03 
3.38515E-01 1.95677E-02 3.77064E-03 
3.36137E-01 1.83629E-02 5.51236E-03 
3.34366E-01 1.67221E-02 8.31779E-03 
3.32043E-01 1.52063E-02 1.29898E-02 
3.29214E-01 1.38083E-02 2.10457E-02 
3.25957E-01 1.25219E-02 3.54513E-02 
3.22422E-01 1.13439E-02 6.21195E-02 
3.19014E-01 1.02779E-02 1.12899E-01 
3.16954E-01 9.34902E-03 2.10621E-01 
3.19918E-01 8.63895E-03 3.92586E-01 
3.36356E-01 8.31630E-03 6.93475E-01 
3.73417E-01 8.45473E-03 1.07819E+00 
4.16880E-01 8.63922E-03 1.40769E+00 
4.41555E-01 8.36681E-03 1.57966E+00 
3.26348E-01 4.12223E-02 2.52378E-04 
3.28700E-01 3.80754E-02 2.96801E-04 
3.23039E-01 3.93833E-02 3.52229E-04 
3.25825E-01 3.63766E-02 4.22388E-04 
3.28077E-01 3.35132E-02 5.12739E-04 
3.29774E-01 3.08062E-02 6.30715E-04 
3.30900E-01 2.82630E-02 7.87239E-04 
3.31382E-01 2.64078E-02 9.44636E-04 
3.31450E-01 2.58863E-02 9.98311E-04 
3.31408E-01 2.35088E-02 1.31500E-03 
3.30717E-01 2.13204E-02 1.77093E-03 
3.29397E-01 1.93147E-02 2.44354E-03 
3.27482E-01 1.74810E-02 3.46220E-03 
3.24304E-01 1.62901E-02 5.04758E-03 
3.21580E-01 1.47878E-02 7.59468E-03 
3.18336E-01 1.34088E-02 1.18266E-02 
3.14623E-01 1.21444E-02 1.91066E-02 
3.10521E-01 1.09868E-02 3.20870E-02 
3.06179E-01 9.93132E-03 5.60496E-02 
3.01983E-01 8.97898E-03 1.01547E-01 
2.99074E-01 8.15091E-03 1.88816E-01 
3.00887E-01 7.51581E-03 3.50870E-01 
3.15248E-01 7.21849E-03 6.17706E-01 
3.48694E-01 7.32009E-03 9.57162E-01 
3.87879E-01 7.46089E-03 1.24554E+00 
4.09465E-01 7.20966E-03 1.39305E+00 
3.21911E-01 3.97679E-02 2.37681E-04 
3.23910E-01 3.65494E-02 2.79024E-04 
3.18816E-01 3.69752E-02 3.30581E-04 
3.20952E-01 3.39711E-02 3.95668E-04 
3.22518E-01 3.11340E-02 4.79327E-04 
3.23499E-01 2.84693E-02 5.88404E-04 
3.23888E-01 2.59811E-02 7.32753E-04 
3.23781E-01 2.41788E-02 8.77696E-04 
3.23682E-01 2.36720E-02 9.26993E-04 
3.22808E-01 2.13802E-02 1.21788E-03 
3.21274E-01 1.92888E-02 1.63572E-03 
3.19112E-01 1.73879E-02 2.25058E-03 
3.16360E-01 1.56662E-02 3.17951E-03 
3.12471E-01 1.44923E-02 4.62201E-03 
3.08904E-01 1.31089E-02 6.93410E-03 
3.04847E-01 1.18485E-02 1.07644E-02 
3.00359E-01 1.07004E-02 1.73369E-02 
2.95518E-01 9.65541E-03 2.90226E-02 
2.90477E-01 8.70673E-03 5.05317E-02 
2.85594E-01 7.85476E-03 9.12588E-02 
2.81948E-01 7.11486E-03 1.69131E-01 
2.82738E-01 6.54636E-03 3.13236E-01 
2.95224E-01 6.27268E-03 5.49623E-01 
3.25379E-01 6.34482E-03 8.48795E-01 
3.60665E-01 6.45045E-03 1.10071E+00 
3.79475E-01 6.21913E-03 1.22692E+00 
3.16409E-01 3.86307E-02 2.24170E-04 
3.18077E-01 3.53194E-02 2.62608E-04 
3.13529E-01 3.49621E-02 3.10505E-04 
3.15067E-01 3.19573E-02 3.70877E-04 
3.16040E-01 2.91199E-02 4.48288E-04 
3.16403E-01 2.64713E-02 5.49017E-04 
3.16153E-01 2.40148E-02 6.82068E-04 
3.15535E-01 2.22476E-02 8.15458E-04 
3.15289E-01 2.17518E-02 8.60756E-04 
3.13683E-01 1.95250E-02 1.12774E-03 
3.11407E-01 1.75108E-02 1.51017E-03 
3.08499E-01 1.56974E-02 2.07161E-03 
3.05007E-01 1.40701E-02 2.91786E-03 
3.00485E-01 1.29181E-02 4.22874E-03 
2.96177E-01 1.16380E-02 6.32441E-03 
2.91407E-01 1.04815E-02 9.78731E-03 
2.86238E-01 9.43603E-03 1.57117E-02 
2.80757E-01 8.49058E-03 2.62167E-02 
2.75109E-01 7.63689E-03 4.54974E-02 
2.69638E-01 6.87338E-03 8.18944E-02 
2.65356E-01 6.21196E-03 1.51279E-01 
2.65241E-01 5.70272E-03 2.79190E-01 
2.76024E-01 5.45127E-03 4.88221E-01 
3.03151E-01 5.49994E-03 7.51386E-01 
3.34859E-01 5.57761E-03 9.71024E-01 
3.51162E-01 5.36470E-03 1.07860E+00 
3.10096E-01 3.77926E-02 2.11638E-04 
3.11473E-01 3.43754E-02 2.47392E-04 
3.07333E-01 3.33599E-02 2.91820E-04 
3.08397E-01 3.02927E-02 3.47747E-04 
3.08834E-01 2.74265E-02 4.19313E-04 
3.08635E-01 2.47679E-02 5.12214E-04 
3.07797E-01 2.23205E-02 6.34659E-04 
3.06715E-01 2.05711E-02 7.57158E-04 
3.06327E-01 2.00833E-02 7.98754E-04 
3.04049E-01 1.79011E-02 1.04329E-03 
3.01096E-01 1.59460E-02 1.39280E-03 
2.97508E-01 1.42039E-02 1.90464E-03 
2.93343E-01 1.26572E-02 2.67400E-03 
2.88252E-01 1.15293E-02 3.86308E-03 
2.83286E-01 1.03395E-02 5.75900E-03 
2.77887E-01 9.27498E-03 8.88308E-03 
2.72126E-01 8.32078E-03 1.42126E-02 
2.66090E-01 7.46409E-03 2.36367E-02 
2.59924E-01 6.69549E-03 4.08835E-02 
2.53959E-01 6.01066E-03 7.33369E-02 
2.49135E-01 5.41948E-03 1.35005E-01 
2.48227E-01 4.96353E-03 2.48303E-01 
2.57456E-01 4.73315E-03 4.32686E-01 
2.81780E-01 4.76313E-03 6.63577E-01 
3.10188E-01 4.81824E-03 8.54591E-01 
3.24219E-01 4.62307E-03 9.45922E-01 
3.02880E-01 3.71947E-02 1.99788E-04 
3.03991E-01 3.36460E-02 2.32984E-04 
3.00215E-01 3.20597E-02 2.74162E-04 
3.00863E-01 2.89193E-02 3.25898E-04 
3.00851E-01 2.60060E-02 3.91990E-04 
3.00172E-01 2.33202E-02 4.77582E-04 
2.98824E-01 2.08644E-02 5.90150E-04 
2.97328E-01 1.91213E-02 7.02521E-04 
2.96817E-01 1.86370E-02 7.40618E-04 
2.93946E-01 1.64833E-02 9.64358E-04 
2.90383E-01 1.45735E-02 1.28333E-03 
2.86187E-01 1.28899E-02 1.74913E-03 
2.81425E-01 1.14111E-02 2.44772E-03 
2.75832E-01 1.03089E-02 3.52461E-03 
2.70295E-01 9.19791E-03 5.23696E-03 
2.64357E-01 8.21417E-03 8.05170E-03 
2.58092E-01 7.34091E-03 1.28396E-02 
2.51593E-01 6.56320E-03 2.12808E-02 
2.45003E-01 5.86997E-03 3.66833E-02 
2.38632E-01 5.25578E-03 6.55739E-02 
2.33363E-01 4.72714E-03 1.20292E-01 
2.31769E-01 4.31907E-03 2.20494E-01 
2.39596E-01 4.10848E-03 3.82890E-01 
2.61346E-01 4.12387E-03 5.85163E-01 
2.86726E-01 4.16095E-03 7.50974E-01 
2.98720E-01 3.98275E-03 8.28332E-01 
2.94793E-01 3.68178E-02 1.88301E-04 
2.95633E-01 3.31074E-02 2.18993E-04 
2.92170E-01 3.09967E-02 2.57023E-04 
2.92386E-01 2.77754E-02 3.04723E-04 
2.91948E-01 2.47939E-02 3.65516E-04 
2.90820E-01 2.20626E-02 4.44082E-04 
2.88995E-01 1.95831E-02 5.47150E-04 
2.87121E-01 1.78352E-02 6.49852E-04 
2.86495E-01 1.73521E-02 6.84640E-04 
2.83081E-01 1.52146E-02 8.88541E-04 
2.78972E-01 1.33391E-02 1.17846E-03 
2.74236E-01 1.17039E-02 1.60092E-03 
2.68944E-01 1.02848E-02 2.23251E-03 
2.62915E-01 9.20980E-03 3.20407E-03 
2.56887E-01 8.16951E-03 4.74498E-03 
2.50488E-01 7.25930E-03 7.26952E-03 
2.43804E-01 6.45959E-03 1.15531E-02 
2.36927E-01 5.75394E-03 1.90821E-02 
2.29997E-01 5.12964E-03 3.27768E-02 
2.23305E-01 4.57991E-03 5.83896E-02 
2.17676E-01 4.10844E-03 1.06737E-01 
2.15490E-01 3.74435E-03 1.94958E-01 
2.22031E-01 3.55272E-03 3.37357E-01 
2.41366E-01 3.55666E-03 5.13758E-01 
2.63912E-01 3.57930E-03 6.56996E-01 
2.74045E-01 3.41744E-03 7.22104E-01 
2.86028E-01 3.66504E-02 1.77262E-04 
2.86629E-01 3.27647E-02 2.05596E-04 
2.83393E-01 3.01990E-02 2.40629E-04 
2.83231E-01 2.68587E-02 2.84481E-04 
2.82365E-01 2.37876E-02 3.40225E-04 
2.80789E-01 2.09927E-02 4.12095E-04 
2.78515E-01 1.84745E-02 5.06196E-04 
2.76288E-01 1.67126E-02 5.99746E-04 
2.75561E-01 1.62274E-02 6.31394E-04 
2.71654E-01 1.40948E-02 8.16684E-04 
2.67054E-01 1.22432E-02 1.07948E-03 
2.61836E-01 1.06475E-02 1.46130E-03 
2.56084E-01 9.27948E-03 2.03080E-03 
2.49686E-01 8.23188E-03 2.90461E-03 
2.43244E-01 7.25450E-03 4.28660E-03 
2.36472E-01 6.40993E-03 6.54497E-03 
2.29456E-01 5.67641E-03 1.03653E-02 
2.22288E-01 5.03582E-03 1.70603E-02 
2.15105E-01 4.47394E-03 2.92010E-02 
2.08184E-01 3.98226E-03 5.18385E-02 
2.02287E-01 3.56248E-03 9.44337E-02 
1.99608E-01 3.23829E-03 1.71866E-01 
2.04990E-01 3.06455E-03 2.96354E-01 
2.22094E-01 3.05982E-03 4.49726E-01 
2.42026E-01 3.07116E-03 5.73069E-01 
2.50492E-01 2.92487E-03 6.27636E-01 
2.76483E-01 3.66495E-02 1.66471E-04 
2.76810E-01 3.25705E-02 1.92529E-04 
2.73773E-01 2.95880E-02 2.24683E-04 
2.73267E-01 2.61193E-02 2.64863E-04 
2.72038E-01 2.29480E-02 3.15834E-04 
2.70079E-01 2.00789E-02 3.81392E-04 
2.67395E-01 1.75112E-02 4.66982E-04 
2.64843E-01 1.57274E-02 5.51936E-04 
2.64025E-01 1.52379E-02 5.80632E-04 
2.59666E-01 1.31004E-02 7.48358E-04 
2.54624E-01 1.12644E-02 9.85628E-04 
2.48983E-01 9.70054E-03 1.32949E-03 
2.42834E-01 8.37655E-03 1.84098E-03 
2.36129E-01 7.35650E-03 2.62391E-03 
2.29356E-01 6.43546E-03 3.85892E-03 
2.22294E-01 5.65032E-03 5.87135E-03 
2.15030E-01 4.97708E-03 9.26554E-03 
2.07659E-01 4.39562E-03 1.51969E-02 
2.00310E-01 3.89045E-03 2.59216E-02 
1.93247E-01 3.45152E-03 4.58530E-02 
1.87169E-01 3.07869E-03 8.32347E-02 
1.84091E-01 2.79089E-03 1.50953E-01 
1.88432E-01 2.63410E-03 2.59370E-01 
2.03471E-01 2.62293E-03 3.92208E-01 
2.20992E-01 2.62567E-03 4.98017E-01 
2.27968E-01 2.49411E-03 5.43504E-01 
2.66314E-01 3.68012E-02 1.55977E-04 
2.66345E-01 3.25061E-02 1.79831E-04 
2.63445E-01 2.91414E-02 2.09224E-04 
2.62585E-01 2.55323E-02 2.45898E-04 
2.60993E-01 2.22470E-02 2.92296E-04 
2.58661E-01 1.92926E-02 3.51822E-04 
2.55612E-01 1.66679E-02 4.29398E-04 
2.52779E-01 1.48566E-02 5.06209E-04 
2.51873E-01 1.43622E-02 5.32136E-04 
2.47127E-01 1.22136E-02 6.83366E-04 
2.41713E-01 1.03875E-02 8.96769E-04 
2.35721E-01 8.85018E-03 1.20523E-03 
2.29251E-01 7.56513E-03 1.66283E-03 
2.22310E-01 6.57265E-03 2.36162E-03 
2.15289E-01 5.70260E-03 3.46091E-03 
2.08021E-01 4.97155E-03 5.24715E-03 
2.00597E-01 4.35313E-03 8.25120E-03 
1.93109E-01 3.82551E-03 1.34856E-02 
1.85682E-01 3.37178E-03 2.29223E-02 
1.78559E-01 2.98090E-03 4.04032E-02 
1.72384E-01 2.65068E-03 7.30802E-02 
1.68997E-01 2.39606E-03 1.32076E-01 
1.72412E-01 2.25523E-03 2.26134E-01 
1.85552E-01 2.23951E-03 3.40743E-01 
2.00858E-01 2.23581E-03 4.31143E-01 
2.06514E-01 2.11820E-03 4.68857E-01 
2.55587E-01 3.70812E-02 1.45768E-04 
2.55302E-01 3.25541E-02 1.67510E-04 
2.52469E-01 2.88381E-02 1.94260E-04 
2.51251E-01 2.50698E-02 2.27565E-04 
2.49314E-01 2.16610E-02 2.69619E-04 
2.46648E-01 1.86150E-02 3.23459E-04 
2.43264E-01 1.59264E-02 3.93440E-04 
2.40173E-01 1.40836E-02 4.62572E-04 
2.39196E-01 1.35825E-02 4.85877E-04 
2.34109E-01 1.14181E-02 6.21655E-04 
2.28377E-01 9.59770E-03 8.12716E-04 
2.22100E-01 8.08306E-03 1.08813E-03 
2.15379E-01 6.83306E-03 1.49571E-03 
2.08272E-01 5.86830E-03 2.11658E-03 
2.01084E-01 5.04489E-03 3.09060E-03 
1.93694E-01 4.36340E-03 4.66921E-03 
1.86192E-01 3.79533E-03 7.31634E-03 
1.78671E-01 3.31702E-03 1.19151E-02 
1.71247E-01 2.91032E-03 2.01796E-02 
1.64144E-01 2.56317E-03 3.54447E-02 
1.57953E-01 2.27171E-03 6.38853E-02 
1.54342E-01 2.04738E-03 1.15049E-01 
1.56940E-01 1.92158E-03 1.96287E-01 
1.68337E-01 1.90285E-03 2.94725E-01 
1.81613E-01 1.89446E-03 3.71593E-01 
1.86108E-01 1.79004E-03 4.02672E-01 
2.44411E-01 3.74619E-02 1.35878E-04 
2.43791E-01 3.26889E-02 1.55607E-04 
2.40971E-01 2.86440E-02 1.79840E-04 
2.39420E-01 2.47099E-02 2.09962E-04 
2.37128E-01 2.11680E-02 2.47884E-04 
2.34124E-01 1.80231E-02 2.96327E-04 
2.30432E-01 1.52671E-02 3.59152E-04 
2.27114E-01 1.33909E-02 4.21103E-04 
2.26074E-01 1.28828E-02 4.41963E-04 
2.20698E-01 1.07004E-02 5.63253E-04 
2.14711E-01 8.88389E-03 7.33518E-04 
2.08213E-01 7.38963E-03 9.78337E-04 
2.01315E-01 6.17216E-03 1.33959E-03 
1.94113E-01 5.23548E-03 1.88870E-03 
1.86839E-01 4.45533E-03 2.74795E-03 
1.79409E-01 3.81975E-03 4.13623E-03 
1.71913E-01 3.29792E-03 6.45826E-03 
1.64438E-01 2.86479E-03 1.04800E-02 
1.57096E-01 2.50110E-03 1.76859E-02 
1.50090E-01 2.19367E-03 3.09548E-02 
1.43955E-01 1.93741E-03 5.55973E-02 
1.40202E-01 1.74064E-03 9.97647E-02 
1.42088E-01 1.62890E-03 1.69610E-01 
1.51896E-01 1.60842E-03 2.53772E-01 
1.63327E-01 1.59685E-03 3.18823E-01 
1.66811E-01 1.50476E-03 3.44269E-01 
2.32890E-01 3.79153E-02 1.26338E-04 
2.31924E-01 3.28858E-02 1.44158E-04 
2.29067E-01 2.85313E-02 1.66000E-04 
2.27167E-01 2.44241E-02 1.93109E-04 
2.24557E-01 2.07470E-02 2.27160E-04 
2.21235E-01 1.75004E-02 2.70529E-04 
2.17241E-01 1.46745E-02 3.26636E-04 
2.13723E-01 1.27642E-02 3.81856E-04 
2.12628E-01 1.22491E-02 4.00432E-04 
2.07014E-01 1.00488E-02 5.08268E-04 
2.00825E-01 8.23558E-03 6.59228E-04 
1.94170E-01 6.76103E-03 8.75730E-04 
1.87166E-01 5.57475E-03 1.19441E-03 
1.79937E-01 4.66672E-03 1.67766E-03 
1.72654E-01 3.92725E-03 2.43185E-03 
1.65262E-01 3.33433E-03 3.64718E-03 
1.57848E-01 2.85524E-03 5.67379E-03 
1.50496E-01 2.46358E-03 9.17407E-03 
1.43306E-01 2.13911E-03 1.54275E-02 
1.36466E-01 1.86780E-03 2.69050E-02 
1.30457E-01 1.64345E-03 4.81511E-02 
1.26635E-01 1.47168E-03 8.60997E-02 
1.27910E-01 1.37304E-03 1.45859E-01 
1.36280E-01 1.35183E-03 2.17462E-01 
1.46043E-01 1.33832E-03 2.72244E-01 
1.48658E-01 1.25767E-03 2.92928E-01 
2.21110E-01 3.84112E-02 1.17164E-04 
2.19804E-01 3.31196E-02 1.33188E-04 
2.16861E-01 2.84744E-02 1.52778E-04 
2.14613E-01 2.41888E-02 1.77043E-04 
2.11696E-01 2.03751E-02 2.07461E-04 
2.08089E-01 1.70280E-02 2.46100E-04 
2.03827E-01 1.41336E-02 2.95941E-04 
2.00123E-01 1.21900E-02 3.44891E-04 
1.98978E-01 1.16681E-02 3.61337E-04 
1.93166E-01 9.45139E-03 4.56683E-04 
1.86831E-01 7.64307E-03 5.89826E-04 
1.80085E-01 6.18893E-03 7.80279E-04 
1.73041E-01 5.03355E-03 1.05992E-03 
1.65849E-01 4.15501E-03 1.48299E-03 
1.58627E-01 3.45418E-03 2.14148E-03 
1.51344E-01 2.90131E-03 3.19983E-03 
1.44083E-01 2.46200E-03 4.95950E-03 
1.36920E-01 2.10848E-03 7.99013E-03 
1.29948E-01 1.81978E-03 1.33885E-02 
1.23336E-01 1.58129E-03 2.32652E-02 
1.17513E-01 1.38579E-03 4.14884E-02 
1.13689E-01 1.23667E-03 7.39238E-02 
1.14449E-01 1.15016E-03 1.24787E-01 
1.21525E-01 1.12903E-03 1.85387E-01 
1.29790E-01 1.11456E-03 2.31267E-01 
1.31668E-01 1.04445E-03 2.47952E-01 
2.09236E-01 3.89276E-02 1.08417E-04 
2.07566E-01 3.33655E-02 1.22746E-04 
2.04499E-01 2.84465E-02 1.40229E-04 
2.01916E-01 2.39832E-02 1.61837E-04 
1.98686E-01 2.00328E-02 1.88850E-04 
1.94819E-01 1.65889E-02 2.23092E-04 
1.90326E-01 1.36306E-02 2.67149E-04 
1.86467E-01 1.16570E-02 3.10311E-04 
1.85281E-01 1.11293E-02 3.24796E-04 
1.79311E-01 8.89965E-03 4.08638E-04 
1.72879E-01 7.09905E-03 5.25424E-04 
1.66095E-01 5.66703E-03 6.92076E-04 
1.59074E-01 4.54314E-03 9.36123E-04 
1.51978E-01 3.69516E-03 1.30455E-03 
1.44882E-01 3.03156E-03 1.87655E-03 
1.37774E-01 2.51659E-03 2.79319E-03 
1.30728E-01 2.11421E-03 4.31331E-03 
1.23815E-01 1.79580E-03 6.92355E-03 
1.17118E-01 1.53969E-03 1.15586E-02 
1.10786E-01 1.33089E-03 2.00142E-02 
1.05202E-01 1.16134E-03 3.55636E-02 
1.01436E-01 1.03262E-03 6.31409E-02 
1.01769E-01 9.57264E-04 1.06207E-01 
1.07695E-01 9.36819E-04 1.57222E-01 
1.14628E-01 9.22125E-04 1.95435E-01 
1.15891E-01 8.61695E-04 2.08790E-01 
1.97339E-01 3.94405E-02 1.00090E-04 
1.95310E-01 3.36063E-02 1.12837E-04 
1.92081E-01 2.84264E-02 1.28350E-04 
1.89157E-01 2.37858E-02 1.47471E-04 
1.85629E-01 1.97031E-02 1.71319E-04 
1.81511E-01 1.61670E-02 2.01479E-04 
1.76817E-01 1.31511E-02 2.40183E-04 
1.72832E-01 1.11523E-02 2.78015E-04 
1.71615E-01 1.06200E-02 2.90697E-04 
1.65535E-01 8.38338E-03 3.63984E-04 
1.59052E-01 6.59465E-03 4.65802E-04 
1.52279E-01 5.18749E-03 6.10717E-04 
1.45332E-01 4.09643E-03 8.22406E-04 
1.38386E-01 3.28046E-03 1.14130E-03 
1.31477E-01 2.65333E-03 1.63513E-03 
1.24601E-01 2.17452E-03 2.42443E-03 
1.17827E-01 1.80677E-03 3.72961E-03 
1.11218E-01 1.52078E-03 5.96431E-03 
1.04846E-01 1.29445E-03 9.92065E-03 
9.88410E-02 1.11247E-03 1.71158E-02 
9.35402E-02 9.66259E-04 3.03044E-02 
8.98849E-02 8.55866E-04 5.36092E-02 
8.98717E-02 7.90732E-04 8.98516E-02 
9.47784E-02 7.71431E-04 1.32535E-01 
1.00533E-01 7.57091E-04 1.64157E-01 
1.01293E-01 7.05468E-04 1.74747E-01 
1.85633E-01 3.99197E-02 9.22759E-05 
1.83268E-01 3.38193E-02 1.03575E-04 
1.79858E-01 2.83953E-02 1.17275E-04 
1.76610E-01 2.35840E-02 1.34121E-04 
1.72787E-01 1.93750E-02 1.55060E-04 
1.68434E-01 1.57545E-02 1.81484E-04 
1.63563E-01 1.26889E-02 2.15312E-04 
1.59475E-01 1.06711E-02 2.48305E-04 
1.58235E-01 1.01359E-02 2.59354E-04 
1.52087E-01 7.89943E-03 3.23097E-04 
1.45602E-01 6.12813E-03 4.11430E-04 
1.38894E-01 4.74951E-03 5.36842E-04 
1.32073E-01 3.69307E-03 7.19590E-04 
1.25320E-01 2.91029E-03 9.94287E-04 
1.18645E-01 2.31870E-03 1.41861E-03 
1.12048E-01 1.87426E-03 2.09502E-03 
1.05591E-01 1.53878E-03 3.21044E-03 
9.93255E-02 1.28242E-03 5.11483E-03 
9.33146E-02 1.08295E-03 8.47675E-03 
8.76703E-02 9.24916E-04 1.45711E-02 
8.26858E-02 7.99409E-04 2.57054E-02 
7.91836E-02 7.05209E-04 4.53120E-02 
7.89012E-02 6.49271E-04 7.56730E-02 
8.29234E-02 6.31419E-04 1.11223E-01 
8.76564E-02 6.17843E-04 1.37268E-01 
8.80148E-02 5.74086E-04 1.45601E-01 
1.74014E-01 4.03554E-02 8.48530E-05 
1.71326E-01 3.39911E-02 9.48047E-05 
1.67712E-01 2.83339E-02 1.06818E-04 
1.64165E-01 2.33595E-02 1.21557E-04 
1.60069E-01 1.90323E-02 1.39808E-04 
1.55484E-01 1.53345E-02 1.62766E-04 
1.50450E-01 1.22276E-02 1.92097E-04 
1.46280E-01 1.01972E-02 2.20638E-04 
1.45024E-01 9.66110E-03 2.30186E-04 
1.38831E-01 7.43224E-03 2.85169E-04 
1.32382E-01 5.68496E-03 3.61189E-04 
1.25786E-01 4.33984E-03 4.68871E-04 
1.19145E-01 3.32119E-03 6.25413E-04 
1.12636E-01 2.57380E-03 8.60245E-04 
1.06245E-01 2.01794E-03 1.22208E-03 
9.99737E-02 1.60696E-03 1.79731E-03 
9.38742E-02 1.30208E-03 2.74323E-03 
8.79914E-02 1.07329E-03 4.35365E-03 
8.23758E-02 8.98393E-04 7.18791E-03 
7.71228E-02 7.62042E-04 1.23102E-02 
7.24844E-02 6.55095E-04 2.16374E-02 
6.91725E-02 5.75403E-04 3.80018E-02 
6.86854E-02 5.27819E-04 6.32343E-02 
7.19346E-02 5.11628E-04 9.26034E-02 
7.57739E-02 4.99109E-04 1.13873E-01 
7.58173E-02 4.62439E-04 1.20348E-01 
1.62677E-01 4.07263E-02 7.78969E-05 
1.59670E-01 3.41031E-02 8.66063E-05 
1.55872E-01 2.82323E-02 9.70904E-05 
1.52017E-01 2.31000E-02 1.09884E-04 
1.47672E-01 1.86659E-02 1.25684E-04 
1.42887E-01 1.49029E-02 1.45499E-04 
1.37716E-01 1.17653E-02 1.70747E-04 
1.33491E-01 9.73035E-03 1.95276E-04 
1.32223E-01 9.19512E-03 2.03466E-04 
1.26018E-01 6.98279E-03 2.50556E-04 
1.19639E-01 5.26621E-03 3.15512E-04 
1.13191E-01 3.95918E-03 4.07318E-04 
1.06768E-01 2.98105E-03 5.40492E-04 
1.00539E-01 2.27075E-03 7.39868E-04 
9.44679E-02 1.75054E-03 1.04631E-03 
8.85569E-02 1.37193E-03 1.53227E-03 
8.28474E-02 1.09590E-03 2.32916E-03 
7.73739E-02 8.92531E-04 3.68193E-03 
7.21766E-02 7.39899E-04 6.05552E-03 
6.73337E-02 6.22877E-04 1.03320E-02 
6.30602E-02 5.32341E-04 1.80933E-02 
5.99665E-02 4.65426E-04 3.16598E-02 
5.93340E-02 4.25300E-04 5.24884E-02 
6.19212E-02 4.10869E-04 7.65850E-02 
6.49951E-02 3.99588E-04 9.38300E-02 
6.48018E-02 3.69183E-04 9.88024E-02 
1.51709E-01 4.10243E-02 7.14110E-05 
1.48381E-01 3.41450E-02 7.89746E-05 
1.44383E-01 2.80740E-02 8.80558E-05 
1.40276E-01 2.28005E-02 9.91010E-05 
1.35695E-01 1.82701E-02 1.12671E-04 
1.30725E-01 1.44529E-02 1.29632E-04 
1.25435E-01 1.12956E-02 1.51189E-04 
1.21173E-01 9.26419E-03 1.72099E-04 
1.19903E-01 8.73242E-03 1.79077E-04 
1.13737E-01 6.54702E-03 2.19120E-04 
1.07463E-01 4.86822E-03 2.74207E-04 
1.01190E-01 3.60401E-03 3.51883E-04 
9.50126E-02 2.66917E-03 4.64310E-04 
8.90893E-02 1.99760E-03 6.32334E-04 
8.33683E-02 1.51303E-03 8.89997E-04 
7.78440E-02 1.16584E-03 1.29752E-03 
7.25468E-02 9.17027E-04 1.96405E-03 
6.75011E-02 7.37070E-04 3.09222E-03 
6.27359E-02 6.04535E-04 5.06592E-03 
5.83147E-02 5.04720E-04 8.61035E-03 
5.44172E-02 4.28624E-04 1.50214E-02 
5.15619E-02 3.72890E-04 2.61873E-02 
5.08355E-02 3.39372E-04 4.32542E-02 
5.28622E-02 3.26726E-04 6.28776E-02 
5.52876E-02 3.16781E-04 7.67513E-02 
5.49250E-02 2.91858E-04 8.05187E-02 
1.41158E-01 4.12395E-02 6.53821E-05 
1.37524E-01 3.41114E-02 7.19001E-05 
1.33327E-01 2.78534E-02 7.97037E-05 
1.28984E-01 2.24509E-02 8.91609E-05 
1.24190E-01 1.78369E-02 1.00715E-04 
1.19064E-01 1.39790E-02 1.15109E-04 
1.13686E-01 1.08153E-02 1.33360E-04 
1.09397E-01 8.79525E-03 1.51017E-04 
1.08126E-01 8.26889E-03 1.56901E-04 
1.02009E-01 6.11902E-03 1.90630E-04 
9.58812E-02 4.48639E-03 2.36965E-04 
8.98370E-02 3.27106E-03 3.02196E-04 
8.39459E-02 2.38283E-03 3.96396E-04 
7.83542E-02 1.75154E-03 5.36906E-04 
7.30005E-02 1.30253E-03 7.51862E-04 
6.78773E-02 9.85734E-04 1.09095E-03 
6.30037E-02 7.62545E-04 1.64404E-03 
5.83939E-02 6.04112E-04 2.57757E-03 
5.40662E-02 4.89677E-04 4.20578E-03 
5.00692E-02 4.05091E-04 7.12060E-03 
4.65511E-02 3.41621E-04 1.23749E-02 
4.39475E-02 2.95616E-04 2.14918E-02 
4.31708E-02 2.67902E-04 3.53650E-02 
4.47288E-02 2.57007E-04 5.12161E-02 
4.66110E-02 2.48426E-04 6.22823E-02 
4.61361E-02 2.28258E-04 6.50937E-02 
1.31071E-01 4.13663E-02 5.97972E-05 
1.27159E-01 3.40000E-02 6.53698E-05 
1.22753E-01 2.75658E-02 7.20102E-05 
1.18198E-01 2.20479E-02 8.00354E-05 
1.13235E-01 1.73671E-02 8.97913E-05 
1.07983E-01 1.34827E-02 1.01896E-04 
1.02535E-01 1.03235E-02 1.17190E-04 
9.82380E-02 8.32288E-03 1.31956E-04 
9.69763E-02 7.80446E-03 1.36875E-04 
9.09571E-02 5.70103E-03 1.65051E-04 
8.49978E-02 4.12104E-03 2.03673E-04 
7.91852E-02 2.95825E-03 2.57916E-04 
7.35936E-02 2.11900E-03 3.36118E-04 
6.83525E-02 1.52945E-03 4.52604E-04 
6.33856E-02 1.11607E-03 6.30421E-04 
5.86772E-02 8.28776E-04 9.10224E-04 
5.42357E-02 6.29766E-04 1.36536E-03 
5.00652E-02 4.91108E-04 2.13140E-03 
4.61747E-02 3.92934E-04 3.46345E-03 
4.25980E-02 3.21759E-04 5.84044E-03 
3.94563E-02 2.69265E-04 1.01107E-02 
3.71110E-02 2.31655E-04 1.74916E-02 
3.63202E-02 2.08996E-04 2.86725E-02 
3.74921E-02 1.99770E-04 4.13656E-02 
3.89253E-02 1.92518E-04 5.01115E-02 
3.83857E-02 1.76438E-04 5.21736E-02 
1.21477E-01 4.13999E-02 5.46377E-05 
1.17308E-01 3.38063E-02 5.93561E-05 
1.12704E-01 2.72081E-02 6.49469E-05 
1.07951E-01 2.15876E-02 7.16792E-05 
1.02855E-01 1.68568E-02 7.98359E-05 
9.74988E-02 1.29584E-02 8.98936E-05 
9.20114E-02 9.81716E-03 1.02569E-04 
8.77371E-02 7.84597E-03 1.14793E-04 
8.64879E-02 7.33762E-03 1.18860E-04 
8.05856E-02 5.28935E-03 1.42140E-04 
7.48198E-02 3.76893E-03 1.73999E-04 
6.92694E-02 2.66367E-03 2.18675E-04 
6.39970E-02 1.87592E-03 2.82976E-04 
5.91186E-02 1.32916E-03 3.78637E-04 
5.45475E-02 9.51199E-04 5.24370E-04 
5.02585E-02 6.92448E-04 7.53151E-04 
4.62494E-02 5.16192E-04 1.12432E-03 
4.25143E-02 3.95658E-04 1.74724E-03 
3.90524E-02 3.12014E-04 2.82714E-03 
3.58868E-02 2.52614E-04 4.74789E-03 
3.31123E-02 2.09599E-04 8.18644E-03 
3.10258E-02 1.79183E-04 1.41072E-02 
3.02501E-02 1.60886E-04 2.30346E-02 
3.11088E-02 1.53215E-04 3.31026E-02 
3.21763E-02 1.47224E-04 3.99457E-02 
3.16103E-02 1.34623E-04 4.14279E-02 
1.12369E-01 4.13312E-02 4.98736E-05 
1.07984E-01 3.35266E-02 5.38290E-05 
1.03211E-01 2.67822E-02 5.84853E-05 
9.82859E-02 2.10730E-02 6.40636E-05 
9.30812E-02 1.63067E-02 7.07964E-05 
8.76566E-02 1.24097E-02 7.90510E-05 
8.21578E-02 9.29865E-03 8.94234E-05 
7.79232E-02 7.36471E-03 9.94124E-05 
7.66941E-02 6.86878E-03 1.02735E-04 
7.09300E-02 4.88428E-03 1.21733E-04 
6.53756E-02 3.42955E-03 1.47703E-04 
6.01094E-02 2.38591E-03 1.84100E-04 
5.51783E-02 1.65196E-03 2.36434E-04 
5.06734E-02 1.14876E-03 3.14213E-04 
4.64999E-02 8.05795E-04 4.32463E-04 
4.26277E-02 5.74519E-04 6.17665E-04 
3.90434E-02 4.19577E-04 9.17371E-04 
3.57322E-02 3.15579E-04 1.41892E-03 
3.26852E-02 2.44883E-04 2.28575E-03 
2.99142E-02 1.95739E-04 3.82251E-03 
2.74925E-02 1.60854E-04 6.56393E-03 
2.56600E-02 1.36552E-04 1.12657E-02 
2.49220E-02 1.21985E-04 1.83217E-02 
2.55311E-02 1.15735E-04 2.62252E-02 
2.63059E-02 1.10913E-04 3.15211E-02 
2.57434E-02 1.01240E-04 3.25610E-02 
1.03781E-01 4.11657E-02 4.54926E-05 
9.92149E-02 3.31669E-02 4.87697E-05 
9.42889E-02 2.62899E-02 5.25910E-05 
8.92208E-02 2.05065E-02 5.71444E-05 
8.39234E-02 1.57173E-02 6.26118E-05 
7.84750E-02 1.18381E-02 6.92949E-05 
7.29988E-02 8.77002E-03 7.76586E-05 
6.88194E-02 6.88069E-03 8.56993E-05 
6.76136E-02 6.39904E-03 8.83716E-05 
6.20157E-02 4.48670E-03 1.03668E-04 
5.67046E-02 3.10378E-03 1.24585E-04 
5.17404E-02 2.12508E-03 1.53891E-04 
4.71511E-02 1.44598E-03 1.95975E-04 
4.30153E-02 9.86426E-04 2.58475E-04 
3.92368E-02 6.77821E-04 3.53365E-04 
3.57738E-02 4.72861E-04 5.01668E-04 
3.26024E-02 3.37820E-04 7.41059E-04 
2.96994E-02 2.48859E-04 1.14056E-03 
2.70487E-02 1.89647E-04 1.82892E-03 
2.46517E-02 1.49388E-04 3.04519E-03 
2.25641E-02 1.21428E-04 5.20717E-03 
2.09761E-02 1.02278E-04 8.90012E-03 
2.02925E-02 9.08695E-05 1.44154E-02 
2.07070E-02 8.58956E-05 2.05499E-02 
2.12517E-02 8.21340E-05 2.45995E-02 
2.07151E-02 7.48987E-05 2.53076E-02 
9.57009E-02 4.09064E-02 4.14658E-05 
9.09654E-02 3.27221E-02 4.41305E-05 
8.59253E-02 2.57325E-02 4.72168E-05 
8.07430E-02 1.98896E-02 5.08640E-05 
7.53890E-02 1.50937E-02 5.52234E-05 
6.99363E-02 1.12444E-02 6.05262E-05 
6.45143E-02 8.23159E-03 6.71471E-05 
6.04173E-02 6.39512E-03 7.35091E-05 
5.92423E-02 5.92980E-03 7.56238E-05 
5.38277E-02 4.09660E-03 8.77259E-05 
4.87780E-02 2.79044E-03 1.04316E-04 
4.41247E-02 1.87923E-03 1.27565E-04 
3.98886E-02 1.25623E-03 1.60957E-04 
3.61260E-02 8.40411E-04 2.10547E-04 
3.27354E-02 5.65332E-04 2.85727E-04 
2.96688E-02 3.85445E-04 4.03007E-04 
2.68939E-02 2.68908E-04 5.91878E-04 
2.43791E-02 1.93575E-04 9.06203E-04 
2.21016E-02 1.44500E-04 1.44615E-03 
2.00556E-02 1.11915E-04 2.39691E-03 
1.82802E-02 8.98174E-05 4.08075E-03 
1.69238E-02 7.49798E-05 6.94518E-03 
1.63061E-02 6.62257E-05 1.12016E-02 
1.65722E-02 6.23822E-05 1.59016E-02 
1.69393E-02 5.95650E-05 1.89553E-02 
1.64447E-02 5.43444E-05 1.94196E-02 
8.81818E-02 4.05537E-02 3.77992E-05 
8.33039E-02 3.22005E-02 3.99234E-05 
7.81797E-02 2.51167E-02 4.23678E-05 
7.29190E-02 1.92320E-02 4.52277E-05 
6.75277E-02 1.44416E-02 4.86201E-05 
6.21094E-02 1.06376E-02 5.27421E-05 
5.67671E-02 7.69052E-03 5.78722E-05 
5.27717E-02 5.91355E-03 6.28061E-05 
5.16337E-02 5.46635E-03 6.44487E-05 
4.64320E-02 3.71910E-03 7.38634E-05 
4.16500E-02 2.49258E-03 8.68032E-05 
3.73145E-02 1.65029E-03 1.04982E-04 
3.34325E-02 1.08340E-03 1.31129E-04 
3.00367E-02 7.10473E-04 1.69989E-04 
2.70234E-02 4.67608E-04 2.28867E-04 
2.43363E-02 3.11272E-04 3.20566E-04 
2.19341E-02 2.11676E-04 4.67912E-04 
1.97799E-02 1.48506E-04 7.12453E-04 
1.78465E-02 1.08250E-04 1.13125E-03 
1.61213E-02 8.21837E-05 1.86613E-03 
1.46308E-02 6.49680E-05 3.16280E-03 
1.34884E-02 5.36773E-05 5.35933E-03 
1.29423E-02 4.71124E-05 8.60652E-03 
1.30995E-02 4.42473E-05 1.21652E-02 
1.33344E-02 4.22531E-05 1.44388E-02 
1.28915E-02 3.86640E-05 1.47293E-02 
8.11115E-02 4.01077E-02 3.44212E-05 
7.61240E-02 3.16015E-02 3.60668E-05 
7.09310E-02 2.44370E-02 3.79399E-05 
6.56341E-02 1.85300E-02 4.01155E-05 
6.02398E-02 1.37607E-02 4.26683E-05 
5.48775E-02 1.00135E-02 4.57648E-05 
4.96516E-02 7.14452E-03 4.96232E-05 
4.57733E-02 5.43317E-03 5.33348E-05 
4.46757E-02 5.00557E-03 5.45739E-05 
3.97148E-02 3.35089E-03 6.17207E-05 
3.52186E-02 2.20759E-03 7.15900E-05 
3.12054E-02 1.43540E-03 8.55073E-05 
2.76763E-02 9.24552E-04 1.05596E-04 
2.46458E-02 5.93902E-04 1.35547E-04 
2.19981E-02 3.82041E-04 1.80913E-04 
1.96714E-02 2.47847E-04 2.51467E-04 
1.76190E-02 1.63827E-04 3.64592E-04 
1.57999E-02 1.11572E-04 5.51844E-04 
1.41828E-02 7.90334E-05 8.71505E-04 
1.27514E-02 5.85381E-05 1.43055E-03 
1.15203E-02 4.54072E-05 2.41310E-03 
1.05745E-02 3.70458E-05 4.07025E-03 
1.01030E-02 3.22929E-05 6.50688E-03 
1.01821E-02 3.02752E-05 9.15606E-03 
1.03203E-02 2.90003E-05 1.08187E-02 
9.93430E-03 2.67342E-05 1.09866E-02 
7.45275E-02 3.95734E-02 3.13351E-05 
6.94687E-02 3.09356E-02 3.25649E-05 
6.42302E-02 2.37063E-02 3.39389E-05 
5.89274E-02 1.77935E-02 3.55235E-05 
5.35636E-02 1.30606E-02 3.73588E-05 
4.82843E-02 9.38213E-03 3.95829E-05 
4.32013E-02 6.60105E-03 4.23705E-05 
3.94661E-02 4.96169E-03 4.50680E-05 
3.84158E-02 4.55515E-03 4.59731E-05 
3.37044E-02 2.99651E-03 5.12248E-05 
2.95072E-02 1.93847E-03 5.85623E-05 
2.58294E-02 1.23688E-03 6.90040E-05 
2.26501E-02 7.80965E-04 8.41526E-05 
1.99650E-02 4.90739E-04 1.06817E-04 
1.76611E-02 3.08059E-04 1.41181E-04 
1.56699E-02 1.94323E-04 1.94590E-04 
1.39396E-02 1.24392E-04 2.80074E-04 
1.24255E-02 8.17802E-05 4.21217E-04 
1.10936E-02 5.58931E-05 6.61396E-04 
9.92456E-03 4.00826E-05 1.08000E-03 
8.92442E-03 3.03154E-05 1.81274E-03 
8.15481E-03 2.43327E-05 3.04292E-03 
7.75671E-03 2.10544E-05 4.84156E-03 
7.78288E-03 1.97578E-05 6.78069E-03 
7.85328E-03 1.90978E-05 7.97436E-03 
7.52554E-03 1.78889E-05 8.05999E-03 
6.83933E-02 3.89466E-02 2.85122E-05 
6.32979E-02 3.02017E-02 2.93811E-05 
5.80490E-02 2.29284E-02 3.03266E-05 
5.27667E-02 1.70260E-02 3.14024E-05 
4.74683E-02 1.23455E-02 3.26312E-05 
4.22989E-02 8.74752E-03 3.41204E-05 
3.73826E-02 6.06322E-03 3.60152E-05 
3.38087E-02 4.50105E-03 3.78752E-05 
3.28102E-02 4.11671E-03 3.85055E-05 
2.83685E-02 2.65788E-03 4.22084E-05 
2.44798E-02 1.68612E-03 4.74857E-05 
2.11355E-02 1.05430E-03 5.51080E-05 
1.82979E-02 6.51670E-04 6.62688E-05 
1.59453E-02 3.99926E-04 8.30760E-05 
1.39646E-02 2.44478E-04 1.08620E-04 
1.22834E-02 1.49453E-04 1.48324E-04 
1.08458E-02 9.21283E-05 2.11787E-04 
9.60514E-03 5.79503E-05 3.16316E-04 
8.52657E-03 3.77469E-05 4.93661E-04 
7.58797E-03 2.58388E-05 8.01549E-04 
6.79002E-03 1.88182E-05 1.33829E-03 
6.17536E-03 1.47493E-05 2.23507E-03 
5.84686E-03 1.26614E-05 3.53839E-03 
5.83937E-03 1.19736E-05 4.93084E-03 
5.86441E-03 1.18361E-05 5.76992E-03 
5.59296E-03 1.14651E-05 5.80267E-03 
6.26845E-02 3.82276E-02 2.59303E-05 
5.75894E-02 2.94039E-02 2.64903E-05 
5.23597E-02 2.21072E-02 2.70681E-05 
4.71268E-02 1.62330E-02 2.77116E-05 
4.19258E-02 1.16208E-02 2.84328E-05 
3.68947E-02 8.11490E-03 2.93124E-05 
3.21658E-02 5.53514E-03 3.04716E-05 
2.87700E-02 4.05466E-03 3.16517E-05 
2.78265E-02 3.69333E-03 3.20586E-05 
2.36722E-02 2.33704E-03 3.45163E-05 
2.00979E-02 1.45153E-03 3.81449E-05 
1.70844E-02 8.87925E-04 4.35226E-05 
1.45778E-02 5.36295E-04 5.15206E-05 
1.25408E-02 3.20718E-04 6.36962E-05 
1.08599E-02 1.90318E-04 8.22804E-05 
9.46067E-03 1.12152E-04 1.11199E-04 
8.28496E-03 6.59548E-05 1.57386E-04 
7.28565E-03 3.90630E-05 2.33289E-04 
6.42784E-03 2.36584E-05 3.61672E-04 
5.68848E-03 1.49734E-05 5.83674E-04 
5.06422E-03 1.01743E-05 9.68998E-04 
4.58319E-03 7.63265E-06 1.60946E-03 
4.31839E-03 6.49850E-06 2.53420E-03 
4.29149E-03 6.32225E-06 3.51240E-03 
4.28798E-03 6.62733E-06 4.08785E-03 
4.06853E-03 6.91665E-06 4.08865E-03 
5.73734E-02 3.74161E-02 2.35678E-05 
5.23057E-02 2.85398E-02 2.38622E-05 
4.71312E-02 2.12463E-02 2.41305E-05 
4.19763E-02 1.54188E-02 2.44105E-05 
3.69018E-02 1.08907E-02 2.47114E-05 
3.20367E-02 7.48859E-03 2.50932E-05 
2.75174E-02 5.02091E-03 2.56584E-05 
2.43126E-02 3.62559E-03 2.62948E-05 
2.34285E-02 3.28804E-03 2.65248E-05 
1.95732E-02 2.03564E-03 2.79989E-05 
1.63171E-02 1.23555E-03 3.03351E-05 
1.36286E-02 7.37842E-04 3.39601E-05 
1.14419E-02 4.34531E-04 3.95063E-05 
9.70025E-03 2.52373E-04 4.80857E-05 
8.29394E-03 1.44651E-04 6.12777E-05 
7.14730E-03 8.14375E-05 8.18605E-05 
6.20200E-03 4.49160E-05 1.14726E-04 
5.41178E-03 2.42319E-05 1.68630E-04 
4.74276E-03 1.28295E-05 2.59507E-04 
4.17240E-03 6.77884E-06 4.16016E-04 
3.69436E-03 3.76023E-06 6.86352E-04 
3.32611E-03 2.42830E-06 1.13310E-03 
3.11768E-03 2.05472E-06 1.77345E-03 
3.08136E-03 2.30790E-06 2.44316E-03 
3.06130E-03 2.98842E-06 2.82613E-03 
2.88801E-03 3.79702E-06 2.80938E-03 
5.24257E-02 3.65052E-02 2.14027E-05 
4.74146E-02 2.76073E-02 2.14712E-05 
4.23318E-02 2.03473E-02 2.14834E-05 
3.72872E-02 1.45882E-02 2.14638E-05 
3.23635E-02 1.01593E-02 2.14206E-05 
2.76911E-02 6.87292E-03 2.14044E-05 
2.34006E-02 4.52401E-03 2.14992E-05 
2.03983E-02 3.21666E-03 2.17109E-05 
1.95769E-02 2.90349E-03 2.18044E-05 
1.60300E-02 1.75549E-03 2.25219E-05 
1.30931E-02 1.03899E-03 2.38710E-05 
1.07211E-02 6.04185E-04 2.61626E-05 
8.83588E-03 3.45807E-04 2.98420E-05 
7.36765E-03 1.94085E-04 3.56901E-05 
6.21005E-03 1.06593E-04 4.47952E-05 
5.28707E-03 5.64348E-05 5.90717E-05 
4.54135E-03 2.81865E-05 8.18810E-05 
3.92893E-03 1.27055E-05 1.19220E-04 
3.41792E-03 4.59286E-06 1.81937E-04 
2.98777E-03 6.69416E-07 2.89491E-04 
2.62998E-03 -9.35330E-07 4.74217E-04 
2.35458E-03 -1.31527E-06 7.77457E-04 
2.19434E-03 -1.08379E-06 1.20835E-03 
2.15508E-03 -4.68836E-07 1.65288E-03 
2.12657E-03 5.31946E-07 1.89820E-03 
1.99265E-03 1.74947E-06 1.87328E-03 
4.77824E-02 3.54749E-02 1.94038E-05 
4.28676E-02 2.65990E-02 1.92857E-05 
3.79083E-02 1.94049E-02 1.90873E-05 
3.30076E-02 1.37397E-02 1.88250E-05 
2.82632E-02 9.42805E-03 1.85072E-05 
2.38086E-02 6.26951E-03 1.81796E-05 
1.97656E-02 4.04617E-03 1.79113E-05 
1.69758E-02 2.82919E-03 1.78003E-05 
1.62191E-02 2.54073E-03 1.77907E-05 
1.29875E-02 1.49696E-03 1.79422E-05 
1.03687E-02 8.61751E-04 1.85606E-05 
8.30226E-03 4.86409E-04 1.98654E-05 
6.70142E-03 2.69442E-04 2.21665E-05 
5.48456E-03 1.45051E-04 2.59952E-05 
4.54801E-03 7.52672E-05 3.20683E-05 
3.81894E-03 3.62956E-05 4.16674E-05 
3.24273E-03 1.50003E-05 5.70325E-05 
2.77856E-03 3.81454E-06 8.21394E-05 
2.39726E-03 -1.62740E-06 1.24124E-04 
2.08083E-03 -3.85012E-06 1.95767E-04 
1.81975E-03 -4.33795E-06 3.17954E-04 
1.61892E-03 -3.96978E-06 5.16848E-04 
1.49853E-03 -3.25473E-06 7.96350E-04 
1.46004E-03 -2.33160E-06 1.07955E-03 
1.42810E-03 -1.05388E-06 1.22833E-03 
1.32650E-03 4.88206E-07 1.20085E-03 
4.34227E-02 3.43059E-02 1.75579E-05 
3.86473E-02 2.55081E-02 1.72916E-05 
3.38447E-02 1.84184E-02 1.69250E-05 
2.91233E-02 1.28776E-02 1.64739E-05 
2.45856E-02 8.70243E-03 1.59450E-05 
2.03717E-02 5.68418E-03 1.53838E-05 
1.65937E-02 3.59270E-03 1.48491E-05 
1.40232E-02 2.46746E-03 1.45042E-05 
1.33323E-02 2.20370E-03 1.44205E-05 
1.04187E-02 1.26269E-03 1.41714E-05 
8.10975E-03 7.05048E-04 1.42732E-05 
6.33388E-03 3.84889E-04 1.48821E-05 
4.99456E-03 2.05186E-04 1.62042E-05 
4.00274E-03 1.04710E-04 1.85909E-05 
3.25943E-03 5.00670E-05 2.24976E-05 
2.69480E-03 2.04282E-05 2.87465E-05 
2.25854E-03 4.81287E-06 3.87772E-05 
1.91412E-03 -2.92317E-06 5.51301E-05 
1.63591E-03 -6.24763E-06 8.23228E-05 
1.40843E-03 -7.13705E-06 1.28405E-04 
1.22239E-03 -6.75479E-06 2.06254E-04 
1.07928E-03 -5.80343E-06 3.31514E-04 
9.90330E-04 -4.70243E-06 5.04772E-04 
9.54245E-04 -3.51575E-06 6.75710E-04 
9.21483E-04 -1.99793E-06 7.58680E-04 
8.45226E-04 -1.97826E-07 7.31753E-04 
3.92705E-02 3.29552E-02 1.58297E-05 
3.46808E-02 2.43064E-02 1.54499E-05 
3.00754E-02 1.73719E-02 1.49551E-05 
2.55727E-02 1.19936E-02 1.43642E-05 
2.12736E-02 7.97929E-03 1.36813E-05 
1.73232E-02 5.11551E-03 1.29531E-05 
1.38274E-02 3.16304E-03 1.22342E-05 
1.14832E-02 2.13121E-03 1.17305E-05 
1.08593E-02 1.89217E-03 1.15972E-05 
8.26264E-03 1.05194E-03 1.10808E-05 
6.25484E-03 5.67992E-04 1.08395E-05 
4.75272E-03 2.98561E-04 1.09822E-05 
3.65231E-03 1.52005E-04 1.16404E-05 
2.85943E-03 7.21219E-05 1.30345E-05 
2.28135E-03 3.01380E-05 1.54356E-05 
1.85312E-03 8.11101E-06 1.93457E-05 
1.52982E-03 -2.96048E-06 2.56460E-05 
1.27980E-03 -7.97730E-06 3.58784E-05 
1.08149E-03 -9.64788E-06 5.27571E-05 
9.21589E-04 -9.50270E-06 8.10285E-05 
7.92130E-04 -8.44522E-06 1.28107E-04 
6.92325E-04 -7.03856E-06 2.02463E-04 
6.27203E-04 -5.62700E-06 3.02650E-04 
5.93732E-04 -4.21265E-06 3.96987E-04 
5.61231E-04 -2.48503E-06 4.35975E-04 
5.03985E-04 -4.79349E-07 4.10914E-04 
3.52604E-02 3.13670E-02 1.41897E-05 
3.09041E-02 2.29550E-02 1.37278E-05 
2.65459E-02 1.62441E-02 1.31442E-05 
2.23040E-02 1.10760E-02 1.24583E-05 
1.82806E-02 7.25412E-03 1.16745E-05 
1.46201E-02 4.56253E-03 1.08401E-05 
1.14242E-02 2.75756E-03 1.00088E-05 
9.31238E-03 1.82083E-03 9.40962E-06 
8.75603E-03 1.60646E-03 9.24660E-06 
6.47367E-03 8.64712E-04 8.57304E-06 
4.75511E-03 4.50108E-04 8.12734E-06 
3.50700E-03 2.26646E-04 7.98314E-06 
2.62073E-03 1.09018E-04 8.21915E-06 
2.00014E-03 4.64619E-05 8.96364E-06 
1.56010E-03 1.47960E-05 1.03618E-05 
1.24196E-03 -1.19596E-06 1.26977E-05 
1.00692E-03 -8.73977E-06 1.64723E-05 
8.28699E-04 -1.16720E-05 2.25531E-05 
6.89898E-04 -1.20824E-05 3.24368E-05 
5.79624E-04 -1.11490E-05 4.86556E-05 
4.91238E-04 -9.57595E-06 7.49607E-05 
4.22650E-04 -7.81856E-06 1.15065E-04 
3.74693E-04 -6.15970E-06 1.66301E-04 
3.43254E-04 -4.55141E-06 2.09687E-04 
3.11135E-04 -2.64459E-06 2.20013E-04 
2.67489E-04 -4.80357E-07 1.97129E-04 
3.13058E-02 2.94560E-02 1.26011E-05 
2.72380E-02 2.13947E-02 1.20872E-05 
2.31871E-02 1.49997E-02 1.14539E-05 
1.92558E-02 1.01040E-02 1.07155E-05 
1.55521E-02 6.51661E-03 9.88081E-06 
1.22134E-02 4.02092E-03 8.99612E-06 
9.33788E-03 2.37460E-03 8.11564E-06 
7.46543E-03 1.53556E-03 7.47529E-06 
6.97735E-03 1.34593E-03 7.29962E-06 
5.00467E-03 7.00268E-04 6.55731E-06 
3.56105E-03 3.50445E-04 6.01471E-06 
2.54543E-03 1.68099E-04 5.71940E-06 
1.84738E-03 7.52388E-05 5.71189E-06 
1.37241E-03 2.69222E-05 6.05768E-06 
1.04440E-03 3.42588E-06 6.81843E-06 
8.12149E-04 -7.93134E-06 8.13422E-06 
6.43618E-04 -1.28252E-05 1.02562E-05 
5.17979E-04 -1.42123E-05 1.36094E-05 
4.21776E-04 -1.36950E-05 1.88918E-05 
3.46502E-04 -1.21838E-05 2.71912E-05 
2.86729E-04 -1.02344E-05 3.98693E-05 
2.39765E-04 -8.22109E-06 5.75820E-05 
2.03549E-04 -6.37692E-06 7.69363E-05 
1.73344E-04 -4.61464E-06 8.73811E-05 
1.41348E-04 -2.56836E-06 7.95455E-05 
1.07109E-04 -2.97275E-07 5.87513E-05 
2.73118E-02 2.71129E-02 1.10231E-05 
2.35981E-02 1.95518E-02 1.04876E-05 
1.99168E-02 1.35868E-02 9.83996E-06 
1.63561E-02 9.04665E-03 9.09087E-06 
1.30250E-02 5.74953E-03 8.25351E-06 
1.00481E-02 3.48204E-03 7.37125E-06 
7.51760E-03 2.00989E-03 6.49792E-06 
5.89414E-03 1.27289E-03 5.86351E-06 
5.47536E-03 1.10836E-03 5.68930E-06 
3.80842E-03 5.57085E-04 4.94963E-06 
2.62410E-03 2.67605E-04 4.39108E-06 
1.81819E-03 1.21653E-04 4.04249E-06 
1.28226E-03 4.96383E-05 3.91714E-06 
9.27167E-04 1.27726E-05 4.03893E-06 
6.87230E-04 -4.43851E-06 4.41665E-06 
5.19591E-04 -1.23547E-05 5.09876E-06 
3.99235E-04 -1.53350E-05 6.17864E-06 
3.10559E-04 -1.56345E-05 7.80153E-06 
2.43667E-04 -1.44828E-05 1.01621E-05 
1.92151E-04 -1.25918E-05 1.34423E-05 
1.51607E-04 -1.04089E-05 1.75083E-05 
1.19123E-04 -8.24586E-06 2.11476E-05 
9.07047E-05 -6.29463E-06 2.05979E-05 
6.13015E-05 -4.43980E-06 1.07336E-05 
2.94890E-05 -2.31881E-06 -7.89128E-06 
1.77131E-06 -1.41512E-08 -2.67071E-05 
2.32121E-02 2.42456E-02 9.42489E-06 
1.99155E-02 1.73571E-02 8.89457E-06 
1.66626E-02 1.19528E-02 8.26265E-06 
1.35361E-02 7.86907E-03 7.54168E-06 
1.06342E-02 4.93096E-03 6.74581E-06 
8.06514E-03 2.93353E-03 5.91493E-06 
5.91027E-03 1.65680E-03 5.10015E-06 
4.54830E-03 1.02860E-03 4.51256E-06 
4.20046E-03 8.89975E-04 4.35165E-06 
2.83701E-03 4.32718E-04 3.67151E-06 
1.89645E-03 1.99713E-04 3.15599E-06 
1.27718E-03 8.58522E-05 2.81988E-06 
8.78055E-04 3.12117E-05 2.65855E-06 
6.19200E-04 3.48775E-06 2.66992E-06 
4.46589E-04 -8.97679E-06 2.83279E-06 
3.26257E-04 -1.44162E-05 3.14225E-06 
2.39918E-04 -1.60955E-05 3.59920E-06 
1.76642E-04 -1.57145E-05 4.18610E-06 
1.29539E-04 -1.42207E-05 4.80793E-06 
9.38890E-05 -1.21768E-05 5.13264E-06 
6.61442E-05 -9.94528E-06 4.20036E-06 
4.33053E-05 -7.78545E-06 -1.91724E-07 
2.04160E-05 -5.85172E-06 -1.18096E-05 
-7.58846E-06 -4.01481E-06 -3.24795E-05 
-3.81398E-05 -1.93808E-06 -5.60809E-05 
-6.08268E-05 2.76298E-07 -7.27053E-05 
1.90480E-02 2.08779E-02 7.81316E-06 
1.62039E-02 1.48132E-02 7.30484E-06 
1.34210E-02 1.00934E-02 6.71157E-06 
1.07760E-02 6.56366E-03 6.04882E-06 
8.34769E-03 4.05267E-03 5.32963E-06 
6.22732E-03 2.36947E-03 4.59167E-06 
4.47439E-03 1.31067E-03 3.87772E-06 
3.38511E-03 7.99002E-04 3.37014E-06 
3.10971E-03 6.87359E-04 3.23201E-06 
2.04613E-03 3.24452E-04 2.65358E-06 
1.33306E-03 1.44628E-04 2.22033E-06 
8.77519E-04 5.91443E-05 1.93594E-06 
5.91652E-04 1.90468E-05 1.78596E-06 
4.08891E-04 -1.20650E-06 1.75556E-06 
2.87448E-04 -1.00374E-05 1.81173E-06 
2.02199E-04 -1.37068E-05 1.92673E-06 
1.40652E-04 -1.45832E-05 2.06049E-06 
9.56199E-05 -1.39190E-05 2.12597E-06 
6.25089E-05 -1.24260E-05 1.91206E-06 
3.79136E-05 -1.05361E-05 8.99362E-07 
1.90502E-05 -8.53168E-06 -2.12001E-06 
3.09077E-06 -6.61704E-06 -9.53788E-06 
-1.48109E-05 -4.90864E-06 -2.46659E-05 
-3.91856E-05 -3.28393E-06 -4.76409E-05 
-6.57955E-05 -1.46152E-06 -7.05788E-05 
-8.35452E-05 4.53168E-07 -8.41891E-05 
1.50417E-02 1.72598E-02 6.26189E-06 
1.26512E-02 1.21011E-02 5.78620E-06 
1.03440E-02 8.13429E-03 5.24620E-06 
8.18814E-03 5.21098E-03 4.65961E-06 
6.24279E-03 3.16379E-03 4.03928E-06 
4.57599E-03 1.81566E-03 3.41807E-06 
3.22504E-03 9.83894E-04 2.83036E-06 
2.40212E-03 5.89808E-04 2.42098E-06 
2.19643E-03 5.04827E-04 2.31072E-06 
1.41397E-03 2.32517E-04 1.85517E-06 
9.03121E-04 1.01041E-04 1.52057E-06 
5.85042E-04 4.00629E-05 1.30290E-06 
3.89569E-04 1.20456E-05 1.18482E-06 
2.65911E-04 -1.94335E-06 1.14919E-06 
1.83931E-04 -7.89041E-06 1.16654E-06 
1.26169E-04 -1.02660E-05 1.20981E-06 
8.44148E-05 -1.07228E-05 1.23987E-06 
5.39812E-05 -1.01302E-05 1.17594E-06 
3.18339E-05 -8.98178E-06 8.34258E-07 
1.56086E-05 -7.57523E-06 -2.16587E-07 
3.30222E-06 -6.10419E-06 -2.93992E-06 
-7.23330E-06 -4.70830E-06 -9.17733E-06 
-1.96976E-05 -3.46459E-06 -2.13248E-05 
-3.73982E-05 -2.28044E-06 -3.91057E-05 
-5.66908E-05 -9.57763E-07 -5.62012E-05 
-6.89461E-05 4.20215E-07 -6.57456E-05 
---
