PdfType: replica
Format: lhagrid1
---
1.00000E-06 1.28121E-06 1.64152E-06 2.10317E-06 2.69463E-06 3.45242E-06 4.42329E-06 5.66715E-06 7.26076E-06 9.30241E-06 1.19180E-05 1.52689E-05 1.95617E-05 2.50609E-05 3.21053E-05 4.11287E-05 5.26863E-05 6.74889E-05 8.64459E-05 1.10720E-04 1.41800E-04 1.81585E-04 2.32503E-04 2.97652E-04 3.80981E-04 4.87518E-04 6.26039E-04 8.00452E-04 1.02297E-03 1.30657E-03 1.66759E-03 2.12729E-03 2.71054E-03 3.44865E-03 4.37927E-03 5.54908E-03 7.01192E-03 8.83064E-03 1.10763E-02 1.38266E-02 1.71641E-02 2.11717E-02 2.59364E-02 3.15062E-02 3.79623E-02 4.53425E-02 5.36750E-02 6.29705E-02 7.32221E-02 8.44039E-02 9.64793E-02 1.09332E-01 1.23067E-01 1.37507E-01 1.52639E-01 1.68416E-01 1.84794E-01 2.01731E-01 2.19016E-01 2.36948E-01 2.55242E-01 2.73927E-01 2.92954E-01 3.12340E-01 3.32036E-01 3.52019E-01 3.72282E-01 3.92772E-01 4.13533E-01 4.34326E-01 4.55495E-01 4.76836E-01 4.98342E-01 5.20006E-01 5.41818E-01 5.63773E-01 5.85861E-01 6.08077E-01 6.30459E-01 6.52800E-01 6.75387E-01 6.98063E-01 7.20830E-01 7.43683E-01 7.66623E-01 7.89636E-01 8.12791E-01 8.35940E-01 8.59175E-01 8.82485E-01 9.05866E-01 9.29311E-01 9.52817E-01 9.76387E-01 1.00000E+00 
1.14018E+00 1.22539E+00 1.32482E+00 1.44156E+00 1.57954E+00 1.74381E+00 1.94091E+00 2.12132E+00 2.17945E+00 2.49622E+00 2.89383E+00 3.39925E+00 4.05063E+00 4.90286E+00 6.03623E+00 7.57063E+00 9.68869E+00 1.26749E+01 1.69835E+01 2.33578E+01 3.30501E+01 4.82334E+01 7.28041E+01 1.13998E+02 1.85779E+02 3.16228E+02 
908 909 910 
8.14573E-01 4.70855E-02 3.04739E-01 
8.30110E-01 5.61131E-02 3.58516E-01 
8.64482E-01 7.25743E-02 4.26570E-01 
9.26655E-01 9.74599E-02 5.13430E-01 
1.01076E+00 1.27658E-01 6.26294E-01 
1.12067E+00 1.63944E-01 7.76912E-01 
1.26080E+00 2.07133E-01 9.79422E-01 
1.39240E+00 2.45714E-01 1.18461E+00 
1.43540E+00 2.57974E-01 1.25610E+00 
1.66881E+00 3.22336E-01 1.67747E+00 
1.95637E+00 3.97603E-01 2.29532E+00 
2.30688E+00 4.84516E-01 3.22403E+00 
2.72963E+00 5.84516E-01 4.65256E+00 
3.23459E+00 7.55145E-01 6.93244E+00 
3.83809E+00 8.95357E-01 1.06879E+01 
4.56850E+00 1.05186E+00 1.70589E+01 
5.44741E+00 1.22563E+00 2.82965E+01 
6.49896E+00 1.41707E+00 4.88654E+01 
7.75403E+00 1.62718E+00 8.78490E+01 
9.25830E+00 1.85863E+00 1.64164E+02 
1.11022E+01 2.12109E+00 3.15545E+02 
1.35328E+01 2.44948E+00 6.06287E+02 
1.72153E+01 2.94073E+00 1.10442E+03 
2.31819E+01 3.72341E+00 1.77420E+03 
3.13412E+01 4.71505E+00 2.39729E+03 
4.00101E+01 5.61754E+00 2.79102E+03 
1.51735E+00 8.71487E-02 5.14846E-01 
1.54729E+00 1.04342E-01 6.05412E-01 
1.61301E+00 1.35667E-01 7.20059E-01 
1.73135E+00 1.83018E-01 8.67222E-01 
1.89073E+00 2.40290E-01 1.05905E+00 
2.09796E+00 3.08865E-01 1.31287E+00 
2.36099E+00 3.90239E-01 1.65453E+00 
2.60790E+00 4.62853E-01 2.00193E+00 
2.68810E+00 4.85815E-01 2.12159E+00 
3.12410E+00 6.06472E-01 2.83400E+00 
3.65978E+00 7.47039E-01 3.87710E+00 
4.31105E+00 9.09070E-01 5.44561E+00 
5.09536E+00 1.09406E+00 7.86442E+00 
6.03179E+00 1.41092E+00 1.17115E+01 
7.14821E+00 1.66862E+00 1.80354E+01 
8.49722E+00 1.95584E+00 2.87905E+01 
1.01162E+01 2.27354E+00 4.77503E+01 
1.20494E+01 2.62256E+00 8.24785E+01 
1.43515E+01 3.00424E+00 1.48369E+02 
1.71036E+01 3.42314E+00 2.77289E+02 
2.04694E+01 3.89680E+00 5.32612E+02 
2.49021E+01 4.48911E+00 1.02358E+03 
3.16195E+01 5.37671E+00 1.86540E+03 
4.24940E+01 6.79111E+00 2.99605E+03 
5.73386E+01 8.57930E+00 4.04828E+03 
7.30554E+01 1.01967E+01 4.71258E+03 
1.44036E+00 8.20443E-02 4.34038E-01 
1.47012E+00 9.88878E-02 5.10264E-01 
1.53491E+00 1.29529E-01 6.07022E-01 
1.65007E+00 1.75572E-01 7.30948E-01 
1.80439E+00 2.31111E-01 8.92692E-01 
2.00406E+00 2.97401E-01 1.10650E+00 
2.25626E+00 3.75774E-01 1.39419E+00 
2.49237E+00 4.45516E-01 1.68707E+00 
2.56879E+00 4.67497E-01 1.78734E+00 
2.98390E+00 5.82855E-01 2.38752E+00 
3.49214E+00 7.16674E-01 3.26558E+00 
4.10814E+00 8.70315E-01 4.58618E+00 
4.84811E+00 1.04487E+00 6.62565E+00 
5.73221E+00 1.34379E+00 9.86524E+00 
6.78326E+00 1.58458E+00 1.51846E+01 
8.04942E+00 1.85187E+00 2.42355E+01 
9.56435E+00 2.14626E+00 4.01960E+01 
1.13679E+01 2.46829E+00 6.94148E+01 
1.35096E+01 2.81898E+00 1.24879E+02 
1.60628E+01 3.20228E+00 2.33370E+02 
1.91781E+01 3.63428E+00 4.48168E+02 
2.32744E+01 4.17387E+00 8.61108E+02 
2.94817E+01 4.98410E+00 1.56944E+03 
3.95246E+01 6.27625E+00 2.52044E+03 
5.32015E+01 7.90509E+00 3.40537E+03 
6.76188E+01 9.36721E+00 3.96373E+03 
1.36105E+00 7.68391E-02 3.64130E-01 
1.39064E+00 9.33197E-02 4.27996E-01 
1.45414E+00 1.23146E-01 5.09087E-01 
1.56588E+00 1.67755E-01 6.12941E-01 
1.71451E+00 2.21372E-01 7.48267E-01 
1.90604E+00 2.85188E-01 9.27648E-01 
2.14676E+00 3.60330E-01 1.16855E+00 
2.37143E+00 4.26988E-01 1.41407E+00 
2.44405E+00 4.47966E-01 1.49822E+00 
2.83723E+00 5.57688E-01 2.00053E+00 
3.31712E+00 6.84453E-01 2.73628E+00 
3.89669E+00 8.29327E-01 3.84136E+00 
4.59073E+00 9.93138E-01 5.54777E+00 
5.42137E+00 1.27369E+00 8.26179E+00 
6.40619E+00 1.49747E+00 1.27189E+01 
7.58814E+00 1.74468E+00 2.02919E+01 
8.99817E+00 2.01584E+00 3.36551E+01 
1.06715E+01 2.31112E+00 5.81019E+01 
1.26529E+01 2.63128E+00 1.04514E+02 
1.50086E+01 2.97979E+00 1.95280E+02 
1.78765E+01 3.37132E+00 3.75056E+02 
2.16412E+01 3.85982E+00 7.20435E+02 
2.73447E+01 4.59476E+00 1.31283E+03 
3.65685E+01 5.76817E+00 2.10821E+03 
4.91004E+01 7.24292E+00 2.84821E+03 
6.22519E+01 8.55644E+00 3.31501E+03 
1.28610E+00 7.19193E-02 3.05246E-01 
1.31564E+00 8.81022E-02 3.58768E-01 
1.37782E+00 1.17116E-01 4.26524E-01 
1.48626E+00 1.60371E-01 5.13608E-01 
1.62955E+00 2.12172E-01 6.26977E-01 
1.81308E+00 2.73566E-01 7.76883E-01 
2.04283E+00 3.45611E-01 9.78510E-01 
2.25657E+00 4.09307E-01 1.18418E+00 
2.32545E+00 4.29301E-01 1.25445E+00 
2.69789E+00 5.33647E-01 1.67511E+00 
3.15064E+00 6.53616E-01 2.29042E+00 
3.69581E+00 7.90142E-01 3.21546E+00 
4.34658E+00 9.43820E-01 4.64282E+00 
5.12603E+00 1.20697E+00 6.91046E+00 
6.04799E+00 1.41450E+00 1.06398E+01 
7.15076E+00 1.64289E+00 1.69742E+01 
8.46185E+00 1.89227E+00 2.81423E+01 
1.00133E+01 2.16265E+00 4.85937E+01 
1.18448E+01 2.45449E+00 8.73884E+01 
1.40164E+01 2.77080E+00 1.63278E+02 
1.66536E+01 3.12495E+00 3.13505E+02 
2.01115E+01 3.56657E+00 6.02335E+02 
2.53481E+01 4.23234E+00 1.09748E+03 
3.38124E+01 5.29649E+00 1.76220E+03 
4.52852E+01 6.62992E+00 2.38062E+03 
5.72713E+01 7.80816E+00 2.77073E+03 
1.21530E+00 6.72674E-02 2.55526E-01 
1.24485E+00 8.31906E-02 3.00358E-01 
1.30578E+00 1.11440E-01 3.57012E-01 
1.41092E+00 1.53375E-01 4.29739E-01 
1.54911E+00 2.03444E-01 5.24662E-01 
1.72508E+00 2.62547E-01 6.50118E-01 
1.94425E+00 3.31592E-01 8.18574E-01 
2.14740E+00 3.92418E-01 9.90422E-01 
2.21279E+00 4.11480E-01 1.04921E+00 
2.56530E+00 5.10641E-01 1.40083E+00 
2.99237E+00 6.24137E-01 1.91538E+00 
3.50476E+00 7.52659E-01 2.68821E+00 
4.11467E+00 8.96717E-01 3.88216E+00 
4.84578E+00 1.14309E+00 5.77755E+00 
5.70800E+00 1.33550E+00 8.89107E+00 
6.73624E+00 1.54630E+00 1.41882E+01 
7.95446E+00 1.77533E+00 2.35192E+01 
9.39160E+00 2.02249E+00 4.06057E+01 
1.10831E+01 2.28805E+00 7.30198E+01 
1.30832E+01 2.57463E+00 1.36434E+02 
1.55061E+01 2.89437E+00 2.61929E+02 
1.86784E+01 3.29278E+00 5.03164E+02 
2.34825E+01 3.89503E+00 9.16851E+02 
3.12441E+01 4.85892E+00 1.47219E+03 
4.17387E+01 6.06301E+00 1.98884E+03 
5.26520E+01 7.11809E+00 2.31472E+03 
1.14845E+00 6.28745E-02 2.13661E-01 
1.17783E+00 7.84950E-02 2.51101E-01 
1.23780E+00 1.06106E-01 2.98521E-01 
1.33979E+00 1.46787E-01 3.59231E-01 
1.47294E+00 1.95163E-01 4.38454E-01 
1.64158E+00 2.52045E-01 5.43229E-01 
1.85072E+00 3.18238E-01 6.84094E-01 
2.04373E+00 3.76303E-01 8.27506E-01 
2.10575E+00 3.94463E-01 8.76684E-01 
2.43931E+00 4.88658E-01 1.17039E+00 
2.84189E+00 5.95945E-01 1.60025E+00 
3.32318E+00 7.16801E-01 2.24555E+00 
3.89422E+00 8.51590E-01 3.24194E+00 
4.57970E+00 1.08231E+00 4.82607E+00 
5.38556E+00 1.26043E+00 7.42542E+00 
6.34324E+00 1.45462E+00 1.18471E+01 
7.47443E+00 1.66466E+00 1.96435E+01 
8.80437E+00 1.89022E+00 3.39024E+01 
1.03653E+01 2.13142E+00 6.09824E+01 
1.22054E+01 2.39052E+00 1.13908E+02 
1.44296E+01 2.67866E+00 2.18735E+02 
1.73374E+01 3.03747E+00 4.20176E+02 
2.17402E+01 3.58131E+00 7.65601E+02 
2.88515E+01 4.45321E+00 1.22937E+03 
3.84427E+01 5.53892E+00 1.66084E+03 
4.83696E+01 6.48215E+00 1.93309E+03 
1.08533E+00 5.87286E-02 1.78498E-01 
1.11456E+00 7.40736E-02 2.09710E-01 
1.17355E+00 1.01061E-01 2.49277E-01 
1.27261E+00 1.40572E-01 3.00025E-01 
1.40091E+00 1.87333E-01 3.66112E-01 
1.56252E+00 2.42085E-01 4.53566E-01 
1.76188E+00 3.05500E-01 5.71070E-01 
1.94528E+00 3.60924E-01 6.90895E-01 
2.00402E+00 3.78201E-01 7.31762E-01 
2.31938E+00 4.67601E-01 9.76765E-01 
2.69865E+00 5.68931E-01 1.33550E+00 
3.15054E+00 6.82520E-01 1.87423E+00 
3.68492E+00 8.08451E-01 2.70563E+00 
4.32698E+00 1.02436E+00 4.02779E+00 
5.07969E+00 1.18903E+00 6.19825E+00 
5.97095E+00 1.36767E+00 9.88729E+00 
7.02025E+00 1.55995E+00 1.63941E+01 
8.25004E+00 1.76543E+00 2.82972E+01 
9.68892E+00 1.98408E+00 5.08985E+01 
1.13804E+01 2.21787E+00 9.50826E+01 
1.34198E+01 2.47693E+00 1.82565E+02 
1.60826E+01 2.79943E+00 3.50737E+02 
2.01143E+01 3.28980E+00 6.39119E+02 
2.66236E+01 4.07728E+00 1.02632E+03 
3.53817E+01 5.05488E+00 1.38666E+03 
4.44026E+01 5.89664E+00 1.61413E+03 
1.02575E+00 5.48179E-02 1.48937E-01 
1.05501E+00 6.99629E-02 1.75000E-01 
1.11288E+00 9.63052E-02 2.07931E-01 
1.20914E+00 1.34703E-01 2.50315E-01 
1.33272E+00 1.79915E-01 3.05421E-01 
1.48758E+00 2.32622E-01 3.78447E-01 
1.67764E+00 2.93374E-01 4.76493E-01 
1.85171E+00 3.46234E-01 5.76328E-01 
1.90748E+00 3.62700E-01 6.10666E-01 
2.20553E+00 4.47513E-01 8.15022E-01 
2.56262E+00 5.43138E-01 1.11438E+00 
2.98655E+00 6.49767E-01 1.56369E+00 
3.48615E+00 7.67316E-01 2.25705E+00 
4.08707E+00 9.69086E-01 3.36007E+00 
4.78952E+00 1.12113E+00 5.17089E+00 
5.61833E+00 1.28521E+00 8.24963E+00 
6.59074E+00 1.46093E+00 1.36773E+01 
7.72684E+00 1.64775E+00 2.36128E+01 
9.05186E+00 1.84554E+00 4.24664E+01 
1.06052E+01 2.05603E+00 7.93503E+01 
1.24734E+01 2.28843E+00 1.52373E+02 
1.49090E+01 2.57766E+00 2.92718E+02 
1.85977E+01 3.01907E+00 5.33468E+02 
2.45506E+01 3.72928E+00 8.56770E+02 
3.25404E+01 4.60819E+00 1.15772E+03 
4.07292E+01 5.35794E+00 1.34779E+03 
9.69569E-01 5.11368E-02 1.24190E-01 
9.98746E-01 6.60663E-02 1.45937E-01 
1.05585E+00 9.18905E-02 1.73426E-01 
1.14916E+00 1.29181E-01 2.08724E-01 
1.26830E+00 1.72919E-01 2.54747E-01 
1.41652E+00 2.23622E-01 3.15509E-01 
1.59767E+00 2.81816E-01 3.97375E-01 
1.76285E+00 3.32218E-01 4.80597E-01 
1.81562E+00 3.47868E-01 5.09186E-01 
2.09719E+00 4.28277E-01 6.79702E-01 
2.43319E+00 5.18448E-01 9.29372E-01 
2.83067E+00 6.18470E-01 1.30422E+00 
3.29759E+00 7.28241E-01 1.88297E+00 
3.85939E+00 9.16551E-01 2.80228E+00 
4.51436E+00 1.05660E+00 4.31322E+00 
5.28435E+00 1.20704E+00 6.88144E+00 
6.18470E+00 1.36731E+00 1.14104E+01 
7.23315E+00 1.53683E+00 1.96989E+01 
8.45220E+00 1.71535E+00 3.54363E+01 
9.87686E+00 1.90438E+00 6.62072E+01 
1.15863E+01 2.11236E+00 1.27158E+02 
1.38124E+01 2.37123E+00 2.44338E+02 
1.71833E+01 2.76779E+00 4.45317E+02 
2.26227E+01 3.40734E+00 7.15286E+02 
2.99042E+01 4.19620E+00 9.66661E+02 
3.73298E+01 4.86272E+00 1.12555E+03 
9.16598E-01 4.76715E-02 1.03529E-01 
9.45624E-01 6.23794E-02 1.21630E-01 
1.00209E+00 8.77619E-02 1.44605E-01 
1.09256E+00 1.23989E-01 1.73980E-01 
1.20732E+00 1.66291E-01 2.12348E-01 
1.34929E+00 2.15102E-01 2.63097E-01 
1.52170E+00 2.70794E-01 3.31222E-01 
1.67843E+00 3.18836E-01 4.00716E-01 
1.72836E+00 3.33710E-01 4.24478E-01 
1.99410E+00 4.09859E-01 5.66572E-01 
2.31001E+00 4.94799E-01 7.74709E-01 
2.68241E+00 5.88480E-01 1.08744E+00 
3.11839E+00 6.90721E-01 1.57024E+00 
3.64339E+00 8.66328E-01 2.33753E+00 
4.25342E+00 9.95225E-01 3.59718E+00 
4.96817E+00 1.13294E+00 5.74084E+00 
5.80090E+00 1.27884E+00 9.51807E+00 
6.76748E+00 1.43230E+00 1.64365E+01 
7.88765E+00 1.59303E+00 2.95652E+01 
9.19315E+00 1.76239E+00 5.52545E+01 
1.07555E+01 1.94801E+00 1.06125E+02 
1.27874E+01 2.17911E+00 2.03953E+02 
1.58650E+01 2.53473E+00 3.71782E+02 
2.08306E+01 3.10973E+00 5.97285E+02 
2.74604E+01 3.81664E+00 8.07346E+02 
3.41864E+01 4.40793E+00 9.40215E+02 
8.66741E-01 4.44263E-02 8.63076E-02 
8.95599E-01 5.89357E-02 1.01362E-01 
9.51290E-01 8.38479E-02 1.20522E-01 
1.03920E+00 1.19124E-01 1.45051E-01 
1.14968E+00 1.60043E-01 1.76999E-01 
1.28550E+00 2.07000E-01 2.19283E-01 
1.44972E+00 2.60321E-01 2.76208E-01 
1.59822E+00 3.06063E-01 3.34063E-01 
1.64549E+00 3.20197E-01 3.53975E-01 
1.89623E+00 3.92297E-01 4.72541E-01 
2.19300E+00 4.72201E-01 6.46057E-01 
2.54158E+00 5.59801E-01 9.06938E-01 
2.94820E+00 6.54841E-01 1.30928E+00 
3.43835E+00 8.18552E-01 1.94965E+00 
4.00614E+00 9.36959E-01 3.00109E+00 
4.66880E+00 1.06274E+00 4.78893E+00 
5.43831E+00 1.19526E+00 7.94260E+00 
6.32839E+00 1.33386E+00 1.37158E+01 
7.35674E+00 1.47823E+00 2.46763E+01 
8.55141E+00 1.62950E+00 4.61219E+01 
9.97777E+00 1.79470E+00 8.86038E+01 
1.18304E+01 2.00050E+00 1.70304E+02 
1.46374E+01 2.31877E+00 3.10490E+02 
1.91653E+01 2.83480E+00 4.98906E+02 
2.51956E+01 3.46717E+00 6.74510E+02 
3.12809E+01 3.99057E+00 7.85680E+02 
8.19783E-01 4.13835E-02 7.19400E-02 
8.48668E-01 5.57814E-02 8.45248E-02 
9.03767E-01 8.03076E-02 1.00494E-01 
9.88870E-01 1.14573E-01 1.20908E-01 
1.09525E+00 1.54168E-01 1.47592E-01 
1.22516E+00 1.99342E-01 1.82852E-01 
1.38135E+00 2.50338E-01 2.30296E-01 
1.52206E+00 2.93885E-01 2.78595E-01 
1.56671E+00 3.07295E-01 2.95151E-01 
1.80308E+00 3.75469E-01 3.94058E-01 
2.08171E+00 4.50583E-01 5.38865E-01 
2.40775E+00 5.32454E-01 7.56471E-01 
2.78681E+00 6.20737E-01 1.09234E+00 
3.24381E+00 7.73090E-01 1.62627E+00 
3.77170E+00 8.81612E-01 2.50408E+00 
4.38548E+00 9.96240E-01 3.99560E+00 
5.09577E+00 1.11633E+00 6.62901E+00 
5.91453E+00 1.24120E+00 1.14479E+01 
6.85733E+00 1.37048E+00 2.06010E+01 
7.94940E+00 1.50521E+00 3.85114E+01 
9.24989E+00 1.65178E+00 7.39918E+01 
1.09371E+01 1.83454E+00 1.42249E+02 
1.34947E+01 2.11881E+00 2.59405E+02 
1.76193E+01 2.58109E+00 4.16902E+02 
2.30983E+01 3.14572E+00 5.63763E+02 
2.85973E+01 3.60797E+00 6.56834E+02 
7.75590E-01 3.85397E-02 5.99394E-02 
8.04426E-01 5.28097E-02 7.04558E-02 
8.58840E-01 7.69598E-02 8.37527E-02 
9.41420E-01 1.10325E-01 1.00803E-01 
1.04377E+00 1.48635E-01 1.23050E-01 
1.16803E+00 1.92093E-01 1.52509E-01 
1.31644E+00 2.40838E-01 1.92003E-01 
1.44970E+00 2.82264E-01 2.32375E-01 
1.49185E+00 2.94981E-01 2.46140E-01 
1.71445E+00 3.59369E-01 3.28630E-01 
1.97584E+00 4.29895E-01 4.49468E-01 
2.28052E+00 5.06307E-01 6.30963E-01 
2.63356E+00 5.88179E-01 9.11500E-01 
3.05933E+00 7.29728E-01 1.35722E+00 
3.54963E+00 8.29028E-01 2.08989E+00 
4.11758E+00 9.33293E-01 3.33605E+00 
4.77233E+00 1.04184E+00 5.53362E+00 
5.52460E+00 1.15401E+00 9.56030E+00 
6.38789E+00 1.26942E+00 1.72034E+01 
7.38485E+00 1.38902E+00 3.21651E+01 
8.56915E+00 1.51864E+00 6.18182E+01 
1.01037E+01 1.68044E+00 1.18858E+02 
1.24311E+01 1.93374E+00 2.16808E+02 
1.61848E+01 2.34715E+00 3.48540E+02 
2.11575E+01 2.85033E+00 4.71435E+02 
2.61205E+01 3.25756E+00 5.49398E+02 
7.34118E-01 3.59092E-02 4.99928E-02 
7.62773E-01 5.00308E-02 5.87516E-02 
8.16652E-01 7.38781E-02 6.98505E-02 
8.96741E-01 1.06383E-01 8.40716E-02 
9.95180E-01 1.43452E-01 1.02626E-01 
1.11387E+00 1.85234E-01 1.27185E-01 
1.25491E+00 2.31820E-01 1.60194E-01 
1.38093E+00 2.71185E-01 1.93826E-01 
1.42077E+00 2.83247E-01 2.05391E-01 
1.63030E+00 3.44022E-01 2.74246E-01 
1.87530E+00 4.10146E-01 3.75149E-01 
2.15969E+00 4.81295E-01 5.26605E-01 
2.48809E+00 5.57065E-01 7.60734E-01 
2.88435E+00 6.88493E-01 1.13295E+00 
3.33914E+00 7.79105E-01 1.74452E+00 
3.86406E+00 8.73698E-01 2.78565E+00 
4.46697E+00 9.71544E-01 4.62152E+00 
5.15728E+00 1.07201E+00 7.98477E+00 
5.94695E+00 1.17473E+00 1.43755E+01 
6.85579E+00 1.28050E+00 2.68811E+01 
7.93276E+00 1.39469E+00 5.16692E+01 
9.32683E+00 1.53752E+00 9.93756E+01 
1.14421E+01 1.76265E+00 1.81295E+02 
1.48543E+01 2.13159E+00 2.91528E+02 
1.93624E+01 2.57913E+00 3.94438E+02 
2.38359E+01 2.93696E+00 4.59792E+02 
6.95244E-01 3.34841E-02 4.17090E-02 
7.23775E-01 4.75129E-02 4.90104E-02 
7.77178E-01 7.11139E-02 5.82767E-02 
8.54773E-01 1.02765E-01 7.01574E-02 
9.49348E-01 1.38619E-01 8.56359E-02 
1.06261E+00 1.78767E-01 1.06113E-01 
1.19658E+00 2.23270E-01 1.33717E-01 
1.31563E+00 2.60640E-01 1.61756E-01 
1.35318E+00 2.72046E-01 1.71395E-01 
1.55024E+00 3.29339E-01 2.28917E-01 
1.77958E+00 3.91237E-01 3.13100E-01 
2.04489E+00 4.57405E-01 4.39683E-01 
2.35008E+00 5.27335E-01 6.35166E-01 
2.71848E+00 6.49205E-01 9.46245E-01 
3.13987E+00 7.31756E-01 1.45715E+00 
3.62437E+00 8.17323E-01 2.32675E+00 
4.17894E+00 9.05274E-01 3.86172E+00 
4.81149E+00 9.94948E-01 6.67192E+00 
5.53262E+00 1.08599E+00 1.20141E+01 
6.36015E+00 1.17919E+00 2.24746E+01 
7.33815E+00 1.27939E+00 4.32061E+01 
8.60279E+00 1.40501E+00 8.31204E+01 
1.05234E+01 1.60466E+00 1.51694E+02 
1.36214E+01 1.93320E+00 2.43989E+02 
1.77033E+01 2.33037E+00 3.30210E+02 
2.17302E+01 2.64395E+00 3.85038E+02 
6.58838E-01 3.12684E-02 3.48013E-02 
6.87141E-01 4.51881E-02 4.08940E-02 
7.40199E-01 6.86179E-02 4.86327E-02 
8.15268E-01 9.94396E-02 5.85475E-02 
9.06117E-01 1.34128E-01 7.14866E-02 
1.01414E+00 1.72699E-01 8.85794E-02 
1.14117E+00 2.15151E-01 1.11606E-01 
1.25363E+00 2.50606E-01 1.35055E-01 
1.28899E+00 2.61390E-01 1.43089E-01 
1.47407E+00 3.15312E-01 1.91106E-01 
1.68862E+00 3.73164E-01 2.61437E-01 
1.93582E+00 4.34578E-01 3.67199E-01 
2.21915E+00 4.99107E-01 5.30559E-01 
2.56116E+00 6.11901E-01 7.90399E-01 
2.95125E+00 6.86863E-01 1.21776E+00 
3.39790E+00 7.64039E-01 1.94461E+00 
3.90722E+00 8.42806E-01 3.22819E+00 
4.48611E+00 9.22553E-01 5.57904E+00 
5.14378E+00 1.00294E+00 1.00474E+01 
5.89605E+00 1.08468E+00 1.87969E+01 
6.78291E+00 1.17222E+00 3.61503E+01 
7.92850E+00 1.28228E+00 6.95624E+01 
9.66983E+00 1.45881E+00 1.26989E+02 
1.24796E+01 1.75078E+00 2.04326E+02 
1.61711E+01 2.10246E+00 2.76625E+02 
1.97910E+01 2.37645E+00 3.22661E+02 
6.24788E-01 2.92747E-02 2.90477E-02 
6.52853E-01 4.30959E-02 3.41432E-02 
7.05493E-01 6.63794E-02 4.05950E-02 
7.78150E-01 9.64242E-02 4.88650E-02 
8.65315E-01 1.29973E-01 5.96749E-02 
9.68312E-01 1.67012E-01 7.39760E-02 
1.08862E+00 2.07470E-01 9.31773E-02 
1.19472E+00 2.41066E-01 1.12785E-01 
1.22802E+00 2.51257E-01 1.19510E-01 
1.40172E+00 3.01946E-01 1.59636E-01 
1.60218E+00 3.55924E-01 2.18437E-01 
1.83223E+00 4.12807E-01 3.06786E-01 
2.09494E+00 4.71951E-01 4.43375E-01 
2.41210E+00 5.76307E-01 6.60549E-01 
2.77262E+00 6.44250E-01 1.01782E+00 
3.18381E+00 7.13640E-01 1.62584E+00 
3.65097E+00 7.83947E-01 2.69929E+00 
4.18005E+00 8.54585E-01 4.66736E+00 
4.77897E+00 9.25249E-01 8.40677E+00 
5.46184E+00 9.96590E-01 1.57337E+01 
6.26474E+00 1.07268E+00 3.02650E+01 
7.30102E+00 1.16871E+00 5.82569E+01 
8.87781E+00 1.32436E+00 1.06382E+02 
1.14227E+01 1.58319E+00 1.71232E+02 
1.47572E+01 1.89389E+00 2.31908E+02 
1.80064E+01 2.13251E+00 2.70595E+02 
5.93034E-01 2.75101E-02 2.42561E-02 
6.20848E-01 4.12537E-02 2.85097E-02 
6.73200E-01 6.44883E-02 3.39057E-02 
7.43396E-01 9.37528E-02 4.08253E-02 
8.26899E-01 1.26170E-01 4.98429E-02 
9.24950E-01 1.61699E-01 6.17926E-02 
1.03884E+00 2.00239E-01 7.78559E-02 
1.13879E+00 2.32023E-01 9.42270E-02 
1.17007E+00 2.41625E-01 9.98316E-02 
1.33290E+00 2.89190E-01 1.33388E-01 
1.52004E+00 3.39485E-01 1.82576E-01 
1.73386E+00 3.92048E-01 2.56444E-01 
1.97719E+00 4.46588E-01 3.70654E-01 
2.27093E+00 5.42727E-01 5.52435E-01 
2.60369E+00 6.03901E-01 8.51456E-01 
2.98173E+00 6.66060E-01 1.36037E+00 
3.40953E+00 7.28543E-01 2.25851E+00 
3.89230E+00 7.90819E-01 3.90679E+00 
4.43683E+00 8.52614E-01 7.03757E+00 
5.05567E+00 9.14530E-01 1.31767E+01 
5.78145E+00 9.80301E-01 2.53549E+01 
6.71736E+00 1.06371E+00 4.88208E+01 
8.14329E+00 1.20052E+00 8.91890E+01 
1.04454E+01 1.42941E+00 1.43610E+02 
1.34531E+01 1.70318E+00 1.94572E+02 
1.63653E+01 1.91033E+00 2.27121E+02 
5.63496E-01 2.59830E-02 2.02713E-02 
5.91106E-01 3.97032E-02 2.38263E-02 
6.43063E-01 6.29079E-02 2.83291E-02 
7.10826E-01 9.14102E-02 3.41140E-02 
7.90756E-01 1.22727E-01 4.16544E-02 
8.83975E-01 1.56782E-01 5.16432E-02 
9.91657E-01 1.93435E-01 6.50838E-02 
1.08570E+00 2.23465E-01 7.87623E-02 
1.11510E+00 2.32502E-01 8.34702E-02 
1.26749E+00 2.77048E-01 1.11510E-01 
1.44190E+00 3.23756E-01 1.52644E-01 
1.64049E+00 3.72174E-01 2.14528E-01 
1.86551E+00 4.22010E-01 3.10051E-01 
2.13712E+00 5.10647E-01 4.62166E-01 
2.44381E+00 5.65664E-01 7.12392E-01 
2.79092E+00 6.21134E-01 1.13872E+00 
3.18213E+00 6.76411E-01 1.89144E+00 
3.62191E+00 7.31035E-01 3.27191E+00 
4.11622E+00 7.84762E-01 5.89702E+00 
4.67605E+00 8.38162E-01 1.10424E+01 
5.33100E+00 8.94657E-01 2.12571E+01 
6.17498E+00 9.66739E-01 4.09488E+01 
7.46244E+00 1.08656E+00 7.48330E+01 
9.54233E+00 1.28846E+00 1.20549E+02 
1.22518E+01 1.52906E+00 1.63403E+02 
1.48578E+01 1.70823E+00 1.90816E+02 
5.36087E-01 2.47236E-02 1.69414E-02 
5.63322E-01 3.83748E-02 1.99156E-02 
6.15088E-01 6.16908E-02 2.36790E-02 
6.80353E-01 8.94253E-02 2.85176E-02 
7.56749E-01 1.19652E-01 3.48249E-02 
8.45241E-01 1.52248E-01 4.31764E-02 
9.46912E-01 1.87065E-01 5.44220E-02 
1.03531E+00 2.15382E-01 6.58781E-02 
1.06284E+00 2.23865E-01 6.98025E-02 
1.20535E+00 2.65504E-01 9.32821E-02 
1.36769E+00 3.08784E-01 1.27691E-01 
1.55178E+00 3.53324E-01 1.79476E-01 
1.75963E+00 3.98357E-01 2.59518E-01 
2.01048E+00 4.80041E-01 3.86940E-01 
2.29270E+00 5.29474E-01 5.96543E-01 
2.61080E+00 5.78725E-01 9.53674E-01 
2.96798E+00 6.27381E-01 1.58490E+00 
3.36798E+00 6.75021E-01 2.74221E+00 
3.81594E+00 7.21431E-01 4.94537E+00 
4.32151E+00 7.67153E-01 9.26290E+00 
4.91141E+00 8.15319E-01 1.78373E+01 
5.67110E+00 8.77244E-01 3.43735E+01 
6.83200E+00 9.81829E-01 6.28504E+01 
8.70850E+00 1.15942E+00 1.01296E+02 
1.11458E+01 1.37026E+00 1.37369E+02 
1.34739E+01 1.52462E+00 1.60486E+02 
5.10738E-01 2.37592E-02 1.41652E-02 
5.37387E-01 3.72751E-02 1.66523E-02 
5.89118E-01 6.08383E-02 1.98048E-02 
6.51865E-01 8.78150E-02 2.38486E-02 
7.24790E-01 1.16961E-01 2.91316E-02 
8.08688E-01 1.48124E-01 3.61233E-02 
9.04484E-01 1.81119E-01 4.55247E-02 
9.87466E-01 2.07772E-01 5.51271E-02 
1.01327E+00 2.15736E-01 5.84169E-02 
1.14633E+00 2.54557E-01 7.80847E-02 
1.29724E+00 2.94575E-01 1.06919E-01 
1.46762E+00 3.35370E-01 1.50262E-01 
1.65940E+00 3.76643E-01 2.17374E-01 
1.89063E+00 4.51309E-01 3.24244E-01 
2.14996E+00 4.95253E-01 5.00068E-01 
2.44102E+00 5.38753E-01 7.99716E-01 
2.76653E+00 5.81321E-01 1.32912E+00 
3.12966E+00 6.22579E-01 2.30048E+00 
3.53481E+00 6.62356E-01 4.14977E+00 
3.99058E+00 7.01180E-01 7.77828E+00 
4.52094E+00 7.41907E-01 1.49839E+01 
5.20361E+00 7.94766E-01 2.88878E+01 
6.24866E+00 8.85675E-01 5.28445E+01 
7.93916E+00 1.04141E+00 8.52131E+01 
1.01284E+01 1.22562E+00 1.15619E+02 
1.22049E+01 1.35805E+00 1.35143E+02 
4.87386E-01 2.31149E-02 1.18575E-02 
5.13462E-01 3.65214E-02 1.39356E-02 
5.65106E-01 6.04086E-02 1.65770E-02 
6.25334E-01 8.66208E-02 1.99616E-02 
6.94772E-01 1.14676E-01 2.43824E-02 
7.74179E-01 1.44410E-01 3.02427E-02 
8.64343E-01 1.75625E-01 3.81237E-02 
9.42068E-01 2.00642E-01 4.61590E-02 
9.66176E-01 2.08081E-01 4.89162E-02 
1.09018E+00 2.44161E-01 6.53918E-02 
1.23023E+00 2.81013E-01 8.95577E-02 
1.38781E+00 3.18262E-01 1.25939E-01 
1.56439E+00 3.55566E-01 1.82210E-01 
1.77722E+00 4.23955E-01 2.71878E-01 
2.01506E+00 4.62878E-01 4.19446E-01 
2.28092E+00 5.01074E-01 6.71008E-01 
2.57714E+00 5.38076E-01 1.11594E+00 
2.90620E+00 5.73528E-01 1.93250E+00 
3.27191E+00 6.07312E-01 3.48681E+00 
3.68190E+00 6.39944E-01 6.53743E+00 
4.15781E+00 6.74039E-01 1.26015E+01 
4.77012E+00 7.18829E-01 2.43076E+01 
5.70940E+00 7.97507E-01 4.44888E+01 
7.23020E+00 9.33651E-01 7.17800E+01 
9.19364E+00 1.09408E+00 9.74480E+01 
1.10424E+01 1.20717E+00 1.13962E+02 
4.65917E-01 2.27997E-02 9.93133E-03 
4.91524E-01 3.61664E-02 1.16713E-02 
5.42875E-01 6.04029E-02 1.38823E-02 
6.00622E-01 8.58582E-02 1.67225E-02 
6.66601E-01 1.12809E-01 2.04250E-02 
7.41584E-01 1.41118E-01 2.53326E-02 
8.26304E-01 1.70568E-01 3.19495E-02 
8.98998E-01 1.93987E-01 3.86871E-02 
9.21499E-01 2.00918E-01 4.09995E-02 
1.03690E+00 2.34346E-01 5.48268E-02 
1.16669E+00 2.68154E-01 7.51177E-02 
1.31210E+00 3.01993E-01 1.05652E-01 
1.47442E+00 3.35210E-01 1.52889E-01 
1.66993E+00 3.97808E-01 2.28157E-01 
1.88775E+00 4.32303E-01 3.52236E-01 
2.13018E+00 4.65607E-01 5.63728E-01 
2.39908E+00 4.97483E-01 9.37863E-01 
2.69669E+00 5.27666E-01 1.62484E+00 
3.02623E+00 5.56067E-01 2.93376E+00 
3.39425E+00 5.83164E-01 5.50240E+00 
3.82033E+00 6.11361E-01 1.06118E+01 
4.36847E+00 6.48986E-01 2.04808E+01 
5.21129E+00 7.16756E-01 3.75087E+01 
6.57736E+00 8.35371E-01 6.05563E+01 
8.33554E+00 9.74605E-01 8.22594E+01 
9.97844E+00 1.07069E+00 9.62513E+01 
4.46318E-01 2.29005E-02 8.32267E-03 
4.71255E-01 3.61454E-02 9.78314E-03 
5.22500E-01 6.09429E-02 1.16352E-02 
5.77631E-01 8.55701E-02 1.40184E-02 
6.40207E-01 1.11402E-01 1.71289E-02 
7.10860E-01 1.38272E-01 2.12451E-02 
7.90260E-01 1.65963E-01 2.67946E-02 
8.58127E-01 1.87808E-01 3.24525E-02 
8.79100E-01 1.94247E-01 3.43991E-02 
9.86324E-01 2.25096E-01 4.60198E-02 
1.10637E+00 2.55982E-01 6.30647E-02 
1.24032E+00 2.86550E-01 8.87256E-02 
1.38935E+00 3.16597E-01 1.28465E-01 
1.56862E+00 3.73372E-01 1.91827E-01 
1.76766E+00 4.03422E-01 2.96219E-01 
1.98826E+00 4.32220E-01 4.74330E-01 
2.23193E+00 4.59434E-01 7.89335E-01 
2.50057E+00 4.84847E-01 1.36831E+00 
2.79677E+00 5.08398E-01 2.47155E+00 
3.12644E+00 5.30569E-01 4.63958E+00 
3.50710E+00 5.53551E-01 8.95128E+00 
3.99675E+00 5.84837E-01 1.72857E+01 
4.75171E+00 6.42905E-01 3.16774E+01 
5.97679E+00 7.45858E-01 5.11742E+01 
7.54863E+00 8.66255E-01 6.95599E+01 
9.00582E+00 9.47444E-01 8.14374E+01 
4.28511E-01 2.34528E-02 6.98191E-03 
4.52614E-01 3.65012E-02 8.20860E-03 
5.03829E-01 6.20412E-02 9.76303E-03 
5.56245E-01 8.57765E-02 1.17635E-02 
6.15438E-01 1.10460E-01 1.43776E-02 
6.81880E-01 1.35882E-01 1.78388E-02 
7.56176E-01 1.61838E-01 2.25048E-02 
8.19403E-01 1.82119E-01 2.72652E-02 
8.38866E-01 1.88060E-01 2.88945E-02 
9.38266E-01 2.16388E-01 3.86614E-02 
1.04913E+00 2.44461E-01 5.30142E-02 
1.17233E+00 2.71936E-01 7.46165E-02 
1.30888E+00 2.98634E-01 1.08093E-01 
1.47293E+00 3.50222E-01 1.61475E-01 
1.65441E+00 3.76179E-01 2.49463E-01 
1.85474E+00 4.00821E-01 3.99669E-01 
2.07516E+00 4.23792E-01 6.65546E-01 
2.31702E+00 4.44884E-01 1.15424E+00 
2.58270E+00 4.64099E-01 2.08616E+00 
2.87729E+00 4.81899E-01 3.91775E+00 
3.21660E+00 5.00288E-01 7.56477E+00 
3.65310E+00 5.25994E-01 1.46172E+01 
4.32809E+00 5.75453E-01 2.68040E+01 
5.42498E+00 6.64463E-01 4.33322E+01 
6.82786E+00 7.68151E-01 5.89374E+01 
8.11779E+00 8.36340E-01 6.90413E+01 
4.12120E-01 2.44829E-02 5.85063E-03 
4.35304E-01 3.73029E-02 6.87699E-03 
4.86392E-01 6.37297E-02 8.18210E-03 
5.36091E-01 8.65396E-02 9.85760E-03 
5.91867E-01 1.10014E-01 1.20511E-02 
6.54127E-01 1.33940E-01 1.49578E-02 
7.23365E-01 1.58102E-01 1.88728E-02 
7.82085E-01 1.76816E-01 2.28751E-02 
8.00143E-01 1.82278E-01 2.42470E-02 
8.91989E-01 2.08099E-01 3.24519E-02 
9.94004E-01 2.33371E-01 4.45170E-02 
1.10695E+00 2.57815E-01 6.27012E-02 
1.23163E+00 2.81012E-01 9.08513E-02 
1.38118E+00 3.27701E-01 1.35774E-01 
1.54619E+00 3.50111E-01 2.09957E-01 
1.72745E+00 3.70888E-01 3.36524E-01 
1.92593E+00 3.89913E-01 5.60675E-01 
2.14293E+00 4.07072E-01 9.73194E-01 
2.38021E+00 4.22361E-01 1.75989E+00 
2.64230E+00 4.36240E-01 3.30677E+00 
2.94340E+00 4.50538E-01 6.38944E+00 
3.33096E+00 4.71285E-01 1.23559E+01 
3.93222E+00 5.13018E-01 2.26725E+01 
4.91105E+00 5.89469E-01 3.66792E+01 
6.15872E+00 6.78175E-01 4.99230E+01 
7.29599E+00 7.34890E-01 5.85155E+01 
3.97597E-01 2.60319E-02 4.92297E-03 
4.20038E-01 3.87123E-02 5.78702E-03 
4.70493E-01 6.59069E-02 6.88621E-03 
5.17716E-01 8.78792E-02 8.29943E-03 
5.70136E-01 1.10102E-01 1.01469E-02 
6.28354E-01 1.32505E-01 1.25987E-02 
6.92795E-01 1.54888E-01 1.59000E-02 
7.47267E-01 1.72076E-01 1.92761E-02 
7.63999E-01 1.77066E-01 2.04380E-02 
8.48809E-01 2.00465E-01 2.73728E-02 
9.42607E-01 2.23090E-01 3.75537E-02 
1.04612E+00 2.44696E-01 5.29356E-02 
1.15990E+00 2.65079E-01 7.67419E-02 
1.29616E+00 3.07010E-01 1.14801E-01 
1.44596E+00 3.25926E-01 1.77553E-01 
1.60981E+00 3.43214E-01 2.84701E-01 
1.78855E+00 3.58748E-01 4.74836E-01 
1.98298E+00 3.72415E-01 8.24550E-01 
2.19478E+00 3.84282E-01 1.49235E+00 
2.42776E+00 3.94772E-01 2.80612E+00 
2.69473E+00 4.05562E-01 5.42478E+00 
3.03857E+00 4.22044E-01 1.04967E+01 
3.57417E+00 4.57099E-01 1.92762E+01 
4.44765E+00 5.22608E-01 3.12070E+01 
5.55736E+00 5.98327E-01 4.25039E+01 
6.55981E+00 6.45270E-01 4.98466E+01 
3.84606E-01 2.81850E-02 4.14741E-03 
4.05938E-01 4.04820E-02 4.87755E-03 
4.56142E-01 6.89080E-02 5.80585E-03 
5.00589E-01 8.97916E-02 6.99877E-03 
5.49715E-01 1.10700E-01 8.56034E-03 
6.04016E-01 1.31548E-01 1.06330E-02 
6.63886E-01 1.52149E-01 1.34300E-02 
7.14256E-01 1.67792E-01 1.62814E-02 
7.29683E-01 1.72299E-01 1.72622E-02 
8.07838E-01 1.93327E-01 2.31344E-02 
8.93950E-01 2.13404E-01 3.17672E-02 
9.88540E-01 2.32299E-01 4.47832E-02 
1.09222E+00 2.49926E-01 6.49882E-02 
1.21599E+00 2.87490E-01 9.72587E-02 
1.35170E+00 3.03126E-01 1.50520E-01 
1.49954E+00 3.17239E-01 2.41611E-01 
1.66000E+00 3.29596E-01 4.03154E-01 
1.83382E+00 3.40153E-01 7.00559E-01 
2.02225E+00 3.48982E-01 1.26858E+00 
2.22880E+00 3.56516E-01 2.38727E+00 
2.46488E+00 3.64270E-01 4.61848E+00 
2.76919E+00 3.77057E-01 8.94253E+00 
3.24529E+00 4.06248E-01 1.64337E+01 
4.02339E+00 4.62096E-01 2.66247E+01 
5.00859E+00 5.26403E-01 3.62857E+01 
5.89028E+00 5.64929E-01 4.25765E+01 
3.73040E-01 3.09794E-02 3.50300E-03 
3.93136E-01 4.27863E-02 4.11947E-03 
4.43081E-01 7.27146E-02 4.90467E-03 
4.84654E-01 9.23250E-02 5.91597E-03 
5.30506E-01 1.11821E-01 7.23816E-03 
5.80984E-01 1.31044E-01 8.99412E-03 
6.36432E-01 1.49824E-01 1.13660E-02 
6.82945E-01 1.63930E-01 1.37895E-02 
6.97162E-01 1.67972E-01 1.46207E-02 
7.68983E-01 1.86649E-01 1.96029E-02 
8.47824E-01 2.04210E-01 2.69382E-02 
9.34167E-01 2.20509E-01 3.80088E-02 
1.02838E+00 2.35261E-01 5.51860E-02 
1.14050E+00 2.68763E-01 8.26337E-02 
1.26323E+00 2.81652E-01 1.28035E-01 
1.39621E+00 2.92843E-01 2.05657E-01 
1.53988E+00 3.02339E-01 3.43314E-01 
1.69482E+00 3.10126E-01 5.97034E-01 
1.86204E+00 3.16295E-01 1.08197E+00 
2.04457E+00 3.21262E-01 2.03726E+00 
2.25266E+00 3.26403E-01 3.94377E+00 
2.52131E+00 3.36010E-01 7.64241E+00 
2.94359E+00 3.60077E-01 1.40535E+01 
3.63550E+00 4.07427E-01 2.27838E+01 
4.50852E+00 4.61741E-01 3.10693E+01 
5.28218E+00 4.93050E-01 3.64725E+01 
3.62732E-01 3.43986E-02 2.96551E-03 
3.81822E-01 4.57968E-02 3.48892E-03 
4.30995E-01 7.72049E-02 4.15453E-03 
4.69739E-01 9.54328E-02 5.01452E-03 
5.12396E-01 1.13436E-01 6.13782E-03 
5.59186E-01 1.30970E-01 7.63193E-03 
6.10374E-01 1.47882E-01 9.64706E-03 
6.53203E-01 1.60435E-01 1.17124E-02 
6.66274E-01 1.64012E-01 1.24201E-02 
7.32147E-01 1.80372E-01 1.66666E-02 
8.04209E-01 1.95512E-01 2.29175E-02 
8.82807E-01 2.09304E-01 3.23591E-02 
9.68257E-01 2.21614E-01 4.70242E-02 
1.06960E+00 2.51253E-01 7.04879E-02 
1.18019E+00 2.61381E-01 1.09235E-01 
1.29948E+00 2.69922E-01 1.75604E-01 
1.42782E+00 2.76863E-01 2.93404E-01 
1.56550E+00 2.82194E-01 5.10584E-01 
1.71343E+00 2.86045E-01 9.26029E-01 
1.87418E+00 2.88800E-01 1.74485E+00 
2.05700E+00 2.91716E-01 3.37935E+00 
2.29345E+00 2.98602E-01 6.55288E+00 
2.66724E+00 3.18222E-01 1.20580E+01 
3.28135E+00 3.58121E-01 1.95606E+01 
4.05350E+00 4.03721E-01 2.66878E+01 
4.73075E+00 4.28880E-01 3.13405E+01 
3.53530E-01 3.84374E-02 2.51647E-03 
3.71403E-01 4.92105E-02 2.96231E-03 
4.19271E-01 8.18979E-02 3.53038E-03 
4.55642E-01 9.90546E-02 4.26238E-03 
4.95202E-01 1.15468E-01 5.22121E-03 
5.38443E-01 1.31249E-01 6.49589E-03 
5.85596E-01 1.46249E-01 8.21897E-03 
6.24920E-01 1.57245E-01 9.98100E-03 
6.36901E-01 1.60349E-01 1.05863E-02 
6.97191E-01 1.74429E-01 1.42175E-02 
7.62901E-01 1.87217E-01 1.95692E-02 
8.34266E-01 1.98604E-01 2.76455E-02 
9.11609E-01 2.08626E-01 4.02191E-02 
1.00283E+00 2.34640E-01 6.03208E-02 
1.10223E+00 2.42196E-01 9.35551E-02 
1.20900E+00 2.48349E-01 1.50518E-01 
1.32318E+00 2.52990E-01 2.51689E-01 
1.44514E+00 2.56169E-01 4.38313E-01 
1.57548E+00 2.58007E-01 7.95246E-01 
1.71653E+00 2.58882E-01 1.49944E+00 
1.87658E+00 2.59927E-01 2.90628E+00 
2.08401E+00 2.64505E-01 5.63790E+00 
2.41402E+00 2.80276E-01 1.03803E+01 
2.95801E+00 3.13667E-01 1.68481E+01 
3.63948E+00 3.51690E-01 2.29966E+01 
4.23072E+00 3.71633E-01 2.70119E+01 
3.45409E-01 4.31478E-02 2.14356E-03 
3.61953E-01 5.31050E-02 2.52407E-03 
4.08587E-01 8.75623E-02 3.01007E-03 
4.42274E-01 1.03109E-01 3.63703E-03 
4.78859E-01 1.17835E-01 4.45984E-03 
5.18688E-01 1.31775E-01 5.55150E-03 
5.62014E-01 1.44828E-01 7.02988E-03 
5.98067E-01 1.54265E-01 8.54327E-03 
6.09040E-01 1.56908E-01 9.06399E-03 
6.64076E-01 1.68725E-01 1.21820E-02 
7.23837E-01 1.79213E-01 1.67788E-02 
7.88555E-01 1.88317E-01 2.37360E-02 
8.58363E-01 1.95930E-01 3.45469E-02 
9.40188E-01 2.18587E-01 5.18488E-02 
1.02934E+00 2.24030E-01 8.05088E-02 
1.12453E+00 2.28028E-01 1.29605E-01 
1.22587E+00 2.30652E-01 2.16845E-01 
1.33346E+00 2.31952E-01 3.77816E-01 
1.44791E+00 2.32078E-01 6.85935E-01 
1.57118E+00 2.31379E-01 1.29396E+00 
1.71075E+00 2.30876E-01 2.50948E+00 
1.89216E+00 2.33528E-01 4.87030E+00 
2.18288E+00 2.46005E-01 8.97065E+00 
2.66381E+00 2.73741E-01 1.45656E+01 
3.26412E+00 3.05221E-01 1.98864E+01 
3.77895E+00 3.20786E-01 2.33602E+01 
3.38229E-01 4.84726E-02 1.83318E-03 
3.53669E-01 5.76469E-02 2.16107E-03 
3.98531E-01 9.37359E-02 2.57854E-03 
4.29474E-01 1.07428E-01 3.11776E-03 
4.63199E-01 1.20366E-01 3.82634E-03 
4.99839E-01 1.32413E-01 4.76849E-03 
5.39567E-01 1.43488E-01 6.04285E-03 
5.72531E-01 1.51352E-01 7.34767E-03 
5.82552E-01 1.53530E-01 7.79733E-03 
6.32717E-01 1.63133E-01 1.04907E-02 
6.87005E-01 1.71415E-01 1.44629E-02 
7.45531E-01 1.78331E-01 2.04784E-02 
8.08400E-01 1.83786E-01 2.98231E-02 
8.81575E-01 2.03378E-01 4.48125E-02 
9.61233E-01 2.06767E-01 6.96148E-02 
1.04584E+00 2.08855E-01 1.12123E-01 
1.13542E+00 2.09712E-01 1.87715E-01 
1.23004E+00 2.09413E-01 3.27263E-01 
1.33009E+00 2.08100E-01 5.94432E-01 
1.43739E+00 2.06112E-01 1.12182E+00 
1.55858E+00 2.04354E-01 2.17592E+00 
1.71671E+00 2.05427E-01 4.22471E+00 
1.97221E+00 2.15105E-01 7.78362E+00 
2.39662E+00 2.37960E-01 1.26407E+01 
2.92441E+00 2.63820E-01 1.72592E+01 
3.37158E+00 2.75748E-01 2.02715E+01 
3.31726E-01 5.41181E-02 1.57551E-03 
3.45987E-01 6.23065E-02 1.85920E-03 
3.88724E-01 1.00082E-01 2.22121E-03 
4.17164E-01 1.11867E-01 2.68818E-03 
4.48164E-01 1.22876E-01 3.30142E-03 
4.81794E-01 1.32961E-01 4.11801E-03 
5.18185E-01 1.42045E-01 5.22483E-03 
5.48292E-01 1.48353E-01 6.35723E-03 
5.57425E-01 1.50072E-01 6.74734E-03 
6.03083E-01 1.57527E-01 9.08591E-03 
6.52290E-01 1.63694E-01 1.25385E-02 
7.05141E-01 1.68579E-01 1.77664E-02 
7.61661E-01 1.72310E-01 2.59054E-02 
8.26758E-01 1.88820E-01 3.89386E-02 
8.97735E-01 1.90312E-01 6.05246E-02 
9.72714E-01 1.90727E-01 9.75325E-02 
1.05162E+00 1.90068E-01 1.63368E-01 
1.13445E+00 1.88424E-01 2.84915E-01 
1.22156E+00 1.85939E-01 5.17678E-01 
1.31451E+00 1.82923E-01 9.77053E-01 
1.41927E+00 1.80180E-01 1.89554E+00 
1.55660E+00 1.79986E-01 3.68035E+00 
1.78063E+00 1.87313E-01 6.78126E+00 
2.15454E+00 2.05985E-01 1.10126E+01 
2.61774E+00 2.27054E-01 1.50339E+01 
3.00516E+00 2.35994E-01 1.76514E+01 
3.25820E-01 5.99340E-02 1.36231E-03 
3.38886E-01 6.68869E-02 1.60886E-03 
3.78588E-01 1.05512E-01 1.92480E-03 
4.05147E-01 1.16021E-01 2.33181E-03 
4.33661E-01 1.25109E-01 2.86691E-03 
4.64504E-01 1.33199E-01 3.57956E-03 
4.97779E-01 1.40279E-01 4.54450E-03 
5.25268E-01 1.45063E-01 5.53474E-03 
5.33600E-01 1.46349E-01 5.87576E-03 
5.75094E-01 1.51719E-01 7.91950E-03 
6.19642E-01 1.55902E-01 1.09377E-02 
6.67257E-01 1.58908E-01 1.55069E-02 
7.17932E-01 1.60791E-01 2.26278E-02 
7.75597E-01 1.74575E-01 3.40334E-02 
8.38639E-01 1.74536E-01 5.29174E-02 
9.04814E-01 1.73517E-01 8.53066E-02 
9.74026E-01 1.71591E-01 1.42920E-01 
1.04623E+00 1.68851E-01 2.49311E-01 
1.12168E+00 1.65440E-01 4.52984E-01 
1.20177E+00 1.61640E-01 8.54977E-01 
1.29189E+00 1.58163E-01 1.65857E+00 
1.41068E+00 1.56979E-01 3.21971E+00 
1.60666E+00 1.62359E-01 5.93137E+00 
1.93548E+00 1.77468E-01 9.62964E+00 
2.34128E+00 1.94479E-01 1.31400E+01 
2.67606E+00 2.00996E-01 1.54179E+01 
3.20566E-01 6.59010E-02 1.18561E-03 
3.32807E-01 7.19660E-02 1.40233E-03 
3.69154E-01 1.11641E-01 1.67904E-03 
3.93421E-01 1.19688E-01 2.03671E-03 
4.19634E-01 1.26741E-01 2.50640E-03 
4.47954E-01 1.32850E-01 3.13369E-03 
4.78411E-01 1.37980E-01 3.98203E-03 
5.03480E-01 1.41285E-01 4.85211E-03 
5.11060E-01 1.42139E-01 5.15161E-03 
5.48753E-01 1.45551E-01 6.95022E-03 
5.89032E-01 1.47879E-01 9.60465E-03 
6.31878E-01 1.49155E-01 1.36302E-02 
6.77215E-01 1.49327E-01 1.98913E-02 
7.28032E-01 1.60731E-01 2.99286E-02 
7.83813E-01 1.59367E-01 4.65566E-02 
8.41984E-01 1.57149E-01 7.50507E-02 
9.02398E-01 1.54194E-01 1.25753E-01 
9.64991E-01 1.50599E-01 2.19303E-01 
1.02999E+00 1.46496E-01 3.98419E-01 
1.09861E+00 1.42141E-01 7.51716E-01 
1.17571E+00 1.38157E-01 1.45768E+00 
1.27808E+00 1.36239E-01 2.82844E+00 
1.44908E+00 1.40025E-01 5.20751E+00 
1.73783E+00 1.52132E-01 8.44956E+00 
2.09276E+00 1.65740E-01 1.15211E+01 
2.38136E+00 1.70327E-01 1.35058E+01 
3.15788E-01 7.14220E-02 1.03964E-03 
3.26943E-01 7.57407E-02 1.23154E-03 
3.59501E-01 1.16135E-01 1.47640E-03 
3.82006E-01 1.22465E-01 1.79299E-03 
4.06150E-01 1.27478E-01 2.20856E-03 
4.32163E-01 1.31614E-01 2.76288E-03 
4.60076E-01 1.34879E-01 3.51470E-03 
4.82963E-01 1.36798E-01 4.28491E-03 
4.89866E-01 1.37256E-01 4.55005E-03 
5.24106E-01 1.38870E-01 6.14230E-03 
5.60486E-01 1.39518E-01 8.49339E-03 
5.98947E-01 1.39270E-01 1.20545E-02 
6.39393E-01 1.38261E-01 1.76047E-02 
6.83911E-01 1.47272E-01 2.64810E-02 
7.33072E-01 1.44726E-01 4.11903E-02 
7.83975E-01 1.41549E-01 6.64065E-02 
8.36449E-01 1.37809E-01 1.11190E-01 
8.90436E-01 1.33592E-01 1.93882E-01 
9.46058E-01 1.29019E-01 3.52008E-01 
1.00446E+00 1.24318E-01 6.63793E-01 
1.07004E+00 1.20029E-01 1.28636E+00 
1.15786E+00 1.17601E-01 2.49382E+00 
1.30676E+00 1.20119E-01 4.58761E+00 
1.55998E+00 1.29720E-01 7.43674E+00 
1.87001E+00 1.40503E-01 1.01295E+01 
2.11825E+00 1.43584E-01 1.18599E+01 
3.11534E-01 7.62447E-02 9.19629E-04 
3.21948E-01 7.90943E-02 1.09052E-03 
3.50146E-01 1.19773E-01 1.30900E-03 
3.70935E-01 1.23788E-01 1.59110E-03 
3.93310E-01 1.26941E-01 1.96194E-03 
4.17299E-01 1.29263E-01 2.45584E-03 
4.42914E-01 1.30789E-01 3.12545E-03 
4.63834E-01 1.31439E-01 3.81246E-03 
4.70128E-01 1.31547E-01 4.04878E-03 
5.01209E-01 1.31538E-01 5.46694E-03 
5.34036E-01 1.30729E-01 7.56185E-03 
5.68494E-01 1.29180E-01 1.07320E-02 
6.04478E-01 1.26999E-01 1.56713E-02 
6.43210E-01 1.34016E-01 2.35714E-02 
6.86348E-01 1.30578E-01 3.66410E-02 
7.30646E-01 1.26696E-01 5.90408E-02 
7.75962E-01 1.22400E-01 9.88282E-02 
8.22182E-01 1.17779E-01 1.72158E-01 
8.69474E-01 1.12943E-01 3.12350E-01 
9.18815E-01 1.08087E-01 5.88433E-01 
9.74197E-01 1.03673E-01 1.13901E+00 
1.04921E+00 1.00933E-01 2.20588E+00 
1.17863E+00 1.02466E-01 4.05329E+00 
1.40047E+00 1.10003E-01 6.56233E+00 
1.67100E+00 1.18468E-01 8.92592E+00 
1.88409E+00 1.20403E-01 1.04344E+01 
3.07934E-01 7.99705E-02 8.20501E-04 
3.18059E-01 8.22772E-02 9.74257E-04 
3.41179E-01 1.21220E-01 1.17035E-03 
3.60522E-01 1.23568E-01 1.42368E-03 
3.81334E-01 1.24924E-01 1.75619E-03 
4.03548E-01 1.25594E-01 2.20014E-03 
4.27102E-01 1.25566E-01 2.80037E-03 
4.46239E-01 1.25100E-01 3.41641E-03 
4.51976E-01 1.24896E-01 3.62837E-03 
4.80189E-01 1.23497E-01 4.89934E-03 
5.09752E-01 1.21464E-01 6.77483E-03 
5.40552E-01 1.18854E-01 9.61572E-03 
5.72480E-01 1.15667E-01 1.40304E-02 
6.05917E-01 1.20967E-01 2.10927E-02 
6.43560E-01 1.16959E-01 3.27717E-02 
6.81886E-01 1.12598E-01 5.27536E-02 
7.20730E-01 1.07969E-01 8.82167E-02 
7.60002E-01 1.03148E-01 1.53507E-01 
7.99851E-01 9.82323E-02 2.78154E-01 
8.41185E-01 9.33871E-02 5.23339E-01 
8.87611E-01 8.90039E-02 1.01173E+00 
9.51409E-01 8.61236E-02 1.95642E+00 
1.06368E+00 8.69139E-02 3.58929E+00 
1.25791E+00 9.27733E-02 5.80183E+00 
1.49383E+00 9.93617E-02 7.87788E+00 
1.67649E+00 1.00452E-01 9.19247E+00 
3.05212E-01 8.25011E-02 7.38263E-04 
3.14854E-01 8.30662E-02 8.77617E-04 
3.32765E-01 1.20712E-01 1.05497E-03 
3.51076E-01 1.21541E-01 1.28389E-03 
3.70533E-01 1.21304E-01 1.58417E-03 
3.91142E-01 1.20495E-01 1.98448E-03 
4.12852E-01 1.19148E-01 2.52642E-03 
4.30353E-01 1.17754E-01 3.08116E-03 
4.35587E-01 1.17293E-01 3.27232E-03 
4.61170E-01 1.14777E-01 4.41754E-03 
4.87732E-01 1.11780E-01 6.10575E-03 
5.15166E-01 1.08367E-01 8.65863E-03 
5.43318E-01 1.04590E-01 1.26249E-02 
5.71956E-01 1.08322E-01 1.89630E-02 
6.04566E-01 1.03918E-01 2.94275E-02 
6.37468E-01 9.92997E-02 4.73178E-02 
6.70495E-01 9.45433E-02 7.90060E-02 
7.03585E-01 8.97061E-02 1.37302E-01 
7.36836E-01 8.48708E-02 2.48413E-01 
7.71112E-01 8.01775E-02 4.66630E-01 
8.09704E-01 7.59536E-02 9.00460E-01 
8.63693E-01 7.30659E-02 1.73841E+00 
9.60965E-01 7.33222E-02 3.18341E+00 
1.13098E+00 7.78379E-02 5.13573E+00 
1.33674E+00 8.29311E-02 6.95972E+00 
1.49316E+00 8.34222E-02 8.10402E+00 
3.03623E-01 8.33779E-02 6.69806E-04 
3.12938E-01 8.27011E-02 7.96575E-04 
3.25630E-01 1.18381E-01 9.57920E-04 
3.42946E-01 1.17582E-01 1.16573E-03 
3.61210E-01 1.16010E-01 1.43851E-03 
3.80369E-01 1.14023E-01 1.80119E-03 
4.00380E-01 1.11621E-01 2.29230E-03 
4.16379E-01 1.09507E-01 2.79469E-03 
4.21136E-01 1.08849E-01 2.96718E-03 
4.44260E-01 1.05495E-01 4.00293E-03 
4.68040E-01 1.01813E-01 5.52803E-03 
4.92341E-01 9.78641E-02 7.83075E-03 
5.16995E-01 9.37411E-02 1.14067E-02 
5.41238E-01 9.61746E-02 1.71069E-02 
5.69300E-01 9.15634E-02 2.65134E-02 
5.97281E-01 8.68914E-02 4.25579E-02 
6.25089E-01 8.21795E-02 7.09635E-02 
6.52621E-01 7.74787E-02 1.23087E-01 
6.80050E-01 7.28551E-02 2.22299E-01 
7.08144E-01 6.84239E-02 4.16772E-01 
7.39896E-01 6.44532E-02 8.02639E-01 
7.85382E-01 6.16699E-02 1.54639E+00 
8.69602E-01 6.15621E-02 2.82600E+00 
1.01852E+00 6.50211E-02 4.54931E+00 
1.19804E+00 6.89352E-02 6.15092E+00 
1.33194E+00 6.90212E-02 7.14559E+00 
3.03343E-01 8.26186E-02 6.11910E-04 
3.12508E-01 8.13588E-02 7.27654E-04 
3.20211E-01 1.13276E-01 8.74913E-04 
3.36532E-01 1.11713E-01 1.06440E-03 
3.53662E-01 1.09231E-01 1.31279E-03 
3.71461E-01 1.06349E-01 1.64299E-03 
3.89839E-01 1.03180E-01 2.08883E-03 
4.04410E-01 1.00557E-01 2.54529E-03 
4.08718E-01 9.97631E-02 2.70195E-03 
4.29506E-01 9.58505E-02 3.64048E-03 
4.50651E-01 9.17471E-02 5.02124E-03 
4.71998E-01 8.75015E-02 7.10398E-03 
4.93429E-01 8.31580E-02 1.03313E-02 
5.13696E-01 8.45763E-02 1.54713E-02 
5.37549E-01 8.00180E-02 2.39331E-02 
5.61077E-01 7.54563E-02 3.83539E-02 
5.84164E-01 7.09307E-02 6.38169E-02 
6.06779E-01 6.64862E-02 1.10489E-01 
6.29065E-01 6.21738E-02 1.99135E-01 
6.51746E-01 5.80792E-02 3.72563E-01 
6.77595E-01 5.44293E-02 7.16028E-01 
7.15706E-01 5.18231E-02 1.37627E+00 
7.88588E-01 5.14840E-02 2.50920E+00 
9.19136E-01 5.41217E-02 4.02956E+00 
1.07592E+00 5.71200E-02 5.43464E+00 
1.19058E+00 5.69489E-02 6.29784E+00 
3.04556E-01 8.05348E-02 5.62101E-04 
3.13530E-01 7.83114E-02 6.68205E-04 
3.16568E-01 1.07044E-01 8.02941E-04 
3.32049E-01 1.04607E-01 9.76273E-04 
3.48096E-01 1.01324E-01 1.20293E-03 
3.64553E-01 9.78312E-02 1.50404E-03 
3.81346E-01 9.41793E-02 1.91031E-03 
3.94508E-01 9.12505E-02 2.32543E-03 
3.98377E-01 9.03814E-02 2.46794E-03 
4.16933E-01 8.61722E-02 3.32061E-03 
4.35539E-01 8.18830E-02 4.57276E-03 
4.54102E-01 7.75538E-02 6.45955E-03 
4.72528E-01 7.31860E-02 9.37712E-03 
4.89204E-01 7.38259E-02 1.40169E-02 
5.09208E-01 6.94576E-02 2.16403E-02 
5.28705E-01 6.51320E-02 3.46152E-02 
5.47594E-01 6.09011E-02 5.74809E-02 
5.65865E-01 5.67923E-02 9.93046E-02 
5.83660E-01 5.28457E-02 1.78610E-01 
6.01669E-01 4.91350E-02 3.33336E-01 
6.22440E-01 4.58405E-02 6.39092E-01 
6.54246E-01 4.34540E-02 1.22554E+00 
7.17360E-01 4.29845E-02 2.22866E+00 
8.32037E-01 4.49950E-02 3.56972E+00 
9.69305E-01 4.72946E-02 4.80209E+00 
1.06766E+00 4.69739E-02 5.55034E+00 
3.07284E-01 7.70493E-02 5.18013E-04 
3.16032E-01 7.42635E-02 6.15554E-04 
3.15363E-01 9.92447E-02 7.39015E-04 
3.29618E-01 9.64296E-02 8.97666E-04 
3.44492E-01 9.26789E-02 1.10490E-03 
3.59562E-01 8.88583E-02 1.37983E-03 
3.74728E-01 8.49602E-02 1.75027E-03 
3.86495E-01 8.19066E-02 2.12824E-03 
3.89935E-01 8.10107E-02 2.25805E-03 
4.06268E-01 7.67265E-02 3.03322E-03 
4.22432E-01 7.24477E-02 4.17017E-03 
4.38345E-01 6.82026E-02 5.87941E-03 
4.53894E-01 6.40274E-02 8.51970E-03 
4.67356E-01 6.40566E-02 1.27090E-02 
4.83868E-01 5.99420E-02 1.95839E-02 
4.99722E-01 5.59389E-02 3.12555E-02 
5.14870E-01 5.20634E-02 5.17916E-02 
5.29293E-01 4.83365E-02 8.92734E-02 
5.43163E-01 4.47881E-02 1.60162E-01 
5.57147E-01 4.14735E-02 2.98247E-01 
5.73566E-01 3.85412E-02 5.70395E-01 
5.99970E-01 3.63953E-02 1.09099E+00 
6.54673E-01 3.58658E-02 1.97883E+00 
7.55631E-01 3.73998E-02 3.16110E+00 
8.76108E-01 3.91680E-02 4.24092E+00 
9.60638E-01 3.87709E-02 4.88858E+00 
3.11281E-01 7.27362E-02 4.78360E-04 
3.19610E-01 6.97876E-02 5.67900E-04 
3.15696E-01 9.11596E-02 6.81362E-04 
3.29075E-01 8.76412E-02 8.26515E-04 
3.42655E-01 8.37918E-02 1.01624E-03 
3.56238E-01 7.98663E-02 1.26742E-03 
3.69741E-01 7.59248E-02 1.60536E-03 
3.80092E-01 7.28856E-02 1.94970E-03 
3.83093E-01 7.20004E-02 2.06785E-03 
3.97231E-01 6.78098E-02 2.77296E-03 
4.11037E-01 6.36840E-02 3.80557E-03 
4.24417E-01 5.96468E-02 5.35503E-03 
4.37279E-01 5.57372E-02 7.74498E-03 
4.47872E-01 5.53319E-02 1.15300E-02 
4.61202E-01 5.15535E-02 1.77295E-02 
4.73789E-01 4.79143E-02 2.82316E-02 
4.85606E-01 4.44195E-02 4.66687E-02 
4.96674E-01 4.10858E-02 8.02567E-02 
5.07161E-01 3.79343E-02 1.43644E-01 
5.17685E-01 3.50058E-02 2.66868E-01 
5.30420E-01 3.24230E-02 5.09159E-01 
5.52219E-01 3.05167E-02 9.71186E-01 
5.99715E-01 2.99724E-02 1.75691E+00 
6.88858E-01 3.11470E-02 2.79892E+00 
7.94914E-01 3.25118E-02 3.74451E+00 
8.67767E-01 3.20853E-02 4.30458E+00 
3.16118E-01 6.79934E-02 4.42305E-04 
3.23898E-01 6.48496E-02 5.24549E-04 
3.17902E-01 8.26467E-02 6.28566E-04 
3.29948E-01 7.90112E-02 7.61709E-04 
3.42142E-01 7.51114E-02 9.35238E-04 
3.54160E-01 7.12374E-02 1.16476E-03 
3.65955E-01 6.74032E-02 1.47321E-03 
3.74869E-01 6.44789E-02 1.78720E-03 
3.77437E-01 6.36292E-02 1.89465E-03 
3.89430E-01 5.96439E-02 2.53640E-03 
4.00948E-01 5.57650E-02 3.47397E-03 
4.11920E-01 5.20105E-02 4.87932E-03 
4.22325E-01 4.83756E-02 7.04255E-03 
4.30356E-01 4.76914E-02 1.04631E-02 
4.40801E-01 4.42883E-02 1.60540E-02 
4.50483E-01 4.10223E-02 2.55094E-02 
4.59374E-01 3.79069E-02 4.20763E-02 
4.67528E-01 3.49523E-02 7.21891E-02 
4.75100E-01 3.21708E-02 1.28892E-01 
4.82702E-01 2.96038E-02 2.38857E-01 
4.92308E-01 2.73427E-02 4.54504E-01 
5.10232E-01 2.56629E-02 8.64798E-01 
5.51547E-01 2.51304E-02 1.56010E+00 
6.30504E-01 2.60338E-02 2.47836E+00 
7.24200E-01 2.70914E-02 3.30634E+00 
7.87201E-01 2.66636E-02 3.79040E+00 
3.21227E-01 6.30951E-02 4.08999E-04 
3.28366E-01 5.98390E-02 4.84692E-04 
3.21056E-01 7.41704E-02 5.80136E-04 
3.31675E-01 7.07863E-02 7.02283E-04 
3.42391E-01 6.69979E-02 8.61160E-04 
3.52797E-01 6.32849E-02 1.07116E-03 
3.62840E-01 5.96460E-02 1.35276E-03 
3.70347E-01 5.68881E-02 1.63910E-03 
3.72495E-01 5.60924E-02 1.73725E-03 
3.82404E-01 5.23737E-02 2.32166E-03 
3.91745E-01 4.87837E-02 3.17389E-03 
4.00492E-01 4.53313E-02 4.44974E-03 
4.08592E-01 4.20259E-02 6.40864E-03 
4.14403E-01 4.11417E-02 9.50241E-03 
4.22279E-01 3.80916E-02 1.45474E-02 
4.29396E-01 3.51842E-02 2.30650E-02 
4.35753E-01 3.24241E-02 3.79587E-02 
4.41395E-01 2.98186E-02 6.49723E-02 
4.46498E-01 2.73783E-02 1.15729E-01 
4.51620E-01 2.51290E-02 2.13906E-01 
4.58603E-01 2.31521E-02 4.05968E-01 
4.73242E-01 2.16764E-02 7.70416E-01 
5.09268E-01 2.11696E-02 1.38596E+00 
5.79448E-01 2.18664E-02 2.19544E+00 
6.62550E-01 2.26906E-02 2.92061E+00 
7.17226E-01 2.22760E-02 3.33881E+00 
3.26034E-01 5.84161E-02 3.78482E-04 
3.32354E-01 5.52335E-02 4.48151E-04 
3.23989E-01 6.70627E-02 5.35928E-04 
3.33658E-01 6.32892E-02 6.48005E-04 
3.42827E-01 5.97007E-02 7.93671E-04 
3.51604E-01 5.61978E-02 9.85840E-04 
3.59943E-01 5.27911E-02 1.24342E-03 
3.66081E-01 5.02230E-02 1.50481E-03 
3.67819E-01 4.94869E-02 1.59435E-03 
3.75754E-01 4.60505E-02 2.12693E-03 
3.83082E-01 4.27542E-02 2.90309E-03 
3.89769E-01 3.96064E-02 4.06128E-03 
3.95796E-01 3.66205E-02 5.83906E-03 
3.99669E-01 3.56019E-02 8.63822E-03 
4.05294E-01 3.28759E-02 1.31976E-02 
4.10181E-01 3.02911E-02 2.08761E-02 
4.14350E-01 2.78492E-02 3.42774E-02 
4.17853E-01 2.55525E-02 5.85306E-02 
4.20864E-01 2.34093E-02 1.04002E-01 
4.23905E-01 2.14384E-02 1.91738E-01 
4.28695E-01 1.97082E-02 3.62976E-01 
4.40557E-01 1.84100E-02 6.86895E-01 
4.72051E-01 1.79342E-02 1.23225E+00 
5.34661E-01 1.84725E-02 1.94633E+00 
6.08644E-01 1.91156E-02 2.58165E+00 
6.56278E-01 1.87220E-02 2.94297E+00 
3.29976E-01 5.41868E-02 3.50821E-04 
3.35455E-01 5.10438E-02 4.15034E-04 
3.27382E-01 6.00505E-02 4.95823E-04 
3.35311E-01 5.67047E-02 5.98940E-04 
3.42940E-01 5.33389E-02 7.32779E-04 
3.50127E-01 5.00571E-02 9.08969E-04 
3.56842E-01 4.68799E-02 1.14481E-03 
3.61689E-01 4.45004E-02 1.38399E-03 
3.63048E-01 4.38172E-02 1.46570E-03 
3.69157E-01 4.06482E-02 1.95173E-03 
3.74640E-01 3.76268E-02 2.65893E-03 
3.79480E-01 3.47573E-02 3.71260E-03 
3.83684E-01 3.20325E-02 5.32660E-03 
3.85883E-01 3.09469E-02 7.86437E-03 
3.89538E-01 2.85134E-02 1.19881E-02 
3.92504E-01 2.62123E-02 1.89202E-02 
3.94800E-01 2.40462E-02 3.09940E-02 
3.96488E-01 2.20157E-02 5.27953E-02 
3.97735E-01 2.01257E-02 9.35673E-02 
3.99041E-01 1.83943E-02 1.72075E-01 
4.01992E-01 1.68749E-02 3.24855E-01 
4.11504E-01 1.57285E-02 6.13096E-01 
4.39101E-01 1.52843E-02 1.09670E+00 
4.95154E-01 1.56996E-02 1.72711E+00 
5.61283E-01 1.62025E-02 2.28415E+00 
6.02909E-01 1.58310E-02 2.59618E+00 
3.32520E-01 5.05093E-02 3.25824E-04 
3.37184E-01 4.74142E-02 3.85184E-04 
3.29921E-01 5.39682E-02 4.59799E-04 
3.36045E-01 5.11062E-02 5.54778E-04 
3.42249E-01 4.79172E-02 6.77929E-04 
3.47963E-01 4.48388E-02 8.39963E-04 
3.53176E-01 4.18688E-02 1.05628E-03 
3.56858E-01 3.96528E-02 1.27541E-03 
3.57876E-01 3.90187E-02 1.35032E-03 
3.62350E-01 3.60855E-02 1.79513E-03 
3.66194E-01 3.33024E-02 2.44065E-03 
3.69414E-01 3.06706E-02 3.40171E-03 
3.71992E-01 2.81954E-02 4.86942E-03 
3.72778E-01 2.70572E-02 7.17405E-03 
3.74746E-01 2.48708E-02 1.09122E-02 
3.76067E-01 2.28122E-02 1.71799E-02 
3.76774E-01 2.08807E-02 2.80717E-02 
3.76930E-01 1.90767E-02 4.76961E-02 
3.76697E-01 1.74033E-02 8.43160E-02 
3.76543E-01 1.58725E-02 1.54632E-01 
3.77950E-01 1.45310E-02 2.91154E-01 
3.85460E-01 1.35145E-02 5.47827E-01 
4.09688E-01 1.31004E-02 9.77074E-01 
4.60036E-01 1.34192E-02 1.53408E+00 
5.19344E-01 1.38123E-02 2.02271E+00 
5.55814E-01 1.34628E-02 2.29205E+00 
3.33621E-01 4.74211E-02 3.03759E-04 
3.37491E-01 4.43721E-02 3.58792E-04 
3.30874E-01 4.91866E-02 4.27854E-04 
3.35698E-01 4.64430E-02 5.15655E-04 
3.40590E-01 4.34071E-02 6.29276E-04 
3.44987E-01 4.04855E-02 7.78540E-04 
3.48875E-01 3.76843E-02 9.77743E-04 
3.51524E-01 3.56023E-02 1.17903E-03 
3.52241E-01 3.50072E-02 1.24778E-03 
3.55273E-01 3.22683E-02 1.65565E-03 
3.57694E-01 2.96821E-02 2.24669E-03 
3.59493E-01 2.72519E-02 3.12413E-03 
3.60690E-01 2.49770E-02 4.46271E-03 
3.60262E-01 2.38127E-02 6.55936E-03 
3.60791E-01 2.18325E-02 9.95238E-03 
3.60721E-01 1.99767E-02 1.56330E-02 
3.60083E-01 1.82430E-02 2.54787E-02 
3.58944E-01 1.66299E-02 4.31741E-02 
3.57465E-01 1.51382E-02 7.61128E-02 
3.56085E-01 1.37775E-02 1.39196E-01 
3.56186E-01 1.25866E-02 2.61300E-01 
3.61993E-01 1.16796E-02 4.90304E-01 
3.83296E-01 1.12936E-02 8.71761E-01 
4.28658E-01 1.15362E-02 1.36445E+00 
4.82018E-01 1.18416E-02 1.79345E+00 
5.14063E-01 1.15148E-02 2.02607E+00 
3.33032E-01 4.48649E-02 2.84028E-04 
3.36186E-01 4.18428E-02 3.35117E-04 
3.29982E-01 4.54389E-02 3.99200E-04 
3.34018E-01 4.25395E-02 4.80487E-04 
3.37756E-01 3.96211E-02 5.85567E-04 
3.40997E-01 3.68211E-02 7.23315E-04 
3.43727E-01 3.41481E-02 9.06791E-04 
3.45477E-01 3.21718E-02 1.09207E-03 
3.45934E-01 3.16079E-02 1.15519E-03 
3.47722E-01 2.90227E-02 1.52954E-03 
3.48900E-01 2.65987E-02 2.07090E-03 
3.49480E-01 2.43339E-02 2.87324E-03 
3.49474E-01 2.22238E-02 4.09422E-03 
3.48007E-01 2.10475E-02 6.00305E-03 
3.47295E-01 1.92431E-02 9.08534E-03 
3.46022E-01 1.75611E-02 1.42317E-02 
3.44228E-01 1.59968E-02 2.31324E-02 
3.41981E-01 1.45472E-02 3.90896E-02 
3.39433E-01 1.32113E-02 6.87125E-02 
3.37003E-01 1.19971E-02 1.25302E-01 
3.35981E-01 1.09352E-02 2.34516E-01 
3.40295E-01 1.01241E-02 4.38668E-01 
3.59009E-01 9.76460E-03 7.77538E-01 
3.99931E-01 9.94636E-03 1.21310E+00 
4.48003E-01 1.01817E-02 1.58937E+00 
4.76135E-01 9.87639E-03 1.78973E+00 
3.30910E-01 4.28335E-02 2.66645E-04 
3.33458E-01 3.97998E-02 3.14217E-04 
3.27783E-01 4.23415E-02 3.73757E-04 
3.31080E-01 3.93387E-02 4.49194E-04 
3.33844E-01 3.64874E-02 5.46552E-04 
3.36102E-01 3.37662E-02 6.73933E-04 
3.37840E-01 3.11827E-02 8.43225E-04 
3.38829E-01 2.92813E-02 1.01390E-03 
3.39056E-01 2.87428E-02 1.07211E-03 
3.39780E-01 2.62742E-02 1.41631E-03 
3.39894E-01 2.39766E-02 1.91297E-03 
3.39418E-01 2.18453E-02 2.64744E-03 
3.38371E-01 1.98762E-02 3.76262E-03 
3.36011E-01 1.86936E-02 5.50238E-03 
3.34234E-01 1.70367E-02 8.30519E-03 
3.31932E-01 1.55014E-02 1.29737E-02 
3.29144E-01 1.40817E-02 2.10252E-02 
3.25945E-01 1.27724E-02 3.54253E-02 
3.22482E-01 1.15712E-02 6.20883E-02 
3.19151E-01 1.04825E-02 1.12867E-01 
3.17163E-01 9.53238E-03 2.10605E-01 
3.20174E-01 8.80435E-03 3.92634E-01 
3.36593E-01 8.46986E-03 6.93699E-01 
3.73552E-01 8.60331E-03 1.07875E+00 
4.16913E-01 8.78280E-03 1.40869E+00 
4.41593E-01 8.49841E-03 1.58101E+00 
3.27342E-01 4.12083E-02 2.51078E-04 
3.29405E-01 3.81207E-02 2.95448E-04 
3.24416E-01 3.96391E-02 3.50812E-04 
3.26862E-01 3.66864E-02 4.20894E-04 
3.28813E-01 3.38633E-02 5.11156E-04 
3.30252E-01 3.11839E-02 6.29032E-04 
3.31161E-01 2.86570E-02 7.85443E-04 
3.31504E-01 2.68079E-02 9.42747E-04 
3.31536E-01 2.62870E-02 9.96391E-04 
3.31348E-01 2.39076E-02 1.31294E-03 
3.30553E-01 2.17096E-02 1.76874E-03 
3.29169E-01 1.96881E-02 2.44125E-03 
3.27223E-01 1.78341E-02 3.45992E-03 
3.24081E-01 1.66554E-02 5.04551E-03 
3.21384E-01 1.51251E-02 7.59331E-03 
3.18187E-01 1.37169E-02 1.18270E-02 
3.14539E-01 1.24230E-02 1.91110E-02 
3.10513E-01 1.12365E-02 3.21003E-02 
3.06255E-01 1.01533E-02 5.60826E-02 
3.02145E-01 9.17496E-03 1.01624E-01 
2.99315E-01 8.32342E-03 1.88988E-01 
3.01181E-01 7.66884E-03 3.51242E-01 
3.15535E-01 7.35836E-03 6.18459E-01 
3.48903E-01 7.45341E-03 9.58482E-01 
3.88010E-01 7.58784E-03 1.24743E+00 
4.09607E-01 7.32426E-03 1.39533E+00 
3.22484E-01 3.99322E-02 2.36976E-04 
3.24199E-01 3.67493E-02 2.78334E-04 
3.19708E-01 3.74595E-02 3.29910E-04 
3.21529E-01 3.44759E-02 3.95021E-04 
3.22826E-01 3.16480E-02 4.78718E-04 
3.23586E-01 2.89828E-02 5.87852E-04 
3.23798E-01 2.64858E-02 7.32289E-04 
3.23583E-01 2.46719E-02 8.77331E-04 
3.23458E-01 2.41610E-02 9.26664E-04 
3.22483E-01 2.18462E-02 1.21778E-03 
3.20889E-01 1.97272E-02 1.63598E-03 
3.18704E-01 1.77954E-02 2.25145E-03 
3.15959E-01 1.60408E-02 3.18139E-03 
3.12126E-01 1.48703E-02 4.62556E-03 
3.08617E-01 1.34502E-02 6.94055E-03 
3.04635E-01 1.21538E-02 1.07761E-02 
3.00233E-01 1.09711E-02 1.73581E-02 
2.95485E-01 9.89365E-03 2.90616E-02 
2.90539E-01 8.91484E-03 5.06055E-02 
2.85749E-01 8.03543E-03 9.14021E-02 
2.82185E-01 7.27139E-03 1.69415E-01 
2.83030E-01 6.68312E-03 3.13795E-01 
2.95518E-01 6.39586E-03 5.50670E-01 
3.25609E-01 6.46057E-03 8.50516E-01 
3.60832E-01 6.55907E-03 1.10306E+00 
3.79653E-01 6.31575E-03 1.22962E+00 
3.16475E-01 3.89394E-02 2.23941E-04 
3.17882E-01 3.56409E-02 2.62440E-04 
3.13828E-01 3.56197E-02 3.10412E-04 
3.15101E-01 3.26061E-02 3.70877E-04 
3.15856E-01 2.97504E-02 4.48409E-04 
3.16048E-01 2.70768E-02 5.49299E-04 
3.15673E-01 2.45901E-02 6.82568E-04 
3.14987E-01 2.27967E-02 8.16180E-04 
3.14726E-01 2.22930E-02 8.61557E-04 
3.13072E-01 2.00263E-02 1.12900E-03 
3.10785E-01 1.79704E-02 1.51212E-03 
3.07899E-01 1.61148E-02 2.07458E-03 
3.04453E-01 1.44458E-02 2.92243E-03 
3.00007E-01 1.32898E-02 4.23585E-03 
2.95788E-01 1.19675E-02 6.33569E-03 
2.91117E-01 1.07712E-02 9.80566E-03 
2.86053E-01 9.68874E-03 1.57424E-02 
2.80678E-01 8.70940E-03 2.62699E-02 
2.75133E-01 7.82510E-03 4.55930E-02 
2.69759E-01 7.03435E-03 8.20715E-02 
2.65560E-01 6.34940E-03 1.51616E-01 
2.65501E-01 5.82111E-03 2.79832E-01 
2.76289E-01 5.55642E-03 4.89384E-01 
3.03361E-01 5.59735E-03 7.53243E-01 
3.35013E-01 5.66768E-03 9.73496E-01 
3.51322E-01 5.44364E-03 1.08138E+00 
3.09612E-01 3.82058E-02 2.11758E-04 
3.10767E-01 3.47816E-02 2.47601E-04 
3.06996E-01 3.41364E-02 2.92137E-04 
3.07853E-01 3.10324E-02 3.48196E-04 
3.08133E-01 2.81253E-02 4.19931E-04 
3.07826E-01 2.54223E-02 5.13052E-04 
3.06923E-01 2.29280E-02 6.35786E-04 
3.05816E-01 2.11416E-02 7.58577E-04 
3.05426E-01 2.06428E-02 8.00271E-04 
3.03156E-01 1.84086E-02 1.04539E-03 
3.00244E-01 1.64024E-02 1.39574E-03 
2.96721E-01 1.46109E-02 1.90883E-03 
2.92641E-01 1.30171E-02 2.68006E-03 
2.87643E-01 1.18798E-02 3.87207E-03 
2.82793E-01 1.06454E-02 5.77269E-03 
2.77514E-01 9.53983E-03 8.90458E-03 
2.71873E-01 8.54841E-03 1.42475E-02 
2.65954E-01 7.65837E-03 2.36955E-02 
2.59895E-01 6.86021E-03 4.09864E-02 
2.54028E-01 6.14963E-03 7.35235E-02 
2.49286E-01 5.53652E-03 1.35352E-01 
2.48431E-01 5.06298E-03 2.48953E-01 
2.57666E-01 4.82027E-03 4.33841E-01 
2.81937E-01 4.84267E-03 6.65392E-01 
3.10290E-01 4.89069E-03 8.56970E-01 
3.24319E-01 4.68558E-03 9.48567E-01 
3.01853E-01 3.76694E-02 2.00142E-04 
3.02793E-01 3.40986E-02 2.33439E-04 
2.99247E-01 3.28956E-02 2.74738E-04 
2.99758E-01 2.96984E-02 3.26624E-04 
2.99659E-01 2.67278E-02 3.92905E-04 
2.98937E-01 2.39839E-02 4.78740E-04 
2.97586E-01 2.14704E-02 5.91626E-04 
2.96111E-01 1.96832E-02 7.04312E-04 
2.95610E-01 1.91862E-02 7.42516E-04 
2.92801E-01 1.69733E-02 9.66880E-04 
2.89327E-01 1.50072E-02 1.28674E-03 
2.85237E-01 1.32707E-02 1.75383E-03 
2.80592E-01 1.17430E-02 2.45436E-03 
2.75107E-01 1.06278E-02 3.53423E-03 
2.69708E-01 9.47233E-03 5.25131E-03 
2.63906E-01 8.44859E-03 8.07380E-03 
2.57770E-01 7.53972E-03 1.28748E-02 
2.51393E-01 6.73063E-03 2.13393E-02 
2.44913E-01 6.01009E-03 3.67839E-02 
2.38638E-01 5.37244E-03 6.57539E-02 
2.33447E-01 4.82412E-03 1.20623E-01 
2.31903E-01 4.40039E-03 2.21104E-01 
2.39733E-01 4.17874E-03 3.83963E-01 
2.61429E-01 4.18706E-03 5.86831E-01 
2.86750E-01 4.21759E-03 7.53136E-01 
2.98733E-01 4.03082E-03 8.30713E-01 
2.93264E-01 3.73145E-02 1.88795E-04 
2.93987E-01 3.35706E-02 2.19589E-04 
2.90612E-01 3.18371E-02 2.57742E-04 
2.90769E-01 2.85490E-02 3.05594E-04 
2.90315E-01 2.54999E-02 3.66576E-04 
2.89210E-01 2.27027E-02 4.45385E-04 
2.87443E-01 2.01596E-02 5.48767E-04 
2.85631E-01 1.83643E-02 6.51778E-04 
2.85026E-01 1.78676E-02 6.86671E-04 
2.81726E-01 1.56683E-02 8.91181E-04 
2.77747E-01 1.37353E-02 1.18196E-03 
2.73151E-01 1.20472E-02 1.60566E-03 
2.68003E-01 1.05800E-02 2.23909E-03 
2.62093E-01 9.49003E-03 3.21346E-03 
2.56218E-01 8.40769E-03 4.75880E-03 
2.49966E-01 7.46021E-03 7.29053E-03 
2.43416E-01 6.62783E-03 1.15862E-02 
2.36662E-01 5.89385E-03 1.91364E-02 
2.29840E-01 5.24524E-03 3.28693E-02 
2.23240E-01 4.67493E-03 5.85533E-02 
2.17685E-01 4.18641E-03 1.07035E-01 
2.15544E-01 3.80886E-03 1.95503E-01 
2.22082E-01 3.60765E-03 3.38307E-01 
2.41361E-01 3.60527E-03 5.15222E-01 
2.63841E-01 3.62210E-03 6.58880E-01 
2.73956E-01 3.45310E-03 7.24163E-01 
2.84073E-01 3.71341E-02 1.77823E-04 
2.84612E-01 3.32093E-02 2.06253E-04 
2.81336E-01 3.10049E-02 2.41401E-04 
2.81187E-01 2.75899E-02 2.85395E-04 
2.80373E-01 2.44472E-02 3.41317E-04 
2.78882E-01 2.15838E-02 4.13412E-04 
2.76718E-01 1.90009E-02 5.07804E-04 
2.74590E-01 1.71915E-02 6.01641E-04 
2.73894E-01 1.66930E-02 6.33385E-04 
2.70141E-01 1.44996E-02 8.19234E-04 
2.65704E-01 1.25926E-02 1.08281E-03 
2.60652E-01 1.09468E-02 1.46575E-03 
2.55064E-01 9.53388E-03 2.03691E-03 
2.48790E-01 8.47077E-03 2.91325E-03 
2.42511E-01 7.45517E-03 4.29918E-03 
2.35888E-01 6.57720E-03 6.56393E-03 
2.29008E-01 5.81480E-03 1.03949E-02 
2.21960E-01 5.14951E-03 1.71085E-02 
2.14881E-01 4.56673E-03 2.92823E-02 
2.08048E-01 4.05756E-03 5.19814E-02 
2.02218E-01 3.62347E-03 9.46919E-02 
1.99579E-01 3.28807E-03 1.72335E-01 
2.04953E-01 3.10630E-03 2.97166E-01 
2.21996E-01 3.09610E-03 4.50970E-01 
2.41857E-01 3.10246E-03 5.74662E-01 
2.50298E-01 2.95039E-03 6.29366E-01 
2.74194E-01 3.70915E-02 1.67046E-04 
2.74514E-01 3.29728E-02 1.93189E-04 
2.71326E-01 3.03242E-02 2.25447E-04 
2.70898E-01 2.67806E-02 2.65754E-04 
2.69780E-01 2.35390E-02 3.16883E-04 
2.67956E-01 2.06036E-02 3.82641E-04 
2.65427E-01 1.79741E-02 4.68488E-04 
2.63002E-01 1.61455E-02 5.53695E-04 
2.62222E-01 1.56435E-02 5.82475E-04 
2.58049E-01 1.34495E-02 7.50692E-04 
2.53194E-01 1.15626E-02 9.88647E-04 
2.47736E-01 9.95320E-03 1.33348E-03 
2.41761E-01 8.58905E-03 1.84642E-03 
2.35182E-01 7.55419E-03 2.63153E-03 
2.28575E-01 6.59970E-03 3.86993E-03 
2.21661E-01 5.78568E-03 5.88781E-03 
2.14529E-01 5.08778E-03 9.29108E-03 
2.07274E-01 4.48547E-03 1.52381E-02 
2.00024E-01 3.96288E-03 2.59909E-02 
1.93041E-01 3.50956E-03 4.59738E-02 
1.87026E-01 3.12508E-03 8.34519E-02 
1.83982E-01 2.82820E-03 1.51345E-01 
1.88311E-01 2.66487E-03 2.60047E-01 
2.03285E-01 2.64913E-03 3.93240E-01 
2.20730E-01 2.64774E-03 4.99332E-01 
2.27676E-01 2.51164E-03 5.44927E-01 
2.63791E-01 3.71807E-02 1.56531E-04 
2.63862E-01 3.28488E-02 1.80458E-04 
2.60724E-01 2.97835E-02 2.09940E-04 
2.59997E-01 2.61060E-02 2.46723E-04 
2.58563E-01 2.27558E-02 2.93257E-04 
2.56407E-01 1.97411E-02 3.52954E-04 
2.53544E-01 1.70604E-02 4.30749E-04 
2.50859E-01 1.52090E-02 5.07775E-04 
2.49998E-01 1.47034E-02 5.33774E-04 
2.45458E-01 1.25047E-02 6.85421E-04 
2.40244E-01 1.06338E-02 8.99404E-04 
2.34443E-01 9.05696E-03 1.20869E-03 
2.28151E-01 7.73733E-03 1.66750E-03 
2.21336E-01 6.73157E-03 2.36812E-03 
2.14476E-01 5.83326E-03 3.47024E-03 
2.07352E-01 5.07807E-03 5.26103E-03 
2.00054E-01 4.43925E-03 8.27260E-03 
1.92675E-01 3.89459E-03 1.35200E-02 
1.85339E-01 3.42678E-03 2.29798E-02 
1.78291E-01 3.02440E-03 4.05029E-02 
1.72172E-01 2.68497E-03 7.32588E-02 
1.68815E-01 2.42321E-03 1.32397E-01 
1.72215E-01 2.27721E-03 2.26686E-01 
1.85287E-01 2.25778E-03 3.41583E-01 
2.00515E-01 2.25073E-03 4.32210E-01 
2.06139E-01 2.12966E-03 4.70007E-01 
2.52925E-01 3.73848E-02 1.46280E-04 
2.52719E-01 3.28272E-02 1.68083E-04 
2.49585E-01 2.93751E-02 1.94906E-04 
2.48546E-01 2.55464E-02 2.28302E-04 
2.46802E-01 2.20815E-02 2.70468E-04 
2.44340E-01 1.89834E-02 3.24450E-04 
2.41164E-01 1.62470E-02 3.94613E-04 
2.38234E-01 1.43700E-02 4.63923E-04 
2.37302E-01 1.38595E-02 4.87288E-04 
2.32432E-01 1.16526E-02 6.23410E-04 
2.26906E-01 9.79460E-03 8.14949E-04 
2.20820E-01 8.24695E-03 1.09105E-03 
2.14276E-01 6.96832E-03 1.49962E-03 
2.07290E-01 5.99230E-03 2.12198E-03 
2.00256E-01 5.14584E-03 3.09832E-03 
1.93002E-01 4.44483E-03 4.68063E-03 
1.85618E-01 3.86043E-03 7.33388E-03 
1.78197E-01 3.36862E-03 1.19431E-02 
1.70858E-01 2.95088E-03 2.02263E-02 
1.63823E-01 2.59482E-03 3.55255E-02 
1.57683E-01 2.29629E-03 6.40295E-02 
1.54099E-01 2.06652E-03 1.15308E-01 
1.56680E-01 1.93674E-03 1.96731E-01 
1.68008E-01 1.91507E-03 2.95400E-01 
1.81207E-01 1.90407E-03 3.72449E-01 
1.85668E-01 1.79707E-03 4.03592E-01 
2.41693E-01 3.76828E-02 1.36336E-04 
2.41185E-01 3.28880E-02 1.56114E-04 
2.38027E-01 2.90709E-02 1.80407E-04 
2.36685E-01 2.50876E-02 2.10601E-04 
2.34611E-01 2.15002E-02 2.48615E-04 
2.31829E-01 1.83132E-02 2.97173E-04 
2.28355E-01 1.55186E-02 3.60145E-04 
2.25203E-01 1.36148E-02 4.22240E-04 
2.24210E-01 1.30990E-02 4.43147E-04 
2.19052E-01 1.08825E-02 5.64716E-04 
2.13269E-01 9.03580E-03 7.35367E-04 
2.06957E-01 7.51517E-03 9.80733E-04 
2.00227E-01 6.27497E-03 1.34278E-03 
1.93140E-01 5.32930E-03 1.89310E-03 
1.86010E-01 4.53100E-03 2.75421E-03 
1.78707E-01 3.88017E-03 4.14545E-03 
1.71319E-01 3.34570E-03 6.47238E-03 
1.63937E-01 2.90221E-03 1.05025E-02 
1.56672E-01 2.53013E-03 1.77233E-02 
1.49728E-01 2.21600E-03 3.10194E-02 
1.43641E-01 1.95447E-03 5.57123E-02 
1.39911E-01 1.75368E-03 9.99709E-02 
1.41780E-01 1.63896E-03 1.69964E-01 
1.51522E-01 1.61623E-03 2.54308E-01 
1.62877E-01 1.60266E-03 3.19504E-01 
1.66329E-01 1.50871E-03 3.45000E-01 
2.30188E-01 3.80524E-02 1.26739E-04 
2.29358E-01 3.30112E-02 1.44597E-04 
2.26149E-01 2.88497E-02 1.66486E-04 
2.24478E-01 2.47066E-02 1.93652E-04 
2.22100E-01 2.09957E-02 2.27775E-04 
2.19006E-01 1.77176E-02 2.71234E-04 
2.15234E-01 1.48625E-02 3.27459E-04 
2.11881E-01 1.29314E-02 3.82792E-04 
2.10832E-01 1.24106E-02 4.01406E-04 
2.05430E-01 1.01843E-02 5.09463E-04 
1.99436E-01 8.34820E-03 6.60729E-04 
1.92958E-01 6.85363E-03 8.77665E-04 
1.86111E-01 5.65012E-03 1.19698E-03 
1.78991E-01 4.73536E-03 1.68119E-03 
1.71840E-01 3.98217E-03 2.43684E-03 
1.64563E-01 3.37777E-03 3.65452E-03 
1.57249E-01 2.88923E-03 5.68501E-03 
1.49980E-01 2.48989E-03 9.19193E-03 
1.42861E-01 2.15925E-03 1.54571E-02 
1.36078E-01 1.88306E-03 2.69561E-02 
1.30113E-01 1.65491E-03 4.82422E-02 
1.26312E-01 1.48025E-03 8.62629E-02 
1.27572E-01 1.37944E-03 1.46139E-01 
1.35878E-01 1.35655E-03 2.17887E-01 
1.45570E-01 1.34155E-03 2.72784E-01 
1.48157E-01 1.25960E-03 2.93508E-01 
2.18482E-01 3.84677E-02 1.17508E-04 
2.17328E-01 3.31754E-02 1.33561E-04 
2.14038E-01 2.86920E-02 1.53187E-04 
2.12028E-01 2.43837E-02 1.77496E-04 
2.09347E-01 2.05481E-02 2.07969E-04 
2.05968E-01 1.71801E-02 2.46679E-04 
2.01924E-01 1.42659E-02 2.96611E-04 
1.98378E-01 1.23079E-02 3.45649E-04 
1.97278E-01 1.17820E-02 3.62125E-04 
1.91668E-01 9.54713E-03 4.57644E-04 
1.85515E-01 7.72260E-03 5.91026E-04 
1.78933E-01 6.25420E-03 7.81820E-04 
1.72035E-01 5.08649E-03 1.06196E-03 
1.64943E-01 4.20336E-03 1.48577E-03 
1.57842E-01 3.49261E-03 2.14543E-03 
1.50663E-01 2.93146E-03 3.20563E-03 
1.43491E-01 2.48536E-03 4.96835E-03 
1.36405E-01 2.12636E-03 8.00422E-03 
1.29497E-01 1.83329E-03 1.34118E-02 
1.22937E-01 1.59137E-03 2.33056E-02 
1.17154E-01 1.39322E-03 4.15603E-02 
1.13351E-01 1.24209E-03 7.40530E-02 
1.14096E-01 1.15406E-03 1.25009E-01 
1.21115E-01 1.13170E-03 1.85725E-01 
1.29315E-01 1.11616E-03 2.31696E-01 
1.31170E-01 1.04517E-03 2.48415E-01 
2.06723E-01 3.89098E-02 1.08708E-04 
2.05214E-01 3.33582E-02 1.23058E-04 
2.01820E-01 2.85739E-02 1.40568E-04 
1.99478E-01 2.41009E-02 1.62209E-04 
1.96481E-01 2.01400E-02 1.89264E-04 
1.92835E-01 1.66851E-02 2.23560E-04 
1.88550E-01 1.37157E-02 2.67686E-04 
1.84840E-01 1.17336E-02 3.10917E-04 
1.83696E-01 1.12034E-02 3.25425E-04 
1.77915E-01 8.96263E-03 4.09401E-04 
1.71651E-01 7.15172E-03 5.26373E-04 
1.65018E-01 5.71044E-03 6.93291E-04 
1.58129E-01 4.57840E-03 9.37727E-04 
1.51124E-01 3.72773E-03 1.30675E-03 
1.44137E-01 3.05735E-03 1.87965E-03 
1.37122E-01 2.53672E-03 2.79775E-03 
1.30157E-01 2.12970E-03 4.32029E-03 
1.23313E-01 1.80754E-03 6.93466E-03 
1.16675E-01 1.54846E-03 1.15771E-02 
1.10392E-01 1.33733E-03 2.00462E-02 
1.04845E-01 1.16601E-03 3.56208E-02 
1.01098E-01 1.03593E-03 6.32438E-02 
1.01419E-01 9.59544E-04 1.06384E-01 
1.07294E-01 9.38236E-04 1.57493E-01 
1.14169E-01 9.22788E-04 1.95780E-01 
1.15414E-01 8.61775E-04 2.09162E-01 
1.94971E-01 3.93564E-02 1.00332E-04 
1.93107E-01 3.35436E-02 1.13096E-04 
1.89581E-01 2.84756E-02 1.28627E-04 
1.86894E-01 2.38376E-02 1.47773E-04 
1.83592E-01 1.97549E-02 1.71652E-04 
1.79684E-01 1.62168E-02 2.01852E-04 
1.75184E-01 1.31974E-02 2.40610E-04 
1.71338E-01 1.11954E-02 2.78494E-04 
1.70161E-01 1.06621E-02 2.91194E-04 
1.64253E-01 8.42023E-03 3.64585E-04 
1.57924E-01 6.62622E-03 4.66547E-04 
1.51286E-01 5.21397E-03 6.11670E-04 
1.44459E-01 4.11821E-03 8.23666E-04 
1.37596E-01 3.30112E-03 1.14303E-03 
1.30784E-01 2.66975E-03 1.63758E-03 
1.23992E-01 2.18733E-03 2.42803E-03 
1.17290E-01 1.81661E-03 3.73513E-03 
1.10743E-01 1.52820E-03 5.97314E-03 
1.04424E-01 1.29995E-03 9.93538E-03 
9.84630E-02 1.11648E-03 1.71414E-02 
9.31966E-02 9.69124E-04 3.03503E-02 
8.95604E-02 8.57861E-04 5.36922E-02 
8.95380E-02 7.92044E-04 8.99952E-02 
9.44006E-02 7.72153E-04 1.32755E-01 
1.00107E-01 7.57298E-04 1.64438E-01 
1.00852E-01 7.05298E-04 1.75051E-01 
1.83426E-01 3.97791E-02 9.24769E-05 
1.81228E-01 3.37101E-02 1.03786E-04 
1.77556E-01 2.83797E-02 1.17501E-04 
1.74537E-01 2.35820E-02 1.34364E-04 
1.70928E-01 1.93822E-02 1.55326E-04 
1.66773E-01 1.57675E-02 1.81781E-04 
1.62081E-01 1.27050E-02 2.15649E-04 
1.58121E-01 1.06882E-02 2.48683E-04 
1.56917E-01 1.01532E-02 2.59746E-04 
1.50925E-01 7.91642E-03 3.23570E-04 
1.44579E-01 6.14389E-03 4.12018E-04 
1.37993E-01 4.76348E-03 5.37595E-04 
1.31279E-01 3.70505E-03 7.20587E-04 
1.24602E-01 2.92240E-03 9.95657E-04 
1.18013E-01 2.32850E-03 1.42056E-03 
1.11490E-01 1.88201E-03 2.09791E-03 
1.05097E-01 1.54478E-03 3.21489E-03 
9.88872E-02 1.28697E-03 5.12197E-03 
9.29240E-02 1.08634E-03 8.48873E-03 
8.73199E-02 9.27400E-04 1.45920E-02 
8.23672E-02 8.01192E-04 2.57431E-02 
7.88833E-02 7.06452E-04 4.53804E-02 
7.85945E-02 6.50078E-04 7.57918E-02 
8.25798E-02 6.31836E-04 1.11405E-01 
8.72720E-02 6.17917E-04 1.37502E-01 
8.76207E-02 5.73915E-04 1.45855E-01 
1.71980E-01 4.01673E-02 8.50177E-05 
1.69456E-01 3.38438E-02 9.49764E-05 
1.65619E-01 2.82657E-02 1.06999E-04 
1.62290E-01 2.33144E-02 1.21751E-04 
1.58395E-01 1.90045E-02 1.40020E-04 
1.53993E-01 1.53190E-02 1.63001E-04 
1.49124E-01 1.22206E-02 1.92363E-04 
1.45069E-01 1.01948E-02 2.20936E-04 
1.43846E-01 9.65969E-03 2.30495E-04 
1.37794E-01 7.43451E-03 2.85543E-04 
1.31469E-01 5.68918E-03 3.61655E-04 
1.24981E-01 4.34485E-03 4.69472E-04 
1.18435E-01 3.32625E-03 6.26214E-04 
1.11996E-01 2.57994E-03 8.61352E-04 
1.05680E-01 2.02319E-03 1.22366E-03 
9.94746E-02 1.61129E-03 1.79967E-03 
9.34320E-02 1.30556E-03 2.74689E-03 
8.75986E-02 1.07602E-03 4.35957E-03 
8.20257E-02 9.00495E-04 7.19789E-03 
7.68089E-02 7.63636E-04 1.23277E-02 
7.21994E-02 6.56288E-04 2.16691E-02 
6.89047E-02 5.76276E-04 3.80595E-02 
6.84137E-02 5.28424E-04 6.33348E-02 
7.16330E-02 5.11984E-04 9.27578E-02 
7.54396E-02 4.99244E-04 1.14071E-01 
7.54769E-02 4.62410E-04 1.20563E-01 
1.60817E-01 4.05002E-02 7.80311E-05 
1.57970E-01 3.39260E-02 8.67449E-05 
1.53989E-01 2.81234E-02 9.72356E-05 
1.50339E-01 2.30223E-02 1.10039E-04 
1.46180E-01 1.86119E-02 1.25852E-04 
1.41564E-01 1.48665E-02 1.45685E-04 
1.36543E-01 1.17416E-02 1.70959E-04 
1.32423E-01 9.71398E-03 1.95514E-04 
1.31183E-01 9.18052E-03 2.03713E-04 
1.25106E-01 6.97484E-03 2.50857E-04 
1.18838E-01 5.26255E-03 3.15890E-04 
1.12486E-01 3.95816E-03 4.07810E-04 
1.06147E-01 2.98155E-03 5.41153E-04 
9.99804E-02 2.27299E-03 7.40789E-04 
9.39757E-02 1.75288E-03 1.04764E-03 
8.81220E-02 1.37414E-03 1.53426E-03 
8.24624E-02 1.09787E-03 2.33227E-03 
7.70323E-02 8.94210E-04 3.68699E-03 
7.18727E-02 7.41301E-04 6.06409E-03 
6.70619E-02 6.24030E-04 1.03471E-02 
6.28142E-02 5.33280E-04 1.81207E-02 
5.97364E-02 4.66182E-04 3.17098E-02 
5.91021E-02 4.25895E-04 5.25755E-02 
6.16658E-02 4.11313E-04 7.67189E-02 
6.47142E-02 3.99891E-04 9.40015E-02 
6.45179E-02 3.69364E-04 9.89890E-02 
1.50021E-01 4.07689E-02 7.15198E-05 
1.46847E-01 3.39457E-02 7.90863E-05 
1.42704E-01 2.79350E-02 8.81722E-05 
1.38789E-01 2.26993E-02 9.92249E-05 
1.34380E-01 1.81978E-02 1.12805E-04 
1.29564E-01 1.44021E-02 1.29782E-04 
1.24410E-01 1.12608E-02 1.51361E-04 
1.20243E-01 9.23866E-03 1.72294E-04 
1.18999E-01 8.70917E-03 1.79279E-04 
1.12947E-01 6.53251E-03 2.19369E-04 
1.06771E-01 4.85961E-03 2.74524E-04 
1.00584E-01 3.59928E-03 3.52299E-04 
9.44804E-02 2.66692E-03 4.64875E-04 
8.86137E-02 1.99748E-03 6.33129E-04 
8.29500E-02 1.51367E-03 8.91154E-04 
7.74755E-02 1.16685E-03 1.29927E-03 
7.22216E-02 9.18177E-04 1.96679E-03 
6.72135E-02 7.38229E-04 3.09669E-03 
6.24810E-02 6.05632E-04 5.07351E-03 
5.80876E-02 5.05724E-04 8.62375E-03 
5.42127E-02 4.29521E-04 1.50458E-02 
5.13718E-02 3.73682E-04 2.62317E-02 
5.06451E-02 3.40065E-04 4.33314E-02 
5.26540E-02 3.27332E-04 6.29960E-02 
5.50602E-02 3.17296E-04 7.69028E-02 
5.46968E-02 2.92268E-04 8.06833E-02 
1.39636E-01 4.09629E-02 6.54704E-05 
1.36150E-01 3.38968E-02 7.19903E-05 
1.31843E-01 2.76937E-02 7.97977E-05 
1.27677E-01 2.23340E-02 8.92610E-05 
1.23042E-01 1.77528E-02 1.00825E-04 
1.18057E-01 1.39194E-02 1.15232E-04 
1.12802E-01 1.07739E-02 1.33503E-04 
1.08598E-01 8.76439E-03 1.51181E-04 
1.07350E-01 8.24064E-03 1.57072E-04 
1.01335E-01 6.10084E-03 1.90844E-04 
9.52954E-02 4.47508E-03 2.37241E-04 
8.93267E-02 3.26437E-03 3.02563E-04 
8.35007E-02 2.37916E-03 3.96900E-04 
7.79594E-02 1.75020E-03 5.37620E-04 
7.26551E-02 1.30232E-03 7.52906E-04 
6.75747E-02 9.86185E-04 1.09253E-03 
6.27382E-02 7.63358E-04 1.64653E-03 
5.81604E-02 6.05099E-04 2.58163E-03 
5.38605E-02 4.90722E-04 4.21269E-03 
4.98871E-02 4.06124E-04 7.13278E-03 
4.63882E-02 3.42602E-04 1.23970E-02 
4.37971E-02 2.96526E-04 2.15320E-02 
4.30211E-02 2.68747E-04 3.54346E-02 
4.45662E-02 2.57802E-04 5.13225E-02 
4.64345E-02 2.49156E-04 6.24179E-02 
4.59603E-02 2.28883E-04 6.52407E-02 
1.29706E-01 4.10756E-02 5.98691E-05 
1.25934E-01 3.37763E-02 6.54431E-05 
1.21451E-01 2.73933E-02 7.20869E-05 
1.17059E-01 2.19219E-02 8.01179E-05 
1.12241E-01 1.72766E-02 8.98829E-05 
1.07118E-01 1.34187E-02 1.02000E-04 
1.01782E-01 1.02790E-02 1.17314E-04 
9.75618E-02 8.28968E-03 1.32100E-04 
9.63211E-02 7.77406E-03 1.37026E-04 
9.03931E-02 5.68137E-03 1.65243E-04 
8.45119E-02 4.10872E-03 2.03923E-04 
7.87660E-02 2.95086E-03 2.58253E-04 
7.32314E-02 2.11488E-03 3.36584E-04 
6.80346E-02 1.52766E-03 4.53267E-04 
6.31100E-02 1.11558E-03 6.31392E-04 
5.84378E-02 8.29089E-04 9.11697E-04 
5.40273E-02 6.30546E-04 1.36768E-03 
4.98837E-02 4.92139E-04 2.13518E-03 
4.60160E-02 3.94075E-04 3.46985E-03 
4.24589E-02 3.22920E-04 5.85171E-03 
3.93329E-02 2.70391E-04 1.01311E-02 
3.69981E-02 2.32721E-04 1.75285E-02 
3.62085E-02 2.10009E-04 2.87361E-02 
3.73713E-02 2.00751E-04 4.14620E-02 
3.87949E-02 1.93448E-04 5.02338E-02 
3.82569E-02 1.77251E-04 5.23058E-02 
1.20258E-01 4.11011E-02 5.46966E-05 
1.16224E-01 3.35784E-02 5.94166E-05 
1.11570E-01 2.70293E-02 6.50109E-05 
1.06967E-01 2.14579E-02 7.17492E-05 
1.02004E-01 1.67643E-02 7.99151E-05 
9.67647E-02 1.28934E-02 8.99863E-05 
9.13790E-02 9.77228E-03 1.02681E-04 
8.71740E-02 7.81269E-03 1.14925E-04 
8.59436E-02 7.30720E-03 1.18999E-04 
8.01228E-02 5.26983E-03 1.42318E-04 
7.44263E-02 3.75680E-03 1.74235E-04 
6.89347E-02 2.65647E-03 2.18995E-04 
6.37117E-02 1.87197E-03 2.83419E-04 
5.88719E-02 1.32744E-03 3.79268E-04 
5.43365E-02 9.50811E-04 5.25293E-04 
5.00775E-02 6.92885E-04 7.54547E-04 
4.60939E-02 5.17120E-04 1.12651E-03 
4.23804E-02 3.96855E-04 1.75078E-03 
3.89369E-02 3.13331E-04 2.83313E-03 
3.57867E-02 2.53953E-04 4.75838E-03 
3.30247E-02 2.10897E-04 8.20530E-03 
3.09465E-02 1.80414E-04 1.41412E-02 
3.01722E-02 1.62063E-04 2.30927E-02 
3.10248E-02 1.54367E-04 3.31901E-02 
3.20861E-02 1.48326E-04 4.00561E-02 
3.15219E-02 1.35589E-04 4.15467E-02 
1.11286E-01 4.10298E-02 4.99226E-05 
1.07028E-01 3.32991E-02 5.38799E-05 
1.02228E-01 2.66024E-02 5.85402E-05 
9.74422E-02 2.09439E-02 6.41250E-05 
9.23593E-02 1.62154E-02 7.08676E-05 
8.70412E-02 1.23463E-02 7.91364E-05 
8.16346E-02 9.25546E-03 8.95283E-05 
7.74625E-02 7.33301E-03 9.95375E-05 
7.62503E-02 6.83988E-03 1.02866E-04 
7.05592E-02 4.86603E-03 1.21905E-04 
6.50660E-02 3.41842E-03 1.47932E-04 
5.98511E-02 2.37948E-03 1.84410E-04 
5.49625E-02 1.64858E-03 2.36863E-04 
5.04907E-02 1.14743E-03 3.14821E-04 
4.63466E-02 8.05722E-04 4.33349E-04 
4.24989E-02 5.75230E-04 6.18997E-04 
3.89348E-02 4.20753E-04 9.19443E-04 
3.56406E-02 3.17005E-04 1.42226E-03 
3.26077E-02 2.46414E-04 2.29136E-03 
2.98483E-02 1.97274E-04 3.83227E-03 
2.74359E-02 1.62330E-04 6.58136E-03 
2.56095E-02 1.37944E-04 1.12969E-02 
2.48728E-02 1.23313E-04 1.83746E-02 
2.54781E-02 1.17036E-04 2.63043E-02 
2.62489E-02 1.12156E-04 3.16201E-02 
2.56881E-02 1.02325E-04 3.26671E-02 
1.02823E-01 4.08661E-02 4.55341E-05 
9.83766E-02 3.29433E-02 4.88137E-05 
9.34438E-02 2.61133E-02 5.26396E-05 
8.85033E-02 2.03812E-02 5.72003E-05 
8.33173E-02 1.56300E-02 6.26784E-05 
7.79659E-02 1.17783E-02 6.93764E-05 
7.25733E-02 8.72994E-03 7.77605E-05 
6.84502E-02 6.85169E-03 8.58216E-05 
6.72595E-02 6.37272E-03 8.85008E-05 
6.17266E-02 4.47045E-03 1.03837E-04 
5.64694E-02 3.09415E-03 1.24810E-04 
5.15496E-02 2.11974E-03 1.54195E-04 
4.69963E-02 1.44340E-03 1.96393E-04 
4.28882E-02 9.85655E-04 2.59064E-04 
3.91336E-02 6.78181E-04 3.54216E-04 
3.56898E-02 4.73921E-04 5.02936E-04 
3.25340E-02 3.39291E-04 7.43015E-04 
2.96436E-02 2.50542E-04 1.14369E-03 
2.70031E-02 1.91403E-04 1.83413E-03 
2.46143E-02 1.51121E-04 3.05418E-03 
2.25331E-02 1.23076E-04 5.22311E-03 
2.09492E-02 1.03819E-04 8.92840E-03 
2.02665E-02 9.23309E-05 1.44630E-02 
2.06786E-02 8.73219E-05 2.06206E-02 
2.12210E-02 8.34896E-05 2.46874E-02 
2.06858E-02 7.60721E-05 2.54014E-02 
9.48562E-02 4.06122E-02 4.15018E-05 
9.02343E-02 3.25053E-02 4.41697E-05 
8.52029E-02 2.55623E-02 4.72614E-05 
8.01379E-02 1.97706E-02 5.09168E-05 
7.48859E-02 1.50120E-02 5.52878E-05 
6.95215E-02 1.11896E-02 6.06063E-05 
6.41751E-02 8.19558E-03 6.72481E-05 
6.01286E-02 6.36952E-03 7.36308E-05 
5.89672E-02 5.90671E-03 7.57524E-05 
5.36101E-02 4.08277E-03 8.78943E-05 
4.86074E-02 2.78257E-03 1.04539E-04 
4.39918E-02 1.87514E-03 1.27863E-04 
3.97858E-02 1.25453E-03 1.61363E-04 
3.60459E-02 8.40275E-04 2.11112E-04 
3.26739E-02 5.66171E-04 2.86536E-04 
2.96219E-02 3.86883E-04 4.04200E-04 
2.68583E-02 2.70691E-04 5.93700E-04 
2.43522E-02 1.95523E-04 9.09092E-04 
2.20816E-02 1.46483E-04 1.45091E-03 
2.00407E-02 1.13842E-04 2.40507E-03 
1.82692E-02 9.16293E-05 4.09509E-03 
1.69152E-02 7.66591E-05 6.97042E-03 
1.62978E-02 6.78062E-05 1.12438E-02 
1.65624E-02 6.39146E-05 1.59638E-02 
1.69282E-02 6.10098E-05 1.90321E-02 
1.64346E-02 5.55812E-05 1.95012E-02 
8.74393E-02 4.02679E-02 3.78313E-05 
8.26689E-02 3.19927E-02 3.99595E-05 
7.75654E-02 2.49552E-02 4.24101E-05 
7.24126E-02 1.91209E-02 4.52791E-05 
6.71146E-02 1.43669E-02 4.86838E-05 
6.17766E-02 1.05885E-02 5.28222E-05 
5.65025E-02 7.65908E-03 5.79735E-05 
5.25523E-02 5.89170E-03 6.29280E-05 
5.14263E-02 5.44678E-03 6.45774E-05 
4.62751E-02 3.70784E-03 7.40307E-05 
4.15334E-02 2.48653E-03 8.70222E-05 
3.72297E-02 1.64748E-03 1.05272E-04 
3.33722E-02 1.08259E-03 1.31518E-04 
2.99943E-02 7.10973E-04 1.70525E-04 
2.69950E-02 4.68926E-04 2.29623E-04 
2.43183E-02 3.13089E-04 3.21668E-04 
2.19237E-02 2.13771E-04 4.69576E-04 
1.97751E-02 1.50716E-04 7.15064E-04 
1.78455E-02 1.10457E-04 1.13551E-03 
1.61231E-02 8.42984E-05 1.87336E-03 
1.46343E-02 6.69358E-05 3.17541E-03 
1.34927E-02 5.54845E-05 5.38136E-03 
1.29465E-02 4.87993E-05 8.64305E-03 
1.31026E-02 4.58700E-05 1.22186E-02 
1.33367E-02 4.37684E-05 1.45046E-02 
1.28942E-02 3.99441E-05 1.47988E-02 
8.04618E-02 3.98326E-02 3.44506E-05 
7.55758E-02 3.14047E-02 3.61010E-05 
7.04127E-02 2.42861E-02 3.79811E-05 
6.52147E-02 1.84281E-02 4.01665E-05 
5.99057E-02 1.36936E-02 4.27324E-05 
5.46162E-02 9.97063E-03 4.58455E-05 
4.94514E-02 7.11789E-03 4.97251E-05 
4.56130E-02 5.41519E-03 5.34567E-05 
4.45259E-02 4.98960E-03 5.47024E-05 
3.96088E-02 3.34218E-03 6.18858E-05 
3.51467E-02 2.20329E-03 7.18031E-05 
3.11594E-02 1.43379E-03 8.57848E-05 
2.76495E-02 9.24573E-04 1.05962E-04 
2.46325E-02 5.95009E-04 1.36043E-04 
2.19948E-02 3.83821E-04 1.81603E-04 
1.96749E-02 2.50035E-04 2.52459E-04 
1.76270E-02 1.66231E-04 3.66070E-04 
1.58108E-02 1.14046E-04 5.54135E-04 
1.41952E-02 8.14635E-05 8.75207E-04 
1.27645E-02 6.08401E-05 1.43677E-03 
1.15335E-02 4.75284E-05 2.42385E-03 
1.05872E-02 3.89763E-05 4.08888E-03 
1.01150E-02 3.40792E-05 6.53757E-03 
1.01932E-02 3.19781E-05 9.20069E-03 
1.03308E-02 3.05731E-05 1.08734E-02 
9.94487E-03 2.80433E-05 1.10444E-02 
7.39609E-02 3.93110E-02 3.13630E-05 
6.89980E-02 3.07510E-02 3.25981E-05 
6.37958E-02 2.35670E-02 3.39799E-05 
5.85838E-02 1.77015E-02 3.55749E-05 
5.32976E-02 1.30016E-02 3.74236E-05 
4.80839E-02 9.34558E-03 3.96644E-05 
4.30552E-02 6.57919E-03 4.24726E-05 
3.93550E-02 4.94744E-03 4.51892E-05 
3.83138E-02 4.54265E-03 4.61004E-05 
3.36396E-02 2.99018E-03 5.13858E-05 
2.94704E-02 1.93576E-03 5.87663E-05 
2.58131E-02 1.23633E-03 6.92644E-05 
2.26483E-02 7.81715E-04 8.44900E-05 
1.99727E-02 4.92393E-04 1.07265E-04 
1.76752E-02 3.10270E-04 1.41793E-04 
1.56879E-02 1.96869E-04 1.95453E-04 
1.39596E-02 1.27103E-04 2.81339E-04 
1.24462E-02 8.45190E-05 4.23152E-04 
1.11140E-02 5.85497E-05 6.64484E-04 
9.94422E-03 4.25739E-05 1.08513E-03 
8.94294E-03 3.25901E-05 1.82154E-03 
8.17203E-03 2.63844E-05 3.05807E-03 
7.77270E-03 2.29359E-05 4.86637E-03 
7.79794E-03 2.15341E-05 6.81662E-03 
7.86781E-03 2.07188E-05 8.01831E-03 
7.53977E-03 1.92162E-05 8.10647E-03 
6.79011E-02 3.86984E-02 2.85391E-05 
6.28960E-02 3.00303E-02 2.94141E-05 
5.76877E-02 2.28013E-02 3.03678E-05 
5.24885E-02 1.69442E-02 3.14545E-05 
4.72605E-02 1.22947E-02 3.26968E-05 
4.21497E-02 8.71714E-03 3.42024E-05 
3.72812E-02 6.04587E-03 3.61167E-05 
3.37373E-02 4.49024E-03 3.79943E-05 
3.27465E-02 4.10738E-03 3.86302E-05 
2.83358E-02 2.65363E-03 4.23628E-05 
2.44693E-02 1.68476E-03 4.76770E-05 
2.11404E-02 1.05464E-03 5.53464E-05 
1.83130E-02 6.53030E-04 6.65699E-05 
1.59665E-02 4.02061E-04 8.34658E-05 
1.39894E-02 2.47087E-04 1.09140E-04 
1.23097E-02 1.52346E-04 1.49041E-04 
1.08722E-02 9.51468E-05 2.12818E-04 
9.63072E-03 6.09603E-05 3.17867E-04 
8.55069E-03 4.06373E-05 4.96102E-04 
7.61030E-03 2.85253E-05 8.05563E-04 
6.81042E-03 2.12501E-05 1.34511E-03 
6.19390E-03 1.69235E-05 2.24674E-03 
5.86381E-03 1.46366E-05 3.55744E-03 
5.85525E-03 1.38192E-05 4.95843E-03 
5.87968E-03 1.34988E-05 5.80377E-03 
5.60778E-03 1.28025E-05 5.83873E-03 
6.22586E-02 3.79945E-02 2.59568E-05 
5.72484E-02 2.92462E-02 2.65234E-05 
5.20617E-02 2.19926E-02 2.71100E-05 
4.69046E-02 1.61613E-02 2.77645E-05 
4.17671E-02 1.15779E-02 2.84990E-05 
3.67880E-02 8.09035E-03 2.93942E-05 
3.21004E-02 5.52190E-03 3.05714E-05 
2.87298E-02 4.04689E-03 3.17671E-05 
2.77928E-02 3.68676E-03 3.21788E-05 
2.36632E-02 2.33452E-03 3.46617E-05 
2.01057E-02 1.45125E-03 3.83199E-05 
1.71031E-02 8.88942E-04 4.37341E-05 
1.46028E-02 5.38137E-04 5.17792E-05 
1.25691E-02 3.23268E-04 6.40201E-05 
1.08896E-02 1.93297E-04 8.26985E-05 
9.49014E-03 1.15386E-04 1.11760E-04 
8.31327E-03 6.92876E-05 1.58170E-04 
7.31215E-03 4.23552E-05 2.34442E-04 
6.45217E-03 2.67936E-05 3.63452E-04 
5.71048E-03 1.78640E-05 5.86563E-04 
5.08390E-03 1.27692E-05 9.73871E-04 
4.60074E-03 9.93221E-06 1.61777E-03 
4.33414E-03 8.56779E-06 2.54779E-03 
4.30601E-03 8.23478E-06 3.53221E-03 
4.30182E-03 8.32685E-06 4.11249E-03 
4.08196E-03 8.25759E-06 4.11539E-03 
5.70065E-02 3.71989E-02 2.35942E-05 
5.20184E-02 2.83962E-02 2.38956E-05 
4.68878E-02 2.11442E-02 2.41730E-05 
4.18017E-02 1.53570E-02 2.44640E-05 
3.67840E-02 1.08551E-02 2.47778E-05 
3.19645E-02 7.46935E-03 2.51742E-05 
2.74802E-02 5.01125E-03 2.57553E-05 
2.42961E-02 3.62034E-03 2.64048E-05 
2.34170E-02 3.28374E-03 2.66388E-05 
1.95806E-02 2.03444E-03 2.81327E-05 
1.63364E-02 1.23603E-03 3.04907E-05 
1.36544E-02 7.39339E-04 3.41407E-05 
1.14710E-02 4.36732E-04 3.97175E-05 
9.73046E-03 2.55280E-04 4.83381E-05 
8.32384E-03 1.47980E-04 6.15881E-05 
7.17595E-03 8.50156E-05 8.22571E-05 
6.22876E-03 4.85753E-05 1.15257E-04 
5.43630E-03 2.78212E-05 1.69382E-04 
4.76485E-03 1.62231E-05 2.60637E-04 
4.19203E-03 9.88378E-06 4.17817E-04 
3.71162E-03 6.52484E-06 6.89369E-04 
3.34120E-03 4.85658E-06 1.13828E-03 
3.13092E-03 4.21848E-06 1.78204E-03 
3.09326E-03 4.28514E-06 2.45602E-03 
3.07250E-03 4.72000E-06 2.84271E-03 
2.89902E-03 5.13501E-06 2.82815E-03 
5.21110E-02 3.63043E-02 2.14292E-05 
4.71744E-02 2.74778E-02 2.15050E-05 
4.21350E-02 2.02575E-02 2.15264E-05 
3.71526E-02 1.45358E-02 2.15175E-05 
3.22793E-02 1.01307E-02 2.14866E-05 
2.76462E-02 6.85836E-03 2.14835E-05 
2.33846E-02 4.51732E-03 2.15918E-05 
2.03985E-02 3.21338E-03 2.18139E-05 
1.95809E-02 2.90093E-03 2.19104E-05 
1.60474E-02 1.75519E-03 2.26418E-05 
1.31178E-02 1.03993E-03 2.40043E-05 
1.07488E-02 6.05967E-04 2.63092E-05 
8.86430E-03 3.48260E-04 3.00026E-05 
7.39567E-03 1.97302E-04 3.58677E-05 
6.23681E-03 1.10262E-04 4.49952E-05 
5.31207E-03 6.03656E-05 5.93039E-05 
4.56430E-03 3.21885E-05 8.21630E-05 
3.94964E-03 1.66086E-05 1.19585E-04 
3.43633E-03 8.25860E-06 1.82447E-04 
3.00390E-03 3.99858E-06 2.90276E-04 
2.64394E-03 2.00481E-06 4.75537E-04 
2.36655E-03 1.24400E-06 7.79817E-04 
2.20453E-03 1.17376E-06 1.21257E-03 
2.16391E-03 1.56973E-06 1.65980E-03 
2.13481E-03 2.28981E-06 1.90807E-03 
2.00108E-03 3.07720E-06 1.88561E-03 
4.75141E-02 3.52906E-02 1.94305E-05 
4.26685E-02 2.64835E-02 1.93199E-05 
3.77512E-02 1.93268E-02 1.91305E-05 
3.29063E-02 1.36960E-02 1.88786E-05 
2.82062E-02 9.40551E-03 1.85721E-05 
2.37847E-02 6.25893E-03 1.82558E-05 
1.97648E-02 4.04180E-03 1.79983E-05 
1.69870E-02 2.82731E-03 1.78948E-05 
1.62329E-02 2.53936E-03 1.78872E-05 
1.30096E-02 1.49714E-03 1.80464E-05 
1.03939E-02 8.62865E-04 1.86696E-05 
8.32769E-03 4.88304E-04 1.99759E-05 
6.72572E-03 2.72060E-04 2.22746E-05 
5.50761E-03 1.48551E-04 2.60973E-05 
4.56945E-03 7.92800E-05 3.21592E-05 
3.83868E-03 4.05950E-05 4.17402E-05 
3.26068E-03 1.93642E-05 5.70771E-05 
2.79464E-03 8.04843E-06 8.21419E-05 
2.41146E-03 2.32315E-06 1.24067E-04 
2.09316E-03 -2.88896E-07 1.95639E-04 
1.83030E-03 -1.21879E-06 3.17782E-04 
1.62779E-03 -1.27959E-06 5.16797E-04 
1.50580E-03 -9.06341E-07 7.96912E-04 
1.46605E-03 -2.37267E-07 1.08166E-03 
1.43376E-03 7.22418E-07 1.23298E-03 
1.33286E-03 1.79661E-06 1.20838E-03 
4.31951E-02 3.41381E-02 1.75847E-05 
3.84839E-02 2.54062E-02 1.73259E-05 
3.37210E-02 1.83514E-02 1.69682E-05 
2.90493E-02 1.28419E-02 1.65269E-05 
2.45498E-02 8.68523E-03 1.60081E-05 
2.03633E-02 5.67680E-03 1.54562E-05 
1.66028E-02 3.58996E-03 1.49294E-05 
1.40402E-02 2.46640E-03 1.45889E-05 
1.33509E-02 2.20296E-03 1.45061E-05 
1.04410E-02 1.26296E-03 1.42587E-05 
8.13184E-03 7.06083E-04 1.43570E-05 
6.35404E-03 3.86758E-04 1.49559E-05 
5.01253E-03 2.07906E-04 1.62605E-05 
4.01928E-03 1.08480E-04 1.86198E-05 
3.27461E-03 5.44310E-05 2.24850E-05 
2.70879E-03 2.51116E-05 2.86711E-05 
2.27135E-03 9.55313E-06 3.86058E-05 
1.92570E-03 1.65194E-06 5.48101E-05 
1.64621E-03 -2.00691E-06 8.17714E-05 
1.41740E-03 -3.34303E-06 1.27500E-04 
1.23006E-03 -3.45952E-06 2.04847E-04 
1.08565E-03 -2.98786E-06 3.29527E-04 
9.95370E-04 -2.27082E-06 5.02510E-04 
9.58235E-04 -1.37523E-06 6.74274E-04 
9.25510E-04 -2.14286E-07 7.59687E-04 
8.50559E-04 1.08000E-06 7.36184E-04 
3.90787E-02 3.28039E-02 1.58563E-05 
3.45481E-02 2.42177E-02 1.54840E-05 
2.99796E-02 1.73151E-02 1.49977E-05 
2.55207E-02 1.19651E-02 1.44158E-05 
2.12540E-02 7.96659E-03 1.37417E-05 
1.73255E-02 5.11056E-03 1.30210E-05 
1.38420E-02 3.16129E-03 1.23070E-05 
1.15021E-02 2.13043E-03 1.18046E-05 
1.08789E-02 1.89156E-03 1.16711E-05 
8.28198E-03 1.05194E-03 1.11504E-05 
6.27128E-03 5.68747E-04 1.08977E-05 
4.76583E-03 3.00304E-04 1.10202E-05 
3.66289E-03 1.54793E-04 1.16471E-05 
2.86904E-03 7.61618E-05 1.29952E-05 
2.29033E-03 3.48654E-05 1.53287E-05 
1.86180E-03 1.31906E-05 1.91383E-05 
1.53821E-03 2.16347E-06 2.52862E-05 
1.28774E-03 -3.05986E-06 3.52836E-05 
1.08882E-03 -5.12125E-06 5.17956E-05 
9.28176E-04 -5.48417E-06 7.94993E-05 
7.97903E-04 -4.98467E-06 1.25742E-04 
6.97188E-04 -4.10991E-06 1.99040E-04 
6.31041E-04 -3.12555E-06 2.98411E-04 
5.96853E-04 -2.04054E-06 3.93260E-04 
5.64905E-04 -7.09213E-07 4.34893E-04 
5.09613E-04 7.53766E-07 4.13870E-04 
3.51002E-02 3.12320E-02 1.42160E-05 
3.07977E-02 2.28788E-02 1.37613E-05 
2.64732E-02 1.61968E-02 1.31857E-05 
2.22693E-02 1.10537E-02 1.25079E-05 
1.82729E-02 7.24504E-03 1.17315E-05 
1.46290E-02 4.55927E-03 1.09025E-05 
1.14408E-02 2.75622E-03 1.00732E-05 
9.33013E-03 1.81988E-03 9.47242E-06 
8.77354E-03 1.60557E-03 9.30831E-06 
6.48781E-03 8.64201E-04 8.62506E-06 
4.76447E-03 4.50445E-04 8.16097E-06 
3.51240E-03 2.28207E-04 7.98765E-06 
2.62394E-03 1.11861E-04 8.18079E-06 
2.00339E-03 5.07744E-05 8.86385E-06 
1.56386E-03 1.98889E-05 1.01732E-05 
1.24654E-03 4.27485E-06 1.23788E-05 
1.01219E-03 -3.24543E-06 1.59579E-05 
8.34359E-04 -6.43211E-06 2.17398E-05 
6.95611E-04 -7.29372E-06 3.11606E-05 
5.85131E-04 -6.93146E-06 4.66673E-05 
4.96353E-04 -5.97528E-06 7.19291E-05 
4.27196E-04 -4.80077E-06 1.10717E-04 
3.78532E-04 -3.61121E-06 1.60926E-04 
3.46802E-04 -2.36990E-06 2.04876E-04 
3.15849E-04 -8.97374E-07 2.18283E-04 
2.74799E-04 6.90727E-07 2.00073E-04 
3.11734E-02 2.93371E-02 1.26264E-05 
2.71538E-02 2.13302E-02 1.21194E-05 
2.31330E-02 1.49609E-02 1.14935E-05 
1.92342E-02 1.00870E-02 1.07623E-05 
1.55524E-02 6.51031E-03 9.93358E-06 
1.22257E-02 4.01868E-03 9.05229E-06 
9.35379E-03 2.37319E-03 8.17119E-06 
7.47989E-03 1.53410E-03 7.52669E-06 
6.99091E-03 1.34445E-03 7.34909E-06 
5.01249E-03 6.99085E-04 6.59251E-06 
3.56302E-03 3.50302E-04 6.02585E-06 
2.54353E-03 1.69463E-04 5.69439E-06 
1.84419E-03 7.81322E-05 5.63518E-06 
1.37064E-03 3.14905E-05 5.90806E-06 
1.04450E-03 8.85187E-06 6.56476E-06 
8.14297E-04 -2.11603E-06 7.72945E-06 
6.47458E-04 -7.01666E-06 9.62730E-06 
5.22960E-04 -8.71032E-06 1.26414E-05 
4.27366E-04 -8.70407E-06 1.74050E-05 
3.52295E-04 -7.82288E-06 2.49183E-05 
2.92434E-04 -6.54343E-06 3.64676E-05 
2.45153E-04 -5.15750E-06 5.28071E-05 
2.08524E-04 -3.81938E-06 7.12100E-05 
1.78509E-04 -2.45771E-06 8.25652E-05 
1.48337E-04 -8.78542E-07 7.83951E-05 
1.17264E-04 7.90743E-07 6.28675E-05 
2.72037E-02 2.70097E-02 1.10469E-05 
2.35325E-02 1.94981E-02 1.05178E-05 
1.98774E-02 1.35554E-02 9.87674E-06 
1.63440E-02 9.03387E-03 9.13382E-06 
1.30302E-02 5.74523E-03 8.30106E-06 
1.00612E-02 3.48030E-03 7.42044E-06 
7.53103E-03 2.00812E-03 6.54433E-06 
5.90420E-03 1.27077E-03 5.90381E-06 
5.48407E-03 1.10618E-03 5.72705E-06 
3.80995E-03 5.55223E-04 4.96982E-06 
2.61949E-03 2.67012E-04 4.38338E-06 
1.81037E-03 1.22832E-04 3.99420E-06 
1.27440E-03 5.25567E-05 3.81186E-06 
9.22258E-04 1.75163E-05 3.85418E-06 
6.85549E-04 1.20599E-06 4.11969E-06 
5.21070E-04 -6.33000E-06 4.64047E-06 
4.03239E-04 -9.35453E-06 5.48362E-06 
3.16280E-04 -1.00090E-05 6.75276E-06 
2.50377E-04 -9.41720E-06 8.58038E-06 
1.99302E-04 -8.19977E-06 1.10691E-05 
1.58827E-04 -6.72246E-06 1.40336E-05 
1.26169E-04 -5.21489E-06 1.64155E-05 
9.75819E-05 -3.79303E-06 1.52099E-05 
6.88484E-05 -2.36164E-06 6.77642E-06 
3.94666E-05 -7.28050E-07 -7.58960E-06 
1.53344E-05 9.65000E-07 -2.07059E-05 
2.31254E-02 2.41579E-02 9.44648E-06 
1.98653E-02 1.73133E-02 8.92172E-06 
1.66344E-02 1.19278E-02 8.29550E-06 
1.35302E-02 7.85962E-03 7.57959E-06 
1.06414E-02 4.92799E-03 6.78703E-06 
8.07714E-03 2.93195E-03 5.95640E-06 
5.92036E-03 1.65463E-03 5.13741E-06 
4.55394E-03 1.02592E-03 4.54260E-06 
4.20454E-03 8.87233E-04 4.37883E-06 
2.83350E-03 4.30371E-04 3.67975E-06 
1.88725E-03 1.98802E-04 3.13521E-06 
1.26576E-03 8.68649E-05 2.75769E-06 
8.67856E-04 3.40542E-05 2.53896E-06 
6.13186E-04 8.18510E-06 2.47097E-06 
4.44810E-04 -3.39657E-06 2.52272E-06 
3.28383E-04 -8.49123E-06 2.67389E-06 
2.45062E-04 -1.02510E-05 2.90105E-06 
1.83794E-04 -1.02533E-05 3.14903E-06 
1.37826E-04 -9.33654E-06 3.26882E-06 
1.02679E-04 -7.97193E-06 2.86557E-06 
7.50229E-05 -6.44283E-06 9.59569E-07 
5.20542E-05 -4.93075E-06 -4.44591E-06 
2.91675E-05 -3.52061E-06 -1.63161E-05 
2.21118E-06 -2.10614E-06 -3.50578E-05 
-2.55078E-05 -5.10445E-07 -5.40361E-05 
-4.44751E-05 1.11386E-06 -6.48835E-05 
1.89798E-02 2.08052E-02 7.83180E-06 
1.61659E-02 1.47780E-02 7.32809E-06 
1.34009E-02 1.00738E-02 6.73940E-06 
1.07734E-02 6.55666E-03 6.08051E-06 
8.35478E-03 4.05050E-03 5.36346E-06 
6.23699E-03 2.36795E-03 4.62481E-06 
4.48115E-03 1.30834E-03 3.90613E-06 
3.38735E-03 7.96177E-04 3.39138E-06 
3.11047E-03 6.84480E-04 3.25049E-06 
2.04003E-03 3.22028E-04 2.65431E-06 
1.32232E-03 1.43630E-04 2.19458E-06 
8.65603E-04 5.99798E-05 1.87303E-06 
5.81729E-04 2.15758E-05 1.67214E-06 
4.03547E-04 2.99040E-06 1.57186E-06 
2.86528E-04 -5.07508E-06 1.53087E-06 
2.05202E-04 -8.46892E-06 1.50853E-06 
1.46604E-04 -9.44766E-06 1.44477E-06 
1.03477E-04 -9.14826E-06 1.22236E-06 
7.13984E-05 -8.18370E-06 5.88665E-07 
4.72191E-05 -6.90491E-06 -1.01848E-06 
2.83859E-05 -5.52578E-06 -4.79984E-06 
1.22903E-05 -4.18434E-06 -1.29249E-05 
-5.52397E-06 -2.93945E-06 -2.79619E-05 
-2.87215E-05 -1.69108E-06 -4.88397E-05 
-5.25483E-05 -2.93769E-07 -6.73901E-05 
-6.69214E-05 1.10845E-06 -7.58064E-05 
1.49891E-02 1.72009E-02 6.27716E-06 
1.26227E-02 1.20733E-02 5.80501E-06 
1.03295E-02 8.11906E-03 5.26840E-06 
8.18687E-03 5.20567E-03 4.68448E-06 
6.24841E-03 3.16209E-03 4.06530E-06 
4.58295E-03 1.81429E-03 3.44290E-06 
3.22921E-03 9.81817E-04 2.85082E-06 
2.40258E-03 5.87357E-04 2.43539E-06 
2.19571E-03 5.02348E-04 2.32287E-06 
1.40805E-03 2.30487E-04 1.85322E-06 
8.94014E-04 1.00203E-04 1.49830E-06 
5.75532E-04 4.06802E-05 1.25283E-06 
3.82041E-04 1.39573E-05 1.09728E-06 
2.62200E-04 1.20381E-06 1.01081E-06 
1.83773E-04 -4.20557E-06 9.58099E-07 
1.29066E-04 -6.40999E-06 9.03021E-07 
8.95523E-05 -6.96859E-06 7.92576E-07 
6.05255E-05 -6.66276E-06 5.25374E-07 
3.91079E-05 -5.91305E-06 -1.09659E-07 
2.31442E-05 -4.95961E-06 -1.56921E-06 
1.08155E-05 -3.94775E-06 -4.80023E-06 
1.54206E-07 -2.97068E-06 -1.14643E-05 
-1.22222E-05 -2.06543E-06 -2.34012E-05 
-2.89662E-05 -1.15692E-06 -3.94776E-05 
-4.61205E-05 -1.44149E-07 -5.32456E-05 
-5.58884E-05 8.63865E-07 -5.89719E-05 
---
