PdfType: replica
Format: lhagrid1
---
1.00000E-06 1.28121E-06 1.64152E-06 2.10317E-06 2.69463E-06 3.45242E-06 4.42329E-06 5.66715E-06 7.26076E-06 9.30241E-06 1.19180E-05 1.52689E-05 1.95617E-05 2.50609E-05 3.21053E-05 4.11287E-05 5.26863E-05 6.74889E-05 8.64459E-05 1.10720E-04 1.41800E-04 1.81585E-04 2.32503E-04 2.97652E-04 3.80981E-04 4.87518E-04 6.26039E-04 8.00452E-04 1.02297E-03 1.30657E-03 1.66759E-03 2.12729E-03 2.71054E-03 3.44865E-03 4.37927E-03 5.54908E-03 7.01192E-03 8.83064E-03 1.10763E-02 1.38266E-02 1.71641E-02 2.11717E-02 2.59364E-02 3.15062E-02 3.79623E-02 4.53425E-02 5.36750E-02 6.29705E-02 7.32221E-02 8.44039E-02 9.64793E-02 1.09332E-01 1.23067E-01 1.37507E-01 1.52639E-01 1.68416E-01 1.84794E-01 2.01731E-01 2.19016E-01 2.36948E-01 2.55242E-01 2.73927E-01 2.92954E-01 3.12340E-01 3.32036E-01 3.52019E-01 3.72282E-01 3.92772E-01 4.13533E-01 4.34326E-01 4.55495E-01 4.76836E-01 4.98342E-01 5.20006E-01 5.41818E-01 5.63773E-01 5.85861E-01 6.08077E-01 6.30459E-01 6.52800E-01 6.75387E-01 6.98063E-01 7.20830E-01 7.43683E-01 7.66623E-01 7.89636E-01 8.12791E-01 8.35940E-01 8.59175E-01 8.82485E-01 9.05866E-01 9.29311E-01 9.52817E-01 9.76387E-01 1.00000E+00 
1.14018E+00 1.22539E+00 1.32482E+00 1.44156E+00 1.57954E+00 1.74381E+00 1.94091E+00 2.12132E+00 2.17945E+00 2.49622E+00 2.89383E+00 3.39925E+00 4.05063E+00 4.90286E+00 6.03623E+00 7.57063E+00 9.68869E+00 1.26749E+01 1.69835E+01 2.33578E+01 3.30501E+01 4.82334E+01 7.28041E+01 1.13998E+02 1.85779E+02 3.16228E+02 
908 909 910 
8.49119E-01 4.95061E-02 2.70162E-01 
8.64142E-01 5.84272E-02 3.18066E-01 
8.97896E-01 7.47724E-02 3.78724E-01 
9.59480E-01 9.95558E-02 4.56198E-01 
1.04301E+00 1.29639E-01 5.56924E-01 
1.15238E+00 1.65804E-01 6.91396E-01 
1.29201E+00 2.08868E-01 8.72321E-01 
1.42328E+00 2.47356E-01 1.05574E+00 
1.46618E+00 2.59589E-01 1.11965E+00 
1.69919E+00 3.23836E-01 1.49661E+00 
1.98648E+00 3.99013E-01 2.04969E+00 
2.33684E+00 4.85871E-01 2.88170E+00 
2.75958E+00 5.85861E-01 4.16248E+00 
3.26455E+00 7.56580E-01 6.20806E+00 
3.86831E+00 8.96940E-01 9.58040E+00 
4.59931E+00 1.05366E+00 1.53064E+01 
5.47919E+00 1.22775E+00 2.54153E+01 
6.53217E+00 1.41959E+00 4.39354E+01 
7.78926E+00 1.63020E+00 7.90687E+01 
9.29630E+00 1.86227E+00 1.47912E+02 
1.11441E+01 2.12548E+00 2.84613E+02 
1.35804E+01 2.45484E+00 5.47471E+02 
1.72729E+01 2.94752E+00 9.98443E+02 
2.32567E+01 3.73245E+00 1.60586E+03 
3.14398E+01 4.72704E+00 2.17237E+03 
4.01334E+01 5.63241E+00 2.53198E+03 
1.57957E+00 9.15173E-02 4.57905E-01 
1.60853E+00 1.08496E-01 5.38848E-01 
1.67306E+00 1.39575E-01 6.41369E-01 
1.79027E+00 1.86710E-01 7.73041E-01 
1.94854E+00 2.43744E-01 9.44770E-01 
2.15474E+00 3.12070E-01 1.17212E+00 
2.41682E+00 3.93195E-01 1.47835E+00 
2.66306E+00 4.65626E-01 1.78987E+00 
2.74308E+00 4.88536E-01 1.89721E+00 
3.17832E+00 6.08972E-01 2.53652E+00 
3.71344E+00 7.49370E-01 3.47325E+00 
4.36441E+00 9.11303E-01 4.88282E+00 
5.14870E+00 1.09628E+00 7.05817E+00 
6.08510E+00 1.41331E+00 1.05208E+01 
7.20200E+00 1.67130E+00 1.62174E+01 
8.55207E+00 1.95896E+00 2.59137E+01 
1.01728E+01 2.27726E+00 4.30218E+01 
1.21086E+01 2.62704E+00 7.43861E+01 
1.44145E+01 3.00968E+00 1.33949E+02 
1.71716E+01 3.42974E+00 2.50599E+02 
2.05445E+01 3.90480E+00 4.81861E+02 
2.49879E+01 4.49890E+00 9.27071E+02 
3.17234E+01 5.38913E+00 1.69145E+03 
4.26292E+01 6.80765E+00 2.71983E+03 
5.75169E+01 8.60122E+00 3.67928E+03 
7.32787E+01 1.02239E+01 4.28774E+03 
1.49692E+00 8.60244E-02 3.87603E-01 
1.52574E+00 1.02645E-01 4.56003E-01 
1.58933E+00 1.33017E-01 5.42865E-01 
1.70338E+00 1.78822E-01 6.54183E-01 
1.85661E+00 2.34108E-01 7.99545E-01 
2.05527E+00 3.00139E-01 9.91808E-01 
2.30653E+00 3.78259E-01 1.25065E+00 
2.54199E+00 4.47818E-01 1.51431E+00 
2.61823E+00 4.69747E-01 1.60460E+00 
3.03261E+00 5.84890E-01 2.14527E+00 
3.54029E+00 7.18551E-01 2.93681E+00 
4.15598E+00 8.72109E-01 4.12811E+00 
4.89591E+00 1.04667E+00 5.96920E+00 
5.77997E+00 1.34575E+00 8.89606E+00 
6.83145E+00 1.58683E+00 1.37058E+01 
8.09861E+00 1.85456E+00 2.18961E+01 
9.61520E+00 2.14954E+00 3.63512E+01 
1.14212E+01 2.47232E+00 6.28369E+01 
1.35664E+01 2.82394E+00 1.13158E+02 
1.61244E+01 3.20835E+00 2.11682E+02 
1.92463E+01 3.64168E+00 4.06942E+02 
2.33524E+01 4.18296E+00 7.82736E+02 
2.95765E+01 4.99565E+00 1.42819E+03 
3.96483E+01 6.29163E+00 2.29623E+03 
5.33648E+01 7.92544E+00 3.10592E+03 
6.78237E+01 9.39240E+00 3.61908E+03 
1.41212E+00 8.04382E-02 3.26487E-01 
1.44078E+00 9.66894E-02 3.84018E-01 
1.50311E+00 1.26225E-01 4.57097E-01 
1.61375E+00 1.70580E-01 5.50743E-01 
1.76134E+00 2.23933E-01 6.72832E-01 
1.95188E+00 2.87485E-01 8.34746E-01 
2.19169E+00 3.62373E-01 1.05232E+00 
2.41574E+00 4.28850E-01 1.27417E+00 
2.48819E+00 4.49780E-01 1.35023E+00 
2.88064E+00 5.59297E-01 1.80443E+00 
3.36000E+00 6.85917E-01 2.47015E+00 
3.93926E+00 8.30724E-01 3.47074E+00 
4.63327E+00 9.94558E-01 5.01689E+00 
5.46386E+00 1.27526E+00 7.47789E+00 
6.44909E+00 1.49935E+00 1.15226E+01 
7.63197E+00 1.74700E+00 1.84005E+01 
9.04356E+00 2.01874E+00 3.05469E+01 
1.07192E+01 2.31475E+00 5.27867E+01 
1.27039E+01 2.63581E+00 9.50457E+01 
1.50640E+01 2.98538E+00 1.77766E+02 
1.79381E+01 3.37816E+00 3.41766E+02 
2.17120E+01 3.86824E+00 6.57181E+02 
2.74309E+01 4.60547E+00 1.19887E+03 
3.66812E+01 5.78242E+00 1.92736E+03 
4.92494E+01 7.26175E+00 2.60675E+03 
6.24390E+01 8.57970E+00 3.03719E+03 
1.33209E+00 7.51633E-02 2.74757E-01 
1.36074E+00 9.11114E-02 3.23148E-01 
1.42175E+00 1.19814E-01 3.84438E-01 
1.52914E+00 1.62802E-01 4.63250E-01 
1.67142E+00 2.14332E-01 5.65904E-01 
1.85399E+00 2.75459E-01 7.01714E-01 
2.08287E+00 3.47252E-01 8.84479E-01 
2.29600E+00 4.10774E-01 1.07099E+00 
2.36473E+00 4.30721E-01 1.13474E+00 
2.73647E+00 5.34875E-01 1.51649E+00 
3.18872E+00 6.54714E-01 2.07524E+00 
3.73359E+00 7.91191E-01 2.91581E+00 
4.38432E+00 9.44911E-01 4.21374E+00 
5.16375E+00 1.20821E+00 6.27729E+00 
6.08610E+00 1.41606E+00 9.67354E+00 
7.18975E+00 1.64489E+00 1.54468E+01 
8.50233E+00 1.89484E+00 2.56336E+01 
1.00560E+01 2.16594E+00 4.43036E+01 
1.18906E+01 2.45863E+00 7.97497E+01 
1.40663E+01 2.77595E+00 1.49151E+02 
1.67092E+01 3.13129E+00 2.86668E+02 
2.01757E+01 3.57439E+00 5.51340E+02 
2.54265E+01 4.24228E+00 1.00564E+03 
3.39150E+01 5.30970E+00 1.61650E+03 
4.54212E+01 6.64735E+00 2.18616E+03 
5.74423E+01 7.82963E+00 2.54706E+03 
1.25660E+00 7.01794E-02 2.30859E-01 
1.28530E+00 8.58634E-02 2.71536E-01 
1.34507E+00 1.13782E-01 3.22966E-01 
1.44919E+00 1.55440E-01 3.89021E-01 
1.58641E+00 2.05232E-01 4.75273E-01 
1.76147E+00 2.64069E-01 5.89332E-01 
1.97981E+00 3.32870E-01 7.42566E-01 
2.18239E+00 3.93528E-01 8.98955E-01 
2.24762E+00 4.12546E-01 9.52480E-01 
2.59949E+00 5.11530E-01 1.27268E+00 
3.02608E+00 6.24914E-01 1.74156E+00 
3.53820E+00 7.53405E-01 2.44625E+00 
4.14807E+00 8.97524E-01 3.53566E+00 
4.87917E+00 1.14405E+00 5.26640E+00 
5.74178E+00 1.33679E+00 8.11160E+00 
6.77087E+00 1.54802E+00 1.29559E+01 
7.99052E+00 1.77762E+00 2.14960E+01 
9.42975E+00 2.02548E+00 3.71471E+01 
1.11242E+01 2.29186E+00 6.68633E+01 
1.31282E+01 2.57940E+00 1.25051E+02 
1.55564E+01 2.90026E+00 2.40313E+02 
1.87365E+01 3.30006E+00 4.62111E+02 
2.35538E+01 3.90427E+00 8.42931E+02 
3.13377E+01 4.87119E+00 1.35496E+03 
4.18629E+01 6.07916E+00 1.83241E+03 
5.28083E+01 7.13793E+00 2.13488E+03 
1.18542E+00 6.54754E-02 1.93720E-01 
1.21399E+00 8.08540E-02 2.27808E-01 
1.27282E+00 1.08113E-01 2.71002E-01 
1.37383E+00 1.48511E-01 3.26330E-01 
1.50604E+00 1.96609E-01 3.98564E-01 
1.67382E+00 2.53228E-01 4.94145E-01 
1.88217E+00 3.19184E-01 6.22715E-01 
2.07464E+00 3.77092E-01 7.53671E-01 
2.13652E+00 3.95210E-01 7.98589E-01 
2.46948E+00 4.89245E-01 1.06696E+00 
2.87161E+00 5.96440E-01 1.45998E+00 
3.35267E+00 7.17285E-01 2.05037E+00 
3.92369E+00 8.52154E-01 2.96258E+00 
4.60919E+00 1.08303E+00 4.41393E+00 
5.41544E+00 1.26148E+00 6.79719E+00 
6.37395E+00 1.45612E+00 1.08543E+01 
7.50650E+00 1.66671E+00 1.80137E+01 
8.83844E+00 1.89295E+00 3.11180E+01 
1.04021E+01 2.13494E+00 5.60262E+01 
1.22459E+01 2.39495E+00 1.04750E+02 
1.44751E+01 2.68415E+00 2.01346E+02 
1.73902E+01 3.04425E+00 3.87163E+02 
2.18051E+01 3.58992E+00 7.06183E+02 
2.89369E+01 4.46461E+00 1.13517E+03 
3.85563E+01 5.55389E+00 1.53519E+03 
4.85126E+01 6.50048E+00 1.78868E+03 
1.11832E+00 6.10368E-02 1.62390E-01 
1.14678E+00 7.61381E-02 1.90903E-01 
1.20463E+00 1.02751E-01 2.27063E-01 
1.30276E+00 1.41976E-01 2.73466E-01 
1.43017E+00 1.88461E-01 3.33923E-01 
1.59097E+00 2.42957E-01 4.13967E-01 
1.78959E+00 3.06146E-01 5.21570E-01 
1.97249E+00 3.61422E-01 6.31347E-01 
2.03109E+00 3.78662E-01 6.68803E-01 
2.34589E+00 4.67920E-01 8.93409E-01 
2.72476E+00 5.69179E-01 1.22249E+00 
3.17645E+00 6.82778E-01 1.71700E+00 
3.71083E+00 8.08808E-01 2.48065E+00 
4.35294E+00 1.02489E+00 3.69596E+00 
5.10606E+00 1.18989E+00 5.69250E+00 
5.99814E+00 1.36897E+00 9.08851E+00 
7.04876E+00 1.56180E+00 1.50831E+01 
8.28046E+00 1.76794E+00 2.60581E+01 
9.72195E+00 1.98735E+00 4.69146E+01 
1.14169E+01 2.22202E+00 8.77234E+01 
1.34610E+01 2.48206E+00 1.68599E+02 
1.61306E+01 2.80577E+00 3.24229E+02 
2.01735E+01 3.29783E+00 5.91424E+02 
2.67016E+01 4.08789E+00 9.50729E+02 
3.54855E+01 5.06876E+00 1.28587E+03 
4.45334E+01 5.91357E+00 1.49834E+03 
1.05507E+00 5.68491E-02 1.35944E-01 
1.08358E+00 7.17492E-02 1.59831E-01 
1.14034E+00 9.76957E-02 1.90026E-01 
1.23571E+00 1.35806E-01 2.28906E-01 
1.35846E+00 1.80746E-01 2.79483E-01 
1.51255E+00 2.33205E-01 3.46536E-01 
1.70193E+00 2.93745E-01 4.36613E-01 
1.87554E+00 3.46470E-01 5.28376E-01 
1.93118E+00 3.62903E-01 5.59945E-01 
2.22873E+00 4.47594E-01 7.47899E-01 
2.58547E+00 5.43170E-01 1.02340E+00 
3.00922E+00 6.49831E-01 1.43716E+00 
3.50886E+00 7.67498E-01 2.07609E+00 
4.10986E+00 9.69444E-01 3.09326E+00 
4.81273E+00 1.12183E+00 4.76436E+00 
5.64236E+00 1.28636E+00 7.60770E+00 
6.61605E+00 1.46261E+00 1.26243E+01 
7.75398E+00 1.65008E+00 2.18147E+01 
9.08149E+00 1.84859E+00 3.92688E+01 
1.06381E+01 2.05991E+00 7.34449E+01 
1.25107E+01 2.29324E+00 1.41170E+02 
1.49527E+01 2.58359E+00 2.71465E+02 
1.86516E+01 3.02657E+00 4.95241E+02 
2.46219E+01 3.73915E+00 7.96206E+02 
3.26354E+01 4.62106E+00 1.07700E+03 
4.08490E+01 5.37359E+00 1.25509E+03 
9.95503E-01 5.29043E-02 1.13724E-01 
1.02398E+00 6.75899E-02 1.33718E-01 
1.07997E+00 9.29952E-02 1.59004E-01 
1.17245E+00 1.30000E-01 1.91489E-01 
1.29082E+00 1.73473E-01 2.33864E-01 
1.43832E+00 2.23940E-01 2.89839E-01 
1.61885E+00 2.81937E-01 3.65291E-01 
1.78360E+00 3.32218E-01 4.42032E-01 
1.83626E+00 3.47839E-01 4.68399E-01 
2.11738E+00 4.28148E-01 6.25732E-01 
2.45308E+00 5.18292E-01 8.56241E-01 
2.85042E+00 6.18367E-01 1.20254E+00 
3.31740E+00 7.28277E-01 1.73757E+00 
3.87933E+00 9.16773E-01 2.58806E+00 
4.53474E+00 1.05717E+00 3.98690E+00 
5.30554E+00 1.20805E+00 6.36637E+00 
6.20715E+00 1.36886E+00 1.05657E+01 
7.25736E+00 1.53899E+00 1.82572E+01 
8.47878E+00 1.71822E+00 3.28732E+01 
9.90656E+00 1.90802E+00 6.14766E+01 
1.16202E+01 2.11688E+00 1.18187E+02 
1.38521E+01 2.37679E+00 2.27323E+02 
1.72325E+01 2.77480E+00 4.14727E+02 
2.26878E+01 3.41653E+00 6.66840E+02 
2.99912E+01 4.20814E+00 9.02120E+02 
3.74395E+01 4.87717E+00 1.05147E+03 
9.39419E-01 4.91866E-02 9.51074E-02 
9.67789E-01 6.36538E-02 1.11803E-01 
1.02316E+00 8.85920E-02 1.33003E-01 
1.11285E+00 1.24537E-01 1.60125E-01 
1.22689E+00 1.66585E-01 1.95565E-01 
1.36821E+00 2.15174E-01 2.42465E-01 
1.54005E+00 2.70686E-01 3.05455E-01 
1.69640E+00 3.18622E-01 3.69741E-01 
1.74622E+00 3.33472E-01 3.91729E-01 
2.01157E+00 4.09545E-01 5.23259E-01 
2.32722E+00 4.94481E-01 7.16037E-01 
2.69953E+00 5.88237E-01 1.00587E+00 
3.13560E+00 6.90635E-01 1.45363E+00 
3.66077E+00 8.66439E-01 2.16575E+00 
4.27126E+00 9.95693E-01 3.33568E+00 
4.98682E+00 1.13384E+00 5.32816E+00 
5.82078E+00 1.28027E+00 8.84172E+00 
6.78907E+00 1.43433E+00 1.52824E+01 
7.91150E+00 1.59573E+00 2.75146E+01 
9.21995E+00 1.76583E+00 5.14706E+01 
1.07862E+01 1.95226E+00 9.89530E+01 
1.28236E+01 2.18433E+00 1.90356E+02 
1.59100E+01 2.54128E+00 3.47346E+02 
2.08902E+01 3.11829E+00 5.58599E+02 
2.75400E+01 3.82772E+00 7.55828E+02 
3.42868E+01 4.42127E+00 8.81110E+02 
8.86700E-01 4.56979E-02 7.95396E-02 
9.14945E-01 5.99702E-02 9.34706E-02 
9.69552E-01 8.44084E-02 1.11207E-01 
1.05675E+00 1.19413E-01 1.33926E-01 
1.16657E+00 1.60089E-01 1.63531E-01 
1.30179E+00 2.06841E-01 2.02733E-01 
1.46550E+00 2.60002E-01 2.55535E-01 
1.61366E+00 3.05655E-01 3.09226E-01 
1.66084E+00 3.19771E-01 3.27708E-01 
1.91124E+00 3.91818E-01 4.37810E-01 
2.20780E+00 4.71743E-01 5.99038E-01 
2.55633E+00 5.59441E-01 8.41598E-01 
2.96308E+00 6.54656E-01 1.21593E+00 
3.45344E+00 8.18576E-01 1.81216E+00 
4.02172E+00 9.37345E-01 2.79183E+00 
4.68520E+00 1.06356E+00 4.45890E+00 
5.45591E+00 1.19660E+00 7.40181E+00 
6.34764E+00 1.33578E+00 1.27935E+01 
7.37815E+00 1.48078E+00 2.30382E+01 
8.57562E+00 1.63275E+00 4.31007E+01 
1.00056E+01 1.79872E+00 8.28792E+01 
1.18634E+01 2.00541E+00 1.59456E+02 
1.46784E+01 2.32490E+00 2.91004E+02 
1.92199E+01 2.84278E+00 4.68070E+02 
2.52685E+01 3.47744E+00 6.33463E+02 
3.13728E+01 4.00289E+00 7.38611E+02 
8.37112E-01 4.24177E-02 6.65104E-02 
8.65429E-01 5.65828E-02 7.81927E-02 
9.19473E-01 8.06120E-02 9.30226E-02 
1.00391E+00 1.14611E-01 1.11992E-01 
1.10969E+00 1.53979E-01 1.36797E-01 
1.23906E+00 1.98967E-01 1.69593E-01 
1.39480E+00 2.49825E-01 2.13741E-01 
1.53522E+00 2.93301E-01 2.58707E-01 
1.57980E+00 3.06697E-01 2.74124E-01 
1.81588E+00 3.74845E-01 3.66264E-01 
2.09436E+00 4.50005E-01 5.01248E-01 
2.42038E+00 5.31995E-01 7.04219E-01 
2.79960E+00 6.20472E-01 1.01771E+00 
3.25685E+00 7.73047E-01 1.51642E+00 
3.78526E+00 8.81935E-01 2.33693E+00 
4.39986E+00 9.96999E-01 3.73215E+00 
5.11134E+00 1.11759E+00 6.19741E+00 
5.93169E+00 1.24302E+00 1.07122E+01 
6.87656E+00 1.37290E+00 1.92949E+01 
7.97128E+00 1.50829E+00 3.61035E+01 
9.27521E+00 1.65557E+00 6.94317E+01 
1.09672E+01 1.83916E+00 1.33612E+02 
1.35323E+01 2.12456E+00 2.43896E+02 
1.76693E+01 2.58852E+00 3.92369E+02 
2.31651E+01 3.15524E+00 5.31122E+02 
2.86815E+01 3.61933E+00 6.19424E+02 
7.90507E-01 3.93401E-02 5.55935E-02 
8.18823E-01 5.33847E-02 6.53867E-02 
8.72196E-01 7.70033E-02 7.77752E-02 
9.54175E-01 1.10119E-01 9.36695E-02 
1.05599E+00 1.48221E-01 1.14417E-01 
1.17978E+00 1.91515E-01 1.41904E-01 
1.32779E+00 2.40144E-01 1.78774E-01 
1.46081E+00 2.81520E-01 2.16478E-01 
1.50289E+00 2.94228E-01 2.29340E-01 
1.72527E+00 3.58617E-01 3.06432E-01 
1.98654E+00 4.29214E-01 4.19433E-01 
2.29126E+00 5.05767E-01 5.89264E-01 
2.64449E+00 5.87852E-01 8.51943E-01 
3.07056E+00 7.29635E-01 1.26959E+00 
3.56140E+00 8.29306E-01 1.95663E+00 
4.13017E+00 9.34003E-01 3.12604E+00 
4.78608E+00 1.04304E+00 5.18987E+00 
5.53990E+00 1.15575E+00 8.97450E+00 
6.40518E+00 1.27174E+00 1.61641E+01 
7.40465E+00 1.39196E+00 3.02500E+01 
8.59218E+00 1.52223E+00 5.81927E+01 
1.01311E+01 1.68479E+00 1.11995E+02 
1.24654E+01 1.93912E+00 2.04490E+02 
1.62306E+01 2.35408E+00 3.29062E+02 
2.12187E+01 2.85916E+00 4.45531E+02 
2.61977E+01 3.26804E+00 5.19726E+02 
7.46827E-01 3.64770E-02 4.65172E-02 
7.75012E-01 5.03844E-02 5.47002E-02 
8.27868E-01 7.36612E-02 6.50742E-02 
9.07425E-01 1.05937E-01 7.83733E-02 
1.00539E+00 1.42819E-01 9.57327E-02 
1.12367E+00 1.84462E-01 1.18722E-01 
1.26439E+00 2.30959E-01 1.49635E-01 
1.39019E+00 2.70294E-01 1.81147E-01 
1.42999E+00 2.82354E-01 1.91986E-01 
1.63934E+00 3.43157E-01 2.56542E-01 
1.88428E+00 4.09378E-01 3.51201E-01 
2.16875E+00 4.80691E-01 4.93379E-01 
2.49737E+00 5.56690E-01 7.13306E-01 
2.89397E+00 6.88364E-01 1.06320E+00 
3.34932E+00 7.79351E-01 1.63850E+00 
3.87507E+00 8.74372E-01 2.61862E+00 
4.47913E+00 9.72696E-01 4.34824E+00 
5.17093E+00 1.07368E+00 7.51935E+00 
5.96251E+00 1.17695E+00 1.35499E+01 
6.87374E+00 1.28329E+00 2.53607E+01 
7.95374E+00 1.39810E+00 4.87928E+01 
9.35193E+00 1.54162E+00 9.39327E+01 
1.14736E+01 1.76770E+00 1.71531E+02 
1.48963E+01 2.13805E+00 2.76095E+02 
1.94185E+01 2.58730E+00 3.73924E+02 
2.39066E+01 2.94662E+00 4.36308E+02 
7.05940E-01 3.38210E-02 3.89346E-02 
7.34050E-01 4.76467E-02 4.57781E-02 
7.86465E-01 7.06440E-02 5.44669E-02 
8.63587E-01 1.02083E-01 6.56129E-02 
9.57755E-01 1.37775E-01 8.01413E-02 
1.07067E+00 1.77811E-01 9.93703E-02 
1.20437E+00 2.22253E-01 1.25305E-01 
1.32326E+00 2.59615E-01 1.51661E-01 
1.36076E+00 2.71025E-01 1.60723E-01 
1.55770E+00 3.28375E-01 2.14826E-01 
1.78703E+00 3.90397E-01 2.94053E-01 
2.05246E+00 4.56750E-01 4.13259E-01 
2.35790E+00 5.26926E-01 5.97468E-01 
2.72668E+00 6.49055E-01 8.90817E-01 
3.14865E+00 7.31983E-01 1.37296E+00 
3.63399E+00 8.17975E-01 2.19420E+00 
4.18968E+00 9.06389E-01 3.64490E+00 
4.82368E+00 9.96559E-01 6.30291E+00 
5.54664E+00 1.08812E+00 1.13599E+01 
6.37644E+00 1.18186E+00 2.12704E+01 
7.35729E+00 1.28262E+00 4.09290E+01 
8.62577E+00 1.40888E+00 7.88138E+01 
1.05523E+01 1.60939E+00 1.43971E+02 
1.36599E+01 1.93922E+00 2.31789E+02 
1.77547E+01 2.33794E+00 3.14001E+02 
2.17950E+01 2.65283E+00 3.66496E+02 
6.67704E-01 3.13724E-02 3.25917E-02 
6.95636E-01 4.51040E-02 3.83206E-02 
7.47745E-01 6.78895E-02 4.56000E-02 
8.22403E-01 9.85235E-02 5.49317E-02 
9.12909E-01 1.33078E-01 6.71151E-02 
1.02065E+00 1.71567E-01 8.32177E-02 
1.14747E+00 2.13990E-01 1.04921E-01 
1.25980E+00 2.49459E-01 1.27032E-01 
1.29514E+00 2.60253E-01 1.34610E-01 
1.48015E+00 3.14263E-01 1.79916E-01 
1.69472E+00 3.72264E-01 2.46317E-01 
1.94208E+00 4.33886E-01 3.46230E-01 
2.22569E+00 4.98678E-01 5.00657E-01 
2.56812E+00 6.11742E-01 7.46462E-01 
2.95881E+00 6.87084E-01 1.15103E+00 
3.40630E+00 7.64678E-01 1.83961E+00 
3.91673E+00 8.43896E-01 3.05653E+00 
4.49703E+00 9.24116E-01 5.28703E+00 
5.15645E+00 1.00499E+00 9.53009E+00 
5.91087E+00 1.08723E+00 1.78452E+01 
6.80041E+00 1.17529E+00 3.43516E+01 
7.94957E+00 1.28593E+00 6.61628E+01 
9.69637E+00 1.46325E+00 1.20895E+02 
1.25150E+01 1.75639E+00 1.94704E+02 
1.62183E+01 2.10947E+00 2.63848E+02 
1.98504E+01 2.38462E+00 3.08054E+02 
6.31995E-01 2.91409E-02 2.72916E-02 
6.59743E-01 4.27950E-02 3.20980E-02 
7.11463E-01 6.53802E-02 3.81865E-02 
7.83787E-01 9.52754E-02 4.59950E-02 
8.70672E-01 1.28723E-01 5.62058E-02 
9.73447E-01 1.65712E-01 6.97209E-02 
1.09359E+00 2.06174E-01 8.78763E-02 
1.19961E+00 2.39809E-01 1.06423E-01 
1.23290E+00 2.50016E-01 1.12786E-01 
1.40658E+00 3.00824E-01 1.50767E-01 
1.60712E+00 3.54978E-01 2.06457E-01 
1.83734E+00 4.12091E-01 2.90182E-01 
2.10036E+00 4.71514E-01 4.19706E-01 
2.41798E+00 5.76152E-01 6.25793E-01 
2.77912E+00 6.44475E-01 9.65063E-01 
3.19116E+00 7.14276E-01 1.54286E+00 
3.65940E+00 7.85019E-01 2.56373E+00 
4.18984E+00 8.56110E-01 4.43683E+00 
4.79044E+00 9.27234E-01 7.99862E+00 
5.47536E+00 9.99039E-01 1.49833E+01 
6.28078E+00 1.07560E+00 2.88476E+01 
7.32039E+00 1.17216E+00 5.55793E+01 
8.90222E+00 1.32852E+00 1.01586E+02 
1.14552E+01 1.58841E+00 1.63661E+02 
1.48006E+01 1.90037E+00 2.21861E+02 
1.80609E+01 2.14002E+00 2.59118E+02 
5.98749E-01 2.71350E-02 2.28633E-02 
6.26299E-01 4.07341E-02 2.68884E-02 
6.77783E-01 6.32258E-02 3.19966E-02 
7.47710E-01 9.23731E-02 3.85504E-02 
8.30995E-01 1.24726E-01 4.70953E-02 
9.28882E-01 1.60241E-01 5.84239E-02 
1.04267E+00 1.98819E-01 7.36594E-02 
1.14258E+00 2.30667E-01 8.91940E-02 
1.17385E+00 2.40294E-01 9.45137E-02 
1.33671E+00 2.88009E-01 1.26375E-01 
1.52396E+00 3.38507E-01 1.73105E-01 
1.73799E+00 3.91321E-01 2.43325E-01 
1.98165E+00 4.46153E-01 3.51962E-01 
2.27589E+00 5.42587E-01 5.24994E-01 
2.60928E+00 6.04140E-01 8.09823E-01 
2.98816E+00 6.66703E-01 1.29493E+00 
3.41702E+00 7.29607E-01 2.15169E+00 
3.90112E+00 7.92313E-01 3.72521E+00 
4.44726E+00 8.54539E-01 6.71636E+00 
5.06804E+00 9.16884E-01 1.25865E+01 
5.79618E+00 9.83087E-01 2.42407E+01 
6.73520E+00 1.06697E+00 4.67173E+01 
8.16578E+00 1.20443E+00 8.54227E+01 
1.04753E+01 1.43428E+00 1.37669E+02 
1.34930E+01 1.70917E+00 1.86692E+02 
1.64153E+01 1.91722E+00 2.18127E+02 
5.67884E-01 2.53659E-02 1.91687E-02 
5.95275E-01 3.89616E-02 2.25432E-02 
6.46434E-01 6.13858E-02 2.68192E-02 
7.13987E-01 8.98044E-02 3.23154E-02 
7.93760E-01 1.21097E-01 3.94827E-02 
8.86869E-01 1.55177E-01 4.89815E-02 
9.94492E-01 1.91904E-01 6.17690E-02 
1.08853E+00 2.22025E-01 7.47888E-02 
1.11793E+00 2.31094E-01 7.92707E-02 
1.27040E+00 2.75823E-01 1.05976E-01 
1.44495E+00 3.22761E-01 1.45174E-01 
1.64379E+00 3.71449E-01 2.04181E-01 
1.86916E+00 4.21591E-01 2.95321E-01 
2.14130E+00 5.10533E-01 4.40556E-01 
2.44863E+00 5.65929E-01 6.79629E-01 
2.79658E+00 6.21795E-01 1.08724E+00 
3.18883E+00 6.77477E-01 1.80744E+00 
3.62990E+00 7.32507E-01 3.12926E+00 
4.12574E+00 7.86636E-01 5.64478E+00 
4.68741E+00 8.40429E-01 1.05793E+01 
5.34459E+00 8.97315E-01 2.03835E+01 
6.19145E+00 9.69824E-01 3.93005E+01 
7.48321E+00 1.09023E+00 7.18837E+01 
9.56992E+00 1.29299E+00 1.15899E+02 
1.22885E+01 1.53460E+00 1.57240E+02 
1.49037E+01 1.71455E+00 1.83788E+02 
5.39305E-01 2.38620E-02 1.60711E-02 
5.66369E-01 3.74166E-02 1.89029E-02 
6.17415E-01 5.99066E-02 2.24877E-02 
6.82530E-01 8.76013E-02 2.70990E-02 
7.58823E-01 1.17846E-01 3.31124E-02 
8.47257E-01 1.50510E-01 4.10785E-02 
9.48916E-01 1.85440E-01 5.18101E-02 
1.03734E+00 2.13875E-01 6.27474E-02 
1.06488E+00 2.22397E-01 6.64950E-02 
1.20750E+00 2.64251E-01 8.89244E-02 
1.37002E+00 3.07787E-01 1.21813E-01 
1.55439E+00 3.52617E-01 1.71339E-01 
1.76261E+00 3.97969E-01 2.47937E-01 
2.01401E+00 4.79967E-01 3.69958E-01 
2.29689E+00 5.29776E-01 5.70814E-01 
2.61581E+00 5.79413E-01 9.13277E-01 
2.97402E+00 6.28457E-01 1.51901E+00 
3.37526E+00 6.76480E-01 2.63041E+00 
3.82470E+00 7.23262E-01 4.74777E+00 
4.33201E+00 7.69343E-01 8.90042E+00 
4.92400E+00 8.17860E-01 1.71541E+01 
5.68638E+00 8.80165E-01 3.30855E+01 
6.85124E+00 9.85265E-01 6.05470E+01 
8.73400E+00 1.16363E+00 9.76668E+01 
1.11796E+01 1.37537E+00 1.32562E+02 
1.35161E+01 1.53041E+00 1.55012E+02 
5.12939E-01 2.26527E-02 1.34798E-02 
5.39469E-01 3.61128E-02 1.58550E-02 
5.90561E-01 5.87927E-02 1.88669E-02 
6.53221E-01 8.57870E-02 2.27323E-02 
7.26095E-01 1.14997E-01 2.77843E-02 
8.09981E-01 1.46270E-01 3.44732E-02 
9.05806E-01 1.79419E-01 4.34716E-02 
9.88844E-01 2.06218E-01 5.26661E-02 
1.01467E+00 2.14228E-01 5.58171E-02 
1.14787E+00 2.53296E-01 7.46605E-02 
1.29899E+00 2.93595E-01 1.02302E-01 
1.46967E+00 3.34698E-01 1.43876E-01 
1.66183E+00 3.76299E-01 2.08288E-01 
1.89365E+00 4.51290E-01 3.10926E-01 
2.15364E+00 4.95605E-01 4.79899E-01 
2.44553E+00 5.39479E-01 7.68073E-01 
2.77203E+00 5.82416E-01 1.27756E+00 
3.13636E+00 6.24033E-01 2.21306E+00 
3.54293E+00 6.64153E-01 3.99541E+00 
4.00035E+00 7.03301E-01 7.49529E+00 
4.53268E+00 7.44340E-01 1.44510E+01 
5.21784E+00 7.97536E-01 2.78840E+01 
6.26655E+00 8.88902E-01 5.10508E+01 
7.96279E+00 1.04533E+00 8.23887E+01 
1.01596E+01 1.23033E+00 1.11882E+02 
1.22437E+01 1.36335E+00 1.30892E+02 
4.88723E-01 2.17694E-02 1.13187E-02 
5.14726E-01 3.51609E-02 1.33092E-02 
5.65841E-01 5.81296E-02 1.58402E-02 
6.26030E-01 8.44076E-02 1.90849E-02 
6.95464E-01 1.12576E-01 2.33246E-02 
7.74900E-01 1.42467E-01 2.89474E-02 
8.65131E-01 1.73875E-01 3.65124E-02 
9.42936E-01 1.99066E-01 4.42288E-02 
9.67073E-01 2.06559E-01 4.68771E-02 
1.09125E+00 2.42917E-01 6.27077E-02 
1.23153E+00 2.80073E-01 8.59403E-02 
1.38943E+00 3.17646E-01 1.20936E-01 
1.56641E+00 3.55286E-01 1.75096E-01 
1.77984E+00 4.24007E-01 2.61458E-01 
2.01835E+00 4.63295E-01 4.03678E-01 
2.28503E+00 5.01850E-01 6.46285E-01 
2.58223E+00 5.39202E-01 1.07568E+00 
2.91245E+00 5.74987E-01 1.86429E+00 
3.27951E+00 6.09083E-01 3.36651E+00 
3.69106E+00 6.42006E-01 6.31713E+00 
4.16882E+00 6.76375E-01 1.21870E+01 
4.78346E+00 7.21458E-01 2.35275E+01 
5.72611E+00 8.00539E-01 4.30961E+01 
7.25217E+00 9.37296E-01 6.95889E+01 
9.22254E+00 1.09843E+00 9.45518E+01 
1.10781E+01 1.21201E+00 1.10672E+02 
4.66543E-01 2.12325E-02 9.50882E-03 
4.92113E-01 3.46182E-02 1.11801E-02 
5.43070E-01 5.79246E-02 1.33047E-02 
6.00820E-01 8.34905E-02 1.60352E-02 
6.66835E-01 1.10607E-01 1.95962E-02 
7.41883E-01 1.39118E-01 2.43181E-02 
8.26701E-01 1.68802E-01 3.06875E-02 
8.99497E-01 1.92422E-01 3.71756E-02 
9.22032E-01 1.99414E-01 3.94030E-02 
1.03763E+00 2.33148E-01 5.27258E-02 
1.16768E+00 2.67281E-01 7.22871E-02 
1.31342E+00 3.01456E-01 1.01740E-01 
1.47615E+00 3.35015E-01 1.47331E-01 
1.67228E+00 3.97951E-01 2.20022E-01 
1.89077E+00 4.32801E-01 3.39931E-01 
2.13402E+00 4.66448E-01 5.44451E-01 
2.40387E+00 4.98651E-01 9.06503E-01 
2.70260E+00 5.29140E-01 1.57177E+00 
3.03343E+00 5.57823E-01 2.84022E+00 
3.40294E+00 5.85175E-01 5.33134E+00 
3.83075E+00 6.13609E-01 1.02904E+01 
4.38105E+00 6.51486E-01 1.98766E+01 
5.22698E+00 7.19608E-01 3.64310E+01 
6.59789E+00 8.38764E-01 5.88625E+01 
8.36239E+00 9.78611E-01 8.00235E+01 
1.00115E+01 1.07511E+00 9.37167E+01 
4.46384E-01 2.11318E-02 7.99213E-03 
4.71318E-01 3.44393E-02 9.39878E-03 
5.22317E-01 5.82910E-02 1.11834E-02 
5.77491E-01 8.30916E-02 1.34807E-02 
6.40135E-01 1.09141E-01 1.64804E-02 
7.10881E-01 1.36259E-01 2.04516E-02 
7.90404E-01 1.64223E-01 2.58079E-02 
8.58390E-01 1.86293E-01 3.12710E-02 
8.79402E-01 1.92799E-01 3.31510E-02 
9.86845E-01 2.23980E-01 4.43776E-02 
1.10717E+00 2.55207E-01 6.08536E-02 
1.24146E+00 2.86121E-01 8.56716E-02 
1.39092E+00 3.16510E-01 1.24128E-01 
1.57082E+00 3.73627E-01 1.85483E-01 
1.77054E+00 4.04019E-01 2.86633E-01 
1.99193E+00 4.33141E-01 4.59327E-01 
2.23654E+00 4.60657E-01 7.64960E-01 
2.50625E+00 4.86347E-01 1.32710E+00 
2.80370E+00 5.10147E-01 2.39904E+00 
3.13477E+00 5.32539E-01 4.50711E+00 
3.51705E+00 5.55722E-01 8.70275E+00 
4.00872E+00 5.87220E-01 1.68192E+01 
4.76655E+00 6.45591E-01 3.08465E+01 
5.99607E+00 7.49018E-01 4.98702E+01 
7.57369E+00 8.69947E-01 6.78414E+01 
9.03653E+00 9.51479E-01 7.94939E+01 
4.28165E-01 2.15154E-02 6.72371E-03 
4.52292E-01 3.46761E-02 7.90825E-03 
5.03428E-01 5.92673E-02 9.40993E-03 
5.55920E-01 8.32459E-02 1.13434E-02 
6.15207E-01 1.08198E-01 1.38708E-02 
6.81763E-01 1.33910E-01 1.72187E-02 
7.56202E-01 1.60173E-01 2.17339E-02 
8.19561E-01 1.80702E-01 2.63423E-02 
8.39068E-01 1.86715E-01 2.79200E-02 
9.38702E-01 2.15396E-01 3.73801E-02 
1.04986E+00 2.43822E-01 5.12891E-02 
1.17341E+00 2.71646E-01 7.22354E-02 
1.31039E+00 2.98682E-01 1.04714E-01 
1.47509E+00 3.50615E-01 1.56537E-01 
1.65725E+00 3.76895E-01 2.42010E-01 
1.85836E+00 4.01837E-01 3.88017E-01 
2.07969E+00 4.25084E-01 6.46637E-01 
2.32260E+00 4.46421E-01 1.12233E+00 
2.58946E+00 4.65851E-01 2.03009E+00 
2.88537E+00 4.83836E-01 3.81551E+00 
3.22621E+00 5.02390E-01 7.37329E+00 
3.66458E+00 5.28270E-01 1.42585E+01 
4.34223E+00 5.77985E-01 2.61662E+01 
5.44320E+00 6.67407E-01 4.23330E+01 
6.85136E+00 7.71551E-01 5.76237E+01 
8.14640E+00 8.40017E-01 6.75603E+01 
4.11506E-01 2.24298E-02 5.64982E-03 
4.34732E-01 3.54098E-02 6.64342E-03 
4.85940E-01 6.09272E-02 7.90736E-03 
5.35732E-01 8.40335E-02 9.53080E-03 
5.91618E-01 1.07822E-01 1.16569E-02 
6.54007E-01 1.32077E-01 1.44755E-02 
7.23402E-01 1.56577E-01 1.82734E-02 
7.82264E-01 1.75556E-01 2.21574E-02 
8.00367E-01 1.81095E-01 2.34892E-02 
8.92458E-01 2.07283E-01 3.14561E-02 
9.94773E-01 2.32914E-01 4.31774E-02 
1.10809E+00 2.57703E-01 6.08530E-02 
1.23320E+00 2.81228E-01 8.82317E-02 
1.38342E+00 3.28260E-01 1.31951E-01 
1.54909E+00 3.50970E-01 2.04192E-01 
1.73112E+00 3.72019E-01 3.27527E-01 
1.93049E+00 3.91287E-01 5.46103E-01 
2.14851E+00 4.08657E-01 9.48640E-01 
2.38690E+00 4.24124E-01 1.71685E+00 
2.65026E+00 4.38153E-01 3.22849E+00 
2.95278E+00 4.52578E-01 6.24319E+00 
3.34207E+00 4.73460E-01 1.20825E+01 
3.94578E+00 5.15404E-01 2.21878E+01 
4.92836E+00 5.92207E-01 3.59217E+01 
6.18085E+00 6.81299E-01 4.89301E+01 
7.32274E+00 7.38230E-01 5.74009E+01 
3.96859E-01 2.39326E-02 4.76622E-03 
4.19355E-01 3.68085E-02 5.60460E-03 
4.70134E-01 6.31919E-02 6.67156E-03 
5.17464E-01 8.54891E-02 8.04403E-03 
5.70001E-01 1.08067E-01 9.83895E-03 
6.28356E-01 1.30830E-01 1.22218E-02 
6.92960E-01 1.53573E-01 1.54320E-02 
7.47580E-01 1.71037E-01 1.87160E-02 
7.64358E-01 1.76106E-01 1.98464E-02 
8.49422E-01 1.99876E-01 2.65957E-02 
9.43526E-01 2.22858E-01 3.65098E-02 
1.04740E+00 2.44798E-01 5.14963E-02 
1.16163E+00 2.65491E-01 7.47046E-02 
1.29857E+00 3.07758E-01 1.11830E-01 
1.44903E+00 3.26945E-01 1.73084E-01 
1.61364E+00 3.44473E-01 2.77744E-01 
1.79325E+00 3.60214E-01 4.63587E-01 
1.98864E+00 3.74054E-01 8.05649E-01 
2.20152E+00 3.86063E-01 1.45931E+00 
2.43568E+00 3.96664E-01 2.74621E+00 
2.70399E+00 4.07546E-01 5.31324E+00 
3.04944E+00 4.24127E-01 1.02890E+01 
3.58729E+00 4.59351E-01 1.89090E+01 
4.46423E+00 5.25156E-01 3.06352E+01 
5.57833E+00 6.01197E-01 4.17577E+01 
6.58494E+00 6.48302E-01 4.90136E+01 
3.83869E-01 2.61222E-02 4.02499E-03 
4.05257E-01 3.86566E-02 4.73494E-03 
4.56010E-01 6.63755E-02 5.63796E-03 
5.00565E-01 8.76299E-02 6.79900E-03 
5.49808E-01 1.08923E-01 8.31942E-03 
6.04247E-01 1.30150E-01 1.03383E-02 
6.64281E-01 1.51122E-01 1.30639E-02 
7.14800E-01 1.67043E-01 1.58437E-02 
7.30276E-01 1.71629E-01 1.68001E-02 
8.08689E-01 1.93023E-01 2.25280E-02 
8.95113E-01 2.13442E-01 3.09532E-02 
9.90076E-01 2.32652E-01 4.36635E-02 
1.09420E+00 2.50563E-01 6.34052E-02 
1.21866E+00 2.88452E-01 9.49565E-02 
1.35502E+00 3.04322E-01 1.47065E-01 
1.50361E+00 3.18636E-01 2.36244E-01 
1.66491E+00 3.31161E-01 3.94506E-01 
1.83966E+00 3.41852E-01 6.86079E-01 
2.02911E+00 3.50784E-01 1.24337E+00 
2.23677E+00 3.58390E-01 2.34175E+00 
2.47409E+00 3.66200E-01 4.53410E+00 
2.77989E+00 3.79050E-01 8.78615E+00 
3.25807E+00 4.08370E-01 1.61587E+01 
4.03934E+00 4.64463E-01 2.61986E+01 
5.02855E+00 5.29031E-01 3.57330E+01 
5.91397E+00 5.67669E-01 4.19643E+01 
3.72416E-01 2.90559E-02 3.40708E-03 
3.92557E-01 4.11355E-02 4.00770E-03 
4.43290E-01 7.04955E-02 4.77306E-03 
4.84955E-01 9.05151E-02 5.75933E-03 
5.30916E-01 1.10411E-01 7.04934E-03 
5.81527E-01 1.30020E-01 8.76333E-03 
6.37137E-01 1.49167E-01 1.10795E-02 
6.83800E-01 1.63544E-01 1.34471E-02 
6.98065E-01 1.67662E-01 1.42594E-02 
7.70146E-01 1.86687E-01 1.91296E-02 
8.49303E-01 2.04563E-01 2.63039E-02 
9.36022E-01 2.21145E-01 3.71379E-02 
1.03068E+00 2.36146E-01 5.39584E-02 
1.14349E+00 2.69955E-01 8.08543E-02 
1.26687E+00 2.83036E-01 1.25372E-01 
1.40057E+00 2.94385E-01 2.01537E-01 
1.54506E+00 3.04005E-01 3.36707E-01 
1.70089E+00 3.11883E-01 5.86023E-01 
1.86908E+00 3.18113E-01 1.06290E+00 
2.05265E+00 3.23115E-01 2.00303E+00 
2.26189E+00 3.28276E-01 3.88076E+00 
2.53191E+00 3.37911E-01 7.52641E+00 
2.95611E+00 3.62069E-01 1.38509E+01 
3.65091E+00 4.09615E-01 2.24723E+01 
4.52758E+00 4.64136E-01 3.06690E+01 
5.30458E+00 4.95513E-01 3.60341E+01 
3.62302E-01 3.27302E-02 2.89006E-03 
3.81427E-01 4.44140E-02 3.40095E-03 
4.31613E-01 7.54571E-02 4.05098E-03 
4.70427E-01 9.41039E-02 4.89130E-03 
5.13179E-01 1.12504E-01 5.98943E-03 
5.60093E-01 1.30414E-01 7.45074E-03 
6.11439E-01 1.47674E-01 9.42259E-03 
6.54417E-01 1.60478E-01 1.14444E-02 
6.67536E-01 1.64125E-01 1.21374E-02 
7.33671E-01 1.80799E-01 1.62971E-02 
8.06050E-01 1.96216E-01 2.24239E-02 
8.85028E-01 2.10248E-01 3.16836E-02 
9.70921E-01 2.22762E-01 4.60757E-02 
1.07295E+00 2.52683E-01 6.91183E-02 
1.18418E+00 2.62955E-01 1.07197E-01 
1.30418E+00 2.71605E-01 1.72469E-01 
1.43331E+00 2.78622E-01 2.88405E-01 
1.57183E+00 2.83999E-01 5.02314E-01 
1.72067E+00 2.87870E-01 9.11816E-01 
1.88239E+00 2.90622E-01 1.71956E+00 
2.06627E+00 2.93523E-01 3.33323E+00 
2.30397E+00 3.00404E-01 6.46883E+00 
2.67950E+00 3.20080E-01 1.19128E+01 
3.29625E+00 3.60129E-01 1.93400E+01 
4.07170E+00 4.05885E-01 2.64083E+01 
4.75190E+00 4.31073E-01 3.10398E+01 
3.53338E-01 3.71453E-02 2.45685E-03 
3.71224E-01 4.82071E-02 2.89279E-03 
4.20283E-01 8.07826E-02 3.44858E-03 
4.56725E-01 9.83350E-02 4.16522E-03 
4.96368E-01 1.15121E-01 5.10437E-03 
5.39724E-01 1.31244E-01 6.35353E-03 
5.87030E-01 1.46556E-01 8.04302E-03 
6.26503E-01 1.57771E-01 9.77154E-03 
6.38532E-01 1.60935E-01 1.03655E-02 
6.99086E-01 1.75279E-01 1.39300E-02 
7.65117E-01 1.88292E-01 1.91867E-02 
8.36865E-01 1.99866E-01 2.71250E-02 
9.14654E-01 2.10038E-01 3.94921E-02 
1.00655E+00 2.36301E-01 5.92780E-02 
1.10658E+00 2.43946E-01 9.20148E-02 
1.21404E+00 2.50155E-01 1.48166E-01 
1.32897E+00 2.54823E-01 2.47975E-01 
1.45173E+00 2.58003E-01 4.32231E-01 
1.58292E+00 2.59820E-01 7.84918E-01 
1.72486E+00 2.60655E-01 1.48130E+00 
1.88587E+00 2.61652E-01 2.87368E+00 
2.09443E+00 2.66196E-01 5.57944E+00 
2.42601E+00 2.81990E-01 1.02810E+01 
2.97238E+00 3.15488E-01 1.67003E+01 
3.65680E+00 3.53622E-01 2.28137E+01 
4.25062E+00 3.73560E-01 2.68212E+01 
3.45456E-01 4.23476E-02 2.09614E-03 
3.61985E-01 5.25782E-02 2.46889E-03 
4.09971E-01 8.72015E-02 2.94528E-03 
4.43705E-01 1.03101E-01 3.56026E-03 
4.80359E-01 1.18152E-01 4.36779E-03 
5.20298E-01 1.32381E-01 5.43981E-03 
5.63776E-01 1.45689E-01 6.89242E-03 
5.99979E-01 1.55300E-01 8.38021E-03 
6.11001E-01 1.57990E-01 8.89228E-03 
6.66307E-01 1.70006E-01 1.19598E-02 
7.26395E-01 1.80655E-01 1.64853E-02 
7.91501E-01 1.89882E-01 2.33395E-02 
8.61754E-01 1.97582E-01 3.39981E-02 
9.44235E-01 2.20450E-01 5.10694E-02 
1.03400E+00 2.25923E-01 7.93693E-02 
1.12986E+00 2.29924E-01 1.27888E-01 
1.23190E+00 2.32525E-01 2.14170E-01 
1.34025E+00 2.33783E-01 3.73506E-01 
1.45548E+00 2.33848E-01 6.78748E-01 
1.57957E+00 2.33077E-01 1.28160E+00 
1.71999E+00 2.32497E-01 2.48780E+00 
1.90240E+00 2.35089E-01 4.83250E+00 
2.19452E+00 2.47559E-01 8.90852E+00 
2.67756E+00 2.75364E-01 1.44765E+01 
3.28046E+00 3.06914E-01 1.97814E+01 
3.79751E+00 3.22448E-01 2.32578E+01 
3.38453E-01 4.82579E-02 1.79531E-03 
3.53865E-01 5.76672E-02 2.11714E-03 
4.00164E-01 9.42107E-02 2.52720E-03 
4.31129E-01 1.08192E-01 3.05723E-03 
4.64920E-01 1.21383E-01 3.75417E-03 
5.01672E-01 1.33647E-01 4.68142E-03 
5.41558E-01 1.44905E-01 5.93647E-03 
5.74678E-01 1.52885E-01 7.22226E-03 
5.84750E-01 1.55094E-01 7.66550E-03 
6.35195E-01 1.64819E-01 1.03217E-02 
6.89821E-01 1.73187E-01 1.42420E-02 
7.48740E-01 1.80156E-01 2.01835E-02 
8.12055E-01 1.85633E-01 2.94205E-02 
8.85858E-01 2.05390E-01 4.42490E-02 
9.66113E-01 2.08751E-01 6.88054E-02 
1.05136E+00 2.10790E-01 1.10928E-01 
1.14161E+00 2.11578E-01 1.85896E-01 
1.23692E+00 2.11196E-01 3.24410E-01 
1.33768E+00 2.09789E-01 5.89830E-01 
1.44571E+00 2.07701E-01 1.11421E+00 
1.56765E+00 2.05843E-01 2.16321E+00 
1.72664E+00 2.06835E-01 4.20384E+00 
1.98335E+00 2.16483E-01 7.75181E+00 
2.40960E+00 2.39373E-01 1.25994E+01 
2.93962E+00 2.65267E-01 1.72175E+01 
3.38863E+00 2.77143E-01 2.02406E+01 
3.31999E-01 5.45372E-02 1.54529E-03 
3.46220E-01 6.29045E-02 1.82438E-03 
3.90386E-01 1.01421E-01 2.18080E-03 
4.18847E-01 1.13402E-01 2.64092E-03 
4.49921E-01 1.24572E-01 3.24560E-03 
4.83677E-01 1.34786E-01 4.05135E-03 
5.20244E-01 1.43964E-01 5.14425E-03 
5.50522E-01 1.50325E-01 6.26314E-03 
5.59710E-01 1.52056E-01 6.64874E-03 
6.05668E-01 1.59549E-01 8.96140E-03 
6.55227E-01 1.65724E-01 1.23785E-02 
7.08481E-01 1.70590E-01 1.75569E-02 
7.65449E-01 1.74282E-01 2.56257E-02 
8.31132E-01 1.90905E-01 3.85572E-02 
9.02686E-01 1.92314E-01 5.99934E-02 
9.78268E-01 1.92632E-01 9.67759E-02 
1.05779E+00 1.91866E-01 1.62268E-01 
1.14126E+00 1.90105E-01 2.83284E-01 
1.22900E+00 1.87500E-01 5.15235E-01 
1.32257E+00 1.84363E-01 9.73403E-01 
1.42797E+00 1.81505E-01 1.89028E+00 
1.56603E+00 1.81217E-01 3.67348E+00 
1.79108E+00 1.88495E-01 6.77445E+00 
2.16653E+00 2.07174E-01 1.10107E+01 
2.63158E+00 2.28248E-01 1.50439E+01 
3.02048E+00 2.37123E-01 1.76784E+01 
3.25953E-01 6.09748E-02 1.33846E-03 
3.38983E-01 6.80319E-02 1.58169E-03 
3.79959E-01 1.07623E-01 1.89364E-03 
4.06593E-01 1.18239E-01 2.29586E-03 
4.35213E-01 1.27386E-01 2.82506E-03 
4.66213E-01 1.35507E-01 3.53040E-03 
4.99698E-01 1.42589E-01 4.48619E-03 
5.27381E-01 1.47359E-01 5.46771E-03 
5.35775E-01 1.48639E-01 5.80584E-03 
5.77595E-01 1.53963E-01 7.83347E-03 
6.22517E-01 1.58078E-01 1.08305E-02 
6.70547E-01 1.61000E-01 1.53714E-02 
7.21671E-01 1.62784E-01 2.24545E-02 
7.79873E-01 1.76631E-01 3.38093E-02 
8.43467E-01 1.76465E-01 5.26255E-02 
9.10205E-01 1.75313E-01 8.49269E-02 
9.79982E-01 1.73250E-01 1.42434E-01 
1.05274E+00 1.70372E-01 2.48722E-01 
1.12874E+00 1.66825E-01 4.52373E-01 
1.20936E+00 1.62893E-01 8.54665E-01 
1.30000E+00 1.59295E-01 1.65954E+00 
1.41938E+00 1.58010E-01 3.22449E+00 
1.61617E+00 1.63329E-01 5.94521E+00 
1.94623E+00 1.78424E-01 9.65994E+00 
2.35349E+00 1.95419E-01 1.31920E+01 
2.68940E+00 2.01865E-01 1.54915E+01 
3.20336E-01 6.74817E-02 1.16735E-03 
3.32574E-01 7.35806E-02 1.38191E-03 
3.69940E-01 1.14391E-01 1.65612E-03 
3.94329E-01 1.22416E-01 2.01084E-03 
4.20703E-01 1.29422E-01 2.47704E-03 
4.49236E-01 1.35465E-01 3.10016E-03 
4.79951E-01 1.40511E-01 3.94358E-03 
5.05249E-01 1.43740E-01 4.80924E-03 
5.12900E-01 1.44570E-01 5.10734E-03 
5.50957E-01 1.47862E-01 6.89853E-03 
5.91636E-01 1.50059E-01 9.54433E-03 
6.34910E-01 1.51196E-01 1.35603E-02 
6.80696E-01 1.51224E-01 1.98121E-02 
7.31992E-01 1.62646E-01 2.98427E-02 
7.88295E-01 1.61126E-01 4.64741E-02 
8.46981E-01 1.58752E-01 7.49986E-02 
9.07900E-01 1.55645E-01 1.25798E-01 
9.70975E-01 1.51903E-01 2.19608E-01 
1.03644E+00 1.47661E-01 3.99366E-01 
1.10547E+00 1.43174E-01 7.54219E-01 
1.18299E+00 1.39071E-01 1.46386E+00 
1.28579E+00 1.37055E-01 2.84285E+00 
1.45740E+00 1.40777E-01 5.23823E+00 
1.74708E+00 1.52856E-01 8.50588E+00 
2.10308E+00 1.66432E-01 1.16065E+01 
2.39248E+00 1.70950E-01 1.36159E+01 
3.14964E-01 7.33709E-02 1.02659E-03 
3.26173E-01 7.76285E-02 1.21742E-03 
3.59383E-01 1.19227E-01 1.46113E-03 
3.82087E-01 1.25443E-01 1.77648E-03 
4.06479E-01 1.30315E-01 2.19077E-03 
4.32779E-01 1.34302E-01 2.74384E-03 
4.61015E-01 1.37412E-01 3.49458E-03 
4.84173E-01 1.39209E-01 4.26423E-03 
4.91159E-01 1.39629E-01 4.52930E-03 
5.25807E-01 1.41070E-01 6.12190E-03 
5.62615E-01 1.41543E-01 8.47557E-03 
6.01516E-01 1.41123E-01 1.20437E-02 
6.42405E-01 1.39947E-01 1.76094E-02 
6.87340E-01 1.48937E-01 2.65177E-02 
7.36985E-01 1.46223E-01 4.12919E-02 
7.88352E-01 1.42886E-01 6.66398E-02 
8.41263E-01 1.38995E-01 1.11693E-01 
8.95653E-01 1.34636E-01 1.94946E-01 
9.51640E-01 1.29932E-01 3.54265E-01 
1.01037E+00 1.25111E-01 6.68630E-01 
1.07624E+00 1.20716E-01 1.29680E+00 
1.16436E+00 1.18200E-01 2.51598E+00 
1.31367E+00 1.20657E-01 4.63170E+00 
1.56752E+00 1.30223E-01 7.51329E+00 
1.87826E+00 1.40968E-01 1.02404E+01 
2.12698E+00 1.43987E-01 1.19970E+01 
3.09939E-01 7.83256E-02 9.11655E-04 
3.20499E-01 8.10464E-02 1.08251E-03 
3.48884E-01 1.22879E-01 1.30109E-03 
3.69992E-01 1.26693E-01 1.58354E-03 
3.92718E-01 1.29643E-01 1.95514E-03 
4.17084E-01 1.31763E-01 2.45043E-03 
4.43097E-01 1.33091E-01 3.12244E-03 
4.64334E-01 1.33592E-01 3.81238E-03 
4.70722E-01 1.33658E-01 4.04979E-03 
5.02255E-01 1.33449E-01 5.47525E-03 
5.35534E-01 1.32448E-01 7.58262E-03 
5.70438E-01 1.30719E-01 1.07742E-02 
6.06852E-01 1.28368E-01 1.57506E-02 
6.45933E-01 1.35342E-01 2.37156E-02 
6.89511E-01 1.31745E-01 3.69020E-02 
7.34213E-01 1.27716E-01 5.95178E-02 
7.79894E-01 1.23286E-01 9.97160E-02 
8.26437E-01 1.18542E-01 1.73851E-01 
8.74006E-01 1.13595E-01 3.15672E-01 
9.23578E-01 1.08640E-01 5.95131E-01 
9.79154E-01 1.04141E-01 1.15276E+00 
1.05435E+00 1.01330E-01 2.23395E+00 
1.18399E+00 1.02810E-01 4.10728E+00 
1.40618E+00 1.10311E-01 6.65341E+00 
1.67709E+00 1.18739E-01 9.05441E+00 
1.89041E+00 1.20623E-01 1.05895E+01 
3.05524E-01 8.19133E-02 8.17587E-04 
3.15894E-01 8.40750E-02 9.72252E-04 
3.38748E-01 1.23966E-01 1.16962E-03 
3.58524E-01 1.26081E-01 1.42474E-03 
3.79797E-01 1.27209E-01 1.75983E-03 
4.02479E-01 1.27662E-01 2.20752E-03 
4.26500E-01 1.27430E-01 2.81323E-03 
4.45993E-01 1.26814E-01 3.43524E-03 
4.51834E-01 1.26568E-01 3.64932E-03 
4.80530E-01 1.24976E-01 4.93358E-03 
5.10556E-01 1.22767E-01 6.82997E-03 
5.41794E-01 1.19994E-01 9.70434E-03 
5.74129E-01 1.16658E-01 1.41739E-02 
6.07848E-01 1.21905E-01 2.13278E-02 
6.45872E-01 1.17768E-01 3.31649E-02 
6.84536E-01 1.13289E-01 5.34287E-02 
7.23671E-01 1.08554E-01 8.94108E-02 
7.63186E-01 1.03640E-01 1.55690E-01 
8.03230E-01 9.86419E-02 2.82281E-01 
8.44712E-01 9.37244E-02 5.31401E-01 
8.91245E-01 8.92790E-02 1.02784E+00 
9.55121E-01 8.63474E-02 1.98848E+00 
1.06747E+00 8.70981E-02 3.64966E+00 
1.26183E+00 9.29264E-02 5.90172E+00 
1.49787E+00 9.94827E-02 8.01622E+00 
1.68057E+00 1.00536E-01 9.35643E+00 
3.02127E-01 8.40569E-02 7.40366E-04 
3.12134E-01 8.44621E-02 8.81468E-04 
3.29360E-01 1.22786E-01 1.06111E-03 
3.48226E-01 1.23403E-01 1.29307E-03 
3.68237E-01 1.22958E-01 1.59751E-03 
3.89382E-01 1.21957E-01 2.00355E-03 
4.11604E-01 1.20435E-01 2.55352E-03 
4.29483E-01 1.18918E-01 3.11674E-03 
4.34824E-01 1.18422E-01 3.31087E-03 
4.60895E-01 1.15752E-01 4.47420E-03 
4.87906E-01 1.12618E-01 6.18999E-03 
5.15747E-01 1.09082E-01 8.78573E-03 
5.44263E-01 1.05198E-01 1.28204E-02 
5.73120E-01 1.08882E-01 1.92699E-02 
6.06044E-01 1.04389E-01 2.99226E-02 
6.39211E-01 9.96918E-02 4.81409E-02 
6.72455E-01 9.48667E-02 8.04205E-02 
7.05714E-01 8.99692E-02 1.39821E-01 
7.39088E-01 8.50818E-02 2.53068E-01 
7.73445E-01 8.03438E-02 4.75533E-01 
8.12079E-01 7.60817E-02 9.17900E-01 
8.66075E-01 7.31621E-02 1.77253E+00 
9.63330E-01 7.33922E-02 3.24662E+00 
1.13332E+00 7.78847E-02 5.23874E+00 
1.33903E+00 8.29534E-02 7.10032E+00 
1.49536E+00 8.34194E-02 8.26828E+00 
3.00232E-01 8.43708E-02 6.76684E-04 
3.09997E-01 8.35617E-02 8.05883E-04 
3.21754E-01 1.19617E-01 9.70339E-04 
3.39695E-01 1.18657E-01 1.18219E-03 
3.58558E-01 1.16937E-01 1.46034E-03 
3.78272E-01 1.14819E-01 1.83029E-03 
3.98799E-01 1.12302E-01 2.33136E-03 
4.15164E-01 1.10110E-01 2.84407E-03 
4.20023E-01 1.09430E-01 3.02014E-03 
4.43600E-01 1.05982E-01 4.07747E-03 
4.67782E-01 1.02220E-01 5.63475E-03 
4.92432E-01 9.82022E-02 7.98660E-03 
5.17384E-01 9.40210E-02 1.16396E-02 
5.41789E-01 9.64244E-02 1.74634E-02 
5.70087E-01 9.17672E-02 2.70754E-02 
5.98256E-01 8.70559E-02 4.34722E-02 
6.26209E-01 8.23102E-02 7.25042E-02 
6.53845E-01 7.75804E-02 1.25781E-01 
6.81341E-01 7.29317E-02 2.27192E-01 
7.09470E-01 6.84791E-02 4.25977E-01 
7.41223E-01 6.44897E-02 8.20401E-01 
7.86681E-01 6.16903E-02 1.58064E+00 
8.70835E-01 6.15677E-02 2.88861E+00 
1.01965E+00 6.50113E-02 4.65004E+00 
1.19905E+00 6.89085E-02 6.28671E+00 
1.33283E+00 6.89788E-02 7.30227E+00 
3.00188E-01 8.29953E-02 6.23025E-04 
3.09820E-01 8.16698E-02 7.41680E-04 
3.16608E-01 1.13667E-01 8.92618E-04 
3.33525E-01 1.12030E-01 1.08682E-03 
3.51221E-01 1.09486E-01 1.34140E-03 
3.69529E-01 1.06554E-01 1.67984E-03 
3.88360E-01 1.03345E-01 2.13683E-03 
4.03245E-01 1.00696E-01 2.60470E-03 
4.07640E-01 9.98966E-02 2.76528E-03 
4.28799E-01 9.59569E-02 3.72731E-03 
4.50259E-01 9.18332E-02 5.14260E-03 
4.71869E-01 8.75720E-02 7.27741E-03 
4.93514E-01 8.32163E-02 1.05852E-02 
5.13891E-01 8.46261E-02 1.58530E-02 
5.37896E-01 8.00595E-02 2.45241E-02 
5.61538E-01 7.54904E-02 3.93000E-02 
5.84705E-01 7.09577E-02 6.53867E-02 
6.07373E-01 6.65064E-02 1.13194E-01 
6.29687E-01 6.21875E-02 2.03978E-01 
6.52374E-01 5.80861E-02 3.81553E-01 
6.78211E-01 5.44294E-02 7.33153E-01 
7.16288E-01 5.18164E-02 1.40888E+00 
7.89110E-01 5.14696E-02 2.56811E+00 
9.19569E-01 5.40978E-02 4.12327E+00 
1.07625E+00 5.70847E-02 5.55955E+00 
1.19084E+00 5.69028E-02 6.44037E+00 
3.02252E-01 8.03918E-02 5.76546E-04 
3.11655E-01 7.81728E-02 6.85810E-04 
3.14006E-01 1.06782E-01 8.24496E-04 
3.29966E-01 1.04365E-01 1.00286E-03 
3.46462E-01 1.01108E-01 1.23605E-03 
3.63309E-01 9.76444E-02 1.54576E-03 
3.80433E-01 9.40210E-02 1.96357E-03 
3.93814E-01 9.11154E-02 2.39037E-03 
3.97742E-01 9.02525E-02 2.53688E-03 
4.16544E-01 8.60727E-02 3.41334E-03 
4.35348E-01 8.18103E-02 4.70010E-03 
4.54066E-01 7.75048E-02 6.63849E-03 
4.72611E-01 7.31565E-02 9.63502E-03 
4.89352E-01 7.38064E-02 1.43988E-02 
5.09426E-01 6.94520E-02 2.22234E-02 
5.28971E-01 6.51363E-02 3.55363E-02 
5.47891E-01 6.09116E-02 5.89890E-02 
5.66179E-01 5.68058E-02 1.01870E-01 
5.83981E-01 5.28592E-02 1.83148E-01 
6.01988E-01 4.91463E-02 3.41660E-01 
6.22752E-01 4.58481E-02 6.54766E-01 
6.54547E-01 4.34566E-02 1.25506E+00 
7.17646E-01 4.29814E-02 2.28142E+00 
8.32316E-01 4.49849E-02 3.65276E+00 
9.69590E-01 4.72753E-02 4.91162E+00 
1.06796E+00 4.69444E-02 5.67405E+00 
3.06362E-01 7.66012E-02 5.34590E-04 
3.15409E-01 7.38853E-02 6.35294E-04 
3.14455E-01 9.86668E-02 7.62683E-04 
3.29011E-01 9.59396E-02 9.26327E-04 
3.44143E-01 9.22817E-02 1.13998E-03 
3.59418E-01 8.85460E-02 1.42328E-03 
3.74743E-01 8.47230E-02 1.80485E-03 
3.86607E-01 8.17214E-02 2.19403E-03 
3.90071E-01 8.08391E-02 2.32767E-03 
4.06499E-01 7.66161E-02 3.12541E-03 
4.22728E-01 7.23871E-02 4.29494E-03 
4.38684E-01 6.81819E-02 6.05228E-03 
4.54259E-01 6.40373E-02 8.76550E-03 
4.67750E-01 6.40854E-02 1.30685E-02 
4.84263E-01 5.99875E-02 2.01262E-02 
5.00117E-01 5.59944E-02 3.21018E-02 
5.15263E-01 5.21231E-02 5.31614E-02 
5.29684E-01 4.83956E-02 9.15775E-02 
5.43555E-01 4.48428E-02 1.64193E-01 
5.57544E-01 4.15213E-02 3.05561E-01 
5.73973E-01 3.85804E-02 5.84023E-01 
6.00401E-01 3.64256E-02 1.11640E+00 
6.55161E-01 3.58879E-02 2.02377E+00 
7.56235E-01 3.74137E-02 3.23113E+00 
8.76863E-01 3.91717E-02 4.33240E+00 
9.61513E-01 3.87619E-02 4.99092E+00 
3.12015E-01 7.22651E-02 4.95689E-04 
3.20447E-01 6.94228E-02 5.88178E-04 
3.16776E-01 9.06343E-02 7.05297E-04 
3.30198E-01 8.72470E-02 8.55059E-04 
3.43796E-01 8.35176E-02 1.05068E-03 
3.57370E-01 7.96948E-02 1.30952E-03 
3.70844E-01 7.58400E-02 1.65754E-03 
3.81163E-01 7.28563E-02 2.01198E-03 
3.84154E-01 7.19858E-02 2.13355E-03 
3.98238E-01 6.78549E-02 2.85884E-03 
4.11988E-01 6.37733E-02 3.92030E-03 
4.25314E-01 5.97665E-02 5.51203E-03 
4.38129E-01 5.58756E-02 7.96561E-03 
4.48725E-01 5.54855E-02 1.18490E-02 
4.62013E-01 5.17092E-02 1.82054E-02 
4.74572E-01 4.80650E-02 2.89664E-02 
4.86373E-01 4.45598E-02 4.78457E-02 
4.97437E-01 4.12119E-02 8.22161E-02 
5.07931E-01 3.80437E-02 1.47037E-01 
5.18473E-01 3.50973E-02 2.72965E-01 
5.31239E-01 3.24967E-02 5.20412E-01 
5.53100E-01 3.05740E-02 9.91959E-01 
6.00727E-01 3.00162E-02 1.79331E+00 
6.90118E-01 3.11793E-02 2.85511E+00 
7.96474E-01 3.25305E-02 3.81722E+00 
8.69542E-01 3.20877E-02 4.38521E+00 
3.18431E-01 6.77696E-02 4.59038E-04 
3.26108E-01 6.47342E-02 5.43851E-04 
3.20789E-01 8.25094E-02 6.51046E-04 
3.32650E-01 7.89992E-02 7.88179E-04 
3.44636E-01 7.52015E-02 9.66784E-04 
3.56452E-01 7.14070E-02 1.20287E-03 
3.68056E-01 6.76331E-02 1.51991E-03 
3.76832E-01 6.47427E-02 1.84244E-03 
3.79363E-01 6.39012E-02 1.95279E-03 
3.91190E-01 5.99436E-02 2.61150E-03 
4.02567E-01 5.60769E-02 3.57316E-03 
4.13424E-01 5.23218E-02 5.01356E-03 
4.23742E-01 4.86760E-02 7.22916E-03 
4.31764E-01 4.79918E-02 1.07302E-02 
4.42154E-01 4.45640E-02 1.64485E-02 
4.51804E-01 4.12691E-02 2.61126E-02 
4.60684E-01 3.81223E-02 4.30330E-02 
4.68843E-01 3.51353E-02 7.37669E-02 
4.76434E-01 3.23220E-02 1.31600E-01 
4.84066E-01 2.97247E-02 2.43678E-01 
4.93719E-01 2.74358E-02 4.63320E-01 
5.11731E-01 2.57323E-02 8.80931E-01 
5.53238E-01 2.51806E-02 1.58812E+00 
6.32551E-01 2.60680E-02 2.52121E+00 
7.26666E-01 2.71083E-02 3.36131E+00 
7.89940E-01 2.66612E-02 3.85086E+00 
3.24689E-01 6.33108E-02 4.24008E-04 
3.31551E-01 6.01300E-02 5.01797E-04 
3.25226E-01 7.46342E-02 5.99824E-04 
3.35456E-01 7.13158E-02 7.25209E-04 
3.45800E-01 6.75718E-02 8.88186E-04 
3.55875E-01 6.38818E-02 1.10346E-03 
3.65631E-01 6.02477E-02 1.39192E-03 
3.72944E-01 5.74833E-02 1.68508E-03 
3.75041E-01 5.66842E-02 1.78553E-03 
3.84733E-01 5.29409E-02 2.38336E-03 
3.93905E-01 4.93152E-02 3.25453E-03 
4.02526E-01 4.58194E-02 4.55781E-03 
4.10540E-01 4.24655E-02 6.55732E-03 
4.16343E-01 4.15583E-02 9.71326E-03 
4.24179E-01 3.84535E-02 1.48560E-02 
4.31282E-01 3.54919E-02 2.35327E-02 
4.37645E-01 3.26798E-02 3.86940E-02 
4.43307E-01 3.00254E-02 6.61747E-02 
4.48438E-01 2.75404E-02 1.17775E-01 
4.53596E-01 2.52513E-02 2.17519E-01 
4.60629E-01 2.32398E-02 4.12522E-01 
4.75363E-01 2.17354E-02 7.82311E-01 
5.11611E-01 2.12058E-02 1.40644E+00 
5.82214E-01 2.18829E-02 2.22650E+00 
6.65798E-01 2.26870E-02 2.96014E+00 
7.20760E-01 2.22523E-02 3.38198E+00 
3.29986E-01 5.91447E-02 3.91018E-04 
3.35928E-01 5.59737E-02 4.62280E-04 
3.28634E-01 6.81687E-02 5.52020E-04 
3.37799E-01 6.43684E-02 6.66556E-04 
3.46539E-01 6.07414E-02 8.15322E-04 
3.54955E-01 5.71861E-02 1.01146E-03 
3.62997E-01 5.37152E-02 1.27420E-03 
3.68948E-01 5.10922E-02 1.54068E-03 
3.70637E-01 5.03392E-02 1.63194E-03 
3.78379E-01 4.68195E-02 2.17450E-03 
3.85571E-01 4.34372E-02 2.96469E-03 
3.92171E-01 4.02032E-02 4.14304E-03 
3.98150E-01 3.71335E-02 5.95061E-03 
4.02023E-01 3.60670E-02 8.79501E-03 
4.07647E-01 3.32618E-02 1.34252E-02 
4.12551E-01 3.06038E-02 2.12184E-02 
4.16747E-01 2.80955E-02 3.48115E-02 
4.20281E-01 2.57399E-02 5.93975E-02 
4.23323E-01 2.35454E-02 1.05467E-01 
4.26395E-01 2.15311E-02 1.94306E-01 
4.31221E-01 1.97647E-02 3.67603E-01 
4.43165E-01 1.84373E-02 6.95235E-01 
4.74877E-01 1.79379E-02 1.24651E+00 
5.37921E-01 1.84550E-02 1.96779E+00 
6.12391E-01 1.90771E-02 2.60876E+00 
6.60276E-01 1.86655E-02 2.97243E+00 
3.33712E-01 5.53744E-02 3.60569E-04 
3.38815E-01 5.21683E-02 4.25906E-04 
3.31579E-01 6.16593E-02 5.08084E-04 
3.39078E-01 5.82021E-02 6.12945E-04 
3.46341E-01 5.47124E-02 7.48978E-04 
3.53243E-01 5.13025E-02 9.27965E-04 
3.59742E-01 4.79959E-02 1.16744E-03 
3.64465E-01 4.55169E-02 1.41019E-03 
3.65795E-01 4.48051E-02 1.49309E-03 
3.71800E-01 4.15025E-02 1.98609E-03 
3.77230E-01 3.83542E-02 2.70304E-03 
3.82057E-01 3.53666E-02 3.77068E-03 
3.86277E-01 3.25334E-02 5.40522E-03 
3.88491E-01 3.13795E-02 7.97414E-03 
3.92191E-01 2.88534E-02 1.21464E-02 
3.95205E-01 2.64708E-02 1.91567E-02 
3.97544E-01 2.42341E-02 3.13609E-02 
3.99268E-01 2.21438E-02 5.33875E-02 
4.00537E-01 2.02040E-02 9.45625E-02 
4.01853E-01 1.84321E-02 1.73813E-01 
4.04812E-01 1.68807E-02 3.27970E-01 
4.14372E-01 1.57091E-02 6.18684E-01 
4.42154E-01 1.52441E-02 1.10620E+00 
4.98604E-01 1.56391E-02 1.74133E+00 
5.65167E-01 1.61226E-02 2.30203E+00 
6.06976E-01 1.57375E-02 2.61556E+00 
3.35470E-01 5.20052E-02 3.32851E-04 
3.39862E-01 4.87760E-02 3.92948E-04 
3.33006E-01 5.58382E-02 4.68482E-04 
3.38887E-01 5.28030E-02 5.64605E-04 
3.44888E-01 4.94198E-02 6.89202E-04 
3.50472E-01 4.61541E-02 8.53080E-04 
3.55619E-01 4.30068E-02 1.07177E-03 
3.59284E-01 4.06611E-02 1.29325E-03 
3.60301E-01 3.99905E-02 1.36895E-03 
3.64800E-01 3.68922E-02 1.81833E-03 
3.68701E-01 3.39599E-02 2.47023E-03 
3.71998E-01 3.11952E-02 3.44044E-03 
3.74662E-01 2.86032E-02 4.92153E-03 
3.75476E-01 2.73842E-02 7.24646E-03 
3.77528E-01 2.51059E-02 1.10163E-02 
3.78918E-01 2.29696E-02 1.73347E-02 
3.79674E-01 2.09739E-02 2.83111E-02 
3.79854E-01 1.91180E-02 4.80818E-02 
3.79621E-01 1.74038E-02 8.49636E-02 
3.79445E-01 1.58417E-02 1.55761E-01 
3.80822E-01 1.44770E-02 2.93178E-01 
3.88334E-01 1.34431E-02 5.51451E-01 
4.12691E-01 1.30136E-02 9.83222E-01 
4.63361E-01 1.33153E-02 1.54325E+00 
5.23013E-01 1.36925E-02 2.03425E+00 
5.59581E-01 1.33354E-02 2.30459E+00 
3.35494E-01 4.90223E-02 3.08442E-04 
3.39271E-01 4.57881E-02 3.63922E-04 
3.32569E-01 5.10584E-02 4.33543E-04 
3.37364E-01 4.80955E-02 5.22045E-04 
3.42275E-01 4.48225E-02 6.36553E-04 
3.46743E-01 4.16821E-02 7.86952E-04 
3.50740E-01 3.86811E-02 9.87632E-04 
3.53491E-01 3.64579E-02 1.19037E-03 
3.54240E-01 3.58240E-02 1.25961E-03 
3.57434E-01 3.29124E-02 1.67031E-03 
3.60019E-01 3.01759E-02 2.26533E-03 
3.61976E-01 2.76166E-02 3.14845E-03 
3.63314E-01 2.52328E-02 4.49542E-03 
3.62917E-01 2.39854E-02 6.60478E-03 
3.63550E-01 2.19265E-02 1.00177E-02 
3.63551E-01 2.00075E-02 1.57304E-02 
3.62950E-01 1.82245E-02 2.56299E-02 
3.61812E-01 1.65743E-02 4.34185E-02 
3.60298E-01 1.50560E-02 7.65250E-02 
3.58857E-01 1.36771E-02 1.39918E-01 
3.58883E-01 1.24747E-02 2.62602E-01 
3.64643E-01 1.15600E-02 4.92649E-01 
3.86009E-01 1.11657E-02 8.75754E-01 
4.31601E-01 1.13961E-02 1.37043E+00 
4.85198E-01 1.16903E-02 1.80100E+00 
5.17254E-01 1.13623E-02 2.03435E+00 
3.33825E-01 4.63687E-02 2.86861E-04 
3.37093E-01 4.31376E-02 3.38195E-04 
3.30294E-01 4.70869E-02 4.02594E-04 
3.34552E-01 4.39286E-02 4.84281E-04 
3.38543E-01 4.07644E-02 5.89872E-04 
3.42054E-01 3.77445E-02 7.28278E-04 
3.45059E-01 3.48768E-02 9.12618E-04 
3.47020E-01 3.27666E-02 1.09876E-03 
3.47536E-01 3.21665E-02 1.16216E-03 
3.49598E-01 2.94240E-02 1.53820E-03 
3.51022E-01 2.68680E-02 2.08195E-03 
3.51812E-01 2.44946E-02 2.88774E-03 
3.51976E-01 2.22970E-02 4.11385E-03 
3.50528E-01 2.10442E-02 6.03057E-03 
3.49916E-01 1.91840E-02 9.12530E-03 
3.48696E-01 1.74606E-02 1.42920E-02 
3.46908E-01 1.58675E-02 2.32272E-02 
3.44624E-01 1.43995E-02 3.92451E-02 
3.42002E-01 1.30536E-02 6.89786E-02 
3.39468E-01 1.18360E-02 1.25776E-01 
3.38328E-01 1.07751E-02 2.35383E-01 
3.42547E-01 9.96637E-03 4.40249E-01 
3.61260E-01 9.60607E-03 7.80260E-01 
4.02316E-01 9.78101E-03 1.21722E+00 
4.50516E-01 1.00106E-02 1.59463E+00 
4.78583E-01 9.71004E-03 1.79559E+00 
3.30881E-01 4.40769E-02 2.68175E-04 
3.33733E-01 4.08358E-02 3.15876E-04 
3.27042E-01 4.35723E-02 3.75584E-04 
3.30792E-01 4.03130E-02 4.51241E-04 
3.34003E-01 3.72380E-02 5.48888E-04 
3.36687E-01 3.43227E-02 6.76647E-04 
3.38823E-01 3.15727E-02 8.46443E-04 
3.40093E-01 2.95606E-02 1.01763E-03 
3.40397E-01 2.89922E-02 1.07601E-03 
3.41459E-01 2.63993E-02 1.42124E-03 
3.41855E-01 2.40025E-02 1.91937E-03 
3.41602E-01 2.17943E-02 2.65604E-03 
3.40717E-01 1.97676E-02 3.77454E-03 
3.38352E-01 1.85221E-02 5.51949E-03 
3.36643E-01 1.68368E-02 8.33065E-03 
3.34353E-01 1.52849E-02 1.30131E-02 
3.31529E-01 1.38584E-02 2.10887E-02 
3.28250E-01 1.25500E-02 3.55322E-02 
3.24669E-01 1.13553E-02 6.22757E-02 
3.21195E-01 1.02770E-02 1.13208E-01 
3.19052E-01 9.33925E-03 2.11242E-01 
3.21929E-01 8.62258E-03 3.93819E-01 
3.38292E-01 8.29401E-03 6.95770E-01 
3.75299E-01 8.42585E-03 1.08192E+00 
4.18697E-01 8.60451E-03 1.41280E+00 
4.43256E-01 8.32965E-03 1.58568E+00 
3.26904E-01 4.20863E-02 2.51786E-04 
3.29416E-01 3.88141E-02 2.96230E-04 
3.23137E-01 4.03346E-02 3.51691E-04 
3.26196E-01 3.71730E-02 4.21904E-04 
3.28716E-01 3.41715E-02 5.12344E-04 
3.30668E-01 3.13426E-02 6.30461E-04 
3.32031E-01 2.86934E-02 7.87205E-04 
3.32680E-01 2.67665E-02 9.44846E-04 
3.32795E-01 2.62255E-02 9.98614E-04 
3.32951E-01 2.37649E-02 1.31588E-03 
3.32424E-01 2.15077E-02 1.77273E-03 
3.31232E-01 1.94459E-02 2.44683E-03 
3.29409E-01 1.75674E-02 3.46798E-03 
3.26224E-01 1.63435E-02 5.05754E-03 
3.23541E-01 1.48123E-02 7.61185E-03 
3.20304E-01 1.34116E-02 1.18566E-02 
3.16569E-01 1.21314E-02 1.91602E-02 
3.12417E-01 1.09629E-02 3.21853E-02 
3.08003E-01 9.90039E-03 5.62350E-02 
3.03717E-01 8.94390E-03 1.01907E-01 
3.00705E-01 8.11376E-03 1.89526E-01 
3.02410E-01 7.47746E-03 3.52256E-01 
3.16668E-01 7.17819E-03 6.20254E-01 
3.50018E-01 7.27609E-03 9.61261E-01 
3.89091E-01 7.41370E-03 1.25107E+00 
4.10535E-01 7.16294E-03 1.39949E+00 
3.22082E-01 4.04059E-02 2.37246E-04 
3.24331E-01 3.70767E-02 2.78659E-04 
3.18441E-01 3.76094E-02 3.30311E-04 
3.20945E-01 3.44769E-02 3.95526E-04 
3.22848E-01 3.15288E-02 4.79366E-04 
3.24132E-01 2.87692E-02 5.88698E-04 
3.24785E-01 2.62009E-02 7.33412E-04 
3.24854E-01 2.43461E-02 8.78744E-04 
3.24803E-01 2.38253E-02 9.28179E-04 
3.24124E-01 2.14753E-02 1.21991E-03 
3.22738E-01 1.93383E-02 1.63904E-03 
3.20680E-01 1.74024E-02 2.25593E-03 
3.17991E-01 1.56546E-02 3.18811E-03 
3.14071E-01 1.44574E-02 4.63589E-03 
3.10511E-01 1.30608E-02 6.95688E-03 
3.06429E-01 1.17922E-02 1.08027E-02 
3.01889E-01 1.06399E-02 1.74030E-02 
2.96974E-01 9.59387E-03 2.91402E-02 
2.91840E-01 8.64629E-03 5.07480E-02 
2.86852E-01 7.79694E-03 9.16690E-02 
2.83092E-01 7.06034E-03 1.69925E-01 
2.83764E-01 6.49487E-03 3.14761E-01 
2.96132E-01 6.22237E-03 5.52386E-01 
3.26160E-01 6.29323E-03 8.53180E-01 
3.61304E-01 6.39787E-03 1.10656E+00 
3.79962E-01 6.16910E-03 1.23362E+00 
3.16490E-01 3.90268E-02 2.24040E-04 
3.18444E-01 3.56284E-02 2.62601E-04 
3.13056E-01 3.52777E-02 3.10656E-04 
3.14982E-01 3.21812E-02 3.71231E-04 
3.16298E-01 2.92667E-02 4.48915E-04 
3.16955E-01 2.65549E-02 5.50014E-04 
3.16947E-01 2.40475E-02 6.83572E-04 
3.16483E-01 2.22486E-02 8.17489E-04 
3.16277E-01 2.17447E-02 8.62969E-04 
3.14828E-01 1.94856E-02 1.13105E-03 
3.12657E-01 1.74487E-02 1.51513E-03 
3.09810E-01 1.56203E-02 2.07907E-03 
3.06339E-01 1.39843E-02 2.92923E-03 
3.01760E-01 1.28188E-02 4.24636E-03 
2.97422E-01 1.15389E-02 6.35235E-03 
2.92594E-01 1.03855E-02 9.83285E-03 
2.87348E-01 9.34516E-03 1.57882E-02 
2.81773E-01 8.40619E-03 2.63499E-02 
2.76020E-01 7.55967E-03 4.57375E-02 
2.70438E-01 6.80359E-03 8.23411E-02 
2.66040E-01 6.14918E-03 1.52129E-01 
2.65808E-01 5.64577E-03 2.80800E-01 
2.76468E-01 5.39767E-03 4.91098E-01 
3.03454E-01 5.44688E-03 7.55898E-01 
3.35004E-01 5.52519E-03 9.76965E-01 
3.51158E-01 5.31604E-03 1.08533E+00 
3.10303E-01 3.79665E-02 2.11855E-04 
3.11952E-01 3.44897E-02 2.47777E-04 
3.07021E-01 3.33996E-02 2.92415E-04 
3.08445E-01 3.02777E-02 3.48609E-04 
3.09180E-01 2.73685E-02 4.20523E-04 
3.09223E-01 2.46775E-02 5.13886E-04 
3.08572E-01 2.22068E-02 6.36953E-04 
3.07599E-01 2.04449E-02 7.60086E-04 
3.07238E-01 1.99542E-02 8.01899E-04 
3.05056E-01 1.77629E-02 1.04773E-03 
3.02152E-01 1.58047E-02 1.39915E-03 
2.98572E-01 1.40644E-02 1.91383E-03 
2.94382E-01 1.25230E-02 2.68756E-03 
2.89212E-01 1.13904E-02 3.88353E-03 
2.84180E-01 1.02108E-02 5.79068E-03 
2.78697E-01 9.15759E-03 8.93363E-03 
2.72840E-01 8.21501E-03 1.42960E-02 
2.66701E-01 7.36983E-03 2.37792E-02 
2.60426E-01 6.61228E-03 4.11363E-02 
2.54352E-01 5.93767E-03 7.38005E-02 
2.49419E-01 5.35559E-03 1.35875E-01 
2.48401E-01 4.90698E-03 2.49931E-01 
2.57512E-01 4.68120E-03 4.35563E-01 
2.81692E-01 4.71291E-03 6.68044E-01 
3.09942E-01 4.76970E-03 8.60411E-01 
3.23837E-01 4.57883E-03 9.52445E-01 
3.03326E-01 3.71889E-02 2.00324E-04 
3.04663E-01 3.36060E-02 2.33720E-04 
3.00216E-01 3.18886E-02 2.75145E-04 
3.01152E-01 2.87265E-02 3.27191E-04 
3.01362E-01 2.57997E-02 3.93683E-04 
3.00847E-01 2.31075E-02 4.79798E-04 
2.99611E-01 2.06512E-02 5.93063E-04 
2.98170E-01 1.89111E-02 7.06136E-04 
2.97671E-01 1.84281E-02 7.44472E-04 
2.94827E-01 1.62832E-02 9.69629E-04 
2.91253E-01 1.43855E-02 1.29065E-03 
2.87015E-01 1.27159E-02 1.75948E-03 
2.82186E-01 1.12524E-02 2.46268E-03 
2.76498E-01 1.01522E-02 3.54676E-03 
2.70868E-01 9.05793E-03 5.27069E-03 
2.64829E-01 8.09044E-03 8.10470E-03 
2.58458E-01 7.23252E-03 1.29258E-02 
2.51854E-01 6.46898E-03 2.14262E-02 
2.45159E-01 5.78860E-03 3.69378E-02 
2.38688E-01 5.18584E-03 6.60354E-02 
2.33323E-01 4.66703E-03 1.21149E-01 
2.31634E-01 4.26679E-03 2.22081E-01 
2.39354E-01 4.06127E-03 3.85668E-01 
2.60967E-01 4.07903E-03 5.89438E-01 
2.86199E-01 4.11834E-03 7.56496E-01 
2.98075E-01 3.94446E-03 8.34466E-01 
2.95506E-01 3.66805E-02 1.89099E-04 
2.96504E-01 3.29571E-02 2.20009E-04 
2.92535E-01 3.06824E-02 2.58308E-04 
2.92935E-01 2.74655E-02 3.06343E-04 
2.92626E-01 2.44937E-02 3.67563E-04 
2.91575E-01 2.17759E-02 4.46685E-04 
2.89783E-01 1.93130E-02 5.50484E-04 
2.87908E-01 1.75793E-02 6.53918E-04 
2.87278E-01 1.71005E-02 6.88954E-04 
2.83826E-01 1.49845E-02 8.94319E-04 
2.79651E-01 1.31312E-02 1.18634E-03 
2.74831E-01 1.15180E-02 1.61187E-03 
2.69440E-01 1.01201E-02 2.24809E-03 
2.63308E-01 9.05188E-03 3.22682E-03 
2.57170E-01 8.03178E-03 4.77918E-03 
2.50663E-01 7.14013E-03 7.32262E-03 
2.43872E-01 6.35720E-03 1.16385E-02 
2.36895E-01 5.66650E-03 1.92246E-02 
2.29871E-01 5.05534E-03 3.30238E-02 
2.23094E-01 4.51699E-03 5.88331E-02 
2.17387E-01 4.05511E-03 1.07553E-01 
2.15124E-01 3.69856E-03 1.96457E-01 
2.21573E-01 3.51193E-03 3.39959E-01 
2.40787E-01 3.51849E-03 5.17731E-01 
2.63200E-01 3.54353E-03 6.62089E-01 
2.73239E-01 3.38569E-03 7.27717E-01 
2.86963E-01 3.64301E-02 1.78250E-04 
2.87646E-01 3.25472E-02 2.06809E-04 
2.84067E-01 2.98046E-02 2.42117E-04 
2.83990E-01 2.64881E-02 2.86311E-04 
2.83160E-01 2.34424E-02 3.42489E-04 
2.81578E-01 2.06743E-02 4.14919E-04 
2.79264E-01 1.81835E-02 5.09753E-04 
2.76988E-01 1.64428E-02 6.04032E-04 
2.76245E-01 1.59638E-02 6.35928E-04 
2.72246E-01 1.38601E-02 8.22665E-04 
2.67539E-01 1.20362E-02 1.08752E-03 
2.62206E-01 1.04666E-02 1.47233E-03 
2.56337E-01 9.12249E-03 2.04632E-03 
2.49835E-01 8.08443E-03 2.92704E-03 
2.43279E-01 7.12810E-03 4.31998E-03 
2.36399E-01 6.30227E-03 6.59630E-03 
2.29285E-01 5.58523E-03 1.04471E-02 
2.22029E-01 4.95899E-03 1.71957E-02 
2.14768E-01 4.40946E-03 2.94336E-02 
2.07780E-01 3.92827E-03 5.22528E-02 
2.01824E-01 3.51719E-03 9.51901E-02 
1.99087E-01 3.19982E-03 1.73244E-01 
2.04396E-01 3.03065E-03 2.98731E-01 
2.21396E-01 3.02848E-03 4.53331E-01 
2.41217E-01 3.04217E-03 5.77658E-01 
2.49612E-01 2.89941E-03 6.32660E-01 
2.77554E-01 3.63872E-02 1.67580E-04 
2.77889E-01 3.23212E-02 1.93859E-04 
2.74660E-01 2.91659E-02 2.26285E-04 
2.74146E-01 2.57321E-02 2.66801E-04 
2.72871E-01 2.25954E-02 3.18196E-04 
2.70836E-01 1.97602E-02 3.84299E-04 
2.68056E-01 1.72256E-02 4.70596E-04 
2.65418E-01 1.54665E-02 5.56253E-04 
2.64574E-01 1.49839E-02 5.85186E-04 
2.60085E-01 1.28786E-02 7.54297E-04 
2.54910E-01 1.10723E-02 9.93525E-04 
2.49140E-01 9.53534E-03 1.34022E-03 
2.42867E-01 8.23550E-03 1.85593E-03 
2.36065E-01 7.22626E-03 2.64533E-03 
2.29184E-01 6.32532E-03 3.89054E-03 
2.22024E-01 5.55769E-03 5.91959E-03 
2.14676E-01 4.89954E-03 9.34181E-03 
2.07234E-01 4.33097E-03 1.53221E-02 
1.99826E-01 3.83671E-03 2.61354E-02 
1.92714E-01 3.40692E-03 4.62310E-02 
1.86597E-01 3.04159E-03 8.39204E-02 
1.83480E-01 2.75962E-03 1.52195E-01 
1.87767E-01 2.60681E-03 2.61498E-01 
2.02723E-01 2.59799E-03 3.95414E-01 
2.20155E-01 2.60286E-03 5.02072E-01 
2.27083E-01 2.47429E-03 5.47917E-01 
2.67421E-01 3.65276E-02 1.57147E-04 
2.67396E-01 3.22510E-02 1.81213E-04 
2.64428E-01 2.87295E-02 2.10865E-04 
2.63484E-01 2.51596E-02 2.47860E-04 
2.61782E-01 2.19125E-02 2.94660E-04 
2.59324E-01 1.89948E-02 3.54700E-04 
2.56137E-01 1.64048E-02 4.32942E-04 
2.53196E-01 1.46188E-02 5.10411E-04 
2.52259E-01 1.41315E-02 5.36560E-04 
2.47363E-01 1.20150E-02 6.89082E-04 
2.41806E-01 1.02180E-02 9.04302E-04 
2.35683E-01 8.70647E-03 1.21538E-03 
2.29094E-01 7.44406E-03 1.67686E-03 
2.22071E-01 6.46252E-03 2.38157E-03 
2.14954E-01 5.61053E-03 3.49015E-03 
2.07605E-01 4.89493E-03 5.29145E-03 
2.00114E-01 4.28960E-03 8.32078E-03 
1.92574E-01 3.77299E-03 1.35991E-02 
1.85107E-01 3.32846E-03 2.31148E-02 
1.77954E-01 2.94519E-03 4.07416E-02 
1.71758E-01 2.62116E-03 7.36903E-02 
1.68350E-01 2.37134E-03 1.33174E-01 
1.71729E-01 2.23383E-03 2.28004E-01 
1.84806E-01 2.22016E-03 3.43546E-01 
2.00047E-01 2.21831E-03 4.34667E-01 
2.05675E-01 2.10316E-03 4.72670E-01 
2.56636E-01 3.68161E-02 1.46954E-04 
2.56244E-01 3.23096E-02 1.68894E-04 
2.53438E-01 2.84587E-02 1.95885E-04 
2.52080E-01 2.47304E-02 2.29488E-04 
2.49989E-01 2.13597E-02 2.71915E-04 
2.47164E-01 1.83497E-02 3.26229E-04 
2.43622E-01 1.56948E-02 3.96823E-04 
2.40413E-01 1.38761E-02 4.66559E-04 
2.39402E-01 1.33818E-02 4.90067E-04 
2.34162E-01 1.12476E-02 6.27024E-04 
2.28292E-01 9.45401E-03 8.19737E-04 
2.21893E-01 7.96277E-03 1.09753E-03 
2.15068E-01 6.73294E-03 1.50861E-03 
2.07895E-01 5.77848E-03 2.13478E-03 
2.00630E-01 4.97056E-03 3.11712E-03 
1.93178E-01 4.30209E-03 4.70914E-03 
1.85630E-01 3.74490E-03 7.37867E-03 
1.78075E-01 3.27560E-03 1.20162E-02 
1.70630E-01 2.87635E-03 2.03501E-02 
1.63515E-01 2.53531E-03 3.57426E-02 
1.57317E-01 2.24878E-03 6.44194E-02 
1.53701E-01 2.02827E-03 1.16005E-01 
1.56279E-01 1.90515E-03 1.97906E-01 
1.67634E-01 1.88815E-03 2.97138E-01 
1.80867E-01 1.88134E-03 3.74612E-01 
1.85350E-01 1.77889E-03 4.05919E-01 
2.45325E-01 3.72162E-02 1.37044E-04 
2.44565E-01 3.24636E-02 1.56955E-04 
2.41837E-01 2.83090E-02 1.81409E-04 
2.40110E-01 2.44125E-02 2.11802E-04 
2.37641E-01 2.09063E-02 2.50063E-04 
2.34465E-01 1.77949E-02 2.98936E-04 
2.30610E-01 1.50699E-02 3.62315E-04 
2.27175E-01 1.32158E-02 4.24810E-04 
2.26102E-01 1.27138E-02 4.45852E-04 
2.20582E-01 1.05586E-02 5.68200E-04 
2.14472E-01 8.76588E-03 7.39941E-04 
2.07871E-01 7.29204E-03 9.86873E-04 
2.00888E-01 6.09188E-03 1.35123E-03 
1.93639E-01 5.16443E-03 1.90504E-03 
1.86309E-01 4.39705E-03 2.77160E-03 
1.78838E-01 3.77205E-03 4.17164E-03 
1.71314E-01 3.25893E-03 6.51323E-03 
1.63825E-01 2.83293E-03 1.05687E-02 
1.56476E-01 2.47505E-03 1.78346E-02 
1.49473E-01 2.17236E-03 3.12133E-02 
1.43346E-01 1.91991E-03 5.60583E-02 
1.39599E-01 1.72610E-03 1.00585E-01 
1.41480E-01 1.61647E-03 1.70993E-01 
1.51263E-01 1.59743E-03 2.55821E-01 
1.62670E-01 1.58717E-03 3.21373E-01 
1.66157E-01 1.49665E-03 3.46998E-01 
2.33621E-01 3.76926E-02 1.27461E-04 
2.32495E-01 3.26822E-02 1.45444E-04 
2.29769E-01 2.82439E-02 1.67485E-04 
2.27678E-01 2.41703E-02 1.94838E-04 
2.24886E-01 2.05253E-02 2.29192E-04 
2.21393E-01 1.73088E-02 2.72944E-04 
2.17245E-01 1.45107E-02 3.29544E-04 
2.13621E-01 1.26200E-02 3.85245E-04 
2.12496E-01 1.21104E-02 4.03983E-04 
2.06757E-01 9.93379E-03 5.12753E-04 
2.00466E-01 8.14112E-03 6.65014E-04 
1.93730E-01 6.68388E-03 8.83369E-04 
1.86664E-01 5.51202E-03 1.20476E-03 
1.79409E-01 4.61194E-03 1.69211E-03 
1.72090E-01 3.88268E-03 2.45264E-03 
1.64676E-01 3.29808E-03 3.67815E-03 
1.57253E-01 2.82573E-03 5.72161E-03 
1.49900E-01 2.43952E-03 9.25081E-03 
1.42718E-01 2.11945E-03 1.55555E-02 
1.35892E-01 1.85171E-03 2.71264E-02 
1.29900E-01 1.63023E-03 4.85440E-02 
1.26093E-01 1.46071E-03 8.67955E-02 
1.27375E-01 1.36371E-03 1.47025E-01 
1.35735E-01 1.34367E-03 2.19181E-01 
1.45491E-01 1.33124E-03 2.74371E-01 
1.48119E-01 1.25184E-03 2.95194E-01 
2.21634E-01 3.82106E-02 1.18227E-04 
2.20163E-01 3.29365E-02 1.34397E-04 
2.17371E-01 2.82318E-02 1.54163E-04 
2.14932E-01 2.39758E-02 1.78643E-04 
2.11840E-01 2.01904E-02 2.09329E-04 
2.08077E-01 1.68700E-02 2.48305E-04 
2.03680E-01 1.40000E-02 2.98578E-04 
1.99885E-01 1.20735E-02 3.47948E-04 
1.98716E-01 1.15563E-02 3.64536E-04 
1.92804E-01 9.36005E-03 4.60696E-04 
1.86391E-01 7.56906E-03 5.94968E-04 
1.79588E-01 6.12930E-03 7.87026E-04 
1.72506E-01 4.98563E-03 1.06901E-03 
1.65305E-01 4.11371E-03 1.49559E-03 
1.58067E-01 3.42080E-03 2.15954E-03 
1.50779E-01 2.87426E-03 3.22657E-03 
1.43522E-01 2.44000E-03 5.00058E-03 
1.36371E-01 2.09053E-03 8.05571E-03 
1.29416E-01 1.80507E-03 1.34973E-02 
1.22825E-01 1.56920E-03 2.34525E-02 
1.17026E-01 1.37582E-03 4.18190E-02 
1.13223E-01 1.22837E-03 7.45065E-02 
1.13997E-01 1.14313E-03 1.25759E-01 
1.21078E-01 1.12294E-03 1.86811E-01 
1.29349E-01 1.10938E-03 2.33020E-01 
1.31249E-01 1.04028E-03 2.49810E-01 
2.09553E-01 3.87455E-02 1.09412E-04 
2.07723E-01 3.31999E-02 1.23868E-04 
2.04815E-01 2.82431E-02 1.41505E-04 
2.02054E-01 2.38057E-02 1.63301E-04 
1.98667E-01 1.98803E-02 1.90547E-04 
1.94666E-01 1.64599E-02 2.25082E-04 
1.90061E-01 1.35229E-02 2.69512E-04 
1.86131E-01 1.15642E-02 3.13038E-04 
1.84927E-01 1.10405E-02 3.27644E-04 
1.78884E-01 8.82828E-03 4.12187E-04 
1.72400E-01 7.04212E-03 5.29940E-04 
1.65583E-01 5.62182E-03 6.97964E-04 
1.58544E-01 4.50724E-03 9.44005E-04 
1.51454E-01 3.66458E-03 1.31543E-03 
1.44358E-01 3.00694E-03 1.89203E-03 
1.37257E-01 2.49663E-03 2.81600E-03 
1.30226E-01 2.09792E-03 4.34818E-03 
1.23333E-01 1.78240E-03 6.97893E-03 
1.16660E-01 1.52861E-03 1.16501E-02 
1.10354E-01 1.32169E-03 2.01708E-02 
1.04796E-01 1.15369E-03 3.58387E-02 
1.01055E-01 1.02622E-03 6.36230E-02 
1.01408E-01 9.51844E-04 1.07006E-01 
1.07348E-01 9.32177E-04 1.58388E-01 
1.14298E-01 9.18248E-04 1.96862E-01 
1.15587E-01 8.58653E-04 2.10295E-01 
1.97466E-01 3.92727E-02 1.01011E-04 
1.95291E-01 3.34547E-02 1.13869E-04 
1.92219E-01 2.82560E-02 1.29514E-04 
1.89139E-01 2.36382E-02 1.48797E-04 
1.85480E-01 1.95778E-02 1.72845E-04 
1.81254E-01 1.60625E-02 2.03255E-04 
1.76476E-01 1.30653E-02 2.42278E-04 
1.72440E-01 1.10793E-02 2.80420E-04 
1.71212E-01 1.05505E-02 2.93205E-04 
1.65085E-01 8.32853E-03 3.67087E-04 
1.58574E-01 6.55168E-03 4.69724E-04 
1.51788E-01 5.15387E-03 6.15796E-04 
1.44840E-01 4.07002E-03 8.29164E-04 
1.37911E-01 3.25814E-03 1.15057E-03 
1.31013E-01 2.63532E-03 1.64826E-03 
1.24155E-01 2.15981E-03 2.44366E-03 
1.17402E-01 1.79461E-03 3.75885E-03 
1.10817E-01 1.51061E-03 6.01051E-03 
1.04471E-01 1.28590E-03 9.99657E-03 
9.84936E-02 1.10526E-03 1.72452E-02 
9.32196E-02 9.60178E-04 3.05304E-02 
8.95901E-02 8.50732E-04 5.40032E-02 
8.96002E-02 7.86373E-04 9.05015E-02 
9.45289E-02 7.67724E-04 1.33478E-01 
1.00308E-01 7.54047E-04 1.65305E-01 
1.01095E-01 7.03151E-04 1.75950E-01 
1.85600E-01 3.97622E-02 9.31224E-05 
1.83110E-01 3.36785E-02 1.04516E-04 
1.79851E-01 2.82515E-02 1.18330E-04 
1.76474E-01 2.34610E-02 1.35314E-04 
1.72548E-01 1.92721E-02 1.56422E-04 
1.68115E-01 1.56704E-02 1.83058E-04 
1.63187E-01 1.26212E-02 2.17155E-04 
1.59068E-01 1.06144E-02 2.50408E-04 
1.57821E-01 1.00822E-02 2.61544E-04 
1.51650E-01 7.85800E-03 3.25786E-04 
1.45157E-01 6.09629E-03 4.14805E-04 
1.38453E-01 4.72494E-03 5.41184E-04 
1.31644E-01 3.67390E-03 7.25328E-04 
1.24915E-01 2.89407E-03 1.00211E-03 
1.18259E-01 2.30545E-03 1.42962E-03 
1.11685E-01 1.86321E-03 2.11107E-03 
1.05251E-01 1.52941E-03 3.23471E-03 
9.90118E-02 1.27438E-03 5.15298E-03 
9.30269E-02 1.07601E-03 8.53912E-03 
8.74084E-02 9.18931E-04 1.46768E-02 
8.24491E-02 7.94272E-04 2.58891E-02 
7.89714E-02 7.00821E-04 4.56306E-02 
7.87136E-02 6.45525E-04 7.61955E-02 
8.27626E-02 6.28240E-04 1.11976E-01 
8.75247E-02 6.15264E-04 1.38179E-01 
8.79102E-02 5.72177E-04 1.46551E-01 
1.73855E-01 4.02055E-02 8.56252E-05 
1.71066E-01 3.38594E-02 9.56568E-05 
1.67596E-01 2.82121E-02 1.07765E-04 
1.63949E-01 2.32571E-02 1.22620E-04 
1.59779E-01 1.89487E-02 1.41013E-04 
1.55142E-01 1.52677E-02 1.64147E-04 
1.50076E-01 1.21753E-02 1.93701E-04 
1.45893E-01 1.01544E-02 2.22458E-04 
1.44634E-01 9.62072E-03 2.32078E-04 
1.38439E-01 7.40192E-03 2.87474E-04 
1.31998E-01 5.66212E-03 3.64059E-04 
1.25417E-01 4.32239E-03 4.72537E-04 
1.18797E-01 3.30752E-03 6.30225E-04 
1.12316E-01 2.56201E-03 8.66764E-04 
1.05947E-01 2.00799E-03 1.23120E-03 
9.96998E-02 1.59832E-03 1.81053E-03 
9.36246E-02 1.29445E-03 2.76310E-03 
8.77658E-02 1.06650E-03 4.38473E-03 
8.21738E-02 8.92342E-04 7.23844E-03 
7.69434E-02 7.56694E-04 1.23954E-02 
7.23269E-02 6.50424E-04 2.17846E-02 
6.90367E-02 5.71366E-04 3.82555E-02 
6.85737E-02 5.24348E-04 6.36478E-02 
7.18523E-02 5.08672E-04 9.31952E-02 
7.57231E-02 4.96723E-04 1.14584E-01 
7.57916E-02 4.60708E-04 1.21085E-01 
1.62429E-01 4.05826E-02 7.85973E-05 
1.59347E-01 3.39796E-02 8.73731E-05 
1.55685E-01 2.81291E-02 9.79362E-05 
1.51761E-01 2.30155E-02 1.10826E-04 
1.47368E-01 1.85989E-02 1.26742E-04 
1.42557E-01 1.48513E-02 1.46701E-04 
1.37376E-01 1.17263E-02 1.72132E-04 
1.33151E-01 9.69929E-03 1.96838E-04 
1.31885E-01 9.16607E-03 2.05086E-04 
1.25693E-01 6.96166E-03 2.52513E-04 
1.19334E-01 5.25058E-03 3.17930E-04 
1.12909E-01 3.94720E-03 4.10382E-04 
1.06510E-01 2.97141E-03 5.44484E-04 
1.00309E-01 2.26198E-03 7.45240E-04 
9.42610E-02 1.74267E-03 1.05378E-03 
8.83723E-02 1.36468E-03 1.54303E-03 
8.26843E-02 1.08916E-03 2.34524E-03 
7.72314E-02 8.86272E-04 3.70693E-03 
7.20536E-02 7.34156E-04 6.09593E-03 
6.72289E-02 6.17696E-04 1.03997E-02 
6.29728E-02 5.27754E-04 1.82096E-02 
5.98971E-02 4.61430E-04 3.18590E-02 
5.92870E-02 4.21843E-04 5.28107E-02 
6.19043E-02 4.07909E-04 7.70430E-02 
6.50099E-02 3.97195E-04 9.43763E-02 
6.48387E-02 3.67465E-04 9.93640E-02 
1.51406E-01 4.08867E-02 7.20431E-05 
1.48028E-01 3.40301E-02 7.96610E-05 
1.44161E-01 2.79875E-02 8.88066E-05 
1.40012E-01 2.27323E-02 9.99293E-05 
1.35409E-01 1.82184E-02 1.13593E-04 
1.30434E-01 1.44149E-02 1.30671E-04 
1.25151E-01 1.12685E-02 1.52376E-04 
1.20901E-01 9.24343E-03 1.73428E-04 
1.19636E-01 8.71321E-03 1.80453E-04 
1.13493E-01 6.53362E-03 2.20767E-04 
1.07244E-01 4.85841E-03 2.76224E-04 
1.00999E-01 3.59621E-03 3.54417E-04 
9.48464E-02 2.66238E-03 4.67587E-04 
8.89486E-02 1.99073E-03 6.36712E-04 
8.32479E-02 1.50628E-03 8.96043E-04 
7.77423E-02 1.15916E-03 1.30617E-03 
7.24624E-02 9.10488E-04 1.97690E-03 
6.74325E-02 7.30792E-04 3.11207E-03 
6.26817E-02 5.98650E-04 5.09780E-03 
5.82736E-02 4.99344E-04 8.66343E-03 
5.43887E-02 4.23833E-04 1.51120E-02 
5.15473E-02 3.68704E-04 2.63412E-02 
5.08406E-02 3.35739E-04 4.35013E-02 
5.28964E-02 3.23599E-04 6.32255E-02 
5.53522E-02 3.14244E-04 7.71626E-02 
5.50077E-02 2.90046E-04 8.09378E-02 
1.40832E-01 4.11092E-02 6.59502E-05 
1.37172E-01 3.40063E-02 7.25116E-05 
1.33101E-01 2.77828E-02 8.03667E-05 
1.28739E-01 2.23983E-02 8.98856E-05 
1.23945E-01 1.77997E-02 1.01514E-04 
1.18831E-01 1.39539E-02 1.16001E-04 
1.13474E-01 1.07990E-02 1.34369E-04 
1.09204E-01 8.78371E-03 1.52139E-04 
1.07939E-01 8.25843E-03 1.58060E-04 
1.01851E-01 6.11221E-03 1.92003E-04 
9.57522E-02 4.48125E-03 2.38631E-04 
8.97339E-02 3.26637E-03 3.04272E-04 
8.38659E-02 2.37792E-03 3.99058E-04 
7.82951E-02 1.74567E-03 5.40436E-04 
7.29573E-02 1.29613E-03 7.56701E-04 
6.78479E-02 9.78979E-04 1.09782E-03 
6.29864E-02 7.55679E-04 1.65419E-03 
5.83870E-02 5.97383E-04 2.59312E-03 
5.40684E-02 4.83304E-04 4.23058E-03 
5.00794E-02 3.99247E-04 7.16157E-03 
4.65690E-02 3.36415E-04 1.24443E-02 
4.39752E-02 2.91073E-04 2.16086E-02 
4.32150E-02 2.63962E-04 3.55507E-02 
4.48000E-02 2.53606E-04 5.14748E-02 
4.67098E-02 2.45660E-04 6.25846E-02 
4.62489E-02 2.26291E-04 6.53982E-02 
1.30746E-01 4.12452E-02 6.03059E-05 
1.26829E-01 3.39066E-02 6.59124E-05 
1.22546E-01 2.75113E-02 7.25928E-05 
1.17993E-01 2.20109E-02 8.06661E-05 
1.13046E-01 1.73441E-02 9.04802E-05 
1.07820E-01 1.34700E-02 1.02656E-04 
1.02401E-01 1.03173E-02 1.18042E-04 
9.81273E-02 8.31969E-03 1.32896E-04 
9.68725E-02 7.80186E-03 1.37844E-04 
9.08844E-02 5.69984E-03 1.66187E-04 
8.49525E-02 4.11963E-03 2.05038E-04 
7.91628E-02 2.95577E-03 2.59601E-04 
7.35896E-02 2.11519E-03 3.38260E-04 
6.83633E-02 1.52382E-03 4.55419E-04 
6.34070E-02 1.10938E-03 6.34250E-04 
5.87069E-02 8.21425E-04 9.15621E-04 
5.42719E-02 6.22151E-04 1.37326E-03 
5.01066E-02 4.83592E-04 2.14342E-03 
4.62200E-02 3.85810E-04 3.48244E-03 
4.26466E-02 3.15245E-04 5.87154E-03 
3.95082E-02 2.63489E-04 1.01628E-02 
3.71686E-02 2.26642E-04 1.75784E-02 
3.63910E-02 2.04663E-04 2.88088E-02 
3.75868E-02 1.96032E-04 4.15526E-02 
3.90440E-02 1.89484E-04 5.03267E-02 
3.85139E-02 1.74296E-04 5.23869E-02 
1.21172E-01 4.12904E-02 5.50916E-05 
1.17018E-01 3.37266E-02 5.98358E-05 
1.12533E-01 2.71705E-02 6.54568E-05 
1.07798E-01 2.15665E-02 7.22255E-05 
1.02731E-01 1.68481E-02 8.04263E-05 
9.74082E-02 1.29576E-02 9.05386E-05 
9.19550E-02 9.82043E-03 1.03284E-04 
8.77057E-02 7.85037E-03 1.15575E-04 
8.64633E-02 7.34209E-03 1.19665E-04 
8.05905E-02 5.29292E-03 1.43073E-04 
7.48482E-02 3.77040E-03 1.75109E-04 
6.93155E-02 2.66262E-03 2.20032E-04 
6.40555E-02 1.87249E-03 2.84684E-04 
5.91852E-02 1.32315E-03 3.80863E-04 
5.46189E-02 9.43711E-04 5.27370E-04 
5.03326E-02 6.84079E-04 7.57342E-04 
4.63248E-02 5.07495E-04 1.13040E-03 
4.25899E-02 3.87094E-04 1.75639E-03 
3.91275E-02 3.03941E-04 2.84145E-03 
3.59611E-02 2.45283E-04 4.77104E-03 
3.31861E-02 2.03147E-04 8.22472E-03 
3.11019E-02 1.73625E-04 1.41700E-02 
3.03361E-02 1.56112E-04 2.31314E-02 
3.12149E-02 1.49114E-04 3.32327E-02 
3.23023E-02 1.43915E-04 4.00919E-02 
3.17414E-02 1.32315E-04 4.15693E-02 
1.12100E-01 4.12362E-02 5.02775E-05 
1.07744E-01 3.34630E-02 5.42516E-05 
1.03087E-01 2.67623E-02 5.89299E-05 
9.81927E-02 2.10683E-02 6.45348E-05 
9.30247E-02 1.63121E-02 7.13001E-05 
8.76379E-02 1.24204E-02 7.95953E-05 
8.21742E-02 9.31074E-03 9.00196E-05 
7.79634E-02 7.37593E-03 1.00060E-04 
7.67405E-02 6.87951E-03 1.03399E-04 
7.10017E-02 4.89178E-03 1.22495E-04 
6.54648E-02 3.43307E-03 1.48600E-04 
6.02096E-02 2.38556E-03 1.85186E-04 
5.52841E-02 1.64829E-03 2.37788E-04 
5.07807E-02 1.14184E-03 3.15960E-04 
4.66062E-02 7.97062E-04 4.34795E-04 
4.27316E-02 5.64784E-04 6.20888E-04 
3.91440E-02 4.09526E-04 9.21989E-04 
3.58291E-02 3.05764E-04 1.42579E-03 
3.27779E-02 2.35714E-04 2.29634E-03 
3.00028E-02 1.87488E-04 3.83937E-03 
2.75777E-02 1.53660E-04 6.59127E-03 
2.57445E-02 1.30410E-04 1.13096E-02 
2.50133E-02 1.16752E-04 1.83874E-02 
2.56386E-02 1.11275E-04 2.63106E-02 
2.64284E-02 1.07349E-04 3.16132E-02 
2.58669E-02 9.87996E-05 3.26460E-02 
1.03556E-01 4.10879E-02 4.58511E-05 
9.90309E-02 3.31213E-02 4.91410E-05 
9.42175E-02 2.62886E-02 5.29774E-05 
8.91885E-02 2.05186E-02 5.75493E-05 
8.39322E-02 1.57368E-02 6.30399E-05 
7.85226E-02 1.18598E-02 6.97523E-05 
7.30794E-02 8.79019E-03 7.81545E-05 
6.89206E-02 6.89791E-03 8.62332E-05 
6.77199E-02 6.41520E-03 8.89182E-05 
6.21409E-02 4.49727E-03 1.04289E-04 
5.68403E-02 3.10859E-03 1.25309E-04 
5.18798E-02 2.12473E-03 1.54758E-04 
4.72893E-02 1.44151E-03 1.97046E-04 
4.31484E-02 9.78089E-04 2.59842E-04 
3.93639E-02 6.67460E-04 3.55169E-04 
3.58940E-02 4.61463E-04 5.04129E-04 
3.27158E-02 3.26196E-04 7.44531E-04 
2.98059E-02 2.37635E-04 1.14564E-03 
2.71484E-02 1.79271E-04 1.83659E-03 
2.47449E-02 1.40147E-04 3.05709E-03 
2.26517E-02 1.13452E-04 5.22591E-03 
2.10608E-02 9.55376E-05 8.92909E-03 
2.03811E-02 8.51838E-05 1.44567E-02 
2.08076E-02 8.11002E-05 2.06002E-02 
2.13623E-02 7.83588E-05 2.46491E-02 
2.08228E-02 7.23802E-05 2.53485E-02 
9.55246E-02 4.08481E-02 4.17833E-05 
9.08391E-02 3.26962E-02 4.44558E-05 
8.59079E-02 2.57507E-02 4.75516E-05 
8.07694E-02 1.99186E-02 5.12110E-05 
7.54578E-02 1.51269E-02 5.55862E-05 
7.00419E-02 1.12766E-02 6.09098E-05 
6.46485E-02 8.25902E-03 6.75587E-05 
6.05674E-02 6.41744E-03 7.39490E-05 
5.93960E-02 5.95050E-03 7.60734E-05 
5.39927E-02 4.10936E-03 8.82320E-05 
4.89457E-02 2.79574E-03 1.04901E-04 
4.42887E-02 1.87823E-03 1.28260E-04 
4.00449E-02 1.25040E-03 1.61806E-04 
3.62715E-02 8.30215E-04 2.11618E-04 
3.28705E-02 5.52997E-04 2.87121E-04 
2.97938E-02 3.72126E-04 4.04876E-04 
2.70092E-02 2.55523E-04 5.94462E-04 
2.44854E-02 1.80812E-04 9.09883E-04 
2.21995E-02 1.32835E-04 1.45153E-03 
2.01455E-02 1.01637E-04 2.40495E-03 
1.83631E-02 8.10420E-05 4.09276E-03 
1.70023E-02 6.76462E-05 6.96245E-03 
1.63858E-02 6.01112E-05 1.12238E-02 
1.66595E-02 5.72943E-05 1.59242E-02 
1.70316E-02 5.56373E-05 1.89714E-02 
1.65305E-02 5.18161E-05 1.94257E-02 
8.80557E-02 4.05170E-02 3.80800E-05 
8.32336E-02 3.21953E-02 4.02081E-05 
7.82141E-02 2.51546E-02 4.26577E-05 
7.29990E-02 1.92777E-02 4.55249E-05 
6.76484E-02 1.44879E-02 4.89275E-05 
6.22628E-02 1.06793E-02 5.30640E-05 
5.69431E-02 7.72420E-03 5.82147E-05 
5.29581E-02 5.93997E-03 6.31703E-05 
5.18220E-02 5.49059E-03 6.48203E-05 
4.66234E-02 3.73316E-03 7.42789E-05 
4.18362E-02 2.49760E-03 8.72802E-05 
3.74902E-02 1.64802E-03 1.05544E-04 
3.35946E-02 1.07574E-03 1.31809E-04 
3.01830E-02 6.98028E-04 1.70837E-04 
2.71560E-02 4.53008E-04 2.29951E-04 
2.44564E-02 2.95824E-04 3.21988E-04 
2.20429E-02 1.96388E-04 4.69819E-04 
1.98787E-02 1.34114E-04 7.15065E-04 
1.79359E-02 9.52478E-05 1.13488E-03 
1.62022E-02 7.08532E-05 1.87116E-03 
1.47040E-02 5.54010E-05 3.16954E-03 
1.35559E-02 4.57761E-05 5.36739E-03 
1.30087E-02 4.06109E-05 8.61348E-03 
1.31692E-02 3.89259E-05 1.21658E-02 
1.34040E-02 3.82466E-05 1.44283E-02 
1.29512E-02 3.62055E-05 1.47076E-02 
8.10350E-02 4.00941E-02 3.46691E-05 
7.61064E-02 3.16180E-02 3.63155E-05 
7.10134E-02 2.44949E-02 3.81904E-05 
6.57612E-02 1.85919E-02 4.03696E-05 
6.04041E-02 1.38193E-02 4.29288E-05 
5.50688E-02 1.00637E-02 4.60354E-05 
4.98583E-02 7.18345E-03 4.99096E-05 
4.59843E-02 5.46271E-03 5.36382E-05 
4.48869E-02 5.03237E-03 5.48832E-05 
3.99208E-02 3.36537E-03 6.20655E-05 
3.54119E-02 2.21159E-03 7.19845E-05 
3.13817E-02 1.43124E-03 8.59698E-05 
2.78341E-02 9.14580E-04 1.06150E-04 
2.47837E-02 5.78817E-04 1.36227E-04 
2.21200E-02 3.64883E-04 1.81764E-04 
1.97793E-02 2.30056E-04 2.52548E-04 
1.77150E-02 1.46489E-04 3.65979E-04 
1.58855E-02 9.54597E-05 5.53622E-04 
1.42591E-02 6.46453E-05 8.73740E-04 
1.28190E-02 4.61404E-05 1.43317E-03 
1.15801E-02 3.50600E-05 2.41557E-03 
1.06279E-02 2.86082E-05 4.07078E-03 
1.01531E-02 2.54532E-05 6.50132E-03 
1.02311E-02 2.47874E-05 9.13841E-03 
1.03641E-02 2.49981E-05 1.07860E-02 
9.96508E-03 2.44348E-05 1.09417E-02 
7.44978E-02 3.95841E-02 3.15539E-05 
6.94987E-02 3.09740E-02 3.27820E-05 
6.43549E-02 2.37839E-02 3.41554E-05 
5.90942E-02 1.78711E-02 3.57411E-05 
5.37625E-02 1.31306E-02 3.75802E-05 
4.85034E-02 9.43982E-03 3.98119E-05 
4.34282E-02 6.64414E-03 4.26124E-05 
3.96913E-02 4.99331E-03 4.53243E-05 
3.86394E-02 4.58351E-03 4.62345E-05 
3.39148E-02 3.01054E-03 5.15167E-05 
2.96980E-02 1.94073E-03 5.88963E-05 
2.59976E-02 1.23027E-03 6.93942E-05 
2.27958E-02 7.68241E-04 8.46158E-05 
2.00876E-02 4.72660E-04 1.07376E-04 
1.77662E-02 2.88084E-04 1.41860E-04 
1.57606E-02 1.74010E-04 1.95412E-04 
1.40184E-02 1.04889E-04 2.81055E-04 
1.24943E-02 6.38827E-05 4.22332E-04 
1.11536E-02 4.00944E-05 6.62501E-04 
9.97645E-03 2.66236E-05 1.08063E-03 
8.96870E-03 1.92166E-05 1.81163E-03 
8.19231E-03 1.54045E-05 3.03708E-03 
7.78881E-03 1.39378E-05 4.82527E-03 
7.80945E-03 1.41816E-05 6.74729E-03 
7.86962E-03 1.51920E-05 7.92232E-03 
7.52579E-03 1.58445E-05 7.99490E-03 
6.84063E-02 3.89821E-02 2.87052E-05 
6.33697E-02 3.02618E-02 2.95707E-05 
5.82099E-02 2.30251E-02 3.05138E-05 
5.29656E-02 1.71182E-02 3.15894E-05 
4.76932E-02 1.24258E-02 3.28205E-05 
4.25367E-02 8.81149E-03 3.43162E-05 
3.76206E-02 6.10935E-03 3.62227E-05 
3.40390E-02 4.53373E-03 3.80961E-05 
3.30373E-02 4.14564E-03 3.87311E-05 
2.85750E-02 2.67064E-03 4.24619E-05 
2.46605E-02 1.68598E-03 4.77770E-05 
2.12890E-02 1.04472E-03 5.54476E-05 
1.84257E-02 6.35790E-04 6.66672E-05 
1.60476E-02 3.78529E-04 8.35452E-05 
1.40490E-02 2.21451E-04 1.09167E-04 
1.23535E-02 1.26456E-04 1.48942E-04 
1.09048E-02 7.03598E-05 2.12436E-04 
9.65514E-03 3.82162E-05 3.16873E-04 
8.56874E-03 2.05252E-05 4.93794E-04 
7.62287E-03 1.13359E-05 8.00438E-04 
6.81781E-03 7.00692E-06 1.33401E-03 
6.19609E-03 5.38571E-06 2.22348E-03 
5.86018E-03 5.33746E-06 3.51237E-03 
5.84271E-03 6.39482E-06 4.88307E-03 
5.85237E-03 8.12543E-06 5.70022E-03 
5.56192E-03 9.77676E-06 5.71912E-03 
6.27354E-02 3.82878E-02 2.61004E-05 
5.76968E-02 2.94851E-02 2.66560E-05 
5.25503E-02 2.22220E-02 2.72306E-05 
4.73503E-02 1.63387E-02 2.78731E-05 
4.21689E-02 1.17101E-02 2.85962E-05 
3.71434E-02 8.18396E-03 2.94822E-05 
3.24071E-02 5.58323E-03 3.06532E-05 
2.89982E-02 4.08744E-03 3.18468E-05 
2.80500E-02 3.72190E-03 3.22584E-05 
2.38684E-02 2.34775E-03 3.47435E-05 
2.02630E-02 1.44838E-03 3.84074E-05 
1.72186E-02 8.74874E-04 4.38276E-05 
1.46839E-02 5.16887E-04 5.18728E-05 
1.26198E-02 2.95700E-04 6.40977E-05 
1.09211E-02 1.64021E-04 8.27213E-05 
9.50849E-03 8.63257E-05 1.11644E-04 
8.32290E-03 4.18348E-05 1.57743E-04 
7.31592E-03 1.74550E-05 2.33338E-04 
6.45160E-03 5.01443E-06 3.60901E-04 
5.70604E-03 -5.44323E-07 5.80918E-04 
5.07531E-03 -2.30006E-06 9.61681E-04 
4.58701E-03 -2.10216E-06 1.59235E-03 
4.31278E-03 -9.55115E-07 2.49879E-03 
4.27136E-03 8.33637E-07 3.45073E-03 
4.24729E-03 3.21646E-06 4.00110E-03 
4.00600E-03 5.68917E-06 3.98740E-03 
5.74569E-02 3.75005E-02 2.37179E-05 
5.24424E-02 2.86411E-02 2.40072E-05 
4.73452E-02 2.13781E-02 2.42720E-05 
4.22175E-02 1.55366E-02 2.45509E-05 
3.71560E-02 1.09876E-02 2.48543E-05 
3.22895E-02 7.56155E-03 2.52433E-05 
2.77559E-02 5.06994E-03 2.58214E-05 
2.45332E-02 3.65756E-03 2.64720E-05 
2.36428E-02 3.31538E-03 2.67069E-05 
1.97545E-02 2.04360E-03 2.82088E-05 
1.64629E-02 1.22881E-03 3.05790E-05 
1.37403E-02 7.20887E-04 3.42415E-05 
1.15241E-02 4.11254E-04 3.98239E-05 
9.75418E-03 2.23456E-04 4.84315E-05 
8.33070E-03 1.14886E-04 6.16245E-05 
7.17206E-03 5.26542E-05 8.21431E-05 
6.21849E-03 1.83755E-05 1.14799E-04 
5.42227E-03 7.28574E-07 1.68176E-04 
4.74823E-03 -7.22160E-06 2.57829E-04 
4.17287E-03 -9.71187E-06 4.11597E-04 
3.68906E-03 -9.31674E-06 6.75962E-04 
3.31332E-03 -7.60429E-06 1.11041E-03 
3.09336E-03 -5.44338E-06 1.72854E-03 
3.03789E-03 -2.99147E-06 2.36749E-03 
2.99204E-03 -1.36284E-08 2.72230E-03 
2.79410E-03 3.13767E-06 2.69055E-03 
5.25365E-02 3.66127E-02 2.15352E-05 
4.75745E-02 2.77273E-02 2.15984E-05 
4.25631E-02 2.04947E-02 2.16072E-05 
3.75399E-02 1.47167E-02 2.15870E-05 
3.26229E-02 1.02627E-02 2.15473E-05 
2.79425E-02 6.94862E-03 2.15398E-05 
2.36316E-02 4.57300E-03 2.16491E-05 
2.06069E-02 3.24700E-03 2.18764E-05 
1.97781E-02 2.92883E-03 2.19752E-05 
1.61933E-02 1.76009E-03 2.27212E-05 
1.32172E-02 1.02817E-03 2.41030E-05 
1.08088E-02 5.82937E-04 2.64270E-05 
8.89299E-03 3.18366E-04 3.01304E-05 
7.39574E-03 1.61033E-04 3.59833E-05 
6.22209E-03 7.32000E-05 4.50474E-05 
5.28876E-03 2.45961E-05 5.91854E-05 
4.53668E-03 -8.19189E-07 8.16539E-05 
3.92011E-03 -1.26936E-05 1.18230E-04 
3.40570E-03 -1.68319E-05 1.79293E-04 
2.97178E-03 -1.67367E-05 2.83308E-04 
2.60891E-03 -1.45417E-05 4.60584E-04 
2.32573E-03 -1.15622E-05 7.48903E-04 
2.15178E-03 -8.53357E-06 1.15355E-03 
2.08862E-03 -5.47462E-06 1.56272E-03 
2.02903E-03 -1.94940E-06 1.77687E-03 
1.86773E-03 1.76563E-06 1.73665E-03 
4.79151E-02 3.56040E-02 1.95209E-05 
4.30449E-02 2.67359E-02 1.93976E-05 
3.81512E-02 1.95661E-02 1.91962E-05 
3.32664E-02 1.38773E-02 1.89343E-05 
2.85227E-02 9.53633E-03 1.86215E-05 
2.40542E-02 6.34684E-03 1.83043E-05 
1.99854E-02 4.09423E-03 1.80527E-05 
1.71695E-02 2.85715E-03 1.79587E-05 
1.64045E-02 2.56335E-03 1.79547E-05 
1.31307E-02 1.49763E-03 1.81355E-05 
1.04696E-02 8.46421E-04 1.87846E-05 
8.36503E-03 4.60524E-04 2.01151E-05 
6.73299E-03 2.37573E-04 2.24255E-05 
5.48668E-03 1.07649E-04 2.62318E-05 
4.53548E-03 3.81064E-05 3.22156E-05 
3.79800E-03 1.32906E-06 4.15921E-05 
3.21751E-03 -1.64884E-05 5.64699E-05 
2.75116E-03 -2.34563E-05 8.05543E-05 
2.36813E-03 -2.43711E-05 1.20417E-04 
2.04916E-03 -2.20965E-05 1.87660E-04 
1.78364E-03 -1.83864E-05 3.00820E-04 
1.57467E-03 -1.43368E-05 4.82035E-04 
1.43824E-03 -1.05552E-05 7.31102E-04 
1.37101E-03 -6.93378E-06 9.74266E-04 
1.30269E-03 -2.89981E-06 1.08899E-03 
1.17103E-03 1.28715E-06 1.04620E-03 
4.35718E-02 3.44540E-02 1.76614E-05 
3.88364E-02 2.56595E-02 1.73903E-05 
3.40937E-02 1.85911E-02 1.70216E-05 
2.93831E-02 1.30224E-02 1.65721E-05 
2.48408E-02 8.81421E-03 1.60498E-05 
2.06082E-02 5.76203E-03 1.55010E-05 
1.67998E-02 3.63903E-03 1.49850E-05 
1.42001E-02 2.49242E-03 1.46585E-05 
1.35001E-02 2.22301E-03 1.45807E-05 
1.05408E-02 1.25901E-03 1.43611E-05 
8.18714E-03 6.84889E-04 1.44906E-05 
6.37171E-03 3.54137E-04 1.51163E-05 
5.00089E-03 1.68735E-04 1.64299E-05 
3.97936E-03 6.28578E-05 1.87618E-05 
3.22304E-03 9.09655E-06 2.25234E-05 
2.65211E-03 -1.76564E-05 2.84548E-05 
2.21378E-03 -2.91089E-05 3.78354E-05 
1.86921E-03 -3.19862E-05 5.28820E-05 
1.59094E-03 -3.02120E-05 7.74468E-05 
1.36210E-03 -2.61160E-05 1.18213E-04 
1.17218E-03 -2.11354E-05 1.85379E-04 
1.02046E-03 -1.61822E-05 2.90103E-04 
9.13084E-04 -1.17461E-05 4.28659E-04 
8.43382E-04 -7.60463E-06 5.54935E-04 
7.69044E-04 -3.10089E-06 6.01167E-04 
6.60207E-04 1.47858E-06 5.59275E-04 
3.94305E-02 3.31194E-02 1.59212E-05 
3.48763E-02 2.44696E-02 1.55372E-05 
3.03255E-02 1.75535E-02 1.50412E-05 
2.58289E-02 1.21436E-02 1.44532E-05 
2.15208E-02 8.09301E-03 1.37787E-05 
1.75477E-02 5.19277E-03 1.30650E-05 
1.40179E-02 3.20688E-03 1.23668E-05 
1.16421E-02 2.15262E-03 1.18824E-05 
1.10084E-02 1.90767E-03 1.17551E-05 
8.36342E-03 1.04359E-03 1.12675E-05 
6.30884E-03 5.42810E-04 1.10493E-05 
4.76605E-03 2.62833E-04 1.11975E-05 
3.63406E-03 1.10927E-04 1.18255E-05 
2.81136E-03 2.58269E-05 1.31272E-05 
2.22206E-03 -1.45834E-05 1.53199E-05 
1.78978E-03 -3.29929E-05 1.88067E-05 
1.46672E-03 -3.91883E-05 2.42789E-05 
1.21861E-03 -3.86900E-05 3.28994E-05 
1.02188E-03 -3.46852E-05 4.66141E-05 
8.61744E-04 -2.90696E-05 6.86134E-05 
7.28877E-04 -2.30224E-05 1.03305E-04 
6.19905E-04 -1.73047E-05 1.54236E-04 
5.33927E-04 -1.22983E-05 2.15498E-04 
4.62058E-04 -7.67830E-06 2.60746E-04 
3.82986E-04 -2.74466E-06 2.60684E-04 
2.90867E-04 2.15587E-06 2.21392E-04 
3.54257E-02 3.15433E-02 1.42704E-05 
3.11004E-02 2.31263E-02 1.38051E-05 
2.67917E-02 1.64313E-02 1.32213E-05 
2.25522E-02 1.12285E-02 1.25397E-05 
1.85163E-02 7.36794E-03 1.17659E-05 
1.48300E-02 4.63801E-03 1.09477E-05 
1.15977E-02 2.79823E-03 1.01386E-05 
9.45255E-03 1.83828E-03 9.55928E-06 
8.88592E-03 1.61782E-03 9.40227E-06 
6.55330E-03 8.51599E-04 8.75567E-06 
4.78645E-03 4.19944E-04 8.32669E-06 
3.49688E-03 1.86073E-04 8.17451E-06 
2.57914E-03 6.35020E-05 8.35534E-06 
1.92880E-03 -4.03163E-06 8.96539E-06 
1.47946E-03 -3.34050E-05 1.00858E-05 
1.15958E-03 -4.50389E-05 1.18854E-05 
9.27123E-04 -4.69972E-05 1.46452E-05 
7.52880E-04 -4.37724E-05 1.87994E-05 
6.17243E-04 -3.79543E-05 2.49764E-05 
5.07769E-04 -3.10951E-05 3.39712E-05 
4.16355E-04 -2.41727E-05 4.62255E-05 
3.37999E-04 -1.78252E-05 6.01419E-05 
2.66833E-04 -1.23368E-05 6.85232E-05 
1.92519E-04 -7.29230E-06 5.88917E-05 
1.09291E-04 -1.98315E-06 2.84279E-05 
2.88589E-05 3.16190E-06 -7.51569E-06 
3.14705E-02 2.96388E-02 1.26719E-05 
2.74293E-02 2.15694E-02 1.21554E-05 
2.34229E-02 1.51880E-02 1.15229E-05 
1.94909E-02 1.02558E-02 1.07899E-05 
1.57724E-02 6.62825E-03 9.96657E-06 
1.24063E-02 4.09324E-03 9.09944E-06 
9.49307E-03 2.41144E-03 8.24192E-06 
7.58646E-03 1.54881E-03 7.62133E-06 
7.08787E-03 1.35301E-03 7.45142E-06 
5.06395E-03 6.82623E-04 6.73307E-06 
3.57127E-03 3.15755E-04 6.19947E-06 
2.51386E-03 1.23255E-04 5.88095E-06 
1.78472E-03 2.59121E-05 5.79157E-06 
1.28034E-03 -2.70833E-05 5.95918E-06 
9.45019E-04 -4.75922E-05 6.37211E-06 
7.13382E-04 -5.38978E-05 7.03960E-06 
5.49737E-04 -5.25614E-05 7.96588E-06 
4.30036E-04 -4.72246E-05 9.09412E-06 
3.38458E-04 -4.00048E-05 1.01665E-05 
2.64893E-04 -3.21905E-05 1.03800E-05 
2.02386E-04 -2.46055E-05 7.53949E-06 
1.45077E-04 -1.77874E-05 -3.29737E-06 
8.35869E-05 -1.19325E-05 -3.00090E-05 
6.72329E-06 -6.55082E-06 -7.55315E-05 
-8.00295E-05 -9.54818E-07 -1.25017E-04 
-1.52340E-04 4.33578E-06 -1.57248E-04 
2.74693E-02 2.72953E-02 1.10846E-05 
2.37780E-02 1.97237E-02 1.05472E-05 
2.01361E-02 1.37701E-02 9.90108E-06 
1.65726E-02 9.19308E-03 9.15831E-06 
1.32256E-02 5.85596E-03 8.33301E-06 
1.02209E-02 3.54949E-03 7.46879E-06 
7.65301E-03 2.04227E-03 6.61827E-06 
5.99578E-03 1.28198E-03 6.00267E-06 
5.56660E-03 1.11136E-03 5.83375E-06 
3.84893E-03 5.35734E-04 5.11399E-06 
2.61600E-03 2.29598E-04 4.55607E-06 
1.76884E-03 7.39382E-05 4.16922E-06 
1.20274E-03 -2.05062E-06 3.93706E-06 
8.19169E-04 -4.32145E-05 3.84123E-06 
5.73938E-04 -5.68619E-05 3.81014E-06 
4.09135E-04 -5.91933E-05 3.74985E-06 
2.95744E-04 -5.54822E-05 3.48735E-06 
2.14691E-04 -4.86816E-05 2.65244E-06 
1.53617E-04 -4.05389E-05 4.26389E-07 
1.04509E-04 -3.21395E-05 -4.99401E-06 
6.14442E-05 -2.41869E-05 -1.74329E-05 
1.82077E-05 -1.71337E-05 -4.38096E-05 
-3.68601E-05 -1.10985E-05 -9.21780E-05 
-1.15273E-04 -5.53903E-06 -1.59167E-04 
-2.03806E-04 1.83119E-07 -2.18941E-04 
-2.69798E-04 5.46600E-06 -2.47161E-04 
2.33555E-02 2.44189E-02 9.47722E-06 
2.00772E-02 1.75186E-02 8.94554E-06 
1.68580E-02 1.21236E-02 8.31562E-06 
1.37273E-02 8.00433E-03 7.60117E-06 
1.08096E-02 5.02820E-03 6.81719E-06 
8.21410E-03 2.99391E-03 6.00360E-06 
6.02407E-03 1.68412E-03 5.21012E-06 
4.63039E-03 1.03398E-03 4.63936E-06 
4.27277E-03 8.89619E-04 4.48300E-06 
2.86152E-03 4.09465E-04 3.81799E-06 
1.87501E-03 1.60891E-04 3.29556E-06 
1.21678E-03 3.81283E-05 2.90976E-06 
7.89543E-04 -1.98972E-05 2.62499E-06 
5.04301E-04 -5.14070E-05 2.39507E-06 
3.28355E-04 -6.00037E-05 2.11636E-06 
2.12652E-04 -5.96863E-05 1.63903E-06 
1.34729E-04 -5.46149E-05 6.94559E-07 
8.01068E-05 -4.71631E-05 -1.25190E-06 
3.94627E-05 -3.87760E-05 -5.30503E-06 
6.57322E-06 -3.03683E-05 -1.37585E-05 
-2.35269E-05 -2.25362E-05 -3.11819E-05 
-5.70497E-05 -1.56537E-05 -6.52712E-05 
-1.06488E-04 -9.77437E-06 -1.23680E-04 
-1.83021E-04 -4.34238E-06 -1.99414E-04 
-2.69065E-04 1.20175E-06 -2.61494E-04 
-3.28289E-04 6.21148E-06 -2.85209E-04 
1.91714E-02 2.10333E-02 7.85649E-06 
1.63413E-02 1.49564E-02 7.34711E-06 
1.35853E-02 1.02433E-02 6.75576E-06 
1.09352E-02 6.68125E-03 6.09891E-06 
8.49215E-03 4.13616E-03 5.39021E-06 
6.34830E-03 2.42031E-03 4.66722E-06 
4.56460E-03 1.33246E-03 3.97119E-06 
3.44779E-03 8.01655E-04 3.47724E-06 
3.16392E-03 6.85025E-04 3.34264E-06 
2.05896E-03 3.02318E-04 2.77421E-06 
1.30615E-03 1.09180E-04 2.32935E-06 
8.17068E-04 1.62728E-05 1.99247E-06 
5.07381E-04 -2.63926E-05 1.72079E-06 
3.02493E-04 -4.96265E-05 1.45910E-06 
1.79498E-04 -5.47435E-05 1.09972E-06 
9.96854E-05 -5.31245E-05 4.84105E-07 
4.66774E-05 -4.79147E-05 -6.69489E-07 
1.00407E-05 -4.09490E-05 -2.90983E-06 
-1.69532E-05 -3.33634E-05 -7.34404E-06 
-3.89551E-05 -2.58871E-05 -1.62214E-05 
-5.99192E-05 -1.89950E-05 -3.39086E-05 
-8.54545E-05 -1.29756E-05 -6.75429E-05 
-1.27013E-04 -7.83724E-06 -1.23627E-04 
-1.94330E-04 -3.07680E-06 -1.94232E-04 
-2.69593E-04 1.75156E-06 -2.49635E-04 
-3.18811E-04 6.04079E-06 -2.68015E-04 
1.51416E-02 1.73910E-02 6.29667E-06 
1.27609E-02 1.22203E-02 5.81996E-06 
1.04735E-02 8.25745E-03 5.28137E-06 
8.31194E-03 5.30618E-03 4.69934E-06 
6.35343E-03 3.23028E-03 4.08705E-06 
4.66705E-03 1.85530E-03 3.47710E-06 
3.29133E-03 1.00018E-03 2.90243E-06 
2.44677E-03 5.91029E-04 2.50251E-06 
2.23450E-03 5.02174E-04 2.39456E-06 
1.42030E-03 2.14755E-04 1.94422E-06 
8.79614E-04 7.34835E-05 1.59739E-06 
5.36911E-04 7.37122E-06 1.33572E-06 
3.24465E-04 -2.21042E-05 1.12110E-06 
1.85339E-04 -3.79075E-05 9.06801E-07 
1.03268E-04 -4.07664E-05 6.08608E-07 
5.04282E-05 -3.90143E-05 1.03445E-07 
1.56164E-05 -3.48656E-05 -8.25166E-07 
-8.25574E-06 -2.95896E-05 -2.59594E-06 
-2.57329E-05 -2.39645E-05 -6.04639E-06 
-4.00116E-05 -1.84847E-05 -1.28657E-05 
-5.38854E-05 -1.34690E-05 -2.63036E-05 
-7.14846E-05 -9.10627E-06 -5.16109E-05 
-1.01284E-04 -5.38452E-06 -9.34066E-05 
-1.50297E-04 -1.93124E-06 -1.45431E-04 
-2.04880E-04 1.55889E-06 -1.85526E-04 
-2.39749E-04 4.62915E-06 -1.97927E-04 
---
