PdfType: replica
Format: lhagrid1
---
1.00000E-06 1.28121E-06 1.64152E-06 2.10317E-06 2.69463E-06 3.45242E-06 4.42329E-06 5.66715E-06 7.26076E-06 9.30241E-06 1.19180E-05 1.52689E-05 1.95617E-05 2.50609E-05 3.21053E-05 4.11287E-05 5.26863E-05 6.74889E-05 8.64459E-05 1.10720E-04 1.41800E-04 1.81585E-04 2.32503E-04 2.97652E-04 3.80981E-04 4.87518E-04 6.26039E-04 8.00452E-04 1.02297E-03 1.30657E-03 1.66759E-03 2.12729E-03 2.71054E-03 3.44865E-03 4.37927E-03 5.54908E-03 7.01192E-03 8.83064E-03 1.10763E-02 1.38266E-02 1.71641E-02 2.11717E-02 2.59364E-02 3.15062E-02 3.79623E-02 4.53425E-02 5.36750E-02 6.29705E-02 7.32221E-02 8.44039E-02 9.64793E-02 1.09332E-01 1.23067E-01 1.37507E-01 1.52639E-01 1.68416E-01 1.84794E-01 2.01731E-01 2.19016E-01 2.36948E-01 2.55242E-01 2.73927E-01 2.92954E-01 3.12340E-01 3.32036E-01 3.52019E-01 3.72282E-01 3.92772E-01 4.13533E-01 4.34326E-01 4.55495E-01 4.76836E-01 4.98342E-01 5.20006E-01 5.41818E-01 5.63773E-01 5.85861E-01 6.08077E-01 6.30459E-01 6.52800E-01 6.75387E-01 6.98063E-01 7.20830E-01 7.43683E-01 7.66623E-01 7.89636E-01 8.12791E-01 8.35940E-01 8.59175E-01 8.82485E-01 9.05866E-01 9.29311E-01 9.52817E-01 9.76387E-01 1.00000E+00 
1.14018E+00 1.22539E+00 1.32482E+00 1.44156E+00 1.57954E+00 1.74381E+00 1.94091E+00 2.12132E+00 2.17945E+00 2.49622E+00 2.89383E+00 3.39925E+00 4.05063E+00 4.90286E+00 6.03623E+00 7.57063E+00 9.68869E+00 1.26749E+01 1.69835E+01 2.33578E+01 3.30501E+01 4.82334E+01 7.28041E+01 1.13998E+02 1.85779E+02 3.16228E+02 
908 909 910 
7.79053E-01 4.47771E-02 1.29731E-01 
7.94790E-01 5.37755E-02 1.53770E-01 
8.29216E-01 7.01289E-02 1.84378E-01 
8.91272E-01 9.48410E-02 2.23739E-01 
9.75144E-01 1.24849E-01 2.75192E-01 
1.08471E+00 1.60928E-01 3.44139E-01 
1.22435E+00 2.03894E-01 4.37504E-01 
1.35549E+00 2.42291E-01 5.32632E-01 
1.39834E+00 2.54494E-01 5.65815E-01 
1.63090E+00 3.18579E-01 7.62776E-01 
1.91742E+00 3.93551E-01 1.05347E+00 
2.26668E+00 4.80155E-01 1.49395E+00 
2.68794E+00 5.79828E-01 2.17690E+00 
3.19107E+00 7.49785E-01 3.27530E+00 
3.79238E+00 8.89612E-01 5.09997E+00 
4.52026E+00 1.04572E+00 8.22328E+00 
5.39628E+00 1.21910E+00 1.37810E+01 
6.44449E+00 1.41014E+00 2.40493E+01 
7.69575E+00 1.61985E+00 4.36897E+01 
9.19560E+00 1.85090E+00 8.24948E+01 
1.10341E+01 2.11291E+00 1.60217E+02 
1.34572E+01 2.44071E+00 3.11045E+02 
1.71272E+01 2.93094E+00 5.72366E+02 
2.30728E+01 3.71185E+00 9.28712E+02 
3.12051E+01 4.70138E+00 1.26785E+03 
3.98494E+01 5.60230E+00 1.49209E+03 
1.45373E+00 8.30288E-02 2.26171E-01 
1.48402E+00 1.00169E-01 2.67959E-01 
1.54983E+00 1.31294E-01 3.21165E-01 
1.66794E+00 1.78326E-01 3.89878E-01 
1.82689E+00 2.35250E-01 4.79956E-01 
2.03347E+00 3.03446E-01 5.99837E-01 
2.29563E+00 3.84411E-01 7.62193E-01 
2.54168E+00 4.56689E-01 9.28208E-01 
2.62160E+00 4.79548E-01 9.85519E-01 
3.05607E+00 5.99699E-01 1.32850E+00 
3.58986E+00 7.39730E-01 1.83426E+00 
4.23888E+00 9.01198E-01 2.60038E+00 
5.02051E+00 1.08560E+00 3.79091E+00 
5.95364E+00 1.40125E+00 5.70008E+00 
7.06614E+00 1.65826E+00 8.86448E+00 
8.41062E+00 1.94479E+00 1.42919E+01 
1.00244E+01 2.26179E+00 2.39426E+01 
1.19516E+01 2.61010E+00 4.17766E+01 
1.42469E+01 2.99108E+00 7.59203E+01 
1.69911E+01 3.40929E+00 1.43343E+02 
2.03474E+01 3.88219E+00 2.78147E+02 
2.47668E+01 4.47347E+00 5.39965E+02 
3.14620E+01 5.35927E+00 9.93845E+02 
4.22991E+01 6.77056E+00 1.61201E+03 
5.70957E+01 8.55505E+00 2.20025E+03 
7.27690E+01 1.01697E+01 2.58851E+03 
1.38293E+00 7.83436E-02 1.98326E-01 
1.41301E+00 9.51354E-02 2.34864E-01 
1.47784E+00 1.25586E-01 2.81471E-01 
1.59278E+00 1.71331E-01 3.41534E-01 
1.74668E+00 2.26546E-01 4.20339E-01 
1.94575E+00 2.92483E-01 5.25128E-01 
2.19713E+00 3.70474E-01 6.66933E-01 
2.43245E+00 4.39904E-01 8.12077E-01 
2.50861E+00 4.61789E-01 8.61928E-01 
2.92232E+00 5.76679E-01 1.16148E+00 
3.42883E+00 7.10003E-01 1.60283E+00 
4.04277E+00 8.63127E-01 2.27123E+00 
4.78030E+00 1.03715E+00 3.31102E+00 
5.66139E+00 1.33496E+00 4.97631E+00 
6.70888E+00 1.57513E+00 7.73286E+00 
7.97093E+00 1.84179E+00 1.24611E+01 
9.48116E+00 2.13556E+00 2.08691E+01 
1.12793E+01 2.45697E+00 3.63934E+01 
1.34149E+01 2.80705E+00 6.61213E+01 
1.59611E+01 3.18975E+00 1.24796E+02 
1.90678E+01 3.62109E+00 2.42047E+02 
2.31522E+01 4.15979E+00 4.69651E+02 
2.93397E+01 4.96844E+00 8.64285E+02 
3.93491E+01 6.25786E+00 1.40141E+03 
5.29831E+01 7.88345E+00 1.91220E+03 
6.73617E+01 9.34323E+00 2.24878E+03 
1.30958E+00 7.35412E-02 1.72960E-01 
1.33945E+00 8.99705E-02 2.04717E-01 
1.40297E+00 1.19614E-01 2.45224E-01 
1.51447E+00 1.63946E-01 2.97416E-01 
1.66272E+00 2.17260E-01 3.65787E-01 
1.85368E+00 2.80747E-01 4.56878E-01 
2.09363E+00 3.55534E-01 5.79929E-01 
2.31757E+00 4.21901E-01 7.05953E-01 
2.38996E+00 4.42792E-01 7.49293E-01 
2.78184E+00 5.52081E-01 1.00898E+00 
3.26015E+00 6.78391E-01 1.39188E+00 
3.83785E+00 8.22792E-01 1.97096E+00 
4.52969E+00 9.86117E-01 2.87148E+00 
5.35759E+00 1.26566E+00 4.31484E+00 
6.33918E+00 1.48889E+00 6.70376E+00 
7.51744E+00 1.73555E+00 1.07953E+01 
8.92323E+00 2.00615E+00 1.80736E+01 
1.05917E+01 2.30089E+00 3.15003E+01 
1.25677E+01 2.62053E+00 5.72085E+01 
1.49171E+01 2.96852E+00 1.07926E+02 
1.77774E+01 3.35949E+00 2.09290E+02 
2.15316E+01 3.84722E+00 4.05889E+02 
2.72174E+01 4.58079E+00 7.46660E+02 
3.64114E+01 5.75181E+00 1.21037E+03 
4.89052E+01 7.22372E+00 1.65107E+03 
6.20224E+01 8.53524E+00 1.94109E+03 
1.24010E+00 6.89902E-02 1.50477E-01 
1.26988E+00 8.51207E-02 1.78032E-01 
1.33204E+00 1.13957E-01 2.13093E-01 
1.44025E+00 1.56952E-01 2.58384E-01 
1.58317E+00 2.08470E-01 3.17660E-01 
1.76615E+00 2.69556E-01 3.96461E-01 
1.99519E+00 3.41270E-01 5.03023E-01 
2.20825E+00 4.04695E-01 6.12218E-01 
2.27692E+00 4.24609E-01 6.49673E-01 
2.64816E+00 5.28553E-01 8.74570E-01 
3.09948E+00 6.48103E-01 1.20573E+00 
3.64293E+00 7.84197E-01 1.70687E+00 
4.29170E+00 9.37434E-01 2.48551E+00 
5.06867E+00 1.19967E+00 3.73194E+00 
5.98771E+00 1.40671E+00 5.79723E+00 
7.08714E+00 1.63461E+00 9.33256E+00 
8.39444E+00 1.88350E+00 1.56151E+01 
9.94162E+00 2.15341E+00 2.72133E+01 
1.17682E+01 2.44480E+00 4.93982E+01 
1.39342E+01 2.76066E+00 9.31684E+01 
1.65646E+01 3.11433E+00 1.80583E+02 
2.00132E+01 3.55531E+00 3.50213E+02 
2.52341E+01 4.21988E+00 6.44049E+02 
3.36719E+01 5.28194E+00 1.04375E+03 
4.51109E+01 6.61292E+00 1.42347E+03 
5.70668E+01 7.78944E+00 1.67313E+03 
1.17431E+00 6.46752E-02 1.30495E-01 
1.20406E+00 8.05439E-02 1.54351E-01 
1.26493E+00 1.08620E-01 1.84660E-01 
1.36984E+00 1.50310E-01 2.23771E-01 
1.50766E+00 2.00111E-01 2.75058E-01 
1.68312E+00 2.58925E-01 3.43204E-01 
1.90162E+00 3.27661E-01 4.35208E-01 
2.10415E+00 3.88234E-01 5.29483E-01 
2.16933E+00 4.07221E-01 5.61852E-01 
2.52075E+00 5.06011E-01 7.56042E-01 
2.94650E+00 6.19121E-01 1.04204E+00 
3.45733E+00 7.47247E-01 1.47441E+00 
4.06542E+00 8.90904E-01 2.14681E+00 
4.79427E+00 1.13645E+00 3.22233E+00 
5.65385E+00 1.32842E+00 5.00213E+00 
6.67908E+00 1.53878E+00 8.05287E+00 
7.89389E+00 1.76739E+00 1.34689E+01 
9.32718E+00 2.01415E+00 2.34655E+01 
1.10143E+01 2.27932E+00 4.25847E+01 
1.30094E+01 2.56552E+00 8.03043E+01 
1.54263E+01 2.88486E+00 1.55601E+02 
1.85903E+01 3.28271E+00 3.01676E+02 
2.33805E+01 3.88393E+00 5.54743E+02 
3.11186E+01 4.84601E+00 8.98912E+02 
4.15833E+01 6.04798E+00 1.22576E+03 
5.24700E+01 7.10159E+00 1.44048E+03 
1.11203E+00 6.05894E-02 1.12842E-01 
1.14158E+00 7.61536E-02 1.33419E-01 
1.20146E+00 1.03591E-01 1.59607E-01 
1.30322E+00 1.44039E-01 1.93321E-01 
1.43600E+00 1.92163E-01 2.37518E-01 
1.60416E+00 2.48772E-01 2.96265E-01 
1.81267E+00 3.14674E-01 3.75663E-01 
2.00509E+00 3.72504E-01 4.56879E-01 
2.06693E+00 3.90593E-01 4.84800E-01 
2.39947E+00 4.84444E-01 6.52196E-01 
2.80084E+00 5.91376E-01 8.98716E-01 
3.28072E+00 7.11870E-01 1.27120E+00 
3.85010E+00 8.46296E-01 1.85012E+00 
4.53352E+00 1.07626E+00 2.77715E+00 
5.33700E+00 1.25399E+00 4.30957E+00 
6.29196E+00 1.44780E+00 6.93558E+00 
7.42008E+00 1.65747E+00 1.16012E+01 
8.74657E+00 1.88268E+00 2.02013E+01 
1.03036E+01 2.12355E+00 3.66655E+01 
1.21392E+01 2.38233E+00 6.91110E+01 
1.43581E+01 2.67014E+00 1.33925E+02 
1.72586E+01 3.02848E+00 2.59608E+02 
2.16491E+01 3.57145E+00 4.77312E+02 
2.87396E+01 4.44177E+00 7.73387E+02 
3.83044E+01 5.52564E+00 1.05448E+03 
4.82079E+01 6.46763E+00 1.23909E+03 
1.05308E+00 5.67225E-02 9.73590E-02 
1.08246E+00 7.20087E-02 1.15062E-01 
1.14132E+00 9.88202E-02 1.37604E-01 
1.24014E+00 1.38109E-01 1.66668E-01 
1.36808E+00 1.84631E-01 2.04703E-01 
1.52923E+00 2.39125E-01 2.55283E-01 
1.72800E+00 3.02267E-01 3.23590E-01 
1.91085E+00 3.57470E-01 3.93558E-01 
1.96941E+00 3.74681E-01 4.17509E-01 
2.28384E+00 4.63762E-01 5.61506E-01 
2.66199E+00 5.64765E-01 7.73647E-01 
3.11259E+00 6.78023E-01 1.09424E+00 
3.64546E+00 8.03626E-01 1.59220E+00 
4.28565E+00 1.01885E+00 2.38979E+00 
5.03620E+00 1.18318E+00 3.70856E+00 
5.92501E+00 1.36148E+00 5.96654E+00 
6.97156E+00 1.55344E+00 9.97906E+00 
8.19826E+00 1.75862E+00 1.73762E+01 
9.63368E+00 1.97699E+00 3.15331E+01 
1.13212E+01 2.21053E+00 5.94357E+01 
1.33559E+01 2.46931E+00 1.15150E+02 
1.60122E+01 2.79142E+00 2.23213E+02 
2.00331E+01 3.28104E+00 4.10386E+02 
2.65239E+01 4.06716E+00 6.64916E+02 
3.52587E+01 5.04317E+00 9.06575E+02 
4.42590E+01 5.88389E+00 1.06524E+03 
9.97316E-01 5.30646E-02 8.38218E-02 
1.02668E+00 6.81467E-02 9.90605E-02 
1.08440E+00 9.43107E-02 1.18412E-01 
1.18040E+00 1.32495E-01 1.43433E-01 
1.30364E+00 1.77478E-01 1.76129E-01 
1.45805E+00 2.29940E-01 2.19658E-01 
1.64755E+00 2.90435E-01 2.78412E-01 
1.82111E+00 3.43088E-01 3.38512E-01 
1.87671E+00 3.59493E-01 3.59228E-01 
2.17390E+00 4.44009E-01 4.83029E-01 
2.52997E+00 5.39333E-01 6.65465E-01 
2.95270E+00 6.45661E-01 9.41010E-01 
3.45094E+00 7.62913E-01 1.36897E+00 
4.05015E+00 9.64063E-01 2.05458E+00 
4.75064E+00 1.11580E+00 3.18814E+00 
5.57725E+00 1.27959E+00 5.12939E+00 
6.54719E+00 1.45503E+00 8.57719E+00 
7.68052E+00 1.64161E+00 1.49367E+01 
9.00247E+00 1.83916E+00 2.70991E+01 
1.05523E+01 2.04944E+00 5.10846E+01 
1.24163E+01 2.28162E+00 9.89701E+01 
1.48462E+01 2.57052E+00 1.91821E+02 
1.85253E+01 3.01130E+00 3.52684E+02 
2.44620E+01 3.72033E+00 5.71443E+02 
3.24313E+01 4.59789E+00 7.79134E+02 
4.06021E+01 5.34676E+00 9.15466E+02 
9.44599E-01 4.96113E-02 7.20766E-02 
9.73850E-01 6.44744E-02 8.51800E-02 
1.03077E+00 9.01146E-02 1.01825E-01 
1.12382E+00 1.27200E-01 1.23305E-01 
1.24263E+00 1.70718E-01 1.51441E-01 
1.39041E+00 2.21188E-01 1.88779E-01 
1.57103E+00 2.79139E-01 2.39321E-01 
1.73573E+00 3.29347E-01 2.90951E-01 
1.78834E+00 3.44941E-01 3.08721E-01 
2.06911E+00 4.25073E-01 4.15149E-01 
2.40417E+00 5.14967E-01 5.71919E-01 
2.80056E+00 6.14715E-01 8.08738E-01 
3.26623E+00 7.24219E-01 1.17674E+00 
3.82648E+00 9.11967E-01 1.76537E+00 
4.47968E+00 1.05175E+00 2.73958E+00 
5.24768E+00 1.20193E+00 4.40737E+00 
6.14581E+00 1.36197E+00 7.37004E+00 
7.19179E+00 1.53128E+00 1.28330E+01 
8.40811E+00 1.70961E+00 2.32858E+01 
9.82967E+00 1.89847E+00 4.38873E+01 
1.15355E+01 2.10627E+00 8.50313E+01 
1.37565E+01 2.36488E+00 1.64826E+02 
1.71189E+01 2.76090E+00 3.03034E+02 
2.25440E+01 3.39944E+00 4.91010E+02 
2.98075E+01 4.18715E+00 6.69475E+02 
3.72174E+01 4.85294E+00 7.86625E+02 
8.94774E-01 4.63505E-02 6.19394E-02 
9.23849E-01 6.09886E-02 7.31828E-02 
9.80099E-01 8.61792E-02 8.75125E-02 
1.07030E+00 1.22207E-01 1.05937E-01 
1.18473E+00 1.64298E-01 1.30105E-01 
1.32629E+00 2.12887E-01 1.62230E-01 
1.49819E+00 2.68350E-01 2.05575E-01 
1.65447E+00 3.16210E-01 2.49981E-01 
1.70425E+00 3.31031E-01 2.65211E-01 
1.96925E+00 4.06924E-01 3.56590E-01 
2.28429E+00 4.91609E-01 4.91215E-01 
2.65569E+00 5.85041E-01 6.94730E-01 
3.09053E+00 6.87043E-01 1.01091E+00 
3.61411E+00 8.62141E-01 1.51689E+00 
4.22254E+00 9.90804E-01 2.35331E+00 
4.93549E+00 1.12830E+00 3.78676E+00 
5.76624E+00 1.27400E+00 6.33089E+00 
6.73062E+00 1.42730E+00 1.10254E+01 
7.84835E+00 1.58788E+00 2.00021E+01 
9.15111E+00 1.75710E+00 3.77048E+01 
1.07102E+01 1.94258E+00 7.30467E+01 
1.27377E+01 2.17347E+00 1.41599E+02 
1.58079E+01 2.52863E+00 2.60348E+02 
2.07608E+01 3.10278E+00 4.21875E+02 
2.73749E+01 3.80870E+00 5.75242E+02 
3.40871E+01 4.39939E+00 6.75905E+02 
8.47767E-01 4.32876E-02 5.32233E-02 
8.76651E-01 5.77231E-02 6.28605E-02 
9.32090E-01 8.24335E-02 7.51729E-02 
1.01974E+00 1.17517E-01 9.10214E-02 
1.12989E+00 1.58232E-01 1.11760E-01 
1.26530E+00 2.04977E-01 1.39336E-01 
1.42904E+00 2.58081E-01 1.76639E-01 
1.57712E+00 3.03653E-01 2.14732E-01 
1.62425E+00 3.17738E-01 2.27866E-01 
1.87430E+00 3.89600E-01 3.06397E-01 
2.17026E+00 4.69271E-01 4.22009E-01 
2.51793E+00 5.56647E-01 5.96878E-01 
2.92351E+00 6.51474E-01 8.68258E-01 
3.41237E+00 8.14724E-01 1.30308E+00 
3.97870E+00 9.32929E-01 2.02195E+00 
4.63976E+00 1.05852E+00 3.25282E+00 
5.40748E+00 1.19088E+00 5.43949E+00 
6.29560E+00 1.32935E+00 9.47188E+00 
7.32179E+00 1.47359E+00 1.71847E+01 
8.51404E+00 1.62477E+00 3.23928E+01 
9.93755E+00 1.78987E+00 6.27602E+01 
1.17863E+01 1.99550E+00 1.21659E+02 
1.45867E+01 2.31339E+00 2.23689E+02 
1.91037E+01 2.82869E+00 3.62487E+02 
2.51202E+01 3.46023E+00 4.94288E+02 
3.11935E+01 3.98314E+00 5.80791E+02 
8.03388E-01 4.04060E-02 4.57262E-02 
8.32274E-01 5.47253E-02 5.40236E-02 
8.87092E-01 7.90400E-02 6.45948E-02 
9.71928E-01 1.13116E-01 7.81902E-02 
1.07798E+00 1.52515E-01 9.60306E-02 
1.20750E+00 1.97487E-01 1.19721E-01 
1.36324E+00 2.48278E-01 1.51749E-01 
1.50355E+00 2.91665E-01 1.84502E-01 
1.54808E+00 3.05029E-01 1.95759E-01 
1.78379E+00 3.72984E-01 2.63230E-01 
2.06168E+00 4.47886E-01 3.62601E-01 
2.38688E+00 5.29554E-01 5.12809E-01 
2.76500E+00 6.17648E-01 7.46076E-01 
3.22081E+00 7.69585E-01 1.11940E+00 
3.74739E+00 8.77934E-01 1.73725E+00 
4.35972E+00 9.92409E-01 2.79430E+00 
5.06841E+00 1.11237E+00 4.67363E+00 
5.88543E+00 1.23713E+00 8.13739E+00 
6.82631E+00 1.36631E+00 1.47650E+01 
7.91625E+00 1.50097E+00 2.78321E+01 
9.21424E+00 1.64748E+00 5.39213E+01 
1.08981E+01 1.83011E+00 1.04531E+02 
1.34499E+01 2.11407E+00 1.92213E+02 
1.75649E+01 2.57573E+00 3.11489E+02 
2.30319E+01 3.13966E+00 4.24759E+02 
2.85205E+01 3.60151E+00 4.99099E+02 
7.61520E-01 3.77031E-02 3.92711E-02 
7.90337E-01 5.18903E-02 4.64133E-02 
8.44443E-01 7.58154E-02 5.54863E-02 
9.26753E-01 1.08997E-01 6.71810E-02 
1.02878E+00 1.47117E-01 8.25042E-02 
1.15266E+00 1.90383E-01 1.02889E-01 
1.30064E+00 2.38933E-01 1.30360E-01 
1.43352E+00 2.80211E-01 1.58546E-01 
1.47556E+00 2.92885E-01 1.68193E-01 
1.69756E+00 3.57072E-01 2.26154E-01 
1.95825E+00 4.27405E-01 3.11539E-01 
2.26217E+00 5.03635E-01 4.40541E-01 
2.61435E+00 5.85342E-01 6.41135E-01 
3.03903E+00 7.26516E-01 9.61950E-01 
3.52815E+00 8.25670E-01 1.49275E+00 
4.09479E+00 9.29809E-01 2.40163E+00 
4.74811E+00 1.03825E+00 4.01549E+00 
5.49883E+00 1.15034E+00 6.99338E+00 
6.36043E+00 1.26569E+00 1.26866E+01 
7.35551E+00 1.38525E+00 2.39135E+01 
8.53762E+00 1.51482E+00 4.63357E+01 
1.00692E+01 1.67653E+00 8.98187E+01 
1.23916E+01 1.92957E+00 1.65172E+02 
1.61370E+01 2.34246E+00 2.67691E+02 
2.10991E+01 2.84506E+00 3.65044E+02 
2.60532E+01 3.25198E+00 4.28931E+02 
7.22140E-01 3.51941E-02 3.37598E-02 
7.50759E-01 4.92296E-02 3.98902E-02 
8.04302E-01 7.28357E-02 4.76925E-02 
8.84121E-01 1.05161E-01 5.77390E-02 
9.82245E-01 1.42048E-01 7.09039E-02 
1.10057E+00 1.83647E-01 8.84105E-02 
1.24121E+00 2.30050E-01 1.12050E-01 
1.36686E+00 2.69278E-01 1.36240E-01 
1.40660E+00 2.81300E-01 1.44574E-01 
1.61556E+00 3.41890E-01 1.94392E-01 
1.85993E+00 4.07840E-01 2.67797E-01 
2.14361E+00 4.78828E-01 3.78631E-01 
2.47122E+00 5.54454E-01 5.50968E-01 
2.86651E+00 6.85544E-01 8.26693E-01 
3.32021E+00 7.76036E-01 1.28264E+00 
3.84396E+00 8.70528E-01 2.06393E+00 
4.44560E+00 9.68295E-01 3.45088E+00 
5.13453E+00 1.06871E+00 6.00911E+00 
5.92270E+00 1.17138E+00 1.09041E+01 
6.82990E+00 1.27713E+00 2.05524E+01 
7.90495E+00 1.39130E+00 3.98197E+01 
9.29643E+00 1.53406E+00 7.71946E+01 
1.14074E+01 1.75899E+00 1.41947E+02 
1.48123E+01 2.12750E+00 2.30061E+02 
1.93113E+01 2.57455E+00 3.13744E+02 
2.37771E+01 2.93214E+00 3.68650E+02 
6.85142E-01 3.28722E-02 2.90296E-02 
7.13623E-01 4.68110E-02 3.42943E-02 
7.66667E-01 7.01554E-02 4.10030E-02 
8.43991E-01 1.01631E-01 4.96474E-02 
9.38258E-01 1.37309E-01 6.09590E-02 
1.05117E+00 1.77284E-01 7.59912E-02 
1.18475E+00 2.21616E-01 9.63433E-02 
1.30347E+00 2.58858E-01 1.17111E-01 
1.34091E+00 2.70228E-01 1.24264E-01 
1.53744E+00 3.27352E-01 1.67105E-01 
1.76620E+00 3.89095E-01 2.30151E-01 
2.03086E+00 4.55122E-01 3.25485E-01 
2.33533E+00 5.24928E-01 4.73556E-01 
2.70284E+00 6.46496E-01 7.10650E-01 
3.12326E+00 7.28949E-01 1.10252E+00 
3.60670E+00 8.14439E-01 1.77372E+00 
4.16013E+00 9.02333E-01 2.96618E+00 
4.79146E+00 9.91970E-01 5.16393E+00 
5.51127E+00 1.08300E+00 9.37032E+00 
6.33737E+00 1.17619E+00 1.76642E+01 
7.31370E+00 1.27639E+00 3.42208E+01 
8.57609E+00 1.40197E+00 6.63422E+01 
1.04930E+01 1.60146E+00 1.22004E+02 
1.35846E+01 1.92964E+00 1.97736E+02 
1.76587E+01 2.32641E+00 2.69663E+02 
2.16790E+01 2.63980E+00 3.16852E+02 
6.50414E-01 3.07416E-02 2.49629E-02 
6.78656E-01 4.45687E-02 2.94879E-02 
7.31331E-01 6.77226E-02 3.52562E-02 
8.06133E-01 9.83737E-02 4.26858E-02 
8.96683E-01 1.32894E-01 5.24203E-02 
1.00438E+00 1.71301E-01 6.53386E-02 
1.13104E+00 2.13594E-01 8.28183E-02 
1.24318E+00 2.48931E-01 1.00692E-01 
1.27844E+00 2.59682E-01 1.06832E-01 
1.46303E+00 3.13453E-01 1.43637E-01 
1.67703E+00 3.71167E-01 1.97842E-01 
1.92364E+00 4.32459E-01 2.79789E-01 
2.20632E+00 4.96884E-01 4.07087E-01 
2.54752E+00 6.09409E-01 6.10784E-01 
2.93673E+00 6.84296E-01 9.47818E-01 
3.38243E+00 7.61415E-01 1.52461E+00 
3.89074E+00 8.40146E-01 2.54961E+00 
4.46855E+00 9.19874E-01 4.43900E+00 
5.12506E+00 1.00026E+00 8.05394E+00 
5.87607E+00 1.08201E+00 1.51798E+01 
6.76148E+00 1.16956E+00 2.94116E+01 
7.90512E+00 1.27961E+00 5.70164E+01 
9.64323E+00 1.45602E+00 1.04855E+02 
1.24475E+01 1.74769E+00 1.69956E+02 
1.61323E+01 2.09905E+00 2.31783E+02 
1.97466E+01 2.37290E+00 2.72340E+02 
6.17860E-01 2.88150E-02 2.14690E-02 
6.45855E-01 4.25423E-02 2.53649E-02 
6.98092E-01 6.55264E-02 3.03185E-02 
7.70487E-01 9.54084E-02 3.66985E-02 
8.57364E-01 1.28797E-01 4.50689E-02 
9.60041E-01 1.65682E-01 5.61906E-02 
1.08000E+00 2.05994E-01 7.11941E-02 
1.18580E+00 2.39483E-01 8.65705E-02 
1.21901E+00 2.49644E-01 9.18561E-02 
1.39226E+00 3.00198E-01 1.23500E-01 
1.59222E+00 3.54056E-01 1.70111E-01 
1.82171E+00 4.10836E-01 2.40520E-01 
2.08383E+00 4.69896E-01 3.49968E-01 
2.40025E+00 5.74012E-01 5.24998E-01 
2.75998E+00 6.41899E-01 8.14613E-01 
3.17033E+00 7.11252E-01 1.31044E+00 
3.63658E+00 7.81541E-01 2.19112E+00 
4.16471E+00 8.52179E-01 3.81574E+00 
4.76261E+00 9.22858E-01 6.92209E+00 
5.44438E+00 9.94226E-01 1.30480E+01 
6.24603E+00 1.07034E+00 2.52785E+01 
7.28064E+00 1.16638E+00 4.90053E+01 
8.85466E+00 1.32193E+00 9.01222E+01 
1.13949E+01 1.58053E+00 1.46080E+02 
1.47236E+01 1.89096E+00 1.99228E+02 
1.79680E+01 2.12949E+00 2.34082E+02 
5.87435E-01 2.71005E-02 1.84678E-02 
6.15171E-01 4.07492E-02 2.18157E-02 
6.67105E-01 6.36622E-02 2.60794E-02 
7.37047E-01 9.27702E-02 3.15708E-02 
8.20271E-01 1.25037E-01 3.87572E-02 
9.18018E-01 1.60423E-01 4.83190E-02 
1.03158E+00 1.98829E-01 6.12269E-02 
1.13125E+00 2.30517E-01 7.44339E-02 
1.16245E+00 2.40092E-01 7.89662E-02 
1.32486E+00 2.87539E-01 1.06179E-01 
1.51153E+00 3.37732E-01 1.46265E-01 
1.72484E+00 3.90210E-01 2.06783E-01 
1.96763E+00 4.44682E-01 3.00835E-01 
2.26071E+00 5.40611E-01 4.51362E-01 
2.59275E+00 6.01749E-01 7.00369E-01 
2.97004E+00 6.63889E-01 1.12659E+00 
3.39703E+00 7.26370E-01 1.88317E+00 
3.87896E+00 7.88661E-01 3.27983E+00 
4.42260E+00 8.50484E-01 5.94873E+00 
5.04049E+00 9.12439E-01 1.12144E+01 
5.76519E+00 9.78251E-01 2.17262E+01 
6.69968E+00 1.06168E+00 4.21176E+01 
8.12324E+00 1.19842E+00 7.74612E+01 
1.04213E+01 1.42713E+00 1.25559E+02 
1.34242E+01 1.70068E+00 1.71242E+02 
1.63324E+01 1.90777E+00 2.01198E+02 
5.59073E-01 2.56077E-02 1.58932E-02 
5.86598E-01 3.92310E-02 1.87719E-02 
6.38130E-01 6.20930E-02 2.24325E-02 
7.05644E-01 9.04449E-02 2.71548E-02 
7.85308E-01 1.21621E-01 3.33346E-02 
8.78238E-01 1.55546E-01 4.15530E-02 
9.85608E-01 1.92078E-01 5.26573E-02 
1.07940E+00 2.22023E-01 6.40021E-02 
1.10871E+00 2.31037E-01 6.79130E-02 
1.26072E+00 2.75482E-01 9.12854E-02 
1.43469E+00 3.22105E-01 1.25735E-01 
1.63282E+00 3.70456E-01 1.77815E-01 
1.85735E+00 4.20241E-01 2.58621E-01 
2.12836E+00 5.08695E-01 3.87976E-01 
2.43440E+00 5.63694E-01 6.01896E-01 
2.78084E+00 6.19162E-01 9.68333E-01 
3.17134E+00 6.74452E-01 1.61893E+00 
3.61038E+00 7.29103E-01 2.81879E+00 
4.10391E+00 7.82870E-01 5.11348E+00 
4.66292E+00 8.36319E-01 9.63751E+00 
5.31695E+00 8.92863E-01 1.86723E+01 
6.15971E+00 9.64972E-01 3.62004E+01 
7.44516E+00 1.08475E+00 6.65756E+01 
9.52168E+00 1.28651E+00 1.07920E+02 
1.22270E+01 1.52695E+00 1.47193E+02 
1.48296E+01 1.70607E+00 1.72937E+02 
5.32698E-01 2.43662E-02 1.36726E-02 
5.59845E-01 3.79214E-02 1.61489E-02 
6.11181E-01 6.08692E-02 1.92949E-02 
6.76207E-01 8.84628E-02 2.33555E-02 
7.52350E-01 1.18560E-01 2.86686E-02 
8.40570E-01 1.51039E-01 3.57307E-02 
9.41948E-01 1.85750E-01 4.52770E-02 
1.03011E+00 2.13993E-01 5.50374E-02 
1.05756E+00 2.22457E-01 5.83887E-02 
1.19971E+00 2.64012E-01 7.84894E-02 
1.36165E+00 3.07225E-01 1.08085E-01 
1.54532E+00 3.51715E-01 1.52829E-01 
1.75273E+00 3.96717E-01 2.22328E-01 
2.00303E+00 4.78241E-01 3.33512E-01 
2.28468E+00 5.27672E-01 5.17348E-01 
2.60217E+00 5.76935E-01 8.32163E-01 
2.95872E+00 6.25618E-01 1.39150E+00 
3.35808E+00 6.73297E-01 2.42244E+00 
3.80537E+00 7.19756E-01 4.39554E+00 
4.31023E+00 7.65535E-01 8.28341E+00 
4.89934E+00 8.13757E-01 1.60480E+01 
5.65801E+00 8.75718E-01 3.11112E+01 
6.81721E+00 9.80279E-01 5.72225E+01 
8.69087E+00 1.15776E+00 9.27649E+01 
1.11247E+01 1.36849E+00 1.26523E+02 
1.34500E+01 1.52282E+00 1.48651E+02 
5.08255E-01 2.34038E-02 1.17615E-02 
5.34819E-01 3.68291E-02 1.38902E-02 
5.86115E-01 5.99931E-02 1.65978E-02 
6.48637E-01 8.68428E-02 2.00847E-02 
7.21322E-01 1.15873E-01 2.46557E-02 
8.04965E-01 1.46931E-01 3.07278E-02 
9.00486E-01 1.79836E-01 3.89238E-02 
9.83244E-01 2.06428E-01 4.73217E-02 
1.00898E+00 2.14376E-01 5.02055E-02 
1.14170E+00 2.53130E-01 6.74872E-02 
1.29225E+00 2.93099E-01 9.29348E-02 
1.46224E+00 3.33861E-01 1.31363E-01 
1.65361E+00 3.75117E-01 1.91123E-01 
1.88436E+00 4.49650E-01 2.86734E-01 
2.14318E+00 4.93606E-01 4.44778E-01 
2.43371E+00 5.37132E-01 7.15448E-01 
2.75866E+00 5.79738E-01 1.19597E+00 
3.12122E+00 6.21045E-01 2.08200E+00 
3.52579E+00 6.60880E-01 3.77724E+00 
3.98096E+00 6.99767E-01 7.12036E+00 
4.51066E+00 7.40555E-01 1.37938E+01 
5.19246E+00 7.93458E-01 2.67413E+01 
6.23610E+00 8.84358E-01 4.91858E+01 
7.92422E+00 1.04001E+00 7.97397E+01 
1.01105E+01 1.22414E+00 1.08762E+02 
1.21847E+01 1.35656E+00 1.27784E+02 
4.85692E-01 2.27469E-02 1.01226E-02 
5.11686E-01 3.60685E-02 1.19499E-02 
5.62901E-01 5.95302E-02 1.42793E-02 
6.22915E-01 8.56271E-02 1.72758E-02 
6.92128E-01 1.13580E-01 2.12021E-02 
7.71295E-01 1.43227E-01 2.64249E-02 
8.61204E-01 1.74366E-01 3.34739E-02 
9.38720E-01 1.99336E-01 4.06843E-02 
9.62765E-01 2.06762E-01 4.31624E-02 
1.08646E+00 2.42794E-01 5.80109E-02 
1.22617E+00 2.79615E-01 7.98788E-02 
1.38340E+00 3.16847E-01 1.12935E-01 
1.55961E+00 3.54150E-01 1.64281E-01 
1.77201E+00 4.22427E-01 2.46458E-01 
2.00939E+00 4.61377E-01 3.82296E-01 
2.27478E+00 4.99611E-01 6.14892E-01 
2.57051E+00 5.36662E-01 1.02812E+00 
2.89908E+00 5.72170E-01 1.78998E+00 
3.26429E+00 6.06018E-01 3.24686E+00 
3.67377E+00 6.38718E-01 6.11949E+00 
4.14912E+00 6.72878E-01 1.18568E+01 
4.76072E+00 7.17716E-01 2.29875E+01 
5.69883E+00 7.96398E-01 4.22825E+01 
7.21765E+00 9.32486E-01 6.85525E+01 
9.17871E+00 1.09285E+00 9.35084E+01 
1.10255E+01 1.20595E+00 1.09860E+02 
4.64905E-01 2.24070E-02 8.71135E-03 
4.90430E-01 3.56925E-02 1.02814E-02 
5.41370E-01 5.94827E-02 1.22822E-02 
5.98914E-01 8.48340E-02 1.48610E-02 
6.64683E-01 1.11699E-01 1.82339E-02 
7.39443E-01 1.39937E-01 2.27188E-02 
8.23925E-01 1.69330E-01 2.87851E-02 
8.96425E-01 1.92715E-01 3.49813E-02 
9.18868E-01 1.99637E-01 3.71119E-02 
1.03398E+00 2.33035E-01 4.98788E-02 
1.16347E+00 2.66828E-01 6.86848E-02 
1.30855E+00 3.00667E-01 9.70939E-02 
1.47053E+00 3.33900E-01 1.41219E-01 
1.66566E+00 3.96407E-01 2.11804E-01 
1.88307E+00 4.30940E-01 3.28631E-01 
2.12509E+00 4.64293E-01 5.28571E-01 
2.39356E+00 4.96226E-01 8.83751E-01 
2.69075E+00 5.26473E-01 1.53861E+00 
3.01987E+00 5.54942E-01 2.79148E+00 
3.38746E+00 5.82110E-01 5.26053E+00 
3.81308E+00 6.10373E-01 1.01928E+01 
4.36063E+00 6.48050E-01 1.97621E+01 
5.20248E+00 7.15834E-01 3.63537E+01 
6.56694E+00 8.34413E-01 5.89457E+01 
8.32317E+00 9.73608E-01 8.04081E+01 
9.96456E+00 1.06971E+00 9.44687E+01 
4.45889E-01 2.24699E-02 7.49491E-03 
4.70747E-01 3.56419E-02 8.84593E-03 
5.21603E-01 5.99673E-02 1.05642E-02 
5.76546E-01 8.45095E-02 1.27816E-02 
6.38926E-01 1.10274E-01 1.56843E-02 
7.09370E-01 1.37091E-01 1.95376E-02 
7.88550E-01 1.64743E-01 2.47482E-02 
8.56238E-01 1.86567E-01 3.00751E-02 
8.77156E-01 1.93001E-01 3.19103E-02 
9.84115E-01 2.23838E-01 4.28908E-02 
1.10388E+00 2.54726E-01 5.90544E-02 
1.23754E+00 2.85311E-01 8.34750E-02 
1.38627E+00 3.15385E-01 1.21428E-01 
1.56520E+00 3.72091E-01 1.82156E-01 
1.76388E+00 4.02192E-01 2.82566E-01 
1.98411E+00 4.31047E-01 4.54531E-01 
2.22741E+00 4.58325E-01 7.59788E-01 
2.49569E+00 4.83807E-01 1.32291E+00 
2.79153E+00 5.07430E-01 2.39991E+00 
3.12084E+00 5.29673E-01 4.52422E+00 
3.50112E+00 5.52722E-01 8.76491E+00 
3.99030E+00 5.84061E-01 1.69940E+01 
4.74448E+00 6.42151E-01 3.12644E+01 
5.96825E+00 7.45084E-01 5.06972E+01 
7.53852E+00 8.65460E-01 6.91614E+01 
8.99450E+00 9.46675E-01 8.12548E+01 
4.28574E-01 2.29736E-02 6.44888E-03 
4.52602E-01 3.59611E-02 7.61111E-03 
5.03456E-01 6.10033E-02 9.08789E-03 
5.55701E-01 8.46770E-02 1.09932E-02 
6.14711E-01 1.09313E-01 1.34896E-02 
6.80959E-01 1.34701E-01 1.68044E-02 
7.55051E-01 1.60636E-01 2.12850E-02 
8.18112E-01 1.80911E-01 2.58679E-02 
8.37525E-01 1.86851E-01 2.74392E-02 
9.36681E-01 2.15185E-01 3.68738E-02 
1.04729E+00 2.43277E-01 5.07802E-02 
1.17022E+00 2.70783E-01 7.17795E-02 
1.30650E+00 2.97522E-01 1.04422E-01 
1.47025E+00 3.49060E-01 1.56640E-01 
1.65141E+00 3.75077E-01 2.42993E-01 
1.85142E+00 3.99784E-01 3.90881E-01 
2.07152E+00 4.22825E-01 6.53493E-01 
2.31308E+00 4.43989E-01 1.13776E+00 
2.57846E+00 4.63277E-01 2.06420E+00 
2.87275E+00 4.81148E-01 3.89087E+00 
3.21176E+00 4.99603E-01 7.53978E+00 
3.64788E+00 5.25363E-01 1.46195E+01 
4.32225E+00 5.74848E-01 2.68970E+01 
5.41810E+00 6.63852E-01 4.36204E+01 
6.81972E+00 7.67533E-01 5.95095E+01 
8.10870E+00 8.35752E-01 6.99154E+01 
4.12595E-01 2.39482E-02 5.53864E-03 
4.35709E-01 3.67209E-02 6.53392E-03 
4.86479E-01 6.26334E-02 7.80212E-03 
5.36018E-01 8.54023E-02 9.43444E-03 
5.91623E-01 1.08849E-01 1.15760E-02 
6.53703E-01 1.32762E-01 1.44210E-02 
7.22752E-01 1.56923E-01 1.82624E-02 
7.81318E-01 1.75645E-01 2.21976E-02 
7.99329E-01 1.81110E-01 2.35485E-02 
8.90950E-01 2.06956E-01 3.16411E-02 
9.92730E-01 2.32263E-01 4.35730E-02 
1.10544E+00 2.56752E-01 6.16059E-02 
1.22987E+00 2.80003E-01 8.96014E-02 
1.37917E+00 3.26660E-01 1.34397E-01 
1.54389E+00 3.49137E-01 2.08573E-01 
1.72487E+00 3.69985E-01 3.35478E-01 
1.92309E+00 3.89084E-01 5.60862E-01 
2.13983E+00 4.06317E-01 9.76766E-01 
2.37686E+00 4.21678E-01 1.77207E+00 
2.63872E+00 4.35628E-01 3.34005E+00 
2.93958E+00 4.49989E-01 6.47310E+00 
3.32684E+00 4.70788E-01 1.25534E+01 
3.92761E+00 5.12550E-01 2.30974E+01 
4.90561E+00 5.89005E-01 3.74618E+01 
6.15230E+00 6.77713E-01 5.11117E+01 
7.28885E+00 7.34459E-01 6.00482E+01 
3.98398E-01 2.54388E-02 4.76881E-03 
4.20770E-01 3.80822E-02 5.62464E-03 
4.70960E-01 6.47652E-02 6.71527E-03 
5.18031E-01 8.67103E-02 8.12053E-03 
5.70293E-01 1.08928E-01 9.96132E-03 
6.28343E-01 1.31338E-01 1.24091E-02 
6.92607E-01 1.53740E-01 1.57130E-02 
7.46936E-01 1.70950E-01 1.90973E-02 
7.63625E-01 1.75946E-01 2.02630E-02 
8.48226E-01 1.99386E-01 2.72325E-02 
9.41808E-01 2.22063E-01 3.74898E-02 
1.04510E+00 2.43726E-01 5.30206E-02 
1.15866E+00 2.64172E-01 7.71176E-02 
1.29471E+00 3.06088E-01 1.15722E-01 
1.44426E+00 3.25078E-01 1.79523E-01 
1.60787E+00 3.42441E-01 2.88724E-01 
1.78639E+00 3.58050E-01 4.82919E-01 
1.98060E+00 3.71791E-01 8.40911E-01 
2.19220E+00 3.83729E-01 1.52600E+00 
2.42500E+00 3.94285E-01 2.87669E+00 
2.69178E+00 4.05136E-01 5.57460E+00 
3.03540E+00 4.21667E-01 1.08109E+01 
3.57061E+00 4.56752E-01 1.98948E+01 
4.44345E+00 5.22271E-01 3.22706E+01 
5.55238E+00 5.98000E-01 4.40324E+01 
6.55428E+00 6.44973E-01 5.17294E+01 
3.85653E-01 2.75327E-02 4.10509E-03 
4.06919E-01 3.98107E-02 4.84254E-03 
4.56915E-01 6.77218E-02 5.78145E-03 
5.01222E-01 8.86041E-02 6.99028E-03 
5.50199E-01 1.09530E-01 8.57518E-03 
6.04341E-01 1.30405E-01 1.06825E-02 
6.64045E-01 1.51043E-01 1.35313E-02 
7.14281E-01 1.66721E-01 1.64405E-02 
7.29669E-01 1.71239E-01 1.74420E-02 
8.07630E-01 1.92324E-01 2.34449E-02 
8.93544E-01 2.12464E-01 3.22873E-02 
9.87934E-01 2.31428E-01 4.56458E-02 
1.09142E+00 2.49125E-01 6.64192E-02 
1.21501E+00 2.86691E-01 9.96579E-02 
1.35050E+00 3.02405E-01 1.54621E-01 
1.49814E+00 3.16594E-01 2.48782E-01 
1.65842E+00 3.29026E-01 4.16071E-01 
1.83206E+00 3.39655E-01 7.24586E-01 
2.02033E+00 3.48552E-01 1.31480E+00 
2.22674E+00 3.56147E-01 2.47905E+00 
2.46268E+00 3.63957E-01 4.80469E+00 
2.76682E+00 3.76788E-01 9.31848E+00 
3.24263E+00 4.06009E-01 1.71500E+01 
4.02022E+00 4.61872E-01 2.78219E+01 
5.00482E+00 5.26193E-01 3.79635E+01 
5.88608E+00 5.64746E-01 4.45979E+01 
3.74255E-01 3.02728E-02 3.53689E-03 
3.94284E-01 4.20808E-02 4.17076E-03 
4.44090E-01 7.14974E-02 4.97887E-03 
4.85530E-01 9.11366E-02 6.02100E-03 
5.31239E-01 1.10671E-01 7.38545E-03 
5.81567E-01 1.29942E-01 9.20010E-03 
6.36857E-01 1.48777E-01 1.16543E-02 
6.83244E-01 1.62930E-01 1.41653E-02 
6.97424E-01 1.66986E-01 1.50272E-02 
7.69065E-01 1.85734E-01 2.01979E-02 
8.47724E-01 2.03369E-01 2.78214E-02 
9.33885E-01 2.19744E-01 3.93442E-02 
1.02792E+00 2.34574E-01 5.72490E-02 
1.13990E+00 2.68091E-01 8.58966E-02 
1.26244E+00 2.81059E-01 1.33343E-01 
1.39525E+00 2.92326E-01 2.14570E-01 
1.53877E+00 3.01895E-01 3.58806E-01 
1.69357E+00 3.09749E-01 6.24961E-01 
1.86067E+00 3.15980E-01 1.13426E+00 
2.04309E+00 3.21003E-01 2.13859E+00 
2.25109E+00 3.26193E-01 4.14497E+00 
2.51961E+00 3.35840E-01 8.04083E+00 
2.94168E+00 3.59933E-01 1.47992E+01 
3.63317E+00 4.07301E-01 2.40103E+01 
4.50572E+00 4.61630E-01 3.27633E+01 
5.27906E+00 4.92963E-01 3.84861E+01 
3.64033E-01 3.36490E-02 3.04872E-03 
3.83053E-01 4.50633E-02 3.59523E-03 
4.32165E-01 7.59850E-02 4.29085E-03 
4.70779E-01 9.42678E-02 5.19011E-03 
5.13297E-01 1.12331E-01 6.36619E-03 
5.59942E-01 1.29931E-01 7.93192E-03 
6.10980E-01 1.46913E-01 1.00459E-02 
6.53690E-01 1.59523E-01 1.22141E-02 
6.66726E-01 1.63117E-01 1.29576E-02 
7.32431E-01 1.79559E-01 1.74212E-02 
8.04325E-01 1.94781E-01 2.39987E-02 
8.82758E-01 2.08655E-01 3.39430E-02 
9.68048E-01 2.21045E-01 4.94053E-02 
1.06927E+00 2.50712E-01 7.41630E-02 
1.17971E+00 2.60918E-01 1.15082E-01 
1.29886E+00 2.69532E-01 1.85235E-01 
1.42708E+00 2.76540E-01 3.09838E-01 
1.56465E+00 2.81933E-01 5.39734E-01 
1.71249E+00 2.85840E-01 9.79761E-01 
1.87317E+00 2.88643E-01 1.84755E+00 
2.05593E+00 2.91600E-01 3.58058E+00 
2.29230E+00 2.98519E-01 6.94654E+00 
2.66591E+00 3.18162E-01 1.27865E+01 
3.27968E+00 3.58079E-01 2.07461E+01 
4.05143E+00 4.03694E-01 2.83089E+01 
4.72843E+00 4.28871E-01 3.32498E+01 
3.54830E-01 3.76623E-02 2.62869E-03 
3.72628E-01 4.84695E-02 3.10036E-03 
4.20513E-01 8.07213E-02 3.70154E-03 
4.56758E-01 9.79449E-02 4.47667E-03 
4.96182E-01 1.14437E-01 5.49255E-03 
5.39281E-01 1.30298E-01 6.84394E-03 
5.86290E-01 1.45381E-01 8.67185E-03 
6.25501E-01 1.56442E-01 1.05421E-02 
6.37449E-01 1.59565E-01 1.11849E-02 
6.97582E-01 1.73734E-01 1.50415E-02 
7.63137E-01 1.86609E-01 2.07290E-02 
8.34353E-01 1.98080E-01 2.93175E-02 
9.11555E-01 2.08182E-01 4.26940E-02 
1.00269E+00 2.34234E-01 6.40881E-02 
1.10196E+00 2.41864E-01 9.94752E-02 
1.20862E+00 2.48085E-01 1.60144E-01 
1.32271E+00 2.52786E-01 2.67938E-01 
1.44459E+00 2.56018E-01 4.66822E-01 
1.57488E+00 2.57903E-01 8.47276E-01 
1.71588E+00 2.58818E-01 1.59794E+00 
1.87589E+00 2.59895E-01 3.09759E+00 
2.08327E+00 2.64498E-01 6.00892E+00 
2.41313E+00 2.80289E-01 1.10613E+01 
2.95681E+00 3.13695E-01 1.79476E+01 
3.63793E+00 3.51731E-01 2.44890E+01 
4.22895E+00 3.71686E-01 2.87577E+01 
3.46614E-01 4.23694E-02 2.26967E-03 
3.63073E-01 5.23787E-02 2.67657E-03 
4.09811E-01 8.64577E-02 3.19614E-03 
4.43368E-01 1.02090E-01 3.86655E-03 
4.79817E-01 1.16908E-01 4.74646E-03 
5.19508E-01 1.30941E-01 5.91441E-03 
5.62693E-01 1.44085E-01 7.49626E-03 
5.98638E-01 1.53592E-01 9.11592E-03 
6.09580E-01 1.56255E-01 9.67329E-03 
6.64469E-01 1.68164E-01 1.30111E-02 
7.24089E-01 1.78741E-01 1.79328E-02 
7.88673E-01 1.87927E-01 2.53827E-02 
8.58359E-01 1.95615E-01 3.69606E-02 
9.40126E-01 2.18319E-01 5.54891E-02 
1.02917E+00 2.23828E-01 8.61796E-02 
1.12429E+00 2.27885E-01 1.38753E-01 
1.22555E+00 2.30560E-01 2.32158E-01 
1.33309E+00 2.31904E-01 4.04480E-01 
1.44751E+00 2.32067E-01 7.34245E-01 
1.57077E+00 2.31398E-01 1.38478E+00 
1.71032E+00 2.30917E-01 2.68471E+00 
1.89169E+00 2.33587E-01 5.20791E+00 
2.18228E+00 2.46077E-01 9.58645E+00 
2.66291E+00 2.73824E-01 1.55538E+01 
3.26286E+00 3.05314E-01 2.12200E+01 
3.77747E+00 3.20885E-01 2.49118E+01 
3.39234E-01 4.77184E-02 1.96235E-03 
3.54579E-01 5.69566E-02 2.31561E-03 
3.99627E-01 9.27428E-02 2.76527E-03 
4.30436E-01 1.06538E-01 3.34591E-03 
4.64024E-01 1.19577E-01 4.10872E-03 
5.00527E-01 1.31723E-01 5.12299E-03 
5.40119E-01 1.42894E-01 6.49471E-03 
5.72981E-01 1.50828E-01 7.89915E-03 
5.82971E-01 1.53026E-01 8.38296E-03 
6.33000E-01 1.62721E-01 1.12814E-02 
6.87161E-01 1.71087E-01 1.55549E-02 
7.45570E-01 1.78079E-01 2.20250E-02 
8.08335E-01 1.83603E-01 3.20737E-02 
8.81479E-01 2.03246E-01 4.81854E-02 
9.61062E-01 2.06692E-01 7.48344E-02 
1.04561E+00 2.08828E-01 1.20490E-01 
1.13515E+00 2.09724E-01 2.01640E-01 
1.22975E+00 2.09458E-01 3.51369E-01 
1.32979E+00 2.08170E-01 6.37870E-01 
1.43710E+00 2.06202E-01 1.20304E+00 
1.55829E+00 2.04457E-01 2.33178E+00 
1.71639E+00 2.05539E-01 4.52352E+00 
1.97175E+00 2.15224E-01 8.32590E+00 
2.39584E+00 2.38085E-01 1.35066E+01 
2.92324E+00 2.63950E-01 1.84224E+01 
3.37018E+00 2.75877E-01 2.16190E+01 
3.32415E-01 5.34212E-02 1.70019E-03 
3.46569E-01 6.16838E-02 2.00726E-03 
3.89568E-01 9.92482E-02 2.39890E-03 
4.17869E-01 1.11144E-01 2.90380E-03 
4.48731E-01 1.22258E-01 3.56658E-03 
4.82227E-01 1.32443E-01 4.44879E-03 
5.18488E-01 1.41620E-01 5.64400E-03 
5.48500E-01 1.47996E-01 6.86648E-03 
5.57605E-01 1.49733E-01 7.28744E-03 
6.03140E-01 1.57273E-01 9.81059E-03 
6.52235E-01 1.63515E-01 1.35336E-02 
7.04988E-01 1.68467E-01 1.91680E-02 
7.61426E-01 1.72257E-01 2.79346E-02 
8.26513E-01 1.88820E-01 4.19632E-02 
8.97442E-01 1.90355E-01 6.51829E-02 
9.72389E-01 1.90804E-01 1.04963E-01 
1.05128E+00 1.90173E-01 1.75678E-01 
1.13412E+00 1.88549E-01 3.06129E-01 
1.22124E+00 1.86078E-01 5.55737E-01 
1.31421E+00 1.83069E-01 1.04790E+00 
1.41899E+00 1.80330E-01 2.03095E+00 
1.55630E+00 1.80137E-01 3.93886E+00 
1.78017E+00 1.87465E-01 7.24853E+00 
2.15371E+00 2.06138E-01 1.17558E+01 
2.61647E+00 2.27206E-01 1.60286E+01 
3.00362E+00 2.36139E-01 1.87996E+01 
3.26067E-01 5.93282E-02 1.47755E-03 
3.39014E-01 6.63611E-02 1.74495E-03 
3.79030E-01 1.04885E-01 2.08724E-03 
4.05459E-01 1.15499E-01 2.52792E-03 
4.33839E-01 1.24688E-01 3.10693E-03 
4.64553E-01 1.32873E-01 3.87754E-03 
4.97708E-01 1.40037E-01 4.92028E-03 
5.25110E-01 1.44882E-01 5.98974E-03 
5.33419E-01 1.46184E-01 6.35794E-03 
5.74806E-01 1.51628E-01 8.56337E-03 
6.19262E-01 1.55873E-01 1.18179E-02 
6.66801E-01 1.58932E-01 1.67411E-02 
7.17416E-01 1.60859E-01 2.44071E-02 
7.75096E-01 1.74695E-01 3.66755E-02 
8.38117E-01 1.74685E-01 5.69699E-02 
9.04288E-01 1.73686E-01 9.17474E-02 
9.73512E-01 1.71774E-01 1.53550E-01 
1.04574E+00 1.69040E-01 2.67569E-01 
1.12123E+00 1.65632E-01 4.85621E-01 
1.20136E+00 1.61829E-01 9.15537E-01 
1.29151E+00 1.58347E-01 1.77393E+00 
1.41028E+00 1.57155E-01 3.43922E+00 
1.60608E+00 1.62528E-01 6.32686E+00 
1.93447E+00 1.77633E-01 1.02567E+01 
2.33975E+00 1.94639E-01 1.39768E+01 
2.67422E+00 2.01143E-01 1.63812E+01 
3.20246E-01 6.54178E-02 1.28851E-03 
3.32365E-01 7.15630E-02 1.52332E-03 
3.69069E-01 1.11249E-01 1.82284E-03 
3.93203E-01 1.19393E-01 2.20966E-03 
4.19289E-01 1.26536E-01 2.71725E-03 
4.47492E-01 1.32726E-01 3.39457E-03 
4.77844E-01 1.37928E-01 4.30986E-03 
5.02840E-01 1.41282E-01 5.24792E-03 
5.10401E-01 1.42149E-01 5.57067E-03 
5.48010E-01 1.45617E-01 7.50792E-03 
5.88223E-01 1.47992E-01 1.03643E-02 
6.31019E-01 1.49304E-01 1.46922E-02 
6.76324E-01 1.49504E-01 2.14171E-02 
7.27180E-01 1.60955E-01 3.21874E-02 
7.82971E-01 1.59604E-01 5.00119E-02 
8.41166E-01 1.57390E-01 8.05254E-02 
9.01621E-01 1.54435E-01 1.34765E-01 
9.64264E-01 1.50835E-01 2.34737E-01 
1.02933E+00 1.46723E-01 4.25940E-01 
1.09800E+00 1.42356E-01 8.02646E-01 
1.17515E+00 1.38358E-01 1.55445E+00 
1.27749E+00 1.36425E-01 3.01212E+00 
1.44828E+00 1.40200E-01 5.53761E+00 
1.73654E+00 1.52298E-01 8.97172E+00 
2.09086E+00 1.65894E-01 1.22163E+01 
2.37912E+00 1.70464E-01 1.43045E+01 
3.14778E-01 7.10871E-02 1.12889E-03 
3.25806E-01 7.54786E-02 1.33614E-03 
3.58742E-01 1.15993E-01 1.60037E-03 
3.81129E-01 1.22407E-01 1.94167E-03 
4.05163E-01 1.27493E-01 2.38928E-03 
4.31079E-01 1.31692E-01 2.98583E-03 
4.58911E-01 1.35010E-01 3.79422E-03 
4.81745E-01 1.36964E-01 4.62173E-03 
4.88635E-01 1.37430E-01 4.90648E-03 
5.22821E-01 1.39081E-01 6.61546E-03 
5.59167E-01 1.39755E-01 9.13639E-03 
5.97612E-01 1.39526E-01 1.29510E-02 
6.38060E-01 1.38527E-01 1.88904E-02 
6.82641E-01 1.47577E-01 2.83797E-02 
7.31845E-01 1.45028E-01 4.40888E-02 
7.82805E-01 1.41842E-01 7.09910E-02 
8.35348E-01 1.38089E-01 1.18719E-01 
8.89413E-01 1.33855E-01 2.06756E-01 
9.45117E-01 1.29263E-01 3.74916E-01 
1.00360E+00 1.24542E-01 7.06115E-01 
1.06923E+00 1.20232E-01 1.36664E+00 
1.15703E+00 1.17785E-01 2.64591E+00 
1.30569E+00 1.20286E-01 4.86047E+00 
1.55835E+00 1.29873E-01 7.86765E+00 
1.86771E+00 1.40641E-01 1.07024E+01 
2.11556E+00 1.43702E-01 1.25171E+01 
3.09739E-01 7.60758E-02 9.95227E-04 
3.20037E-01 7.89851E-02 1.17892E-03 
3.48606E-01 1.19887E-01 1.41357E-03 
3.69297E-01 1.23962E-01 1.71627E-03 
3.91592E-01 1.27166E-01 2.11387E-03 
4.15516E-01 1.29527E-01 2.64294E-03 
4.41084E-01 1.31084E-01 3.35962E-03 
4.61979E-01 1.31752E-01 4.09438E-03 
4.68267E-01 1.31864E-01 4.34701E-03 
4.99336E-01 1.31870E-01 5.86216E-03 
5.32169E-01 1.31066E-01 8.09826E-03 
5.66650E-01 1.29517E-01 1.14788E-02 
6.02675E-01 1.27329E-01 1.67409E-02 
6.41496E-01 1.34376E-01 2.51492E-02 
6.84715E-01 1.30919E-01 3.90461E-02 
7.29105E-01 1.27015E-01 6.28403E-02 
7.74521E-01 1.22695E-01 1.05063E-01 
8.20846E-01 1.18048E-01 1.82803E-01 
8.68244E-01 1.13186E-01 3.31277E-01 
9.17683E-01 1.08303E-01 6.23357E-01 
9.73135E-01 1.03865E-01 1.20517E+00 
1.04813E+00 1.01102E-01 2.33111E+00 
1.17729E+00 1.02615E-01 4.27774E+00 
1.39852E+00 1.10134E-01 6.91648E+00 
1.66834E+00 1.18581E-01 9.39632E+00 
1.88103E+00 1.20495E-01 1.09736E+01 
3.05306E-01 7.99716E-02 8.83360E-04 
3.15350E-01 8.23261E-02 1.04772E-03 
3.38794E-01 1.21566E-01 1.25717E-03 
3.58081E-01 1.23950E-01 1.52755E-03 
3.78854E-01 1.25330E-01 1.88217E-03 
4.01048E-01 1.26014E-01 2.35528E-03 
4.24600E-01 1.25993E-01 2.99441E-03 
4.43747E-01 1.25527E-01 3.64995E-03 
4.49489E-01 1.25323E-01 3.87541E-03 
4.77738E-01 1.23917E-01 5.22659E-03 
5.07356E-01 1.21871E-01 7.21872E-03 
5.38227E-01 1.19242E-01 1.02337E-02 
5.70240E-01 1.16033E-01 1.49148E-02 
6.03794E-01 1.21351E-01 2.23970E-02 
6.41556E-01 1.17313E-01 3.47597E-02 
6.80010E-01 1.12919E-01 5.58925E-02 
7.18986E-01 1.08258E-01 9.33647E-02 
7.58391E-01 1.03404E-01 1.62292E-01 
7.98369E-01 9.84579E-02 2.93762E-01 
8.39820E-01 9.35830E-02 5.52123E-01 
8.86330E-01 8.91722E-02 1.06623E+00 
9.50110E-01 8.62672E-02 2.05952E+00 
1.06212E+00 8.70364E-02 3.77399E+00 
1.25573E+00 9.28771E-02 6.09318E+00 
1.49093E+00 9.94462E-02 8.26469E+00 
1.67320E+00 1.00516E-01 9.63543E+00 
3.01779E-01 8.26642E-02 7.89954E-04 
3.11380E-01 8.32540E-02 9.38094E-04 
3.29555E-01 1.21253E-01 1.12651E-03 
3.47868E-01 1.22090E-01 1.36954E-03 
3.67341E-01 1.21850E-01 1.68812E-03 
3.87987E-01 1.21030E-01 2.11256E-03 
4.09751E-01 1.19667E-01 2.68677E-03 
4.27305E-01 1.18258E-01 3.27418E-03 
4.32556E-01 1.17791E-01 3.47655E-03 
4.58232E-01 1.15248E-01 4.68828E-03 
4.84902E-01 1.12222E-01 6.47320E-03 
5.12458E-01 1.08774E-01 9.17031E-03 
5.40742E-01 1.04963E-01 1.33575E-02 
5.69524E-01 1.08702E-01 2.00439E-02 
6.02293E-01 1.04259E-01 3.10747E-02 
6.35357E-01 9.96013E-02 4.99189E-02 
6.68547E-01 9.48075E-02 8.32707E-02 
7.01795E-01 8.99347E-02 1.44580E-01 
7.35197E-01 8.50661E-02 2.61339E-01 
7.69607E-01 8.03423E-02 4.90460E-01 
8.08296E-01 7.60907E-02 9.45560E-01 
8.62280E-01 7.31788E-02 1.82370E+00 
9.59308E-01 7.34144E-02 3.33618E+00 
1.12874E+00 7.79116E-02 5.37670E+00 
1.33382E+00 8.29859E-02 7.27956E+00 
1.48988E+00 8.34582E-02 8.46996E+00 
2.99511E-01 8.36797E-02 7.12340E-04 
3.08841E-01 8.30064E-02 8.46450E-04 
3.21727E-01 1.19063E-01 1.01705E-03 
3.39110E-01 1.18245E-01 1.23665E-03 
3.57458E-01 1.16644E-01 1.52475E-03 
3.76716E-01 1.14625E-01 1.90758E-03 
3.96844E-01 1.12187E-01 2.42573E-03 
4.12943E-01 1.10044E-01 2.95548E-03 
4.17730E-01 1.09378E-01 3.13732E-03 
4.41007E-01 1.05980E-01 4.22876E-03 
4.64950E-01 1.02255E-01 5.83487E-03 
4.89423E-01 9.82616E-02 8.25839E-03 
5.14255E-01 9.40957E-02 1.20195E-02 
5.38668E-01 9.65250E-02 1.80110E-02 
5.66924E-01 9.18694E-02 2.78918E-02 
5.95096E-01 8.71556E-02 4.47339E-02 
6.23090E-01 8.24047E-02 7.45320E-02 
6.50801E-01 7.76680E-02 1.29172E-01 
6.78397E-01 7.30117E-02 2.33104E-01 
7.06639E-01 6.85514E-02 4.36677E-01 
7.38499E-01 6.45551E-02 8.40282E-01 
7.83998E-01 6.17497E-02 1.61755E+00 
8.68010E-01 6.16232E-02 2.95343E+00 
1.01641E+00 6.50653E-02 4.75026E+00 
1.19535E+00 6.89626E-02 6.41748E+00 
1.32896E+00 6.90327E-02 7.45012E+00 
2.98786E-01 8.30268E-02 6.47406E-04 
3.08038E-01 8.17547E-02 7.69397E-04 
3.15856E-01 1.14028E-01 9.24538E-04 
3.32315E-01 1.12428E-01 1.12406E-03 
3.49600E-01 1.09899E-01 1.38550E-03 
3.67566E-01 1.06968E-01 1.73287E-03 
3.86123E-01 1.03748E-01 2.20167E-03 
4.00838E-01 1.01086E-01 2.68145E-03 
4.05190E-01 1.00281E-01 2.84607E-03 
4.26186E-01 9.63145E-02 3.83195E-03 
4.47545E-01 9.21590E-02 5.28161E-03 
4.69108E-01 8.78634E-02 7.46702E-03 
4.90754E-01 8.34726E-02 1.08515E-02 
5.11211E-01 8.48776E-02 1.62389E-02 
5.35283E-01 8.02743E-02 2.51028E-02 
5.59022E-01 7.56712E-02 4.01997E-02 
5.82310E-01 7.11082E-02 6.68401E-02 
6.05114E-01 6.66300E-02 1.15640E-01 
6.27575E-01 6.22879E-02 2.08269E-01 
6.50408E-01 5.81675E-02 3.89367E-01 
6.76372E-01 5.44954E-02 7.47770E-01 
7.14515E-01 5.18708E-02 1.43618E+00 
7.87245E-01 5.15160E-02 2.61640E+00 
9.17395E-01 5.41396E-02 4.19848E+00 
1.07374E+00 5.71241E-02 5.65840E+00 
1.18821E+00 5.69408E-02 6.55288E+00 
2.99894E-01 8.10124E-02 5.92554E-04 
3.09024E-01 7.87583E-02 7.04115E-04 
3.12104E-01 1.07810E-01 8.45724E-04 
3.27794E-01 1.05319E-01 1.02780E-03 
3.44061E-01 1.01975E-01 1.26580E-03 
3.60745E-01 9.84212E-02 1.58183E-03 
3.77769E-01 9.47103E-02 2.00805E-03 
3.91113E-01 9.17370E-02 2.44338E-03 
3.95035E-01 9.08552E-02 2.59279E-03 
4.13843E-01 8.65872E-02 3.48648E-03 
4.32700E-01 8.22427E-02 4.79818E-03 
4.51509E-01 7.78620E-02 6.77368E-03 
4.70174E-01 7.34466E-02 9.82673E-03 
4.87048E-01 7.40664E-02 1.46794E-02 
5.07281E-01 6.96558E-02 2.26481E-02 
5.26995E-01 6.52923E-02 3.62029E-02 
5.46087E-01 6.10278E-02 6.00763E-02 
5.64544E-01 5.68897E-02 1.03717E-01 
5.82509E-01 5.29179E-02 1.86416E-01 
6.00665E-01 4.91859E-02 3.47660E-01 
6.21550E-01 4.58738E-02 6.66080E-01 
6.53405E-01 4.34729E-02 1.27637E+00 
7.16435E-01 4.29914E-02 2.31942E+00 
8.30862E-01 4.49912E-02 3.71248E+00 
9.67868E-01 4.72806E-02 4.99076E+00 
1.06614E+00 4.69516E-02 5.76466E+00 
3.02918E-01 7.75557E-02 5.45037E-04 
3.11884E-01 7.47272E-02 6.47454E-04 
3.11205E-01 9.99688E-02 7.77028E-04 
3.25715E-01 9.70913E-02 9.43436E-04 
3.40858E-01 9.32715E-02 1.16071E-03 
3.56198E-01 8.93852E-02 1.44884E-03 
3.71631E-01 8.54246E-02 1.83687E-03 
3.83602E-01 8.23253E-02 2.23261E-03 
3.87100E-01 8.14165E-02 2.36849E-03 
4.03710E-01 7.70734E-02 3.17967E-03 
4.20141E-01 7.27406E-02 4.36876E-03 
4.36310E-01 6.84465E-02 6.15541E-03 
4.52103E-01 6.42272E-02 8.91372E-03 
4.65757E-01 6.42317E-02 1.32878E-02 
4.82489E-01 6.00799E-02 2.04618E-02 
4.98548E-01 5.60443E-02 3.26337E-02 
5.13884E-01 5.21408E-02 5.40371E-02 
5.28476E-01 4.83902E-02 9.30768E-02 
5.42497E-01 4.48220E-02 1.66864E-01 
5.56611E-01 4.14913E-02 3.10500E-01 
5.73132E-01 3.85460E-02 5.93396E-01 
5.99596E-01 3.63901E-02 1.13417E+00 
6.54286E-01 3.58525E-02 2.05569E+00 
7.55156E-01 3.73793E-02 3.28165E+00 
8.75559E-01 3.91408E-02 4.39970E+00 
9.60114E-01 3.87389E-02 5.06816E+00 
3.07619E-01 7.32360E-02 5.03091E-04 
3.16207E-01 7.02398E-02 5.97024E-04 
3.12229E-01 9.18033E-02 7.15991E-04 
3.25900E-01 8.82153E-02 8.68094E-04 
3.39773E-01 8.42970E-02 1.06680E-03 
3.53642E-01 8.03065E-02 1.32974E-03 
3.67423E-01 7.63043E-02 1.68329E-03 
3.77981E-01 7.32215E-02 2.04337E-03 
3.81043E-01 7.23241E-02 2.16688E-03 
3.95456E-01 6.80787E-02 2.90374E-03 
4.09522E-01 6.39036E-02 3.98218E-03 
4.23145E-01 5.98227E-02 5.59942E-03 
4.36233E-01 5.58748E-02 8.09233E-03 
4.46994E-01 5.54426E-02 1.20380E-02 
4.60518E-01 5.16338E-02 1.84963E-02 
4.73279E-01 4.79687E-02 2.94297E-02 
4.85253E-01 4.44522E-02 4.86109E-02 
4.96457E-01 4.11009E-02 8.35304E-02 
5.07063E-01 3.79352E-02 1.49385E-01 
5.17686E-01 3.49958E-02 2.77313E-01 
5.30502E-01 3.24048E-02 5.28676E-01 
5.52366E-01 3.04924E-02 1.00765E+00 
5.99913E-01 2.99436E-02 1.82157E+00 
6.89123E-01 3.11142E-02 2.89995E+00 
7.95280E-01 3.24754E-02 3.87701E+00 
8.68247E-01 3.20472E-02 4.45368E+00 
3.13499E-01 6.84581E-02 4.65354E-04 
3.21550E-01 6.52636E-02 5.51551E-04 
3.15458E-01 8.31825E-02 6.60499E-04 
3.27795E-01 7.94782E-02 7.99868E-04 
3.40277E-01 7.55129E-02 9.81397E-04 
3.52569E-01 7.15786E-02 1.22135E-03 
3.64624E-01 6.76894E-02 1.54361E-03 
3.73731E-01 6.47261E-02 1.87147E-03 
3.76353E-01 6.38656E-02 1.98364E-03 
3.88593E-01 5.98324E-02 2.65324E-03 
4.00339E-01 5.59114E-02 3.63081E-03 
4.11518E-01 5.21204E-02 5.09508E-03 
4.22111E-01 4.84542E-02 7.34740E-03 
4.30271E-01 4.77430E-02 1.09064E-02 
4.40865E-01 4.43168E-02 1.67192E-02 
4.50676E-01 4.10319E-02 2.65429E-02 
4.59678E-01 3.79014E-02 4.37419E-02 
4.67924E-01 3.49351E-02 7.49803E-02 
4.75573E-01 3.21449E-02 1.33759E-01 
4.83234E-01 2.95718E-02 2.47661E-01 
4.92892E-01 2.73067E-02 4.70862E-01 
5.10874E-01 2.56245E-02 8.95209E-01 
5.52292E-01 2.50904E-02 1.61377E+00 
6.31443E-01 2.59924E-02 2.56184E+00 
7.25382E-01 2.70489E-02 3.41530E+00 
7.88559E-01 2.66217E-02 3.91233E+00 
3.19859E-01 6.35031E-02 4.30488E-04 
3.27255E-01 6.01966E-02 5.09693E-04 
3.19821E-01 7.45815E-02 6.09497E-04 
3.30699E-01 7.11373E-02 7.37136E-04 
3.41669E-01 6.72905E-02 9.03040E-04 
3.52312E-01 6.35248E-02 1.12217E-03 
3.62574E-01 5.98388E-02 1.41579E-03 
3.70238E-01 5.70480E-02 1.71417E-03 
3.72431E-01 5.62432E-02 1.81642E-03 
3.82536E-01 5.24852E-02 2.42488E-03 
3.92052E-01 4.88613E-02 3.31149E-03 
4.00952E-01 4.53803E-02 4.63777E-03 
4.09185E-01 4.20512E-02 6.67244E-03 
4.15076E-01 4.11416E-02 9.88353E-03 
4.23044E-01 3.80757E-02 1.51157E-02 
4.30236E-01 3.51562E-02 2.39421E-02 
4.36650E-01 3.23872E-02 3.93634E-02 
4.42334E-01 2.97755E-02 6.73114E-02 
4.47464E-01 2.73314E-02 1.19782E-01 
4.52603E-01 2.50802E-02 2.21193E-01 
4.59604E-01 2.31030E-02 4.19428E-01 
4.74286E-01 2.16279E-02 7.95304E-01 
5.10446E-01 2.11219E-02 1.42966E+00 
5.80910E-01 2.18191E-02 2.26309E+00 
6.64350E-01 2.26441E-02 3.00847E+00 
7.19232E-01 2.22318E-02 3.43658E+00 
3.25959E-01 5.87547E-02 3.98225E-04 
3.32492E-01 5.55256E-02 4.70932E-04 
3.23967E-01 6.73530E-02 5.62471E-04 
3.33855E-01 6.35251E-02 6.79279E-04 
3.43220E-01 5.98875E-02 8.30971E-04 
3.52176E-01 5.63410E-02 1.03094E-03 
3.60675E-01 5.28960E-02 1.29875E-03 
3.66924E-01 5.03018E-02 1.57035E-03 
3.68692E-01 4.95587E-02 1.66335E-03 
3.76759E-01 4.60918E-02 2.21621E-03 
3.84198E-01 4.27703E-02 3.02126E-03 
3.90975E-01 3.96020E-02 4.22153E-03 
3.97071E-01 3.65999E-02 6.06236E-03 
4.00968E-01 3.55584E-02 8.95854E-03 
4.06627E-01 3.28236E-02 1.36720E-02 
4.11532E-01 3.02329E-02 2.16036E-02 
4.15703E-01 2.77876E-02 3.54349E-02 
4.19197E-01 2.54896E-02 6.04458E-02 
4.22188E-01 2.33468E-02 1.07300E-01 
4.25205E-01 2.13777E-02 1.97632E-01 
4.29977E-01 1.96501E-02 3.73800E-01 
4.41863E-01 1.83549E-02 7.06801E-01 
4.73502E-01 1.78818E-02 1.26703E+00 
5.36441E-01 1.84217E-02 1.99992E+00 
6.10807E-01 1.90667E-02 2.65091E+00 
6.58648E-01 1.86766E-02 3.01965E+00 
3.31067E-01 5.44507E-02 3.68486E-04 
3.36698E-01 5.12660E-02 4.35242E-04 
3.28448E-01 6.02239E-02 5.19172E-04 
3.36522E-01 5.68335E-02 6.26244E-04 
3.44280E-01 5.34284E-02 7.65099E-04 
3.51579E-01 5.01124E-02 9.47749E-04 
3.58387E-01 4.69061E-02 1.19205E-03 
3.63293E-01 4.45073E-02 1.43963E-03 
3.64668E-01 4.38189E-02 1.52417E-03 
3.70840E-01 4.06284E-02 2.02681E-03 
3.76366E-01 3.75900E-02 2.75755E-03 
3.81231E-01 3.47077E-02 3.84539E-03 
3.85444E-01 3.19738E-02 5.51031E-03 
3.87614E-01 3.08687E-02 8.12619E-03 
3.91248E-01 2.84325E-02 1.23733E-02 
3.94179E-01 2.61309E-02 1.95071E-02 
3.96430E-01 2.39662E-02 3.19222E-02 
3.98064E-01 2.19386E-02 5.43219E-02 
3.99252E-01 2.00525E-02 9.61805E-02 
4.00498E-01 1.83258E-02 1.76720E-01 
4.03401E-01 1.68115E-02 3.33340E-01 
4.12917E-01 1.56699E-02 6.28627E-01 
4.40651E-01 1.52296E-02 1.12372E+00 
4.97039E-01 1.56473E-02 1.76857E+00 
5.63550E-01 1.61528E-02 2.33750E+00 
6.05361E-01 1.57857E-02 2.65499E+00 
3.34516E-01 5.06986E-02 3.41086E-04 
3.39268E-01 4.75675E-02 4.02499E-04 
3.31814E-01 5.40380E-02 4.79652E-04 
3.38006E-01 5.11399E-02 5.77812E-04 
3.44271E-01 4.79210E-02 7.04993E-04 
3.50029E-01 4.48177E-02 8.72202E-04 
3.55272E-01 4.18273E-02 1.09526E-03 
3.58966E-01 3.95983E-02 1.32108E-03 
3.59985E-01 3.89609E-02 1.39825E-03 
3.64458E-01 3.60145E-02 1.85623E-03 
3.68285E-01 3.32221E-02 2.52034E-03 
3.71475E-01 3.05846E-02 3.50831E-03 
3.74009E-01 2.81065E-02 5.01590E-03 
3.74725E-01 2.69525E-02 7.38155E-03 
3.76625E-01 2.47688E-02 1.12158E-02 
3.77871E-01 2.27143E-02 1.76397E-02 
3.78496E-01 2.07882E-02 2.87948E-02 
3.78565E-01 1.89905E-02 4.88793E-02 
3.78243E-01 1.73239E-02 8.63318E-02 
3.78004E-01 1.58001E-02 1.58198E-01 
3.79343E-01 1.44654E-02 2.97644E-01 
3.86838E-01 1.34551E-02 5.59654E-01 
4.11185E-01 1.30457E-02 9.97579E-01 
4.61842E-01 1.33674E-02 1.56545E+00 
5.21495E-01 1.37634E-02 2.06297E+00 
5.58118E-01 1.34187E-02 2.33630E+00 
3.36193E-01 4.75408E-02 3.16454E-04 
3.40091E-01 4.44619E-02 3.73082E-04 
3.33265E-01 4.91676E-02 4.44113E-04 
3.38097E-01 4.63951E-02 5.34386E-04 
3.42991E-01 4.33384E-02 6.51126E-04 
3.47377E-01 4.04004E-02 8.04392E-04 
3.51241E-01 3.75869E-02 1.00881E-03 
3.53863E-01 3.54979E-02 1.21524E-03 
3.54572E-01 3.49012E-02 1.28573E-03 
3.57552E-01 3.21567E-02 1.70371E-03 
3.59910E-01 2.95681E-02 2.30900E-03 
3.61636E-01 2.71382E-02 3.20695E-03 
3.62750E-01 2.48659E-02 4.57594E-03 
3.62223E-01 2.36897E-02 6.71892E-03 
3.62653E-01 2.17165E-02 1.01847E-02 
3.62481E-01 1.98687E-02 1.59834E-02 
3.61738E-01 1.81435E-02 2.60276E-02 
3.60494E-01 1.65393E-02 4.40687E-02 
3.58909E-01 1.50566E-02 7.76315E-02 
3.57431E-01 1.37045E-02 1.41875E-01 
3.57453E-01 1.25217E-02 2.66160E-01 
3.63232E-01 1.16218E-02 4.99147E-01 
3.84630E-01 1.12410E-02 8.87064E-01 
4.30255E-01 1.14867E-02 1.38783E+00 
4.83906E-01 1.17952E-02 1.82342E+00 
5.16067E-01 1.14734E-02 2.05897E+00 
3.35850E-01 4.49215E-02 2.94136E-04 
3.38984E-01 4.18753E-02 3.46409E-04 
3.32557E-01 4.53408E-02 4.11964E-04 
3.36560E-01 4.24234E-02 4.95093E-04 
3.40257E-01 3.94926E-02 6.02500E-04 
3.43446E-01 3.66843E-02 7.43229E-04 
3.46114E-01 3.40064E-02 9.30583E-04 
3.47811E-01 3.20285E-02 1.11970E-03 
3.48251E-01 3.14644E-02 1.18410E-03 
3.49954E-01 2.88803E-02 1.56596E-03 
3.51039E-01 2.64601E-02 2.11788E-03 
3.51519E-01 2.42010E-02 2.93542E-03 
3.51409E-01 2.20982E-02 4.17886E-03 
3.49826E-01 2.09136E-02 6.12193E-03 
3.49001E-01 1.91198E-02 9.25792E-03 
3.47614E-01 1.74487E-02 1.44913E-02 
3.45706E-01 1.58954E-02 2.35381E-02 
3.43346E-01 1.44566E-02 3.97499E-02 
3.40689E-01 1.31311E-02 6.98321E-02 
3.38159E-01 1.19267E-02 1.27276E-01 
3.37056E-01 1.08736E-02 2.38097E-01 
3.41335E-01 1.00700E-02 4.45184E-01 
3.60120E-01 9.71590E-03 7.88823E-01 
4.01253E-01 9.90089E-03 1.23036E+00 
4.49555E-01 1.01394E-02 1.61152E+00 
4.77768E-01 9.83910E-03 1.81407E+00 
3.33689E-01 4.28353E-02 2.74356E-04 
3.36185E-01 3.97830E-02 3.22774E-04 
3.30287E-01 4.21791E-02 3.83369E-04 
3.33526E-01 3.91683E-02 4.60132E-04 
3.36223E-01 3.63124E-02 5.59171E-04 
3.38405E-01 3.35901E-02 6.88704E-04 
3.40061E-01 3.10085E-02 8.60795E-04 
3.40981E-01 2.91102E-02 1.03424E-03 
3.41187E-01 2.85729E-02 1.09338E-03 
3.41810E-01 2.61113E-02 1.44302E-03 
3.41817E-01 2.38226E-02 1.94732E-03 
3.41231E-01 2.17014E-02 2.69283E-03 
3.40072E-01 1.97433E-02 3.82431E-03 
3.37596E-01 1.85557E-02 5.58896E-03 
3.35704E-01 1.69121E-02 8.43085E-03 
3.33286E-01 1.53899E-02 1.31628E-02 
3.30387E-01 1.39829E-02 2.13210E-02 
3.27080E-01 1.26856E-02 3.59075E-02 
3.23515E-01 1.14956E-02 6.29076E-02 
3.20091E-01 1.04171E-02 1.14315E-01 
3.18027E-01 9.47615E-03 2.13240E-01 
3.21003E-01 8.75569E-03 3.97444E-01 
3.37472E-01 8.42658E-03 7.02059E-01 
3.74591E-01 8.56324E-03 1.09158E+00 
4.18126E-01 8.74588E-03 1.42522E+00 
4.42861E-01 8.46631E-03 1.59927E+00 
3.29881E-01 4.11645E-02 2.56701E-04 
3.31876E-01 3.80640E-02 3.01658E-04 
3.26682E-01 3.94286E-02 3.57754E-04 
3.29056E-01 3.64752E-02 4.28764E-04 
3.30929E-01 3.36547E-02 5.20206E-04 
3.32283E-01 3.09807E-02 6.39599E-04 
3.33103E-01 2.84616E-02 7.97996E-04 
3.33375E-01 2.66198E-02 9.57261E-04 
3.33384E-01 2.61012E-02 1.01158E-03 
3.33092E-01 2.37337E-02 1.33201E-03 
3.32191E-01 2.15487E-02 1.79328E-03 
3.30698E-01 1.95408E-02 2.47371E-03 
3.28645E-01 1.77007E-02 3.50416E-03 
3.25396E-01 1.65199E-02 5.10779E-03 
3.22591E-01 1.50046E-02 7.68404E-03 
3.19289E-01 1.36108E-02 1.19642E-02 
3.15540E-01 1.23305E-02 1.93267E-02 
3.11419E-01 1.11565E-02 3.24539E-02 
3.07072E-01 1.00847E-02 5.66871E-02 
3.02882E-01 9.11668E-03 1.02699E-01 
2.99988E-01 8.27411E-03 1.90956E-01 
3.01821E-01 7.62686E-03 3.54861E-01 
3.16210E-01 7.32154E-03 6.24789E-01 
3.49696E-01 7.41973E-03 9.68260E-01 
3.88932E-01 7.55720E-03 1.26011E+00 
4.10567E-01 7.29811E-03 1.40942E+00 
3.24671E-01 3.98524E-02 2.40900E-04 
3.26318E-01 3.66626E-02 2.82655E-04 
3.21651E-01 3.72140E-02 3.34733E-04 
3.23399E-01 3.42370E-02 4.00486E-04 
3.24620E-01 3.14182E-02 4.85004E-04 
3.25298E-01 2.87642E-02 5.95205E-04 
3.25425E-01 2.62800E-02 7.41044E-04 
3.25142E-01 2.44767E-02 8.87484E-04 
3.24997E-01 2.39690E-02 9.37292E-04 
3.23925E-01 2.16700E-02 1.23119E-03 
3.22234E-01 1.95672E-02 1.65336E-03 
3.19951E-01 1.76515E-02 2.27460E-03 
3.17111E-01 1.59127E-02 3.21319E-03 
3.13187E-01 1.47423E-02 4.67071E-03 
3.09584E-01 1.33381E-02 7.00693E-03 
3.05511E-01 1.20567E-02 1.08773E-02 
3.01024E-01 1.08878E-02 1.75189E-02 
2.96197E-01 9.82277E-03 2.93278E-02 
2.91178E-01 8.85514E-03 5.10650E-02 
2.86324E-01 7.98559E-03 9.22277E-02 
2.82709E-01 7.23000E-03 1.70941E-01 
2.83529E-01 6.64854E-03 3.16627E-01 
2.96042E-01 6.36607E-03 5.55665E-01 
3.26222E-01 6.43375E-03 8.58289E-01 
3.61539E-01 6.53513E-03 1.11321E+00 
3.80390E-01 6.29584E-03 1.24100E+00 
3.18281E-01 3.88336E-02 2.26570E-04 
3.19629E-01 3.55337E-02 2.65341E-04 
3.15440E-01 3.53539E-02 3.13663E-04 
3.16648E-01 3.23524E-02 3.74579E-04 
3.17335E-01 2.95113E-02 4.52696E-04 
3.17456E-01 2.68536E-02 5.54356E-04 
3.17006E-01 2.43837E-02 6.88647E-04 
3.16261E-01 2.26035E-02 8.23293E-04 
3.15982E-01 2.21037E-02 8.69017E-04 
3.14245E-01 1.98556E-02 1.13854E-03 
3.11875E-01 1.78180E-02 1.52464E-03 
3.08906E-01 1.59800E-02 2.09150E-03 
3.05381E-01 1.43277E-02 2.94602E-03 
3.00863E-01 1.31736E-02 4.26980E-03 
2.96566E-01 1.18673E-02 6.38629E-03 
2.91822E-01 1.06858E-02 9.88394E-03 
2.86690E-01 9.61662E-03 1.58683E-02 
2.81251E-01 8.64916E-03 2.64810E-02 
2.75651E-01 7.77532E-03 4.59617E-02 
2.70228E-01 6.99364E-03 8.27414E-02 
2.65992E-01 6.31633E-03 1.52867E-01 
2.65916E-01 5.79414E-03 2.82173E-01 
2.76726E-01 5.53373E-03 4.93546E-01 
3.03866E-01 5.57742E-03 7.59764E-01 
3.35592E-01 5.65040E-03 9.82066E-01 
3.51929E-01 5.42984E-03 1.09104E+00 
3.11071E-01 3.80840E-02 2.13472E-04 
3.12182E-01 3.46632E-02 2.49515E-04 
3.08323E-01 3.38616E-02 2.94310E-04 
3.09128E-01 3.07760E-02 3.50709E-04 
3.09352E-01 2.78879E-02 4.22891E-04 
3.08987E-01 2.52043E-02 5.16606E-04 
3.08022E-01 2.27297E-02 6.40142E-04 
3.06868E-01 2.09583E-02 7.63748E-04 
3.06463E-01 2.04639E-02 8.05722E-04 
3.04126E-01 1.82499E-02 1.05250E-03 
3.01146E-01 1.62630E-02 1.40528E-03 
2.97558E-01 1.44896E-02 1.92197E-03 
2.93413E-01 1.29126E-02 2.69871E-03 
2.88362E-01 1.17781E-02 3.89937E-03 
2.83451E-01 1.05592E-02 5.81403E-03 
2.78114E-01 9.46765E-03 8.96943E-03 
2.72420E-01 8.48862E-03 1.43532E-02 
2.66453E-01 7.60945E-03 2.38747E-02 
2.60354E-01 6.82070E-03 4.13029E-02 
2.54452E-01 6.11812E-03 7.41032E-02 
2.49684E-01 5.51166E-03 1.36443E-01 
2.48820E-01 5.04336E-03 2.51006E-01 
2.58075E-01 4.80435E-03 4.37509E-01 
2.82404E-01 4.82922E-03 6.71159E-01 
3.10822E-01 4.87960E-03 8.64572E-01 
3.24881E-01 4.67740E-03 9.57157E-01 
3.03039E-01 3.75419E-02 2.01267E-04 
3.03950E-01 3.39785E-02 2.34730E-04 
3.00369E-01 3.26252E-02 2.76247E-04 
3.00841E-01 2.94505E-02 3.28419E-04 
3.00700E-01 2.65019E-02 3.95081E-04 
2.99932E-01 2.37798E-02 4.81427E-04 
2.98533E-01 2.12874E-02 5.95008E-04 
2.97020E-01 1.95160E-02 7.08405E-04 
2.96508E-01 1.90236E-02 7.46853E-04 
2.93647E-01 1.68314E-02 9.72681E-04 
2.90119E-01 1.48846E-02 1.29469E-03 
2.85978E-01 1.31659E-02 1.76500E-03 
2.81284E-01 1.16542E-02 2.47048E-03 
2.75762E-01 1.05423E-02 3.55815E-03 
2.70314E-01 9.40121E-03 5.28795E-03 
2.64467E-01 8.39018E-03 8.13187E-03 
2.58292E-01 7.49239E-03 1.29703E-02 
2.51879E-01 6.69287E-03 2.15022E-02 
2.45368E-01 5.98045E-03 3.70731E-02 
2.39069E-01 5.34961E-03 6.62859E-02 
2.33861E-01 4.80685E-03 1.21627E-01 
2.32314E-01 4.38744E-03 2.22998E-01 
2.40165E-01 4.16887E-03 3.87346E-01 
2.61916E-01 4.17933E-03 5.92148E-01 
2.87299E-01 4.21191E-03 7.60142E-01 
2.99315E-01 4.02745E-03 8.38625E-01 
2.94260E-01 3.71914E-02 1.89581E-04 
2.94972E-01 3.34581E-02 2.20533E-04 
2.91615E-01 3.15840E-02 2.58894E-04 
2.91744E-01 2.83197E-02 3.07017E-04 
2.91261E-01 2.52942E-02 3.68361E-04 
2.90122E-01 2.25198E-02 4.47656E-04 
2.88319E-01 1.99981E-02 5.51700E-04 
2.86478E-01 1.82185E-02 6.55390E-04 
2.85865E-01 1.77263E-02 6.90517E-04 
2.82524E-01 1.55470E-02 8.96424E-04 
2.78504E-01 1.36323E-02 1.18926E-03 
2.73869E-01 1.19607E-02 1.61603E-03 
2.68683E-01 1.05082E-02 2.25420E-03 
2.62748E-01 9.42148E-03 3.23605E-03 
2.56834E-01 8.35188E-03 4.79357E-03 
2.50546E-01 7.41547E-03 7.34584E-03 
2.43966E-01 6.59260E-03 1.16773E-02 
2.37184E-01 5.86668E-03 1.92920E-02 
2.30339E-01 5.22480E-03 3.31456E-02 
2.23722E-01 4.66001E-03 5.90611E-02 
2.18155E-01 4.17592E-03 1.07992E-01 
2.16013E-01 3.80177E-03 1.97303E-01 
2.22575E-01 3.60300E-03 3.41513E-01 
2.41909E-01 3.60241E-03 5.20244E-01 
2.64454E-01 3.62093E-03 6.65473E-01 
2.74605E-01 3.45367E-03 7.31584E-01 
2.84969E-01 3.70246E-02 1.78460E-04 
2.85512E-01 3.31123E-02 2.07057E-04 
2.82304E-01 3.07774E-02 2.42422E-04 
2.82137E-01 2.73876E-02 2.86696E-04 
2.81302E-01 2.42686E-02 3.42989E-04 
2.79786E-01 2.14275E-02 4.15581E-04 
2.77595E-01 1.88650E-02 5.10645E-04 
2.75446E-01 1.70705E-02 6.05168E-04 
2.74743E-01 1.65761E-02 6.37149E-04 
2.70959E-01 1.44011E-02 8.24405E-04 
2.66490E-01 1.25105E-02 1.09004E-03 
2.61407E-01 1.08792E-02 1.47606E-03 
2.55788E-01 9.47908E-03 2.05194E-03 
2.49497E-01 8.41874E-03 2.93570E-03 
2.43185E-01 7.41393E-03 4.33369E-03 
2.36533E-01 6.54520E-03 6.61866E-03 
2.29626E-01 5.79060E-03 1.04848E-02 
2.22555E-01 5.13179E-03 1.72614E-02 
2.15456E-01 4.55432E-03 2.95527E-02 
2.08607E-01 4.04942E-03 5.24761E-02 
2.02768E-01 3.61867E-03 9.56197E-02 
2.00129E-01 3.28579E-03 1.74071E-01 
2.05528E-01 3.10585E-03 3.00243E-01 
2.22629E-01 3.09708E-03 4.55762E-01 
2.42558E-01 3.10478E-03 5.80918E-01 
2.51037E-01 2.95393E-03 6.36371E-01 
2.75066E-01 3.70045E-02 1.67660E-04 
2.75402E-01 3.28985E-02 1.93987E-04 
2.72324E-01 3.01314E-02 2.26480E-04 
2.71887E-01 2.66122E-02 2.67088E-04 
2.70754E-01 2.33929E-02 3.18611E-04 
2.68913E-01 2.04778E-02 3.84892E-04 
2.66364E-01 1.78667E-02 4.71441E-04 
2.63922E-01 1.60511E-02 5.57361E-04 
2.63137E-01 1.55527E-02 5.86385E-04 
2.58938E-01 1.33746E-02 7.56052E-04 
2.54056E-01 1.15016E-02 9.96112E-04 
2.48571E-01 9.90423E-03 1.34408E-03 
2.42570E-01 8.55047E-03 1.86178E-03 
2.35978E-01 7.51756E-03 2.65435E-03 
2.29339E-01 6.57174E-03 3.90479E-03 
2.22398E-01 5.76502E-03 5.94276E-03 
2.15241E-01 5.07317E-03 9.38071E-03 
2.07963E-01 4.47580E-03 1.53897E-02 
2.00692E-01 3.95716E-03 2.62571E-02 
1.93693E-01 3.50693E-03 4.64579E-02 
1.87666E-01 3.12480E-03 8.43539E-02 
1.84621E-01 2.82965E-03 1.53022E-01 
1.88975E-01 2.66760E-03 2.62998E-01 
2.04010E-01 2.65293E-03 3.97807E-01 
2.21525E-01 2.65255E-03 5.05256E-01 
2.28510E-01 2.51723E-03 5.51519E-01 
2.64698E-01 3.71237E-02 1.57200E-04 
2.64794E-01 3.28035E-02 1.81330E-04 
2.61802E-01 2.96325E-02 2.11066E-04 
2.61071E-01 2.59763E-02 2.48174E-04 
2.59628E-01 2.26455E-02 2.95128E-04 
2.57459E-01 1.96480E-02 3.55377E-04 
2.54580E-01 1.69826E-02 4.33906E-04 
2.51880E-01 1.51418E-02 5.11673E-04 
2.51014E-01 1.46391E-02 5.37925E-04 
2.46451E-01 1.24530E-02 6.91065E-04 
2.41213E-01 1.05930E-02 9.07199E-04 
2.35386E-01 9.02535E-03 1.21966E-03 
2.29068E-01 7.71353E-03 1.68328E-03 
2.22239E-01 6.70868E-03 2.39136E-03 
2.15348E-01 5.81685E-03 3.50547E-03 
2.08195E-01 5.06704E-03 5.31612E-03 
2.00869E-01 4.43261E-03 8.36177E-03 
1.93464E-01 3.89143E-03 1.36697E-02 
1.86105E-01 3.42633E-03 2.32407E-02 
1.79036E-01 3.02600E-03 4.09739E-02 
1.72902E-01 2.68805E-03 7.41299E-02 
1.69541E-01 2.42734E-03 1.34006E-01 
1.72964E-01 2.28214E-03 2.29497E-01 
1.86098E-01 2.26346E-03 3.45902E-01 
2.01398E-01 2.25712E-03 4.37775E-01 
2.07057E-01 2.13645E-03 4.76159E-01 
2.53908E-01 3.73640E-02 1.47044E-04 
2.53735E-01 3.28159E-02 1.69066E-04 
2.50775E-01 2.92698E-02 1.96163E-04 
2.49733E-01 2.54587E-02 2.29902E-04 
2.47983E-01 2.20089E-02 2.72511E-04 
2.45510E-01 1.89241E-02 3.27067E-04 
2.42319E-01 1.61989E-02 3.97990E-04 
2.39375E-01 1.43296E-02 4.68061E-04 
2.38439E-01 1.38210E-02 4.91683E-04 
2.33546E-01 1.16230E-02 6.29325E-04 
2.27995E-01 9.77242E-03 8.23037E-04 
2.21882E-01 8.23096E-03 1.10232E-03 
2.15309E-01 6.95747E-03 1.51568E-03 
2.08306E-01 5.98117E-03 2.14543E-03 
2.01237E-01 5.13907E-03 3.13356E-03 
1.93950E-01 4.44162E-03 4.73529E-03 
1.86534E-01 3.86007E-03 7.42162E-03 
1.79082E-01 3.37045E-03 1.20893E-02 
1.71714E-01 2.95434E-03 2.04791E-02 
1.64654E-01 2.59943E-03 3.59783E-02 
1.58492E-01 2.30167E-03 6.48609E-02 
1.54899E-01 2.07239E-03 1.16832E-01 
1.57500E-01 1.94300E-03 1.99375E-01 
1.68889E-01 1.92181E-03 2.99436E-01 
1.82159E-01 1.91125E-03 3.77614E-01 
1.86652E-01 1.80436E-03 4.09265E-01 
2.42777E-01 3.77033E-02 1.37208E-04 
2.42306E-01 3.29142E-02 1.57218E-04 
2.39339E-01 2.90142E-02 1.81796E-04 
2.37997E-01 2.50432E-02 2.12348E-04 
2.35917E-01 2.14659E-02 2.50818E-04 
2.33124E-01 1.82871E-02 2.99963E-04 
2.29636E-01 1.54991E-02 3.63706E-04 
2.26469E-01 1.35996E-02 4.26567E-04 
2.25471E-01 1.30849E-02 4.47734E-04 
2.20289E-01 1.08731E-02 5.70822E-04 
2.14477E-01 9.03027E-03 7.43631E-04 
2.08135E-01 7.51272E-03 9.92138E-04 
2.01372E-01 6.27501E-03 1.35888E-03 
1.94261E-01 5.32780E-03 1.91640E-03 
1.87092E-01 4.53189E-03 2.78892E-03 
1.79749E-01 3.88297E-03 4.19885E-03 
1.72323E-01 3.34998E-03 6.55743E-03 
1.64904E-01 2.90758E-03 1.06431E-02 
1.57603E-01 2.53623E-03 1.79646E-02 
1.50627E-01 2.22253E-03 3.14484E-02 
1.44511E-01 1.96120E-03 5.64946E-02 
1.40766E-01 1.76046E-03 1.01395E-01 
1.42651E-01 1.64583E-03 1.72418E-01 
1.52450E-01 1.62333E-03 2.58028E-01 
1.63873E-01 1.60999E-03 3.24233E-01 
1.67351E-01 1.51594E-03 3.50161E-01 
2.31382E-01 3.81178E-02 1.27714E-04 
2.30591E-01 3.30774E-02 1.45810E-04 
2.27582E-01 2.88426E-02 1.67991E-04 
2.25910E-01 2.47055E-02 1.95521E-04 
2.23526E-01 2.09987E-02 2.30103E-04 
2.20420E-01 1.77233E-02 2.74151E-04 
2.16632E-01 1.48699E-02 3.31140E-04 
2.13262E-01 1.29395E-02 3.87231E-04 
2.12207E-01 1.24188E-02 4.06101E-04 
2.06778E-01 1.01929E-02 5.15648E-04 
2.00751E-01 8.35700E-03 6.69017E-04 
1.94236E-01 6.86244E-03 8.88994E-04 
1.87351E-01 5.65890E-03 1.21282E-03 
1.80199E-01 4.74139E-03 1.70393E-03 
1.73002E-01 3.98879E-03 2.47045E-03 
1.65680E-01 3.38487E-03 3.70582E-03 
1.58320E-01 2.89667E-03 5.76608E-03 
1.51008E-01 2.49750E-03 9.32493E-03 
1.43846E-01 2.16688E-03 1.56838E-02 
1.37023E-01 1.89057E-03 2.73563E-02 
1.31022E-01 1.66219E-03 4.89668E-02 
1.27200E-01 1.48728E-03 8.75731E-02 
1.28469E-01 1.38633E-03 1.48382E-01 
1.36828E-01 1.36349E-03 2.21266E-01 
1.46582E-01 1.34854E-03 2.77052E-01 
1.49188E-01 1.26634E-03 2.98137E-01 
2.19784E-01 3.85802E-02 1.18570E-04 
2.18669E-01 3.32828E-02 1.34863E-04 
2.15579E-01 2.87340E-02 1.54781E-04 
2.13568E-01 2.44247E-02 1.79451E-04 
2.10878E-01 2.05867E-02 2.10377E-04 
2.07485E-01 1.72154E-02 2.49663E-04 
2.03421E-01 1.42975E-02 3.00339E-04 
1.99856E-01 1.23367E-02 3.50110E-04 
1.98749E-01 1.18099E-02 3.66833E-04 
1.93106E-01 9.57122E-03 4.63785E-04 
1.86915E-01 7.74328E-03 5.99177E-04 
1.80290E-01 6.27201E-03 7.92860E-04 
1.73345E-01 5.10195E-03 1.07727E-03 
1.66214E-01 4.21492E-03 1.50757E-03 
1.59060E-01 3.50322E-03 2.17739E-03 
1.51829E-01 2.94135E-03 3.25404E-03 
1.44604E-01 2.49466E-03 5.04431E-03 
1.37466E-01 2.13513E-03 8.12794E-03 
1.30509E-01 1.84155E-03 1.36213E-02 
1.23902E-01 1.59911E-03 2.36729E-02 
1.18078E-01 1.40045E-03 4.22210E-02 
1.14246E-01 1.24886E-03 7.52398E-02 
1.14995E-01 1.16052E-03 1.27029E-01 
1.22061E-01 1.13808E-03 1.88747E-01 
1.30315E-01 1.12246E-03 2.35491E-01 
1.32181E-01 1.05113E-03 2.52506E-01 
2.08123E-01 3.90703E-02 1.09835E-04 
2.06652E-01 3.35069E-02 1.24422E-04 
2.03451E-01 2.86631E-02 1.42217E-04 
2.01104E-01 2.41816E-02 1.64209E-04 
1.98096E-01 2.02115E-02 1.91701E-04 
1.94432E-01 1.67472E-02 2.26550E-04 
1.90122E-01 1.37688E-02 2.71387E-04 
1.86390E-01 1.17802E-02 3.15313E-04 
1.85238E-01 1.12482E-02 3.30055E-04 
1.79417E-01 8.99947E-03 4.15382E-04 
1.73109E-01 7.18184E-03 5.34238E-04 
1.66425E-01 5.73504E-03 7.03852E-04 
1.59482E-01 4.59862E-03 9.52248E-04 
1.52430E-01 3.74302E-03 1.32726E-03 
1.45383E-01 3.07043E-03 1.90951E-03 
1.38309E-01 2.54811E-03 2.84265E-03 
1.31284E-01 2.13979E-03 4.39025E-03 
1.24382E-01 1.81659E-03 7.04786E-03 
1.17688E-01 1.55663E-03 1.17674E-02 
1.11352E-01 1.34474E-03 2.03779E-02 
1.05757E-01 1.17272E-03 3.62136E-02 
1.01978E-01 1.04207E-03 6.43022E-02 
1.02296E-01 9.65282E-04 1.08174E-01 
1.08209E-01 9.43788E-04 1.60156E-01 
1.15131E-01 9.28174E-04 1.99104E-01 
1.16379E-01 8.66787E-04 2.12724E-01 
1.96452E-01 3.95650E-02 1.01503E-04 
1.94623E-01 3.37330E-02 1.14493E-04 
1.91277E-01 2.86094E-02 1.30299E-04 
1.88582E-01 2.39550E-02 1.49779E-04 
1.85264E-01 1.98560E-02 1.74072E-04 
1.81333E-01 1.63025E-02 2.04792E-04 
1.76804E-01 1.32689E-02 2.44213E-04 
1.72930E-01 1.12569E-02 2.82745E-04 
1.71744E-01 1.07208E-02 2.95662E-04 
1.65790E-01 8.46721E-03 3.70303E-04 
1.59408E-01 6.66345E-03 4.74000E-04 
1.52712E-01 5.24336E-03 6.21591E-04 
1.45824E-01 4.14148E-03 8.37194E-04 
1.38906E-01 3.31861E-03 1.16199E-03 
1.32027E-01 2.68401E-03 1.66499E-03 
1.25169E-01 2.19920E-03 2.46896E-03 
1.18402E-01 1.82667E-03 3.79848E-03 
1.11792E-01 1.53687E-03 6.07497E-03 
1.05412E-01 1.30752E-03 1.01055E-02 
9.93936E-02 1.12314E-03 1.74361E-02 
9.40757E-02 9.75018E-04 3.08738E-02 
9.04017E-02 8.63132E-04 5.46212E-02 
9.03708E-02 7.96875E-04 9.15570E-02 
9.52637E-02 7.76738E-04 1.35066E-01 
1.01006E-01 7.61661E-04 1.67306E-01 
1.01747E-01 7.09288E-04 1.78107E-01 
1.84969E-01 4.00343E-02 9.36672E-05 
1.82800E-01 3.39382E-02 1.05192E-04 
1.79292E-01 2.85542E-02 1.19164E-04 
1.76259E-01 2.37321E-02 1.36340E-04 
1.72629E-01 1.95092E-02 1.57686E-04 
1.68445E-01 1.58732E-02 1.84621E-04 
1.63718E-01 1.27915E-02 2.19100E-04 
1.59724E-01 1.07615E-02 2.52725E-04 
1.58510E-01 1.02229E-02 2.63985E-04 
1.52465E-01 7.97093E-03 3.28945E-04 
1.46058E-01 6.18603E-03 4.18962E-04 
1.39407E-01 4.79585E-03 5.46761E-04 
1.32625E-01 3.72988E-03 7.32988E-04 
1.25885E-01 2.94080E-03 1.01291E-03 
1.19224E-01 2.34294E-03 1.44532E-03 
1.12631E-01 1.89355E-03 2.13464E-03 
1.06168E-01 1.55419E-03 3.27136E-03 
9.98916E-02 1.29481E-03 5.21219E-03 
9.38642E-02 1.09296E-03 8.63856E-03 
8.81998E-02 9.33071E-04 1.48500E-02 
8.31929E-02 8.06093E-04 2.61987E-02 
7.96680E-02 7.10741E-04 4.61842E-02 
7.93657E-02 6.53927E-04 7.71355E-02 
8.33730E-02 6.35409E-04 1.13382E-01 
8.80922E-02 6.21243E-04 1.39941E-01 
8.84309E-02 5.76896E-04 1.48440E-01 
1.73564E-01 4.04676E-02 8.62079E-05 
1.71063E-01 3.41086E-02 9.63672E-05 
1.67369E-01 2.84770E-02 1.08627E-04 
1.64020E-01 2.34936E-02 1.23666E-04 
1.60098E-01 1.91537E-02 1.42285E-04 
1.55659E-01 1.54411E-02 1.65700E-04 
1.50747E-01 1.23189E-02 1.95612E-04 
1.46654E-01 1.02770E-02 2.24715E-04 
1.45418E-01 9.73763E-03 2.34451E-04 
1.39305E-01 7.49421E-03 2.90512E-04 
1.32912E-01 5.73430E-03 3.68015E-04 
1.26353E-01 4.37862E-03 4.77796E-04 
1.19732E-01 3.35142E-03 6.37383E-04 
1.13224E-01 2.59824E-03 8.76779E-04 
1.06833E-01 2.03703E-03 1.24564E-03 
1.00553E-01 1.62194E-03 1.83206E-03 
9.44389E-02 1.31391E-03 2.79637E-03 
8.85363E-02 1.08272E-03 4.43812E-03 
8.28977E-02 9.05970E-04 7.32756E-03 
7.76194E-02 7.68184E-04 1.25496E-02 
7.29548E-02 6.60114E-04 2.20588E-02 
6.96175E-02 5.79541E-04 3.87433E-02 
6.91088E-02 5.31279E-04 6.44714E-02 
7.23422E-02 5.14556E-04 9.44206E-02 
7.61667E-02 5.01564E-04 1.16112E-01 
7.61892E-02 4.64432E-04 1.22714E-01 
1.62422E-01 4.08429E-02 7.92033E-05 
1.59589E-01 3.42245E-02 8.81006E-05 
1.55729E-01 2.83670E-02 9.88073E-05 
1.52052E-01 2.32261E-02 1.11869E-04 
1.47857E-01 1.87793E-02 1.27995E-04 
1.43197E-01 1.50016E-02 1.48214E-04 
1.38125E-01 1.18487E-02 1.73973E-04 
1.33960E-01 9.80240E-03 1.98995E-04 
1.32707E-01 9.26397E-03 2.07349E-04 
1.26560E-01 7.03751E-03 2.55378E-04 
1.20217E-01 5.30889E-03 3.21624E-04 
1.13787E-01 3.99200E-03 4.15247E-04 
1.07369E-01 3.00608E-03 5.51050E-04 
1.01128E-01 2.29039E-03 7.54356E-04 
9.50463E-02 1.76557E-03 1.06684E-03 
8.91172E-02 1.38350E-03 1.56235E-03 
8.33851E-02 1.10491E-03 2.37491E-03 
7.78859E-02 8.99619E-04 3.75427E-03 
7.26609E-02 7.45547E-04 6.17450E-03 
6.77893E-02 6.27427E-04 1.05350E-02 
6.34873E-02 5.36039E-04 1.84488E-02 
6.03667E-02 4.68456E-04 3.22823E-02 
5.97117E-02 4.27808E-04 5.35218E-02 
6.22823E-02 4.12954E-04 7.80958E-02 
6.53405E-02 4.01291E-04 9.56826E-02 
6.51258E-02 3.70522E-04 1.00751E-01 
1.51625E-01 4.11506E-02 7.26597E-05 
1.48457E-01 3.42743E-02 8.03911E-05 
1.44411E-01 2.82063E-02 8.96697E-05 
1.40460E-01 2.29233E-02 1.00951E-04 
1.36007E-01 1.83793E-02 1.14806E-04 
1.31138E-01 1.45465E-02 1.32119E-04 
1.25925E-01 1.13735E-02 1.54118E-04 
1.21707E-01 9.33055E-03 1.75453E-04 
1.20448E-01 8.79557E-03 1.82572E-04 
1.14318E-01 6.59615E-03 2.23423E-04 
1.08061E-01 4.90565E-03 2.79614E-04 
1.01792E-01 3.63207E-03 3.58840E-04 
9.56058E-02 2.69001E-03 4.73504E-04 
8.96621E-02 2.01341E-03 6.44864E-04 
8.39204E-02 1.52483E-03 9.07634E-04 
7.83709E-02 1.17471E-03 1.32322E-03 
7.30457E-02 9.23794E-04 2.00292E-03 
6.79702E-02 7.42313E-04 3.15336E-03 
6.31746E-02 6.08662E-04 5.16597E-03 
5.87229E-02 5.08015E-04 8.78019E-03 
5.47959E-02 4.31279E-04 1.53175E-02 
5.19134E-02 3.75045E-04 2.67031E-02 
5.11643E-02 3.41127E-04 4.41065E-02 
5.31739E-02 3.28144E-04 6.41177E-02 
5.55829E-02 3.17889E-04 7.82648E-02 
5.51989E-02 2.92680E-04 8.21032E-02 
1.41222E-01 4.13797E-02 6.65665E-05 
1.37731E-01 3.42518E-02 7.32321E-05 
1.33497E-01 2.79874E-02 8.12082E-05 
1.29286E-01 2.25736E-02 9.08699E-05 
1.24598E-01 1.79444E-02 1.02670E-04 
1.19551E-01 1.40696E-02 1.17364E-04 
1.14229E-01 1.08893E-02 1.35992E-04 
1.09967E-01 8.85726E-03 1.54010E-04 
1.08703E-01 8.32761E-03 1.60013E-04 
1.02603E-01 6.16362E-03 1.94424E-04 
9.64778E-02 4.51949E-03 2.41690E-04 
9.04231E-02 3.29520E-03 3.08225E-04 
8.45127E-02 2.40023E-03 4.04301E-04 
7.88935E-02 1.76427E-03 5.47604E-04 
7.35124E-02 1.31174E-03 7.66820E-04 
6.83591E-02 9.92459E-04 1.11261E-03 
6.34542E-02 7.67541E-04 1.67663E-03 
5.88125E-02 6.07901E-04 2.62855E-03 
5.44533E-02 4.92611E-04 4.28878E-03 
5.04255E-02 4.07403E-04 7.26081E-03 
4.68782E-02 3.43462E-04 1.26181E-02 
4.42481E-02 2.97087E-04 2.19136E-02 
4.34491E-02 2.69070E-04 3.60587E-02 
4.49899E-02 2.57904E-04 5.22208E-02 
4.68553E-02 2.49069E-04 6.35028E-02 
4.63596E-02 2.28674E-04 6.63654E-02 
1.31256E-01 4.15233E-02 6.09130E-05 
1.27469E-01 3.41532E-02 6.66135E-05 
1.23035E-01 2.77045E-02 7.34021E-05 
1.18590E-01 2.21726E-02 8.16019E-05 
1.13709E-01 1.74742E-02 9.15657E-05 
1.08516E-01 1.35713E-02 1.03923E-04 
1.03103E-01 1.03943E-02 1.19533E-04 
9.88203E-02 8.38126E-03 1.34599E-04 
9.75610E-02 7.85946E-03 1.39618E-04 
9.15433E-02 5.74173E-03 1.68361E-04 
8.55720E-02 4.15042E-03 2.07754E-04 
7.97380E-02 2.97902E-03 2.63076E-04 
7.41188E-02 2.13349E-03 3.42828E-04 
6.88451E-02 1.53962E-03 4.61614E-04 
6.38466E-02 1.12316E-03 6.42935E-04 
5.91054E-02 8.33775E-04 9.28239E-04 
5.46310E-02 6.33360E-04 1.39230E-03 
5.04284E-02 4.93759E-04 2.17333E-03 
4.65067E-02 3.94941E-04 3.53136E-03 
4.29003E-02 3.23311E-04 5.95462E-03 
3.97308E-02 2.70479E-04 1.03078E-02 
3.73603E-02 2.32601E-04 1.78319E-02 
3.65483E-02 2.09713E-04 2.92296E-02 
3.77031E-02 2.00268E-04 4.21687E-02 
3.91195E-02 1.92805E-04 5.10826E-02 
3.85602E-02 1.76543E-04 5.31808E-02 
1.21759E-01 4.15752E-02 5.56823E-05 
1.17698E-01 3.39730E-02 6.05099E-05 
1.13070E-01 2.73531E-02 6.62258E-05 
1.08405E-01 2.17152E-02 7.31044E-05 
1.03370E-01 1.69642E-02 8.14338E-05 
9.80513E-02 1.30453E-02 9.16998E-05 
9.25814E-02 9.88509E-03 1.04633E-04 
8.83093E-02 7.90094E-03 1.17103E-04 
8.70591E-02 7.38913E-03 1.21252E-04 
8.11441E-02 5.32643E-03 1.44994E-04 
7.53552E-02 3.79489E-03 1.77482E-04 
6.97750E-02 2.68142E-03 2.23036E-04 
6.44691E-02 1.88785E-03 2.88595E-04 
5.95550E-02 1.33717E-03 3.86124E-04 
5.49501E-02 9.56551E-04 5.34695E-04 
5.06275E-02 6.96056E-04 7.67919E-04 
4.65858E-02 5.18679E-04 1.14628E-03 
4.28195E-02 3.97425E-04 1.78123E-03 
3.93281E-02 3.13312E-04 2.88193E-03 
3.61348E-02 2.53591E-04 4.83956E-03 
3.33346E-02 2.10341E-04 8.34398E-03 
3.12251E-02 1.79736E-04 1.43779E-02 
3.04297E-02 1.61267E-04 2.34758E-02 
3.12718E-02 1.53417E-04 3.37357E-02 
3.23230E-02 1.47248E-04 4.07079E-02 
3.17386E-02 1.34496E-04 4.22147E-02 
1.12727E-01 4.15252E-02 5.08463E-05 
1.08430E-01 3.37067E-02 5.48931E-05 
1.03635E-01 2.69339E-02 5.96531E-05 
9.87768E-02 2.12036E-02 6.53512E-05 
9.36134E-02 1.64141E-02 7.22244E-05 
8.82080E-02 1.24946E-02 8.06469E-05 
8.27106E-02 9.36349E-03 9.12261E-05 
7.84675E-02 7.41616E-03 1.01412E-04 
7.72346E-02 6.91669E-03 1.04799E-04 
7.14461E-02 4.91775E-03 1.24167E-04 
6.58597E-02 3.45222E-03 1.50639E-04 
6.05578E-02 2.40086E-03 1.87738E-04 
5.55896E-02 1.66159E-03 2.41077E-04 
5.10479E-02 1.15492E-03 3.20348E-04 
4.68400E-02 8.09694E-04 4.40861E-04 
4.29350E-02 5.77005E-04 6.29599E-04 
3.93198E-02 4.21197E-04 9.35011E-04 
3.59796E-02 3.16674E-04 1.44608E-03 
3.29056E-02 2.45653E-04 2.32932E-03 
3.01097E-02 1.96296E-04 3.89507E-03 
2.76652E-02 1.61256E-04 6.68806E-03 
2.58121E-02 1.36823E-04 1.14781E-02 
2.50563E-02 1.22126E-04 1.86662E-02 
2.56498E-02 1.15727E-04 2.67175E-02 
2.64088E-02 1.10748E-04 3.21109E-02 
2.58296E-02 1.00947E-04 3.31670E-02 
1.04193E-01 4.13780E-02 4.63939E-05 
9.96987E-02 3.33593E-02 4.97462E-05 
9.47498E-02 2.64478E-02 5.36513E-05 
8.97281E-02 2.06393E-02 5.83004E-05 
8.44535E-02 1.58241E-02 6.38788E-05 
7.90081E-02 1.19205E-02 7.06937E-05 
7.35193E-02 8.83127E-03 7.92189E-05 
6.93222E-02 6.92826E-03 8.74129E-05 
6.81103E-02 6.44305E-03 9.01359E-05 
6.24787E-02 4.51644E-03 1.05721E-04 
5.71294E-02 3.12319E-03 1.27031E-04 
5.21257E-02 2.13734E-03 1.56887E-04 
4.74976E-02 1.45350E-03 1.99760E-04 
4.33252E-02 9.90955E-04 2.63431E-04 
3.95136E-02 6.80504E-04 3.60096E-04 
3.60198E-02 4.74446E-04 5.11170E-04 
3.28202E-02 3.38774E-04 7.55022E-04 
2.98913E-02 2.49457E-04 1.16195E-03 
2.72168E-02 1.90041E-04 1.86306E-03 
2.47982E-02 1.49653E-04 3.10179E-03 
2.26910E-02 1.21598E-04 5.30357E-03 
2.10852E-02 1.02359E-04 9.06434E-03 
2.03860E-02 9.08501E-05 1.46807E-02 
2.07859E-02 8.57469E-05 2.09273E-02 
2.13158E-02 8.18437E-05 2.50496E-02 
2.07644E-02 7.44936E-05 2.57678E-02 
9.61495E-02 4.11357E-02 4.22973E-05 
9.14690E-02 3.29252E-02 4.50220E-05 
8.64036E-02 2.58955E-02 4.81742E-05 
8.12492E-02 2.00234E-02 5.18954E-05 
7.59015E-02 1.51986E-02 5.63396E-05 
7.04375E-02 1.13233E-02 6.17423E-05 
6.49910E-02 8.28858E-03 6.84851E-05 
6.08691E-02 6.43831E-03 7.49630E-05 
5.96861E-02 5.96947E-03 7.71161E-05 
5.42308E-02 4.12239E-03 8.94374E-05 
4.91388E-02 2.80655E-03 1.06328E-04 
4.44442E-02 1.88889E-03 1.29999E-04 
4.01695E-02 1.26178E-03 1.63998E-04 
3.63721E-02 8.43508E-04 2.14491E-04 
3.29507E-02 5.66996E-04 2.91041E-04 
2.98564E-02 3.86316E-04 4.10457E-04 
2.70566E-02 2.69364E-04 6.02761E-04 
2.45195E-02 1.93823E-04 9.22788E-04 
2.22220E-02 1.44642E-04 1.47250E-03 
2.01578E-02 1.11995E-04 2.44042E-03 
1.83660E-02 8.98453E-05 4.15454E-03 
1.69951E-02 7.49478E-05 7.07037E-03 
1.63638E-02 6.61109E-05 1.14030E-02 
1.66167E-02 6.21497E-05 1.61869E-02 
1.69702E-02 5.91981E-05 1.92939E-02 
1.64628E-02 5.38687E-05 1.97641E-02 
8.86517E-02 4.07981E-02 3.85637E-05 
8.38129E-02 3.24121E-02 4.07344E-05 
7.86598E-02 2.52830E-02 4.32287E-05 
7.34104E-02 1.93652E-02 4.61435E-05 
6.80108E-02 1.45433E-02 4.95977E-05 
6.25691E-02 1.07119E-02 5.37923E-05 
5.71929E-02 7.74253E-03 5.90107E-05 
5.31670E-02 5.95189E-03 6.40290E-05 
5.20196E-02 5.50127E-03 6.56997E-05 
4.67725E-02 3.74078E-03 7.52758E-05 
4.19461E-02 2.50539E-03 8.84390E-05 
3.75695E-02 1.65746E-03 1.06934E-04 
3.36505E-02 1.08715E-03 1.33540E-04 
3.02227E-02 7.12325E-04 1.73087E-04 
2.71819E-02 4.68437E-04 2.33007E-04 
2.44707E-02 3.11598E-04 3.26332E-04 
2.20475E-02 2.11782E-04 4.76290E-04 
1.98749E-02 1.48530E-04 7.25161E-04 
1.79251E-02 1.08249E-04 1.15136E-03 
1.61853E-02 8.21676E-05 1.89920E-03 
1.46818E-02 6.49275E-05 3.21868E-03 
1.35276E-02 5.35928E-05 5.45377E-03 
1.29703E-02 4.69539E-05 8.75786E-03 
1.31157E-02 4.39754E-05 1.23786E-02 
1.33383E-02 4.18479E-05 1.46910E-02 
1.28844E-02 3.81498E-05 1.49844E-02 
8.15901E-02 4.03647E-02 3.51214E-05 
7.66267E-02 3.18194E-02 3.68012E-05 
7.14002E-02 2.46047E-02 3.87099E-05 
6.60999E-02 1.86608E-02 4.09237E-05 
6.06848E-02 1.38578E-02 4.35186E-05 
5.52891E-02 1.00822E-02 4.66640E-05 
5.00219E-02 7.19083E-03 5.05825E-05 
4.61089E-02 5.46618E-03 5.43521E-05 
4.50011E-02 5.03529E-03 5.56106E-05 
3.99923E-02 3.36828E-03 6.28714E-05 
3.54516E-02 2.21709E-03 7.29016E-05 
3.13987E-02 1.44017E-03 8.70503E-05 
2.78355E-02 9.26654E-04 1.07478E-04 
2.47767E-02 5.94675E-04 1.37942E-04 
2.21055E-02 3.82194E-04 1.84089E-04 
1.97589E-02 2.47770E-04 2.55863E-04 
1.76895E-02 1.63706E-04 3.70949E-04 
1.58558E-02 1.11477E-04 5.61449E-04 
1.42260E-02 7.89739E-05 8.86653E-04 
1.27834E-02 5.84963E-05 1.45538E-03 
1.15424E-02 4.53560E-05 2.45492E-03 
1.05874E-02 3.69560E-05 4.14069E-03 
1.01068E-02 3.21297E-05 6.61934E-03 
1.01757E-02 2.99967E-05 9.31396E-03 
1.03030E-02 2.85841E-05 1.10043E-02 
9.90773E-03 2.62036E-05 1.11732E-02 
7.50042E-02 3.98405E-02 3.19745E-05 
6.99560E-02 3.11572E-02 3.32277E-05 
6.46789E-02 2.38732E-02 3.46248E-05 
5.93601E-02 1.79201E-02 3.62332E-05 
5.39649E-02 1.31517E-02 3.80938E-05 
4.86443E-02 9.44424E-03 4.03472E-05 
4.35146E-02 6.64107E-03 4.31718E-05 
3.97425E-02 4.98901E-03 4.59061E-05 
3.86815E-02 4.57940E-03 4.68238E-05 
3.39215E-02 3.00956E-03 5.21515E-05 
2.96811E-02 1.94475E-03 5.96006E-05 
2.59666E-02 1.23940E-03 7.02077E-05 
2.27571E-02 7.81590E-04 8.56035E-05 
2.00479E-02 4.90607E-04 1.08646E-04 
1.77247E-02 3.07692E-04 1.43590E-04 
1.57178E-02 1.93975E-04 1.97907E-04 
1.39745E-02 1.24153E-04 2.84854E-04 
1.24495E-02 8.16535E-05 4.28421E-04 
1.11083E-02 5.58461E-05 6.72731E-04 
9.93114E-03 4.00715E-05 1.09854E-03 
8.92380E-03 3.02983E-05 1.84389E-03 
8.14748E-03 2.42731E-05 3.09524E-03 
7.74226E-03 2.09150E-05 4.92478E-03 
7.75974E-03 1.94956E-05 6.89701E-03 
7.82060E-03 1.86886E-05 8.11029E-03 
7.48501E-03 1.73560E-05 8.19560E-03 
6.88597E-02 3.92210E-02 2.90943E-05 
6.37627E-02 3.04243E-02 2.99773E-05 
5.84703E-02 2.30923E-02 3.09351E-05 
5.31612E-02 1.71467E-02 3.20226E-05 
4.78230E-02 1.24294E-02 3.32627E-05 
4.26062E-02 8.80220E-03 3.47653E-05 
3.76399E-02 6.09649E-03 3.66785E-05 
3.40280E-02 4.52245E-03 3.85588E-05 
3.30188E-02 4.13532E-03 3.91965E-05 
2.85296E-02 2.66662E-03 4.29461E-05 
2.46005E-02 1.68933E-03 4.82976E-05 
2.12233E-02 1.05478E-03 5.60355E-05 
1.83600E-02 6.51014E-04 6.73745E-05 
1.59879E-02 3.99069E-04 8.44587E-05 
1.39924E-02 2.43740E-04 1.10433E-04 
1.22995E-02 1.48955E-04 1.50815E-04 
1.08527E-02 9.18649E-05 2.15372E-04 
9.60455E-03 5.78648E-05 3.21717E-04 
8.51963E-03 3.77684E-05 5.02157E-04 
7.57555E-03 2.59012E-05 8.15434E-04 
6.77273E-03 1.88681E-05 1.36159E-03 
6.15339E-03 1.47450E-05 2.27410E-03 
5.81948E-03 1.25648E-05 3.60025E-03 
5.80474E-03 1.17417E-05 5.01686E-03 
5.82149E-03 1.14442E-05 5.86971E-03 
5.54338E-03 1.09371E-05 5.90121E-03 
6.31339E-02 3.85061E-02 2.64587E-05 
5.80267E-02 2.96249E-02 2.70248E-05 
5.27487E-02 2.22660E-02 2.76059E-05 
4.74802E-02 1.63463E-02 2.82510E-05 
4.22330E-02 1.16963E-02 2.89722E-05 
3.71504E-02 8.16153E-03 2.98525E-05 
3.23698E-02 5.56138E-03 3.10159E-05 
2.89363E-02 4.07008E-03 3.22038E-05 
2.79824E-02 3.70627E-03 3.26140E-05 
2.37830E-02 2.34160E-03 3.50971E-05 
2.01720E-02 1.45190E-03 3.87727E-05 
1.71304E-02 8.86580E-04 4.42304E-05 
1.46030E-02 5.34570E-04 5.23572E-05 
1.25513E-02 3.19316E-04 6.47385E-05 
1.08599E-02 1.89352E-04 8.36463E-05 
9.45288E-03 1.11611E-04 1.13080E-04 
8.27134E-03 6.57477E-05 1.60100E-04 
7.26740E-03 3.90777E-05 2.37388E-04 
6.40575E-03 2.37913E-05 3.68132E-04 
5.66305E-03 1.51405E-05 5.94240E-04 
5.03577E-03 1.03133E-05 9.86717E-04 
4.55168E-03 7.69946E-06 1.63907E-03 
4.28290E-03 6.45553E-06 2.58096E-03 
4.25003E-03 6.12752E-06 3.57700E-03 
4.23933E-03 6.25629E-06 4.16205E-03 
4.01408E-03 6.39499E-06 4.16089E-03 
5.78009E-02 3.76958E-02 2.40464E-05 
5.27118E-02 2.87569E-02 2.43400E-05 
4.74850E-02 2.13980E-02 2.46041E-05 
4.22875E-02 1.55231E-02 2.48773E-05 
3.71621E-02 1.09569E-02 2.51694E-05 
3.22433E-02 7.52674E-03 2.55423E-05 
2.76722E-02 5.04003E-03 2.61011E-05 
2.44310E-02 3.63509E-03 2.67363E-05 
2.35370E-02 3.29543E-03 2.69668E-05 
1.96402E-02 2.03628E-03 2.84514E-05 
1.63522E-02 1.23334E-03 3.08164E-05 
1.36406E-02 7.34949E-04 3.44974E-05 
1.14382E-02 4.31963E-04 4.01399E-05 
9.68655E-03 2.50605E-04 4.88774E-05 
8.27377E-03 1.43591E-04 6.23220E-05 
7.12293E-03 8.09513E-05 8.33095E-05 
6.17471E-03 4.48331E-05 1.16833E-04 
5.38228E-03 2.43934E-05 1.71833E-04 
4.71139E-03 1.31053E-05 2.64579E-04 
4.13933E-03 7.07135E-06 4.24330E-04 
3.65963E-03 4.00185E-06 7.00291E-04 
3.28950E-03 2.57429E-06 1.15634E-03 
3.07822E-03 2.06942E-06 1.80993E-03 
3.03702E-03 2.15110E-06 2.49311E-03 
3.01065E-03 2.63654E-06 2.88272E-03 
2.83207E-03 3.27881E-06 2.86335E-03 
5.28277E-02 3.67832E-02 2.18350E-05 
4.77875E-02 2.78180E-02 2.18969E-05 
4.26491E-02 2.04903E-02 2.18989E-05 
3.75565E-02 1.46825E-02 2.18660E-05 
3.25790E-02 1.02158E-02 2.18073E-05 
2.78521E-02 6.90239E-03 2.17751E-05 
2.35111E-02 4.53609E-03 2.18561E-05 
2.04745E-02 3.22048E-03 2.20607E-05 
1.96440E-02 2.90559E-03 2.21530E-05 
1.60601E-02 1.75255E-03 2.28716E-05 
1.30965E-02 1.03455E-03 2.42385E-05 
1.07068E-02 6.00036E-04 2.65721E-05 
8.81094E-03 3.42630E-04 3.03284E-05 
7.33723E-03 1.92128E-04 3.63060E-05 
6.17693E-03 1.05565E-04 4.56208E-05 
5.25280E-03 5.60884E-05 6.02350E-05 
4.50660E-03 2.82838E-05 8.35949E-05 
3.89385E-03 1.30493E-05 1.21851E-04 
3.38242E-03 5.03291E-06 1.86125E-04 
2.95169E-03 1.09941E-06 2.96375E-04 
2.59314E-03 -5.85294E-07 4.85749E-04 
2.31663E-03 -1.08845E-06 7.96599E-04 
2.15434E-03 -1.01283E-06 1.23816E-03 
2.11105E-03 -5.91632E-07 1.69317E-03 
2.07684E-03 1.93639E-07 1.94295E-03 
1.93780E-03 1.22871E-06 1.91473E-03 
4.81562E-02 3.57483E-02 1.97929E-05 
4.32061E-02 2.68012E-02 1.96637E-05 
3.81887E-02 1.95377E-02 1.94503E-05 
3.32365E-02 1.38231E-02 1.91697E-05 
2.84367E-02 9.47430E-03 1.88315E-05 
2.39282E-02 6.29032E-03 1.84831E-05 
1.98372E-02 4.05146E-03 1.81965E-05 
1.70159E-02 2.82769E-03 1.80750E-05 
1.62511E-02 2.53791E-03 1.80631E-05 
1.29875E-02 1.49083E-03 1.82111E-05 
1.03475E-02 8.55449E-04 1.88420E-05 
8.26879E-03 4.81308E-04 2.01823E-05 
6.66223E-03 2.65888E-04 2.25515E-05 
5.44412E-03 1.43073E-04 2.64960E-05 
4.50821E-03 7.43855E-05 3.27572E-05 
3.78061E-03 3.61632E-05 4.26591E-05 
3.20585E-03 1.53232E-05 5.85168E-05 
2.74273E-03 4.36627E-06 8.44405E-05 
2.36197E-03 -1.01010E-06 1.27807E-04 
2.04561E-03 -3.27780E-06 2.01827E-04 
1.78422E-03 -3.87970E-06 3.28071E-04 
1.58267E-03 -3.66550E-06 5.33519E-04 
1.46071E-03 -3.13307E-06 8.22004E-04 
1.41879E-03 -2.42770E-06 1.11360E-03 
1.38149E-03 -1.38685E-06 1.26517E-03 
1.27458E-03 -4.29904E-08 1.23363E-03 
4.37667E-02 3.45717E-02 1.79071E-05 
3.89515E-02 2.56999E-02 1.76262E-05 
3.40892E-02 1.85397E-02 1.72410E-05 
2.93141E-02 1.29496E-02 1.67681E-05 
2.47210E-02 8.73847E-03 1.62155E-05 
2.04550E-02 5.69662E-03 1.56307E-05 
1.66321E-02 3.59167E-03 1.50753E-05 
1.40334E-02 2.46115E-03 1.47186E-05 
1.33355E-02 2.19648E-03 1.46323E-05 
1.03953E-02 1.25386E-03 1.43786E-05 
8.07073E-03 6.97290E-04 1.44924E-05 
6.28780E-03 3.79150E-04 1.51360E-05 
4.94736E-03 2.01480E-04 1.65251E-05 
3.95810E-03 1.02868E-04 1.90246E-05 
3.21837E-03 4.94316E-05 2.31132E-05 
2.65734E-03 2.05698E-05 2.96530E-05 
2.22400E-03 5.39385E-06 4.01537E-05 
1.88154E-03 -2.14876E-06 5.72801E-05 
1.60437E-03 -5.44944E-06 8.57712E-05 
1.37717E-03 -6.42519E-06 1.34063E-04 
1.19088E-03 -6.19465E-06 2.15639E-04 
1.04709E-03 -5.42980E-06 3.46811E-04 
9.56750E-04 -4.53919E-06 5.27939E-04 
9.17546E-04 -3.59491E-06 7.05765E-04 
8.79473E-04 -2.33521E-06 7.90094E-04 
7.97400E-04 -7.47861E-07 7.58264E-04 
3.95835E-02 3.32107E-02 1.61416E-05 
3.49509E-02 2.44860E-02 1.57446E-05 
3.02854E-02 1.74808E-02 1.52286E-05 
2.57284E-02 1.20541E-02 1.46138E-05 
2.13750E-02 8.00537E-03 1.39054E-05 
1.73752E-02 5.12008E-03 1.31525E-05 
1.38383E-02 3.15629E-03 1.24125E-05 
1.14696E-02 2.12069E-03 1.18972E-05 
1.08398E-02 1.88115E-03 1.17615E-05 
8.22202E-03 1.04093E-03 1.12420E-05 
6.20395E-03 5.59191E-04 1.10152E-05 
4.69967E-03 2.92489E-04 1.11962E-05 
3.60232E-03 1.48359E-04 1.19253E-05 
2.81540E-03 7.05536E-05 1.34365E-05 
2.24339E-03 2.98333E-05 1.60235E-05 
1.82050E-03 8.57298E-06 2.02273E-05 
1.50117E-03 -2.10016E-06 2.69969E-05 
1.25363E-03 -6.97478E-06 3.79937E-05 
1.05648E-03 -8.67259E-06 5.61421E-05 
8.96714E-04 -8.66000E-06 8.65472E-05 
7.66718E-04 -7.79400E-06 1.37167E-04 
6.65966E-04 -6.60696E-06 2.17021E-04 
5.99361E-04 -5.43346E-06 3.24263E-04 
5.62815E-04 -4.28573E-06 4.24246E-04 
5.24750E-04 -2.83633E-06 4.63277E-04 
4.60895E-04 -1.05588E-06 4.32370E-04 
3.55417E-02 3.16092E-02 1.44665E-05 
3.11408E-02 2.31208E-02 1.39858E-05 
2.67234E-02 1.63401E-02 1.33796E-05 
2.24280E-02 1.11250E-02 1.26686E-05 
1.83525E-02 7.27081E-03 1.18588E-05 
1.46460E-02 4.56001E-03 1.09998E-05 
1.14135E-02 2.74590E-03 1.01486E-05 
9.28077E-03 1.80686E-03 9.53921E-06 
8.71957E-03 1.59235E-03 9.37437E-06 
6.42144E-03 8.52101E-04 8.70113E-06 
4.69760E-03 4.40689E-04 8.27450E-06 
3.45175E-03 2.20533E-04 8.17441E-06 
2.57221E-03 1.05619E-04 8.48830E-06 
1.96051E-03 4.52818E-05 9.35796E-06 
1.52864E-03 1.48848E-05 1.09512E-05 
1.21720E-03 -3.85197E-07 1.35910E-05 
9.86853E-04 -7.59370E-06 1.78449E-05 
8.11314E-04 -1.04480E-05 2.46972E-05 
6.73482E-04 -1.09433E-05 3.58463E-05 
5.62915E-04 -1.01914E-05 5.41607E-05 
4.73441E-04 -8.84962E-06 8.38816E-05 
4.03387E-04 -7.34374E-06 1.29153E-04 
3.53606E-04 -5.94885E-06 1.86731E-04 
3.18874E-04 -4.62933E-06 2.34599E-04 
2.80671E-04 -3.01813E-06 2.43662E-04 
2.29391E-04 -1.08845E-06 2.13942E-04 
3.15547E-02 2.96817E-02 1.28444E-05 
2.74423E-02 2.15452E-02 1.23109E-05 
2.33344E-02 1.50825E-02 1.16547E-05 
1.93517E-02 1.01421E-02 1.08912E-05 
1.55992E-02 6.52490E-03 1.00311E-05 
1.22187E-02 4.01243E-03 9.12309E-06 
9.31115E-03 2.35907E-03 8.22470E-06 
7.42149E-03 1.51904E-03 7.57641E-06 
6.92962E-03 1.32961E-03 7.39968E-06 
4.94604E-03 6.86696E-04 6.66198E-06 
3.50153E-03 3.40843E-04 6.14390E-06 
2.49190E-03 1.62220E-04 5.89925E-06 
1.80362E-03 7.22495E-05 5.97722E-06 
1.33995E-03 2.62120E-05 6.45692E-06 
1.02180E-03 3.94134E-06 7.42264E-06 
7.97324E-04 -6.76889E-06 9.05284E-06 
6.33969E-04 -1.14081E-05 1.16645E-05 
5.10984E-04 -1.27903E-05 1.57958E-05 
4.15347E-04 -1.24186E-05 2.23372E-05 
3.39138E-04 -1.11367E-05 3.26888E-05 
2.77530E-04 -9.45548E-06 4.86445E-05 
2.28391E-04 -7.72149E-06 7.11695E-05 
1.89812E-04 -6.16283E-06 9.61159E-05 
1.55875E-04 -4.70681E-06 1.09843E-04 
1.17071E-04 -2.96852E-06 9.94384E-05 
7.40385E-05 -9.36564E-07 7.08645E-05 
2.75276E-02 2.73185E-02 1.12339E-05 
2.37709E-02 1.96854E-02 1.06790E-05 
2.00365E-02 1.36565E-02 1.00089E-05 
1.64281E-02 9.07482E-03 9.23585E-06 
1.30526E-02 5.75090E-03 8.37458E-06 
1.00385E-02 3.46912E-03 7.47118E-06 
7.48079E-03 1.99186E-03 6.58268E-06 
5.84360E-03 1.25497E-03 5.94286E-06 
5.42200E-03 1.09090E-03 5.76840E-06 
3.74836E-03 5.43299E-04 5.03760E-06 
2.56665E-03 2.58286E-04 4.50840E-06 
1.76953E-03 1.16266E-04 4.21581E-06 
1.24556E-03 4.71802E-05 4.18158E-06 
9.03525E-04 1.25636E-05 4.44297E-06 
6.74722E-04 -3.51181E-06 5.03097E-06 
5.15650E-04 -1.08803E-05 6.03124E-06 
4.00765E-04 -1.36972E-05 7.60042E-06 
3.14576E-04 -1.40667E-05 9.99106E-06 
2.47729E-04 -1.31174E-05 1.35768E-05 
1.94534E-04 -1.14966E-05 1.88206E-05 
1.51319E-04 -9.60990E-06 2.59541E-05 
1.15862E-04 -7.74507E-06 3.39472E-05 
8.44297E-05 -6.09198E-06 3.81235E-05 
5.07329E-05 -4.55175E-06 3.02883E-05 
1.13332E-05 -2.74196E-06 7.88087E-06 
-2.62696E-05 -6.73628E-07 -1.94451E-05 
2.33940E-02 2.44276E-02 9.60360E-06 
2.00580E-02 1.74725E-02 9.05483E-06 
1.67574E-02 1.20099E-02 8.40204E-06 
1.35884E-02 7.88893E-03 7.65905E-06 
1.06477E-02 4.92747E-03 6.84172E-06 
8.04699E-03 2.91828E-03 5.99248E-06 
5.86972E-03 1.63807E-03 5.16551E-06 
4.49722E-03 1.01076E-03 4.57483E-06 
4.14739E-03 8.72766E-04 4.41434E-06 
2.78055E-03 4.19642E-04 3.74609E-06 
1.84489E-03 1.91207E-04 3.26242E-06 
1.23589E-03 8.12042E-05 2.98387E-06 
8.49716E-04 2.93520E-05 2.91378E-06 
6.04683E-04 3.72847E-06 3.06258E-06 
4.43804E-04 -7.73872E-06 3.42972E-06 
3.32417E-04 -1.27468E-05 4.04467E-06 
2.51618E-04 -1.43528E-05 4.96615E-06 
1.90570E-04 -1.41054E-05 6.27327E-06 
1.42992E-04 -1.28544E-05 8.02903E-06 
1.04993E-04 -1.11027E-05 1.01411E-05 
7.38528E-05 -9.17642E-06 1.19375E-05 
4.73551E-05 -7.31544E-06 1.12768E-05 
2.08786E-05 -5.67518E-06 3.38612E-06 
-1.18800E-05 -4.14382E-06 -1.64557E-05 
-5.05133E-05 -2.36499E-06 -4.47106E-05 
-8.36952E-05 -3.72045E-07 -7.00498E-05 
1.91962E-02 2.10331E-02 7.96037E-06 
1.63176E-02 1.49095E-02 7.43525E-06 
1.34939E-02 1.01388E-02 6.82333E-06 
1.08131E-02 6.57726E-03 6.14130E-06 
8.35273E-03 4.04687E-03 5.40374E-06 
6.20688E-03 2.35442E-03 4.65059E-06 
4.43661E-03 1.29344E-03 3.92722E-06 
3.33975E-03 7.83058E-04 3.41814E-06 
3.06306E-03 6.72080E-04 3.28075E-06 
1.99839E-03 3.13185E-04 2.71468E-06 
1.29101E-03 1.37530E-04 2.31133E-06 
8.45511E-04 5.54607E-05 2.07921E-06 
5.71826E-04 1.77728E-05 2.01048E-06 
4.01977E-04 -6.95201E-07 2.10091E-06 
2.91555E-04 -8.72426E-06 2.33495E-06 
2.14704E-04 -1.20861E-05 2.71364E-06 
1.58254E-04 -1.29592E-05 3.24471E-06 
1.15061E-04 -1.24586E-05 3.92030E-06 
8.11347E-05 -1.12102E-05 4.65609E-06 
5.39124E-05 -9.59583E-06 5.11873E-06 
3.14376E-05 -7.86958E-06 4.30528E-06 
1.16536E-05 -6.22157E-06 -2.02133E-07 
-9.93665E-06 -4.77146E-06 -1.26740E-05 
-3.89781E-05 -3.41301E-06 -3.57108E-05 
-7.32504E-05 -1.84725E-06 -6.33748E-05 
-1.00866E-04 -1.19921E-07 -8.48854E-05 
1.51580E-02 1.73873E-02 6.37945E-06 
1.27388E-02 1.21786E-02 5.88898E-06 
1.03985E-02 8.16961E-03 5.33299E-06 
8.21429E-03 5.22048E-03 4.73027E-06 
6.24422E-03 3.15805E-03 4.09495E-06 
4.55840E-03 1.80305E-03 3.46167E-06 
3.19512E-03 9.70071E-04 2.86679E-06 
2.36725E-03 5.77293E-04 2.45651E-06 
2.16082E-03 4.92905E-04 2.34691E-06 
1.37862E-03 2.23963E-04 1.90124E-06 
8.72917E-04 9.58078E-05 1.58960E-06 
5.62978E-04 3.74595E-05 1.41109E-06 
3.77026E-04 1.12460E-05 1.35297E-06 
2.63324E-04 -1.43799E-06 1.40550E-06 
1.89812E-04 -6.82764E-06 1.55143E-06 
1.38459E-04 -9.01284E-06 1.78401E-06 
1.00521E-04 -9.49761E-06 2.09771E-06 
7.13457E-05 -9.04726E-06 2.46686E-06 
4.83890E-05 -8.09178E-06 2.79495E-06 
2.99652E-05 -6.89433E-06 2.77551E-06 
1.47209E-05 -5.62982E-06 1.57427E-06 
1.10614E-06 -4.42932E-06 -2.70223E-06 
-1.43060E-05 -3.37332E-06 -1.31764E-05 
-3.56471E-05 -2.38158E-06 -3.13274E-05 
-6.07862E-05 -1.24314E-06 -5.21161E-05 
-8.05136E-05 1.78593E-09 -6.74961E-05 
---
