PdfType: replica
Format: lhagrid1
---
1.00000E-06 1.28121E-06 1.64152E-06 2.10317E-06 2.69463E-06 3.45242E-06 4.42329E-06 5.66715E-06 7.26076E-06 9.30241E-06 1.19180E-05 1.52689E-05 1.95617E-05 2.50609E-05 3.21053E-05 4.11287E-05 5.26863E-05 6.74889E-05 8.64459E-05 1.10720E-04 1.41800E-04 1.81585E-04 2.32503E-04 2.97652E-04 3.80981E-04 4.87518E-04 6.26039E-04 8.00452E-04 1.02297E-03 1.30657E-03 1.66759E-03 2.12729E-03 2.71054E-03 3.44865E-03 4.37927E-03 5.54908E-03 7.01192E-03 8.83064E-03 1.10763E-02 1.38266E-02 1.71641E-02 2.11717E-02 2.59364E-02 3.15062E-02 3.79623E-02 4.53425E-02 5.36750E-02 6.29705E-02 7.32221E-02 8.44039E-02 9.64793E-02 1.09332E-01 1.23067E-01 1.37507E-01 1.52639E-01 1.68416E-01 1.84794E-01 2.01731E-01 2.19016E-01 2.36948E-01 2.55242E-01 2.73927E-01 2.92954E-01 3.12340E-01 3.32036E-01 3.52019E-01 3.72282E-01 3.92772E-01 4.13533E-01 4.34326E-01 4.55495E-01 4.76836E-01 4.98342E-01 5.20006E-01 5.41818E-01 5.63773E-01 5.85861E-01 6.08077E-01 6.30459E-01 6.52800E-01 6.75387E-01 6.98063E-01 7.20830E-01 7.43683E-01 7.66623E-01 7.89636E-01 8.12791E-01 8.35940E-01 8.59175E-01 8.82485E-01 9.05866E-01 9.29311E-01 9.52817E-01 9.76387E-01 1.00000E+00 
1.14018E+00 1.22539E+00 1.32482E+00 1.44156E+00 1.57954E+00 1.74381E+00 1.94091E+00 2.12132E+00 2.17945E+00 2.49622E+00 2.89383E+00 3.39925E+00 4.05063E+00 4.90286E+00 6.03623E+00 7.57063E+00 9.68869E+00 1.26749E+01 1.69835E+01 2.33578E+01 3.30501E+01 4.82334E+01 7.28041E+01 1.13998E+02 1.85779E+02 3.16228E+02 
908 909 910 
8.20170E-01 4.75690E-02 3.03126E-01 
8.35406E-01 5.64890E-02 3.56732E-01 
8.69320E-01 7.27896E-02 4.24588E-01 
9.30916E-01 9.74767E-02 5.11225E-01 
1.01437E+00 1.27454E-01 6.23827E-01 
1.12355E+00 1.63499E-01 7.74123E-01 
1.26288E+00 2.06429E-01 9.76265E-01 
1.39383E+00 2.44802E-01 1.18113E+00 
1.43662E+00 2.56999E-01 1.25251E+00 
1.66901E+00 3.21062E-01 1.67337E+00 
1.95549E+00 3.96028E-01 2.29066E+00 
2.30483E+00 4.82650E-01 3.21886E+00 
2.72633E+00 5.82373E-01 4.64713E+00 
3.22981E+00 7.52546E-01 6.92734E+00 
3.83176E+00 8.92535E-01 1.06848E+01 
4.56057E+00 1.04886E+00 1.70618E+01 
5.43786E+00 1.22251E+00 2.83149E+01 
6.48778E+00 1.41389E+00 4.89221E+01 
7.74128E+00 1.62401E+00 8.79989E+01 
9.24404E+00 1.85555E+00 1.64545E+02 
1.10865E+01 2.11818E+00 3.16521E+02 
1.35156E+01 2.44678E+00 6.08796E+02 
1.71960E+01 2.93826E+00 1.11055E+03 
2.31598E+01 3.72120E+00 1.78697E+03 
3.13165E+01 4.71337E+00 2.41783E+03 
3.99850E+01 5.61677E+00 2.81691E+03 
1.52727E+00 8.80203E-02 5.12944E-01 
1.55662E+00 1.05004E-01 6.03365E-01 
1.62146E+00 1.36012E-01 7.17858E-01 
1.73870E+00 1.82977E-01 8.64862E-01 
1.89683E+00 2.39823E-01 1.05653E+00 
2.10270E+00 3.07937E-01 1.31020E+00 
2.36424E+00 3.88823E-01 1.65177E+00 
2.60991E+00 4.61046E-01 1.99914E+00 
2.68973E+00 4.83891E-01 2.11882E+00 
3.12384E+00 6.03992E-01 2.83142E+00 
3.65750E+00 7.44007E-01 3.87516E+00 
4.30663E+00 9.05507E-01 5.44514E+00 
5.08867E+00 1.09000E+00 7.86707E+00 
6.02239E+00 1.40604E+00 1.17205E+01 
7.13601E+00 1.66335E+00 1.80572E+01 
8.48214E+00 1.95029E+00 2.88384E+01 
1.00982E+01 2.26780E+00 4.78522E+01 
1.20285E+01 2.61675E+00 8.26951E+01 
1.43279E+01 2.99851E+00 1.48838E+02 
1.70774E+01 3.41763E+00 2.78334E+02 
2.04407E+01 3.89165E+00 5.35024E+02 
2.48710E+01 4.48441E+00 1.02927E+03 
3.15850E+01 5.37249E+00 1.87838E+03 
4.24547E+01 6.78747E+00 3.02177E+03 
5.72952E+01 8.57673E+00 4.08852E+03 
7.30121E+01 1.01959E+01 4.76270E+03 
1.44916E+00 8.28356E-02 4.33269E-01 
1.47835E+00 9.94667E-02 5.09517E-01 
1.54225E+00 1.29785E-01 6.06321E-01 
1.65633E+00 1.75443E-01 7.30343E-01 
1.80945E+00 2.30562E-01 8.92249E-01 
2.00780E+00 2.96404E-01 1.10633E+00 
2.25858E+00 3.74305E-01 1.39446E+00 
2.49351E+00 4.43674E-01 1.68786E+00 
2.56957E+00 4.65544E-01 1.78832E+00 
2.98291E+00 5.80377E-01 2.38976E+00 
3.48926E+00 7.13684E-01 3.26995E+00 
4.10326E+00 8.66839E-01 4.59417E+00 
4.84113E+00 1.04095E+00 6.63990E+00 
5.72274E+00 1.33911E+00 9.89063E+00 
6.77121E+00 1.57958E+00 1.52303E+01 
8.03477E+00 1.84664E+00 2.43191E+01 
9.54709E+00 2.14091E+00 4.03530E+01 
1.13481E+01 2.46293E+00 6.97193E+01 
1.34874E+01 2.81374E+00 1.25492E+02 
1.60384E+01 3.19731E+00 2.34655E+02 
1.91517E+01 3.62970E+00 4.50970E+02 
2.32459E+01 4.16977E+00 8.67362E+02 
2.94506E+01 4.98054E+00 1.58301E+03 
3.94896E+01 6.27335E+00 2.54628E+03 
5.31635E+01 7.90331E+00 3.44483E+03 
6.75820E+01 9.36719E+00 4.01235E+03 
1.36877E+00 7.75502E-02 3.64173E-01 
1.39779E+00 9.38172E-02 4.28174E-01 
1.46042E+00 1.23316E-01 5.09452E-01 
1.57110E+00 1.67543E-01 6.13575E-01 
1.71858E+00 2.20749E-01 7.49284E-01 
1.90886E+00 2.84131E-01 9.29215E-01 
2.14822E+00 3.58821E-01 1.17093E+00 
2.37178E+00 4.25124E-01 1.41732E+00 
2.44406E+00 4.45999E-01 1.50178E+00 
2.83558E+00 5.55231E-01 2.00604E+00 
3.31370E+00 6.81523E-01 2.74488E+00 
3.89143E+00 8.25957E-01 3.85495E+00 
4.58356E+00 9.89375E-01 5.56963E+00 
5.41191E+00 1.26925E+00 8.29775E+00 
6.39440E+00 1.49276E+00 1.27796E+01 
7.57400E+00 1.73980E+00 2.03975E+01 
8.98172E+00 2.01088E+00 3.38453E+01 
1.06528E+01 2.30621E+00 5.84576E+01 
1.26321E+01 2.62654E+00 1.05207E+02 
1.49860E+01 2.97535E+00 1.96689E+02 
1.78523E+01 3.36730E+00 3.78037E+02 
2.16154E+01 3.85631E+00 7.26879E+02 
2.73168E+01 4.59182E+00 1.32636E+03 
3.65377E+01 5.76595E+00 2.13329E+03 
4.90676E+01 7.24185E+00 2.88583E+03 
6.22209E+01 8.55709E+00 3.36098E+03 
1.29281E+00 7.25536E-02 3.05848E-01 
1.32180E+00 8.85218E-02 3.59578E-01 
1.38310E+00 1.17203E-01 4.27614E-01 
1.49052E+00 1.60081E-01 5.15077E-01 
1.63271E+00 2.11481E-01 6.28968E-01 
1.81504E+00 2.72454E-01 7.79603E-01 
2.04350E+00 3.44068E-01 9.82260E-01 
2.25620E+00 4.07429E-01 1.18903E+00 
2.32477E+00 4.27326E-01 1.25968E+00 
2.69565E+00 5.31215E-01 1.68272E+00 
3.14677E+00 6.50751E-01 2.30169E+00 
3.69024E+00 7.86881E-01 3.23253E+00 
4.33925E+00 9.40214E-01 4.66930E+00 
5.11663E+00 1.20275E+00 6.95264E+00 
6.03648E+00 1.41007E+00 1.07091E+01 
7.13715E+00 1.63834E+00 1.70920E+01 
8.44620E+00 1.88770E+00 2.83498E+01 
9.99576E+00 2.15817E+00 4.89744E+01 
1.18255E+01 2.45021E+00 8.81165E+01 
1.39956E+01 2.76686E+00 1.64732E+02 
1.66314E+01 3.12144E+00 3.16522E+02 
2.00882E+01 3.56360E+00 6.08721E+02 
2.53232E+01 4.22996E+00 1.11059E+03 
3.37853E+01 5.29486E+00 1.78600E+03 
4.52570E+01 6.62948E+00 2.41585E+03 
5.72457E+01 7.80939E+00 2.81351E+03 
1.22107E+00 6.78276E-02 2.56496E-01 
1.25007E+00 8.35351E-02 3.01580E-01 
1.31013E+00 1.11447E-01 3.58568E-01 
1.41429E+00 1.53010E-01 4.31742E-01 
1.55142E+00 2.02687E-01 5.27268E-01 
1.72625E+00 2.61385E-01 6.53553E-01 
1.94421E+00 3.30021E-01 8.23165E-01 
2.14638E+00 3.90531E-01 9.96228E-01 
2.21148E+00 4.09502E-01 1.05545E+00 
2.56255E+00 5.08240E-01 1.40966E+00 
2.98811E+00 6.21340E-01 1.92817E+00 
3.49894E+00 7.49509E-01 2.70718E+00 
4.10725E+00 8.93268E-01 3.91104E+00 
4.83647E+00 1.13909E+00 5.82280E+00 
5.69680E+00 1.33135E+00 8.96429E+00 
6.72317E+00 1.54206E+00 1.43109E+01 
7.93961E+00 1.77112E+00 2.37326E+01 
9.37509E+00 2.01841E+00 4.09923E+01 
1.10651E+01 2.28421E+00 7.37505E+01 
1.30640E+01 2.57114E+00 1.37876E+02 
1.54859E+01 2.89134E+00 2.64881E+02 
1.86574E+01 3.29029E+00 5.09320E+02 
2.34604E+01 3.89315E+00 9.29279E+02 
3.12205E+01 4.85784E+00 1.49441E+03 
4.17148E+01 6.06312E+00 2.02138E+03 
5.26312E+01 7.11981E+00 2.35404E+03 
1.15333E+00 6.33629E-02 2.14856E-01 
1.18218E+00 7.87679E-02 2.52573E-01 
1.24129E+00 1.06034E-01 3.00355E-01 
1.34234E+00 1.46350E-01 3.61544E-01 
1.47447E+00 1.94345E-01 4.41409E-01 
1.64204E+00 2.50838E-01 5.47058E-01 
1.85003E+00 3.16641E-01 6.89133E-01 
2.04212E+00 3.74411E-01 8.33808E-01 
2.10387E+00 3.92486E-01 8.83425E-01 
2.43609E+00 4.86291E-01 1.17981E+00 
2.83728E+00 5.93220E-01 1.61371E+00 
3.31716E+00 7.13764E-01 2.26527E+00 
3.88674E+00 8.48298E-01 3.27164E+00 
4.57052E+00 1.07853E+00 4.87213E+00 
5.37469E+00 1.25653E+00 7.49920E+00 
6.33072E+00 1.45070E+00 1.19696E+01 
7.46035E+00 1.66079E+00 1.98548E+01 
8.78889E+00 1.88652E+00 3.42818E+01 
1.03486E+01 2.12799E+00 6.16937E+01 
1.21877E+01 2.38746E+00 1.15299E+02 
1.44113E+01 2.67607E+00 2.21556E+02 
1.73186E+01 3.03542E+00 4.25992E+02 
2.17207E+01 3.57990E+00 7.77194E+02 
2.88311E+01 4.45260E+00 1.24985E+03 
3.84226E+01 5.53950E+00 1.69056E+03 
4.83531E+01 6.48428E+00 1.96884E+03 
1.08939E+00 5.91464E-02 1.79814E-01 
1.11811E+00 7.42763E-02 2.11311E-01 
1.17623E+00 1.00911E-01 2.51249E-01 
1.27439E+00 1.40064E-01 3.02485E-01 
1.40172E+00 1.86456E-01 3.69222E-01 
1.56232E+00 2.40836E-01 4.57556E-01 
1.76061E+00 3.03883E-01 5.76272E-01 
1.94316E+00 3.59030E-01 6.97357E-01 
2.00164E+00 3.76229E-01 7.38661E-01 
2.31576E+00 4.65272E-01 9.86315E-01 
2.69375E+00 5.66281E-01 1.34904E+00 
3.14435E+00 6.79597E-01 1.89391E+00 
3.67742E+00 8.05314E-01 2.73503E+00 
4.31796E+00 1.02080E+00 4.07307E+00 
5.06916E+00 1.18540E+00 6.27029E+00 
5.95897E+00 1.36404E+00 1.00061E+01 
7.00694E+00 1.55642E+00 1.65977E+01 
8.23555E+00 1.76209E+00 2.86606E+01 
9.67347E+00 1.98103E+00 5.15756E+01 
1.13643E+01 2.21521E+00 9.63979E+01 
1.34032E+01 2.47474E+00 1.85213E+02 
1.60658E+01 2.79779E+00 3.56148E+02 
2.00972E+01 3.28879E+00 6.49793E+02 
2.66060E+01 4.07709E+00 1.04498E+03 
3.53651E+01 5.05587E+00 1.41355E+03 
4.43899E+01 5.89911E+00 1.64636E+03 
1.02905E+00 5.51657E-02 1.50298E-01 
1.05780E+00 7.00957E-02 1.76645E-01 
1.11482E+00 9.60779E-02 2.09943E-01 
1.21021E+00 1.34125E-01 2.52806E-01 
1.33287E+00 1.78980E-01 3.08549E-01 
1.48678E+00 2.31332E-01 3.82434E-01 
1.67584E+00 2.91738E-01 4.81658E-01 
1.84912E+00 3.44342E-01 5.82714E-01 
1.90465E+00 3.60736E-01 6.17476E-01 
2.20156E+00 4.45223E-01 8.24391E-01 
2.55749E+00 5.40563E-01 1.12758E+00 
2.98024E+00 6.46958E-01 1.58277E+00 
3.47867E+00 7.64331E-01 2.28540E+00 
4.07823E+00 9.65728E-01 3.40349E+00 
4.77935E+00 1.11774E+00 5.23963E+00 
5.60690E+00 1.28187E+00 8.36244E+00 
6.57818E+00 1.45771E+00 1.38697E+01 
7.71331E+00 1.64475E+00 2.39546E+01 
9.03758E+00 1.84285E+00 4.30999E+01 
1.05904E+01 2.05374E+00 8.05750E+01 
1.24584E+01 2.28661E+00 1.54824E+02 
1.48941E+01 2.57638E+00 2.97689E+02 
1.85827E+01 3.01842E+00 5.43193E+02 
2.45357E+01 3.72945E+00 8.73630E+02 
3.25270E+01 4.60952E+00 1.18186E+03 
4.07199E+01 5.36068E+00 1.37663E+03 
9.72146E-01 5.14142E-02 1.25544E-01 
1.00084E+00 6.61302E-02 1.47565E-01 
1.05709E+00 9.15850E-02 1.75406E-01 
1.14957E+00 1.28534E-01 2.11165E-01 
1.26785E+00 1.71928E-01 2.57797E-01 
1.41517E+00 2.22294E-01 3.19379E-01 
1.59539E+00 2.80165E-01 4.02367E-01 
1.75983E+00 3.30329E-01 4.86749E-01 
1.81239E+00 3.45914E-01 5.15738E-01 
2.09292E+00 4.26029E-01 6.88674E-01 
2.42786E+00 5.15949E-01 9.41957E-01 
2.82428E+00 6.15773E-01 1.32233E+00 
3.29015E+00 7.25406E-01 1.90978E+00 
3.85074E+00 9.13395E-01 2.84317E+00 
4.50455E+00 1.05345E+00 4.37770E+00 
5.27347E+00 1.20396E+00 6.98683E+00 
6.17287E+00 1.36439E+00 1.15894E+01 
7.22054E+00 1.53415E+00 2.00158E+01 
8.43904E+00 1.71299E+00 3.60214E+01 
9.86340E+00 1.90242E+00 6.73332E+01 
1.15729E+01 2.11087E+00 1.29401E+02 
1.37991E+01 2.37028E+00 2.48861E+02 
1.71703E+01 2.76747E+00 4.54100E+02 
2.26101E+01 3.40783E+00 7.30403E+02 
2.98935E+01 4.19782E+00 9.88191E+02 
3.73235E+01 4.86567E+00 1.15119E+03 
9.18499E-01 4.78776E-02 1.04839E-01 
9.47057E-01 6.23748E-02 1.23199E-01 
1.00268E+00 8.73766E-02 1.46507E-01 
1.09236E+00 1.23271E-01 1.76316E-01 
1.20631E+00 1.65245E-01 2.15258E-01 
1.34744E+00 2.13737E-01 2.66777E-01 
1.51899E+00 2.69128E-01 3.35951E-01 
1.67505E+00 3.16953E-01 4.06529E-01 
1.72477E+00 3.31768E-01 4.30664E-01 
1.98956E+00 4.07654E-01 5.75014E-01 
2.30452E+00 4.92377E-01 7.86507E-01 
2.67597E+00 5.85895E-01 1.10436E+00 
3.11102E+00 6.88033E-01 1.59521E+00 
3.63496E+00 8.63368E-01 2.37550E+00 
4.24398E+00 9.92299E-01 3.65685E+00 
4.95781E+00 1.13012E+00 5.83807E+00 
5.78977E+00 1.27620E+00 9.68269E+00 
6.75575E+00 1.42992E+00 1.67270E+01 
7.87553E+00 1.59099E+00 3.00997E+01 
9.18091E+00 1.76074E+00 5.62796E+01 
1.07434E+01 1.94683E+00 1.08158E+02 
1.27758E+01 2.17845E+00 2.08031E+02 
1.58539E+01 2.53468E+00 3.79654E+02 
2.08202E+01 3.11049E+00 6.10749E+02 
2.74522E+01 3.81849E+00 8.26430E+02 
3.41827E+01 4.41103E+00 9.62887E+02 
8.68008E-01 4.45594E-02 8.75500E-02 
8.96417E-01 5.88607E-02 1.02846E-01 
9.51266E-01 8.33788E-02 1.22317E-01 
1.03844E+00 1.18335E-01 1.47249E-01 
1.14816E+00 1.58940E-01 1.79728E-01 
1.28319E+00 2.05598E-01 2.22725E-01 
1.44663E+00 2.58641E-01 2.80621E-01 
1.59450E+00 3.04186E-01 3.39474E-01 
1.64159E+00 3.18267E-01 3.59731E-01 
1.89147E+00 3.90135E-01 4.80375E-01 
2.18738E+00 4.69856E-01 6.56974E-01 
2.53512E+00 5.57327E-01 9.22557E-01 
2.94092E+00 6.52297E-01 1.33226E+00 
3.43015E+00 8.15783E-01 1.98450E+00 
3.99707E+00 9.34253E-01 3.05571E+00 
4.65897E+00 1.06016E+00 4.87769E+00 
5.42786E+00 1.19289E+00 8.09250E+00 
6.31749E+00 1.33176E+00 1.39796E+01 
7.34562E+00 1.47647E+00 2.51603E+01 
8.54032E+00 1.62814E+00 4.70471E+01 
9.96699E+00 1.79380E+00 9.04321E+01 
1.18202E+01 2.00011E+00 1.73956E+02 
1.46278E+01 2.31897E+00 3.17499E+02 
1.91569E+01 2.83579E+00 5.10827E+02 
2.51896E+01 3.46922E+00 6.91334E+02 
3.12794E+01 3.99379E+00 8.05617E+02 
8.20453E-01 4.14408E-02 7.31002E-02 
8.48909E-01 5.56332E-02 8.59080E-02 
9.03178E-01 7.97549E-02 1.02163E-01 
9.87582E-01 1.13709E-01 1.22947E-01 
1.09325E+00 1.53008E-01 1.50119E-01 
1.22244E+00 1.97903E-01 1.86032E-01 
1.37791E+00 2.48645E-01 2.34363E-01 
1.51806E+00 2.92015E-01 2.83575E-01 
1.56254E+00 3.05378E-01 3.00446E-01 
1.79813E+00 3.73351E-01 4.01247E-01 
2.07600E+00 4.48315E-01 5.48861E-01 
2.40129E+00 5.30088E-01 7.70738E-01 
2.77964E+00 6.18332E-01 1.11328E+00 
3.23584E+00 7.70504E-01 1.65795E+00 
3.76301E+00 8.79115E-01 2.55363E+00 
4.37616E+00 9.93898E-01 4.07591E+00 
5.08597E+00 1.11421E+00 6.76436E+00 
5.90443E+00 1.23936E+00 1.16854E+01 
6.84714E+00 1.36898E+00 2.10358E+01 
7.93937E+00 1.50411E+00 3.93404E+01 
9.24030E+00 1.65113E+00 7.56245E+01 
1.09282E+01 1.83438E+00 1.45497E+02 
1.34867E+01 2.11923E+00 2.65610E+02 
1.76125E+01 2.58227E+00 4.27401E+02 
2.30942E+01 3.14791E+00 5.78521E+02 
2.85978E+01 3.61126E+00 6.74283E+02 
7.75698E-01 3.85174E-02 6.10093E-02 
8.04129E-01 5.25863E-02 7.17294E-02 
8.57719E-01 7.63150E-02 8.52866E-02 
9.39648E-01 1.09384E-01 1.02674E-01 
1.04134E+00 1.47415E-01 1.25365E-01 
1.16494E+00 1.90616E-01 1.55417E-01 
1.31269E+00 2.39130E-01 1.95715E-01 
1.44544E+00 2.80401E-01 2.36914E-01 
1.48744E+00 2.93077E-01 2.50964E-01 
1.70935E+00 3.57295E-01 3.35166E-01 
1.97006E+00 4.27701E-01 4.58539E-01 
2.27409E+00 5.04046E-01 6.43882E-01 
2.62652E+00 5.85910E-01 9.30431E-01 
3.05161E+00 7.27319E-01 1.38580E+00 
3.54131E+00 8.26733E-01 2.13450E+00 
4.10876E+00 9.31172E-01 3.40821E+00 
4.76316E+00 1.03995E+00 5.65495E+00 
5.51525E+00 1.15241E+00 9.77281E+00 
6.37858E+00 1.26817E+00 1.75915E+01 
7.37581E+00 1.38816E+00 3.29030E+01 
8.56066E+00 1.51821E+00 6.32675E+01 
1.00960E+01 1.68049E+00 1.21730E+02 
1.24244E+01 1.93434E+00 2.22272E+02 
1.61796E+01 2.34849E+00 3.57742E+02 
2.11551E+01 2.85263E+00 4.84320E+02 
2.61227E+01 3.26090E+00 5.64599E+02 
7.33700E-01 3.58025E-02 5.09700E-02 
7.61974E-01 4.97296E-02 5.99132E-02 
8.15034E-01 7.31356E-02 7.12477E-02 
8.94522E-01 1.05361E-01 8.57730E-02 
9.92359E-01 1.42170E-01 1.04728E-01 
1.11044E+00 1.83718E-01 1.29822E-01 
1.25090E+00 2.30098E-01 1.63554E-01 
1.37645E+00 2.69329E-01 1.97930E-01 
1.41617E+00 2.81356E-01 2.09751E-01 
1.62508E+00 3.41991E-01 2.80143E-01 
1.86948E+00 4.08026E-01 3.83320E-01 
2.15331E+00 4.79139E-01 5.38222E-01 
2.48119E+00 5.54927E-01 7.77724E-01 
2.87689E+00 6.86253E-01 1.15855E+00 
3.33118E+00 7.77002E-01 1.78439E+00 
3.85572E+00 8.71786E-01 2.85006E+00 
4.45840E+00 9.69878E-01 4.72959E+00 
5.14865E+00 1.07064E+00 8.17366E+00 
5.93846E+00 1.17370E+00 1.47198E+01 
6.84768E+00 1.27985E+00 2.75342E+01 
7.92528E+00 1.39446E+00 5.29485E+01 
9.32022E+00 1.53774E+00 1.01903E+02 
1.14366E+01 1.76341E+00 1.86082E+02 
1.48505E+01 2.13306E+00 2.99554E+02 
1.93614E+01 2.58151E+00 4.05638E+02 
2.38395E+01 2.94030E+00 4.72976E+02 
6.94332E-01 3.32889E-02 4.25942E-02 
7.22509E-01 4.71294E-02 5.00614E-02 
7.75108E-01 7.02720E-02 5.95393E-02 
8.52146E-01 1.01658E-01 7.16932E-02 
9.46173E-01 1.37273E-01 8.75305E-02 
1.05889E+00 1.77210E-01 1.08485E-01 
1.19233E+00 2.21534E-01 1.36738E-01 
1.31098E+00 2.58790E-01 1.65441E-01 
1.34840E+00 2.70167E-01 1.75309E-01 
1.54492E+00 3.27351E-01 2.34203E-01 
1.77374E+00 3.89190E-01 3.20411E-01 
2.03858E+00 4.55350E-01 4.50062E-01 
2.34333E+00 5.25325E-01 6.50319E-01 
2.71128E+00 6.47129E-01 9.69045E-01 
3.13228E+00 7.29835E-01 1.49261E+00 
3.61650E+00 8.15609E-01 2.38390E+00 
4.17094E+00 9.03814E-01 3.95745E+00 
4.80353E+00 9.93787E-01 6.83889E+00 
5.52490E+00 1.08517E+00 1.23178E+01 
6.35289E+00 1.17873E+00 2.30497E+01 
7.33160E+00 1.27934E+00 4.43293E+01 
8.59718E+00 1.40539E+00 8.53325E+01 
1.05190E+01 1.60555E+00 1.55868E+02 
1.36187E+01 1.93477E+00 2.50958E+02 
1.77036E+01 2.33280E+00 3.39903E+02 
2.17350E+01 2.64726E+00 3.96423E+02 
6.57466E-01 3.09788E-02 3.55974E-02 
6.85441E-01 4.47187E-02 4.18382E-02 
7.37712E-01 6.76682E-02 4.97658E-02 
8.12273E-01 9.82437E-02 5.99244E-02 
9.02625E-01 1.32715E-01 7.31834E-02 
1.01017E+00 1.71099E-01 9.07016E-02 
1.13672E+00 2.13400E-01 1.14305E-01 
1.24882E+00 2.48762E-01 1.38344E-01 
1.28408E+00 2.59523E-01 1.46581E-01 
1.46869E+00 3.13366E-01 1.95815E-01 
1.68279E+00 3.71188E-01 2.67941E-01 
1.92960E+00 4.32622E-01 3.76418E-01 
2.21257E+00 4.97221E-01 5.44001E-01 
2.55422E+00 6.09982E-01 8.10588E-01 
2.94402E+00 6.85117E-01 1.24911E+00 
3.39050E+00 7.62512E-01 1.99505E+00 
3.89978E+00 8.41540E-01 3.31254E+00 
4.47880E+00 9.21586E-01 5.72590E+00 
5.13678E+00 1.00230E+00 1.03140E+01 
5.88959E+00 1.08440E+00 1.93005E+01 
6.77721E+00 1.17232E+00 3.71317E+01 
7.92379E+00 1.28279E+00 7.14893E+01 
9.66638E+00 1.45981E+00 1.30611E+02 
1.24780E+01 1.75242E+00 2.10351E+02 
1.61725E+01 2.10492E+00 2.84976E+02 
1.97967E+01 2.37971E+00 3.32449E+02 
6.22989E-01 2.88832E-02 2.97593E-02 
6.50756E-01 4.25364E-02 3.49866E-02 
7.02619E-01 6.53099E-02 4.16060E-02 
7.74823E-01 9.51342E-02 5.00921E-02 
8.61546E-01 1.28490E-01 6.11856E-02 
9.64113E-01 1.65368E-01 7.58639E-02 
1.08400E+00 2.05702E-01 9.55745E-02 
1.18980E+00 2.39227E-01 1.15704E-01 
1.22301E+00 2.49402E-01 1.22608E-01 
1.39630E+00 3.00042E-01 1.63809E-01 
1.59640E+00 3.54019E-01 2.24194E-01 
1.82611E+00 4.10948E-01 3.14933E-01 
2.08854E+00 4.70186E-01 4.55236E-01 
2.40543E+00 5.74540E-01 6.78336E-01 
2.76575E+00 6.42671E-01 1.04539E+00 
3.17685E+00 7.12289E-01 1.67013E+00 
3.64405E+00 7.82862E-01 2.77323E+00 
4.17334E+00 8.53798E-01 4.79590E+00 
4.77264E+00 9.24785E-01 8.63964E+00 
5.45611E+00 9.96471E-01 1.61727E+01 
6.25982E+00 1.07292E+00 3.11183E+01 
7.29713E+00 1.16934E+00 5.99274E+01 
8.87522E+00 1.32544E+00 1.09511E+02 
1.14220E+01 1.58489E+00 1.76416E+02 
1.47595E+01 1.89634E+00 2.39071E+02 
1.80129E+01 2.13571E+00 2.78971E+02 
5.90840E-01 2.70103E-02 2.48886E-02 
6.18388E-01 4.05984E-02 2.92588E-02 
6.69985E-01 6.32976E-02 3.48032E-02 
7.39778E-01 9.23640E-02 4.19136E-02 
8.22891E-01 1.24615E-01 5.11812E-02 
9.20567E-01 1.60011E-01 6.34634E-02 
1.03410E+00 1.98455E-01 7.99753E-02 
1.13379E+00 2.30190E-01 9.68053E-02 
1.16499E+00 2.39782E-01 1.02567E-01 
1.32748E+00 2.87328E-01 1.37068E-01 
1.51431E+00 3.37650E-01 1.87647E-01 
1.72786E+00 3.90284E-01 2.63610E-01 
1.97098E+00 4.44938E-01 3.81070E-01 
2.26454E+00 5.41106E-01 5.68032E-01 
2.59717E+00 6.02481E-01 8.75597E-01 
2.97521E+00 6.64876E-01 1.39909E+00 
3.40312E+00 7.27627E-01 2.32301E+00 
3.88617E+00 7.90198E-01 4.01873E+00 
4.43114E+00 8.52307E-01 7.23995E+00 
5.05062E+00 9.14552E-01 1.35575E+01 
5.77724E+00 9.80665E-01 2.60932E+01 
6.71421E+00 1.06444E+00 5.02619E+01 
8.14147E+00 1.20168E+00 9.18789E+01 
1.04455E+01 1.43114E+00 1.48051E+02 
1.34562E+01 1.70561E+00 2.00686E+02 
1.63725E+01 1.91343E+00 2.34255E+02 
5.60947E-01 2.53701E-02 2.08308E-02 
5.88317E-01 3.89453E-02 2.44886E-02 
6.39552E-01 6.15926E-02 2.91217E-02 
7.06959E-01 8.99197E-02 3.50745E-02 
7.86552E-01 1.21098E-01 4.28344E-02 
8.79447E-01 1.55050E-01 5.31147E-02 
9.86825E-01 1.91635E-01 6.69489E-02 
1.08065E+00 2.21639E-01 8.10289E-02 
1.10998E+00 2.30673E-01 8.58750E-02 
1.26210E+00 2.75229E-01 1.14740E-01 
1.43626E+00 3.21991E-01 1.57088E-01 
1.63464E+00 3.70505E-01 2.20802E-01 
1.85951E+00 4.20475E-01 3.19155E-01 
2.13101E+00 5.09167E-01 4.75777E-01 
2.43765E+00 5.64397E-01 7.33421E-01 
2.78482E+00 6.20110E-01 1.17240E+00 
3.17621E+00 6.75655E-01 1.94746E+00 
3.61633E+00 7.30568E-01 3.36892E+00 
4.11112E+00 7.84598E-01 6.07208E+00 
4.67163E+00 8.38311E-01 1.13710E+01 
5.32745E+00 8.95126E-01 2.18927E+01 
6.17250E+00 9.67546E-01 4.21859E+01 
7.46131E+00 1.08777E+00 7.71339E+01 
9.54312E+00 1.29021E+00 1.24333E+02 
1.22555E+01 1.53147E+00 1.68596E+02 
1.48655E+01 1.71123E+00 1.96860E+02 
5.33220E-01 2.39913E-02 1.74340E-02 
5.60245E-01 3.75129E-02 2.04983E-02 
6.11325E-01 6.02432E-02 2.43758E-02 
6.76282E-01 8.78312E-02 2.93614E-02 
7.52390E-01 1.17949E-01 3.58605E-02 
8.40611E-01 1.50473E-01 4.44665E-02 
9.42028E-01 1.85253E-01 5.60554E-02 
1.03024E+00 2.13565E-01 6.78618E-02 
1.05772E+00 2.22052E-01 7.19062E-02 
1.20001E+00 2.63731E-01 9.61046E-02 
1.36216E+00 3.07091E-01 1.31568E-01 
1.54611E+00 3.51749E-01 1.84941E-01 
1.75386E+00 3.96937E-01 2.67438E-01 
2.00467E+00 4.78699E-01 3.98762E-01 
2.28690E+00 5.28354E-01 6.14776E-01 
2.60512E+00 5.77852E-01 9.82815E-01 
2.96254E+00 6.26775E-01 1.63329E+00 
3.36292E+00 6.74696E-01 2.82584E+00 
3.81142E+00 7.21397E-01 5.09602E+00 
4.31769E+00 7.67415E-01 9.54498E+00 
4.90847E+00 8.15880E-01 1.83816E+01 
5.66924E+00 8.78117E-01 3.54297E+01 
6.83149E+00 9.83073E-01 6.48078E+01 
8.70991E+00 1.16117E+00 1.04503E+02 
1.11501E+01 1.37262E+00 1.41755E+02 
1.34820E+01 1.52752E+00 1.65578E+02 
5.07593E-01 2.29020E-02 1.45969E-02 
5.34068E-01 3.63114E-02 1.71627E-02 
5.85147E-01 5.92521E-02 2.04149E-02 
6.47639E-01 8.61185E-02 2.45864E-02 
7.20323E-01 1.15188E-01 3.00365E-02 
8.03999E-01 1.46309E-01 3.72495E-02 
8.99588E-01 1.79298E-01 4.69486E-02 
9.82427E-01 2.05970E-01 5.68550E-02 
1.00819E+00 2.13943E-01 6.02490E-02 
1.14108E+00 2.52833E-01 8.05396E-02 
1.29185E+00 2.92957E-01 1.10287E-01 
1.46213E+00 3.33892E-01 1.55000E-01 
1.65387E+00 3.75334E-01 2.24231E-01 
1.88513E+00 4.50103E-01 3.34463E-01 
2.14453E+00 4.94275E-01 5.15800E-01 
2.43577E+00 5.38025E-01 8.24815E-01 
2.76156E+00 5.80856E-01 1.37070E+00 
3.12511E+00 6.22387E-01 2.37220E+00 
3.53082E+00 6.62442E-01 4.27867E+00 
3.98731E+00 7.01543E-01 8.01913E+00 
4.51857E+00 7.42547E-01 1.54474E+01 
5.20231E+00 7.95693E-01 2.97843E+01 
6.24871E+00 8.86944E-01 5.45001E+01 
7.94110E+00 1.04315E+00 8.79146E+01 
1.01331E+01 1.22791E+00 1.19301E+02 
1.22132E+01 1.36083E+00 1.39405E+02 
4.84010E-01 2.21301E-02 1.22343E-02 
5.09944E-01 3.54531E-02 1.43807E-02 
5.60987E-01 5.86914E-02 1.71088E-02 
6.21003E-01 8.48246E-02 2.06041E-02 
6.90247E-01 1.12836E-01 2.51694E-02 
7.69476E-01 1.42563E-01 3.12213E-02 
8.59480E-01 1.73802E-01 3.93596E-02 
9.37094E-01 1.98861E-01 4.76571E-02 
9.61173E-01 2.06315E-01 5.05041E-02 
1.08506E+00 2.42492E-01 6.75162E-02 
1.22501E+00 2.79475E-01 9.24671E-02 
1.38254E+00 3.16883E-01 1.30027E-01 
1.55912E+00 3.54372E-01 1.88115E-01 
1.77203E+00 4.22883E-01 2.80662E-01 
2.01000E+00 4.62041E-01 4.32944E-01 
2.27608E+00 5.00486E-01 6.92497E-01 
2.57263E+00 5.37746E-01 1.15148E+00 
2.90215E+00 5.73460E-01 1.99367E+00 
3.26845E+00 6.07507E-01 3.59646E+00 
3.67916E+00 6.40398E-01 6.74176E+00 
4.15596E+00 6.74747E-01 1.29936E+01 
4.76935E+00 7.19798E-01 2.50637E+01 
5.70995E+00 7.98791E-01 4.58796E+01 
7.23262E+00 9.35364E-01 7.40402E+01 
9.19880E+00 1.09630E+00 1.00517E+02 
1.10509E+01 1.20982E+00 1.17503E+02 
4.62360E-01 2.16905E-02 1.02589E-02 
4.87852E-01 3.49924E-02 1.20579E-02 
5.38668E-01 5.85646E-02 1.43436E-02 
5.96243E-01 8.39704E-02 1.72794E-02 
6.62071E-01 1.10914E-01 2.11064E-02 
7.36919E-01 1.39247E-01 2.61786E-02 
8.21519E-01 1.68754E-01 3.30170E-02 
8.94134E-01 1.92237E-01 3.99795E-02 
9.16614E-01 1.99190E-01 4.23690E-02 
1.03194E+00 2.32742E-01 5.66561E-02 
1.16168E+00 2.66703E-01 7.76191E-02 
1.30708E+00 3.00718E-01 1.09160E-01 
1.46944E+00 3.34134E-01 1.57946E-01 
1.66508E+00 3.96873E-01 2.35663E-01 
1.88307E+00 4.31604E-01 3.63750E-01 
2.12577E+00 4.65154E-01 5.82018E-01 
2.39503E+00 4.97281E-01 9.68040E-01 
2.69312E+00 5.27715E-01 1.67665E+00 
3.02327E+00 5.56363E-01 3.02641E+00 
3.39203E+00 5.83699E-01 5.67456E+00 
3.81900E+00 6.12126E-01 1.09412E+01 
4.36819E+00 6.49988E-01 2.11138E+01 
5.21230E+00 7.18045E-01 3.86684E+01 
6.58022E+00 8.37053E-01 6.24327E+01 
8.34104E+00 9.76747E-01 8.47966E+01 
9.98717E+00 1.07321E+00 9.91696E+01 
4.42633E-01 2.16694E-02 8.60594E-03 
4.67484E-01 3.48747E-02 1.01173E-02 
5.18263E-01 5.89858E-02 1.20335E-02 
5.73265E-01 8.36043E-02 1.44987E-02 
6.35729E-01 1.09465E-01 1.77160E-02 
7.06284E-01 1.36394E-01 2.19729E-02 
7.85602E-01 1.64172E-01 2.77115E-02 
8.53418E-01 1.86103E-01 3.35612E-02 
8.74379E-01 1.92569E-01 3.55738E-02 
9.81562E-01 2.23567E-01 4.75862E-02 
1.10160E+00 2.54626E-01 6.52024E-02 
1.23558E+00 2.85387E-01 9.17174E-02 
1.38469E+00 3.15642E-01 1.32769E-01 
1.56414E+00 3.72573E-01 1.98203E-01 
1.76339E+00 4.02862E-01 3.05975E-01 
1.98428E+00 4.31902E-01 4.89792E-01 
2.22835E+00 4.59356E-01 8.14775E-01 
2.49749E+00 4.85007E-01 1.41188E+00 
2.79431E+00 5.08787E-01 2.54924E+00 
3.12472E+00 5.31176E-01 4.78354E+00 
3.50625E+00 5.54366E-01 9.22576E+00 
3.99693E+00 5.85864E-01 1.78110E+01 
4.75317E+00 6.44190E-01 3.26358E+01 
5.98005E+00 7.47502E-01 5.27177E+01 
7.55445E+00 8.68314E-01 7.16377E+01 
9.01467E+00 9.49832E-01 8.38184E+01 
4.24756E-01 2.21080E-02 7.22572E-03 
4.48799E-01 3.51465E-02 8.49592E-03 
4.99628E-01 5.99803E-02 1.01051E-02 
5.51956E-01 8.37530E-02 1.21755E-02 
6.11071E-01 1.08502E-01 1.48805E-02 
6.77448E-01 1.34015E-01 1.84614E-02 
7.51697E-01 1.60088E-01 2.32878E-02 
8.14898E-01 1.80476E-01 2.82109E-02 
8.34357E-01 1.86449E-01 2.98958E-02 
9.33750E-01 2.14950E-01 3.99938E-02 
1.04464E+00 2.43213E-01 5.48289E-02 
1.16790E+00 2.70894E-01 7.71506E-02 
1.30457E+00 2.97807E-01 1.11731E-01 
1.46883E+00 3.49566E-01 1.66850E-01 
1.65056E+00 3.75758E-01 2.57666E-01 
1.85121E+00 4.00634E-01 4.12633E-01 
2.07205E+00 4.23836E-01 6.86820E-01 
2.31443E+00 4.45149E-01 1.19056E+00 
2.58073E+00 4.64574E-01 2.15072E+00 
2.87606E+00 4.82570E-01 4.03696E+00 
3.21623E+00 5.01145E-01 7.79130E+00 
3.65373E+00 5.27038E-01 1.50490E+01 
4.32997E+00 5.76727E-01 2.75879E+01 
5.42862E+00 6.66063E-01 4.45881E+01 
6.83395E+00 7.70121E-01 6.06197E+01 
8.12675E+00 8.38594E-01 7.09610E+01 
4.08358E-01 2.30416E-02 6.05890E-03 
4.31505E-01 3.58813E-02 7.12208E-03 
4.82306E-01 6.16005E-02 8.47354E-03 
5.31947E-01 8.44857E-02 1.02080E-02 
5.87676E-01 1.08060E-01 1.24781E-02 
6.49901E-01 1.32111E-01 1.54855E-02 
7.19120E-01 1.56418E-01 1.95351E-02 
7.77838E-01 1.75257E-01 2.36738E-02 
7.95897E-01 1.80758E-01 2.50924E-02 
8.87766E-01 2.06771E-01 3.35739E-02 
9.89837E-01 2.32249E-01 4.60415E-02 
1.10288E+00 2.56907E-01 6.48249E-02 
1.22770E+00 2.80325E-01 9.38907E-02 
1.37751E+00 3.27195E-01 1.40251E-01 
1.54278E+00 3.49834E-01 2.16773E-01 
1.72439E+00 3.70835E-01 3.47261E-01 
1.92331E+00 3.90077E-01 5.78235E-01 
2.14085E+00 4.07440E-01 1.00308E+00 
2.37874E+00 4.22918E-01 1.81281E+00 
2.64157E+00 4.36972E-01 3.40411E+00 
2.94350E+00 4.51430E-01 6.57362E+00 
3.33203E+00 4.72339E-01 1.27053E+01 
3.93450E+00 5.14275E-01 2.33035E+01 
4.91505E+00 5.91017E-01 3.76841E+01 
6.16508E+00 6.80051E-01 5.12615E+01 
7.30504E+00 7.37006E-01 6.00353E+01 
3.93892E-01 2.45191E-02 5.10021E-03 
4.16316E-01 3.72416E-02 5.99525E-03 
4.66593E-01 6.37585E-02 7.13341E-03 
5.13781E-01 8.58298E-02 8.59611E-03 
5.66180E-01 1.08187E-01 1.05077E-02 
6.24389E-01 1.30744E-01 1.30436E-02 
6.88834E-01 1.53297E-01 1.64571E-02 
7.43323E-01 1.70627E-01 1.99468E-02 
7.60061E-01 1.75659E-01 2.11475E-02 
8.44921E-01 1.99266E-01 2.83122E-02 
9.38799E-01 2.22109E-01 3.88260E-02 
1.04243E+00 2.43935E-01 5.47031E-02 
1.15638E+00 2.64537E-01 7.92635E-02 
1.29293E+00 3.06657E-01 1.18505E-01 
1.44303E+00 3.25793E-01 1.83169E-01 
1.60724E+00 3.43293E-01 2.93517E-01 
1.78644E+00 3.59026E-01 4.89206E-01 
1.98139E+00 3.72878E-01 8.48903E-01 
2.19382E+00 3.84914E-01 1.53531E+00 
2.42751E+00 3.95555E-01 2.88480E+00 
2.69530E+00 4.06483E-01 5.57292E+00 
3.04008E+00 4.23102E-01 1.07763E+01 
3.57685E+00 4.58334E-01 1.97780E+01 
4.45200E+00 5.24101E-01 3.20007E+01 
5.56397E+00 6.00109E-01 4.35542E+01 
6.56894E+00 6.47251E-01 5.10322E+01 
3.81022E-01 2.66300E-02 4.29706E-03 
4.02352E-01 3.89995E-02 5.05310E-03 
4.52493E-01 6.67700E-02 6.01384E-03 
4.96929E-01 8.77916E-02 7.24782E-03 
5.46054E-01 1.08865E-01 8.86247E-03 
6.00365E-01 1.29892E-01 1.10047E-02 
6.60260E-01 1.50684E-01 1.38943E-02 
7.10661E-01 1.66480E-01 1.68389E-02 
7.26100E-01 1.71033E-01 1.78516E-02 
8.04326E-01 1.92281E-01 2.39124E-02 
8.90541E-01 2.12580E-01 3.28177E-02 
9.85271E-01 2.31696E-01 4.62368E-02 
1.08914E+00 2.49538E-01 6.70551E-02 
1.21323E+00 2.87296E-01 1.00283E-01 
1.34924E+00 3.03140E-01 1.55087E-01 
1.49747E+00 3.17448E-01 2.48752E-01 
1.65839E+00 3.29986E-01 4.14742E-01 
1.83275E+00 3.40707E-01 7.20108E-01 
2.02179E+00 3.49682E-01 1.30290E+00 
2.22904E+00 3.57344E-01 2.44980E+00 
2.46590E+00 3.65212E-01 4.73556E+00 
2.77111E+00 3.78113E-01 9.16207E+00 
3.24835E+00 4.07454E-01 1.68249E+01 
4.02807E+00 4.63529E-01 2.72388E+01 
5.01544E+00 5.28086E-01 3.70918E+01 
5.89948E+00 5.66775E-01 4.34799E+01 
3.69638E-01 2.94208E-02 3.62834E-03 
3.89743E-01 4.13297E-02 4.26609E-03 
4.39748E-01 7.06356E-02 5.07793E-03 
4.81327E-01 9.04240E-02 6.12289E-03 
5.27192E-01 1.10110E-01 7.48844E-03 
5.77695E-01 1.29533E-01 9.30107E-03 
6.33184E-01 1.48519E-01 1.17482E-02 
6.79741E-01 1.62787E-01 1.42474E-02 
6.93973E-01 1.66876E-01 1.51044E-02 
7.65883E-01 1.85780E-01 2.02388E-02 
8.44845E-01 2.03563E-01 2.77934E-02 
9.31346E-01 2.20078E-01 3.91874E-02 
1.02576E+00 2.35037E-01 5.68544E-02 
1.13822E+00 2.68734E-01 8.50632E-02 
1.26128E+00 2.81814E-01 1.31688E-01 
1.39465E+00 2.93181E-01 2.11342E-01 
1.53879E+00 3.02837E-01 3.52488E-01 
1.69426E+00 3.10765E-01 6.12426E-01 
1.86208E+00 3.17056E-01 1.10883E+00 
2.04528E+00 3.22127E-01 2.08590E+00 
2.25412E+00 3.27358E-01 4.03423E+00 
2.52364E+00 3.37056E-01 7.81076E+00 
2.94702E+00 3.61248E-01 1.43508E+01 
3.64049E+00 4.08795E-01 2.32459E+01 
4.51559E+00 4.63323E-01 3.16700E+01 
5.29144E+00 4.94761E-01 3.71395E+01 
3.59565E-01 3.28822E-02 3.06932E-03 
3.78671E-01 4.44002E-02 3.60999E-03 
4.28032E-01 7.52514E-02 4.29709E-03 
4.66791E-01 9.36854E-02 5.18424E-03 
5.09471E-01 1.11898E-01 6.34236E-03 
5.56298E-01 1.29647E-01 7.88187E-03 
6.07538E-01 1.46772E-01 9.95695E-03 
6.50421E-01 1.59491E-01 1.20825E-02 
6.63510E-01 1.63116E-01 1.28107E-02 
7.29487E-01 1.79701E-01 1.71778E-02 
8.01685E-01 1.95058E-01 2.36017E-02 
8.80456E-01 2.09056E-01 3.32972E-02 
9.66119E-01 2.21559E-01 4.83450E-02 
1.06782E+00 2.51390E-01 7.24017E-02 
1.17875E+00 2.61690E-01 1.12094E-01 
1.29844E+00 2.70385E-01 1.80026E-01 
1.42724E+00 2.77461E-01 3.00497E-01 
1.56544E+00 2.82909E-01 5.22404E-01 
1.71395E+00 2.86858E-01 9.46512E-01 
1.87535E+00 2.89693E-01 1.78165E+00 
2.05889E+00 2.92676E-01 3.44718E+00 
2.29616E+00 2.99629E-01 6.67788E+00 
2.67100E+00 3.19351E-01 1.22763E+01 
3.28662E+00 3.59417E-01 1.98955E+01 
4.06075E+00 4.05197E-01 2.71175E+01 
4.74003E+00 4.30453E-01 3.18117E+01 
3.50639E-01 3.70134E-02 2.60120E-03 
3.68531E-01 4.79238E-02 3.06075E-03 
4.16705E-01 8.01516E-02 3.64585E-03 
4.53101E-01 9.75189E-02 4.39923E-03 
4.92692E-01 1.14153E-01 5.38541E-03 
5.35977E-01 1.30153E-01 6.69558E-03 
5.83192E-01 1.45368E-01 8.46539E-03 
6.22578E-01 1.56527E-01 1.02741E-02 
6.34579E-01 1.59678E-01 1.08952E-02 
6.94985E-01 1.73975E-01 1.46195E-02 
7.60843E-01 1.86968E-01 2.01040E-02 
8.32393E-01 1.98545E-01 2.83739E-02 
9.09962E-01 2.08742E-01 4.12381E-02 
1.00155E+00 2.34940E-01 6.17867E-02 
1.10129E+00 2.42645E-01 9.57293E-02 
1.20847E+00 2.48927E-01 1.53855E-01 
1.32311E+00 2.53678E-01 2.56996E-01 
1.44557E+00 2.56949E-01 4.47081E-01 
1.57648E+00 2.58860E-01 8.10291E-01 
1.71814E+00 2.59791E-01 1.52619E+00 
1.87886E+00 2.60880E-01 2.95504E+00 
2.08706E+00 2.65504E-01 5.72655E+00 
2.41808E+00 2.81355E-01 1.05326E+01 
2.96351E+00 3.14885E-01 1.70776E+01 
3.64686E+00 3.53057E-01 2.32853E+01 
4.23997E+00 3.73069E-01 2.73227E+01 
3.42819E-01 4.18650E-02 2.21149E-03 
3.59379E-01 5.19722E-02 2.60255E-03 
4.06435E-01 8.60709E-02 3.10163E-03 
4.40146E-01 1.01836E-01 3.74496E-03 
4.76765E-01 1.16784E-01 4.58864E-03 
5.16645E-01 1.30939E-01 5.70714E-03 
5.60039E-01 1.44201E-01 7.22074E-03 
5.96161E-01 1.53793E-01 8.76918E-03 
6.07156E-01 1.56481E-01 9.30176E-03 
6.62319E-01 1.68499E-01 1.24890E-02 
7.22238E-01 1.79174E-01 1.71839E-02 
7.87151E-01 1.88447E-01 2.42835E-02 
8.57192E-01 1.96211E-01 3.53057E-02 
9.39388E-01 2.19042E-01 5.29300E-02 
1.02889E+00 2.24607E-01 8.20980E-02 
1.12448E+00 2.28708E-01 1.32018E-01 
1.22626E+00 2.31416E-01 2.20640E-01 
1.33434E+00 2.32782E-01 3.84006E-01 
1.44933E+00 2.32957E-01 6.96417E-01 
1.57318E+00 2.32291E-01 1.31232E+00 
1.71338E+00 2.31810E-01 2.54238E+00 
1.89551E+00 2.34489E-01 4.92892E+00 
2.18717E+00 2.47024E-01 9.06894E+00 
2.66948E+00 2.74872E-01 1.47093E+01 
3.27155E+00 3.06472E-01 2.00613E+01 
3.78809E+00 3.22082E-01 2.35422E+01 
3.35938E-01 4.73746E-02 1.88630E-03 
3.51394E-01 5.66998E-02 2.22203E-03 
3.96768E-01 9.25440E-02 2.64913E-03 
4.27734E-01 1.06456E-01 3.20036E-03 
4.61497E-01 1.19608E-01 3.92416E-03 
4.98193E-01 1.31859E-01 4.88578E-03 
5.37996E-01 1.43129E-01 6.18545E-03 
5.71034E-01 1.51133E-01 7.51525E-03 
5.81079E-01 1.53351E-01 7.97335E-03 
6.31379E-01 1.63135E-01 1.07157E-02 
6.85835E-01 1.71578E-01 1.47566E-02 
7.44563E-01 1.78638E-01 2.08706E-02 
8.07671E-01 1.84218E-01 3.03599E-02 
8.81216E-01 2.03970E-01 4.55680E-02 
9.61223E-01 2.07453E-01 7.07091E-02 
1.04622E+00 2.09617E-01 1.13758E-01 
1.13623E+00 2.10531E-01 1.90242E-01 
1.23132E+00 2.10274E-01 3.31309E-01 
1.33187E+00 2.08986E-01 6.01137E-01 
1.43971E+00 2.07010E-01 1.13328E+00 
1.56148E+00 2.05256E-01 2.19587E+00 
1.72027E+00 2.06338E-01 4.25899E+00 
1.97665E+00 2.16055E-01 7.83843E+00 
2.40236E+00 2.38998E-01 1.27160E+01 
2.93179E+00 2.64950E-01 1.73441E+01 
3.38050E+00 2.76902E-01 2.03525E+01 
3.29705E-01 5.32384E-02 1.61561E-03 
3.43978E-01 6.15736E-02 1.90478E-03 
3.87291E-01 9.92250E-02 2.27352E-03 
4.15755E-01 1.11218E-01 2.74875E-03 
4.46796E-01 1.22423E-01 3.37235E-03 
4.80488E-01 1.32694E-01 4.20210E-03 
5.16962E-01 1.41949E-01 5.32587E-03 
5.47150E-01 1.48381E-01 6.47476E-03 
5.56309E-01 1.50134E-01 6.87041E-03 
6.02112E-01 1.57741E-01 9.24086E-03 
6.51495E-01 1.64043E-01 1.27374E-02 
7.04554E-01 1.69044E-01 1.80274E-02 
7.61318E-01 1.72873E-01 2.62559E-02 
8.26775E-01 1.89524E-01 3.94210E-02 
8.98095E-01 1.91081E-01 6.12069E-02 
9.73453E-01 1.91545E-01 9.85251E-02 
1.05277E+00 1.90920E-01 1.64856E-01 
1.13604E+00 1.89293E-01 2.87211E-01 
1.22362E+00 1.86813E-01 5.21325E-01 
1.31706E+00 1.83790E-01 9.82967E-01 
1.42234E+00 1.81035E-01 1.90516E+00 
1.56028E+00 1.80834E-01 3.69539E+00 
1.78512E+00 1.88183E-01 6.80205E+00 
2.16023E+00 2.06922E-01 1.10350E+01 
2.62494E+00 2.28060E-01 1.50500E+01 
3.01374E+00 2.37006E-01 1.76560E+01 
3.24011E-01 5.92878E-02 1.39103E-03 
3.37087E-01 6.63775E-02 1.64105E-03 
3.77375E-01 1.05000E-01 1.96122E-03 
4.03977E-01 1.15690E-01 2.37332E-03 
4.32542E-01 1.24951E-01 2.91475E-03 
4.63457E-01 1.33201E-01 3.63525E-03 
4.96826E-01 1.40425E-01 4.61006E-03 
5.24403E-01 1.45311E-01 5.60981E-03 
5.32764E-01 1.46625E-01 5.95398E-03 
5.74412E-01 1.52118E-01 8.01545E-03 
6.19144E-01 1.56406E-01 1.10574E-02 
6.66974E-01 1.59499E-01 1.56586E-02 
7.17894E-01 1.61451E-01 2.28239E-02 
7.75904E-01 1.75357E-01 3.42918E-02 
8.39282E-01 1.75358E-01 5.32642E-02 
9.05819E-01 1.74364E-01 8.57797E-02 
9.75419E-01 1.72448E-01 1.43573E-01 
1.04803E+00 1.69705E-01 2.50218E-01 
1.12391E+00 1.66281E-01 4.54222E-01 
1.20444E+00 1.62459E-01 8.56564E-01 
1.29503E+00 1.58957E-01 1.66022E+00 
1.41436E+00 1.57754E-01 3.22006E+00 
1.61107E+00 1.63141E-01 5.92652E+00 
1.94100E+00 1.78298E-01 9.61270E+00 
2.34816E+00 1.95358E-01 1.31058E+01 
2.68415E+00 2.01868E-01 1.53676E+01 
3.18890E-01 6.54806E-02 1.20448E-03 
3.31149E-01 7.16672E-02 1.42300E-03 
3.68063E-01 1.11443E-01 1.70183E-03 
3.92380E-01 1.19645E-01 2.06200E-03 
4.18657E-01 1.26842E-01 2.53466E-03 
4.47064E-01 1.33082E-01 3.16550E-03 
4.77628E-01 1.38329E-01 4.01801E-03 
5.02796E-01 1.41713E-01 4.89185E-03 
5.10408E-01 1.42589E-01 5.19255E-03 
5.48266E-01 1.46094E-01 6.99754E-03 
5.88738E-01 1.48498E-01 9.65945E-03 
6.31804E-01 1.49833E-01 1.36935E-02 
6.77385E-01 1.50049E-01 1.99635E-02 
7.28529E-01 1.61555E-01 3.00088E-02 
7.84633E-01 1.60207E-01 4.66390E-02 
8.43147E-01 1.57992E-01 7.51183E-02 
9.03922E-01 1.55029E-01 1.25762E-01 
9.66889E-01 1.51415E-01 2.19147E-01 
1.03228E+00 1.47286E-01 3.97837E-01 
1.10128E+00 1.42897E-01 7.50075E-01 
1.17880E+00 1.38877E-01 1.45346E+00 
1.28163E+00 1.36931E-01 2.81816E+00 
1.45328E+00 1.40715E-01 5.18447E+00 
1.74303E+00 1.52854E-01 8.40530E+00 
2.09918E+00 1.66492E-01 1.14526E+01 
2.38884E+00 1.71063E-01 1.34190E+01 
3.14154E-01 7.11965E-02 1.05010E-03 
3.25333E-01 7.56179E-02 1.24244E-03 
3.58400E-01 1.16192E-01 1.48775E-03 
3.80976E-01 1.22653E-01 1.80476E-03 
4.05207E-01 1.27782E-01 2.22062E-03 
4.31325E-01 1.32021E-01 2.77504E-03 
4.59364E-01 1.35375E-01 3.52658E-03 
4.82361E-01 1.37354E-01 4.29610E-03 
4.89299E-01 1.37827E-01 4.56094E-03 
5.23717E-01 1.39508E-01 6.15079E-03 
5.60298E-01 1.40206E-01 8.49696E-03 
5.98981E-01 1.39994E-01 1.20487E-02 
6.39670E-01 1.39008E-01 1.75812E-02 
6.84492E-01 1.48101E-01 2.64249E-02 
7.33961E-01 1.45553E-01 4.10730E-02 
7.85184E-01 1.42362E-01 6.61719E-02 
8.37989E-01 1.38600E-01 1.10726E-01 
8.92314E-01 1.34352E-01 1.92959E-01 
9.48276E-01 1.29742E-01 3.50135E-01 
1.00702E+00 1.24999E-01 6.59908E-01 
1.07295E+00 1.20669E-01 1.27815E+00 
1.16117E+00 1.18207E-01 2.47649E+00 
1.31064E+00 1.20714E-01 4.55284E+00 
1.56475E+00 1.30334E-01 7.37550E+00 
1.87585E+00 1.41135E-01 1.00407E+01 
2.12499E+00 1.44192E-01 1.17522E+01 
3.09860E-01 7.61663E-02 9.23098E-04 
3.20317E-01 7.91019E-02 1.09337E-03 
3.48935E-01 1.20015E-01 1.31101E-03 
3.69822E-01 1.24135E-01 1.59193E-03 
3.92310E-01 1.27380E-01 1.96107E-03 
4.16427E-01 1.29782E-01 2.45248E-03 
4.42187E-01 1.31374E-01 3.11848E-03 
4.63230E-01 1.32068E-01 3.80156E-03 
4.69562E-01 1.32187E-01 4.03646E-03 
5.00834E-01 1.32222E-01 5.44583E-03 
5.33869E-01 1.31443E-01 7.52696E-03 
5.68550E-01 1.29912E-01 1.06750E-02 
6.04771E-01 1.27736E-01 1.55782E-02 
6.43781E-01 1.34820E-01 2.34180E-02 
6.87209E-01 1.31365E-01 3.63837E-02 
7.31803E-01 1.27458E-01 5.85987E-02 
7.77419E-01 1.23130E-01 9.80467E-02 
8.23938E-01 1.18470E-01 1.70732E-01 
8.71527E-01 1.13591E-01 3.09656E-01 
9.21161E-01 1.08689E-01 5.83165E-01 
9.76843E-01 1.04231E-01 1.12844E+00 
1.05220E+00 1.01454E-01 2.18458E+00 
1.18211E+00 1.02970E-01 4.01230E+00 
1.40473E+00 1.10516E-01 6.49279E+00 
1.67620E+00 1.18988E-01 8.82811E+00 
1.89006E+00 1.20895E-01 1.03188E+01 
3.06179E-01 7.99846E-02 8.18361E-04 
3.16376E-01 8.23689E-02 9.70746E-04 
3.39814E-01 1.21567E-01 1.16508E-03 
3.59284E-01 1.24003E-01 1.41609E-03 
3.80236E-01 1.25435E-01 1.74550E-03 
4.02602E-01 1.26168E-01 2.18522E-03 
4.26317E-01 1.26191E-01 2.77956E-03 
4.45587E-01 1.25755E-01 3.38948E-03 
4.51364E-01 1.25559E-01 3.59930E-03 
4.79776E-01 1.24189E-01 4.85732E-03 
5.09550E-01 1.22173E-01 6.71329E-03 
5.40571E-01 1.19568E-01 9.52413E-03 
5.72727E-01 1.16374E-01 1.38914E-02 
6.06417E-01 1.21726E-01 2.08770E-02 
6.44327E-01 1.17693E-01 3.24278E-02 
6.82922E-01 1.13299E-01 5.21882E-02 
7.22033E-01 1.08631E-01 8.72544E-02 
7.61568E-01 1.03767E-01 1.51809E-01 
8.01673E-01 9.88050E-02 2.75041E-01 
8.43256E-01 9.39119E-02 5.17423E-01 
8.89933E-01 8.94823E-02 1.00016E+00 
9.54018E-01 8.65633E-02 1.93369E+00 
1.06672E+00 8.73333E-02 3.54660E+00 
1.26163E+00 9.31946E-02 5.73103E+00 
1.49839E+00 9.97825E-02 7.78026E+00 
1.68172E+00 1.00843E-01 9.07896E+00 
3.03397E-01 8.25641E-02 7.31885E-04 
3.13131E-01 8.31986E-02 8.69395E-04 
3.31282E-01 1.21108E-01 1.04441E-03 
3.49749E-01 1.22017E-01 1.27033E-03 
3.69365E-01 1.21846E-01 1.56665E-03 
3.90140E-01 1.21089E-01 1.96169E-03 
4.12023E-01 1.19783E-01 2.49647E-03 
4.29662E-01 1.18413E-01 3.04385E-03 
4.34937E-01 1.17957E-01 3.23249E-03 
4.60719E-01 1.15460E-01 4.36254E-03 
4.87487E-01 1.12471E-01 6.02837E-03 
5.15133E-01 1.09052E-01 8.54742E-03 
5.43500E-01 1.05261E-01 1.24612E-02 
5.72365E-01 1.09034E-01 1.87159E-02 
6.05218E-01 1.04598E-01 2.90432E-02 
6.38362E-01 9.99416E-02 4.67003E-02 
6.71624E-01 9.51423E-02 7.79780E-02 
7.04943E-01 9.02584E-02 1.35524E-01 
7.38412E-01 8.53744E-02 2.45216E-01 
7.72898E-01 8.06320E-02 4.60663E-01 
8.11700E-01 7.63612E-02 8.88997E-01 
8.65934E-01 7.34343E-02 1.71626E+00 
9.63585E-01 7.36678E-02 3.14252E+00 
1.13423E+00 7.81798E-02 5.06901E+00 
1.34075E+00 8.32668E-02 6.86908E+00 
1.49776E+00 8.37270E-02 8.00001E+00 
3.01842E-01 8.34715E-02 6.60541E-04 
3.11262E-01 8.28627E-02 7.85235E-04 
3.24167E-01 1.18811E-01 9.43979E-04 
3.41647E-01 1.18087E-01 1.14848E-03 
3.60075E-01 1.16576E-01 1.41696E-03 
3.79400E-01 1.14636E-01 1.77395E-03 
3.99582E-01 1.12268E-01 2.25747E-03 
4.15714E-01 1.10172E-01 2.75213E-03 
4.20511E-01 1.09518E-01 2.92199E-03 
4.43824E-01 1.06175E-01 3.94200E-03 
4.67796E-01 1.02492E-01 5.44420E-03 
4.92292E-01 9.85307E-02 7.71278E-03 
5.17143E-01 9.43866E-02 1.12364E-02 
5.41590E-01 9.68497E-02 1.68544E-02 
5.69869E-01 9.22002E-02 2.61272E-02 
5.98061E-01 8.74848E-02 4.19472E-02 
6.26075E-01 8.27254E-02 6.99622E-02 
6.53804E-01 7.79746E-02 1.21381E-01 
6.81420E-01 7.32999E-02 2.19276E-01 
7.09693E-01 6.88183E-02 4.11207E-01 
7.41622E-01 6.48002E-02 7.92092E-01 
7.87323E-01 6.19771E-02 1.52629E+00 
8.71893E-01 6.18446E-02 2.78939E+00 
1.02141E+00 6.52955E-02 4.49034E+00 
1.20166E+00 6.91989E-02 6.07179E+00 
1.33610E+00 6.92536E-02 7.05581E+00 
3.01753E-01 8.27622E-02 6.01036E-04 
3.11022E-01 8.15725E-02 7.14688E-04 
3.18968E-01 1.13768E-01 8.59344E-04 
3.35439E-01 1.12279E-01 1.04553E-03 
3.52718E-01 1.09853E-01 1.28968E-03 
3.70665E-01 1.07012E-01 1.61433E-03 
3.89193E-01 1.03868E-01 2.05281E-03 
4.03882E-01 1.01257E-01 2.50185E-03 
4.08224E-01 1.00465E-01 2.65599E-03 
4.29179E-01 9.65528E-02 3.57957E-03 
4.50494E-01 9.24378E-02 4.93879E-03 
4.72013E-01 8.81700E-02 6.98969E-03 
4.93618E-01 8.37956E-02 1.01687E-02 
5.14065E-01 8.52324E-02 1.52335E-02 
5.38107E-01 8.06278E-02 2.35745E-02 
5.61820E-01 7.60154E-02 3.77942E-02 
5.85085E-01 7.14363E-02 6.29109E-02 
6.07870E-01 6.69370E-02 1.08965E-01 
6.30316E-01 6.25701E-02 1.96466E-01 
6.53149E-01 5.84228E-02 3.67709E-01 
6.79151E-01 5.47242E-02 7.06936E-01 
7.17457E-01 5.20774E-02 1.35915E+00 
7.90681E-01 5.17116E-02 2.47837E+00 
9.21835E-01 5.43373E-02 3.98046E+00 
1.07935E+00 5.73212E-02 5.36947E+00 
1.19454E+00 5.71187E-02 6.22467E+00 
3.03343E-01 8.07848E-02 5.50768E-04 
3.12396E-01 7.86265E-02 6.54934E-04 
3.15769E-01 1.07679E-01 7.87274E-04 
3.31355E-01 1.05303E-01 9.57574E-04 
3.47508E-01 1.02063E-01 1.18036E-03 
3.64076E-01 9.85966E-02 1.47645E-03 
3.80984E-01 9.49562E-02 1.87610E-03 
3.94237E-01 9.20268E-02 2.28461E-03 
3.98134E-01 9.11561E-02 2.42486E-03 
4.16823E-01 8.69312E-02 3.26430E-03 
4.35570E-01 8.26143E-02 4.49755E-03 
4.54278E-01 7.82477E-02 6.35666E-03 
4.72853E-01 7.38345E-02 9.23261E-03 
4.89687E-01 7.44797E-02 1.38081E-02 
5.09853E-01 7.00536E-02 2.13290E-02 
5.29510E-01 6.56674E-02 3.41351E-02 
5.48554E-01 6.13748E-02 5.67127E-02 
5.66971E-01 5.72050E-02 9.80269E-02 
5.84904E-01 5.31992E-02 1.76397E-01 
6.03043E-01 4.94327E-02 3.29358E-01 
6.23948E-01 4.60877E-02 6.31724E-01 
6.55938E-01 4.36593E-02 1.21181E+00 
7.19400E-01 4.31615E-02 2.20420E+00 
8.34715E-01 4.51565E-02 3.53117E+00 
9.72750E-01 4.74386E-02 4.75142E+00 
1.07164E+00 4.70867E-02 5.49403E+00 
3.06598E-01 7.74793E-02 5.07184E-04 
3.15380E-01 7.47442E-02 6.03054E-04 
3.15150E-01 1.00104E-01 7.24461E-04 
3.29459E-01 9.73342E-02 8.80516E-04 
3.44381E-01 9.36013E-02 1.08446E-03 
3.59511E-01 8.97819E-02 1.35515E-03 
3.74747E-01 8.58697E-02 1.72004E-03 
3.86575E-01 8.27965E-02 2.09249E-03 
3.90034E-01 8.18935E-02 2.22042E-03 
4.06465E-01 7.75684E-02 2.98467E-03 
4.22738E-01 7.32386E-02 4.10612E-03 
4.38769E-01 6.89351E-02 5.79283E-03 
4.54444E-01 6.46961E-02 8.39957E-03 
4.68043E-01 6.47138E-02 1.25374E-02 
4.84694E-01 6.05265E-02 1.93310E-02 
5.00687E-01 5.64507E-02 3.08697E-02 
5.15969E-01 5.25040E-02 5.11813E-02 
5.30518E-01 4.87089E-02 8.82697E-02 
5.44505E-01 4.50965E-02 1.58444E-01 
5.58599E-01 4.17232E-02 2.95191E-01 
5.75133E-01 3.87390E-02 5.64796E-01 
6.01711E-01 3.65506E-02 1.08067E+00 
6.56776E-01 3.59915E-02 1.96063E+00 
7.58419E-01 3.75070E-02 3.13268E+00 
8.79712E-01 3.92551E-02 4.20394E+00 
9.64781E-01 3.88279E-02 4.84791E+00 
3.11184E-01 7.34178E-02 4.68755E-04 
3.19493E-01 7.04937E-02 5.56958E-04 
3.16120E-01 9.23326E-02 6.68768E-04 
3.29473E-01 8.88123E-02 8.11862E-04 
3.43042E-01 8.49415E-02 9.98983E-04 
3.56634E-01 8.09787E-02 1.24683E-03 
3.70164E-01 7.69869E-02 1.58043E-03 
3.80548E-01 7.39019E-02 1.92047E-03 
3.83561E-01 7.30022E-02 2.03717E-03 
3.97767E-01 6.87377E-02 2.73387E-03 
4.11658E-01 6.45317E-02 3.75461E-03 
4.25137E-01 6.04105E-02 5.28700E-03 
4.38108E-01 5.64160E-02 7.65171E-03 
4.48815E-01 5.59798E-02 1.13984E-02 
4.62268E-01 5.21131E-02 1.75376E-02 
4.74976E-01 4.83892E-02 2.79425E-02 
4.86910E-01 4.48144E-02 4.62168E-02 
4.98084E-01 4.14066E-02 7.95222E-02 
5.08667E-01 3.81876E-02 1.42402E-01 
5.19278E-01 3.51992E-02 2.64683E-01 
5.32107E-01 3.25648E-02 5.05201E-01 
5.54068E-01 3.06168E-02 9.63970E-01 
6.01938E-01 3.00427E-02 1.74431E+00 
6.91809E-01 3.11969E-02 2.77944E+00 
7.98722E-01 3.25400E-02 3.71941E+00 
8.72111E-01 3.20859E-02 4.27728E+00 
3.16545E-01 6.89658E-02 4.34373E-04 
3.24254E-01 6.58067E-02 5.15628E-04 
3.18815E-01 8.41448E-02 6.18427E-04 
3.30785E-01 8.04594E-02 7.50054E-04 
3.42923E-01 7.64852E-02 9.21679E-04 
3.54916E-01 7.25258E-02 1.14878E-03 
3.66712E-01 6.85982E-02 1.45408E-03 
3.75645E-01 6.55972E-02 1.76499E-03 
3.78221E-01 6.47248E-02 1.87141E-03 
3.90269E-01 6.06292E-02 2.50716E-03 
4.01862E-01 5.66390E-02 3.43636E-03 
4.12924E-01 5.27748E-02 4.82978E-03 
4.23432E-01 4.90336E-02 6.97552E-03 
4.31553E-01 4.82988E-02 1.03697E-02 
4.42111E-01 4.47947E-02 1.59197E-02 
4.51900E-01 4.14351E-02 2.53097E-02 
4.60890E-01 3.82343E-02 4.17682E-02 
4.69130E-01 3.52031E-02 7.16950E-02 
4.76774E-01 3.23543E-02 1.28067E-01 
4.84436E-01 2.97292E-02 2.37426E-01 
4.94110E-01 2.74195E-02 4.51946E-01 
5.12176E-01 2.57013E-02 8.60187E-01 
5.53865E-01 2.51407E-02 1.55214E+00 
6.33574E-01 2.60230E-02 2.46616E+00 
7.28144E-01 2.70589E-02 3.29079E+00 
7.91655E-01 2.66073E-02 3.77370E+00 
3.21983E-01 6.43429E-02 4.02938E-04 
3.29022E-01 6.10220E-02 4.77966E-04 
3.22183E-01 7.59525E-02 5.72597E-04 
3.32707E-01 7.24568E-02 6.93729E-04 
3.43356E-01 6.85363E-02 8.51341E-04 
3.53733E-01 6.46868E-02 1.05974E-03 
3.63782E-01 6.09101E-02 1.33929E-03 
3.71312E-01 5.80461E-02 1.62363E-03 
3.73470E-01 5.72196E-02 1.72111E-03 
3.83441E-01 5.33567E-02 2.30165E-03 
3.92866E-01 4.96282E-02 3.14857E-03 
4.01710E-01 4.60452E-02 4.41691E-03 
4.09914E-01 4.26183E-02 6.36496E-03 
4.15794E-01 4.16658E-02 9.44247E-03 
4.23776E-01 3.85080E-02 1.44626E-02 
4.30989E-01 3.55040E-02 2.29410E-02 
4.37427E-01 3.26588E-02 3.77706E-02 
4.43132E-01 2.99796E-02 6.46758E-02 
4.48277E-01 2.74766E-02 1.15242E-01 
4.53427E-01 2.51753E-02 2.13076E-01 
4.60445E-01 2.31565E-02 4.04509E-01 
4.75196E-01 2.16484E-02 7.67824E-01 
5.11578E-01 2.11174E-02 1.38154E+00 
5.82505E-01 2.17940E-02 2.18873E+00 
6.66460E-01 2.25981E-02 2.91216E+00 
7.21593E-01 2.21653E-02 3.32988E+00 
3.26844E-01 5.98696E-02 3.74259E-04 
3.33074E-01 5.65715E-02 4.43543E-04 
3.24978E-01 6.90346E-02 5.30847E-04 
3.34574E-01 6.50677E-02 6.42336E-04 
3.43711E-01 6.12938E-02 7.87276E-04 
3.52496E-01 5.76100E-02 9.78534E-04 
3.60876E-01 5.40281E-02 1.23496E-03 
3.67064E-01 5.13305E-02 1.49523E-03 
3.68819E-01 5.05572E-02 1.58440E-03 
3.76849E-01 4.69521E-02 2.11486E-03 
3.84286E-01 4.35000E-02 2.88814E-03 
3.91088E-01 4.02103E-02 4.04234E-03 
3.97229E-01 3.70972E-02 5.81442E-03 
4.01147E-01 3.59973E-02 8.60525E-03 
4.06874E-01 3.31655E-02 1.31521E-02 
4.11844E-01 3.04892E-02 2.08113E-02 
4.16073E-01 2.79694E-02 3.41816E-02 
4.19610E-01 2.56079E-02 5.83836E-02 
4.22631E-01 2.34119E-02 1.03768E-01 
4.25664E-01 2.13994E-02 1.91349E-01 
4.30449E-01 1.96373E-02 3.62310E-01 
4.42385E-01 1.83154E-02 6.85739E-01 
4.74200E-01 1.78213E-02 1.23031E+00 
5.37514E-01 1.83421E-02 1.94342E+00 
6.12289E-01 1.89681E-02 2.57805E+00 
6.60304E-01 1.85630E-02 2.93925E+00 
3.30557E-01 5.57296E-02 3.48238E-04 
3.35995E-01 5.24264E-02 4.12285E-04 
3.27876E-01 6.20083E-02 4.92865E-04 
3.35817E-01 5.84365E-02 5.95726E-04 
3.43493E-01 5.48472E-02 7.29252E-04 
3.50762E-01 5.13542E-02 9.05058E-04 
3.57584E-01 4.79794E-02 1.14042E-03 
3.62524E-01 4.54574E-02 1.37915E-03 
3.63913E-01 4.47344E-02 1.46071E-03 
3.70165E-01 4.13868E-02 1.94591E-03 
3.75793E-01 3.82058E-02 2.65202E-03 
3.80771E-01 3.51958E-02 3.70424E-03 
3.85100E-01 3.23490E-02 5.31626E-03 
3.87322E-01 3.11765E-02 7.85125E-03 
3.91072E-01 2.86487E-02 1.19710E-02 
3.94104E-01 2.62693E-02 1.88974E-02 
3.96434E-01 2.40395E-02 3.09628E-02 
3.98126E-01 2.19588E-02 5.27513E-02 
3.99346E-01 2.00305E-02 9.35032E-02 
4.00604E-01 1.82711E-02 1.71979E-01 
4.03510E-01 1.67324E-02 3.24705E-01 
4.13052E-01 1.55728E-02 6.12857E-01 
4.40918E-01 1.51175E-02 1.09632E+00 
4.97599E-01 1.55195E-02 1.72655E+00 
5.64423E-01 1.60097E-02 2.28349E+00 
6.06338E-01 1.56340E-02 2.59557E+00 
3.32650E-01 5.20010E-02 3.24586E-04 
3.37363E-01 4.87150E-02 3.83933E-04 
3.29699E-01 5.57243E-02 4.58527E-04 
3.35945E-01 5.26308E-02 5.53484E-04 
3.42305E-01 4.91999E-02 6.76610E-04 
3.48196E-01 4.58994E-02 8.38620E-04 
3.53597E-01 4.27284E-02 1.05492E-03 
3.57426E-01 4.03709E-02 1.27405E-03 
3.58486E-01 3.96978E-02 1.34896E-03 
3.63157E-01 3.65931E-02 1.79380E-03 
3.67182E-01 3.36619E-02 2.43942E-03 
3.70562E-01 3.09041E-02 3.40067E-03 
3.73271E-01 2.83236E-02 4.86878E-03 
3.74059E-01 2.71006E-02 7.17414E-03 
3.76108E-01 2.48400E-02 1.09137E-02 
3.77472E-01 2.27230E-02 1.71840E-02 
3.78184E-01 2.07473E-02 2.80806E-02 
3.78308E-01 1.89117E-02 4.77144E-02 
3.78011E-01 1.72173E-02 8.43524E-02 
3.77770E-01 1.56742E-02 1.54704E-01 
3.79093E-01 1.43271E-02 2.91294E-01 
3.86590E-01 1.33086E-02 5.48088E-01 
4.11025E-01 1.28913E-02 9.77520E-01 
4.61902E-01 1.32017E-02 1.53474E+00 
5.21782E-01 1.35871E-02 2.02353E+00 
5.58446E-01 1.32404E-02 2.29295E+00 
3.33209E-01 4.87252E-02 3.03525E-04 
3.37237E-01 4.54748E-02 3.58640E-04 
3.29881E-01 5.05993E-02 4.27797E-04 
3.34938E-01 4.76230E-02 5.15719E-04 
3.40107E-01 4.43504E-02 6.29491E-04 
3.44780E-01 4.12179E-02 7.78949E-04 
3.48934E-01 3.82308E-02 9.78409E-04 
3.51777E-01 3.60218E-02 1.17996E-03 
3.52549E-01 3.53923E-02 1.24880E-03 
3.55823E-01 3.25050E-02 1.65718E-03 
3.58452E-01 2.97955E-02 2.24897E-03 
3.60421E-01 2.72649E-02 3.12751E-03 
3.61745E-01 2.49105E-02 4.46775E-03 
3.61295E-01 2.36706E-02 6.56694E-03 
3.61881E-01 2.16417E-02 9.96400E-03 
3.61825E-01 1.97518E-02 1.56512E-02 
3.61158E-01 1.79962E-02 2.55081E-02 
3.59953E-01 1.63717E-02 4.32227E-02 
3.58374E-01 1.48771E-02 7.61956E-02 
3.56874E-01 1.35198E-02 1.39341E-01 
3.56857E-01 1.23366E-02 2.61558E-01 
3.62613E-01 1.14382E-02 4.90757E-01 
3.84059E-01 1.10566E-02 8.72508E-01 
4.29840E-01 1.12961E-02 1.36553E+00 
4.83641E-01 1.15987E-02 1.79474E+00 
5.15791E-01 1.12808E-02 2.02739E+00 
3.32113E-01 4.58688E-02 2.84477E-04 
3.35531E-01 4.26552E-02 3.35697E-04 
3.28268E-01 4.64026E-02 3.99935E-04 
3.32688E-01 4.32757E-02 4.81411E-04 
3.36808E-01 4.01491E-02 5.86724E-04 
3.40408E-01 3.71691E-02 7.24770E-04 
3.43464E-01 3.43428E-02 9.08628E-04 
3.45443E-01 3.22651E-02 1.09428E-03 
3.45961E-01 3.16742E-02 1.15753E-03 
3.48015E-01 2.89765E-02 1.53261E-03 
3.49408E-01 2.64641E-02 2.07498E-03 
3.50150E-01 2.41324E-02 2.87875E-03 
3.50254E-01 2.19741E-02 4.10182E-03 
3.48740E-01 2.07369E-02 6.01378E-03 
3.48054E-01 1.89123E-02 9.10087E-03 
3.46759E-01 1.72218E-02 1.42548E-02 
3.44901E-01 1.56585E-02 2.31678E-02 
3.42553E-01 1.42174E-02 3.91456E-02 
3.39875E-01 1.28954E-02 6.88039E-02 
3.37298E-01 1.16991E-02 1.25455E-01 
3.36134E-01 1.06565E-02 2.34778E-01 
3.40365E-01 9.86308E-03 4.39110E-01 
3.59163E-01 9.51458E-03 7.78242E-01 
4.00393E-01 9.69808E-03 1.21408E+00 
4.48779E-01 9.93535E-03 1.59050E+00 
4.76939E-01 9.64368E-03 1.79081E+00 
3.29640E-01 4.34692E-02 2.67488E-04 
3.32537E-01 4.02693E-02 3.15202E-04 
3.25598E-01 4.27894E-02 3.74909E-04 
3.29393E-01 3.95925E-02 4.50550E-04 
3.32611E-01 3.65786E-02 5.48159E-04 
3.35275E-01 3.37226E-02 6.75853E-04 
3.37369E-01 3.10297E-02 8.45543E-04 
3.38595E-01 2.90598E-02 1.01660E-03 
3.38885E-01 2.85036E-02 1.07493E-03 
3.39871E-01 2.59655E-02 1.41987E-03 
3.40182E-01 2.36195E-02 1.91751E-03 
3.39842E-01 2.14579E-02 2.65337E-03 
3.38870E-01 1.94735E-02 3.77051E-03 
3.36438E-01 1.82477E-02 5.51313E-03 
3.34647E-01 1.65983E-02 8.32022E-03 
3.32284E-01 1.50785E-02 1.29953E-02 
3.29397E-01 1.36805E-02 2.10570E-02 
3.26068E-01 1.23969E-02 3.54737E-02 
3.22451E-01 1.12240E-02 6.21639E-02 
3.18955E-01 1.01646E-02 1.12988E-01 
3.16811E-01 9.24284E-03 2.10801E-01 
3.19719E-01 8.53938E-03 3.92947E-01 
3.36172E-01 8.22091E-03 6.94167E-01 
3.73339E-01 8.36009E-03 1.07936E+00 
4.16902E-01 8.54525E-03 1.40931E+00 
4.41554E-01 8.27762E-03 1.58151E+00 
3.25957E-01 4.14521E-02 2.52085E-04 
3.28424E-01 3.82354E-02 2.96581E-04 
3.22111E-01 3.95578E-02 3.52096E-04 
3.25096E-01 3.64718E-02 4.22360E-04 
3.27525E-01 3.35420E-02 5.12843E-04 
3.29376E-01 3.07803E-02 6.30991E-04 
3.30630E-01 2.81936E-02 7.87741E-04 
3.31193E-01 2.63116E-02 9.45369E-04 
3.31282E-01 2.57834E-02 9.99117E-04 
3.31321E-01 2.33793E-02 1.31627E-03 
3.30682E-01 2.11730E-02 1.77287E-03 
3.29387E-01 1.91566E-02 2.44645E-03 
3.27471E-01 1.73183E-02 3.46661E-03 
3.24232E-01 1.61149E-02 5.05431E-03 
3.21475E-01 1.46163E-02 7.60514E-03 
3.18179E-01 1.32440E-02 1.18432E-02 
3.14400E-01 1.19885E-02 1.91338E-02 
3.10220E-01 1.08412E-02 3.21329E-02 
3.05793E-01 9.79695E-03 5.61298E-02 
3.01510E-01 8.85598E-03 1.01692E-01 
2.98519E-01 8.03887E-03 1.89085E-01 
3.00272E-01 7.41319E-03 3.51372E-01 
3.14623E-01 7.12200E-03 6.18608E-01 
3.48116E-01 7.22574E-03 9.58600E-01 
3.87334E-01 7.36844E-03 1.24744E+00 
4.08868E-01 7.12320E-03 1.39514E+00 
3.21238E-01 3.98037E-02 2.37977E-04 
3.23377E-01 3.65359E-02 2.79432E-04 
3.17615E-01 3.69049E-02 3.31122E-04 
3.19967E-01 3.38507E-02 3.96371E-04 
3.21717E-01 3.09748E-02 4.80233E-04 
3.22850E-01 2.82815E-02 5.89564E-04 
3.23360E-01 2.57736E-02 7.34243E-04 
3.23324E-01 2.39613E-02 8.79509E-04 
3.23243E-01 2.34525E-02 9.28914E-04 
3.22433E-01 2.11549E-02 1.22043E-03 
3.20932E-01 1.90640E-02 1.63915E-03 
3.18777E-01 1.71684E-02 2.25527E-03 
3.16007E-01 1.54556E-02 3.18607E-03 
3.12053E-01 1.42776E-02 4.63138E-03 
3.08440E-01 1.29082E-02 6.94785E-03 
3.04322E-01 1.16630E-02 1.07852E-02 
2.99762E-01 1.05306E-02 1.73694E-02 
2.94844E-01 9.50149E-03 2.90752E-02 
2.89721E-01 8.56821E-03 5.06200E-02 
2.84759E-01 7.73086E-03 9.14125E-02 
2.81040E-01 7.00425E-03 1.69407E-01 
2.81772E-01 6.44683E-03 3.13735E-01 
2.94231E-01 6.18043E-03 5.50494E-01 
3.24385E-01 6.25563E-03 8.50149E-01 
3.59651E-01 6.36396E-03 1.10246E+00 
3.78392E-01 6.13916E-03 1.22879E+00 
3.15594E-01 3.84908E-02 2.24820E-04 
3.17402E-01 3.51529E-02 2.63381E-04 
3.12249E-01 3.46823E-02 3.11423E-04 
3.13985E-01 3.16575E-02 3.71971E-04 
3.15121E-01 2.88091E-02 4.49599E-04 
3.15611E-01 2.61570E-02 5.50600E-04 
3.15454E-01 2.37031E-02 6.83996E-04 
3.14887E-01 2.19414E-02 8.17721E-04 
3.14652E-01 2.14477E-02 8.63133E-04 
3.13083E-01 1.92336E-02 1.13075E-03 
3.10814E-01 1.72355E-02 1.51407E-03 
3.07890E-01 1.54405E-02 2.07675E-03 
3.04363E-01 1.38330E-02 2.92480E-03 
2.99775E-01 1.26842E-02 4.23835E-03 
2.95409E-01 1.14256E-02 6.33810E-03 
2.90572E-01 1.02902E-02 9.80741E-03 
2.85332E-01 9.26499E-03 1.57422E-02 
2.79776E-01 8.33869E-03 2.62647E-02 
2.74057E-01 7.50276E-03 4.55759E-02 
2.68518E-01 6.75548E-03 8.20273E-02 
2.64175E-01 6.10834E-03 1.51511E-01 
2.64011E-01 5.61074E-03 2.79600E-01 
2.74758E-01 5.36698E-03 4.88923E-01 
3.01849E-01 5.41918E-03 7.52460E-01 
3.33499E-01 5.49996E-03 9.72382E-01 
3.49725E-01 5.29352E-03 1.08002E+00 
3.09259E-01 3.75101E-02 2.12452E-04 
3.10755E-01 3.40884E-02 2.48318E-04 
3.06116E-01 3.29202E-02 2.92879E-04 
3.07343E-01 2.98613E-02 3.48966E-04 
3.07902E-01 2.70087E-02 4.20728E-04 
3.07790E-01 2.43680E-02 5.13872E-04 
3.07007E-01 2.19418E-02 6.36621E-04 
3.05947E-01 2.02106E-02 7.59414E-04 
3.05563E-01 1.97283E-02 8.01106E-04 
3.03288E-01 1.75733E-02 1.04619E-03 
3.00314E-01 1.56462E-02 1.39646E-03 
2.96687E-01 1.39321E-02 1.90933E-03 
2.92471E-01 1.24126E-02 2.68016E-03 
2.87316E-01 1.12936E-02 3.87139E-03 
2.82283E-01 1.01299E-02 5.77054E-03 
2.76816E-01 9.08979E-03 8.89957E-03 
2.70987E-01 8.15811E-03 1.42369E-02 
2.64887E-01 7.32196E-03 2.36739E-02 
2.58660E-01 6.57187E-03 4.09424E-02 
2.52642E-01 5.90343E-03 7.34336E-02 
2.47773E-01 5.32641E-03 1.35168E-01 
2.46826E-01 4.88181E-03 2.48585E-01 
2.56015E-01 4.65895E-03 4.33159E-01 
2.80279E-01 4.69255E-03 6.64292E-01 
3.08605E-01 4.75083E-03 8.55480E-01 
3.22558E-01 4.56170E-03 9.46819E-01 
3.02105E-01 3.68103E-02 2.00622E-04 
3.03303E-01 3.32758E-02 2.33908E-04 
2.99161E-01 3.15169E-02 2.75192E-04 
2.99920E-01 2.84071E-02 3.27056E-04 
2.99979E-01 2.55263E-02 3.93301E-04 
2.99339E-01 2.28748E-02 4.79081E-04 
2.98003E-01 2.04541E-02 5.91884E-04 
2.96500E-01 1.87382E-02 7.04476E-04 
2.95985E-01 1.82618E-02 7.42646E-04 
2.93082E-01 1.61451E-02 9.66797E-04 
2.89471E-01 1.42712E-02 1.28631E-03 
2.85218E-01 1.26213E-02 1.75285E-03 
2.80391E-01 1.11740E-02 2.45248E-03 
2.74738E-01 1.00846E-02 3.53084E-03 
2.69131E-01 9.00162E-03 5.24532E-03 
2.63127E-01 8.04334E-03 8.06324E-03 
2.56801E-01 7.19294E-03 1.28560E-02 
2.50249E-01 6.43557E-03 2.13048E-02 
2.43612E-01 5.76027E-03 3.67194E-02 
2.37204E-01 5.16168E-03 6.56302E-02 
2.31904E-01 4.64628E-03 1.20382E-01 
2.30283E-01 4.24870E-03 2.20642E-01 
2.38071E-01 4.04505E-03 3.83131E-01 
2.59747E-01 4.06386E-03 5.85523E-01 
2.85030E-01 4.10392E-03 7.51410E-01 
2.96951E-01 3.93110E-03 8.28740E-01 
2.94130E-01 3.63705E-02 1.89060E-04 
2.95019E-01 3.26889E-02 2.19813E-04 
2.91333E-01 3.04026E-02 2.57916E-04 
2.91596E-01 2.72269E-02 3.05702E-04 
2.91174E-01 2.42914E-02 3.66596E-04 
2.90036E-01 2.16055E-02 4.45286E-04 
2.88181E-01 1.91701E-02 5.48503E-04 
2.86272E-01 1.74549E-02 6.51344E-04 
2.85634E-01 1.69812E-02 6.86178E-04 
2.82158E-01 1.48865E-02 8.90328E-04 
2.77979E-01 1.30508E-02 1.18057E-03 
2.73170E-01 1.14519E-02 1.60345E-03 
2.67806E-01 1.00658E-02 2.23559E-03 
2.61722E-01 9.00581E-03 3.20791E-03 
2.55625E-01 7.99340E-03 4.74984E-03 
2.49167E-01 7.10794E-03 7.27577E-03 
2.42430E-01 6.33003E-03 1.15612E-02 
2.35512E-01 5.64340E-03 1.90928E-02 
2.28550E-01 5.03557E-03 3.27907E-02 
2.21836E-01 4.49995E-03 5.84072E-02 
2.16192E-01 4.04030E-03 1.06759E-01 
2.13990E-01 3.68548E-03 1.94984E-01 
2.20494E-01 3.49996E-03 3.37391E-01 
2.39748E-01 3.50696E-03 5.13807E-01 
2.62191E-01 3.53224E-03 6.57044E-01 
2.72260E-01 3.37499E-03 7.22100E-01 
2.85491E-01 3.61749E-02 1.77891E-04 
2.86098E-01 3.23280E-02 2.06257E-04 
2.82768E-01 2.95946E-02 2.41327E-04 
2.82595E-01 2.63106E-02 2.85223E-04 
2.81694E-01 2.32935E-02 3.41017E-04 
2.80065E-01 2.05500E-02 4.12945E-04 
2.77723E-01 1.80803E-02 5.07113E-04 
2.75438E-01 1.63537E-02 6.00722E-04 
2.74694E-01 1.58785E-02 6.32388E-04 
2.70701E-01 1.37906E-02 8.17774E-04 
2.66015E-01 1.19797E-02 1.08068E-03 
2.60716E-01 1.04205E-02 1.46262E-03 
2.54890E-01 9.08468E-03 2.03224E-03 
2.48444E-01 8.05294E-03 2.90616E-03 
2.41939E-01 7.10179E-03 4.28820E-03 
2.35114E-01 6.28008E-03 6.54640E-03 
2.28058E-01 5.56635E-03 1.03661E-02 
2.20862E-01 4.94277E-03 1.70594E-02 
2.13661E-01 4.39542E-03 2.91959E-02 
2.06732E-01 3.91602E-03 5.18239E-02 
2.00833E-01 3.50641E-03 9.43991E-02 
1.98148E-01 3.19013E-03 1.71794E-01 
2.03497E-01 3.02158E-03 2.96225E-01 
2.20519E-01 3.01946E-03 4.49535E-01 
2.40348E-01 3.03303E-03 5.72821E-01 
2.48759E-01 2.89057E-03 6.27327E-01 
2.76056E-01 3.61734E-02 1.66944E-04 
2.76351E-01 3.21386E-02 1.93007E-04 
2.73327E-01 2.90062E-02 2.25168E-04 
2.72759E-01 2.55982E-02 2.65354E-04 
2.71451E-01 2.24840E-02 3.16328E-04 
2.69402E-01 1.96681E-02 3.81887E-04 
2.66624E-01 1.71498E-02 4.67470E-04 
2.63998E-01 1.54014E-02 5.52414E-04 
2.63158E-01 1.49218E-02 5.81104E-04 
2.58698E-01 1.28284E-02 7.48794E-04 
2.53563E-01 1.10317E-02 9.85994E-04 
2.47838E-01 9.50236E-03 1.32972E-03 
2.41617E-01 8.20850E-03 1.84098E-03 
2.34874E-01 7.20413E-03 2.62351E-03 
2.28046E-01 6.30673E-03 3.85777E-03 
2.20943E-01 5.54190E-03 5.86882E-03 
2.13651E-01 4.88597E-03 9.26042E-03 
2.06264E-01 4.31918E-03 1.51868E-02 
1.98911E-01 3.82639E-03 2.59019E-02 
1.91852E-01 3.39782E-03 4.58142E-02 
1.85783E-01 3.03348E-03 8.31590E-02 
1.82708E-01 2.75223E-03 1.50811E-01 
1.87022E-01 2.59971E-03 2.59127E-01 
2.01981E-01 2.59069E-03 3.91852E-01 
2.19403E-01 2.59526E-03 4.97570E-01 
2.26333E-01 2.46680E-03 5.42995E-01 
2.65966E-01 3.63436E-02 1.56291E-04 
2.65931E-01 3.20950E-02 1.80129E-04 
2.63123E-01 2.86036E-02 2.09501E-04 
2.62161E-01 2.50548E-02 2.46150E-04 
2.60457E-01 2.18259E-02 2.92514E-04 
2.58012E-01 1.89237E-02 3.51993E-04 
2.54849E-01 1.63466E-02 4.29505E-04 
2.51932E-01 1.45691E-02 5.06250E-04 
2.51003E-01 1.40840E-02 5.32154E-04 
2.46151E-01 1.19769E-02 6.83245E-04 
2.40642E-01 1.01873E-02 8.96441E-04 
2.34571E-01 8.68158E-03 1.20458E-03 
2.28036E-01 7.42368E-03 1.66169E-03 
2.21068E-01 6.44602E-03 2.35968E-03 
2.14003E-01 5.59660E-03 3.45766E-03 
2.06706E-01 4.88302E-03 5.24167E-03 
1.99266E-01 4.27929E-03 8.24178E-03 
1.91775E-01 3.76398E-03 1.34691E-02 
1.84355E-01 3.32052E-03 2.28926E-02 
1.77246E-01 2.93815E-03 4.03483E-02 
1.71090E-01 2.61484E-03 7.29782E-02 
1.67714E-01 2.36551E-03 1.31890E-01 
1.71107E-01 2.22812E-03 2.25822E-01 
1.84172E-01 2.21412E-03 3.40290E-01 
1.99386E-01 2.21186E-03 4.30584E-01 
2.05006E-01 2.09673E-03 4.68241E-01 
2.55277E-01 3.66533E-02 1.45936E-04 
2.54900E-01 3.21724E-02 1.67644E-04 
2.52213E-01 2.83543E-02 1.94353E-04 
2.50864E-01 2.46438E-02 2.27609E-04 
2.48794E-01 2.12884E-02 2.69600E-04 
2.45999E-01 1.82914E-02 3.23359E-04 
2.42494E-01 1.56472E-02 3.93234E-04 
2.39317E-01 1.38356E-02 4.62260E-04 
2.38315E-01 1.33431E-02 4.85529E-04 
2.33124E-01 1.12165E-02 6.21096E-04 
2.27305E-01 9.42904E-03 8.11854E-04 
2.20957E-01 7.94252E-03 1.08683E-03 
2.14183E-01 6.71635E-03 1.49373E-03 
2.07059E-01 5.76516E-03 2.11356E-03 
1.99840E-01 4.95931E-03 3.08592E-03 
1.92434E-01 4.29248E-03 4.66178E-03 
1.84929E-01 3.73658E-03 7.30420E-03 
1.77416E-01 3.26835E-03 1.18947E-02 
1.70009E-01 2.86998E-03 2.01441E-02 
1.62931E-01 2.52965E-03 3.53811E-02 
1.56765E-01 2.24371E-03 6.37700E-02 
1.53171E-01 2.02358E-03 1.14843E-01 
1.55753E-01 1.90048E-03 1.95945E-01 
1.67081E-01 1.88309E-03 2.94234E-01 
1.80275E-01 1.87583E-03 3.70994E-01 
1.84741E-01 1.77334E-03 4.02026E-01 
2.44099E-01 3.70683E-02 1.35918E-04 
2.43369E-01 3.23396E-02 1.55602E-04 
2.40725E-01 2.82173E-02 1.79780E-04 
2.39024E-01 2.43366E-02 2.09836E-04 
2.36589E-01 2.08439E-02 2.47677E-04 
2.33453E-01 1.77438E-02 2.96017E-04 
2.29639E-01 1.50282E-02 3.58709E-04 
2.26239E-01 1.31802E-02 4.20530E-04 
2.25176E-01 1.26798E-02 4.41345E-04 
2.19705E-01 1.05313E-02 5.62381E-04 
2.13642E-01 8.74391E-03 7.32289E-04 
2.07087E-01 7.27424E-03 9.76592E-04 
2.00148E-01 6.07733E-03 1.33708E-03 
1.92941E-01 5.15280E-03 1.88503E-03 
1.85650E-01 4.38731E-03 2.74244E-03 
1.78217E-01 3.76380E-03 4.12775E-03 
1.70730E-01 3.25187E-03 6.44478E-03 
1.63274E-01 2.82685E-03 1.04579E-02 
1.55957E-01 2.46977E-03 1.76482E-02 
1.48982E-01 2.16773E-03 3.08888E-02 
1.42880E-01 1.91579E-03 5.54796E-02 
1.39148E-01 1.72230E-03 9.95574E-02 
1.41023E-01 1.61266E-03 1.69270E-01 
1.50770E-01 1.59321E-03 2.53287E-01 
1.62128E-01 1.58250E-03 3.18239E-01 
1.65592E-01 1.49192E-03 3.43649E-01 
2.32541E-01 3.75555E-02 1.26274E-04 
2.31455E-01 3.25676E-02 1.44041E-04 
2.28783E-01 2.81590E-02 1.65821E-04 
2.26728E-01 2.41000E-02 1.92855E-04 
2.23976E-01 2.04674E-02 2.26813E-04 
2.20524E-01 1.72613E-02 2.70068E-04 
2.16418E-01 1.44718E-02 3.26030E-04 
2.12825E-01 1.25867E-02 3.81107E-04 
2.11710E-01 1.20786E-02 3.99636E-04 
2.06015E-01 9.90821E-03 5.07199E-04 
1.99764E-01 8.12051E-03 6.57781E-04 
1.93068E-01 6.66724E-03 8.73745E-04 
1.86039E-01 5.49851E-03 1.19163E-03 
1.78817E-01 4.60121E-03 1.67370E-03 
1.71530E-01 3.87383E-03 2.42604E-03 
1.64148E-01 3.29073E-03 3.63842E-03 
1.56753E-01 2.81958E-03 5.66012E-03 
1.49428E-01 2.43434E-03 9.15200E-03 
1.42271E-01 2.11506E-03 1.53905E-02 
1.35468E-01 1.84794E-03 2.68412E-02 
1.29495E-01 1.62693E-03 4.80391E-02 
1.25698E-01 1.45769E-03 8.59049E-02 
1.26968E-01 1.36066E-03 1.45543E-01 
1.35284E-01 1.34023E-03 2.17016E-01 
1.44985E-01 1.32739E-03 2.71713E-01 
1.47587E-01 1.24790E-03 2.92374E-01 
2.20700E-01 3.80815E-02 1.17020E-04 
2.19271E-01 3.28287E-02 1.32988E-04 
2.16511E-01 2.81501E-02 1.52512E-04 
2.14110E-01 2.39078E-02 1.76699E-04 
2.11057E-01 2.01342E-02 2.07021E-04 
2.07331E-01 1.68237E-02 2.45544E-04 
2.02971E-01 1.39619E-02 2.95237E-04 
1.99204E-01 1.20408E-02 3.44044E-04 
1.98043E-01 1.15251E-02 3.60443E-04 
1.92167E-01 9.33492E-03 4.55518E-04 
1.85788E-01 7.54889E-03 5.88289E-04 
1.79016E-01 6.11313E-03 7.78218E-04 
1.71963E-01 4.97268E-03 1.05710E-03 
1.64789E-01 4.10353E-03 1.47903E-03 
1.57577E-01 3.41261E-03 2.13579E-03 
1.50315E-01 2.86765E-03 3.19138E-03 
1.43081E-01 2.43464E-03 4.94651E-03 
1.35953E-01 2.08616E-03 7.96946E-03 
1.29020E-01 1.80149E-03 1.33544E-02 
1.22447E-01 1.56623E-03 2.32072E-02 
1.16664E-01 1.37329E-03 4.13877E-02 
1.12867E-01 1.22609E-03 7.37510E-02 
1.13625E-01 1.14081E-03 1.24510E-01 
1.20658E-01 1.12027E-03 1.85001E-01 
1.28871E-01 1.10631E-03 2.30813E-01 
1.30742E-01 1.03711E-03 2.47486E-01 
2.08753E-01 3.86220E-02 1.08214E-04 
2.06962E-01 3.30966E-02 1.22487E-04 
2.04066E-01 2.81620E-02 1.39905E-04 
2.01340E-01 2.37379E-02 1.61437E-04 
1.97987E-01 1.98239E-02 1.88357E-04 
1.94018E-01 1.64131E-02 2.22486E-04 
1.89443E-01 1.34844E-02 2.66403E-04 
1.85535E-01 1.15311E-02 3.09430E-04 
1.84337E-01 1.10089E-02 3.23871E-04 
1.78322E-01 8.80292E-03 4.07459E-04 
1.71864E-01 7.02192E-03 5.23900E-04 
1.65072E-01 5.60583E-03 6.90071E-04 
1.58057E-01 4.49467E-03 9.33427E-04 
1.50987E-01 3.65488E-03 1.30083E-03 
1.43914E-01 2.99938E-03 1.87127E-03 
1.36835E-01 2.49076E-03 2.78546E-03 
1.29824E-01 2.09337E-03 4.30161E-03 
1.22951E-01 1.77888E-03 6.90519E-03 
1.16296E-01 1.52588E-03 1.15287E-02 
1.10007E-01 1.31954E-03 1.99640E-02 
1.04463E-01 1.15194E-03 3.54777E-02 
1.00726E-01 1.02468E-03 6.29955E-02 
1.01061E-01 9.50255E-04 1.05977E-01 
1.06951E-01 9.30270E-04 1.56907E-01 
1.13842E-01 9.15980E-04 1.95070E-01 
1.15104E-01 8.56252E-04 2.08422E-01 
1.96778E-01 3.91526E-02 9.98476E-05 
1.94636E-01 3.33537E-02 1.12543E-04 
1.91563E-01 2.81735E-02 1.27994E-04 
1.88511E-01 2.35689E-02 1.47044E-04 
1.84878E-01 1.95198E-02 1.70806E-04 
1.80676E-01 1.60143E-02 2.00863E-04 
1.75920E-01 1.30255E-02 2.39439E-04 
1.71901E-01 1.10452E-02 2.77150E-04 
1.70677E-01 1.05179E-02 2.89793E-04 
1.64571E-01 8.30258E-03 3.62855E-04 
1.58080E-01 6.53125E-03 4.64368E-04 
1.51314E-01 5.13799E-03 6.08862E-04 
1.44387E-01 4.05783E-03 8.19954E-04 
1.37475E-01 3.24900E-03 1.13797E-03 
1.30598E-01 2.62850E-03 1.63047E-03 
1.23759E-01 2.15478E-03 2.41771E-03 
1.17025E-01 1.79097E-03 3.71958E-03 
1.10459E-01 1.50801E-03 5.94879E-03 
1.04131E-01 1.28406E-03 9.89578E-03 
9.81690E-02 1.10396E-03 1.70747E-02 
9.29079E-02 9.59227E-04 3.02350E-02 
8.92821E-02 8.49944E-04 5.34937E-02 
8.92740E-02 7.85522E-04 8.96724E-02 
9.41528E-02 7.66583E-04 1.32294E-01 
9.98751E-02 7.52571E-04 1.63885E-01 
1.00637E-01 7.01503E-04 1.74479E-01 
1.85000E-01 3.96435E-02 9.20113E-05 
1.82535E-01 3.35779E-02 1.03262E-04 
1.79263E-01 2.81661E-02 1.16907E-04 
1.75907E-01 2.33887E-02 1.33689E-04 
1.71999E-01 1.92115E-02 1.54553E-04 
1.67583E-01 1.56199E-02 1.80887E-04 
1.62670E-01 1.25796E-02 2.14605E-04 
1.58563E-01 1.05789E-02 2.47494E-04 
1.57319E-01 1.00483E-02 2.58509E-04 
1.51164E-01 7.83130E-03 3.22061E-04 
1.44688E-01 6.07561E-03 4.10139E-04 
1.38000E-01 4.70922E-03 5.35202E-04 
1.31210E-01 3.66220E-03 7.17457E-04 
1.24498E-01 2.88563E-03 9.91436E-04 
1.17861E-01 2.29949E-03 1.41468E-03 
1.11306E-01 1.85915E-03 2.08945E-03 
1.04891E-01 1.52677E-03 3.20225E-03 
9.86703E-02 1.27277E-03 5.10237E-03 
9.27033E-02 1.07512E-03 8.45712E-03 
8.71014E-02 9.18522E-04 1.45392E-02 
8.21553E-02 7.94142E-04 2.56527E-02 
7.86817E-02 7.00792E-04 4.52261E-02 
7.84067E-02 6.45407E-04 7.55431E-02 
8.24082E-02 6.27852E-04 1.11053E-01 
8.71170E-02 6.14555E-04 1.37083E-01 
8.74806E-02 5.71246E-04 1.45426E-01 
1.73322E-01 4.00858E-02 8.45789E-05 
1.70548E-01 3.37570E-02 9.44882E-05 
1.67056E-01 2.81222E-02 1.06454E-04 
1.63423E-01 2.31808E-02 1.21139E-04 
1.59264E-01 1.88844E-02 1.39327E-04 
1.54637E-01 1.52143E-02 1.62209E-04 
1.49580E-01 1.21315E-02 1.91450E-04 
1.45405E-01 1.01172E-02 2.19907E-04 
1.44149E-01 9.58535E-03 2.29428E-04 
1.37967E-01 7.37443E-03 2.84258E-04 
1.31540E-01 5.64126E-03 3.60076E-04 
1.24976E-01 4.30698E-03 4.67485E-04 
1.18374E-01 3.29647E-03 6.23645E-04 
1.11911E-01 2.55446E-03 8.57926E-04 
1.05562E-01 2.00307E-03 1.21895E-03 
9.93347E-02 1.59538E-03 1.79295E-03 
9.32794E-02 1.29294E-03 2.73695E-03 
8.74402E-02 1.06598E-03 4.34429E-03 
8.18669E-02 8.92476E-04 7.17350E-03 
7.66538E-02 7.57221E-04 1.22873E-02 
7.20513E-02 6.51140E-04 2.16007E-02 
6.87663E-02 5.72106E-04 3.79439E-02 
6.82880E-02 5.24962E-04 6.31505E-02 
7.15228E-02 5.09023E-04 9.24999E-02 
7.53453E-02 4.96754E-04 1.13768E-01 
7.53958E-02 4.60459E-04 1.20256E-01 
1.61941E-01 4.04594E-02 7.76238E-05 
1.58865E-01 3.38733E-02 8.62974E-05 
1.55176E-01 2.80333E-02 9.67421E-05 
1.51257E-01 2.29340E-02 1.09492E-04 
1.46870E-01 1.85303E-02 1.25241E-04 
1.42064E-01 1.47944E-02 1.44997E-04 
1.36890E-01 1.16800E-02 1.70176E-04 
1.32672E-01 9.66035E-03 1.94641E-04 
1.31407E-01 9.12915E-03 2.02811E-04 
1.25228E-01 6.93347E-03 2.49787E-04 
1.18884E-01 5.22970E-03 3.14594E-04 
1.12476E-01 3.93228E-03 4.06202E-04 
1.06098E-01 2.96120E-03 5.39103E-04 
9.99160E-02 2.25550E-03 7.38089E-04 
9.38896E-02 1.73895E-03 1.04397E-03 
8.80225E-02 1.36297E-03 1.52909E-03 
8.23559E-02 1.08886E-03 2.32471E-03 
7.69237E-02 8.86901E-04 3.67551E-03 
7.17657E-02 7.35351E-04 6.04597E-03 
6.69591E-02 6.19178E-04 1.03175E-02 
6.27179E-02 5.29320E-04 1.80711E-02 
5.96486E-02 4.62930E-04 3.16270E-02 
5.90255E-02 4.23167E-04 5.24452E-02 
6.16038E-02 4.08965E-04 7.65391E-02 
6.46669E-02 3.97919E-04 9.37934E-02 
6.44817E-02 3.67838E-04 9.87815E-02 
1.50947E-01 4.07576E-02 7.11466E-05 
1.47568E-01 3.39178E-02 7.86815E-05 
1.43669E-01 2.78847E-02 8.77319E-05 
1.39520E-01 2.26446E-02 9.87433E-05 
1.34918E-01 1.81449E-02 1.12276E-04 
1.29946E-01 1.43544E-02 1.29195E-04 
1.24669E-01 1.12197E-02 1.50703E-04 
1.20426E-01 9.20284E-03 1.71569E-04 
1.19163E-01 8.67487E-03 1.78532E-04 
1.13034E-01 6.50494E-03 2.18499E-04 
1.06802E-01 4.83775E-03 2.73488E-04 
1.00577E-01 3.58200E-03 3.51035E-04 
9.44469E-02 2.65321E-03 4.63290E-04 
8.85717E-02 1.98549E-03 6.31074E-04 
8.28945E-02 1.50389E-03 8.88401E-04 
7.74123E-02 1.15879E-03 1.29545E-03 
7.21551E-02 9.11473E-04 1.96128E-03 
6.71470E-02 7.32618E-04 3.08845E-03 
6.24168E-02 6.00928E-04 5.06069E-03 
5.80274E-02 5.01788E-04 8.60311E-03 
5.41578E-02 4.26239E-04 1.50118E-02 
5.13239E-02 3.70942E-04 2.61759E-02 
5.06068E-02 3.37739E-04 4.32452E-02 
5.26288E-02 3.25314E-04 6.28794E-02 
5.50484E-02 3.15600E-04 7.67707E-02 
5.46939E-02 2.90973E-04 8.05546E-02 
1.40388E-01 4.09720E-02 6.51322E-05 
1.36722E-01 3.38864E-02 7.16286E-05 
1.32617E-01 2.76719E-02 7.94098E-05 
1.28252E-01 2.23039E-02 8.88433E-05 
1.23457E-01 1.77210E-02 1.00373E-04 
1.18346E-01 1.38897E-02 1.14740E-04 
1.12996E-01 1.07479E-02 1.32962E-04 
1.08734E-01 8.74173E-03 1.50593E-04 
1.07472E-01 8.21893E-03 1.56469E-04 
1.01401E-01 6.08335E-03 1.90155E-04 
9.53230E-02 4.46112E-03 2.36438E-04 
8.93285E-02 3.25315E-03 3.01604E-04 
8.34858E-02 2.37001E-03 3.95721E-04 
7.79403E-02 1.74186E-03 5.36123E-04 
7.26281E-02 1.29521E-03 7.50940E-04 
6.75436E-02 9.80037E-04 1.08985E-03 
6.27058E-02 7.58006E-04 1.64275E-03 
5.81288E-02 6.00433E-04 2.57608E-03 
5.38310E-02 4.86674E-04 4.20424E-03 
4.98608E-02 4.02643E-04 7.11947E-03 
4.63658E-02 3.39639E-04 1.23756E-02 
4.37800E-02 2.94017E-04 2.14978E-02 
4.30120E-02 2.66595E-04 3.53834E-02 
4.45685E-02 2.55922E-04 5.12555E-02 
4.64484E-02 2.47577E-04 6.23449E-02 
4.59811E-02 2.27693E-04 6.51726E-02 
1.30309E-01 4.10980E-02 5.95657E-05 
1.26382E-01 3.37777E-02 6.51234E-05 
1.22065E-01 2.73917E-02 7.17495E-05 
1.17508E-01 2.19096E-02 7.97607E-05 
1.12560E-01 1.72603E-02 8.95035E-05 
1.07339E-01 1.34024E-02 1.01595E-04 
1.01930E-01 1.02643E-02 1.16878E-04 
9.76679E-02 8.27675E-03 1.31635E-04 
9.64169E-02 7.76164E-03 1.36551E-04 
9.04501E-02 5.67121E-03 1.64714E-04 
8.45432E-02 4.10037E-03 2.03324E-04 
7.87810E-02 2.94382E-03 2.57557E-04 
7.32363E-02 2.10874E-03 3.35753E-04 
6.80379E-02 1.52161E-03 4.52240E-04 
6.31087E-02 1.11004E-03 6.30082E-04 
5.84342E-02 8.23983E-04 9.09966E-04 
5.40232E-02 6.25859E-04 1.36531E-03 
4.98802E-02 4.87882E-04 2.13181E-03 
4.60140E-02 3.90266E-04 3.46490E-03 
4.24587E-02 3.19573E-04 5.84421E-03 
3.93353E-02 2.67501E-04 1.01195E-02 
3.70040E-02 2.30251E-04 1.75110E-02 
3.62207E-02 2.07879E-04 2.87116E-02 
3.73933E-02 1.98886E-04 4.14327E-02 
3.88267E-02 1.91885E-04 5.02051E-02 
3.82935E-02 1.76090E-04 5.22825E-02 
1.20738E-01 4.11319E-02 5.44269E-05 
1.16572E-01 3.35880E-02 5.91369E-05 
1.12054E-01 2.70418E-02 6.47208E-05 
1.07316E-01 2.14584E-02 7.14479E-05 
1.02251E-01 1.67595E-02 7.96019E-05 
9.69366E-02 1.28871E-02 8.96597E-05 
9.14978E-02 9.76610E-03 1.02338E-04 
8.72633E-02 7.80702E-03 1.14567E-04 
8.60259E-02 7.30170E-03 1.18637E-04 
8.01792E-02 5.26501E-03 1.41929E-04 
7.44665E-02 3.75240E-03 1.73809E-04 
6.89650E-02 2.65223E-03 2.18520E-04 
6.37361E-02 1.86773E-03 2.82876E-04 
5.88956E-02 1.32270E-03 3.78628E-04 
5.43571E-02 9.46051E-04 5.24515E-04 
5.00966E-02 6.88198E-04 7.53573E-04 
4.61123E-02 5.12613E-04 1.12525E-03 
4.23988E-02 3.92629E-04 1.74913E-03 
3.89556E-02 3.09472E-04 2.83089E-03 
3.58060E-02 2.50518E-04 4.75534E-03 
3.30449E-02 2.07912E-04 8.20127E-03 
3.09687E-02 1.77857E-04 1.41363E-02 
3.01990E-02 1.59857E-04 2.30880E-02 
3.10597E-02 1.52439E-04 3.31882E-02 
3.21290E-02 1.46721E-04 4.00592E-02 
3.15678E-02 1.34414E-04 4.15551E-02 
1.11666E-01 4.10654E-02 4.96848E-05 
1.07297E-01 3.33142E-02 5.36375E-05 
1.02611E-01 2.66249E-02 5.82937E-05 
9.77166E-02 2.09539E-02 6.38747E-05 
9.25546E-02 1.62195E-02 7.06139E-05 
8.71811E-02 1.23478E-02 7.88794E-05 
8.17371E-02 9.25579E-03 8.92677E-05 
7.75452E-02 7.33285E-03 9.92734E-05 
7.63284E-02 6.83960E-03 1.02601E-04 
7.06209E-02 4.86511E-03 1.21633E-04 
6.51178E-02 3.41676E-03 1.47651E-04 
5.98968E-02 2.37704E-03 1.84116E-04 
5.50045E-02 1.64542E-03 2.36553E-04 
5.05317E-02 1.14328E-03 3.14488E-04 
4.63850E-02 8.01175E-04 4.32990E-04 
4.25354E-02 5.70515E-04 6.18612E-04 
3.89700E-02 4.16077E-04 9.19044E-04 
3.56747E-02 3.12544E-04 1.42190E-03 
3.26409E-02 2.42302E-04 2.29114E-03 
2.98809E-02 1.93602E-04 3.83251E-03 
2.74681E-02 1.59140E-04 6.58275E-03 
2.56423E-02 1.35218E-04 1.13009E-02 
2.49087E-02 1.20971E-04 1.83838E-02 
2.55205E-02 1.15001E-04 2.63213E-02 
2.62976E-02 1.10478E-04 3.16447E-02 
2.57380E-02 1.01119E-04 3.26964E-02 
1.03123E-01 4.09044E-02 4.53262E-05 
9.85869E-02 3.29626E-02 4.86058E-05 
9.37484E-02 2.61429E-02 5.24328E-05 
8.87229E-02 2.03986E-02 5.69956E-05 
8.34776E-02 1.56410E-02 6.24772E-05 
7.80867E-02 1.17860E-02 6.91800E-05 
7.26689E-02 8.73542E-03 7.75700E-05 
6.85331E-02 6.85581E-03 8.56364E-05 
6.73396E-02 6.37645E-03 8.83173E-05 
6.17966E-02 4.47239E-03 1.03663E-04 
5.65333E-02 3.09435E-03 1.24647E-04 
5.16093E-02 2.11836E-03 1.54047E-04 
4.70528E-02 1.44071E-03 1.96266E-04 
4.29427E-02 9.81559E-04 2.58968E-04 
3.91851E-02 6.73429E-04 3.54174E-04 
3.57386E-02 4.68854E-04 5.02990E-04 
3.25805E-02 3.34199E-04 7.43244E-04 
2.96880E-02 2.45661E-04 1.14426E-03 
2.70456E-02 1.86903E-04 1.83535E-03 
2.46550E-02 1.47113E-04 3.05670E-03 
2.25723E-02 1.19609E-04 5.22821E-03 
2.09877E-02 1.00875E-04 8.93843E-03 
2.03069E-02 8.98216E-05 1.44813E-02 
2.07240E-02 8.51612E-05 2.06495E-02 
2.12709E-02 8.17312E-05 2.47251E-02 
2.07354E-02 7.48356E-05 2.54431E-02 
9.50940E-02 4.06522E-02 4.13215E-05 
9.04006E-02 3.25281E-02 4.39931E-05 
8.54490E-02 2.55975E-02 4.70902E-05 
8.03190E-02 1.97941E-02 5.07525E-05 
7.50241E-02 1.50290E-02 5.51324E-05 
6.96327E-02 1.12024E-02 6.04618E-05 
6.42701E-02 8.20527E-03 6.71166E-05 
6.02158E-02 6.37702E-03 7.35111E-05 
5.90526E-02 5.91359E-03 7.56365E-05 
5.36893E-02 4.08677E-03 8.77987E-05 
4.86821E-02 2.78393E-03 1.04469E-04 
4.40627E-02 1.87424E-03 1.27827E-04 
3.98529E-02 1.25184E-03 1.61375E-04 
3.61096E-02 8.35838E-04 2.11193E-04 
3.27336E-02 5.60902E-04 2.86724E-04 
2.96780E-02 3.81225E-04 4.04565E-04 
2.69111E-02 2.65004E-04 5.94366E-04 
2.44020E-02 1.90088E-04 9.10289E-04 
2.21285E-02 1.41498E-04 1.45308E-03 
2.00850E-02 1.09432E-04 2.40905E-03 
1.83110E-02 8.78438E-05 4.10250E-03 
1.69556E-02 7.34724E-05 6.98404E-03 
1.63389E-02 6.51157E-05 1.12673E-02 
1.66071E-02 6.16246E-05 1.59992E-02 
1.69759E-02 5.91762E-05 1.90765E-02 
1.64805E-02 5.43260E-05 1.95486E-02 
8.76302E-02 4.03093E-02 3.76759E-05 
8.28043E-02 3.20190E-02 3.98109E-05 
7.77695E-02 2.49953E-02 4.22703E-05 
7.25682E-02 1.91498E-02 4.51498E-05 
6.72402E-02 1.43890E-02 4.85674E-05 
6.18845E-02 1.06058E-02 5.27211E-05 
5.66005E-02 7.67226E-03 5.78904E-05 
5.26455E-02 5.90188E-03 6.28611E-05 
5.15183E-02 5.45610E-03 6.45157E-05 
4.63625E-02 3.71326E-03 7.39968E-05 
4.16165E-02 2.48849E-03 8.70234E-05 
3.73081E-02 1.64659E-03 1.05319E-04 
3.34456E-02 1.07953E-03 1.31630E-04 
3.00624E-02 7.05889E-04 1.70729E-04 
2.70582E-02 4.62906E-04 2.29969E-04 
2.43769E-02 3.06664E-04 3.22239E-04 
2.19783E-02 2.07362E-04 4.70519E-04 
1.98259E-02 1.44640E-04 7.16649E-04 
1.78929E-02 1.04929E-04 1.13824E-03 
1.61673E-02 7.94488E-05 1.87817E-03 
1.46756E-02 6.28111E-05 3.18404E-03 
1.35318E-02 5.20467E-05 5.39672E-03 
1.29854E-02 4.59294E-05 8.66882E-03 
1.31439E-02 4.34606E-05 1.22564E-02 
1.33794E-02 4.18763E-05 1.45508E-02 
1.29342E-02 3.86912E-05 1.48471E-02 
8.06177E-02 3.98757E-02 3.43179E-05 
7.56900E-02 3.14347E-02 3.59776E-05 
7.05870E-02 2.43307E-02 3.78690E-05 
6.53541E-02 1.84621E-02 4.00676E-05 
6.00251E-02 1.37206E-02 4.26492E-05 
5.47247E-02 9.99195E-03 4.57807E-05 
4.95539E-02 7.13403E-03 4.96815E-05 
4.57121E-02 5.42748E-03 5.34320E-05 
4.46242E-02 5.00081E-03 5.46836E-05 
3.97024E-02 3.34850E-03 6.18993E-05 
3.52349E-02 2.20541E-03 7.18572E-05 
3.12414E-02 1.43253E-03 8.58920E-05 
2.77249E-02 9.20835E-04 1.06143E-04 
2.47009E-02 5.89016E-04 1.36328E-04 
2.20571E-02 3.76852E-04 1.82047E-04 
1.97319E-02 2.42698E-04 2.53151E-04 
1.76794E-02 1.58996E-04 3.67168E-04 
1.58591E-02 1.07256E-04 5.55919E-04 
1.42399E-02 7.53468E-05 8.78193E-04 
1.28056E-02 5.55255E-05 1.44191E-03 
1.15714E-02 4.30536E-05 2.43288E-03 
1.06227E-02 3.52876E-05 4.10462E-03 
1.01497E-02 3.10389E-05 6.56345E-03 
1.02290E-02 2.94662E-05 9.23792E-03 
1.03668E-02 2.86462E-05 1.09181E-02 
9.97695E-03 2.68199E-05 1.10901E-02 
7.40916E-02 3.93563E-02 3.12505E-05 
6.90987E-02 3.07853E-02 3.24968E-05 
6.39499E-02 2.36162E-02 3.38918E-05 
5.87139E-02 1.77405E-02 3.55019E-05 
5.34150E-02 1.30331E-02 3.73681E-05 
4.81949E-02 9.37047E-03 3.96290E-05 
4.31622E-02 6.59778E-03 4.24602E-05 
3.94588E-02 4.96134E-03 4.51969E-05 
3.84166E-02 4.55524E-03 4.61145E-05 
3.37367E-02 2.99692E-03 5.14342E-05 
2.95603E-02 1.93760E-03 5.88574E-05 
2.58947E-02 1.23436E-03 6.94112E-05 
2.27215E-02 7.77025E-04 8.47130E-05 
2.00373E-02 4.85274E-04 1.07597E-04 
1.77329E-02 3.02190E-04 1.42287E-04 
1.57398E-02 1.88504E-04 1.96201E-04 
1.40067E-02 1.18963E-04 2.82497E-04 
1.24893E-02 7.69663E-05 4.24994E-04 
1.11535E-02 5.18168E-05 6.67508E-04 
9.98026E-03 3.67834E-05 1.09025E-03 
8.97582E-03 2.77666E-05 1.83037E-03 
8.20231E-03 2.24552E-05 3.07321E-03 
7.80170E-03 1.97425E-05 4.89085E-03 
7.82702E-03 1.89437E-05 6.85123E-03 
7.89573E-03 1.87864E-05 8.05911E-03 
7.56294E-03 1.80540E-05 8.14748E-03 
6.80144E-02 3.87466E-02 2.84447E-05 
6.29888E-02 3.00693E-02 2.93321E-05 
5.78288E-02 2.28553E-02 3.03003E-05 
5.26137E-02 1.69881E-02 3.14032E-05 
4.73783E-02 1.23304E-02 3.26640E-05 
4.22637E-02 8.74520E-03 3.41905E-05 
3.73915E-02 6.06644E-03 3.61283E-05 
3.38439E-02 4.50526E-03 3.80263E-05 
3.28518E-02 4.12085E-03 3.86686E-05 
2.84332E-02 2.66034E-03 4.24356E-05 
2.45572E-02 1.68594E-03 4.77923E-05 
2.12179E-02 1.05164E-03 5.55168E-05 
1.83804E-02 6.47148E-04 6.68153E-05 
1.60239E-02 3.93627E-04 8.38181E-05 
1.40395E-02 2.37760E-04 1.09651E-04 
1.23539E-02 1.42860E-04 1.49797E-04 
1.09118E-02 8.60415E-05 2.13967E-04 
9.66655E-03 5.26088E-05 3.19664E-04 
8.58327E-03 3.32714E-05 4.99008E-04 
7.63985E-03 2.22570E-05 8.10404E-04 
6.83708E-03 1.60865E-05 1.35334E-03 
6.21802E-03 1.27702E-05 2.26065E-03 
5.88631E-03 1.13128E-05 3.57955E-03 
5.87689E-03 1.11789E-05 4.98913E-03 
5.89898E-03 1.15945E-05 5.83926E-03 
5.62153E-03 1.17364E-05 5.87365E-03 
6.23601E-02 3.80464E-02 2.58782E-05 
5.73374E-02 2.92904E-02 2.64582E-05 
5.21946E-02 2.20516E-02 2.70599E-05 
4.70279E-02 1.62101E-02 2.77313E-05 
4.18863E-02 1.16176E-02 2.84846E-05 
3.69043E-02 8.12115E-03 2.94006E-05 
3.22124E-02 5.54395E-03 3.06009E-05 
2.88367E-02 4.06254E-03 3.18164E-05 
2.78979E-02 3.70063E-03 3.22343E-05 
2.37580E-02 2.34075E-03 3.47503E-05 
2.01884E-02 1.45140E-03 3.84491E-05 
1.71733E-02 8.84627E-04 4.39157E-05 
1.46615E-02 5.30847E-04 5.20318E-05 
1.26168E-02 3.13350E-04 6.43736E-05 
1.09297E-02 1.82605E-04 8.32011E-05 
9.52471E-03 1.04699E-04 1.12490E-04 
8.34377E-03 5.91671E-05 1.59263E-04 
7.33956E-03 3.31792E-05 2.36127E-04 
6.47700E-03 1.87867E-05 3.66139E-04 
5.73287E-03 1.11231E-05 5.90977E-04 
5.10384E-03 7.28025E-06 9.81263E-04 
4.61833E-03 5.57610E-06 1.63005E-03 
4.34988E-03 5.14018E-06 2.56697E-03 
4.32005E-03 5.57656E-06 3.55831E-03 
4.31238E-03 6.48682E-06 4.14195E-03 
4.08622E-03 7.32415E-06 4.14359E-03 
5.71004E-02 3.72552E-02 2.35296E-05 
5.21060E-02 2.84460E-02 2.38449E-05 
4.70158E-02 2.12084E-02 2.41377E-05 
4.19245E-02 1.54105E-02 2.44456E-05 
3.69045E-02 1.08985E-02 2.47779E-05 
3.20819E-02 7.50244E-03 2.51944E-05 
2.75918E-02 5.03429E-03 2.57975E-05 
2.44008E-02 3.63613E-03 2.64658E-05 
2.35193E-02 3.29754E-03 2.67056E-05 
1.96699E-02 2.03979E-03 2.82303E-05 
1.64110E-02 1.23482E-03 3.06259E-05 
1.37148E-02 7.33450E-04 3.43243E-05 
1.15188E-02 4.27843E-04 3.99664E-05 
9.76647E-03 2.43730E-04 4.86796E-05 
8.35261E-03 1.35820E-04 6.20656E-05 
7.19982E-03 7.30615E-05 8.29411E-05 
6.24946E-03 3.74017E-05 1.16266E-04 
5.45484E-03 1.78041E-05 1.70917E-04 
4.78168E-03 7.57486E-06 2.63049E-04 
4.20718E-03 2.68170E-06 4.21720E-04 
3.72487E-03 7.30256E-07 6.95799E-04 
3.35241E-03 3.23053E-07 1.14876E-03 
3.14009E-03 7.17093E-07 1.79806E-03 
3.09993E-03 1.64384E-06 2.47726E-03 
3.07462E-03 2.98256E-06 2.86592E-03 
2.89411E-03 4.37230E-06 2.84948E-03 
5.22003E-02 3.63655E-02 2.13768E-05 
4.72622E-02 2.75334E-02 2.14666E-05 
4.22602E-02 2.03267E-02 2.15034E-05 
3.72753E-02 1.45937E-02 2.15111E-05 
3.24004E-02 1.01772E-02 2.14979E-05 
2.77632E-02 6.89322E-03 2.15138E-05 
2.34937E-02 4.54083E-03 2.16426E-05 
2.04988E-02 3.22883E-03 2.18820E-05 
1.96782E-02 2.91419E-03 2.19838E-05 
1.61288E-02 1.75926E-03 2.27432E-05 
1.31823E-02 1.03705E-03 2.41397E-05 
1.07975E-02 5.98275E-04 2.64883E-05 
8.89971E-03 3.37607E-04 3.02406E-05 
7.41899E-03 1.84001E-04 3.61888E-05 
6.25354E-03 9.65560E-05 4.54379E-05 
5.32493E-03 4.70954E-05 5.99296E-05 
4.57515E-03 1.99367E-05 8.30734E-05 
3.95949E-03 5.74420E-06 1.20951E-04 
3.44551E-03 -1.02291E-06 1.84562E-04 
3.01224E-03 -3.64648E-06 2.93640E-04 
2.65102E-03 -4.07044E-06 4.80971E-04 
2.37188E-03 -3.43749E-06 7.88472E-04 
2.20768E-03 -2.36835E-06 1.22541E-03 
2.16378E-03 -1.01767E-06 1.67621E-03 
2.12905E-03 6.94504E-07 1.92515E-03 
1.98753E-03 2.52348E-06 1.90027E-03 
4.76006E-02 3.53569E-02 1.93885E-05 
4.27572E-02 2.65448E-02 1.92919E-05 
3.78744E-02 1.94010E-02 1.91176E-05 
3.30287E-02 1.37580E-02 1.88816E-05 
2.83267E-02 9.45473E-03 1.85919E-05 
2.38996E-02 6.29501E-03 1.82932E-05 
1.98694E-02 4.06525E-03 1.80544E-05 
1.70807E-02 2.84194E-03 1.79664E-05 
1.63230E-02 2.55161E-03 1.79635E-05 
1.30812E-02 1.49957E-03 1.81477E-05 
1.04467E-02 8.58037E-04 1.88013E-05 
8.36348E-03 4.78612E-04 2.01464E-05 
6.74796E-03 2.59507E-04 2.24975E-05 
5.51787E-03 1.33398E-04 2.63938E-05 
4.57414E-03 6.39634E-05 3.25627E-05 
3.84081E-03 2.59747E-05 4.23033E-05 
3.26220E-03 6.02217E-06 5.78853E-05 
2.79649E-03 -3.65877E-06 8.33365E-05 
2.41376E-03 -7.57500E-06 1.25884E-04 
2.09551E-03 -8.35187E-06 1.98471E-04 
1.83201E-03 -7.54433E-06 3.22241E-04 
1.62806E-03 -6.07553E-06 5.23677E-04 
1.50370E-03 -4.45310E-06 8.06705E-04 
1.45989E-03 -2.73169E-06 1.09346E-03 
1.42088E-03 -6.90059E-07 1.24423E-03 
1.31138E-03 1.49026E-06 1.21675E-03 
4.32797E-02 3.42095E-02 1.75517E-05 
3.85733E-02 2.54729E-02 1.73065E-05 
3.38423E-02 1.84300E-02 1.69633E-05 
2.91705E-02 1.29073E-02 1.65371E-05 
2.46684E-02 8.73646E-03 1.60338E-05 
2.04744E-02 5.71349E-03 1.54981E-05 
1.67012E-02 3.61285E-03 1.49879E-05 
1.41258E-02 2.47978E-03 1.46612E-05 
1.34324E-02 2.21380E-03 1.45826E-05 
1.05017E-02 1.26344E-03 1.43572E-05 
8.17202E-03 6.99108E-04 1.44822E-05 
6.37651E-03 3.74936E-04 1.51155E-05 
5.02160E-03 1.93378E-04 1.64662E-05 
4.01683E-03 9.14323E-05 1.88905E-05 
3.26794E-03 3.74886E-05 2.28491E-05 
2.70113E-03 9.14549E-06 2.91728E-05 
2.26464E-03 -4.86057E-06 3.93156E-05 
1.92072E-03 -1.08695E-05 5.58412E-05 
1.64283E-03 -1.24865E-05 8.33075E-05 
1.41494E-03 -1.17851E-05 1.29831E-04 
1.22751E-03 -9.99536E-06 2.08396E-04 
1.08189E-03 -7.85857E-06 3.34756E-04 
9.89008E-04 -5.78285E-06 5.09471E-04 
9.47004E-04 -3.73678E-06 6.81814E-04 
9.06439E-04 -1.40490E-06 7.65578E-04 
8.22005E-04 1.05562E-06 7.38790E-04 
3.91618E-02 3.28799E-02 1.58310E-05 
3.46376E-02 2.42890E-02 1.54717E-05 
3.00984E-02 1.73973E-02 1.49991E-05 
2.56395E-02 1.20331E-02 1.44313E-05 
2.13691E-02 8.01906E-03 1.37715E-05 
1.74312E-02 5.14721E-03 1.30651E-05 
1.39327E-02 3.18311E-03 1.23658E-05 
1.15783E-02 2.14217E-03 1.18755E-05 
1.09504E-02 1.90064E-03 1.17457E-05 
8.33089E-03 1.05026E-03 1.12442E-05 
6.29857E-03 5.59493E-04 1.10149E-05 
4.77515E-03 2.86292E-04 1.11677E-05 
3.65936E-03 1.38275E-04 1.18354E-05 
2.85478E-03 5.72320E-05 1.32405E-05 
2.27346E-03 1.63295E-05 1.56551E-05 
1.84570E-03 -4.07685E-06 1.95825E-05 
1.52471E-03 -1.32700E-05 2.59047E-05 
1.27739E-03 -1.63400E-05 3.61642E-05 
1.08119E-03 -1.61261E-05 5.30734E-05 
9.22238E-04 -1.42508E-05 8.13721E-05 
7.92336E-04 -1.16798E-05 1.28457E-04 
6.90528E-04 -9.00852E-06 2.02759E-04 
6.21474E-04 -6.55940E-06 3.02786E-04 
5.81562E-04 -4.22799E-06 3.96913E-04 
5.40609E-04 -1.64028E-06 4.35902E-04 
4.74881E-04 1.04221E-06 4.11243E-04 
3.51811E-02 3.13115E-02 1.41970E-05 
3.08860E-02 2.29535E-02 1.37547E-05 
2.65882E-02 1.62814E-02 1.31919E-05 
2.23842E-02 1.11231E-02 1.25270E-05 
1.83828E-02 7.29783E-03 1.17634E-05 
1.47278E-02 4.59519E-03 1.09471E-05 
1.15227E-02 2.77650E-03 1.01306E-05 
9.39607E-03 1.82966E-03 9.54025E-06 
8.83455E-03 1.61259E-03 9.37934E-06 
6.52482E-03 8.60234E-04 8.71279E-06 
4.77924E-03 4.38908E-04 8.26926E-06 
3.50938E-03 2.12067E-04 8.12276E-06 
2.60900E-03 9.34513E-05 8.35203E-06 
1.97879E-03 3.00833E-05 9.08528E-06 
1.53845E-03 -1.14555E-07 1.04650E-05 
1.22374E-03 -1.41708E-05 1.27706E-05 
9.93686E-04 -1.95822E-05 1.64937E-05 
8.20364E-04 -2.03637E-05 2.24842E-05 
6.85335E-04 -1.87278E-05 3.22051E-05 
5.77190E-04 -1.59391E-05 4.81262E-05 
4.89094E-04 -1.27589E-05 7.38922E-05 
4.18835E-04 -9.66838E-06 1.13075E-04 
3.66863E-04 -6.91770E-06 1.62973E-04 
3.28518E-04 -4.34189E-06 2.05039E-04 
2.87380E-04 -1.53639E-06 2.14923E-04 
2.34894E-04 1.31335E-06 1.92788E-04 
3.12510E-02 2.94183E-02 1.26127E-05 
2.72392E-02 2.14065E-02 1.21172E-05 
2.32425E-02 1.50459E-02 1.15029E-05 
1.93430E-02 1.01563E-02 1.07833E-05 
1.56552E-02 6.56223E-03 9.96597E-06 
1.23160E-02 4.05308E-03 9.09573E-06 
9.42588E-03 2.39150E-03 8.22567E-06 
7.53521E-03 1.54171E-03 7.59010E-06 
7.04109E-03 1.34928E-03 7.41526E-06 
5.03804E-03 6.92896E-04 6.67318E-06 
3.56632E-03 3.36678E-04 6.12465E-06 
2.52969E-03 1.51458E-04 5.81707E-06 
1.81966E-03 5.81199E-05 5.79001E-06 
1.33777E-03 9.34675E-06 6.10712E-06 
1.01269E-03 -1.23274E-05 6.82467E-06 
7.86928E-04 -2.14739E-05 8.07349E-06 
6.25965E-04 -2.40220E-05 1.00880E-05 
5.07199E-04 -2.30919E-05 1.32627E-05 
4.16147E-04 -2.03995E-05 1.82394E-05 
3.43865E-04 -1.69361E-05 2.60058E-05 
2.84823E-04 -1.33100E-05 3.77594E-05 
2.36292E-04 -9.91480E-06 5.39563E-05 
1.95881E-04 -6.94049E-06 7.12054E-05 
1.58373E-04 -4.17412E-06 7.96719E-05 
1.16892E-04 -1.20392E-06 7.12447E-05 
7.34264E-05 1.75029E-06 5.15823E-05 
2.72764E-02 2.70901E-02 1.10373E-05 
2.36126E-02 1.95735E-02 1.05185E-05 
1.99789E-02 1.36384E-02 9.88797E-06 
1.64443E-02 9.10095E-03 9.15528E-06 
1.31236E-02 5.79477E-03 8.33235E-06 
1.01414E-02 3.51225E-03 7.46116E-06 
7.59263E-03 2.02408E-03 6.59439E-06 
5.94891E-03 1.27617E-03 5.96145E-06 
5.52363E-03 1.10885E-03 5.78704E-06 
3.82518E-03 5.47163E-04 5.04236E-06 
2.61322E-03 2.51831E-04 4.47191E-06 
1.78811E-03 1.03576E-04 4.10398E-06 
1.24294E-03 3.15703E-05 3.95018E-06 
8.83941E-04 -5.42438E-06 4.03124E-06 
6.50065E-04 -2.05465E-05 4.34876E-06 
4.91664E-04 -2.60657E-05 4.93902E-06 
3.81033E-04 -2.65700E-05 5.87402E-06 
3.00735E-04 -2.44604E-05 7.26053E-06 
2.39912E-04 -2.10698E-05 9.22418E-06 
1.91835E-04 -1.71851E-05 1.18259E-05 
1.52125E-04 -1.33017E-05 1.47391E-05 
1.17958E-04 -9.74498E-06 1.65312E-05 
8.51109E-05 -6.65529E-06 1.34866E-05 
4.81455E-05 -3.78645E-06 1.38305E-06 
6.57903E-06 -7.40658E-07 -1.77639E-05 
-3.06653E-05 2.22730E-06 -3.50926E-05 
2.31907E-02 2.42341E-02 9.43987E-06 
1.99373E-02 1.73844E-02 8.92424E-06 
1.67247E-02 1.20053E-02 8.30708E-06 
1.36187E-02 7.92170E-03 7.59989E-06 
1.07229E-02 4.97321E-03 6.81557E-06 
8.14560E-03 2.96039E-03 5.99271E-06 
5.97089E-03 1.66793E-03 5.18140E-06 
4.58845E-03 1.02931E-03 4.59286E-06 
4.23420E-03 8.88065E-04 4.43105E-06 
2.84042E-03 4.21231E-04 3.74259E-06 
1.87443E-03 1.83143E-04 3.21186E-06 
1.23873E-03 6.75674E-05 2.85284E-06 
8.33313E-04 1.33229E-05 2.65883E-06 
5.73392E-04 -1.42730E-05 2.62384E-06 
4.09233E-04 -2.45483E-05 2.71868E-06 
2.99985E-04 -2.75696E-05 2.92516E-06 
2.24612E-04 -2.67972E-05 3.22115E-06 
1.70394E-04 -2.40552E-05 3.54832E-06 
1.29602E-04 -2.03824E-05 3.73936E-06 
9.73431E-05 -1.64092E-05 3.33755E-06 
7.02272E-05 -1.25411E-05 1.18884E-06 
4.54708E-05 -9.04598E-06 -5.11763E-06 
1.80225E-05 -6.02247E-06 -1.92581E-05 
-1.74662E-05 -3.21281E-06 -4.20849E-05 
-5.75940E-05 -2.55867E-07 -6.60064E-05 
-8.97372E-05 2.57235E-06 -8.09128E-05 
1.90357E-02 2.08734E-02 7.82725E-06 
1.62273E-02 1.48413E-02 7.33122E-06 
1.34768E-02 1.01419E-02 6.75000E-06 
1.08472E-02 6.61068E-03 6.09817E-06 
8.42170E-03 4.08927E-03 5.38765E-06 
6.29207E-03 2.39176E-03 4.65506E-06 
4.52033E-03 1.31881E-03 3.94228E-06 
3.41256E-03 7.98028E-04 3.43239E-06 
3.13149E-03 6.84125E-04 3.29302E-06 
2.04158E-03 3.13140E-04 2.70523E-06 
1.30728E-03 1.29260E-04 2.25660E-06 
8.38965E-04 4.26439E-05 1.95000E-06 
5.49503E-04 3.17622E-06 1.76893E-06 
3.67723E-04 -1.67825E-05 1.69470E-06 
2.55437E-04 -2.35847E-05 1.68684E-06 
1.81289E-04 -2.50797E-05 1.70537E-06 
1.30282E-04 -2.37845E-05 1.68928E-06 
9.36620E-05 -2.10460E-05 1.51475E-06 
6.61854E-05 -1.76486E-05 9.06167E-07 
4.44182E-05 -1.40796E-05 -7.65634E-07 
2.58228E-05 -1.06565E-05 -4.87602E-06 
7.86255E-06 -7.58842E-06 -1.39864E-05 
-1.42882E-05 -4.93924E-06 -3.12975E-05 
-4.53460E-05 -2.47340E-06 -5.60532E-05 
-8.04407E-05 1.05402E-07 -7.90930E-05 
-1.06671E-04 2.53577E-06 -9.10238E-05 
1.50344E-02 1.72586E-02 6.27389E-06 
1.26718E-02 1.21262E-02 5.80789E-06 
1.03894E-02 8.17508E-03 5.27711E-06 
8.24428E-03 5.24945E-03 4.69853E-06 
6.29957E-03 3.19293E-03 4.08414E-06 
4.62414E-03 1.83276E-03 3.46604E-06 
3.25757E-03 9.89564E-04 2.87804E-06 
2.41999E-03 5.88334E-04 2.46594E-06 
2.20989E-03 5.01619E-04 2.35446E-06 
1.40747E-03 2.23288E-04 1.89057E-06 
8.81241E-04 8.90128E-05 1.54333E-06 
5.54594E-04 2.74698E-05 1.30821E-06 
3.57542E-04 1.50103E-07 1.16630E-06 
2.35638E-04 -1.34618E-05 1.09756E-06 
1.61282E-04 -1.78042E-05 1.06699E-06 
1.12296E-04 -1.85219E-05 1.03850E-06 
7.86224E-05 -1.73601E-05 9.57679E-07 
5.44657E-05 -1.52427E-05 7.16970E-07 
3.63921E-05 -1.27060E-05 8.60571E-08 
2.20924E-05 -1.00821E-05 -1.44504E-06 
9.80042E-06 -7.58656E-06 -4.95791E-06 
-2.37078E-06 -5.35998E-06 -1.24089E-05 
-1.80598E-05 -3.43927E-06 -2.60999E-05 
-4.06837E-05 -1.64939E-06 -4.50975E-05 
-6.61938E-05 2.16046E-07 -6.21771E-05 
-8.47133E-05 1.95923E-06 -7.04332E-05 
---
