PdfType: replica
Format: lhagrid1
---
1.00000E-06 1.28121E-06 1.64152E-06 2.10317E-06 2.69463E-06 3.45242E-06 4.42329E-06 5.66715E-06 7.26076E-06 9.30241E-06 1.19180E-05 1.52689E-05 1.95617E-05 2.50609E-05 3.21053E-05 4.11287E-05 5.26863E-05 6.74889E-05 8.64459E-05 1.10720E-04 1.41800E-04 1.81585E-04 2.32503E-04 2.97652E-04 3.80981E-04 4.87518E-04 6.26039E-04 8.00452E-04 1.02297E-03 1.30657E-03 1.66759E-03 2.12729E-03 2.71054E-03 3.44865E-03 4.37927E-03 5.54908E-03 7.01192E-03 8.83064E-03 1.10763E-02 1.38266E-02 1.71641E-02 2.11717E-02 2.59364E-02 3.15062E-02 3.79623E-02 4.53425E-02 5.36750E-02 6.29705E-02 7.32221E-02 8.44039E-02 9.64793E-02 1.09332E-01 1.23067E-01 1.37507E-01 1.52639E-01 1.68416E-01 1.84794E-01 2.01731E-01 2.19016E-01 2.36948E-01 2.55242E-01 2.73927E-01 2.92954E-01 3.12340E-01 3.32036E-01 3.52019E-01 3.72282E-01 3.92772E-01 4.13533E-01 4.34326E-01 4.55495E-01 4.76836E-01 4.98342E-01 5.20006E-01 5.41818E-01 5.63773E-01 5.85861E-01 6.08077E-01 6.30459E-01 6.52800E-01 6.75387E-01 6.98063E-01 7.20830E-01 7.43683E-01 7.66623E-01 7.89636E-01 8.12791E-01 8.35940E-01 8.59175E-01 8.82485E-01 9.05866E-01 9.29311E-01 9.52817E-01 9.76387E-01 1.00000E+00 
1.14018E+00 1.22539E+00 1.32482E+00 1.44156E+00 1.57954E+00 1.74381E+00 1.94091E+00 2.12132E+00 2.17945E+00 2.49622E+00 2.89383E+00 3.39925E+00 4.05063E+00 4.90286E+00 6.03623E+00 7.57063E+00 9.68869E+00 1.26749E+01 1.69835E+01 2.33578E+01 3.30501E+01 4.82334E+01 7.28041E+01 1.13998E+02 1.85779E+02 3.16228E+02 
908 909 910 
8.45216E-01 4.90727E-02 2.84113E-01 
8.60395E-01 5.80501E-02 3.34337E-01 
8.94500E-01 7.45035E-02 3.97908E-01 
9.56569E-01 9.94313E-02 4.79067E-01 
1.04070E+00 1.29696E-01 5.84544E-01 
1.15079E+00 1.66080E-01 7.25325E-01 
1.29128E+00 2.09402E-01 9.14654E-01 
1.42329E+00 2.48114E-01 1.10652E+00 
1.46644E+00 2.60417E-01 1.17338E+00 
1.70069E+00 3.25020E-01 1.56750E+00 
1.98940E+00 4.00589E-01 2.14555E+00 
2.34139E+00 4.87870E-01 3.01466E+00 
2.76599E+00 5.88310E-01 4.35189E+00 
3.27310E+00 7.59754E-01 6.48663E+00 
3.87926E+00 9.00628E-01 1.00041E+01 
4.61297E+00 1.05787E+00 1.59731E+01 
5.49593E+00 1.23248E+00 2.65051E+01 
6.55236E+00 1.42482E+00 4.57889E+01 
7.81331E+00 1.63591E+00 8.23487E+01 
9.32468E+00 1.86845E+00 1.53942E+02 
1.11774E+01 2.13212E+00 2.96007E+02 
1.36200E+01 2.46203E+00 5.68953E+02 
1.73215E+01 2.95558E+00 1.03677E+03 
2.33197E+01 3.74193E+00 1.66609E+03 
3.15213E+01 4.73815E+00 2.25201E+03 
4.02328E+01 5.64463E+00 2.62289E+03 
1.57115E+00 9.06139E-02 4.80523E-01 
1.60044E+00 1.07713E-01 5.65204E-01 
1.66571E+00 1.39020E-01 6.72423E-01 
1.78387E+00 1.86445E-01 8.10077E-01 
1.94332E+00 2.43840E-01 9.89545E-01 
2.15092E+00 3.12597E-01 1.22706E+00 
2.41464E+00 3.94223E-01 1.54684E+00 
2.66232E+00 4.67086E-01 1.87205E+00 
2.74279E+00 4.90130E-01 1.98409E+00 
3.18038E+00 6.11244E-01 2.65117E+00 
3.71819E+00 7.52383E-01 3.62816E+00 
4.37221E+00 9.15108E-01 5.09763E+00 
5.15995E+00 1.10092E+00 7.36432E+00 
6.10038E+00 1.41930E+00 1.09705E+01 
7.22171E+00 1.67822E+00 1.69002E+01 
8.57681E+00 1.96682E+00 2.69878E+01 
1.02032E+01 2.28604E+00 4.47766E+01 
1.21453E+01 2.63671E+00 7.73701E+01 
1.44582E+01 3.02020E+00 1.39231E+02 
1.72232E+01 3.44106E+00 2.60305E+02 
2.06051E+01 3.91691E+00 5.00172E+02 
2.50596E+01 4.51195E+00 9.61584E+02 
3.18114E+01 5.40369E+00 1.75301E+03 
4.27428E+01 6.82469E+00 2.81646E+03 
5.76635E+01 8.62110E+00 3.80693E+03 
7.34570E+01 1.02456E+01 4.43333E+03 
1.48760E+00 8.50551E-02 4.05685E-01 
1.51678E+00 1.01809E-01 4.77060E-01 
1.58116E+00 1.32431E-01 5.67674E-01 
1.69619E+00 1.78541E-01 6.83756E-01 
1.85061E+00 2.34198E-01 8.35290E-01 
2.05066E+00 3.00666E-01 1.03564E+00 
2.30354E+00 3.79284E-01 1.30528E+00 
2.54041E+00 4.49269E-01 1.57983E+00 
2.61709E+00 4.71330E-01 1.67384E+00 
3.03373E+00 5.87134E-01 2.23661E+00 
3.54401E+00 7.21508E-01 3.06014E+00 
4.16261E+00 8.75820E-01 4.29903E+00 
4.90581E+00 1.05117E+00 6.21280E+00 
5.79370E+00 1.35151E+00 9.25363E+00 
6.84937E+00 1.59346E+00 1.42481E+01 
8.12124E+00 1.86204E+00 2.27486E+01 
9.64310E+00 2.15785E+00 3.77431E+01 
1.14549E+01 2.48142E+00 6.52019E+01 
1.36066E+01 2.83377E+00 1.17342E+02 
1.61718E+01 3.21887E+00 2.19363E+02 
1.93019E+01 3.65287E+00 4.21419E+02 
2.34181E+01 4.19494E+00 8.09993E+02 
2.96570E+01 5.00893E+00 1.47677E+03 
3.97518E+01 6.30709E+00 2.37237E+03 
5.34981E+01 7.94336E+00 3.20639E+03 
6.79852E+01 9.41186E+00 3.73354E+03 
1.40205E+00 7.94171E-02 3.40837E-01 
1.43111E+00 9.58154E-02 4.00722E-01 
1.49427E+00 1.25623E-01 4.76769E-01 
1.60592E+00 1.70295E-01 5.74183E-01 
1.75470E+00 2.24027E-01 7.01141E-01 
1.94662E+00 2.88017E-01 8.69459E-01 
2.18801E+00 3.63400E-01 1.09555E+00 
2.41343E+00 4.30296E-01 1.32602E+00 
2.48630E+00 4.51353E-01 1.40502E+00 
2.88095E+00 5.61509E-01 1.87664E+00 
3.36277E+00 6.88812E-01 2.56761E+00 
3.94480E+00 8.34331E-01 3.60568E+00 
4.64189E+00 9.98897E-01 5.20903E+00 
5.47610E+00 1.28080E+00 7.75985E+00 
6.46526E+00 1.50566E+00 1.19501E+01 
7.65255E+00 1.75408E+00 1.90718E+01 
9.06902E+00 2.02655E+00 3.16422E+01 
1.07500E+01 2.32326E+00 5.46458E+01 
1.27406E+01 2.64494E+00 9.83312E+01 
1.51074E+01 2.99509E+00 1.83792E+02 
1.79888E+01 3.38843E+00 3.53116E+02 
2.17718E+01 3.87917E+00 6.78520E+02 
2.75040E+01 4.61750E+00 1.23684E+03 
3.67749E+01 5.79634E+00 1.98681E+03 
4.93697E+01 7.27777E+00 2.68508E+03 
6.25842E+01 8.59698E+00 3.12631E+03 
1.32139E+00 7.41003E-02 2.86118E-01 
1.35047E+00 9.02093E-02 3.36368E-01 
1.41237E+00 1.19206E-01 3.99994E-01 
1.52077E+00 1.62524E-01 4.81783E-01 
1.66424E+00 2.14440E-01 5.88278E-01 
1.84818E+00 2.76006E-01 7.29123E-01 
2.07860E+00 3.48290E-01 9.18596E-01 
2.29307E+00 4.12221E-01 1.11190E+00 
2.36220E+00 4.32292E-01 1.17795E+00 
2.73605E+00 5.37063E-01 1.57342E+00 
3.19065E+00 6.57553E-01 2.15201E+00 
3.73815E+00 7.94701E-01 3.02205E+00 
4.39179E+00 9.49103E-01 4.36488E+00 
5.17463E+00 1.21352E+00 6.49881E+00 
6.10067E+00 1.42208E+00 1.00092E+01 
7.20842E+00 1.65159E+00 1.59735E+01 
8.52552E+00 1.90219E+00 2.64919E+01 
1.00842E+01 2.17388E+00 4.57596E+01 
1.19242E+01 2.46712E+00 8.23198E+01 
1.41059E+01 2.78492E+00 1.53861E+02 
1.67555E+01 3.14070E+00 2.95525E+02 
2.02301E+01 3.58434E+00 5.67978E+02 
2.54927E+01 4.25316E+00 1.03520E+03 
3.39998E+01 5.32220E+00 1.66271E+03 
4.55295E+01 6.66165E+00 2.24694E+03 
5.75726E+01 7.84494E+00 2.61611E+03 
1.24539E+00 6.90847E-02 2.39825E-01 
1.27454E+00 8.49435E-02 2.81968E-01 
1.33524E+00 1.13180E-01 3.35234E-01 
1.44039E+00 1.55179E-01 4.03624E-01 
1.57880E+00 2.05364E-01 4.92899E-01 
1.75521E+00 2.64641E-01 6.10914E-01 
1.97505E+00 3.33925E-01 7.69408E-01 
2.17892E+00 3.94983E-01 9.31119E-01 
2.24455E+00 4.14121E-01 9.86451E-01 
2.59844E+00 5.13700E-01 1.31741E+00 
3.02727E+00 6.27702E-01 1.80183E+00 
3.54187E+00 7.56824E-01 2.52958E+00 
4.15449E+00 9.01575E-01 3.65415E+00 
4.88881E+00 1.14915E+00 5.43990E+00 
5.75488E+00 1.34252E+00 8.37412E+00 
6.78778E+00 1.55436E+00 1.33676E+01 
8.01160E+00 1.78453E+00 2.21662E+01 
9.45539E+00 2.03290E+00 3.82826E+01 
1.11548E+01 2.29973E+00 6.88656E+01 
1.31642E+01 2.58765E+00 1.28716E+02 
1.55984E+01 2.90887E+00 2.47196E+02 
1.87859E+01 3.30910E+00 4.75019E+02 
2.36137E+01 3.91410E+00 8.65832E+02 
3.14141E+01 4.88239E+00 1.39069E+03 
4.19602E+01 6.09187E+00 1.87933E+03 
5.29249E+01 7.15144E+00 2.18809E+03 
1.17380E+00 6.43590E-02 2.00775E-01 
1.20284E+00 7.99248E-02 2.36011E-01 
1.26264E+00 1.07528E-01 2.80646E-01 
1.36470E+00 1.48277E-01 3.37801E-01 
1.49809E+00 1.96773E-01 4.12397E-01 
1.66720E+00 2.53833E-01 5.11071E-01 
1.87702E+00 3.20265E-01 6.43757E-01 
2.07073E+00 3.78561E-01 7.78865E-01 
2.13299E+00 3.96796E-01 8.25200E-01 
2.46788E+00 4.91402E-01 1.10196E+00 
2.87216E+00 5.99183E-01 1.50711E+00 
3.35556E+00 7.20618E-01 2.11547E+00 
3.92916E+00 8.56070E-01 3.05503E+00 
4.61768E+00 1.08792E+00 4.54922E+00 
5.42717E+00 1.26694E+00 7.00167E+00 
6.38922E+00 1.46212E+00 1.11746E+01 
7.52563E+00 1.67319E+00 1.85346E+01 
8.86174E+00 1.89986E+00 3.19993E+01 
1.04299E+01 2.14223E+00 5.75787E+01 
1.22786E+01 2.40254E+00 1.07587E+02 
1.45132E+01 2.69201E+00 2.06668E+02 
1.74349E+01 3.05245E+00 3.97126E+02 
2.18592E+01 3.59877E+00 7.23824E+02 
2.90056E+01 4.47462E+00 1.16263E+03 
3.86434E+01 5.56516E+00 1.57118E+03 
4.86167E+01 6.51236E+00 1.82943E+03 
1.10637E+00 5.99085E-02 1.67922E-01 
1.13532E+00 7.52095E-02 1.97329E-01 
1.19420E+00 1.02196E-01 2.34613E-01 
1.29338E+00 1.41781E-01 2.82442E-01 
1.42196E+00 1.88668E-01 3.44738E-01 
1.58406E+00 2.43602E-01 4.27190E-01 
1.78410E+00 3.07259E-01 5.37994E-01 
1.96821E+00 3.62913E-01 6.51004E-01 
2.02717E+00 3.80265E-01 6.89553E-01 
2.34383E+00 4.70069E-01 9.20676E-01 
2.72473E+00 5.71881E-01 1.25917E+00 
3.17863E+00 6.86029E-01 1.76761E+00 
3.71543E+00 8.12594E-01 2.55246E+00 
4.36039E+00 1.02958E+00 3.80094E+00 
5.11653E+00 1.19510E+00 5.85100E+00 
6.01188E+00 1.37464E+00 9.33640E+00 
7.06606E+00 1.56789E+00 1.54858E+01 
8.30158E+00 1.77438E+00 2.67384E+01 
9.74717E+00 1.99408E+00 4.81114E+01 
1.14466E+01 2.22898E+00 8.99072E+01 
1.34955E+01 2.48923E+00 1.72687E+02 
1.61709E+01 2.81319E+00 3.31870E+02 
2.02222E+01 3.30577E+00 6.04927E+02 
2.67631E+01 4.09680E+00 9.71700E+02 
3.55633E+01 5.07871E+00 1.31329E+03 
4.46260E+01 5.92398E+00 1.52931E+03 
1.04288E+00 5.57195E-02 1.40262E-01 
1.07191E+00 7.08322E-02 1.64844E-01 
1.12974E+00 9.71817E-02 1.95909E-01 
1.22615E+00 1.35662E-01 2.35897E-01 
1.35006E+00 1.81006E-01 2.87898E-01 
1.50542E+00 2.33900E-01 3.56820E-01 
1.69619E+00 2.94897E-01 4.49375E-01 
1.87095E+00 3.47988E-01 5.43634E-01 
1.92695E+00 3.64529E-01 5.76057E-01 
2.22626E+00 4.49741E-01 7.69045E-01 
2.58493E+00 5.45836E-01 1.05181E+00 
3.01077E+00 6.53006E-01 1.47632E+00 
3.51268E+00 7.71160E-01 2.13158E+00 
4.11635E+00 9.73950E-01 3.17426E+00 
4.82203E+00 1.12679E+00 4.88651E+00 
5.65470E+00 1.29171E+00 7.79850E+00 
6.63165E+00 1.46832E+00 1.29337E+01 
7.77307E+00 1.65607E+00 2.23368E+01 
9.10430E+00 1.85481E+00 4.01855E+01 
1.06649E+01 2.06629E+00 7.51149E+01 
1.25418E+01 2.29976E+00 1.44290E+02 
1.49890E+01 2.59028E+00 2.77284E+02 
1.86953E+01 3.03367E+00 5.05498E+02 
2.46769E+01 3.74706E+00 8.12093E+02 
3.27047E+01 4.62982E+00 1.09771E+03 
4.09311E+01 5.38265E+00 1.27843E+03 
9.83154E-01 5.17844E-02 1.17078E-01 
1.01216E+00 6.66939E-02 1.37610E-01 
1.06927E+00 9.25351E-02 1.63568E-01 
1.16279E+00 1.29917E-01 1.96907E-01 
1.28230E+00 1.73796E-01 2.40381E-01 
1.43104E+00 2.24692E-01 2.97790E-01 
1.61290E+00 2.83135E-01 3.75153E-01 
1.77877E+00 3.33768E-01 4.53811E-01 
1.83177E+00 3.49493E-01 4.80834E-01 
2.11458E+00 4.30296E-01 6.42036E-01 
2.45210E+00 5.20926E-01 8.78123E-01 
2.85141E+00 6.21470E-01 1.23266E+00 
3.32050E+00 7.31822E-01 1.78019E+00 
3.88494E+00 9.21097E-01 2.65017E+00 
4.54297E+00 1.06189E+00 4.08042E+00 
5.31657E+00 1.21311E+00 6.51222E+00 
6.22117E+00 1.37420E+00 1.08019E+01 
7.27455E+00 1.54456E+00 1.86549E+01 
8.49934E+00 1.72395E+00 3.35703E+01 
9.93067E+00 1.91386E+00 6.27435E+01 
1.16481E+01 2.12279E+00 1.20549E+02 
1.38846E+01 2.38281E+00 2.31718E+02 
1.72716E+01 2.78114E+00 4.22450E+02 
2.27369E+01 3.42353E+00 6.78763E+02 
3.00526E+01 4.21581E+00 9.17611E+02 
3.75120E+01 4.88504E+00 1.06887E+03 
9.26982E-01 4.80878E-02 9.76994E-02 
9.55886E-01 6.27884E-02 1.14807E-01 
1.01243E+00 8.81988E-02 1.36525E-01 
1.10314E+00 1.24527E-01 1.64298E-01 
1.21830E+00 1.66980E-01 2.00581E-01 
1.36083E+00 2.15992E-01 2.48580E-01 
1.53396E+00 2.71937E-01 3.13026E-01 
1.69137E+00 3.20211E-01 3.78779E-01 
1.74152E+00 3.35160E-01 4.01264E-01 
2.00847E+00 4.11699E-01 5.35742E-01 
2.32585E+00 4.97087E-01 7.32766E-01 
2.70001E+00 5.91271E-01 1.02887E+00 
3.13806E+00 6.94067E-01 1.48612E+00 
3.66557E+00 8.70588E-01 2.21304E+00 
4.27849E+00 1.00018E+00 3.40674E+00 
4.99663E+00 1.13861E+00 5.43879E+00 
5.83333E+00 1.28526E+00 9.02045E+00 
6.80450E+00 1.43950E+00 1.55828E+01 
7.92997E+00 1.60101E+00 2.80399E+01 
9.24160E+00 1.77115E+00 5.24233E+01 
1.08113E+01 1.95761E+00 1.00725E+02 
1.28527E+01 2.18973E+00 1.93641E+02 
1.59448E+01 2.54692E+00 3.53100E+02 
2.09337E+01 3.12445E+00 5.67447E+02 
2.75943E+01 3.83441E+00 7.67279E+02 
3.43505E+01 4.42805E+00 8.93926E+02 
8.74240E-01 4.46324E-02 8.15304E-02 
9.03025E-01 5.91477E-02 9.57743E-02 
9.58849E-01 8.40996E-02 1.13905E-01 
1.04706E+00 1.19490E-01 1.37121E-01 
1.15797E+00 1.60569E-01 1.67365E-01 
1.29435E+00 2.07734E-01 2.07401E-01 
1.45931E+00 2.61314E-01 2.61310E-01 
1.60849E+00 3.07289E-01 3.16109E-01 
1.65598E+00 3.21498E-01 3.34971E-01 
1.90790E+00 3.93982E-01 4.47303E-01 
2.20609E+00 4.74324E-01 6.11736E-01 
2.55636E+00 5.62410E-01 8.59022E-01 
2.96495E+00 6.57979E-01 1.24050E+00 
3.45749E+00 8.22557E-01 1.84784E+00 
4.02801E+00 9.41607E-01 2.84536E+00 
4.69387E+00 1.06805E+00 4.54203E+00 
5.46708E+00 1.20126E+00 7.53583E+00 
6.36143E+00 1.34056E+00 1.30182E+01 
7.39467E+00 1.48563E+00 2.34300E+01 
8.59498E+00 1.63760E+00 4.38093E+01 
1.00280E+01 1.80354E+00 8.41926E+01 
1.18893E+01 2.01024E+00 1.61883E+02 
1.47093E+01 2.32989E+00 2.95236E+02 
1.92583E+01 2.84818E+00 4.74546E+02 
2.53163E+01 3.48324E+00 6.41802E+02 
3.14286E+01 4.00870E+00 7.47903E+02 
8.24689E-01 4.13989E-02 6.80282E-02 
8.53550E-01 5.58169E-02 7.99479E-02 
9.08842E-01 8.03964E-02 9.50755E-02 
9.94279E-01 1.14787E-01 1.14418E-01 
1.10112E+00 1.54554E-01 1.39706E-01 
1.23162E+00 1.99945E-01 1.73128E-01 
1.38856E+00 2.51205E-01 2.18107E-01 
1.52995E+00 2.94986E-01 2.63906E-01 
1.57482E+00 3.08470E-01 2.79606E-01 
1.81234E+00 3.77024E-01 3.73417E-01 
2.09235E+00 4.52565E-01 5.10797E-01 
2.42000E+00 5.34904E-01 7.17294E-01 
2.80094E+00 6.23690E-01 1.03610E+00 
3.26022E+00 7.76866E-01 1.54307E+00 
3.79070E+00 8.85984E-01 2.37681E+00 
4.40748E+00 1.00123E+00 3.79391E+00 
5.12123E+00 1.12195E+00 6.29674E+00 
5.94395E+00 1.24745E+00 1.08782E+01 
6.89127E+00 1.37734E+00 1.95834E+01 
7.98851E+00 1.51269E+00 3.66235E+01 
9.29511E+00 1.65992E+00 7.03918E+01 
1.09902E+01 1.84346E+00 1.35378E+02 
1.35595E+01 2.12896E+00 2.46959E+02 
1.77030E+01 2.59323E+00 3.97028E+02 
2.32069E+01 3.16024E+00 5.37083E+02 
2.87301E+01 3.62428E+00 6.26026E+02 
7.78176E-01 3.83830E-02 5.67400E-02 
8.07035E-01 5.26877E-02 6.67114E-02 
8.61698E-01 7.69049E-02 7.93216E-02 
9.44653E-01 1.10409E-01 9.54951E-02 
1.04749E+00 1.48902E-01 1.16601E-01 
1.17237E+00 1.92587E-01 1.44556E-01 
1.32152E+00 2.41599E-01 1.82041E-01 
1.45546E+00 2.83261E-01 2.20364E-01 
1.49782E+00 2.96051E-01 2.33434E-01 
1.72156E+00 3.60815E-01 3.11762E-01 
1.98428E+00 4.31757E-01 4.26533E-01 
2.29051E+00 5.08618E-01 5.98960E-01 
2.64534E+00 5.90970E-01 8.65555E-01 
3.07329E+00 7.33298E-01 1.28926E+00 
3.56605E+00 8.33151E-01 1.98597E+00 
4.13681E+00 9.37979E-01 3.17134E+00 
4.79479E+00 1.04710E+00 5.26243E+00 
5.55074E+00 1.15983E+00 9.09533E+00 
6.41820E+00 1.27580E+00 1.63733E+01 
7.41991E+00 1.39594E+00 3.06252E+01 
8.60978E+00 1.52612E+00 5.88822E+01 
1.01514E+01 1.68861E+00 1.13255E+02 
1.24894E+01 1.94299E+00 2.06661E+02 
1.62602E+01 2.35816E+00 3.32338E+02 
2.12550E+01 2.86344E+00 4.49687E+02 
2.62396E+01 3.27221E+00 5.24293E+02 
7.34638E-01 3.55979E-02 4.73755E-02 
7.63357E-01 4.97692E-02 5.56898E-02 
8.17544E-01 7.36988E-02 6.62275E-02 
8.98046E-01 1.06357E-01 7.97322E-02 
9.97003E-01 1.43621E-01 9.73554E-02 
1.11632E+00 1.85638E-01 1.20687E-01 
1.25812E+00 2.32496E-01 1.52052E-01 
1.38480E+00 2.72098E-01 1.84015E-01 
1.42486E+00 2.84233E-01 1.95008E-01 
1.63550E+00 3.45378E-01 2.60464E-01 
1.88179E+00 4.11906E-01 3.56412E-01 
2.16767E+00 4.83487E-01 5.00472E-01 
2.49777E+00 5.59711E-01 7.23227E-01 
2.89612E+00 6.91877E-01 1.07748E+00 
3.35322E+00 7.83000E-01 1.65972E+00 
3.88080E+00 8.78108E-01 2.65127E+00 
4.48673E+00 9.76468E-01 4.40030E+00 
5.18045E+00 1.07744E+00 7.60562E+00 
5.97397E+00 1.18065E+00 1.36985E+01 
6.88717E+00 1.28689E+00 2.56258E+01 
7.96921E+00 1.40157E+00 4.92765E+01 
9.36970E+00 1.54499E+00 9.48105E+01 
1.14945E+01 1.77107E+00 1.73029E+02 
1.49220E+01 2.14157E+00 2.78329E+02 
1.94498E+01 2.59093E+00 3.76724E+02 
2.39426E+01 2.95010E+00 4.39350E+02 
6.93934E-01 3.30356E-02 3.95693E-02 
7.22570E-01 4.71293E-02 4.65082E-02 
7.76339E-01 7.08299E-02 5.53160E-02 
8.54381E-01 1.02649E-01 6.66113E-02 
9.49499E-01 1.38709E-01 8.13302E-02 
1.06340E+00 1.79101E-01 1.00806E-01 
1.19814E+00 2.23881E-01 1.27066E-01 
1.31785E+00 2.61487E-01 1.53746E-01 
1.35560E+00 2.72966E-01 1.62919E-01 
1.55375E+00 3.30623E-01 2.17666E-01 
1.78434E+00 3.92914E-01 2.97811E-01 
2.05108E+00 4.59496E-01 4.18354E-01 
2.35790E+00 5.29854E-01 6.04565E-01 
2.72829E+00 6.52422E-01 9.00990E-01 
3.15187E+00 7.35443E-01 1.38800E+00 
3.63886E+00 8.21480E-01 2.21720E+00 
4.19625E+00 9.09893E-01 3.68138E+00 
4.83197E+00 1.00001E+00 6.36297E+00 
5.55664E+00 1.09149E+00 1.14626E+01 
6.38818E+00 1.18509E+00 2.14521E+01 
7.37079E+00 1.28571E+00 4.12577E+01 
8.64124E+00 1.41184E+00 7.94038E+01 
1.05704E+01 1.61232E+00 1.44964E+02 
1.36820E+01 1.94222E+00 2.33245E+02 
1.77816E+01 2.34099E+00 3.15794E+02 
2.18256E+01 2.65570E+00 3.68408E+02 
6.55920E-01 3.06996E-02 3.30538E-02 
6.84363E-01 4.46994E-02 3.88507E-02 
7.37851E-01 6.82479E-02 4.62151E-02 
8.13395E-01 9.92524E-02 5.56526E-02 
9.04808E-01 1.34158E-01 6.79711E-02 
1.01349E+00 1.72981E-01 8.42478E-02 
1.14128E+00 2.15714E-01 1.06180E-01 
1.25440E+00 2.51405E-01 1.28518E-01 
1.28996E+00 2.62261E-01 1.36173E-01 
1.47610E+00 3.16541E-01 1.81929E-01 
1.69186E+00 3.74772E-01 2.48967E-01 
1.94044E+00 4.36582E-01 3.49806E-01 
2.22531E+00 5.01516E-01 5.05609E-01 
2.56923E+00 6.14969E-01 7.53515E-01 
2.96139E+00 6.90362E-01 1.16139E+00 
3.41038E+00 7.67963E-01 1.85534E+00 
3.92233E+00 8.47142E-01 3.08128E+00 
4.50416E+00 9.27283E-01 5.32740E+00 
5.16510E+00 1.00804E+00 9.59841E+00 
5.92103E+00 1.09013E+00 1.79647E+01 
6.81209E+00 1.17802E+00 3.45648E+01 
7.96292E+00 1.28852E+00 6.65389E+01 
9.71193E+00 1.46576E+00 1.21515E+02 
1.25338E+01 1.75893E+00 1.95589E+02 
1.62411E+01 2.11201E+00 2.64903E+02 
1.98761E+01 2.38695E+00 3.09143E+02 
6.20468E-01 2.86020E-02 2.76215E-02 
6.48706E-01 4.25190E-02 3.24754E-02 
7.01837E-01 6.59414E-02 3.86225E-02 
7.74995E-01 9.61845E-02 4.65039E-02 
8.62743E-01 1.29963E-01 5.68077E-02 
9.66407E-01 1.67260E-01 7.04423E-02 
1.08747E+00 2.08002E-01 8.87531E-02 
1.19422E+00 2.41834E-01 1.07455E-01 
1.22773E+00 2.52096E-01 1.13870E-01 
1.40246E+00 3.03135E-01 1.52153E-01 
1.60410E+00 3.57480E-01 2.08271E-01 
1.83546E+00 4.14739E-01 2.92611E-01 
2.09964E+00 4.74262E-01 4.23044E-01 
2.41861E+00 5.79240E-01 6.30504E-01 
2.78110E+00 6.47576E-01 9.71916E-01 
3.19450E+00 7.17348E-01 1.55316E+00 
3.66410E+00 7.88021E-01 2.57972E+00 
4.19591E+00 8.59004E-01 4.46256E+00 
4.79784E+00 9.29987E-01 8.04148E+00 
5.48406E+00 1.00163E+00 1.50568E+01 
6.29078E+00 1.07801E+00 2.89758E+01 
7.33178E+00 1.17441E+00 5.57990E+01 
8.91544E+00 1.33066E+00 1.01933E+02 
1.14711E+01 1.59054E+00 1.64131E+02 
1.48196E+01 1.90244E+00 2.22384E+02 
1.80822E+01 2.14187E+00 2.59617E+02 
5.87507E-01 2.67507E-02 2.30929E-02 
6.15525E-01 4.06060E-02 2.71497E-02 
6.68426E-01 6.40026E-02 3.22971E-02 
7.39148E-01 9.34799E-02 3.88995E-02 
8.23248E-01 1.26138E-01 4.75055E-02 
9.21972E-01 1.61931E-01 5.89124E-02 
1.03662E+00 2.00758E-01 7.42494E-02 
1.13721E+00 2.32775E-01 8.98836E-02 
1.16869E+00 2.42447E-01 9.52367E-02 
1.33253E+00 2.90354E-01 1.27292E-01 
1.52080E+00 3.41002E-01 1.74294E-01 
1.73588E+00 3.93921E-01 2.44899E-01 
1.98061E+00 4.48816E-01 3.54098E-01 
2.27609E+00 5.45541E-01 5.27969E-01 
2.61070E+00 6.07070E-01 8.14084E-01 
2.99081E+00 6.69570E-01 1.30122E+00 
3.42089E+00 7.32374E-01 2.16125E+00 
3.90619E+00 7.94948E-01 3.74022E+00 
4.45350E+00 8.57013E-01 6.74063E+00 
5.07540E+00 9.19176E-01 1.26266E+01 
5.80464E+00 9.85189E-01 2.43075E+01 
6.74480E+00 1.06890E+00 4.68244E+01 
8.17686E+00 1.20623E+00 8.55759E+01 
1.04885E+01 1.43603E+00 1.37845E+02 
1.35086E+01 1.71083E+00 1.86841E+02 
1.64327E+01 1.91865E+00 2.18214E+02 
5.56945E-01 2.51548E-02 1.93228E-02 
5.84788E-01 3.90025E-02 2.27175E-02 
6.37352E-01 6.23951E-02 2.70181E-02 
7.05661E-01 9.11242E-02 3.25446E-02 
7.86199E-01 1.22691E-01 3.97498E-02 
8.80093E-01 1.57017E-01 4.92966E-02 
9.88524E-01 1.93956E-01 6.21455E-02 
1.08320E+00 2.24217E-01 7.52247E-02 
1.11279E+00 2.33324E-01 7.97267E-02 
1.26618E+00 2.78202E-01 1.06546E-01 
1.44167E+00 3.25247E-01 1.45901E-01 
1.64147E+00 3.74000E-01 2.05127E-01 
1.86783E+00 4.24166E-01 2.96576E-01 
2.14109E+00 5.13353E-01 4.42261E-01 
2.44953E+00 5.68690E-01 6.81998E-01 
2.79858E+00 6.24462E-01 1.09061E+00 
3.19192E+00 6.80018E-01 1.81235E+00 
3.63404E+00 7.34895E-01 3.13655E+00 
4.13090E+00 7.88847E-01 5.65574E+00 
4.69353E+00 8.42448E-01 1.05957E+01 
5.35161E+00 8.99136E-01 2.04067E+01 
6.19941E+00 9.71464E-01 3.93285E+01 
7.49233E+00 1.09173E+00 7.19016E+01 
9.58068E+00 1.29441E+00 1.15872E+02 
1.23010E+01 1.53590E+00 1.57134E+02 
1.49175E+01 1.71561E+00 1.83597E+02 
5.28685E-01 2.38462E-02 1.61689E-02 
5.56177E-01 3.76400E-02 1.90125E-02 
6.08612E-01 6.11737E-02 2.26113E-02 
6.74437E-01 8.91477E-02 2.72396E-02 
7.51447E-01 1.19633E-01 3.32739E-02 
8.40615E-01 1.52504E-01 4.12658E-02 
9.43026E-01 1.87607E-01 5.20298E-02 
1.03205E+00 2.16151E-01 6.29977E-02 
1.05977E+00 2.24701E-01 6.67554E-02 
1.20323E+00 2.66662E-01 8.92413E-02 
1.36663E+00 3.10262E-01 1.22204E-01 
1.55188E+00 3.55116E-01 1.71828E-01 
1.76100E+00 4.00451E-01 2.48556E-01 
2.01342E+00 4.82651E-01 3.70750E-01 
2.29730E+00 5.32370E-01 5.71833E-01 
2.61721E+00 5.81884E-01 9.14580E-01 
2.97638E+00 6.30779E-01 1.52064E+00 
3.37854E+00 6.78631E-01 2.63228E+00 
3.82885E+00 7.25224E-01 4.74945E+00 
4.33697E+00 7.71105E-01 8.90033E+00 
4.92971E+00 8.19420E-01 1.71475E+01 
5.69283E+00 8.81540E-01 3.30597E+01 
6.85857E+00 9.86496E-01 6.04739E+01 
8.74253E+00 1.16476E+00 9.75058E+01 
1.11894E+01 1.37635E+00 1.32290E+02 
1.35267E+01 1.53116E+00 1.54643E+02 
5.02650E-01 2.28535E-02 1.35365E-02 
5.29572E-01 3.65255E-02 1.59172E-02 
5.82038E-01 6.03409E-02 1.89356E-02 
6.45352E-01 8.75688E-02 2.28084E-02 
7.18895E-01 1.16981E-01 2.78691E-02 
8.03466E-01 1.48420E-01 3.45682E-02 
8.99991E-01 1.81699E-01 4.35783E-02 
9.83582E-01 2.08574E-01 5.27830E-02 
1.00957E+00 2.16603E-01 5.59370E-02 
1.14356E+00 2.55732E-01 7.47965E-02 
1.29549E+00 2.96052E-01 1.02455E-01 
1.46698E+00 3.37139E-01 1.44042E-01 
1.65996E+00 3.78690E-01 2.08460E-01 
1.89270E+00 4.53837E-01 3.11080E-01 
2.15359E+00 4.98030E-01 4.79979E-01 
2.44636E+00 5.41757E-01 7.67948E-01 
2.77371E+00 5.84525E-01 1.27693E+00 
3.13883E+00 6.25956E-01 2.21125E+00 
3.54614E+00 6.65878E-01 3.99083E+00 
4.00423E+00 7.04822E-01 7.48422E+00 
4.53717E+00 7.45659E-01 1.44247E+01 
5.22290E+00 7.98668E-01 2.78233E+01 
6.27224E+00 8.89882E-01 5.09198E+01 
7.96930E+00 1.04619E+00 8.21444E+01 
1.01669E+01 1.23103E+00 1.11509E+02 
1.22514E+01 1.36382E+00 1.30418E+02 
4.78769E-01 2.22039E-02 1.13457E-02 
5.05132E-01 3.57794E-02 1.33374E-02 
5.57573E-01 5.99583E-02 1.58696E-02 
6.18373E-01 8.64313E-02 1.91151E-02 
6.88428E-01 1.14757E-01 2.33551E-02 
7.68500E-01 1.44768E-01 2.89772E-02 
8.59382E-01 1.76261E-01 3.65397E-02 
9.37699E-01 2.01493E-01 4.42521E-02 
9.61988E-01 2.08994E-01 4.68988E-02 
1.08690E+00 2.45367E-01 6.27176E-02 
1.22792E+00 2.82503E-01 8.59274E-02 
1.38656E+00 3.20019E-01 1.20881E-01 
1.56429E+00 3.57574E-01 1.74963E-01 
1.77854E+00 4.26410E-01 2.61180E-01 
2.01786E+00 4.65549E-01 4.03127E-01 
2.28532E+00 5.03935E-01 6.45211E-01 
2.58325E+00 5.41102E-01 1.07357E+00 
2.91417E+00 5.76689E-01 1.86009E+00 
3.28185E+00 6.10581E-01 3.35793E+00 
3.69395E+00 6.43298E-01 6.29916E+00 
4.17218E+00 6.77468E-01 1.21486E+01 
4.78724E+00 7.22367E-01 2.34459E+01 
5.73030E+00 8.01294E-01 4.29316E+01 
7.25684E+00 9.37914E-01 6.92983E+01 
9.22760E+00 1.09888E+00 9.41266E+01 
1.10833E+01 1.21224E+00 1.10147E+02 
4.56918E-01 2.19088E-02 9.51496E-03 
4.82827E-01 3.54568E-02 1.11846E-02 
5.35028E-01 6.00286E-02 1.33067E-02 
5.93353E-01 8.57527E-02 1.60336E-02 
6.59944E-01 1.12976E-01 1.95891E-02 
7.35583E-01 1.41558E-01 2.43031E-02 
8.21004E-01 1.71279E-01 3.06606E-02 
8.94276E-01 1.94905E-01 3.71357E-02 
9.16951E-01 2.01895E-01 3.93583E-02 
1.03323E+00 2.35599E-01 5.26512E-02 
1.16396E+00 2.69668E-01 7.21646E-02 
1.31038E+00 3.03749E-01 1.01539E-01 
1.47379E+00 3.37187E-01 1.46999E-01 
1.67065E+00 4.00199E-01 2.19467E-01 
1.88986E+00 4.34877E-01 3.38982E-01 
2.13379E+00 4.68337E-01 5.42786E-01 
2.40428E+00 5.00342E-01 9.03490E-01 
2.70360E+00 5.30627E-01 1.56613E+00 
3.03495E+00 5.59103E-01 2.82930E+00 
3.40490E+00 5.86252E-01 5.30946E+00 
3.83307E+00 6.14491E-01 1.02454E+01 
4.38365E+00 6.52190E-01 1.97841E+01 
5.22979E+00 7.20157E-01 3.62504E+01 
6.60087E+00 8.39168E-01 5.85521E+01 
8.36541E+00 9.78842E-01 7.95793E+01 
1.00143E+01 1.07514E+00 9.31767E+01 
4.37082E-01 2.20592E-02 7.98408E-03 
4.62329E-01 3.54946E-02 9.38718E-03 
5.14482E-01 6.06800E-02 1.11670E-02 
5.70185E-01 8.55788E-02 1.34578E-02 
6.33365E-01 1.11681E-01 1.64486E-02 
7.04660E-01 1.38819E-01 2.04073E-02 
7.84744E-01 1.66770E-01 2.57460E-02 
8.53172E-01 1.88810E-01 3.11903E-02 
8.74314E-01 1.95304E-01 3.30637E-02 
9.82381E-01 2.26408E-01 4.42495E-02 
1.10333E+00 2.57531E-01 6.06626E-02 
1.23825E+00 2.88316E-01 8.53813E-02 
1.38833E+00 3.18556E-01 1.23676E-01 
1.56887E+00 3.75710E-01 1.84764E-01 
1.76922E+00 4.05909E-01 2.85454E-01 
1.99122E+00 4.34830E-01 4.57331E-01 
2.23637E+00 4.62139E-01 7.61459E-01 
2.50658E+00 4.87621E-01 1.32073E+00 
2.80444E+00 5.11216E-01 2.38698E+00 
3.13586E+00 5.33410E-01 4.48345E+00 
3.51840E+00 5.56405E-01 8.65510E+00 
4.01022E+00 5.87733E-01 1.67230E+01 
4.76809E+00 6.45953E-01 3.06620E+01 
5.99752E+00 7.49232E-01 4.95585E+01 
7.57486E+00 8.69988E-01 6.74015E+01 
9.03722E+00 9.51331E-01 7.89650E+01 
4.19175E-01 2.26931E-02 6.70650E-03 
4.43588E-01 3.59374E-02 7.88637E-03 
4.95771E-01 6.19264E-02 9.38193E-03 
5.48746E-01 8.59311E-02 1.13072E-02 
6.08532E-01 1.10880E-01 1.38237E-02 
6.75600E-01 1.36559E-01 1.71567E-02 
7.50562E-01 1.62760E-01 2.16510E-02 
8.14332E-01 1.83223E-01 2.62375E-02 
8.33958E-01 1.89214E-01 2.78076E-02 
9.34171E-01 2.17775E-01 3.72212E-02 
1.04590E+00 2.46058E-01 5.10598E-02 
1.17003E+00 2.73721E-01 7.18965E-02 
1.30757E+00 3.00582E-01 1.04200E-01 
1.47282E+00 3.52516E-01 1.55736E-01 
1.65554E+00 3.78588E-01 2.40723E-01 
1.85717E+00 4.03318E-01 3.85877E-01 
2.07897E+00 4.26353E-01 6.42945E-01 
2.32228E+00 4.47483E-01 1.11571E+00 
2.58947E+00 4.66713E-01 2.01774E+00 
2.88564E+00 4.84509E-01 3.79160E+00 
3.22665E+00 5.02887E-01 7.32568E+00 
3.66507E+00 5.28607E-01 1.41636E+01 
4.34260E+00 5.78177E-01 2.59863E+01 
5.44325E+00 6.67451E-01 4.20324E+01 
6.85084E+00 7.71426E-01 5.72036E+01 
8.14521E+00 8.39720E-01 6.70589E+01 
4.02811E-01 2.38411E-02 5.62711E-03 
4.26304E-01 3.68588E-02 6.61546E-03 
4.78410E-01 6.38043E-02 7.87262E-03 
5.28657E-01 8.68774E-02 9.48715E-03 
5.85010E-01 1.10606E-01 1.16014E-02 
6.47879E-01 1.34773E-01 1.44039E-02 
7.17762E-01 1.59162E-01 1.81796E-02 
7.77007E-01 1.78040E-01 2.20406E-02 
7.95222E-01 1.83548E-01 2.33644E-02 
8.87848E-01 2.09574E-01 3.12828E-02 
9.90695E-01 2.35027E-01 4.29313E-02 
1.10453E+00 2.59627E-01 6.04949E-02 
1.23014E+00 2.82953E-01 8.76963E-02 
1.38083E+00 3.29954E-01 1.31127E-01 
1.54700E+00 3.52446E-01 2.02884E-01 
1.72947E+00 3.73279E-01 3.25375E-01 
1.92923E+00 3.92337E-01 5.42429E-01 
2.14756E+00 4.09505E-01 9.42113E-01 
2.38622E+00 4.24781E-01 1.70479E+00 
2.64975E+00 4.38632E-01 3.20534E+00 
2.95235E+00 4.52896E-01 6.19748E+00 
3.34160E+00 4.73632E-01 1.19922E+01 
3.94506E+00 5.15441E-01 2.20180E+01 
4.92710E+00 5.92100E-01 3.56403E+01 
6.17879E+00 6.81029E-01 4.85397E+01 
7.31982E+00 7.37807E-01 5.69377E+01 
3.88437E-01 2.55435E-02 4.74079E-03 
4.11189E-01 3.84230E-02 5.57377E-03 
4.62687E-01 6.62030E-02 6.63379E-03 
5.10452E-01 8.84323E-02 7.99719E-03 
5.63433E-01 1.10892E-01 9.78009E-03 
6.22241E-01 1.33516E-01 1.21468E-02 
6.87304E-01 1.56102E-01 1.53348E-02 
7.42282E-01 1.73434E-01 1.85959E-02 
7.59166E-01 1.78464E-01 1.97183E-02 
8.44726E-01 2.02037E-01 2.64198E-02 
9.39320E-01 2.24812E-01 3.62625E-02 
1.04367E+00 2.46541E-01 5.11396E-02 
1.15835E+00 2.67022E-01 7.41760E-02 
1.29568E+00 3.09228E-01 1.11024E-01 
1.44657E+00 3.28193E-01 1.71812E-01 
1.61155E+00 3.45506E-01 2.75668E-01 
1.79147E+00 3.61043E-01 4.60066E-01 
1.98712E+00 3.74691E-01 7.99438E-01 
2.20017E+00 3.86522E-01 1.44790E+00 
2.43445E+00 3.96962E-01 2.72444E+00 
2.70276E+00 4.07699E-01 5.27054E+00 
3.04809E+00 4.24150E-01 1.02051E+01 
3.58558E+00 4.59250E-01 1.87524E+01 
4.46180E+00 5.24917E-01 3.03772E+01 
5.57489E+00 6.00806E-01 4.14016E+01 
6.58052E+00 6.47779E-01 4.85930E+01 
3.75708E-01 2.78887E-02 3.99877E-03 
3.97342E-01 4.03754E-02 4.70343E-03 
4.48621E-01 6.94721E-02 5.59967E-03 
4.93591E-01 9.05921E-02 6.75189E-03 
5.43258E-01 1.11715E-01 8.26067E-03 
5.98129E-01 1.32757E-01 1.02639E-02 
6.58600E-01 1.53533E-01 1.29683E-02 
7.09456E-01 1.69296E-01 1.57262E-02 
7.25030E-01 1.73835E-01 1.66750E-02 
8.03905E-01 1.95004E-01 2.23572E-02 
8.90780E-01 2.15195E-01 3.07147E-02 
9.86172E-01 2.34179E-01 4.33216E-02 
1.09070E+00 2.51871E-01 6.29015E-02 
1.21548E+00 2.89675E-01 9.41923E-02 
1.35220E+00 3.05326E-01 1.45867E-01 
1.50109E+00 3.19433E-01 2.34298E-01 
1.66264E+00 3.31764E-01 3.91222E-01 
1.83758E+00 3.42279E-01 6.80314E-01 
2.02715E+00 3.51050E-01 1.23283E+00 
2.23486E+00 3.58515E-01 2.32174E+00 
2.47213E+00 3.66199E-01 4.49503E+00 
2.77773E+00 3.78937E-01 8.70973E+00 
3.25546E+00 4.08147E-01 1.60167E+01 
4.03585E+00 4.64112E-01 2.59659E+01 
5.02390E+00 5.28542E-01 3.54132E+01 
5.90822E+00 5.67069E-01 4.15879E+01 
3.64505E-01 3.09136E-02 3.38139E-03 
3.84890E-01 4.28937E-02 3.97700E-03 
4.35934E-01 7.35884E-02 4.73596E-03 
4.78003E-01 9.34027E-02 5.71392E-03 
5.24375E-01 1.13082E-01 6.99300E-03 
5.75403E-01 1.32467E-01 8.69236E-03 
6.31429E-01 1.51387E-01 1.09887E-02 
6.78410E-01 1.65587E-01 1.33358E-02 
6.92768E-01 1.69653E-01 1.41411E-02 
7.65280E-01 1.88433E-01 1.89689E-02 
8.44849E-01 2.06071E-01 2.60805E-02 
9.31957E-01 2.22422E-01 3.68192E-02 
1.02697E+00 2.37202E-01 5.34909E-02 
1.14003E+00 2.70908E-01 8.01478E-02 
1.26371E+00 2.83781E-01 1.24268E-01 
1.39766E+00 2.94937E-01 1.99751E-01 
1.54234E+00 3.04382E-01 3.33706E-01 
1.69829E+00 3.12103E-01 5.80775E-01 
1.86654E+00 3.18195E-01 1.05334E+00 
2.05010E+00 3.23077E-01 1.98494E+00 
2.25924E+00 3.28135E-01 3.84556E+00 
2.52901E+00 3.37679E-01 7.45783E+00 
2.95267E+00 3.61741E-01 1.37239E+01 
3.64648E+00 4.09172E-01 2.22651E+01 
4.52185E+00 4.63569E-01 3.03852E+01 
5.29768E+00 4.94857E-01 3.57012E+01 
3.54645E-01 3.45954E-02 2.86576E-03 
3.74020E-01 4.61496E-02 3.37203E-03 
4.24283E-01 7.84164E-02 4.01615E-03 
4.63500E-01 9.68075E-02 4.84884E-03 
5.06657E-01 1.14956E-01 5.93692E-03 
5.53975E-01 1.32614E-01 7.38482E-03 
6.05720E-01 1.49626E-01 9.33851E-03 
6.48999E-01 1.62243E-01 1.13417E-02 
6.62205E-01 1.65835E-01 1.20283E-02 
7.28742E-01 1.82257E-01 1.61494E-02 
8.01499E-01 1.97434E-01 2.22192E-02 
8.80823E-01 2.11240E-01 3.13925E-02 
9.67027E-01 2.23544E-01 4.56499E-02 
1.06924E+00 2.53350E-01 6.84768E-02 
1.18071E+00 2.63431E-01 1.06198E-01 
1.30091E+00 2.71911E-01 1.70857E-01 
1.43016E+00 2.78776E-01 2.85705E-01 
1.56876E+00 2.84021E-01 4.97604E-01 
1.71761E+00 2.87779E-01 9.03259E-01 
1.87928E+00 2.90436E-01 1.70342E+00 
2.06302E+00 2.93257E-01 3.30192E+00 
2.30043E+00 3.00069E-01 6.40800E+00 
2.67536E+00 3.19667E-01 1.18006E+01 
3.29102E+00 3.59616E-01 1.91573E+01 
4.06505E+00 4.05265E-01 2.61589E+01 
4.74405E+00 4.30386E-01 3.07479E+01 
3.45962E-01 3.89206E-02 2.43447E-03 
3.64109E-01 4.98216E-02 2.86622E-03 
4.13022E-01 8.34413E-02 3.41666E-03 
4.49857E-01 1.00733E-01 4.12639E-03 
4.89900E-01 1.17247E-01 5.05648E-03 
5.33650E-01 1.33107E-01 6.29356E-03 
5.81339E-01 1.48164E-01 7.96668E-03 
6.21097E-01 1.59190E-01 9.67843E-03 
6.33207E-01 1.62301E-01 1.02666E-02 
6.94132E-01 1.76398E-01 1.37965E-02 
7.60505E-01 1.89182E-01 1.90021E-02 
8.32559E-01 2.00547E-01 2.68632E-02 
9.10613E-01 2.10530E-01 3.91099E-02 
1.00264E+00 2.36672E-01 5.87036E-02 
1.10285E+00 2.44153E-01 9.11226E-02 
1.21045E+00 2.50219E-01 1.46730E-01 
1.32547E+00 2.54764E-01 2.45573E-01 
1.44825E+00 2.57841E-01 4.28051E-01 
1.57941E+00 2.59573E-01 7.77342E-01 
1.72126E+00 2.60340E-01 1.46703E+00 
1.88210E+00 2.61283E-01 2.84607E+00 
2.09033E+00 2.65778E-01 5.52596E+00 
2.42128E+00 2.81514E-01 1.01826E+01 
2.96649E+00 3.14928E-01 1.65405E+01 
3.64944E+00 3.52973E-01 2.25961E+01 
4.24203E+00 3.72866E-01 2.65671E+01 
3.38410E-01 4.39311E-02 2.07593E-03 
3.55216E-01 5.39784E-02 2.44493E-03 
4.02832E-01 8.94514E-02 2.91655E-03 
4.36965E-01 1.05078E-01 3.52536E-03 
4.74016E-01 1.19855E-01 4.32479E-03 
5.14338E-01 1.33825E-01 5.38605E-03 
5.58180E-01 1.46888E-01 6.82409E-03 
5.94650E-01 1.56321E-01 8.29696E-03 
6.05747E-01 1.58961E-01 8.80389E-03 
6.61391E-01 1.70751E-01 1.18407E-02 
7.21783E-01 1.81195E-01 1.63208E-02 
7.87151E-01 1.90239E-01 2.31065E-02 
8.57626E-01 1.97778E-01 3.36586E-02 
9.40182E-01 2.20529E-01 5.05600E-02 
1.03008E+00 2.25872E-01 7.85792E-02 
1.12603E+00 2.29763E-01 1.26618E-01 
1.22811E+00 2.32274E-01 2.12050E-01 
1.33644E+00 2.33460E-01 3.69825E-01 
1.45161E+00 2.33470E-01 6.72087E-01 
1.57557E+00 2.32658E-01 1.26909E+00 
1.71581E+00 2.32049E-01 2.46363E+00 
1.89788E+00 2.34615E-01 4.78575E+00 
2.18933E+00 2.47045E-01 8.82267E+00 
2.67119E+00 2.74783E-01 1.43375E+01 
3.27260E+00 3.06263E-01 1.95925E+01 
3.78844E+00 3.21771E-01 2.30378E+01 
3.31823E-01 4.95506E-02 1.77733E-03 
3.47523E-01 5.87783E-02 2.09584E-03 
3.93265E-01 9.59435E-02 2.50166E-03 
4.24635E-01 1.09650E-01 3.02624E-03 
4.58814E-01 1.22586E-01 3.71601E-03 
4.95931E-01 1.34611E-01 4.63373E-03 
5.36159E-01 1.45650E-01 5.87589E-03 
5.69523E-01 1.53475E-01 7.14850E-03 
5.79663E-01 1.55640E-01 7.58721E-03 
6.30410E-01 1.65173E-01 1.02163E-02 
6.85296E-01 1.73372E-01 1.40966E-02 
7.44434E-01 1.80195E-01 1.99776E-02 
8.07924E-01 1.85548E-01 2.91210E-02 
8.81756E-01 2.05198E-01 4.37999E-02 
9.62099E-01 2.08468E-01 6.81097E-02 
1.04738E+00 2.10433E-01 1.09811E-01 
1.13763E+00 2.11166E-01 1.84034E-01 
1.23289E+00 2.10745E-01 3.21182E-01 
1.33356E+00 2.09312E-01 5.83998E-01 
1.44145E+00 2.07210E-01 1.10328E+00 
1.56320E+00 2.05346E-01 2.14212E+00 
1.72185E+00 2.06333E-01 4.16314E+00 
1.97790E+00 2.15958E-01 7.67721E+00 
2.40295E+00 2.38798E-01 1.24789E+01 
2.93150E+00 2.64641E-01 1.70541E+01 
3.37936E+00 2.76509E-01 2.00506E+01 
3.25912E-01 5.54547E-02 1.52946E-03 
3.40429E-01 6.36529E-02 1.80560E-03 
3.83903E-01 1.02542E-01 2.15827E-03 
4.12762E-01 1.14279E-01 2.61357E-03 
4.44205E-01 1.25229E-01 3.21194E-03 
4.78301E-01 1.35243E-01 4.00928E-03 
5.15177E-01 1.44243E-01 5.09081E-03 
5.45671E-01 1.50480E-01 6.19808E-03 
5.54918E-01 1.52177E-01 6.57968E-03 
6.01132E-01 1.59523E-01 8.86841E-03 
6.50904E-01 1.65574E-01 1.22503E-02 
7.04327E-01 1.70339E-01 1.73756E-02 
7.61420E-01 1.73948E-01 2.53619E-02 
8.27095E-01 1.90483E-01 3.81621E-02 
8.98689E-01 1.91840E-01 5.93820E-02 
9.74270E-01 1.92123E-01 9.57959E-02 
1.05375E+00 1.91335E-01 1.60636E-01 
1.13714E+00 1.89566E-01 2.80458E-01 
1.22478E+00 1.86963E-01 5.10138E-01 
1.31821E+00 1.83836E-01 9.63857E-01 
1.42341E+00 1.80993E-01 1.87191E+00 
1.56114E+00 1.80715E-01 3.63810E+00 
1.78555E+00 1.87987E-01 6.70973E+00 
2.15985E+00 2.06633E-01 1.09064E+01 
2.62348E+00 2.27674E-01 1.49028E+01 
3.01132E+00 2.36554E-01 1.75147E+01 
3.20569E-01 6.14663E-02 1.32456E-03 
3.33895E-01 6.83813E-02 1.56520E-03 
3.74144E-01 1.08092E-01 1.87383E-03 
4.01123E-01 1.18522E-01 2.27178E-03 
4.30077E-01 1.27501E-01 2.79540E-03 
4.61378E-01 1.35474E-01 3.49331E-03 
4.95125E-01 1.42430E-01 4.43907E-03 
5.22986E-01 1.47117E-01 5.41031E-03 
5.31428E-01 1.48374E-01 5.74492E-03 
5.73450E-01 1.53604E-01 7.75143E-03 
6.18530E-01 1.57646E-01 1.07174E-02 
6.66675E-01 1.60512E-01 1.52115E-02 
7.17873E-01 1.62257E-01 2.22221E-02 
7.76038E-01 1.76039E-01 3.34614E-02 
8.39626E-01 1.75860E-01 5.20878E-02 
9.06325E-01 1.74708E-01 8.40659E-02 
9.76034E-01 1.72654E-01 1.41003E-01 
1.04870E+00 1.69793E-01 2.46246E-01 
1.12458E+00 1.66271E-01 4.47914E-01 
1.20506E+00 1.62368E-01 8.46332E-01 
1.29552E+00 1.58801E-01 1.64354E+00 
1.41459E+00 1.57540E-01 3.19373E+00 
1.61078E+00 1.62865E-01 5.88908E+00 
1.93976E+00 1.77941E-01 9.56968E+00 
2.34571E+00 1.94918E-01 1.30702E+01 
2.68067E+00 2.01380E-01 1.53507E+01 
3.15830E-01 6.75446E-02 1.15513E-03 
3.28336E-01 7.35404E-02 1.36738E-03 
3.65006E-01 1.14249E-01 1.63863E-03 
3.89702E-01 1.22154E-01 1.98956E-03 
4.16355E-01 1.29055E-01 2.45079E-03 
4.45128E-01 1.35011E-01 3.06731E-03 
4.76045E-01 1.39989E-01 3.90182E-03 
5.01472E-01 1.43176E-01 4.75837E-03 
5.09158E-01 1.43996E-01 5.05333E-03 
5.47351E-01 1.47248E-01 6.82580E-03 
5.88125E-01 1.49421E-01 9.44410E-03 
6.31457E-01 1.50548E-01 1.34186E-02 
6.77265E-01 1.50578E-01 1.96064E-02 
7.28501E-01 1.61959E-01 2.95352E-02 
7.84756E-01 1.60459E-01 4.59992E-02 
8.43373E-01 1.58112E-01 7.42396E-02 
9.04201E-01 1.55039E-01 1.24538E-01 
9.67171E-01 1.51335E-01 2.17433E-01 
1.03251E+00 1.47133E-01 3.95458E-01 
1.10142E+00 1.42689E-01 7.46933E-01 
1.17877E+00 1.38626E-01 1.44990E+00 
1.28131E+00 1.36642E-01 2.81609E+00 
1.45238E+00 1.40379E-01 5.18956E+00 
1.74108E+00 1.52451E-01 8.42784E+00 
2.09591E+00 1.66022E-01 1.15015E+01 
2.38448E+00 1.70562E-01 1.34950E+01 
3.11508E-01 7.30597E-02 1.01575E-03 
3.22945E-01 7.72644E-02 1.20449E-03 
3.55581E-01 1.18595E-01 1.44554E-03 
3.78516E-01 1.24752E-01 1.75748E-03 
4.03106E-01 1.29586E-01 2.16732E-03 
4.29567E-01 1.33546E-01 2.71448E-03 
4.57927E-01 1.36643E-01 3.45723E-03 
4.81158E-01 1.38437E-01 4.21875E-03 
4.88161E-01 1.38858E-01 4.48102E-03 
5.22870E-01 1.40307E-01 6.05690E-03 
5.59706E-01 1.40799E-01 8.38607E-03 
5.98604E-01 1.40406E-01 1.19173E-02 
6.39465E-01 1.39262E-01 1.74261E-02 
6.84322E-01 1.48235E-01 2.62442E-02 
7.33885E-01 1.45565E-01 4.08706E-02 
7.85156E-01 1.42275E-01 6.59677E-02 
8.37963E-01 1.38433E-01 1.10580E-01 
8.92244E-01 1.34124E-01 1.93031E-01 
9.48120E-01 1.29469E-01 3.50834E-01 
1.00673E+00 1.24696E-01 6.62253E-01 
1.07246E+00 1.20344E-01 1.28462E+00 
1.16036E+00 1.17864E-01 2.49272E+00 
1.30921E+00 1.20340E-01 4.58954E+00 
1.56220E+00 1.29907E-01 7.44595E+00 
1.87193E+00 1.40656E-01 1.01502E+01 
2.11997E+00 1.43698E-01 1.18935E+01 
3.07651E-01 7.77463E-02 9.01871E-04 
3.18366E-01 8.04611E-02 1.07081E-03 
3.46385E-01 1.21928E-01 1.28698E-03 
3.67622E-01 1.25747E-01 1.56634E-03 
3.90444E-01 1.28714E-01 1.93390E-03 
4.14874E-01 1.30858E-01 2.42385E-03 
4.40921E-01 1.32217E-01 3.08866E-03 
4.62167E-01 1.32746E-01 3.77126E-03 
4.68554E-01 1.32820E-01 4.00615E-03 
5.00069E-01 1.32655E-01 5.41661E-03 
5.33307E-01 1.31703E-01 7.50201E-03 
5.68150E-01 1.30025E-01 1.06607E-02 
6.04490E-01 1.27726E-01 1.55864E-02 
6.43485E-01 1.34701E-01 2.34712E-02 
6.86952E-01 1.31160E-01 3.65266E-02 
7.31542E-01 1.27188E-01 5.89210E-02 
7.77113E-01 1.22812E-01 9.87314E-02 
8.23550E-01 1.18120E-01 1.72163E-01 
8.71019E-01 1.13223E-01 3.12660E-01 
9.20495E-01 1.08314E-01 5.89553E-01 
9.75962E-01 1.03856E-01 1.14216E+00 
1.05098E+00 1.01078E-01 2.21379E+00 
1.18024E+00 1.02579E-01 4.07090E+00 
1.40171E+00 1.10086E-01 6.59558E+00 
1.67179E+00 1.18521E-01 8.97735E+00 
1.88457E+00 1.20428E-01 1.05015E+01 
3.04416E-01 8.12111E-02 8.08572E-04 
3.14845E-01 8.33955E-02 9.61478E-04 
3.37584E-01 1.22914E-01 1.15663E-03 
3.57372E-01 1.25077E-01 1.40892E-03 
3.78628E-01 1.26259E-01 1.74033E-03 
4.01269E-01 1.26769E-01 2.18315E-03 
4.25232E-01 1.26594E-01 2.78233E-03 
4.44670E-01 1.26023E-01 3.39770E-03 
4.50493E-01 1.25790E-01 3.60951E-03 
4.79096E-01 1.24261E-01 4.88024E-03 
5.09019E-01 1.22113E-01 6.75691E-03 
5.40148E-01 1.19400E-01 9.60180E-03 
5.72371E-01 1.16123E-01 1.40261E-02 
6.06001E-01 1.21383E-01 2.11088E-02 
6.43899E-01 1.17301E-01 3.28300E-02 
6.82444E-01 1.12877E-01 5.28987E-02 
7.21471E-01 1.08192E-01 8.85406E-02 
7.60891E-01 1.03325E-01 1.54205E-01 
8.00852E-01 9.83701E-02 2.79646E-01 
8.42260E-01 9.34919E-02 5.26548E-01 
8.88714E-01 8.90812E-02 1.01866E+00 
9.52457E-01 8.61774E-02 1.97113E+00 
1.06451E+00 8.69460E-02 3.61854E+00 
1.25828E+00 9.27823E-02 5.85254E+00 
1.49365E+00 9.93476E-02 7.95111E+00 
1.67593E+00 1.00420E-01 9.28259E+00 
3.02064E-01 8.33841E-02 7.31898E-04 
3.12026E-01 8.38351E-02 8.71371E-04 
3.29385E-01 1.21842E-01 1.04897E-03 
3.48135E-01 1.22524E-01 1.27834E-03 
3.68019E-01 1.22147E-01 1.57941E-03 
3.89029E-01 1.21212E-01 1.98102E-03 
4.11113E-01 1.19754E-01 2.52507E-03 
4.28882E-01 1.18283E-01 3.08230E-03 
4.34192E-01 1.17800E-01 3.27437E-03 
4.60111E-01 1.15192E-01 4.42553E-03 
4.86975E-01 1.12117E-01 6.12366E-03 
5.14674E-01 1.08636E-01 8.69313E-03 
5.43057E-01 1.04802E-01 1.26877E-02 
5.71827E-01 1.08504E-01 1.90743E-02 
6.04623E-01 1.04058E-01 2.96252E-02 
6.37677E-01 9.94036E-02 4.76730E-02 
6.70825E-01 9.46185E-02 7.96573E-02 
7.04004E-01 8.97577E-02 1.38526E-01 
7.37314E-01 8.49035E-02 2.50786E-01 
7.71620E-01 8.01952E-02 4.71358E-01 
8.10201E-01 7.59590E-02 9.10061E-01 
8.64101E-01 7.30603E-02 1.75781E+00 
9.61119E-01 7.33043E-02 3.22040E+00 
1.13064E+00 7.78043E-02 5.19762E+00 
1.33581E+00 8.28814E-02 7.04628E+00 
1.49184E+00 8.33625E-02 8.20748E+00 
3.00903E-01 8.38530E-02 6.68628E-04 
3.10534E-01 8.30906E-02 7.96330E-04 
3.22596E-01 1.18928E-01 9.58916E-04 
3.40326E-01 1.18028E-01 1.16840E-03 
3.58980E-01 1.16366E-01 1.44349E-03 
3.78493E-01 1.14302E-01 1.80944E-03 
3.98826E-01 1.11835E-01 2.30519E-03 
4.15050E-01 1.09679E-01 2.81253E-03 
4.19869E-01 1.09010E-01 2.98677E-03 
4.43265E-01 1.05608E-01 4.03328E-03 
4.67279E-01 1.01888E-01 5.57493E-03 
4.91779E-01 9.79093E-02 7.90367E-03 
5.16597E-01 9.37637E-02 1.15216E-02 
5.40924E-01 9.61814E-02 1.72907E-02 
5.69108E-01 9.15564E-02 2.68146E-02 
5.97181E-01 8.68747E-02 4.30651E-02 
6.25056E-01 8.21563E-02 7.18447E-02 
6.52633E-01 7.74513E-02 1.24671E-01 
6.80085E-01 7.28252E-02 2.25250E-01 
7.08181E-01 6.83928E-02 4.22454E-01 
7.39901E-01 6.44213E-02 8.13842E-01 
7.85290E-01 6.16362E-02 1.56842E+00 
8.69257E-01 6.15236E-02 2.86704E+00 
1.01770E+00 6.49733E-02 4.61651E+00 
1.19666E+00 6.88776E-02 6.24305E+00 
1.33020E+00 6.89592E-02 7.25362E+00 
3.01150E-01 8.26963E-02 6.15360E-04 
3.10593E-01 8.13968E-02 7.32663E-04 
3.17727E-01 1.13293E-01 8.81918E-04 
3.34394E-01 1.11688E-01 1.07400E-03 
3.51847E-01 1.09175E-01 1.32585E-03 
3.69932E-01 1.06270E-01 1.66075E-03 
3.88560E-01 1.03085E-01 2.11305E-03 
4.03301E-01 1.00455E-01 2.57621E-03 
4.07655E-01 9.96604E-02 2.73519E-03 
4.28639E-01 9.57437E-02 3.68779E-03 
4.49945E-01 9.16411E-02 5.08955E-03 
4.71422E-01 8.73998E-02 7.20448E-03 
4.92954E-01 8.30629E-02 1.04823E-02 
5.13267E-01 8.44808E-02 1.57037E-02 
5.37185E-01 7.99320E-02 2.43006E-02 
5.60758E-01 7.53799E-02 3.89541E-02 
5.83873E-01 7.08636E-02 6.48314E-02 
6.06502E-01 6.64279E-02 1.12268E-01 
6.28791E-01 6.21235E-02 2.02372E-01 
6.51460E-01 5.80357E-02 3.78667E-01 
6.77277E-01 5.43912E-02 7.27830E-01 
7.15301E-01 5.17884E-02 1.39907E+00 
7.87965E-01 5.14489E-02 2.55097E+00 
9.18101E-01 5.40821E-02 4.09691E+00 
1.07442E+00 5.70752E-02 5.52562E+00 
1.18879E+00 5.69025E-02 6.40299E+00 
3.03001E-01 8.02945E-02 5.69355E-04 
3.12202E-01 7.80761E-02 6.77433E-04 
3.14821E-01 1.06670E-01 8.14651E-04 
3.30553E-01 1.04250E-01 9.91169E-04 
3.46832E-01 1.00991E-01 1.22200E-03 
3.63486E-01 9.75249E-02 1.52866E-03 
3.80444E-01 9.39006E-02 1.94245E-03 
3.93711E-01 9.09946E-02 2.36526E-03 
3.97608E-01 9.01320E-02 2.51042E-03 
4.16276E-01 8.59538E-02 3.37891E-03 
4.34970E-01 8.16948E-02 4.65434E-03 
4.53596E-01 7.73941E-02 6.57619E-03 
4.72066E-01 7.30525E-02 9.54799E-03 
4.88763E-01 7.37049E-02 1.42737E-02 
5.08786E-01 6.93593E-02 2.20381E-02 
5.28294E-01 6.50536E-02 3.52522E-02 
5.47187E-01 6.08397E-02 5.85377E-02 
5.65456E-01 5.67450E-02 1.01125E-01 
5.83247E-01 5.28098E-02 1.81871E-01 
6.01248E-01 4.91079E-02 3.39390E-01 
6.21998E-01 4.58199E-02 6.50627E-01 
6.53745E-01 4.34374E-02 1.24752E+00 
7.16699E-01 4.29688E-02 2.26841E+00 
8.31068E-01 4.49774E-02 3.63304E+00 
9.67996E-01 4.72741E-02 4.88660E+00 
1.06616E+00 4.69518E-02 5.64688E+00 
3.06458E-01 7.66200E-02 5.28041E-04 
3.15352E-01 7.38795E-02 6.27746E-04 
3.14487E-01 9.86790E-02 7.53907E-04 
3.28888E-01 9.59222E-02 9.16008E-04 
3.43884E-01 9.22364E-02 1.12771E-03 
3.59047E-01 8.84776E-02 1.40850E-03 
3.74281E-01 8.46368E-02 1.78679E-03 
3.86086E-01 8.16245E-02 2.17271E-03 
3.89535E-01 8.07399E-02 2.30525E-03 
4.05900E-01 7.65074E-02 3.09657E-03 
4.22081E-01 7.22740E-02 4.25702E-03 
4.37999E-01 6.80686E-02 6.00124E-03 
4.53547E-01 6.39271E-02 8.69500E-03 
4.67017E-01 6.39760E-02 1.29683E-02 
4.83517E-01 5.98865E-02 1.99795E-02 
4.99363E-01 5.59038E-02 3.18795E-02 
5.14504E-01 5.20442E-02 5.28124E-02 
5.28925E-01 4.83292E-02 9.10088E-02 
5.42797E-01 4.47892E-02 1.63230E-01 
5.56785E-01 4.14801E-02 3.03872E-01 
5.73204E-01 3.85509E-02 5.80989E-01 
5.99586E-01 3.64062E-02 1.11095E+00 
6.54199E-01 3.58763E-02 2.01454E+00 
7.54973E-01 3.74085E-02 3.21739E+00 
8.75256E-01 3.91738E-02 4.31530E+00 
9.59703E-01 3.87734E-02 4.97271E+00 
3.11202E-01 7.22730E-02 4.89979E-04 
3.19577E-01 6.93937E-02 5.81676E-04 
3.15752E-01 9.06008E-02 6.97818E-04 
3.29147E-01 8.71717E-02 8.46367E-04 
3.42730E-01 8.34074E-02 1.04046E-03 
3.56300E-01 7.95584E-02 1.29734E-03 
3.69778E-01 7.56848E-02 1.64283E-03 
3.80105E-01 7.26919E-02 1.99477E-03 
3.83099E-01 7.18193E-02 2.11550E-03 
3.97198E-01 6.76831E-02 2.83591E-03 
4.10965E-01 6.36024E-02 3.89053E-03 
4.24309E-01 5.96019E-02 5.47248E-03 
4.37140E-01 5.57211E-02 7.91170E-03 
4.47737E-01 5.53356E-02 1.17734E-02 
4.61043E-01 5.15750E-02 1.80962E-02 
4.73617E-01 4.79481E-02 2.88033E-02 
4.85431E-01 4.44610E-02 4.75934E-02 
4.96505E-01 4.11311E-02 8.18113E-02 
5.07008E-01 3.79805E-02 1.46363E-01 
5.17554E-01 3.50506E-02 2.71804E-01 
5.30313E-01 3.24648E-02 5.18364E-01 
5.52128E-01 3.05547E-02 9.88364E-01 
5.99606E-01 3.00068E-02 1.78736E+00 
6.88690E-01 3.11781E-02 2.84650E+00 
7.94693E-01 3.25385E-02 3.80683E+00 
8.67559E-01 3.21059E-02 4.37450E+00 
3.16712E-01 6.76429E-02 4.54336E-04 
3.24444E-01 6.45753E-02 5.38565E-04 
3.18778E-01 8.22803E-02 6.45043E-04 
3.30735E-01 7.87376E-02 7.81287E-04 
3.42826E-01 7.49200E-02 9.58781E-04 
3.54742E-01 7.11156E-02 1.19345E-03 
3.66438E-01 6.73400E-02 1.50868E-03 
3.75282E-01 6.44535E-02 1.82944E-03 
3.77830E-01 6.36137E-02 1.93920E-03 
3.89737E-01 5.96690E-02 2.59449E-03 
4.01183E-01 5.58205E-02 3.55141E-03 
4.12097E-01 5.20876E-02 4.98512E-03 
4.22460E-01 4.84666E-02 7.19102E-03 
4.30501E-01 4.77958E-02 1.06776E-02 
4.40926E-01 4.43959E-02 1.63738E-02 
4.50603E-01 4.11287E-02 2.60031E-02 
4.59504E-01 3.80087E-02 4.28671E-02 
4.67679E-01 3.50469E-02 7.35065E-02 
4.75284E-01 3.22566E-02 1.31176E-01 
4.82927E-01 2.96799E-02 2.42967E-01 
4.92579E-01 2.74089E-02 4.62105E-01 
5.10549E-01 2.57201E-02 8.78872E-01 
5.51909E-01 2.51801E-02 1.58486E+00 
6.30915E-01 2.60777E-02 2.51675E+00 
7.24678E-01 2.71286E-02 3.35627E+00 
7.87762E-01 2.66921E-02 3.84605E+00 
3.22324E-01 6.29684E-02 4.20413E-04 
3.29337E-01 5.97775E-02 4.97811E-04 
3.22552E-01 7.41229E-02 5.95364E-04 
3.32987E-01 7.08071E-02 7.20160E-04 
3.43525E-01 6.70765E-02 8.82409E-04 
3.53770E-01 6.34083E-02 1.09676E-03 
3.63674E-01 5.98024E-02 1.38407E-03 
3.71086E-01 5.70632E-02 1.67610E-03 
3.73210E-01 5.62718E-02 1.77618E-03 
3.83014E-01 5.25680E-02 2.37187E-03 
3.92276E-01 4.89839E-02 3.24014E-03 
4.00967E-01 4.55305E-02 4.53938E-03 
4.09034E-01 4.22186E-02 6.53319E-03 
4.14867E-01 4.13366E-02 9.68076E-03 
4.22739E-01 3.82721E-02 1.48111E-02 
4.29870E-01 3.53482E-02 2.34688E-02 
4.36255E-01 3.25704E-02 3.86004E-02 
4.41937E-01 2.99466E-02 6.60332E-02 
4.47087E-01 2.74884E-02 1.17555E-01 
4.52262E-01 2.52220E-02 2.17169E-01 
4.59304E-01 2.32295E-02 4.11963E-01 
4.74009E-01 2.17403E-02 7.81447E-01 
5.10123E-01 2.12230E-02 1.40524E+00 
5.80432E-01 2.19113E-02 2.22517E+00 
6.63687E-01 2.27267E-02 2.95908E+00 
7.18487E-01 2.23017E-02 3.38148E+00 
3.27402E-01 5.85698E-02 3.88522E-04 
3.33552E-01 5.54242E-02 4.59561E-04 
3.25815E-01 6.73775E-02 5.49032E-04 
3.35239E-01 6.36319E-02 6.63237E-04 
3.44199E-01 6.00617E-02 8.11600E-04 
3.52800E-01 5.65665E-02 1.00724E-03 
3.60995E-01 5.31581E-02 1.26936E-03 
3.67043E-01 5.05835E-02 1.53526E-03 
3.68757E-01 4.98448E-02 1.62632E-03 
3.76603E-01 4.63918E-02 2.16779E-03 
3.83871E-01 4.30737E-02 2.95655E-03 
3.90527E-01 3.99002E-02 4.13300E-03 
3.96546E-01 3.68866E-02 5.93798E-03 
4.00453E-01 3.58567E-02 8.77882E-03 
4.06101E-01 3.31003E-02 1.34041E-02 
4.11024E-01 3.04856E-02 2.11902E-02 
4.15239E-01 2.80150E-02 3.47737E-02 
4.18795E-01 2.56916E-02 5.93465E-02 
4.21863E-01 2.35238E-02 1.05399E-01 
4.24962E-01 2.15311E-02 1.94222E-01 
4.29812E-01 1.97819E-02 3.67520E-01 
4.41745E-01 1.84679E-02 6.95222E-01 
4.73349E-01 1.79796E-02 1.24675E+00 
5.36133E-01 1.85077E-02 1.96861E+00 
6.10316E-01 1.91405E-02 2.61038E+00 
6.58083E-01 1.87361E-02 2.97477E+00 
3.31377E-01 5.46169E-02 3.59061E-04 
3.36681E-01 5.14746E-02 4.24308E-04 
3.29184E-01 6.06907E-02 5.06376E-04 
3.36895E-01 5.73281E-02 6.11107E-04 
3.44337E-01 5.39359E-02 7.46986E-04 
3.51378E-01 5.06210E-02 9.25794E-04 
3.57983E-01 4.74059E-02 1.16505E-03 
3.62768E-01 4.49946E-02 1.40762E-03 
3.64113E-01 4.43018E-02 1.49047E-03 
3.70173E-01 4.10861E-02 1.98316E-03 
3.75638E-01 3.80172E-02 2.69977E-03 
3.80485E-01 3.51009E-02 3.76705E-03 
3.84715E-01 3.23309E-02 5.40127E-03 
3.86961E-01 3.12215E-02 7.96998E-03 
3.90665E-01 2.87458E-02 1.21425E-02 
3.93688E-01 2.64059E-02 1.91541E-02 
3.96043E-01 2.42046E-02 3.13623E-02 
3.97791E-01 2.21430E-02 5.33991E-02 
3.99094E-01 2.02258E-02 9.45984E-02 
4.00452E-01 1.84710E-02 1.73906E-01 
4.03454E-01 1.69321E-02 3.28198E-01 
4.13028E-01 1.57698E-02 6.19216E-01 
4.40733E-01 1.53130E-02 1.10735E+00 
4.96974E-01 1.57173E-02 1.74346E+00 
5.63311E-01 1.62096E-02 2.30523E+00 
6.05054E-01 1.58283E-02 2.61954E+00 
3.33757E-01 5.11623E-02 3.32150E-04 
3.38284E-01 4.80295E-02 3.92248E-04 
3.31437E-01 5.48368E-02 4.67782E-04 
3.37424E-01 5.19203E-02 5.63915E-04 
3.43505E-01 4.86634E-02 6.88529E-04 
3.49137E-01 4.55157E-02 8.52443E-04 
3.54304E-01 4.24767E-02 1.07121E-03 
3.57971E-01 4.02082E-02 1.29277E-03 
3.58988E-01 3.95590E-02 1.36850E-03 
3.63473E-01 3.65558E-02 1.81809E-03 
3.67350E-01 3.37068E-02 2.47036E-03 
3.70621E-01 3.10139E-02 3.44120E-03 
3.73261E-01 2.84829E-02 4.92341E-03 
3.74102E-01 2.73111E-02 7.25028E-03 
3.76141E-01 2.50772E-02 1.10236E-02 
3.77531E-01 2.29766E-02 1.73484E-02 
3.78302E-01 2.10087E-02 2.83370E-02 
3.78513E-01 1.91737E-02 4.81314E-02 
3.78327E-01 1.74743E-02 8.50608E-02 
3.78209E-01 1.59220E-02 1.55956E-01 
3.79647E-01 1.45632E-02 2.93580E-01 
3.87198E-01 1.35330E-02 5.52278E-01 
4.11517E-01 1.31076E-02 9.84842E-01 
4.62037E-01 1.34159E-02 1.54604E+00 
5.21530E-01 1.37990E-02 2.03821E+00 
5.58083E-01 1.34418E-02 2.30932E+00 
3.34583E-01 4.82098E-02 3.08323E-04 
3.38388E-01 4.50909E-02 3.63858E-04 
3.31977E-01 5.01642E-02 4.33548E-04 
3.36753E-01 4.73346E-02 5.22141E-04 
3.41617E-01 4.41992E-02 6.36768E-04 
3.46018E-01 4.11824E-02 7.87331E-04 
3.49938E-01 3.82915E-02 9.88236E-04 
3.52626E-01 3.61441E-02 1.19121E-03 
3.53357E-01 3.55307E-02 1.26053E-03 
3.56463E-01 3.27088E-02 1.67174E-03 
3.58969E-01 3.00476E-02 2.26751E-03 
3.60858E-01 2.75506E-02 3.15182E-03 
3.62144E-01 2.52170E-02 4.50066E-03 
3.61771E-01 2.40139E-02 6.61307E-03 
3.62381E-01 2.19873E-02 1.00311E-02 
3.62382E-01 2.00921E-02 1.57527E-02 
3.61802E-01 1.83255E-02 2.56682E-02 
3.60705E-01 1.66854E-02 4.34868E-02 
3.59252E-01 1.51722E-02 7.66512E-02 
3.57885E-01 1.37945E-02 1.40160E-01 
3.57990E-01 1.25905E-02 2.63079E-01 
3.63811E-01 1.16734E-02 4.93593E-01 
3.85176E-01 1.12787E-02 8.77543E-01 
4.30676E-01 1.15123E-02 1.37342E+00 
4.84179E-01 1.18092E-02 1.80516E+00 
5.16263E-01 1.14774E-02 2.03922E+00 
3.33698E-01 4.56931E-02 2.87112E-04 
3.36873E-01 4.25797E-02 3.38528E-04 
3.30637E-01 4.64143E-02 4.03027E-04 
3.34727E-01 4.33960E-02 4.84841E-04 
3.38541E-01 4.03608E-02 5.90599E-04 
3.41878E-01 3.74532E-02 7.29225E-04 
3.44717E-01 3.46819E-02 9.13863E-04 
3.46558E-01 3.26360E-02 1.10031E-03 
3.47042E-01 3.20529E-02 1.16381E-03 
3.48959E-01 2.93827E-02 1.54048E-03 
3.50263E-01 2.68844E-02 2.08515E-03 
3.50960E-01 2.45556E-02 2.89232E-03 
3.51058E-01 2.23912E-02 4.12059E-03 
3.49636E-01 2.11753E-02 6.04074E-03 
3.49004E-01 1.93313E-02 9.14113E-03 
3.47792E-01 1.76169E-02 1.43175E-02 
3.46038E-01 1.60269E-02 2.32697E-02 
3.43811E-01 1.45574E-02 3.93189E-02 
3.41264E-01 1.32065E-02 6.91120E-02 
3.38818E-01 1.19815E-02 1.26027E-01 
3.37772E-01 1.09119E-02 2.35869E-01 
3.42069E-01 1.00951E-02 4.41197E-01 
3.60810E-01 9.73010E-03 7.82033E-01 
4.01824E-01 9.90491E-03 1.22015E+00 
4.49987E-01 1.01339E-02 1.59866E+00 
4.78112E-01 9.82638E-03 1.80027E+00 
3.31339E-01 4.36129E-02 2.68611E-04 
3.33994E-01 4.04778E-02 3.16397E-04 
3.28055E-01 4.32033E-02 3.76212E-04 
3.31510E-01 4.00680E-02 4.52004E-04 
3.34445E-01 3.70975E-02 5.49825E-04 
3.36877E-01 3.42695E-02 6.77814E-04 
3.38788E-01 3.15910E-02 8.47916E-04 
3.39906E-01 2.96242E-02 1.01941E-03 
3.40169E-01 2.90677E-02 1.07790E-03 
3.41059E-01 2.65219E-02 1.42376E-03 
3.41320E-01 2.41590E-02 1.92283E-03 
3.40971E-01 2.19734E-02 2.66088E-03 
3.40027E-01 1.99601E-02 3.78150E-03 
3.37695E-01 1.87410E-02 5.52982E-03 
3.35983E-01 1.70550E-02 8.34649E-03 
3.33720E-01 1.54973E-02 1.30383E-02 
3.30948E-01 1.40612E-02 2.11303E-02 
3.27741E-01 1.27404E-02 3.56037E-02 
3.24250E-01 1.15318E-02 6.24038E-02 
3.20876E-01 1.04388E-02 1.13447E-01 
3.18836E-01 9.48657E-03 2.11702E-01 
3.21802E-01 8.75735E-03 3.94712E-01 
3.38213E-01 8.42057E-03 6.97431E-01 
3.75216E-01 8.54936E-03 1.08466E+00 
4.18614E-01 8.72471E-03 1.41655E+00 
4.43247E-01 8.44071E-03 1.59002E+00 
3.27647E-01 4.18697E-02 2.52272E-04 
3.29888E-01 3.86811E-02 2.96792E-04 
3.24440E-01 4.03023E-02 3.52350E-04 
3.27133E-01 3.72271E-02 4.22688E-04 
3.29325E-01 3.42953E-02 5.13289E-04 
3.30992E-01 3.15209E-02 6.31616E-04 
3.32113E-01 2.89121E-02 7.88642E-04 
3.32605E-01 2.70081E-02 9.46570E-04 
3.32677E-01 2.64724E-02 1.00044E-03 
3.32668E-01 2.40306E-02 1.31828E-03 
3.32022E-01 2.17820E-02 1.77598E-03 
3.30754E-01 1.97205E-02 2.45135E-03 
3.28895E-01 1.78356E-02 3.47445E-03 
3.25758E-01 1.66267E-02 5.06709E-03 
3.23099E-01 1.50793E-02 7.62644E-03 
3.19913E-01 1.36599E-02 1.18798E-02 
3.16251E-01 1.23594E-02 1.91983E-02 
3.12190E-01 1.11700E-02 3.22507E-02 
3.07877E-01 1.00866E-02 5.63523E-02 
3.03699E-01 9.11014E-03 1.02126E-01 
3.00794E-01 8.26158E-03 1.89947E-01 
3.02591E-01 7.60977E-03 3.53074E-01 
3.16907E-01 7.29992E-03 6.21775E-01 
3.50275E-01 7.39253E-03 9.63763E-01 
3.89372E-01 7.52488E-03 1.25450E+00 
4.10890E-01 7.26379E-03 1.40346E+00 
3.22792E-01 4.04336E-02 2.37693E-04 
3.24734E-01 3.71591E-02 2.79171E-04 
3.19655E-01 3.78876E-02 3.30905E-04 
3.21778E-01 3.48004E-02 3.96225E-04 
3.23354E-01 3.18836E-02 4.80202E-04 
3.24366E-01 2.91432E-02 5.89716E-04 
3.24800E-01 2.65836E-02 7.34674E-04 
3.24734E-01 2.47292E-02 8.80254E-04 
3.24649E-01 2.42077E-02 9.29774E-04 
3.23841E-01 2.18494E-02 1.22202E-03 
3.22376E-01 1.96974E-02 1.64189E-03 
3.20283E-01 1.77417E-02 2.25989E-03 
3.17595E-01 1.59709E-02 3.19380E-03 
3.13742E-01 1.47776E-02 4.64433E-03 
3.10240E-01 1.33527E-02 6.96982E-03 
3.06237E-01 1.20556E-02 1.08233E-02 
3.01791E-01 1.08754E-02 1.74371E-02 
2.96981E-01 9.80262E-03 2.91990E-02 
2.91957E-01 8.82996E-03 5.08537E-02 
2.87080E-01 7.95755E-03 9.18670E-02 
2.83425E-01 7.20050E-03 1.70307E-01 
2.84186E-01 6.61811E-03 3.15507E-01 
2.96613E-01 6.33382E-03 5.53775E-01 
3.26668E-01 6.39796E-03 8.55472E-01 
3.61842E-01 6.49610E-03 1.10970E+00 
3.80564E-01 6.25675E-03 1.23726E+00 
3.16899E-01 3.92654E-02 2.24405E-04 
3.18557E-01 3.58913E-02 2.63018E-04 
3.13863E-01 3.58071E-02 3.11139E-04 
3.15452E-01 3.27164E-02 3.71800E-04 
3.16490E-01 2.97969E-02 4.49596E-04 
3.16927E-01 2.70718E-02 5.50847E-04 
3.16757E-01 2.45447E-02 6.84612E-04 
3.16203E-01 2.27268E-02 8.18741E-04 
3.15976E-01 2.22169E-02 8.64295E-04 
3.14458E-01 1.99268E-02 1.13282E-03 
3.12266E-01 1.78560E-02 1.51754E-03 
3.09435E-01 1.59923E-02 2.08246E-03 
3.06011E-01 1.43208E-02 2.93415E-03 
3.01519E-01 1.31502E-02 4.25372E-03 
2.97272E-01 1.18338E-02 6.36374E-03 
2.92550E-01 1.06458E-02 9.85114E-03 
2.87417E-01 9.57321E-03 1.58188E-02 
2.81957E-01 8.60456E-03 2.64030E-02 
2.76320E-01 7.73118E-03 4.58336E-02 
2.70846E-01 6.95112E-03 8.25222E-02 
2.66548E-01 6.27596E-03 1.52481E-01 
2.66397E-01 5.75561E-03 2.81488E-01 
2.77109E-01 5.49550E-03 4.92385E-01 
3.04119E-01 5.53731E-03 7.58024E-01 
3.35694E-01 5.60859E-03 9.79885E-01 
3.51896E-01 5.38933E-03 1.08871E+00 
3.10235E-01 3.83637E-02 2.12126E-04 
3.11637E-01 3.48838E-02 2.48089E-04 
3.07235E-01 3.41060E-02 2.92780E-04 
3.08396E-01 3.09538E-02 3.49043E-04 
3.08934E-01 2.80093E-02 4.21052E-04 
3.08840E-01 2.52790E-02 5.14544E-04 
3.08104E-01 2.27663E-02 6.37788E-04 
3.07099E-01 2.09708E-02 7.61106E-04 
3.06733E-01 2.04701E-02 8.02982E-04 
3.04555E-01 1.82312E-02 1.04920E-03 
3.01693E-01 1.62262E-02 1.40119E-03 
2.98184E-01 1.44404E-02 1.91676E-03 
2.94086E-01 1.28558E-02 2.69188E-03 
2.89021E-01 1.17113E-02 3.89007E-03 
2.84112E-01 1.04912E-02 5.80093E-03 
2.78756E-01 9.40086E-03 8.95027E-03 
2.73026E-01 8.42468E-03 1.43240E-02 
2.67008E-01 7.54945E-03 2.38283E-02 
2.60847E-01 6.76533E-03 4.12258E-02 
2.54877E-01 6.06759E-03 7.39702E-02 
2.50035E-01 5.46581E-03 1.36206E-01 
2.49088E-01 5.00128E-03 2.50581E-01 
2.58240E-01 4.76405E-03 4.36780E-01 
2.82433E-01 4.78830E-03 6.70053E-01 
3.10692E-01 4.83810E-03 8.63172E-01 
3.24615E-01 4.63807E-03 9.55649E-01 
3.02716E-01 3.76840E-02 2.00510E-04 
3.03875E-01 3.40771E-02 2.33939E-04 
2.99767E-01 3.26897E-02 2.75409E-04 
3.00542E-01 2.94714E-02 3.27516E-04 
3.00654E-01 2.64879E-02 3.94090E-04 
3.00095E-01 2.37386E-02 4.80320E-04 
2.98861E-01 2.12258E-02 5.93744E-04 
2.97447E-01 1.94427E-02 7.06984E-04 
2.96960E-01 1.89474E-02 7.45379E-04 
2.94192E-01 1.67453E-02 9.70892E-04 
2.90721E-01 1.47934E-02 1.29245E-03 
2.86604E-01 1.30735E-02 1.76211E-03 
2.81907E-01 1.15636E-02 2.46662E-03 
2.76339E-01 1.04473E-02 3.55281E-03 
2.70855E-01 9.31209E-03 5.28028E-03 
2.64956E-01 8.30788E-03 8.12040E-03 
2.58719E-01 7.41746E-03 1.29524E-02 
2.52237E-01 6.62544E-03 2.14732E-02 
2.45652E-01 5.92036E-03 3.70239E-02 
2.39277E-01 5.29645E-03 6.61991E-02 
2.33991E-01 4.75987E-03 1.21469E-01 
2.32360E-01 4.34537E-03 2.22708E-01 
2.40108E-01 4.12947E-03 3.86843E-01 
2.61719E-01 4.14016E-03 5.91374E-01 
2.86941E-01 4.17291E-03 7.59150E-01 
2.98825E-01 3.99106E-03 8.37543E-01 
2.94372E-01 3.72176E-02 1.89217E-04 
2.95276E-01 3.34557E-02 2.20157E-04 
2.91451E-01 3.15041E-02 2.58497E-04 
2.91806E-01 2.82176E-02 3.06588E-04 
2.91502E-01 2.51765E-02 3.67886E-04 
2.90500E-01 2.23918E-02 4.47117E-04 
2.88793E-01 1.98649E-02 5.51070E-04 
2.87002E-01 1.80840E-02 6.54666E-04 
2.86399E-01 1.75919E-02 6.89759E-04 
2.83089E-01 1.54150E-02 8.95470E-04 
2.79069E-01 1.35057E-02 1.18801E-03 
2.74409E-01 1.18415E-02 1.61436E-03 
2.69180E-01 1.03980E-02 2.25187E-03 
2.63176E-01 9.31169E-03 3.23269E-03 
2.57198E-01 8.25275E-03 4.78855E-03 
2.50838E-01 7.32697E-03 7.33806E-03 
2.44181E-01 6.51434E-03 1.16648E-02 
2.37322E-01 5.79805E-03 1.92710E-02 
2.30400E-01 5.16503E-03 3.31090E-02 
2.23708E-01 4.60822E-03 5.89949E-02 
2.18067E-01 4.13101E-03 1.07869E-01 
2.15848E-01 3.76223E-03 1.97075E-01 
2.22311E-01 3.56657E-03 3.41112E-01 
2.41504E-01 3.56672E-03 5.19623E-01 
2.63889E-01 3.58588E-03 6.64673E-01 
2.73918E-01 3.42134E-03 7.30703E-01 
2.85400E-01 3.69619E-02 1.78323E-04 
2.86072E-01 3.30337E-02 2.06913E-04 
2.82473E-01 3.05937E-02 2.42263E-04 
2.82456E-01 2.71995E-02 2.86514E-04 
2.81726E-01 2.40802E-02 3.42771E-04 
2.80276E-01 2.12425E-02 4.15312E-04 
2.78117E-01 1.86866E-02 5.10303E-04 
2.75971E-01 1.68988E-02 6.04749E-04 
2.75266E-01 1.64066E-02 6.36702E-04 
2.71458E-01 1.42433E-02 8.23794E-04 
2.66944E-01 1.23656E-02 1.08918E-03 
2.61799E-01 1.07478E-02 1.47483E-03 
2.56108E-01 9.36129E-03 2.05014E-03 
2.49737E-01 8.30504E-03 2.93298E-03 
2.43344E-01 7.31380E-03 4.32949E-03 
2.36611E-01 6.45776E-03 6.61197E-03 
2.29624E-01 5.71481E-03 1.04738E-02 
2.22477E-01 5.06654E-03 1.72427E-02 
2.15307E-01 4.49844E-03 2.95196E-02 
2.08391E-01 4.00173E-03 5.24157E-02 
2.02488E-01 3.57791E-03 9.55070E-02 
1.99783E-01 3.25038E-03 1.73862E-01 
2.05091E-01 3.07361E-03 2.99875E-01 
2.22055E-01 3.06584E-03 4.55197E-01 
2.41829E-01 3.07440E-03 5.80193E-01 
2.50198E-01 2.92616E-03 6.35576E-01 
2.75696E-01 3.68788E-02 1.67630E-04 
2.76097E-01 3.27671E-02 1.93943E-04 
2.72720E-01 2.98813E-02 2.26415E-04 
2.72356E-01 2.63709E-02 2.66993E-04 
2.71258E-01 2.31628E-02 3.18473E-04 
2.69420E-01 2.02612E-02 3.84696E-04 
2.66846E-01 1.76652E-02 4.71162E-04 
2.64371E-01 1.58620E-02 5.56995E-04 
2.63574E-01 1.53672E-02 5.85990E-04 
2.59309E-01 1.32069E-02 7.55476E-04 
2.54349E-01 1.13517E-02 9.95271E-04 
2.48778E-01 9.77166E-03 1.34284E-03 
2.42689E-01 8.43424E-03 1.85993E-03 
2.36015E-01 7.40790E-03 2.65154E-03 
2.29291E-01 6.47691E-03 3.90044E-03 
2.22268E-01 5.68360E-03 5.93583E-03 
2.15036E-01 5.00370E-03 9.36933E-03 
2.07690E-01 4.41685E-03 1.53704E-02 
2.00360E-01 3.90736E-03 2.62233E-02 
1.93308E-01 3.46496E-03 4.63966E-02 
1.87231E-01 3.08933E-03 8.42405E-02 
1.84133E-01 2.79916E-03 1.52814E-01 
1.88406E-01 2.64011E-03 2.62638E-01 
2.03312E-01 2.62652E-03 3.97261E-01 
2.20682E-01 2.62705E-03 5.04565E-01 
2.27572E-01 2.49408E-03 5.50769E-01 
2.65414E-01 3.69575E-02 1.57192E-04 
2.65519E-01 3.26391E-02 1.81298E-04 
2.62317E-01 2.93475E-02 2.11001E-04 
2.61591E-01 2.57090E-02 2.48066E-04 
2.60123E-01 2.23974E-02 2.94962E-04 
2.57905E-01 1.94200E-02 3.55134E-04 
2.54958E-01 1.67752E-02 4.33559E-04 
2.52198E-01 1.49502E-02 5.11221E-04 
2.51313E-01 1.44521E-02 5.37436E-04 
2.46655E-01 1.22875E-02 6.90362E-04 
2.41319E-01 1.04480E-02 9.06188E-04 
2.35396E-01 8.89946E-03 1.21819E-03 
2.28985E-01 7.60509E-03 1.68113E-03 
2.22080E-01 6.60827E-03 2.38815E-03 
2.15107E-01 5.73134E-03 3.50057E-03 
2.07881E-01 4.99465E-03 5.30844E-03 
2.00492E-01 4.37165E-03 8.34937E-03 
1.93033E-01 3.84034E-03 1.36490E-02 
1.85629E-01 3.38366E-03 2.32050E-02 
1.78522E-01 2.99042E-03 4.09102E-02 
1.72355E-01 2.65829E-03 7.40141E-02 
1.68955E-01 2.40200E-03 1.33796E-01 
1.72310E-01 2.25946E-03 2.29141E-01 
1.85325E-01 2.24181E-03 3.45372E-01 
2.00492E-01 2.23634E-03 4.37115E-01 
2.06073E-01 2.11771E-03 4.75455E-01 
2.54615E-01 3.71747E-02 1.47009E-04 
2.54403E-01 3.26336E-02 1.68995E-04 
2.51312E-01 2.89732E-02 1.96046E-04 
2.50221E-01 2.51857E-02 2.29727E-04 
2.48399E-01 2.17600E-02 2.72262E-04 
2.45839E-01 1.86992E-02 3.26722E-04 
2.42552E-01 1.59976E-02 3.97518E-04 
2.39530E-01 1.41460E-02 4.67463E-04 
2.38571E-01 1.36425E-02 4.91043E-04 
2.33569E-01 1.14677E-02 6.28437E-04 
2.27912E-01 9.63862E-03 8.21798E-04 
2.21702E-01 8.11664E-03 1.10057E-03 
2.15040E-01 6.86051E-03 1.51318E-03 
2.07973E-01 5.89293E-03 2.14178E-03 
2.00834E-01 5.06494E-03 3.12811E-03 
1.93487E-01 4.37967E-03 4.72692E-03 
1.86023E-01 3.80853E-03 7.40836E-03 
1.78533E-01 3.32773E-03 1.20676E-02 
1.71137E-01 2.91904E-03 2.04423E-02 
1.64055E-01 2.57029E-03 3.59138E-02 
1.57876E-01 2.27751E-03 6.47457E-02 
1.54258E-01 2.05199E-03 1.16627E-01 
1.56804E-01 1.92488E-03 1.99034E-01 
1.68087E-01 1.90460E-03 2.98937E-01 
1.81238E-01 1.89481E-03 3.77005E-01 
1.85668E-01 1.78962E-03 4.08626E-01 
2.43404E-01 3.75034E-02 1.37120E-04 
2.42856E-01 3.27247E-02 1.57083E-04 
2.39827E-01 2.87226E-02 1.81605E-04 
2.38393E-01 2.47784E-02 2.12087E-04 
2.36209E-01 2.12275E-02 2.50469E-04 
2.33305E-01 1.80746E-02 2.99503E-04 
2.29703E-01 1.53116E-02 3.63102E-04 
2.26450E-01 1.34305E-02 4.25823E-04 
2.25428E-01 1.29210E-02 4.46943E-04 
2.20133E-01 1.07327E-02 5.69760E-04 
2.14220E-01 8.91112E-03 7.42191E-04 
2.07788E-01 7.41245E-03 9.90160E-04 
2.00948E-01 6.19122E-03 1.35611E-03 
1.93788E-01 5.25285E-03 1.91245E-03 
1.86564E-01 4.46974E-03 2.78314E-03 
1.79178E-01 3.83168E-03 4.19014E-03 
1.71721E-01 3.30781E-03 6.54388E-03 
1.64281E-01 2.87301E-03 1.06213E-02 
1.56967E-01 2.50796E-03 1.79283E-02 
1.49985E-01 2.19942E-03 3.13860E-02 
1.43867E-01 1.94223E-03 5.63850E-02 
1.40110E-01 1.74458E-03 1.01204E-01 
1.41952E-01 1.63181E-03 1.72105E-01 
1.51659E-01 1.61007E-03 2.57580E-01 
1.62978E-01 1.59737E-03 3.23698E-01 
1.66408E-01 1.50469E-03 3.49612E-01 
2.31881E-01 3.79151E-02 1.27565E-04 
2.30987E-01 3.28873E-02 1.45608E-04 
2.27968E-01 2.85666E-02 1.67725E-04 
2.26178E-01 2.44570E-02 1.95177E-04 
2.23670E-01 2.07775E-02 2.29662E-04 
2.20441E-01 1.75284E-02 2.73590E-04 
2.16534E-01 1.47001E-02 3.30428E-04 
2.13078E-01 1.27879E-02 3.86372E-04 
2.12000E-01 1.22723E-02 4.05193E-04 
2.06464E-01 1.00694E-02 5.14461E-04 
2.00346E-01 8.25378E-03 6.67447E-04 
1.93756E-01 6.77692E-03 8.86887E-04 
1.86810E-01 5.58853E-03 1.20994E-03 
1.79626E-01 4.67954E-03 1.69989E-03 
1.72392E-01 3.93821E-03 2.46465E-03 
1.65044E-01 3.34367E-03 3.69723E-03 
1.57669E-01 2.86321E-03 5.75297E-03 
1.50351E-01 2.47039E-03 9.30421E-03 
1.43191E-01 2.14495E-03 1.56499E-02 
1.36376E-01 1.87284E-03 2.72991E-02 
1.30384E-01 1.64778E-03 4.88683E-02 
1.26561E-01 1.47533E-03 8.74048E-02 
1.27800E-01 1.37585E-03 1.48112E-01 
1.36081E-01 1.35362E-03 2.20889E-01 
1.45747E-01 1.33919E-03 2.76613E-01 
1.48317E-01 1.25806E-03 2.97699E-01 
2.20128E-01 3.83787E-02 1.18364E-04 
2.18894E-01 3.30954E-02 1.34600E-04 
2.15835E-01 2.84782E-02 1.54450E-04 
2.13689E-01 2.41965E-02 1.79039E-04 
2.10868E-01 2.03855E-02 2.09866E-04 
2.07351E-01 1.70403E-02 2.49032E-04 
2.03172E-01 1.41468E-02 2.99557E-04 
1.99528E-01 1.22036E-02 3.49184E-04 
1.98399E-01 1.16817E-02 3.65860E-04 
1.92664E-01 9.46476E-03 4.62541E-04 
1.86398E-01 7.65580E-03 5.97568E-04 
1.79715E-01 6.20074E-03 7.90745E-04 
1.72728E-01 5.04428E-03 1.07443E-03 
1.65582E-01 4.16520E-03 1.50367E-03 
1.58407E-01 3.46318E-03 2.17189E-03 
1.51167E-01 2.90921E-03 3.24605E-03 
1.43943E-01 2.46891E-03 5.03233E-03 
1.36813E-01 2.11455E-03 8.10937E-03 
1.29870E-01 1.82511E-03 1.35915E-02 
1.23281E-01 1.58598E-03 2.36236E-02 
1.17475E-01 1.38991E-03 4.21379E-02 
1.13652E-01 1.24022E-03 7.51013E-02 
1.14380E-01 1.15301E-03 1.26813E-01 
1.21380E-01 1.13103E-03 1.88455E-01 
1.29563E-01 1.11581E-03 2.35163E-01 
1.31404E-01 1.04531E-03 2.52190E-01 
2.08304E-01 3.88715E-02 1.09582E-04 
2.06707E-01 3.33233E-02 1.24111E-04 
2.03564E-01 2.84289E-02 1.41839E-04 
2.01079E-01 2.39742E-02 1.63751E-04 
1.97941E-01 2.00305E-02 1.91149E-04 
1.94160E-01 1.65915E-02 2.25883E-04 
1.89748E-01 1.36366E-02 2.70579E-04 
1.85947E-01 1.16648E-02 3.14372E-04 
1.84777E-01 1.11375E-02 3.29070E-04 
1.78881E-01 8.90912E-03 4.14151E-04 
1.72517E-01 7.10895E-03 5.32680E-04 
1.65794E-01 5.67677E-03 7.01845E-04 
1.58828E-01 4.55236E-03 9.49610E-04 
1.51776E-01 3.70401E-03 1.32371E-03 
1.44725E-01 3.03956E-03 1.90459E-03 
1.37656E-01 2.52375E-03 2.83565E-03 
1.30644E-01 2.12060E-03 4.37998E-03 
1.23762E-01 1.80148E-03 7.03227E-03 
1.17091E-01 1.54476E-03 1.17430E-02 
1.10781E-01 1.33540E-03 2.03385E-02 
1.05211E-01 1.16535E-03 3.61491E-02 
1.01447E-01 1.03613E-03 6.41981E-02 
1.01752E-01 9.60182E-04 1.08018E-01 
1.07613E-01 9.39032E-04 1.59956E-01 
1.14476E-01 9.23721E-04 1.98892E-01 
1.15709E-01 8.62954E-04 2.12536E-01 
1.96476E-01 3.93685E-02 1.01215E-04 
1.94521E-01 3.35529E-02 1.14151E-04 
1.91252E-01 2.83957E-02 1.29893E-04 
1.88422E-01 2.37674E-02 1.49299E-04 
1.84984E-01 1.96941E-02 1.73506E-04 
1.80950E-01 1.61650E-02 2.04124E-04 
1.76334E-01 1.31539E-02 2.43422E-04 
1.72406E-01 1.11578E-02 2.81838E-04 
1.71205E-01 1.06261E-02 2.94717E-04 
1.65197E-01 8.39144E-03 3.69148E-04 
1.58779E-01 6.60359E-03 4.72570E-04 
1.52063E-01 5.19656E-03 6.19791E-04 
1.45169E-01 4.10515E-03 8.34883E-04 
1.38264E-01 3.28875E-03 1.15895E-03 
1.31396E-01 2.66089E-03 1.66087E-03 
1.24555E-01 2.18133E-03 2.46325E-03 
1.17811E-01 1.81288E-03 3.79032E-03 
1.11228E-01 1.52624E-03 6.06293E-03 
1.04878E-01 1.29934E-03 1.00873E-02 
9.88902E-02 1.11686E-03 1.74077E-02 
9.36009E-02 9.70185E-04 3.08294E-02 
8.99456E-02 8.59334E-04 5.45535E-02 
8.99083E-02 7.93683E-04 9.14631E-02 
9.47602E-02 7.73794E-04 1.34958E-01 
1.00457E-01 7.58946E-04 1.67209E-01 
1.01191E-01 7.07030E-04 1.78042E-01 
1.84851E-01 3.98390E-02 9.33591E-05 
1.82564E-01 3.37608E-02 1.04834E-04 
1.79142E-01 2.83587E-02 1.18750E-04 
1.75987E-01 2.35621E-02 1.35861E-04 
1.72252E-01 1.93642E-02 1.57134E-04 
1.67981E-01 1.57518E-02 1.83983E-04 
1.63186E-01 1.26918E-02 2.18360E-04 
1.59154E-01 1.06768E-02 2.51892E-04 
1.57929E-01 1.01423E-02 2.63122E-04 
1.51850E-01 7.90787E-03 3.27917E-04 
1.45426E-01 6.13741E-03 4.17721E-04 
1.38773E-01 4.75880E-03 5.45240E-04 
1.31999E-01 3.70189E-03 7.31088E-04 
1.25284E-01 2.91847E-03 1.01048E-03 
1.18644E-01 2.32610E-03 1.44214E-03 
1.12077E-01 1.88089E-03 2.13037E-03 
1.05644E-01 1.54469E-03 3.26549E-03 
9.93994E-02 1.28770E-03 5.20393E-03 
9.34054E-02 1.08767E-03 8.62669E-03 
8.77739E-02 9.29150E-04 1.48328E-02 
8.27971E-02 8.03206E-04 2.61743E-02 
7.92928E-02 7.08584E-04 4.61520E-02 
7.89889E-02 6.52192E-04 7.71008E-02 
8.29649E-02 6.33851E-04 1.13360E-01 
8.76494E-02 6.19860E-04 1.39951E-01 
8.79859E-02 5.75846E-04 1.48486E-01 
1.73325E-01 4.02720E-02 8.58916E-05 
1.70717E-01 3.39329E-02 9.60078E-05 
1.67115E-01 2.82970E-02 1.08221E-04 
1.63659E-01 2.33388E-02 1.23207E-04 
1.59650E-01 1.90236E-02 1.41767E-04 
1.55145E-01 1.53342E-02 1.65117E-04 
1.50185E-01 1.22327E-02 1.94953E-04 
1.46068E-01 1.02050E-02 2.23988E-04 
1.44827E-01 9.66947E-03 2.33703E-04 
1.38700E-01 7.44229E-03 2.89647E-04 
1.32308E-01 5.69540E-03 3.67007E-04 
1.25761E-01 4.34989E-03 4.76603E-04 
1.19162E-01 3.33043E-03 6.35953E-04 
1.12686E-01 2.58209E-03 8.75030E-04 
1.06323E-01 2.02528E-03 1.24347E-03 
1.00075E-01 1.61343E-03 1.82931E-03 
9.39947E-02 1.30778E-03 2.79287E-03 
8.81267E-02 1.07834E-03 4.43366E-03 
8.25223E-02 9.02884E-04 7.32202E-03 
7.72770E-02 7.66060E-04 1.25433E-02 
7.26419E-02 6.58699E-04 2.20534E-02 
6.93254E-02 5.78619E-04 3.87441E-02 
6.88184E-02 5.30641E-04 6.44911E-02 
7.20287E-02 5.14045E-04 9.44770E-02 
7.58277E-02 5.01192E-04 1.16215E-01 
7.58517E-02 4.64300E-04 1.22856E-01 
1.62085E-01 4.06458E-02 7.88901E-05 
1.59161E-01 3.40497E-02 8.77526E-05 
1.55394E-01 2.82000E-02 9.84225E-05 
1.51630E-01 2.30845E-02 1.11445E-04 
1.47369E-01 1.86623E-02 1.27529E-04 
1.42662E-01 1.49072E-02 1.47704E-04 
1.37563E-01 1.17744E-02 1.73414E-04 
1.33388E-01 9.74157E-03 1.98394E-04 
1.32134E-01 9.20673E-03 2.06736E-04 
1.25991E-01 6.99524E-03 2.54700E-04 
1.19664E-01 5.27829E-03 3.20870E-04 
1.13259E-01 3.97024E-03 4.14406E-04 
1.06871E-01 2.99083E-03 5.50109E-04 
1.00669E-01 2.27918E-03 7.53299E-04 
9.46198E-02 1.75780E-03 1.06566E-03 
8.87254E-02 1.37818E-03 1.56109E-03 
8.30282E-02 1.10132E-03 2.37368E-03 
7.75633E-02 8.97270E-04 3.75340E-03 
7.23714E-02 7.44085E-04 6.17482E-03 
6.75309E-02 6.26608E-04 1.05386E-02 
6.32562E-02 5.35685E-04 1.84604E-02 
6.01551E-02 4.68421E-04 3.23121E-02 
5.95038E-02 4.27957E-04 5.35881E-02 
6.20581E-02 4.13199E-04 7.82177E-02 
6.50984E-02 4.01654E-04 9.58622E-02 
6.48872E-02 3.71063E-04 1.00970E-01 
1.51216E-01 4.09514E-02 7.23586E-05 
1.47973E-01 3.41004E-02 8.00642E-05 
1.44021E-01 2.80501E-02 8.93172E-05 
1.40003E-01 2.27931E-02 1.00573E-04 
1.35504E-01 1.82739E-02 1.14404E-04 
1.30610E-01 1.44635E-02 1.31694E-04 
1.25388E-01 1.13099E-02 1.53671E-04 
1.21174E-01 9.27967E-03 1.74991E-04 
1.19917E-01 8.74802E-03 1.82106E-04 
1.13806E-01 6.56231E-03 2.22940E-04 
1.07578E-01 4.88217E-03 2.79122E-04 
1.01342E-01 3.61616E-03 3.58351E-04 
9.51929E-02 2.67947E-03 4.73043E-04 
8.92898E-02 2.00611E-03 6.44473E-04 
8.35836E-02 1.52013E-03 9.07404E-04 
7.80693E-02 1.17179E-03 1.32334E-03 
7.27779E-02 9.22073E-04 2.00376E-03 
6.77346E-02 7.41417E-04 3.15569E-03 
6.29692E-02 6.08340E-04 5.17142E-03 
5.85452E-02 5.08098E-04 8.79223E-03 
5.46421E-02 4.31651E-04 1.53433E-02 
5.17769E-02 3.75612E-04 2.67568E-02 
5.10323E-02 3.41812E-04 4.42103E-02 
5.30309E-02 3.28911E-04 6.42909E-02 
5.54280E-02 3.18766E-04 7.85029E-02 
5.50484E-02 2.93695E-04 8.23790E-02 
1.40763E-01 4.11783E-02 6.62846E-05 
1.37216E-01 3.40789E-02 7.29337E-05 
1.33075E-01 2.78409E-02 8.08956E-05 
1.28818E-01 2.24538E-02 9.05457E-05 
1.24104E-01 1.78497E-02 1.02338E-04 
1.19051E-01 1.39971E-02 1.17031E-04 
1.13737E-01 1.08355E-02 1.35663E-04 
1.09491E-01 8.81542E-03 1.53690E-04 
1.08232E-01 8.28887E-03 1.59697E-04 
1.02164E-01 6.13729E-03 1.94136E-04 
9.60756E-02 4.50219E-03 2.41452E-04 
9.00609E-02 3.28423E-03 3.08071E-04 
8.41910E-02 2.39353E-03 4.04287E-04 
7.86126E-02 1.76002E-03 5.47821E-04 
7.32669E-02 1.30935E-03 7.67438E-04 
6.81470E-02 9.91274E-04 1.11394E-03 
6.32732E-02 7.67129E-04 1.67925E-03 
5.86601E-02 6.07993E-04 2.63359E-03 
5.43270E-02 4.93040E-04 4.29848E-03 
5.03225E-02 4.08066E-04 7.27970E-03 
4.67950E-02 3.44291E-04 1.26553E-02 
4.41792E-02 2.98030E-04 2.19857E-02 
4.33845E-02 2.70092E-04 3.61903E-02 
4.49184E-02 2.59007E-04 5.24307E-02 
4.67764E-02 2.50286E-04 6.37809E-02 
4.62851E-02 2.30008E-04 6.66781E-02 
1.30770E-01 4.13203E-02 6.06553E-05 
1.26944E-01 3.39824E-02 6.63486E-05 
1.22603E-01 2.75670E-02 7.31339E-05 
1.18131E-01 2.20629E-02 8.13353E-05 
1.13244E-01 1.73899E-02 9.13076E-05 
1.08061E-01 1.35089E-02 1.03682E-04 
1.02671E-01 1.03498E-02 1.19319E-04 
9.84133E-02 8.34788E-03 1.34417E-04 
9.71619E-02 7.82890E-03 1.39447E-04 
9.11853E-02 5.72222E-03 1.68258E-04 
8.52578E-02 4.13857E-03 2.07752E-04 
7.94674E-02 2.97225E-03 2.63226E-04 
7.38896E-02 2.12993E-03 3.43211E-04 
6.86549E-02 1.53774E-03 4.62362E-04 
6.36896E-02 1.12249E-03 6.44275E-04 
5.89785E-02 8.33808E-04 9.30575E-04 
5.45311E-02 6.33810E-04 1.39637E-03 
5.03524E-02 4.94464E-04 2.18051E-03 
4.64518E-02 3.95811E-04 3.54434E-03 
4.28638E-02 3.24299E-04 5.97865E-03 
3.97095E-02 2.71554E-04 1.03531E-02 
3.73499E-02 2.33745E-04 1.79166E-02 
3.65415E-02 2.10919E-04 2.93795E-02 
3.76921E-02 2.01565E-04 4.24010E-02 
3.91043E-02 1.94229E-04 5.13830E-02 
3.85487E-02 1.78078E-04 5.35117E-02 
1.21264E-01 4.13718E-02 5.54524E-05 
1.17182E-01 3.38056E-02 6.02815E-05 
1.12646E-01 2.72245E-02 6.60044E-05 
1.07972E-01 2.16156E-02 7.28967E-05 
1.02948E-01 1.68903E-02 8.12490E-05 
9.76546E-02 1.29929E-02 9.15492E-05 
9.22202E-02 9.84964E-03 1.04531E-04 
8.79799E-02 7.87565E-03 1.17051E-04 
8.67395E-02 7.36636E-03 1.21216E-04 
8.08722E-02 5.31322E-03 1.45059E-04 
7.51307E-02 3.78791E-03 1.77690E-04 
6.95952E-02 2.67826E-03 2.23450E-04 
6.43294E-02 1.88688E-03 2.89316E-04 
5.94510E-02 1.33711E-03 3.87310E-04 
5.48756E-02 9.57095E-04 5.36616E-04 
5.05785E-02 6.96886E-04 7.71044E-04 
4.65587E-02 5.19638E-04 1.15145E-03 
4.28111E-02 3.98450E-04 1.78998E-03 
3.93355E-02 3.14383E-04 2.89720E-03 
3.61553E-02 2.54707E-04 4.86699E-03 
3.33658E-02 2.11503E-04 8.39430E-03 
3.12634E-02 1.80947E-04 1.44699E-02 
3.04705E-02 1.62541E-04 2.36349E-02 
3.13101E-02 1.54800E-04 3.39773E-02 
3.23591E-02 1.48780E-04 4.10144E-02 
3.17772E-02 1.36146E-04 4.25469E-02 
1.12238E-01 4.13232E-02 5.06459E-05 
1.07937E-01 3.35444E-02 5.47024E-05 
1.03233E-01 2.68149E-02 5.94788E-05 
9.83838E-02 2.11145E-02 6.52015E-05 
9.32457E-02 1.63510E-02 7.21102E-05 
8.78778E-02 1.24523E-02 8.05814E-05 
8.24252E-02 9.33699E-03 9.12259E-05 
7.82193E-02 7.39872E-03 1.01477E-04 
7.69974E-02 6.90144E-03 1.04886E-04 
7.12607E-02 4.91044E-03 1.24380E-04 
6.57228E-02 3.44964E-03 1.51027E-04 
6.04642E-02 2.40081E-03 1.88371E-04 
5.55331E-02 1.66272E-03 2.42068E-04 
5.10225E-02 1.15622E-03 3.21873E-04 
4.68393E-02 8.11063E-04 4.43215E-04 
4.29545E-02 5.78296E-04 6.33285E-04 
3.93556E-02 4.22386E-04 9.40918E-04 
3.60285E-02 3.17790E-04 1.45582E-03 
3.29649E-02 2.46739E-04 2.34592E-03 
3.01771E-02 1.97390E-04 3.92426E-03 
2.77386E-02 1.62385E-04 6.74056E-03 
2.58892E-02 1.38004E-04 1.15723E-02 
2.51343E-02 1.23386E-04 1.88263E-02 
2.57262E-02 1.17122E-04 2.69565E-02 
2.64840E-02 1.12321E-04 3.24096E-02 
2.59057E-02 1.02652E-04 3.34863E-02 
1.03723E-01 4.11794E-02 4.62239E-05 
9.92387E-02 3.32041E-02 4.95930E-05 
9.43816E-02 2.63393E-02 5.35228E-05 
8.93836E-02 2.05617E-02 5.82059E-05 
8.41467E-02 1.57722E-02 6.38303E-05 
7.87484E-02 1.18885E-02 7.07057E-05 
7.33113E-02 8.81372E-03 7.93096E-05 
6.91548E-02 6.91851E-03 8.75800E-05 
6.79546E-02 6.43511E-03 9.03283E-05 
6.23762E-02 4.51469E-03 1.06058E-04 
5.70744E-02 3.12460E-03 1.27564E-04 
5.21109E-02 2.13999E-03 1.57692E-04 
4.75156E-02 1.45634E-03 2.00952E-04 
4.33687E-02 9.93242E-04 2.65195E-04 
3.95763E-02 6.82372E-04 3.62736E-04 
3.60970E-02 4.75929E-04 5.15198E-04 
3.29080E-02 3.39973E-04 7.61331E-04 
2.99866E-02 2.50490E-04 1.17214E-03 
2.73173E-02 1.91004E-04 1.88011E-03 
2.49020E-02 1.50618E-04 3.13125E-03 
2.27965E-02 1.22608E-04 5.35569E-03 
2.11911E-02 1.03442E-04 9.15639E-03 
2.04910E-02 9.20390E-05 1.48347E-02 
2.08896E-02 8.71048E-05 2.11539E-02 
2.14184E-02 8.34118E-05 2.53288E-02 
2.08660E-02 7.62181E-05 2.60626E-02 
9.57076E-02 4.09429E-02 4.21575E-05 
9.10507E-02 3.27792E-02 4.49054E-05 
8.60773E-02 2.57987E-02 4.80893E-05 
8.09591E-02 1.99581E-02 5.18524E-05 
7.56591E-02 1.51586E-02 5.63510E-05 
7.02494E-02 1.13020E-02 6.18233E-05 
6.48590E-02 8.28001E-03 6.86543E-05 
6.07791E-02 6.43613E-03 7.52164E-05 
5.96080E-02 5.96868E-03 7.73972E-05 
5.42053E-02 4.12590E-03 8.98746E-05 
4.91578E-02 2.81157E-03 1.06973E-04 
4.44989E-02 1.89385E-03 1.30927E-04 
4.02514E-02 1.26596E-03 1.65325E-04 
3.64735E-02 8.46455E-04 2.16400E-04 
3.30653E-02 5.69094E-04 2.93829E-04 
2.99797E-02 3.87773E-04 4.14622E-04 
2.71849E-02 2.70404E-04 6.09163E-04 
2.46502E-02 1.94640E-04 9.32953E-04 
2.23530E-02 1.45382E-04 1.48922E-03 
2.02877E-02 1.12755E-04 2.46885E-03 
1.84939E-02 9.06803E-05 4.20409E-03 
1.71202E-02 7.58899E-05 7.15657E-03 
1.64864E-02 6.71957E-05 1.15451E-02 
1.67375E-02 6.34426E-05 1.63930E-02 
1.70894E-02 6.07398E-05 1.95446E-02 
1.65792E-02 5.55956E-05 2.00253E-02 
8.82447E-02 4.06134E-02 3.84529E-05 
8.34411E-02 3.22774E-02 4.06521E-05 
7.83801E-02 2.51992E-02 4.31839E-05 
7.31772E-02 1.93131E-02 4.61468E-05 
6.78328E-02 1.45157E-02 4.96618E-05 
6.24501E-02 1.07015E-02 5.39322E-05 
5.71321E-02 7.74284E-03 5.92448E-05 
5.31482E-02 5.95702E-03 6.43515E-05 
5.20124E-02 5.50733E-03 6.60511E-05 
4.68152E-02 3.74914E-03 7.57880E-05 
4.20289E-02 2.51360E-03 8.91618E-05 
3.76824E-02 1.66433E-03 1.07940E-04 
3.37845E-02 1.09234E-03 1.34939E-04 
3.03697E-02 7.15640E-04 1.75052E-04 
2.73363E-02 4.70535E-04 2.35819E-04 
2.46281E-02 3.12855E-04 3.30454E-04 
2.22048E-02 2.12533E-04 4.82513E-04 
2.00299E-02 1.49038E-04 7.34880E-04 
1.80762E-02 1.08699E-04 1.16709E-03 
1.63317E-02 8.26752E-05 1.92554E-03 
1.48228E-02 6.55560E-05 3.26389E-03 
1.36634E-02 5.43735E-05 5.53125E-03 
1.31018E-02 4.79209E-05 8.88368E-03 
1.32445E-02 4.51948E-05 1.25584E-02 
1.34644E-02 4.33586E-05 1.49065E-02 
1.30060E-02 3.98779E-05 1.52060E-02 
8.12227E-02 4.01907E-02 3.50382E-05 
7.63046E-02 3.16980E-02 3.67511E-05 
7.11701E-02 2.45353E-02 3.87020E-05 
6.59242E-02 1.86229E-02 4.09684E-05 
6.05697E-02 1.38431E-02 4.36284E-05 
5.52356E-02 1.00828E-02 4.68534E-05 
5.00267E-02 7.19993E-03 5.08689E-05 
4.61543E-02 5.47838E-03 5.47280E-05 
4.50574E-02 5.04795E-03 5.60156E-05 
4.00942E-02 3.38113E-03 6.34360E-05 
3.55879E-02 2.22810E-03 7.36717E-05 
3.15588E-02 1.44858E-03 8.80920E-05 
2.80100E-02 9.32517E-04 1.08891E-04 
2.49577E-02 5.98100E-04 1.39886E-04 
2.22880E-02 3.84096E-04 1.86816E-04 
1.99392E-02 2.48683E-04 2.59786E-04 
1.78650E-02 1.64066E-04 3.76766E-04 
1.60249E-02 1.11607E-04 5.70375E-04 
1.43877E-02 7.90889E-05 9.00855E-04 
1.29373E-02 5.87250E-05 1.47877E-03 
1.16884E-02 4.57632E-05 2.49439E-03 
1.07261E-02 3.75694E-05 4.20718E-03 
1.02397E-02 3.29792E-05 6.72549E-03 
1.03045E-02 3.11476E-05 9.46310E-03 
1.04277E-02 3.00729E-05 1.11801E-02 
1.00262E-02 2.79449E-05 1.13513E-02 
7.46789E-02 3.96794E-02 3.19171E-05 
6.96842E-02 3.10510E-02 3.32069E-05 
6.44989E-02 2.38193E-02 3.46496E-05 
5.92404E-02 1.78972E-02 3.63138E-05 
5.39090E-02 1.31502E-02 3.82420E-05 
4.86507E-02 9.45578E-03 4.05765E-05 
4.35776E-02 6.65870E-03 4.34979E-05 
3.98434E-02 5.00790E-03 4.63202E-05 
3.87923E-02 4.59824E-03 4.72661E-05 
3.40724E-02 3.02642E-03 5.27472E-05 
2.98599E-02 1.95809E-03 6.03899E-05 
2.61621E-02 1.24896E-03 7.12486E-05 
2.29603E-02 7.87821E-04 8.69831E-05 
2.02514E-02 4.93900E-04 1.10502E-04 
1.79242E-02 3.09226E-04 1.46140E-04 
1.59104E-02 1.94428E-04 2.01502E-04 
1.41582E-02 1.24049E-04 2.90080E-04 
1.26235E-02 8.13625E-05 4.36283E-04 
1.12720E-02 5.56047E-05 6.84995E-04 
1.00848E-02 4.00141E-05 1.11833E-03 
9.06766E-03 3.04867E-05 1.87661E-03 
8.28244E-03 2.47279E-05 3.14924E-03 
7.86988E-03 2.16604E-05 5.00915E-03 
7.88168E-03 2.05956E-05 7.01296E-03 
7.93670E-03 2.01766E-05 8.24406E-03 
7.59348E-03 1.91326E-05 8.32836E-03 
6.85776E-02 3.90749E-02 2.90606E-05 
6.35406E-02 3.03350E-02 2.99828E-05 
5.83392E-02 2.30549E-02 3.09886E-05 
5.30943E-02 1.71392E-02 3.21337E-05 
4.78213E-02 1.24413E-02 3.34422E-05 
4.26658E-02 8.82453E-03 3.50253E-05 
3.77529E-02 6.12224E-03 3.70327E-05 
3.41753E-02 4.54753E-03 3.89969E-05 
3.31748E-02 4.15982E-03 3.96612E-05 
2.87191E-02 2.68697E-03 4.35537E-05 
2.48107E-02 1.70453E-03 4.90816E-05 
2.14432E-02 1.06508E-03 5.70440E-05 
1.85808E-02 6.57307E-04 6.86789E-05 
1.62030E-02 4.02007E-04 8.61733E-05 
1.41986E-02 2.44755E-04 1.12734E-04 
1.24947E-02 1.48854E-04 1.53982E-04 
1.10357E-02 9.12449E-05 2.19867E-04 
9.77513E-03 5.71291E-05 3.28316E-04 
8.67799E-03 3.71659E-05 5.12192E-04 
7.72219E-03 2.55652E-05 8.31205E-04 
6.90836E-03 1.88524E-05 1.38694E-03 
6.27903E-03 1.50607E-05 2.31472E-03 
5.93650E-03 1.32291E-05 3.66174E-03 
5.91424E-03 1.28177E-05 5.09859E-03 
5.92318E-03 1.29609E-05 5.96086E-03 
5.63626E-03 1.27785E-05 5.98883E-03 
6.28947E-02 3.83770E-02 2.64464E-05 
5.78524E-02 2.95538E-02 2.70536E-05 
5.26642E-02 2.22459E-02 2.76840E-05 
4.74620E-02 1.63545E-02 2.83873E-05 
4.22797E-02 1.17215E-02 2.91763E-05 
3.72560E-02 8.19427E-03 3.01347E-05 
3.25245E-02 5.59470E-03 3.13875E-05 
2.91208E-02 4.10075E-03 3.26534E-05 
2.81742E-02 3.73583E-03 3.30880E-05 
2.40012E-02 2.36485E-03 3.57001E-05 
2.04035E-02 1.46844E-03 3.95307E-05 
1.73643E-02 8.97227E-04 4.51803E-05 
1.48313E-02 5.40628E-04 5.35536E-05 
1.27684E-02 3.21691E-04 6.62686E-05 
1.10638E-02 1.89718E-04 8.56418E-05 
9.64222E-03 1.10884E-04 1.15746E-04 
8.44595E-03 6.45772E-05 1.63765E-04 
7.42772E-03 3.78897E-05 2.42589E-04 
6.55254E-03 2.28368E-05 3.75755E-04 
5.79723E-03 1.45449E-05 6.05744E-04 
5.15830E-03 1.01183E-05 1.00439E-03 
4.66358E-03 7.90374E-06 1.66598E-03 
4.38506E-03 7.06908E-06 2.61936E-03 
4.34270E-03 7.21288E-06 3.62473E-03 
4.32210E-03 7.83759E-06 4.21152E-03 
4.08714E-03 8.33618E-06 4.20503E-03 
5.76032E-02 3.75852E-02 2.40530E-05 
5.25825E-02 2.87048E-02 2.43889E-05 
4.74437E-02 2.13957E-02 2.47028E-05 
4.23131E-02 1.55470E-02 2.50338E-05 
3.72510E-02 1.09951E-02 2.53919E-05 
3.23873E-02 7.56931E-03 2.58390E-05 
2.78600E-02 5.08024E-03 2.64807E-05 
2.46438E-02 3.67066E-03 2.71865E-05 
2.37556E-02 3.32937E-03 2.74389E-05 
1.98776E-02 2.06180E-03 2.90361E-05 
1.65953E-02 1.25071E-03 3.15315E-05 
1.38792E-02 7.45540E-04 3.53682E-05 
1.16652E-02 4.37504E-04 4.12031E-05 
9.89736E-03 2.52231E-04 5.01922E-05 
8.46756E-03 1.43196E-04 6.39740E-05 
7.29943E-03 7.95400E-05 8.54264E-05 
6.33461E-03 4.30937E-05 1.19609E-04 
5.52672E-03 2.27589E-05 1.75563E-04 
4.84166E-03 1.18191E-05 2.69703E-04 
4.25672E-03 6.24434E-06 4.31480E-04 
3.76529E-03 3.65937E-06 7.10245E-04 
3.38431E-03 2.70082E-06 1.16965E-03 
3.16234E-03 2.66754E-06 1.82577E-03 
3.10958E-03 3.28400E-06 2.50809E-03 
3.07117E-03 4.32221E-06 2.89260E-03 
2.88230E-03 5.35767E-06 2.86683E-03 
5.26694E-02 3.66923E-02 2.18582E-05 
4.76996E-02 2.77855E-02 2.19628E-05 
4.26469E-02 2.05058E-02 2.20144E-05 
3.76205E-02 1.47219E-02 2.20378E-05 
3.27035E-02 1.02662E-02 2.20422E-05 
2.80272E-02 6.95404E-03 2.20793E-05 
2.37240E-02 4.58239E-03 2.22355E-05 
2.07073E-02 3.26016E-03 2.25023E-05 
1.98810E-02 2.94314E-03 2.26134E-05 
1.63082E-02 1.77967E-03 2.34266E-05 
1.33430E-02 1.05223E-03 2.48976E-05 
1.09421E-02 6.10187E-04 2.73485E-05 
9.02910E-03 3.47391E-04 3.12406E-05 
7.53473E-03 1.92838E-04 3.73847E-05 
6.35430E-03 1.04317E-04 4.69054E-05 
5.41081E-03 5.39547E-05 6.17763E-05 
4.64681E-03 2.59713E-05 8.54538E-05 
4.01806E-03 1.09855E-05 1.24085E-04 
3.49243E-03 3.44438E-06 1.88746E-04 
3.04910E-03 7.62285E-08 2.99219E-04 
2.67920E-03 -1.03790E-06 4.88166E-04 
2.39199E-03 -1.00198E-06 7.96804E-04 
2.21822E-03 -3.91689E-07 1.23255E-03 
2.16126E-03 6.29281E-07 1.67744E-03 
2.11294E-03 2.02509E-06 1.91628E-03 
1.96333E-03 3.48385E-06 1.88126E-03 
4.80347E-02 3.56778E-02 1.98303E-05 
4.31558E-02 2.67886E-02 1.97437E-05 
3.82211E-02 1.95707E-02 1.95788E-05 
3.33332E-02 1.38772E-02 1.93525E-05 
2.85903E-02 9.53623E-03 1.90737E-05 
2.41272E-02 6.35013E-03 1.87888E-05 
2.00676E-02 4.10294E-03 1.85687E-05 
1.72609E-02 2.87064E-03 1.85002E-05 
1.64987E-02 2.57824E-03 1.85040E-05 
1.32387E-02 1.51890E-03 1.87274E-05 
1.05900E-02 8.72915E-04 1.94353E-05 
8.49404E-03 4.90655E-04 2.08537E-05 
6.86537E-03 2.69630E-04 2.33013E-05 
5.62277E-03 1.42723E-04 2.73269E-05 
4.66421E-03 7.22125E-05 3.36631E-05 
3.91576E-03 3.32826E-05 4.36157E-05 
3.32256E-03 1.24449E-05 5.94566E-05 
2.84347E-03 1.89940E-06 8.51952E-05 
2.44899E-03 -2.86503E-06 1.27980E-04 
2.12077E-03 -4.45712E-06 2.00511E-04 
1.84885E-03 -4.40176E-06 3.23295E-04 
1.63703E-03 -3.57915E-06 5.21385E-04 
1.50296E-03 -2.44910E-06 7.96465E-04 
1.44528E-03 -1.07765E-06 1.06976E-03 
1.39189E-03 6.31618E-07 1.20558E-03 
1.27450E-03 2.42602E-06 1.16749E-03 
4.36784E-02 3.45218E-02 1.79561E-05 
3.89339E-02 2.57065E-02 1.77170E-05 
3.41509E-02 1.85894E-02 1.73788E-05 
2.94374E-02 1.30174E-02 1.69576E-05 
2.48968E-02 8.81066E-03 1.64600E-05 
2.06707E-02 5.76340E-03 1.59323E-05 
1.68729E-02 3.64727E-03 1.54344E-05 
1.42835E-02 2.50645E-03 1.51212E-05 
1.35867E-02 2.23872E-03 1.50474E-05 
1.06431E-02 1.28219E-03 1.48501E-05 
8.30331E-03 7.14064E-04 1.50135E-05 
6.49764E-03 3.87371E-04 1.56966E-05 
5.13077E-03 2.04006E-04 1.71079E-05 
4.11380E-03 1.01350E-04 1.96054E-05 
3.34947E-03 4.62895E-05 2.36429E-05 
2.76664E-03 1.69411E-05 3.00362E-05 
2.31471E-03 1.97398E-06 4.02026E-05 
1.95677E-03 -4.98067E-06 5.66167E-05 
1.66678E-03 -7.52675E-06 8.36238E-05 
1.42887E-03 -7.71577E-06 1.28852E-04 
1.23316E-03 -6.74318E-06 2.04211E-04 
1.07980E-03 -5.30335E-06 3.23416E-04 
9.76871E-04 -3.75403E-06 4.84477E-04 
9.19940E-04 -2.07786E-06 6.37054E-04 
8.64009E-04 -9.35327E-08 7.01911E-04 
7.71895E-04 1.96640E-06 6.64359E-04 
3.95247E-02 3.31807E-02 1.61996E-05 
3.49614E-02 2.45109E-02 1.58432E-05 
3.03710E-02 1.75458E-02 1.53722E-05 
2.58722E-02 1.21339E-02 1.48058E-05 
2.15665E-02 8.08628E-03 1.41477E-05 
1.76008E-02 5.19245E-03 1.34452E-05 
1.40828E-02 3.21486E-03 1.27534E-05 
1.17185E-02 2.16737E-03 1.22722E-05 
1.10884E-02 1.92438E-03 1.21457E-05 
8.46072E-03 1.06887E-03 1.16639E-05 
6.42173E-03 5.74828E-04 1.14606E-05 
4.88998E-03 2.99305E-04 1.16437E-05 
3.76256E-03 1.49510E-04 1.23416E-05 
2.94528E-03 6.77943E-05 1.37718E-05 
2.34722E-03 2.57050E-05 1.61884E-05 
1.90201E-03 4.21394E-06 2.00609E-05 
1.56436E-03 -6.02384E-06 2.62012E-05 
1.30217E-03 -1.01248E-05 3.60009E-05 
1.09344E-03 -1.09231E-05 5.18451E-05 
9.24393E-04 -1.00147E-05 7.77718E-05 
7.86385E-04 -8.32599E-06 1.19733E-04 
6.76973E-04 -6.40202E-06 1.83609E-04 
5.97467E-04 -4.51233E-06 2.65125E-04 
5.41416E-04 -2.56935E-06 3.34201E-04 
4.84040E-04 -3.42631E-07 3.51129E-04 
4.10967E-04 1.92648E-06 3.15844E-04 
3.55081E-02 3.15980E-02 1.45308E-05 
3.11739E-02 2.31619E-02 1.40889E-05 
2.68269E-02 1.64181E-02 1.35252E-05 
2.25855E-02 1.12147E-02 1.28590E-05 
1.85527E-02 7.35842E-03 1.20944E-05 
1.48747E-02 4.63627E-03 1.12791E-05 
1.16553E-02 2.80610E-03 1.04668E-05 
9.52259E-03 1.85386E-03 9.88248E-06 
8.95986E-03 1.63560E-03 9.72383E-06 
6.64630E-03 8.79000E-04 9.07064E-06 
4.89675E-03 4.54797E-04 8.64304E-06 
3.61955E-03 2.25731E-04 8.51066E-06 
2.70707E-03 1.05302E-04 8.74395E-06 
2.06296E-03 4.12645E-05 9.46007E-06 
1.60403E-03 9.79676E-06 1.07741E-05 
1.27011E-03 -5.42493E-06 1.29151E-05 
1.02199E-03 -1.19616E-05 1.62754E-05 
8.32915E-04 -1.38551E-05 2.15008E-05 
6.84987E-04 -1.33101E-05 2.96287E-05 
5.66800E-04 -1.15605E-05 4.22457E-05 
4.70909E-04 -9.32365E-06 6.12425E-05 
3.93299E-04 -7.02686E-06 8.72195E-05 
3.30529E-04 -4.86513E-06 1.14538E-04 
2.74844E-04 -2.69317E-06 1.27235E-04 
2.16315E-04 -2.58996E-07 1.12668E-04 
1.57038E-04 2.16780E-06 8.03369E-05 
3.15416E-02 2.96869E-02 1.29119E-05 
2.74920E-02 2.15995E-02 1.24149E-05 
2.34492E-02 1.51702E-02 1.17980E-05 
1.95157E-02 1.02385E-02 1.10752E-05 
1.58007E-02 6.61647E-03 1.02552E-05 
1.24434E-02 4.09039E-03 9.38406E-06 
9.54386E-03 2.41929E-03 8.51609E-06 
7.65051E-03 1.56517E-03 7.88446E-06 
7.15610E-03 1.37178E-03 7.71113E-06 
5.15276E-03 7.11914E-04 6.97766E-06 
3.67899E-03 3.53100E-04 6.43699E-06 
2.63526E-03 1.65681E-04 6.12985E-06 
1.91205E-03 7.04621E-05 6.08415E-06 
1.41459E-03 2.10061E-05 6.34730E-06 
1.06883E-03 -2.01161E-06 6.93995E-06 
8.22014E-04 -1.23884E-05 7.92888E-06 
6.41671E-04 -1.61248E-05 9.42478E-06 
5.06451E-04 -1.63712E-05 1.15738E-05 
4.02371E-04 -1.48336E-05 1.45120E-05 
3.20358E-04 -1.24680E-05 1.81980E-05 
2.54078E-04 -9.83464E-06 2.18318E-05 
1.98662E-04 -7.26950E-06 2.25841E-05 
1.47304E-04 -4.90590E-06 1.40579E-05 
9.14908E-05 -2.55304E-06 -1.00877E-05 
3.19593E-05 4.08825E-08 -4.45213E-05 
-1.74542E-05 2.56823E-06 -7.36464E-05 
2.75297E-02 2.73366E-02 1.13012E-05 
2.38306E-02 1.97486E-02 1.07797E-05 
2.01548E-02 1.37493E-02 1.01452E-05 
1.65902E-02 9.17358E-03 9.40827E-06 
1.32469E-02 5.84273E-03 8.58163E-06 
1.02512E-02 3.54589E-03 7.70854E-06 
7.69725E-03 2.05006E-03 6.84259E-06 
6.05368E-03 1.29878E-03 6.21216E-06 
5.62884E-03 1.13071E-03 6.03874E-06 
3.93273E-03 5.66173E-04 5.29909E-06 
2.71988E-03 2.68457E-04 4.73007E-06 
1.88742E-03 1.18011E-04 4.35139E-06 
1.32777E-03 4.40723E-05 4.16031E-06 
9.51508E-04 6.38870E-06 4.15719E-06 
6.95126E-04 -1.01108E-05 4.30189E-06 
5.14226E-04 -1.68846E-05 4.55632E-06 
3.83361E-04 -1.86017E-05 4.85102E-06 
2.86384E-04 -1.76970E-05 5.01338E-06 
2.12844E-04 -1.54922E-05 4.60759E-06 
1.55728E-04 -1.27343E-05 2.56924E-06 
1.09654E-04 -9.86692E-06 -3.57780E-06 
6.93564E-05 -7.15529E-06 -1.87226E-05 
2.57870E-05 -4.68239E-06 -4.95420E-05 
-2.98774E-05 -2.22605E-06 -9.60548E-05 
-8.95492E-05 4.47979E-07 -1.41683E-04 
-1.31586E-04 2.99537E-06 -1.67427E-04 
2.34056E-02 2.44537E-02 9.66707E-06 
2.01204E-02 1.75387E-02 9.14771E-06 
1.68707E-02 1.21015E-02 8.52582E-06 
1.37392E-02 7.98424E-03 7.81375E-06 
1.08251E-02 5.01464E-03 7.02519E-06 
8.23814E-03 2.99005E-03 6.19980E-06 
6.06156E-03 1.69161E-03 5.38846E-06 
4.68116E-03 1.05043E-03 4.80139E-06 
4.32780E-03 9.08610E-04 4.64015E-06 
2.93785E-03 4.39451E-04 3.95396E-06 
1.97145E-03 1.99181E-04 3.41988E-06 
1.32809E-03 8.14769E-05 3.04218E-06 
9.07433E-04 2.53297E-05 2.79834E-06 
6.29360E-04 -2.92915E-06 2.65981E-06 
4.42016E-04 -1.45376E-05 2.55292E-06 
3.10008E-04 -1.87644E-05 2.38089E-06 
2.14633E-04 -1.91591E-05 1.97361E-06 
1.44419E-04 -1.75830E-05 9.83592E-07 
9.19169E-05 -1.50622E-05 -1.33159E-06 
5.18004E-05 -1.21850E-05 -6.56964E-06 
1.95270E-05 -9.30323E-06 -1.80374E-05 
-1.02806E-05 -6.62510E-06 -4.15470E-05 
-4.76235E-05 -4.19369E-06 -8.35302E-05 
-1.01122E-04 -1.77555E-06 -1.40286E-04 
-1.58368E-04 8.31462E-07 -1.89557E-04 
-1.93915E-04 3.26449E-06 -2.11507E-04 
1.92116E-02 2.10619E-02 8.01648E-06 
1.63756E-02 1.49723E-02 7.51591E-06 
1.35937E-02 1.02224E-02 6.92932E-06 
1.09430E-02 6.66253E-03 6.27210E-06 
8.50310E-03 4.12364E-03 5.55684E-06 
6.36669E-03 2.41672E-03 4.82111E-06 
4.59475E-03 1.33917E-03 4.10728E-06 
3.48963E-03 8.16439E-04 3.59774E-06 
3.20951E-03 7.02086E-04 3.45856E-06 
2.12343E-03 3.29184E-04 2.87070E-06 
1.38857E-03 1.43368E-04 2.41581E-06 
9.12780E-04 5.48111E-05 2.08736E-06 
6.08832E-04 1.36132E-05 1.85387E-06 
4.09986E-04 -6.94478E-06 1.67535E-06 
2.76368E-04 -1.49204E-05 1.47013E-06 
1.81630E-04 -1.74632E-05 1.12577E-06 
1.12899E-04 -1.71804E-05 4.45902E-07 
6.24924E-05 -1.54567E-05 -9.56033E-07 
2.53108E-05 -1.30650E-05 -3.87454E-06 
-2.59627E-06 -1.04538E-05 -9.96082E-06 
-2.49063E-05 -7.89195E-06 -2.25024E-05 
-4.65789E-05 -5.53486E-06 -4.70426E-05 
-7.69365E-05 -3.39816E-06 -8.90959E-05 
-1.23526E-04 -1.26814E-06 -1.43642E-04 
-1.73145E-04 1.01244E-06 -1.88442E-04 
-2.01403E-04 3.10630E-06 -2.05736E-04 
1.51730E-02 1.74140E-02 6.42591E-06 
1.27873E-02 1.22328E-02 5.95465E-06 
1.04792E-02 8.23962E-03 5.41793E-06 
8.31708E-03 5.29052E-03 4.83347E-06 
6.36108E-03 3.21999E-03 4.21376E-06 
4.68048E-03 1.85240E-03 3.59165E-06 
3.31380E-03 1.00560E-03 3.00124E-06 
2.47814E-03 6.02798E-04 2.58813E-06 
2.26871E-03 5.15709E-04 2.47639E-06 
1.46867E-03 2.35739E-04 2.01033E-06 
9.41206E-04 9.98033E-05 1.65581E-06 
6.07971E-04 3.66305E-05 1.40104E-06 
3.99198E-04 7.90013E-06 1.21596E-06 
2.63895E-04 -6.22545E-06 1.06461E-06 
1.73273E-04 -1.14792E-05 8.81414E-07 
1.08903E-04 -1.29899E-05 5.76612E-07 
6.22418E-05 -1.25798E-05 -4.39182E-09 
2.82055E-05 -1.12078E-05 -1.16293E-06 
3.37618E-06 -9.40552E-06 -3.51073E-06 
-1.50127E-05 -7.47872E-06 -8.30616E-06 
-2.96188E-05 -5.60815E-06 -1.80246E-05 
-4.41504E-05 -3.89609E-06 -3.67808E-05 
-6.55689E-05 -2.34488E-06 -6.85100E-05 
-9.93225E-05 -7.95819E-07 -1.09084E-04 
-1.35134E-04 8.56554E-07 -1.41724E-04 
-1.54701E-04 2.35940E-06 -1.53533E-04 
---
