PdfType: replica
Format: lhagrid1
---
1.00000E-06 1.28121E-06 1.64152E-06 2.10317E-06 2.69463E-06 3.45242E-06 4.42329E-06 5.66715E-06 7.26076E-06 9.30241E-06 1.19180E-05 1.52689E-05 1.95617E-05 2.50609E-05 3.21053E-05 4.11287E-05 5.26863E-05 6.74889E-05 8.64459E-05 1.10720E-04 1.41800E-04 1.81585E-04 2.32503E-04 2.97652E-04 3.80981E-04 4.87518E-04 6.26039E-04 8.00452E-04 1.02297E-03 1.30657E-03 1.66759E-03 2.12729E-03 2.71054E-03 3.44865E-03 4.37927E-03 5.54908E-03 7.01192E-03 8.83064E-03 1.10763E-02 1.38266E-02 1.71641E-02 2.11717E-02 2.59364E-02 3.15062E-02 3.79623E-02 4.53425E-02 5.36750E-02 6.29705E-02 7.32221E-02 8.44039E-02 9.64793E-02 1.09332E-01 1.23067E-01 1.37507E-01 1.52639E-01 1.68416E-01 1.84794E-01 2.01731E-01 2.19016E-01 2.36948E-01 2.55242E-01 2.73927E-01 2.92954E-01 3.12340E-01 3.32036E-01 3.52019E-01 3.72282E-01 3.92772E-01 4.13533E-01 4.34326E-01 4.55495E-01 4.76836E-01 4.98342E-01 5.20006E-01 5.41818E-01 5.63773E-01 5.85861E-01 6.08077E-01 6.30459E-01 6.52800E-01 6.75387E-01 6.98063E-01 7.20830E-01 7.43683E-01 7.66623E-01 7.89636E-01 8.12791E-01 8.35940E-01 8.59175E-01 8.82485E-01 9.05866E-01 9.29311E-01 9.52817E-01 9.76387E-01 1.00000E+00 
1.14018E+00 1.22539E+00 1.32482E+00 1.44156E+00 1.57954E+00 1.74381E+00 1.94091E+00 2.12132E+00 2.17945E+00 2.49622E+00 2.89383E+00 3.39925E+00 4.05063E+00 4.90286E+00 6.03623E+00 7.57063E+00 9.68869E+00 1.26749E+01 1.69835E+01 2.33578E+01 3.30501E+01 4.82334E+01 7.28041E+01 1.13998E+02 1.85779E+02 3.16228E+02 
908 909 910 
7.84241E-01 4.52666E-02 1.34614E-01 
7.99651E-01 5.41425E-02 1.59409E-01 
8.33526E-01 7.03005E-02 1.90954E-01 
8.94825E-01 9.47559E-02 2.31481E-01 
9.77785E-01 1.24462E-01 2.84419E-01 
1.08626E+00 1.60193E-01 3.55319E-01 
1.22461E+00 2.02761E-01 4.51244E-01 
1.35461E+00 2.40816E-01 5.48913E-01 
1.39709E+00 2.52913E-01 5.82978E-01 
1.62774E+00 3.16460E-01 7.84997E-01 
1.91204E+00 3.90836E-01 1.08292E+00 
2.25871E+00 4.76789E-01 1.53392E+00 
2.67698E+00 5.75754E-01 2.23251E+00 
3.17653E+00 7.44538E-01 3.35506E+00 
3.77375E+00 8.83493E-01 5.21805E+00 
4.49687E+00 1.03868E+00 8.40368E+00 
5.36736E+00 1.21109E+00 1.40668E+01 
6.40920E+00 1.40112E+00 2.45192E+01 
7.65312E+00 1.60978E+00 4.44935E+01 
9.14445E+00 1.83972E+00 8.39270E+01 
1.09729E+01 2.10055E+00 1.62859E+02 
1.33830E+01 2.42687E+00 3.15996E+02 
1.70338E+01 2.91483E+00 5.81385E+02 
2.29488E+01 3.69209E+00 9.43427E+02 
3.10401E+01 4.67715E+00 1.28764E+03 
3.96422E+01 5.57433E+00 1.51394E+03 
1.46308E+00 8.39289E-02 2.33699E-01 
1.49273E+00 1.00828E-01 2.76629E-01 
1.55746E+00 1.31567E-01 3.31248E-01 
1.67413E+00 1.78099E-01 4.01733E-01 
1.83133E+00 2.34441E-01 4.94069E-01 
2.03585E+00 3.01970E-01 6.16868E-01 
2.29557E+00 3.82179E-01 7.83055E-01 
2.53947E+00 4.53811E-01 9.52872E-01 
2.61872E+00 4.76471E-01 1.01148E+00 
3.04962E+00 5.95612E-01 1.36200E+00 
3.57926E+00 7.34532E-01 1.87845E+00 
4.22347E+00 8.94792E-01 2.66009E+00 
4.99955E+00 1.07790E+00 3.87364E+00 
5.92606E+00 1.39137E+00 5.81793E+00 
7.03099E+00 1.64680E+00 9.03753E+00 
8.36670E+00 1.93166E+00 1.45544E+01 
9.97030E+00 2.24691E+00 2.43552E+01 
1.18859E+01 2.59341E+00 4.24496E+01 
1.41678E+01 2.97252E+00 7.70617E+01 
1.68965E+01 3.38877E+00 1.45356E+02 
2.02345E+01 3.85955E+00 2.81825E+02 
2.46305E+01 4.44821E+00 5.46817E+02 
3.12908E+01 5.32999E+00 1.00632E+03 
4.20724E+01 6.73476E+00 1.63239E+03 
5.67948E+01 8.51128E+00 2.22761E+03 
7.23922E+01 1.01194E+01 2.61834E+03 
1.39142E+00 7.91825E-02 2.03908E-01 
1.42087E+00 9.57297E-02 2.41270E-01 
1.48461E+00 1.25784E-01 2.88899E-01 
1.59813E+00 1.71031E-01 3.50233E-01 
1.75033E+00 2.25670E-01 4.30656E-01 
1.94739E+00 2.90953E-01 5.37520E-01 
2.19643E+00 3.68210E-01 6.82037E-01 
2.42969E+00 4.37016E-01 8.29861E-01 
2.50520E+00 4.58711E-01 8.80615E-01 
2.91551E+00 5.72635E-01 1.18544E+00 
3.41809E+00 7.04905E-01 1.63422E+00 
4.02748E+00 8.56893E-01 2.31330E+00 
4.75978E+00 1.02970E+00 3.36884E+00 
5.63464E+00 1.32547E+00 5.05785E+00 
6.67503E+00 1.56418E+00 7.85119E+00 
7.92889E+00 1.82932E+00 1.26384E+01 
9.42969E+00 2.12150E+00 2.11437E+01 
1.12170E+01 2.44127E+00 3.68342E+01 
1.33403E+01 2.78968E+00 6.68557E+01 
1.58722E+01 3.17063E+00 1.26067E+02 
1.89621E+01 3.60009E+00 2.44325E+02 
2.30249E+01 4.13645E+00 4.73842E+02 
2.91806E+01 4.94150E+00 8.71901E+02 
3.91390E+01 6.22505E+00 1.41391E+03 
5.27052E+01 7.84349E+00 1.92891E+03 
6.70149E+01 9.29742E+00 2.26653E+03 
1.31723E+00 7.43171E-02 1.76986E-01 
1.34647E+00 9.04989E-02 2.09318E-01 
1.40890E+00 1.19739E-01 2.50535E-01 
1.51901E+00 1.63575E-01 3.03603E-01 
1.66561E+00 2.16323E-01 3.73078E-01 
1.85464E+00 2.79172E-01 4.65586E-01 
2.09235E+00 3.53250E-01 5.90467E-01 
2.31433E+00 4.19020E-01 7.18292E-01 
2.38609E+00 4.39729E-01 7.62235E-01 
2.77476E+00 5.48101E-01 1.02541E+00 
3.24936E+00 6.73418E-01 1.41318E+00 
3.82278E+00 8.16757E-01 1.99917E+00 
4.50973E+00 9.78956E-01 2.90972E+00 
5.33179E+00 1.25660E+00 4.36796E+00 
6.30677E+00 1.47849E+00 6.77952E+00 
7.47740E+00 1.72376E+00 1.09064E+01 
8.87448E+00 1.99294E+00 1.82415E+01 
1.05330E+01 2.28621E+00 3.17620E+01 
1.24976E+01 2.60436E+00 5.76298E+01 
1.48340E+01 2.95081E+00 1.08628E+02 
1.76789E+01 3.34012E+00 2.10501E+02 
2.14135E+01 3.82580E+00 4.08054E+02 
2.70702E+01 4.55615E+00 7.50577E+02 
3.62179E+01 5.72193E+00 1.21687E+03 
4.86500E+01 7.18747E+00 1.65968E+03 
6.17049E+01 8.49385E+00 1.94969E+03 
1.24696E+00 6.97047E-02 1.53293E-01 
1.27612E+00 8.55845E-02 1.81231E-01 
1.33719E+00 1.14010E-01 2.16758E-01 
1.44404E+00 1.56513E-01 2.62625E-01 
1.58536E+00 2.07474E-01 3.22616E-01 
1.76649E+00 2.67940E-01 4.02320E-01 
1.99338E+00 3.38971E-01 5.10038E-01 
2.20457E+00 4.01825E-01 6.20360E-01 
2.27265E+00 4.21565E-01 6.58185E-01 
2.64085E+00 5.24641E-01 8.85229E-01 
3.08866E+00 6.43258E-01 1.21930E+00 
3.62812E+00 7.78361E-01 1.72449E+00 
4.27231E+00 9.30556E-01 2.50884E+00 
5.04383E+00 1.19102E+00 3.76343E+00 
5.95670E+00 1.39684E+00 5.84065E+00 
7.04907E+00 1.62349E+00 9.39361E+00 
8.34831E+00 1.87110E+00 1.57025E+01 
9.88633E+00 2.13971E+00 2.73407E+01 
1.17025E+01 2.42977E+00 4.95858E+01 
1.38566E+01 2.74428E+00 9.34470E+01 
1.64730E+01 3.09649E+00 1.81003E+02 
1.99037E+01 3.53566E+00 3.50884E+02 
2.50982E+01 4.19738E+00 6.45240E+02 
3.34937E+01 5.25477E+00 1.04582E+03 
4.48768E+01 6.58009E+00 1.42611E+03 
5.67766E+01 7.75209E+00 1.67503E+03 
1.18042E+00 6.53292E-02 1.32375E-01 
1.20955E+00 8.09440E-02 1.56468E-01 
1.26934E+00 1.08600E-01 1.87060E-01 
1.37292E+00 1.49803E-01 2.26513E-01 
1.50921E+00 1.99058E-01 2.78221E-01 
1.68289E+00 2.57270E-01 3.46885E-01 
1.89934E+00 3.25350E-01 4.39533E-01 
2.10009E+00 3.85378E-01 5.34422E-01 
2.16472E+00 4.04199E-01 5.66989E-01 
2.51325E+00 5.02168E-01 7.62303E-01 
2.93571E+00 6.14403E-01 1.04976E+00 
3.44279E+00 7.41608E-01 1.48403E+00 
4.04661E+00 8.84304E-01 2.15892E+00 
4.77037E+00 1.12820E+00 3.23763E+00 
5.62422E+00 1.31908E+00 5.02141E+00 
6.64290E+00 1.52830E+00 8.07675E+00 
7.85029E+00 1.75576E+00 1.34969E+01 
9.27515E+00 2.00136E+00 2.34941E+01 
1.09528E+01 2.26536E+00 4.26014E+01 
1.29370E+01 2.55038E+00 8.02753E+01 
1.53412E+01 2.86846E+00 1.55449E+02 
1.84889E+01 3.26473E+00 3.01269E+02 
2.32551E+01 3.86342E+00 5.53972E+02 
3.09548E+01 4.82134E+00 8.97797E+02 
4.13688E+01 6.01828E+00 1.22412E+03 
5.22049E+01 7.06795E+00 1.43761E+03 
1.11745E+00 6.11829E-02 1.14006E-01 
1.14638E+00 7.64917E-02 1.34710E-01 
1.20518E+00 1.03499E-01 1.61043E-01 
1.30565E+00 1.43465E-01 1.94924E-01 
1.43694E+00 1.91055E-01 2.39318E-01 
1.60339E+00 2.47082E-01 2.98294E-01 
1.80995E+00 3.12353E-01 3.77958E-01 
2.00069E+00 3.69664E-01 4.59405E-01 
2.06200E+00 3.87596E-01 4.87398E-01 
2.39183E+00 4.80672E-01 6.55158E-01 
2.79011E+00 5.86786E-01 9.02055E-01 
3.26647E+00 7.06427E-01 1.27486E+00 
3.83188E+00 8.39970E-01 1.85391E+00 
4.51056E+00 1.06841E+00 2.78051E+00 
5.30871E+00 1.24514E+00 4.31116E+00 
6.25762E+00 1.43794E+00 6.93233E+00 
7.37890E+00 1.64658E+00 1.15862E+01 
8.69767E+00 1.87077E+00 2.01589E+01 
1.02460E+01 2.11062E+00 3.65602E+01 
1.20717E+01 2.36837E+00 6.88641E+01 
1.42791E+01 2.65508E+00 1.33371E+02 
1.71649E+01 3.01204E+00 2.58447E+02 
2.15335E+01 3.55278E+00 4.75171E+02 
2.85891E+01 4.41941E+00 7.70050E+02 
3.81080E+01 5.49884E+00 1.04987E+03 
4.79660E+01 6.43739E+00 1.23292E+03 
1.05784E+00 5.72550E-02 9.79835E-02 
1.08662E+00 7.22843E-02 1.15729E-01 
1.14438E+00 9.86536E-02 1.38314E-01 
1.24196E+00 1.37467E-01 1.67417E-01 
1.36847E+00 1.83468E-01 2.05485E-01 
1.52799E+00 2.37399E-01 2.56081E-01 
1.72490E+00 2.99937E-01 3.24375E-01 
1.90615E+00 3.54646E-01 3.94298E-01 
1.96422E+00 3.71710E-01 4.18224E-01 
2.27609E+00 4.60062E-01 5.62034E-01 
2.65134E+00 5.60303E-01 7.73771E-01 
3.09866E+00 6.72773E-01 1.09355E+00 
3.62784E+00 7.97568E-01 1.58996E+00 
4.26361E+00 1.01138E+00 2.38454E+00 
5.00923E+00 1.17481E+00 3.69750E+00 
5.89246E+00 1.35221E+00 5.94406E+00 
6.93272E+00 1.54326E+00 9.93379E+00 
8.15235E+00 1.74755E+00 1.72843E+01 
9.57982E+00 1.96502E+00 3.13439E+01 
1.12584E+01 2.19767E+00 5.90407E+01 
1.32826E+01 2.45550E+00 1.14325E+02 
1.59256E+01 2.77641E+00 2.21550E+02 
1.99267E+01 3.26407E+00 4.07334E+02 
2.63859E+01 4.04693E+00 6.60099E+02 
3.50792E+01 5.01902E+00 8.99982E+02 
4.40387E+01 5.85675E+00 1.05692E+03 
1.00145E+00 5.35345E-02 8.40433E-02 
1.03022E+00 6.83579E-02 9.92644E-02 
1.08685E+00 9.40669E-02 1.18584E-01 
1.18164E+00 1.31784E-01 1.43551E-01 
1.30351E+00 1.76259E-01 1.76161E-01 
1.45636E+00 2.28178E-01 2.19556E-01 
1.64411E+00 2.88096E-01 2.78098E-01 
1.81615E+00 3.40283E-01 3.37955E-01 
1.87129E+00 3.56548E-01 3.58583E-01 
2.16607E+00 4.40382E-01 4.81808E-01 
2.51943E+00 5.34998E-01 6.63294E-01 
2.93911E+00 6.40601E-01 9.37245E-01 
3.43392E+00 7.57117E-01 1.36248E+00 
4.02902E+00 9.56963E-01 2.04333E+00 
4.72495E+00 1.10790E+00 3.16835E+00 
5.54642E+00 1.27089E+00 5.09382E+00 
6.51059E+00 1.44553E+00 8.51159E+00 
7.63746E+00 1.63132E+00 1.48121E+01 
8.95217E+00 1.82810E+00 2.68553E+01 
1.04938E+01 2.03761E+00 5.05950E+01 
1.23484E+01 2.26898E+00 9.79760E+01 
1.47663E+01 2.55685E+00 1.89847E+02 
1.84274E+01 2.99591E+00 3.49071E+02 
2.43355E+01 3.70206E+00 5.65715E+02 
3.22674E+01 4.57617E+00 7.71333E+02 
4.04016E+01 5.32245E+00 9.05868E+02 
9.48146E-01 5.00159E-02 7.20044E-02 
9.76819E-01 6.46199E-02 8.50477E-02 
1.03263E+00 8.97901E-02 1.01608E-01 
1.12453E+00 1.26416E-01 1.22970E-01 
1.24202E+00 1.69442E-01 1.50938E-01 
1.38832E+00 2.19390E-01 1.88036E-01 
1.56728E+00 2.76793E-01 2.38230E-01 
1.73055E+00 3.26560E-01 2.89482E-01 
1.78273E+00 3.42022E-01 3.07119E-01 
2.06124E+00 4.21518E-01 4.12711E-01 
2.39376E+00 5.10758E-01 5.68166E-01 
2.78731E+00 6.09841E-01 8.02874E-01 
3.24980E+00 7.18676E-01 1.16739E+00 
3.80625E+00 9.05224E-01 1.75015E+00 
4.45523E+00 1.04429E+00 2.71410E+00 
5.21850E+00 1.19377E+00 4.36343E+00 
6.11135E+00 1.35311E+00 7.29174E+00 
7.15144E+00 1.52173E+00 1.26885E+01 
8.36118E+00 1.69941E+00 2.30098E+01 
9.77536E+00 1.88761E+00 4.33440E+01 
1.14726E+01 2.09472E+00 8.39444E+01 
1.36828E+01 2.35244E+00 1.62687E+02 
1.70291E+01 2.74697E+00 2.99127E+02 
2.24283E+01 3.38297E+00 4.84802E+02 
2.96581E+01 4.16765E+00 6.61046E+02 
3.70352E+01 4.83121E+00 7.76404E+02 
8.97762E-01 4.66864E-02 6.16592E-02 
9.26278E-01 6.10669E-02 7.28133E-02 
9.81423E-01 8.57695E-02 8.70237E-02 
1.07051E+00 1.21347E-01 1.05286E-01 
1.18368E+00 1.62962E-01 1.29232E-01 
1.32383E+00 2.11052E-01 1.61048E-01 
1.49416E+00 2.65994E-01 2.03957E-01 
1.64910E+00 3.13440E-01 2.47900E-01 
1.69847E+00 3.28139E-01 2.62967E-01 
1.96136E+00 4.03440E-01 3.53344E-01 
2.27403E+00 4.87523E-01 4.86431E-01 
2.64279E+00 5.80350E-01 6.87520E-01 
3.07469E+00 6.81748E-01 9.99774E-01 
3.59476E+00 8.55745E-01 1.49923E+00 
4.19930E+00 9.83776E-01 2.32446E+00 
4.90791E+00 1.12065E+00 3.73804E+00 
5.73383E+00 1.26575E+00 6.24568E+00 
6.69285E+00 1.41846E+00 1.08708E+01 
7.80462E+00 1.57847E+00 1.97109E+01 
9.10071E+00 1.74714E+00 3.71384E+01 
1.06521E+01 1.93204E+00 7.19242E+01 
1.26699E+01 2.16218E+00 1.39403E+02 
1.57254E+01 2.51604E+00 2.56342E+02 
2.06551E+01 3.08796E+00 4.15505E+02 
2.72388E+01 3.79124E+00 5.66614E+02 
3.39218E+01 4.38001E+00 6.65543E+02 
8.50226E-01 4.35503E-02 5.28016E-02 
8.78568E-01 5.77295E-02 6.23312E-02 
9.32897E-01 8.19307E-02 7.45024E-02 
1.01948E+00 1.16577E-01 9.01621E-02 
1.12843E+00 1.56833E-01 1.10646E-01 
1.26251E+00 2.03102E-01 1.37872E-01 
1.42478E+00 2.55715E-01 1.74688E-01 
1.57159E+00 3.00900E-01 2.12269E-01 
1.61834E+00 3.14871E-01 2.25225E-01 
1.86641E+00 3.86185E-01 3.02665E-01 
2.16017E+00 4.65306E-01 4.16618E-01 
2.50539E+00 5.52133E-01 5.88903E-01 
2.90826E+00 6.46419E-01 8.56150E-01 
3.39388E+00 8.08662E-01 1.28417E+00 
3.95663E+00 9.26311E-01 1.99149E+00 
4.61371E+00 1.05137E+00 3.20203E+00 
5.37703E+00 1.18321E+00 5.35170E+00 
6.26028E+00 1.32117E+00 9.31424E+00 
7.28108E+00 1.46494E+00 1.68908E+01 
8.46732E+00 1.61566E+00 3.18258E+01 
9.88391E+00 1.78028E+00 6.16440E+01 
1.17239E+01 1.98527E+00 1.19485E+02 
1.45112E+01 2.30203E+00 2.19729E+02 
1.90071E+01 2.81539E+00 3.56187E+02 
2.49964E+01 3.44462E+00 4.85773E+02 
3.10436E+01 3.96589E+00 5.70636E+02 
8.05344E-01 4.05897E-02 4.52145E-02 
8.33705E-01 5.46537E-02 5.33941E-02 
8.87422E-01 7.84418E-02 6.38124E-02 
9.71234E-01 1.12090E-01 7.72046E-02 
1.07615E+00 1.51049E-01 9.47734E-02 
1.20442E+00 1.95569E-01 1.18094E-01 
1.35876E+00 2.45900E-01 1.49612E-01 
1.49789E+00 2.88927E-01 1.81832E-01 
1.54206E+00 3.02186E-01 1.92903E-01 
1.77593E+00 3.69637E-01 2.59249E-01 
2.05178E+00 4.44039E-01 3.56921E-01 
2.37472E+00 5.25214E-01 5.04504E-01 
2.75033E+00 6.12826E-01 7.33601E-01 
3.20316E+00 7.63845E-01 1.10011E+00 
3.72646E+00 8.71711E-01 1.70647E+00 
4.33515E+00 9.85720E-01 2.74345E+00 
5.03984E+00 1.10524E+00 4.58642E+00 
5.85244E+00 1.22958E+00 7.98204E+00 
6.78846E+00 1.35837E+00 1.44774E+01 
7.87298E+00 1.49265E+00 2.72807E+01 
9.16477E+00 1.63876E+00 5.28415E+01 
1.08407E+01 1.82086E+00 1.02435E+02 
1.33808E+01 2.10385E+00 1.88400E+02 
1.74769E+01 2.56381E+00 3.05424E+02 
2.29194E+01 3.12574E+00 4.16576E+02 
2.83849E+01 3.58620E+00 4.89394E+02 
7.62999E-01 3.78005E-02 3.87088E-02 
7.91312E-01 5.17359E-02 4.57291E-02 
8.44316E-01 7.51080E-02 5.46442E-02 
9.25656E-01 1.07878E-01 6.61314E-02 
1.02661E+00 1.45579E-01 8.11784E-02 
1.14931E+00 1.88419E-01 1.01189E-01 
1.29598E+00 2.36541E-01 1.28147E-01 
1.42777E+00 2.77486E-01 1.55800E-01 
1.46947E+00 2.90063E-01 1.65262E-01 
1.68976E+00 3.53791E-01 2.22102E-01 
1.94856E+00 4.23673E-01 3.05808E-01 
2.25038E+00 4.99463E-01 4.32228E-01 
2.60026E+00 5.80745E-01 6.28740E-01 
3.02220E+00 7.21087E-01 9.42926E-01 
3.50831E+00 8.19825E-01 1.46260E+00 
4.07164E+00 9.23568E-01 2.35213E+00 
4.72133E+00 1.03164E+00 3.93116E+00 
5.46805E+00 1.14338E+00 6.84399E+00 
6.32527E+00 1.25841E+00 1.24116E+01 
7.31550E+00 1.37766E+00 2.33889E+01 
8.49206E+00 1.50691E+00 4.53126E+01 
1.00166E+01 1.66818E+00 8.78384E+01 
1.23284E+01 1.92040E+00 1.61575E+02 
1.60568E+01 2.33181E+00 2.61972E+02 
2.09971E+01 2.83268E+00 3.57342E+02 
2.59306E+01 3.23842E+00 4.19838E+02 
7.23167E-01 3.51965E-02 3.31764E-02 
7.51308E-01 4.89869E-02 3.91851E-02 
8.03747E-01 7.20092E-02 4.68305E-02 
8.82651E-01 1.03942E-01 5.66721E-02 
9.79768E-01 1.40433E-01 6.95651E-02 
1.09698E+00 1.81633E-01 8.67051E-02 
1.23640E+00 2.27640E-01 1.09843E-01 
1.36103E+00 2.66563E-01 1.33514E-01 
1.40046E+00 2.78497E-01 1.41669E-01 
1.60783E+00 3.38672E-01 1.90401E-01 
1.85045E+00 4.04219E-01 2.62186E-01 
2.13221E+00 4.74820E-01 3.70540E-01 
2.45770E+00 5.50076E-01 5.38972E-01 
2.85047E+00 6.80414E-01 8.08385E-01 
3.30144E+00 7.70553E-01 1.25378E+00 
3.82217E+00 8.64714E-01 2.01679E+00 
4.42052E+00 9.62174E-01 3.37098E+00 
5.10584E+00 1.06230E+00 5.86825E+00 
5.89008E+00 1.16472E+00 1.06458E+01 
6.79294E+00 1.27023E+00 2.00620E+01 
7.86304E+00 1.38415E+00 3.88665E+01 
9.24826E+00 1.52655E+00 7.53545E+01 
1.13497E+01 1.75078E+00 1.38610E+02 
1.47395E+01 2.11801E+00 2.24759E+02 
1.92189E+01 2.56357E+00 3.06616E+02 
2.36665E+01 2.92017E+00 3.60267E+02 
6.85743E-01 3.27719E-02 2.84469E-02 
7.13771E-01 4.64717E-02 3.35936E-02 
7.65723E-01 6.92048E-02 4.01504E-02 
8.42181E-01 1.00304E-01 4.85970E-02 
9.35504E-01 1.35611E-01 5.96472E-02 
1.04738E+00 1.75216E-01 7.43283E-02 
1.17983E+00 2.19185E-01 9.42009E-02 
1.29760E+00 2.56152E-01 1.14475E-01 
1.33474E+00 2.67442E-01 1.21456E-01 
1.52981E+00 3.24195E-01 1.63267E-01 
1.75695E+00 3.85583E-01 2.24781E-01 
2.01984E+00 4.51272E-01 3.17777E-01 
2.32238E+00 5.20762E-01 4.62181E-01 
2.68759E+00 6.41654E-01 6.93364E-01 
3.10551E+00 7.23812E-01 1.07538E+00 
3.58622E+00 8.09030E-01 1.72960E+00 
4.13667E+00 8.96677E-01 2.89169E+00 
4.76476E+00 9.86091E-01 5.03318E+00 
5.48105E+00 1.07692E+00 9.13152E+00 
6.30327E+00 1.16993E+00 1.72123E+01 
7.27520E+00 1.26994E+00 3.33453E+01 
8.53202E+00 1.39523E+00 6.46562E+01 
1.04405E+01 1.59412E+00 1.18950E+02 
1.35185E+01 1.92121E+00 1.92890E+02 
1.75751E+01 2.31670E+00 2.63159E+02 
2.15794E+01 2.62926E+00 3.09230E+02 
6.50616E-01 3.05283E-02 2.43967E-02 
6.78430E-01 4.41256E-02 2.88093E-02 
7.30029E-01 6.66343E-02 3.44336E-02 
8.04017E-01 9.69306E-02 4.16761E-02 
8.93684E-01 1.31106E-01 5.11637E-02 
1.00041E+00 1.69175E-01 6.37518E-02 
1.12602E+00 2.11140E-01 8.07814E-02 
1.23728E+00 2.46231E-01 9.81919E-02 
1.27228E+00 2.56911E-01 1.04172E-01 
1.45551E+00 3.10355E-01 1.40016E-01 
1.66803E+00 3.67761E-01 1.92794E-01 
1.91302E+00 4.28764E-01 2.72570E-01 
2.19392E+00 4.92922E-01 3.96474E-01 
2.53303E+00 6.04843E-01 5.94719E-01 
2.91997E+00 6.79490E-01 9.22690E-01 
3.36320E+00 7.56392E-01 1.48391E+00 
3.86883E+00 8.34929E-01 2.48114E+00 
4.44373E+00 9.14488E-01 4.31921E+00 
5.09709E+00 9.94728E-01 7.83593E+00 
5.84466E+00 1.07635E+00 1.47686E+01 
6.72617E+00 1.16376E+00 2.86173E+01 
7.86487E+00 1.27357E+00 5.54903E+01 
9.59545E+00 1.44948E+00 1.02096E+02 
1.23876E+01 1.74022E+00 1.65581E+02 
1.60569E+01 2.09049E+00 2.25922E+02 
1.96570E+01 2.36364E+00 2.65494E+02 
6.17689E-01 2.84764E-02 2.09302E-02 
6.45288E-01 4.19878E-02 2.47208E-02 
6.96455E-01 6.42819E-02 2.95400E-02 
7.68099E-01 9.38408E-02 3.57458E-02 
8.54155E-01 1.26914E-01 4.38868E-02 
9.55938E-01 1.63494E-01 5.47020E-02 
1.07492E+00 2.03514E-01 6.92893E-02 
1.17991E+00 2.36787E-01 8.42379E-02 
1.21288E+00 2.46886E-01 8.93761E-02 
1.38487E+00 2.97158E-01 1.20134E-01 
1.58347E+00 3.50754E-01 1.65435E-01 
1.81148E+00 4.07292E-01 2.33856E-01 
2.07199E+00 4.66134E-01 3.40201E-01 
2.38651E+00 5.69714E-01 5.10263E-01 
2.74418E+00 6.37412E-01 7.91643E-01 
3.15230E+00 7.06598E-01 1.27335E+00 
3.61614E+00 7.76741E-01 2.12893E+00 
4.14167E+00 8.47256E-01 3.70727E+00 
4.73677E+00 9.17833E-01 6.72533E+00 
5.41550E+00 9.89112E-01 1.26779E+01 
6.21370E+00 1.06513E+00 2.45657E+01 
7.24394E+00 1.16099E+00 4.76388E+01 
8.81127E+00 1.31613E+00 8.76555E+01 
1.13407E+01 1.57393E+00 1.42175E+02 
1.46557E+01 1.88343E+00 1.94006E+02 
1.78876E+01 2.12139E+00 2.28003E+02 
5.86920E-01 2.66258E-02 1.79635E-02 
6.14290E-01 4.00735E-02 2.12143E-02 
6.65181E-01 6.22576E-02 2.53539E-02 
7.34424E-01 9.10698E-02 3.06852E-02 
8.16890E-01 1.23054E-01 3.76612E-02 
9.13810E-01 1.58171E-01 4.69422E-02 
1.02647E+00 1.96323E-01 5.94698E-02 
1.12540E+00 2.27825E-01 7.22867E-02 
1.15637E+00 2.37348E-01 7.66848E-02 
1.31763E+00 2.84556E-01 1.03091E-01 
1.50305E+00 3.34532E-01 1.41987E-01 
1.71501E+00 3.86815E-01 2.00704E-01 
1.95634E+00 4.41111E-01 2.91954E-01 
2.24770E+00 5.36571E-01 4.38001E-01 
2.57788E+00 5.97566E-01 6.79601E-01 
2.95316E+00 6.59585E-01 1.09315E+00 
3.37800E+00 7.21965E-01 1.82729E+00 
3.85762E+00 7.84174E-01 3.18265E+00 
4.39878E+00 8.45934E-01 5.77299E+00 
5.01398E+00 9.07838E-01 1.08847E+01 
5.73564E+00 9.73589E-01 2.10929E+01 
6.66627E+00 1.05688E+00 4.09066E+01 
8.08391E+00 1.19329E+00 7.52789E+01 
1.03724E+01 1.42132E+00 1.22110E+02 
1.33631E+01 1.69409E+00 1.66639E+02 
1.62603E+01 1.90071E+00 1.95856E+02 
5.58251E-01 2.49884E-02 1.54276E-02 
5.85434E-01 3.84232E-02 1.82176E-02 
6.35963E-01 6.05224E-02 2.17653E-02 
7.02829E-01 8.86065E-02 2.63422E-02 
7.81794E-01 1.19536E-01 3.23310E-02 
8.73962E-01 1.53229E-01 4.02952E-02 
9.80506E-01 1.89546E-01 5.10555E-02 
1.07361E+00 2.19336E-01 6.20485E-02 
1.10271E+00 2.28308E-01 6.58381E-02 
1.25367E+00 2.72559E-01 8.84852E-02 
1.42651E+00 3.19010E-01 1.21865E-01 
1.62340E+00 3.67209E-01 1.72329E-01 
1.84660E+00 4.16863E-01 2.50630E-01 
2.11607E+00 5.04907E-01 3.75988E-01 
2.42044E+00 5.59807E-01 5.83317E-01 
2.76507E+00 6.15194E-01 9.38503E-01 
3.15365E+00 6.70421E-01 1.56921E+00 
3.59064E+00 7.25028E-01 2.73259E+00 
4.08198E+00 7.78765E-01 4.95801E+00 
4.63863E+00 8.32194E-01 9.34679E+00 
5.28999E+00 8.88709E-01 1.81152E+01 
6.12938E+00 9.60727E-01 3.51375E+01 
7.40960E+00 1.08023E+00 6.46643E+01 
9.47761E+00 1.28142E+00 1.04905E+02 
1.21722E+01 1.52120E+00 1.43178E+02 
1.47653E+01 1.69994E+00 1.68293E+02 
5.31605E-01 2.35922E-02 1.32479E-02 
5.58439E-01 3.69782E-02 1.56441E-02 
6.08817E-01 5.91213E-02 1.86884E-02 
6.73246E-01 8.64836E-02 2.26181E-02 
7.48746E-01 1.16373E-01 2.77597E-02 
8.36267E-01 1.48659E-01 3.45940E-02 
9.36887E-01 1.83196E-01 4.38324E-02 
1.02442E+00 2.11317E-01 5.32783E-02 
1.05168E+00 2.19747E-01 5.65216E-02 
1.19287E+00 2.61152E-01 7.59755E-02 
1.35378E+00 3.04236E-01 1.04620E-01 
1.53633E+00 3.48616E-01 1.47930E-01 
1.74253E+00 3.93530E-01 2.15208E-01 
1.99145E+00 4.74701E-01 3.22860E-01 
2.27159E+00 5.24070E-01 5.00884E-01 
2.58748E+00 5.73290E-01 8.05806E-01 
2.94233E+00 6.21944E-01 1.34769E+00 
3.33987E+00 6.69609E-01 2.34671E+00 
3.78524E+00 7.16067E-01 4.25929E+00 
4.28804E+00 7.61853E-01 8.02938E+00 
4.87482E+00 8.10072E-01 1.55626E+01 
5.63054E+00 8.71974E-01 3.01874E+01 
6.78514E+00 9.76312E-01 5.55649E+01 
8.65129E+00 1.15332E+00 9.01550E+01 
1.10756E+01 1.36349E+00 1.23058E+02 
1.33927E+01 1.51753E+00 1.44654E+02 
5.06930E-01 2.24669E-02 1.13782E-02 
5.33215E-01 3.57530E-02 1.34352E-02 
5.83598E-01 5.80597E-02 1.60520E-02 
6.45580E-01 8.47249E-02 1.94223E-02 
7.17675E-01 1.13586E-01 2.38408E-02 
8.00677E-01 1.44495E-01 2.97105E-02 
8.95505E-01 1.77267E-01 3.76339E-02 
9.77688E-01 2.03768E-01 4.57532E-02 
1.00325E+00 2.11691E-01 4.85414E-02 
1.13510E+00 2.50340E-01 6.52517E-02 
1.28470E+00 2.90221E-01 8.98610E-02 
1.45369E+00 3.30914E-01 1.27029E-01 
1.64398E+00 3.72116E-01 1.84840E-01 
1.87349E+00 4.46353E-01 2.77356E-01 
2.13096E+00 4.90283E-01 4.30323E-01 
2.42006E+00 5.33798E-01 6.92368E-01 
2.74351E+00 5.76405E-01 1.15772E+00 
3.10448E+00 6.17725E-01 2.01607E+00 
3.50737E+00 6.57582E-01 3.65900E+00 
3.96074E+00 6.96496E-01 6.90048E+00 
4.48843E+00 7.37302E-01 1.33748E+01 
5.16766E+00 7.90173E-01 2.59461E+01 
6.20727E+00 8.80896E-01 4.77626E+01 
7.88879E+00 1.03616E+00 7.75044E+01 
1.00668E+01 1.21982E+00 1.05802E+02 
1.21338E+01 1.35201E+00 1.24382E+02 
4.84182E-01 2.16438E-02 9.77984E-03 
5.09926E-01 3.48561E-02 1.15437E-02 
5.60299E-01 5.74239E-02 1.37927E-02 
6.19816E-01 8.33763E-02 1.66863E-02 
6.88490E-01 1.11205E-01 2.04782E-02 
7.67071E-01 1.40745E-01 2.55228E-02 
8.56347E-01 1.71794E-01 3.23323E-02 
9.33338E-01 1.96705E-01 3.92986E-02 
9.57224E-01 2.04116E-01 4.16930E-02 
1.08013E+00 2.40084E-01 5.60416E-02 
1.21898E+00 2.76858E-01 7.71778E-02 
1.37531E+00 3.14058E-01 1.09135E-01 
1.55054E+00 3.51342E-01 1.58787E-01 
1.76184E+00 4.19374E-01 2.38280E-01 
1.99803E+00 4.58330E-01 3.69725E-01 
2.26216E+00 4.96580E-01 5.94879E-01 
2.55656E+00 5.33656E-01 9.95040E-01 
2.88375E+00 5.69200E-01 1.73313E+00 
3.24750E+00 6.03089E-01 3.14522E+00 
3.65542E+00 6.35832E-01 5.93107E+00 
4.12904E+00 6.70025E-01 1.14988E+01 
4.73842E+00 7.14851E-01 2.23101E+01 
5.67301E+00 7.93397E-01 4.10734E+01 
7.18605E+00 9.29157E-01 6.66590E+01 
9.13989E+00 1.08915E+00 9.10087E+01 
1.09805E+01 1.20206E+00 1.06998E+02 
4.63262E-01 2.11437E-02 8.40756E-03 
4.88559E-01 3.43442E-02 9.92194E-03 
5.38748E-01 5.72216E-02 1.18523E-02 
5.95835E-01 8.24659E-02 1.43410E-02 
6.61111E-01 1.09253E-01 1.75966E-02 
7.35335E-01 1.37428E-01 2.19263E-02 
8.19238E-01 1.66773E-01 2.77839E-02 
8.91260E-01 1.90130E-01 3.37681E-02 
9.13558E-01 1.97046E-01 3.58261E-02 
1.02795E+00 2.30421E-01 4.81596E-02 
1.15667E+00 2.64205E-01 6.63324E-02 
1.30093E+00 2.98046E-01 9.37934E-02 
1.46205E+00 3.31294E-01 1.36460E-01 
1.65621E+00 3.93601E-01 2.04741E-01 
1.87256E+00 4.28166E-01 3.17803E-01 
2.11347E+00 4.61558E-01 5.11383E-01 
2.38079E+00 4.93537E-01 8.55429E-01 
2.67677E+00 5.23835E-01 1.49008E+00 
3.00463E+00 5.52360E-01 2.70499E+00 
3.37089E+00 5.79582E-01 5.10075E+00 
3.79503E+00 6.07890E-01 9.89028E+00 
4.34067E+00 6.45571E-01 1.91914E+01 
5.17948E+00 7.13250E-01 3.53384E+01 
6.53890E+00 8.31561E-01 5.73608E+01 
8.28887E+00 9.70450E-01 7.83234E+01 
9.92493E+00 1.06641E+00 9.20912E+01 
4.44169E-01 2.10541E-02 7.22807E-03 
4.68821E-01 3.41738E-02 8.53060E-03 
5.19026E-01 5.75621E-02 1.01878E-02 
5.73551E-01 8.20498E-02 1.23271E-02 
6.35478E-01 1.07782E-01 1.51281E-02 
7.05432E-01 1.34581E-01 1.88475E-02 
7.84082E-01 1.62226E-01 2.38783E-02 
8.51335E-01 1.84053E-01 2.90229E-02 
8.72122E-01 1.90488E-01 3.07955E-02 
9.78428E-01 2.21341E-01 4.14039E-02 
1.09750E+00 2.52254E-01 5.70254E-02 
1.23043E+00 2.82872E-01 8.06360E-02 
1.37838E+00 3.12986E-01 1.17346E-01 
1.55647E+00 3.69536E-01 1.76114E-01 
1.75422E+00 3.99691E-01 2.73333E-01 
1.97348E+00 4.28605E-01 4.39921E-01 
2.21579E+00 4.55943E-01 7.35798E-01 
2.48302E+00 4.81489E-01 1.28194E+00 
2.77779E+00 5.05176E-01 2.32715E+00 
3.10597E+00 5.27481E-01 4.39026E+00 
3.48500E+00 5.50581E-01 8.51220E+00 
3.97255E+00 5.81935E-01 1.65190E+01 
4.72410E+00 6.39946E-01 3.04227E+01 
5.94351E+00 7.42663E-01 4.93884E+01 
7.50838E+00 8.62789E-01 6.74471E+01 
8.95983E+00 9.43894E-01 7.93085E+01 
4.26835E-01 2.14234E-02 6.21651E-03 
4.50677E-01 3.43969E-02 7.33692E-03 
5.00996E-01 5.84858E-02 8.76113E-03 
5.52859E-01 8.21641E-02 1.05995E-02 
6.11452E-01 1.06813E-01 1.30087E-02 
6.77248E-01 1.32225E-01 1.62090E-02 
7.50855E-01 1.58193E-01 2.05363E-02 
8.13519E-01 1.78498E-01 2.49638E-02 
8.32813E-01 1.84447E-01 2.64821E-02 
9.31377E-01 2.12832E-01 3.56009E-02 
1.04136E+00 2.40978E-01 4.90478E-02 
1.16364E+00 2.68544E-01 6.93630E-02 
1.29924E+00 2.95344E-01 1.00958E-01 
1.46226E+00 3.46766E-01 1.51530E-01 
1.64261E+00 3.72854E-01 2.35210E-01 
1.84178E+00 3.97631E-01 3.78608E-01 
2.06102E+00 4.20743E-01 6.33410E-01 
2.30170E+00 4.41977E-01 1.10360E+00 
2.56617E+00 4.61334E-01 2.00376E+00 
2.85951E+00 4.79270E-01 3.78004E+00 
3.19746E+00 4.97780E-01 7.33153E+00 
3.63221E+00 5.23561E-01 1.42298E+01 
4.30434E+00 5.72988E-01 2.62095E+01 
5.39644E+00 6.61817E-01 4.25563E+01 
6.79344E+00 7.65296E-01 5.81226E+01 
8.07860E+00 8.33431E-01 6.83491E+01 
4.10904E-01 2.22982E-02 5.33847E-03 
4.33844E-01 3.50940E-02 6.29822E-03 
4.84220E-01 6.00690E-02 7.52176E-03 
5.33402E-01 8.28886E-02 9.09741E-03 
5.88619E-01 1.06393E-01 1.11654E-02 
6.50282E-01 1.30369E-01 1.39138E-02 
7.18886E-01 1.54598E-01 1.76264E-02 
7.77090E-01 1.73376E-01 2.14310E-02 
7.94993E-01 1.78857E-01 2.27375E-02 
8.86080E-01 2.04782E-01 3.05660E-02 
9.87302E-01 2.30169E-01 4.21146E-02 
1.09943E+00 2.54738E-01 5.95781E-02 
1.22326E+00 2.78070E-01 8.67054E-02 
1.37194E+00 3.24644E-01 1.30141E-01 
1.53596E+00 3.47201E-01 2.02113E-01 
1.71623E+00 3.68127E-01 3.25334E-01 
1.91372E+00 3.87300E-01 5.44333E-01 
2.12972E+00 4.04605E-01 9.48764E-01 
2.36600E+00 4.20036E-01 1.72275E+00 
2.62707E+00 4.34048E-01 3.25005E+00 
2.92706E+00 4.48463E-01 6.30482E+00 
3.31318E+00 4.69286E-01 1.22401E+01 
3.91206E+00 5.11005E-01 2.25476E+01 
4.88688E+00 5.87320E-01 3.66158E+01 
6.12966E+00 6.75867E-01 5.00159E+01 
7.26301E+00 7.32549E-01 5.88184E+01 
3.96816E-01 2.37372E-02 4.59762E-03 
4.19022E-01 3.64308E-02 5.42353E-03 
4.68972E-01 6.22399E-02 6.47661E-03 
5.15706E-01 8.42618E-02 7.83430E-03 
5.67602E-01 1.06576E-01 9.61361E-03 
6.25264E-01 1.29084E-01 1.19808E-02 
6.89117E-01 1.51584E-01 1.51775E-02 
7.43115E-01 1.68868E-01 1.84535E-02 
7.59705E-01 1.73887E-01 1.95822E-02 
8.43824E-01 1.97428E-01 2.63330E-02 
9.36908E-01 2.20202E-01 3.62746E-02 
1.03968E+00 2.41959E-01 5.13371E-02 
1.15273E+00 2.62493E-01 7.47232E-02 
1.28825E+00 3.04356E-01 1.12217E-01 
1.43721E+00 3.23430E-01 1.74228E-01 
1.60022E+00 3.40871E-01 2.80447E-01 
1.77812E+00 3.56554E-01 4.69492E-01 
1.97172E+00 3.70363E-01 8.18281E-01 
2.18270E+00 3.82365E-01 1.48634E+00 
2.41485E+00 3.92980E-01 2.80470E+00 
2.68093E+00 4.03878E-01 5.44080E+00 
3.02361E+00 4.20432E-01 1.05633E+01 
3.55724E+00 4.55485E-01 1.94632E+01 
4.42740E+00 5.20891E-01 3.16114E+01 
5.53305E+00 5.96491E-01 4.31849E+01 
6.53231E+00 6.43415E-01 5.07856E+01 
3.84239E-01 2.58391E-02 3.96030E-03 
4.05340E-01 3.82015E-02 4.67282E-03 
4.55264E-01 6.53034E-02 5.58060E-03 
4.99247E-01 8.63049E-02 6.75013E-03 
5.47876E-01 1.07358E-01 8.28435E-03 
6.01653E-01 1.28358E-01 1.03254E-02 
6.60976E-01 1.49115E-01 1.30862E-02 
7.10909E-01 1.64881E-01 1.59072E-02 
7.26207E-01 1.69424E-01 1.68786E-02 
8.03733E-01 1.90623E-01 2.27035E-02 
8.89205E-01 2.10870E-01 3.12897E-02 
9.83147E-01 2.29931E-01 4.42707E-02 
1.08618E+00 2.47719E-01 6.44721E-02 
1.20935E+00 2.85254E-01 9.68219E-02 
1.34433E+00 3.01049E-01 1.50359E-01 
1.49147E+00 3.15311E-01 2.42154E-01 
1.65124E+00 3.27809E-01 4.05381E-01 
1.82438E+00 3.38499E-01 7.06676E-01 
2.01216E+00 3.47450E-01 1.28362E+00 
2.21805E+00 3.55094E-01 2.42282E+00 
2.45342E+00 3.62943E-01 4.70090E+00 
2.75680E+00 3.75794E-01 9.12792E+00 
3.23131E+00 4.04988E-01 1.68207E+01 
4.00667E+00 4.60760E-01 2.73235E+01 
4.98856E+00 5.24976E-01 3.73294E+01 
5.86766E+00 5.63489E-01 4.38987E+01 
3.73061E-01 2.86645E-02 3.41580E-03 
3.92922E-01 4.05865E-02 4.02934E-03 
4.42834E-01 6.92847E-02 4.81211E-03 
4.83952E-01 8.90808E-02 5.82230E-03 
5.29326E-01 1.08765E-01 7.14577E-03 
5.79308E-01 1.28175E-01 8.90703E-03 
6.34244E-01 1.47140E-01 1.12906E-02 
6.80353E-01 1.61386E-01 1.37307E-02 
6.94452E-01 1.65468E-01 1.45687E-02 
7.65703E-01 1.84333E-01 1.95976E-02 
8.43971E-01 2.02074E-01 2.70180E-02 
9.29744E-01 2.18543E-01 3.82426E-02 
1.02340E+00 2.33456E-01 5.56986E-02 
1.13503E+00 2.66960E-01 8.36525E-02 
1.25716E+00 2.79996E-01 1.29990E-01 
1.38955E+00 2.91324E-01 2.09390E-01 
1.53267E+00 3.00946E-01 3.50514E-01 
1.68707E+00 3.08848E-01 6.11170E-01 
1.85378E+00 3.15121E-01 1.11044E+00 
2.03579E+00 3.20180E-01 2.09600E+00 
2.24334E+00 3.25398E-01 4.06708E+00 
2.51126E+00 3.35058E-01 7.89925E+00 
2.93227E+00 3.59127E-01 1.45574E+01 
3.62195E+00 4.06420E-01 2.36492E+01 
4.49228E+00 4.60663E-01 3.23103E+01 
5.26387E+00 4.91961E-01 3.79936E+01 
3.63094E-01 3.22159E-02 2.94893E-03 
3.81938E-01 4.37551E-02 3.47918E-03 
4.31333E-01 7.41019E-02 4.15463E-03 
4.69624E-01 9.25574E-02 5.02852E-03 
5.11816E-01 1.10777E-01 6.17221E-03 
5.58132E-01 1.28519E-01 7.69593E-03 
6.08840E-01 1.45628E-01 9.75472E-03 
6.51297E-01 1.58328E-01 1.18676E-02 
6.64259E-01 1.61946E-01 1.25924E-02 
7.29616E-01 1.78497E-01 1.69462E-02 
8.01170E-01 1.93813E-01 2.33671E-02 
8.79272E-01 2.07766E-01 3.30832E-02 
9.64242E-01 2.20224E-01 4.82040E-02 
1.06520E+00 2.49886E-01 7.24365E-02 
1.17530E+00 2.60143E-01 1.12525E-01 
1.29413E+00 2.68800E-01 1.81319E-01 
1.42203E+00 2.75844E-01 3.03625E-01 
1.55929E+00 2.81266E-01 5.29503E-01 
1.70682E+00 2.85198E-01 9.62273E-01 
1.86720E+00 2.88022E-01 1.81664E+00 
2.04961E+00 2.90995E-01 3.52479E+00 
2.28551E+00 2.97918E-01 6.84661E+00 
2.65828E+00 3.17538E-01 1.26188E+01 
3.27059E+00 3.57390E-01 2.05006E+01 
4.04056E+00 4.02933E-01 2.80076E+01 
4.71617E+00 4.28078E-01 3.29294E+01 
3.54157E-01 3.65011E-02 2.54801E-03 
3.71766E-01 4.74376E-02 3.00704E-03 
4.20083E-01 7.93015E-02 3.59259E-03 
4.56018E-01 9.66836E-02 4.34824E-03 
4.95125E-01 1.13321E-01 5.33933E-03 
5.37912E-01 1.29311E-01 6.65877E-03 
5.84616E-01 1.44504E-01 8.44489E-03 
6.23598E-01 1.55640E-01 1.02736E-02 
6.35481E-01 1.58783E-01 1.09024E-02 
6.95308E-01 1.73038E-01 1.46771E-02 
7.60573E-01 1.85983E-01 2.02486E-02 
8.31514E-01 1.97510E-01 2.86699E-02 
9.08457E-01 2.07655E-01 4.17979E-02 
9.99397E-01 2.33703E-01 6.28140E-02 
1.09840E+00 2.41360E-01 9.76093E-02 
1.20481E+00 2.47600E-01 1.57320E-01 
1.31866E+00 2.52315E-01 2.63516E-01 
1.44030E+00 2.55558E-01 4.59641E-01 
1.57036E+00 2.57450E-01 8.35196E-01 
1.71114E+00 2.58369E-01 1.57696E+00 
1.87089E+00 2.59449E-01 3.06046E+00 
2.07790E+00 2.64046E-01 5.94397E+00 
2.40711E+00 2.79811E-01 1.09553E+01 
2.94964E+00 3.13160E-01 1.77980E+01 
3.62935E+00 3.51134E-01 2.43128E+01 
4.21928E+00 3.71058E-01 2.85783E+01 
3.46189E-01 4.15746E-02 2.20599E-03 
3.62446E-01 5.17036E-02 2.60350E-03 
4.09749E-01 8.55988E-02 3.11151E-03 
4.42996E-01 1.01363E-01 3.76757E-03 
4.79138E-01 1.16299E-01 4.62934E-03 
5.18537E-01 1.30428E-01 5.77419E-03 
5.61446E-01 1.43651E-01 7.32601E-03 
5.97188E-01 1.53208E-01 8.91608E-03 
6.08073E-01 1.55884E-01 9.46349E-03 
6.62702E-01 1.67843E-01 1.27436E-02 
7.22081E-01 1.78455E-01 1.75848E-02 
7.86445E-01 1.87664E-01 2.49194E-02 
8.55928E-01 1.95365E-01 3.63290E-02 
9.37556E-01 2.18058E-01 5.46051E-02 
1.02640E+00 2.23565E-01 8.49056E-02 
1.12133E+00 2.27615E-01 1.36861E-01 
1.22242E+00 2.30280E-01 2.29255E-01 
1.32979E+00 2.31613E-01 3.99878E-01 
1.44405E+00 2.31764E-01 7.26702E-01 
1.56714E+00 2.31083E-01 1.37208E+00 
1.70649E+00 2.30592E-01 2.66304E+00 
1.88759E+00 2.33247E-01 5.17173E+00 
2.17767E+00 2.45709E-01 9.53103E+00 
2.65741E+00 2.73404E-01 1.54820E+01 
3.25627E+00 3.04838E-01 2.11445E+01 
3.77003E+00 3.20379E-01 2.48448E+01 
3.38998E-01 4.73692E-02 1.91381E-03 
3.54137E-01 5.66974E-02 2.26050E-03 
3.99830E-01 9.25147E-02 2.70218E-03 
4.30331E-01 1.06400E-01 3.27297E-03 
4.63633E-01 1.19509E-01 4.02348E-03 
4.99872E-01 1.31704E-01 5.02224E-03 
5.39221E-01 1.42908E-01 6.37413E-03 
5.71911E-01 1.50857E-01 7.75930E-03 
5.81854E-01 1.53058E-01 8.23666E-03 
6.31671E-01 1.62757E-01 1.10981E-02 
6.85644E-01 1.71115E-01 1.53211E-02 
7.43887E-01 1.78091E-01 2.17204E-02 
8.06506E-01 1.83591E-01 3.16686E-02 
8.79554E-01 2.03209E-01 4.76327E-02 
9.58997E-01 2.06622E-01 7.40619E-02 
1.04342E+00 2.08724E-01 1.19382E-01 
1.13284E+00 2.09587E-01 2.00009E-01 
1.22732E+00 2.09289E-01 3.48905E-01 
1.32724E+00 2.07973E-01 6.34068E-01 
1.43443E+00 2.05980E-01 1.19711E+00 
1.55548E+00 2.04213E-01 2.32266E+00 
1.71336E+00 2.05274E-01 4.51049E+00 
1.96834E+00 2.14928E-01 8.31074E+00 
2.39175E+00 2.37741E-01 1.34962E+01 
2.91831E+00 2.63554E-01 1.84253E+01 
3.36457E+00 2.75452E-01 2.16386E+01 
3.32262E-01 5.35629E-02 1.66513E-03 
3.46212E-01 6.18717E-02 1.96809E-03 
3.89867E-01 9.96808E-02 2.35479E-03 
4.17881E-01 1.11600E-01 2.85375E-03 
4.48489E-01 1.22718E-01 3.50927E-03 
4.81760E-01 1.32892E-01 4.38252E-03 
5.17823E-01 1.42044E-01 5.56654E-03 
5.47701E-01 1.48392E-01 6.77849E-03 
5.56769E-01 1.50121E-01 7.19598E-03 
6.02148E-01 1.57612E-01 9.69974E-03 
6.51111E-01 1.63800E-01 1.33975E-02 
7.03753E-01 1.68693E-01 1.89982E-02 
7.60098E-01 1.72422E-01 2.77201E-02 
8.25126E-01 1.88941E-01 4.16885E-02 
8.95967E-01 1.90414E-01 6.48276E-02 
9.70834E-01 1.90805E-01 1.04502E-01 
1.04965E+00 1.90121E-01 1.75086E-01 
1.13240E+00 1.88449E-01 3.05399E-01 
1.21945E+00 1.85937E-01 5.54937E-01 
1.31232E+00 1.82895E-01 1.04735E+00 
1.41699E+00 1.80127E-01 2.03170E+00 
1.55413E+00 1.79908E-01 3.94383E+00 
1.77770E+00 1.87204E-01 7.26425E+00 
2.15071E+00 2.05832E-01 1.17918E+01 
2.61281E+00 2.26853E-01 1.60899E+01 
2.99942E+00 2.35760E-01 1.88826E+01 
3.25853E-01 5.99571E-02 1.45444E-03 
3.38616E-01 6.69777E-02 1.71987E-03 
3.79186E-01 1.05915E-01 2.05986E-03 
4.05391E-01 1.16481E-01 2.49792E-03 
4.33568E-01 1.25601E-01 3.07389E-03 
4.64113E-01 1.33705E-01 3.84105E-03 
4.97129E-01 1.40782E-01 4.87993E-03 
5.24442E-01 1.45556E-01 5.94609E-03 
5.32727E-01 1.46837E-01 6.31327E-03 
5.74020E-01 1.52178E-01 8.51383E-03 
6.18404E-01 1.56323E-01 1.17638E-02 
6.65890E-01 1.59285E-01 1.66837E-02 
7.16464E-01 1.61119E-01 2.43504E-02 
7.74106E-01 1.74890E-01 3.66281E-02 
8.37086E-01 1.74794E-01 5.69522E-02 
9.03215E-01 1.73720E-01 9.18047E-02 
9.72393E-01 1.71741E-01 1.53782E-01 
1.04457E+00 1.68951E-01 2.68195E-01 
1.11999E+00 1.65496E-01 4.87141E-01 
1.20005E+00 1.61656E-01 9.19086E-01 
1.29010E+00 1.58144E-01 1.78208E+00 
1.40873E+00 1.56928E-01 3.45746E+00 
1.60427E+00 1.62271E-01 6.36493E+00 
1.93224E+00 1.77334E-01 1.03254E+01 
2.33698E+00 1.94297E-01 1.40783E+01 
2.67098E+00 2.00782E-01 1.65068E+01 
3.19805E-01 6.64670E-02 1.27596E-03 
3.31782E-01 7.25406E-02 1.51059E-03 
3.68854E-01 1.12757E-01 1.81004E-03 
3.92834E-01 1.20760E-01 2.19698E-03 
4.18793E-01 1.27756E-01 2.70504E-03 
4.46902E-01 1.33798E-01 3.38340E-03 
4.77188E-01 1.38853E-01 4.30073E-03 
5.02150E-01 1.42095E-01 5.24138E-03 
5.09703E-01 1.42930E-01 5.56512E-03 
5.47288E-01 1.46251E-01 7.50908E-03 
5.87492E-01 1.48488E-01 1.03772E-02 
6.30291E-01 1.49673E-01 1.47254E-02 
6.75602E-01 1.49758E-01 2.14862E-02 
7.26432E-01 1.61125E-01 3.23190E-02 
7.82218E-01 1.59677E-01 5.02565E-02 
8.40399E-01 1.57380E-01 8.09793E-02 
9.00827E-01 1.54356E-01 1.35618E-01 
9.63430E-01 1.50700E-01 2.36370E-01 
1.02844E+00 1.46545E-01 4.29147E-01 
1.09703E+00 1.42145E-01 8.09114E-01 
1.17408E+00 1.38123E-01 1.56775E+00 
1.27628E+00 1.36171E-01 3.03933E+00 
1.44685E+00 1.39922E-01 5.59027E+00 
1.73474E+00 1.51983E-01 9.06100E+00 
2.08859E+00 1.65544E-01 1.23419E+01 
2.37640E+00 1.70103E-01 1.44541E+01 
3.13950E-01 7.24117E-02 1.12558E-03 
3.24907E-01 7.66593E-02 1.33410E-03 
3.57928E-01 1.17733E-01 1.60003E-03 
3.80253E-01 1.23936E-01 1.94364E-03 
4.04262E-01 1.28809E-01 2.39451E-03 
4.30179E-01 1.32803E-01 2.99567E-03 
4.58032E-01 1.35929E-01 3.81064E-03 
4.80893E-01 1.37743E-01 4.64524E-03 
4.87793E-01 1.38170E-01 4.93249E-03 
5.22030E-01 1.39645E-01 6.65692E-03 
5.58431E-01 1.40160E-01 9.20177E-03 
5.96930E-01 1.39791E-01 1.30541E-02 
6.37424E-01 1.38670E-01 1.90545E-02 
6.81982E-01 1.47624E-01 2.86442E-02 
7.31207E-01 1.44981E-01 4.45244E-02 
7.82168E-01 1.41719E-01 7.17274E-02 
8.34692E-01 1.37906E-01 1.20001E-01 
8.88716E-01 1.33628E-01 2.09065E-01 
9.44357E-01 1.29005E-01 3.79222E-01 
1.00276E+00 1.24264E-01 7.14412E-01 
1.06827E+00 1.19943E-01 1.38301E+00 
1.15592E+00 1.17488E-01 2.67817E+00 
1.30436E+00 1.19974E-01 4.92075E+00 
1.55666E+00 1.29533E-01 7.96658E+00 
1.86556E+00 1.40275E-01 1.08377E+01 
2.11298E+00 1.43335E-01 1.26746E+01 
3.08412E-01 7.74648E-02 9.99796E-04 
3.18741E-01 8.01789E-02 1.18587E-03 
3.47020E-01 1.21563E-01 1.42356E-03 
3.67785E-01 1.25368E-01 1.73021E-03 
3.90174E-01 1.28318E-01 2.13310E-03 
4.14207E-01 1.30447E-01 2.66934E-03 
4.39891E-01 1.31790E-01 3.39588E-03 
4.60878E-01 1.32309E-01 4.14085E-03 
4.67193E-01 1.32380E-01 4.39705E-03 
4.98385E-01 1.32205E-01 5.93365E-03 
5.31330E-01 1.31246E-01 8.20179E-03 
5.65908E-01 1.29565E-01 1.16314E-02 
6.02009E-01 1.27268E-01 1.69704E-02 
6.40799E-01 1.34216E-01 2.55021E-02 
6.84050E-01 1.30686E-01 3.96038E-02 
7.28442E-01 1.26728E-01 6.37498E-02 
7.73832E-01 1.22371E-01 1.06596E-01 
8.20105E-01 1.17702E-01 1.85483E-01 
8.67425E-01 1.12830E-01 3.36139E-01 
9.16761E-01 1.07947E-01 6.32489E-01 
9.72085E-01 1.03516E-01 1.22276E+00 
1.04691E+00 1.00760E-01 2.36497E+00 
1.17583E+00 1.02271E-01 4.33953E+00 
1.39668E+00 1.09773E-01 7.01560E+00 
1.66601E+00 1.18205E-01 9.52912E+00 
1.87825E+00 1.20129E-01 1.11253E+01 
3.03482E-01 8.11722E-02 8.94370E-04 
3.13658E-01 8.33149E-02 1.06186E-03 
3.36447E-01 1.22835E-01 1.27525E-03 
3.55937E-01 1.24935E-01 1.55066E-03 
3.76931E-01 1.26058E-01 1.91186E-03 
3.99342E-01 1.26514E-01 2.39371E-03 
4.23099E-01 1.26294E-01 3.04466E-03 
4.42395E-01 1.25692E-01 3.71225E-03 
4.48179E-01 1.25452E-01 3.94187E-03 
4.76610E-01 1.23890E-01 5.31780E-03 
5.06381E-01 1.21718E-01 7.34626E-03 
5.37373E-01 1.18991E-01 1.04158E-02 
5.69474E-01 1.15707E-01 1.51809E-02 
6.02982E-01 1.20937E-01 2.27958E-02 
6.40768E-01 1.16862E-01 3.53749E-02 
6.79209E-01 1.12450E-01 5.68730E-02 
7.18140E-01 1.07784E-01 9.49834E-02 
7.57471E-01 1.02938E-01 1.65065E-01 
7.97349E-01 9.80096E-02 2.98694E-01 
8.38677E-01 9.31591E-02 5.61214E-01 
8.85040E-01 8.87759E-02 1.08342E+00 
9.48638E-01 8.58956E-02 2.09198E+00 
1.06038E+00 8.66767E-02 3.83211E+00 
1.25357E+00 9.25119E-02 6.18463E+00 
1.48823E+00 9.90780E-02 8.38500E+00 
1.67002E+00 1.00170E-01 9.77070E+00 
2.99607E-01 8.34234E-02 8.05804E-04 
3.09473E-01 8.38067E-02 9.57452E-04 
3.26630E-01 1.21806E-01 1.15024E-03 
3.45283E-01 1.22396E-01 1.39881E-03 
3.65087E-01 1.21939E-01 1.72455E-03 
3.86036E-01 1.20936E-01 2.15836E-03 
4.08071E-01 1.19422E-01 2.74508E-03 
4.25810E-01 1.17917E-01 3.34511E-03 
4.31112E-01 1.17425E-01 3.55179E-03 
4.56999E-01 1.14783E-01 4.78904E-03 
4.83834E-01 1.11686E-01 6.61086E-03 
5.11509E-01 1.08193E-01 9.36262E-03 
5.39867E-01 1.04359E-01 1.36329E-02 
5.68583E-01 1.08034E-01 2.04488E-02 
6.01347E-01 1.03602E-01 3.16882E-02 
6.34369E-01 9.89688E-02 5.08794E-02 
6.67483E-01 9.42094E-02 8.48280E-02 
7.00629E-01 8.93783E-02 1.47202E-01 
7.33905E-01 8.45564E-02 2.65927E-01 
7.68173E-01 7.98813E-02 4.98774E-01 
8.06701E-01 7.56773E-02 9.61009E-01 
8.60487E-01 7.28059E-02 1.85239E+00 
9.57220E-01 7.30664E-02 3.38659E+00 
1.12617E+00 7.75703E-02 5.45451E+00 
1.33066E+00 8.26535E-02 7.38004E+00 
1.48623E+00 8.31571E-02 8.58100E+00 
2.97323E-01 8.38003E-02 7.31233E-04 
3.07012E-01 8.29638E-02 8.68879E-04 
3.18651E-01 1.18704E-01 1.04385E-03 
3.36465E-01 1.17715E-01 1.26895E-03 
3.55209E-01 1.15981E-01 1.56407E-03 
3.74811E-01 1.13860E-01 1.95604E-03 
3.95231E-01 1.11351E-01 2.48618E-03 
4.11517E-01 1.09172E-01 3.02796E-03 
4.16354E-01 1.08498E-01 3.21388E-03 
4.39827E-01 1.05079E-01 4.32931E-03 
4.63909E-01 1.01357E-01 5.96967E-03 
4.88463E-01 9.73854E-02 8.44326E-03 
5.13326E-01 9.32565E-02 1.22795E-02 
5.37647E-01 9.56591E-02 1.83868E-02 
5.65851E-01 9.10653E-02 2.84518E-02 
5.93937E-01 8.64195E-02 4.55960E-02 
6.21817E-01 8.17402E-02 7.59072E-02 
6.49393E-01 7.70763E-02 1.31449E-01 
6.76842E-01 7.24917E-02 2.37019E-01 
7.04928E-01 6.80999E-02 4.43652E-01 
7.36621E-01 6.41662E-02 8.53012E-01 
7.81918E-01 6.14129E-02 1.64074E+00 
8.65617E-01 6.13211E-02 2.99336E+00 
1.01350E+00 6.47800E-02 4.81057E+00 
1.19180E+00 6.86956E-02 6.49365E+00 
1.32492E+00 6.88021E-02 7.53255E+00 
2.97037E-01 8.24146E-02 6.67398E-04 
3.06669E-01 8.10587E-02 7.92624E-04 
3.13257E-01 1.12723E-01 9.51733E-04 
3.30139E-01 1.11059E-01 1.15623E-03 
3.47807E-01 1.08507E-01 1.42394E-03 
3.66087E-01 1.05581E-01 1.77939E-03 
3.84890E-01 1.02389E-01 2.25871E-03 
3.99752E-01 9.97620E-02 2.74893E-03 
4.04140E-01 9.89696E-02 2.91706E-03 
4.25265E-01 9.50708E-02 3.92347E-03 
4.46689E-01 9.09965E-02 5.40209E-03 
4.68261E-01 8.67915E-02 7.62933E-03 
4.89868E-01 8.24969E-02 1.10757E-02 
5.10204E-01 8.39158E-02 1.65573E-02 
5.34162E-01 7.94190E-02 2.55686E-02 
5.57763E-01 7.49202E-02 4.09042E-02 
5.80897E-01 7.04573E-02 6.79434E-02 
6.03540E-01 6.60739E-02 1.17433E-01 
6.25840E-01 6.18196E-02 2.11291E-01 
6.48515E-01 5.77784E-02 3.94642E-01 
6.74321E-01 5.41757E-02 7.57195E-01 
7.12271E-01 5.16076E-02 1.45294E+00 
7.84684E-01 5.12920E-02 2.64448E+00 
9.14286E-01 5.39390E-02 4.23962E+00 
1.06997E+00 5.69475E-02 5.70872E+00 
1.18398E+00 5.68002E-02 6.60567E+00 
2.99063E-01 7.97149E-02 6.11695E-04 
3.08543E-01 7.74777E-02 7.25918E-04 
3.10602E-01 1.05694E-01 8.70759E-04 
3.26618E-01 1.03274E-01 1.05689E-03 
3.43168E-01 1.00031E-01 1.29994E-03 
3.60059E-01 9.65943E-02 1.62240E-03 
3.77217E-01 9.30092E-02 2.05692E-03 
3.90618E-01 9.01401E-02 2.50037E-03 
3.94550E-01 8.92889E-02 2.65250E-03 
4.13368E-01 8.51693E-02 3.56198E-03 
4.32179E-01 8.09741E-02 4.89558E-03 
4.50895E-01 7.67403E-02 6.90220E-03 
4.69432E-01 7.24667E-02 1.00006E-02 
4.86159E-01 7.31386E-02 1.49212E-02 
5.06210E-01 6.88631E-02 2.29943E-02 
5.25738E-01 6.46250E-02 3.67147E-02 
5.44644E-01 6.04751E-02 6.08586E-02 
5.62926E-01 5.64398E-02 1.04956E-01 
5.80731E-01 5.25589E-02 1.88451E-01 
5.98744E-01 4.89056E-02 3.51108E-01 
6.19494E-01 4.56598E-02 6.72040E-01 
6.51183E-01 4.33116E-02 1.28658E+00 
7.13910E-01 4.28677E-02 2.33575E+00 
8.27787E-01 4.48929E-02 3.73507E+00 
9.64143E-01 4.72073E-02 5.01665E+00 
1.06200E+00 4.69088E-02 5.79007E+00 
3.03384E-01 7.57608E-02 5.61552E-04 
3.12570E-01 7.30514E-02 6.65882E-04 
3.11274E-01 9.73776E-02 7.97759E-04 
3.25942E-01 9.46726E-02 9.67046E-04 
3.41183E-01 9.10639E-02 1.18786E-03 
3.56547E-01 8.73882E-02 1.48042E-03 
3.71941E-01 8.36341E-02 1.87407E-03 
3.83846E-01 8.06904E-02 2.27526E-03 
3.87320E-01 7.98257E-02 2.41297E-03 
4.03786E-01 7.56895E-02 3.23446E-03 
4.20036E-01 7.15503E-02 4.43760E-03 
4.36000E-01 6.74359E-02 6.24375E-03 
4.51574E-01 6.33811E-02 9.02969E-03 
4.65063E-01 6.34663E-02 1.34442E-02 
4.81559E-01 5.94574E-02 2.06783E-02 
4.97399E-01 5.55489E-02 3.29422E-02 
5.12536E-01 5.17564E-02 5.44900E-02 
5.26958E-01 4.81012E-02 9.37621E-02 
5.40838E-01 4.46137E-02 1.67932E-01 
5.54841E-01 4.13499E-02 3.12202E-01 
5.71269E-01 3.84586E-02 5.96124E-01 
5.97608E-01 3.63442E-02 1.13839E+00 
6.52028E-01 3.58368E-02 2.06153E+00 
7.52372E-01 3.73862E-02 3.28808E+00 
8.72166E-01 3.91694E-02 4.40481E+00 
9.56381E-01 3.87887E-02 5.07079E+00 
3.09505E-01 7.12287E-02 5.15624E-04 
3.18100E-01 6.84259E-02 6.10651E-04 
3.14094E-01 8.91122E-02 7.30941E-04 
3.27662E-01 8.58043E-02 8.84649E-04 
3.41383E-01 8.21675E-02 1.08530E-03 
3.55051E-01 7.84447E-02 1.35061E-03 
3.68593E-01 7.46945E-02 1.70707E-03 
3.78948E-01 7.17930E-02 2.06989E-03 
3.81948E-01 7.09468E-02 2.19429E-03 
3.96057E-01 6.69308E-02 2.93609E-03 
4.09814E-01 6.29621E-02 4.02094E-03 
4.23134E-01 5.90645E-02 5.64654E-03 
4.35933E-01 5.52768E-02 8.15045E-03 
4.46528E-01 5.49389E-02 1.21110E-02 
4.59789E-01 5.12589E-02 1.85892E-02 
4.72325E-01 4.77028E-02 2.95489E-02 
4.84113E-01 4.42772E-02 4.87639E-02 
4.95176E-01 4.10002E-02 8.37230E-02 
5.05683E-01 3.78939E-02 1.49612E-01 
5.16245E-01 3.50006E-02 2.77531E-01 
5.29020E-01 3.24443E-02 5.28723E-01 
5.50811E-01 3.05572E-02 1.00703E+00 
5.98137E-01 3.00271E-02 1.81913E+00 
6.86870E-01 3.12141E-02 2.89397E+00 
7.92490E-01 3.25904E-02 3.86658E+00 
8.65205E-01 3.21721E-02 4.43973E+00 
3.16607E-01 6.65569E-02 4.73176E-04 
3.24433E-01 6.36016E-02 5.59694E-04 
3.18881E-01 8.08253E-02 6.69018E-04 
3.30864E-01 7.74406E-02 8.08823E-04 
3.42939E-01 7.37824E-02 9.90818E-04 
3.54811E-01 7.01275E-02 1.23126E-03 
3.66443E-01 6.64913E-02 1.55401E-03 
3.75225E-01 6.37056E-02 1.88220E-03 
3.77755E-01 6.28937E-02 1.99444E-03 
3.89566E-01 5.90747E-02 2.66431E-03 
4.00911E-01 5.53390E-02 3.64174E-03 
4.11727E-01 5.17054E-02 5.10496E-03 
4.22000E-01 4.81713E-02 7.35456E-03 
4.30016E-01 4.75515E-02 1.09077E-02 
4.40361E-01 4.42207E-02 1.67083E-02 
4.49976E-01 4.10119E-02 2.65069E-02 
4.58837E-01 3.79404E-02 4.36547E-02 
4.66995E-01 3.50181E-02 7.47881E-02 
4.74603E-01 3.22593E-02 1.33346E-01 
4.82265E-01 2.97069E-02 2.46782E-01 
4.91942E-01 2.74543E-02 4.68978E-01 
5.09909E-01 2.57793E-02 8.91214E-01 
5.51163E-01 2.52510E-02 1.60575E+00 
6.29910E-01 2.61611E-02 2.54779E+00 
7.23406E-01 2.72246E-02 3.39517E+00 
7.86423E-01 2.67961E-02 3.88847E+00 
3.23685E-01 6.19974E-02 4.33546E-04 
3.30639E-01 5.89368E-02 5.12442E-04 
3.24281E-01 7.29044E-02 6.11844E-04 
3.34550E-01 6.97544E-02 7.38977E-04 
3.44906E-01 6.61884E-02 9.04170E-04 
3.54961E-01 6.26694E-02 1.12231E-03 
3.64674E-01 5.91972E-02 1.41451E-03 
3.71943E-01 5.65515E-02 1.71138E-03 
3.74025E-01 5.57858E-02 1.81310E-03 
3.83639E-01 5.21945E-02 2.41830E-03 
3.92727E-01 4.87073E-02 3.29988E-03 
4.01264E-01 4.53360E-02 4.61834E-03 
4.09199E-01 4.20928E-02 6.64049E-03 
4.14992E-01 4.12573E-02 9.83134E-03 
4.22766E-01 3.82424E-02 1.50293E-02 
4.29827E-01 3.53580E-02 2.37968E-02 
4.36170E-01 3.26108E-02 3.91126E-02 
4.41837E-01 3.00099E-02 6.68659E-02 
4.46996E-01 2.75680E-02 1.18965E-01 
4.52200E-01 2.53125E-02 2.19646E-01 
4.59278E-01 2.33267E-02 4.16425E-01 
4.74000E-01 2.18420E-02 7.89454E-01 
5.10057E-01 2.13298E-02 1.41877E+00 
5.80205E-01 2.20267E-02 2.24521E+00 
6.63310E-01 2.28508E-02 2.98418E+00 
7.18121E-01 2.24282E-02 3.40896E+00 
3.29819E-01 5.78410E-02 3.97123E-04 
3.35759E-01 5.48193E-02 4.69080E-04 
3.28702E-01 6.65272E-02 5.59700E-04 
3.37786E-01 6.29437E-02 6.75345E-04 
3.46427E-01 5.95167E-02 8.25537E-04 
3.54726E-01 5.61474E-02 1.02353E-03 
3.62639E-01 5.28480E-02 1.28871E-03 
3.68486E-01 5.03469E-02 1.55762E-03 
3.70144E-01 4.96281E-02 1.64971E-03 
3.77742E-01 4.62595E-02 2.19713E-03 
3.84798E-01 4.30106E-02 2.99427E-03 
3.91275E-01 3.98925E-02 4.18279E-03 
3.97151E-01 3.69221E-02 6.00568E-03 
4.01016E-01 3.59281E-02 8.87383E-03 
4.06571E-01 3.31980E-02 1.35421E-02 
4.11435E-01 3.06016E-02 2.13982E-02 
4.15622E-01 2.81426E-02 3.50998E-02 
4.19176E-01 2.58252E-02 5.98790E-02 
4.22266E-01 2.36591E-02 1.06306E-01 
4.25406E-01 2.16649E-02 1.95823E-01 
4.30304E-01 1.99121E-02 3.70420E-01 
4.42274E-01 1.85944E-02 7.00450E-01 
4.73867E-01 1.81057E-02 1.25562E+00 
5.36586E-01 1.86385E-02 1.98178E+00 
6.10730E-01 1.92764E-02 2.62697E+00 
6.58576E-01 1.88700E-02 2.99312E+00 
3.34274E-01 5.42030E-02 3.64288E-04 
3.39264E-01 5.11613E-02 4.30067E-04 
3.32538E-01 6.02929E-02 5.12816E-04 
3.39836E-01 5.70485E-02 6.18396E-04 
3.46885E-01 5.37597E-02 7.55368E-04 
3.53570E-01 5.05318E-02 9.35581E-04 
3.59858E-01 4.73884E-02 1.17670E-03 
3.64424E-01 4.50228E-02 1.42111E-03 
3.65710E-01 4.43420E-02 1.50457E-03 
3.71517E-01 4.11747E-02 2.00091E-03 
3.76773E-01 3.81417E-02 2.72271E-03 
3.81456E-01 3.52507E-02 3.79753E-03 
3.85562E-01 3.24968E-02 5.44304E-03 
3.87779E-01 3.14094E-02 8.02917E-03 
3.91420E-01 2.89373E-02 1.22293E-02 
3.94411E-01 2.65960E-02 1.92865E-02 
3.96763E-01 2.43893E-02 3.15723E-02 
3.98531E-01 2.23194E-02 5.37462E-02 
3.99874E-01 2.03920E-02 9.51968E-02 
4.01285E-01 1.86260E-02 1.74978E-01 
4.04345E-01 1.70759E-02 3.30165E-01 
4.13973E-01 1.59042E-02 6.22806E-01 
4.41711E-01 1.54428E-02 1.11350E+00 
4.97972E-01 1.58489E-02 1.75270E+00 
5.64369E-01 1.63435E-02 2.31702E+00 
6.06241E-01 1.59574E-02 2.63280E+00 
3.36549E-01 5.10753E-02 3.35052E-04 
3.40721E-01 4.80077E-02 3.95455E-04 
3.34599E-01 5.48695E-02 4.71388E-04 
3.40190E-01 5.20196E-02 5.68019E-04 
3.45878E-01 4.88184E-02 6.93287E-04 
3.51167E-01 4.57127E-02 8.58063E-04 
3.56043E-01 4.27039E-02 1.07796E-03 
3.59518E-01 4.04517E-02 1.30068E-03 
3.60483E-01 3.98063E-02 1.37680E-03 
3.64756E-01 3.68151E-02 1.82872E-03 
3.68472E-01 3.39698E-02 2.48434E-03 
3.71625E-01 3.12741E-02 3.46015E-03 
3.74187E-01 2.87352E-02 4.94989E-03 
3.75025E-01 2.75714E-02 7.28859E-03 
3.77043E-01 2.53224E-02 1.10810E-02 
3.78440E-01 2.32049E-02 1.74378E-02 
3.79239E-01 2.12190E-02 2.84817E-02 
3.79495E-01 1.93657E-02 4.83758E-02 
3.79364E-01 1.76481E-02 8.54909E-02 
3.79311E-01 1.60787E-02 1.56742E-01 
3.80815E-01 1.47042E-02 2.95048E-01 
3.88433E-01 1.36614E-02 5.55002E-01 
4.12820E-01 1.32292E-02 9.89587E-01 
4.63432E-01 1.35373E-02 1.55328E+00 
5.23066E-01 1.39209E-02 2.04760E+00 
5.59787E-01 1.35578E-02 2.32002E+00 
3.36813E-01 4.84061E-02 3.09802E-04 
3.40291E-01 4.53134E-02 3.65528E-04 
3.34479E-01 5.05369E-02 4.35473E-04 
3.38923E-01 4.77300E-02 5.24388E-04 
3.43460E-01 4.46029E-02 6.39449E-04 
3.47593E-01 4.15860E-02 7.90595E-04 
3.51295E-01 3.86878E-02 9.92293E-04 
3.53849E-01 3.65308E-02 1.19608E-03 
3.54546E-01 3.59144E-02 1.26568E-03 
3.57519E-01 3.30735E-02 1.67856E-03 
3.59936E-01 3.03902E-02 2.27680E-03 
3.61776E-01 2.78685E-02 3.16483E-03 
3.63045E-01 2.55093E-02 4.51943E-03 
3.62698E-01 2.43021E-02 6.64101E-03 
3.63337E-01 2.22480E-02 1.00741E-02 
3.63383E-01 2.03263E-02 1.58214E-02 
3.62861E-01 1.85344E-02 2.57820E-02 
3.61830E-01 1.68707E-02 4.36830E-02 
3.60447E-01 1.53356E-02 7.70029E-02 
3.59150E-01 1.39383E-02 1.40813E-01 
3.59325E-01 1.27173E-02 2.64317E-01 
3.65219E-01 1.17869E-02 4.95925E-01 
3.86678E-01 1.13847E-02 8.81662E-01 
4.32328E-01 1.16173E-02 1.37979E+00 
4.86035E-01 1.19139E-02 1.81351E+00 
5.18308E-01 1.15763E-02 2.04882E+00 
3.35105E-01 4.60982E-02 2.87840E-04 
3.38036E-01 4.29767E-02 3.39407E-04 
3.32231E-01 4.70228E-02 4.04108E-04 
3.36074E-01 4.39810E-02 4.86187E-04 
3.39679E-01 4.09152E-02 5.92301E-04 
3.42860E-01 3.79737E-02 7.31411E-04 
3.45588E-01 3.51664E-02 9.16715E-04 
3.47373E-01 3.30916E-02 1.10385E-03 
3.47843E-01 3.25003E-02 1.16759E-03 
3.49724E-01 2.97897E-02 1.54570E-03 
3.51025E-01 2.72516E-02 2.09253E-03 
3.51746E-01 2.48846E-02 2.90300E-03 
3.51889E-01 2.26839E-02 4.13642E-03 
3.50523E-01 2.14551E-02 6.06483E-03 
3.49964E-01 1.95778E-02 9.17891E-03 
3.48831E-01 1.78328E-02 1.43788E-02 
3.47158E-01 1.62151E-02 2.33726E-02 
3.45010E-01 1.47208E-02 3.94981E-02 
3.42539E-01 1.33479E-02 6.94359E-02 
3.40165E-01 1.21037E-02 1.26632E-01 
3.39186E-01 1.10180E-02 2.37025E-01 
3.43557E-01 1.01889E-02 4.43387E-01 
3.62410E-01 9.81707E-03 7.85926E-01 
4.03618E-01 9.99087E-03 1.22621E+00 
4.52027E-01 1.02196E-02 1.60664E+00 
4.80352E-01 9.90730E-03 1.80944E+00 
3.31883E-01 4.41380E-02 2.69065E-04 
3.34406E-01 4.09692E-02 3.17008E-04 
3.28692E-01 4.39250E-02 3.77027E-04 
3.32027E-01 4.07323E-02 4.53085E-04 
3.34891E-01 3.77052E-02 5.51265E-04 
3.37293E-01 3.48218E-02 6.79740E-04 
3.39207E-01 3.20897E-02 8.50510E-04 
3.40346E-01 3.00832E-02 1.02270E-03 
3.40619E-01 2.95152E-02 1.08143E-03 
3.41566E-01 2.69178E-02 1.42874E-03 
3.41904E-01 2.45069E-02 1.92996E-03 
3.41644E-01 2.22774E-02 2.67131E-03 
3.40795E-01 2.02244E-02 3.79708E-03 
3.38542E-01 1.89876E-02 5.55365E-03 
3.36935E-01 1.72678E-02 8.38397E-03 
3.34771E-01 1.56802E-02 1.30991E-02 
3.32092E-01 1.42178E-02 2.12324E-02 
3.28970E-01 1.28742E-02 3.57813E-02 
3.25553E-01 1.16459E-02 6.27244E-02 
3.22244E-01 1.05363E-02 1.14045E-01 
3.20264E-01 9.57039E-03 2.12841E-01 
3.23302E-01 8.83097E-03 3.96866E-01 
3.39834E-01 8.48875E-03 7.01259E-01 
3.77059E-01 8.61707E-03 1.09062E+00 
4.20732E-01 8.79271E-03 1.42438E+00 
4.45566E-01 8.50521E-03 1.59897E+00 
3.27457E-01 4.24316E-02 2.52737E-04 
3.29685E-01 3.91934E-02 2.97439E-04 
3.24247E-01 4.10271E-02 3.53228E-04 
3.26972E-01 3.78790E-02 4.23864E-04 
3.29226E-01 3.48780E-02 5.14861E-04 
3.30978E-01 3.20388E-02 6.33720E-04 
3.32203E-01 2.93699E-02 7.91471E-04 
3.32784E-01 2.74229E-02 9.50143E-04 
3.32885E-01 2.68749E-02 1.00427E-03 
3.33009E-01 2.43790E-02 1.32366E-03 
3.32500E-01 2.20820E-02 1.78365E-03 
3.31368E-01 1.99775E-02 2.46248E-03 
3.29638E-01 1.80550E-02 3.49095E-03 
3.26591E-01 1.68269E-02 5.09213E-03 
3.24053E-01 1.52493E-02 7.66552E-03 
3.20974E-01 1.38039E-02 1.19427E-02 
3.17405E-01 1.24811E-02 1.93031E-02 
3.13423E-01 1.12727E-02 3.24317E-02 
3.09176E-01 1.01735E-02 5.66763E-02 
3.05052E-01 9.18382E-03 1.02726E-01 
3.02196E-01 8.32464E-03 1.91083E-01 
3.04058E-01 7.66516E-03 3.55210E-01 
3.18500E-01 7.35156E-03 6.25556E-01 
3.52105E-01 7.44450E-03 9.69631E-01 
3.91491E-01 7.57782E-03 1.26217E+00 
4.13205E-01 7.31459E-03 1.41216E+00 
3.22107E-01 4.09673E-02 2.38312E-04 
3.24143E-01 3.76368E-02 2.79998E-04 
3.18907E-01 3.85397E-02 3.31995E-04 
3.21184E-01 3.53761E-02 3.97652E-04 
3.22929E-01 3.23891E-02 4.82070E-04 
3.24117E-01 2.95846E-02 5.92168E-04 
3.24730E-01 2.69671E-02 7.37916E-04 
3.24801E-01 2.50720E-02 8.84303E-04 
3.24755E-01 2.45392E-02 9.34099E-04 
3.24131E-01 2.21313E-02 1.22799E-03 
3.22839E-01 1.99360E-02 1.65029E-03 
3.20904E-01 1.79429E-02 2.27192E-03 
3.18360E-01 1.61399E-02 3.21142E-03 
3.14598E-01 1.49286E-02 4.67076E-03 
3.11215E-01 1.34793E-02 7.01062E-03 
3.07313E-01 1.21616E-02 1.08883E-02 
3.02951E-01 1.09642E-02 1.75443E-02 
2.98207E-01 9.87716E-03 2.93823E-02 
2.93236E-01 8.89276E-03 5.11791E-02 
2.88398E-01 8.01079E-03 9.24642E-02 
2.84780E-01 7.24623E-03 1.71429E-01 
2.85596E-01 6.65861E-03 3.17601E-01 
2.98147E-01 6.37219E-03 5.57462E-01 
3.28447E-01 6.43746E-03 8.61163E-01 
3.63913E-01 6.53725E-03 1.11710E+00 
3.82824E-01 6.29694E-03 1.24558E+00 
3.15992E-01 3.97297E-02 2.25222E-04 
3.17825E-01 3.63013E-02 2.64067E-04 
3.12867E-01 3.63407E-02 3.12477E-04 
3.14695E-01 3.31812E-02 3.73505E-04 
3.15973E-01 3.01990E-02 4.51779E-04 
3.16643E-01 2.74176E-02 5.53657E-04 
3.16694E-01 2.48407E-02 6.88261E-04 
3.16301E-01 2.29883E-02 8.23240E-04 
3.16120E-01 2.24690E-02 8.69084E-04 
3.14806E-01 2.01378E-02 1.13933E-03 
3.12796E-01 1.80320E-02 1.52657E-03 
3.10126E-01 1.61387E-02 2.09522E-03 
3.06840E-01 1.44423E-02 2.95260E-03 
3.02430E-01 1.32561E-02 4.28108E-03 
2.98288E-01 1.19218E-02 6.40552E-03 
2.93651E-01 1.07191E-02 9.91702E-03 
2.88584E-01 9.63448E-03 1.59263E-02 
2.83174E-01 8.65606E-03 2.65852E-02 
2.77571E-01 7.77479E-03 4.61541E-02 
2.72122E-01 6.98845E-03 8.31057E-02 
2.67847E-01 6.30846E-03 1.53568E-01 
2.67741E-01 5.78495E-03 2.83504E-01 
2.78574E-01 5.52404E-03 4.95911E-01 
3.05829E-01 5.56765E-03 7.63436E-01 
3.37693E-01 5.64110E-03 9.86874E-01 
3.54072E-01 5.42174E-03 1.09652E+00 
3.09356E-01 3.87402E-02 2.13129E-04 
3.10984E-01 3.52137E-02 2.49339E-04 
3.06265E-01 3.45086E-02 2.94336E-04 
3.07717E-01 3.12992E-02 3.50986E-04 
3.08528E-01 2.83040E-02 4.23493E-04 
3.08688E-01 2.55290E-02 5.17635E-04 
3.08185E-01 2.29773E-02 6.41743E-04 
3.07343E-01 2.11553E-02 7.65931E-04 
3.07023E-01 2.06475E-02 8.08103E-04 
3.05043E-01 1.83777E-02 1.05607E-03 
3.02352E-01 1.63467E-02 1.41059E-03 
2.98987E-01 1.45396E-02 1.92989E-03 
2.95008E-01 1.29374E-02 2.71066E-03 
2.90009E-01 1.17804E-02 3.91766E-03 
2.85182E-01 1.05486E-02 5.84264E-03 
2.79889E-01 9.44877E-03 9.01545E-03 
2.74203E-01 8.46506E-03 1.44295E-02 
2.68215E-01 7.58385E-03 2.40055E-02 
2.62071E-01 6.79501E-03 4.15349E-02 
2.56110E-01 6.09356E-03 7.45285E-02 
2.51278E-01 5.48902E-03 1.37239E-01 
2.50367E-01 5.02287E-03 2.52483E-01 
2.59633E-01 4.78581E-03 4.40085E-01 
2.84067E-01 4.81230E-03 6.75096E-01 
3.12608E-01 4.86460E-03 8.69644E-01 
3.26698E-01 4.66501E-03 9.62823E-01 
3.02055E-01 3.79737E-02 2.01658E-04 
3.03462E-01 3.43299E-02 2.35340E-04 
2.99038E-01 3.29696E-02 2.77124E-04 
3.00114E-01 2.97084E-02 3.29624E-04 
3.00500E-01 2.66876E-02 3.96702E-04 
3.00187E-01 2.39059E-02 4.83586E-04 
2.99171E-01 2.13653E-02 5.97874E-04 
2.97907E-01 1.95635E-02 7.11980E-04 
2.97461E-01 1.90632E-02 7.50669E-04 
2.94867E-01 1.68398E-02 9.77914E-04 
2.91540E-01 1.48706E-02 1.30195E-03 
2.87539E-01 1.31365E-02 1.77525E-03 
2.82934E-01 1.16154E-02 2.48525E-03 
2.77411E-01 1.04897E-02 3.57993E-03 
2.71982E-01 9.34761E-03 5.32095E-03 
2.66121E-01 8.33809E-03 8.18346E-03 
2.59906E-01 7.44358E-03 1.30537E-02 
2.53435E-01 6.64839E-03 2.16420E-02 
2.46851E-01 5.94087E-03 3.73162E-02 
2.40471E-01 5.31506E-03 6.67233E-02 
2.35185E-01 4.77713E-03 1.22432E-01 
2.33581E-01 4.36203E-03 2.24471E-01 
2.41437E-01 4.14689E-03 3.89887E-01 
2.63281E-01 4.16003E-03 5.95993E-01 
2.88775E-01 4.19537E-03 7.65041E-01 
3.00815E-01 4.01424E-03 8.44029E-01 
2.94052E-01 3.74328E-02 1.90466E-04 
2.95201E-01 3.36437E-02 2.21658E-04 
2.91104E-01 3.16811E-02 2.60310E-04 
2.91737E-01 2.83663E-02 3.08790E-04 
2.91683E-01 2.53005E-02 3.70584E-04 
2.90898E-01 2.24947E-02 4.50457E-04 
2.89377E-01 1.99498E-02 5.55253E-04 
2.87710E-01 1.81570E-02 6.59690E-04 
2.87140E-01 1.76618E-02 6.95068E-04 
2.83967E-01 1.54717E-02 9.02452E-04 
2.80055E-01 1.35518E-02 1.19738E-03 
2.75478E-01 1.18794E-02 1.62720E-03 
2.70309E-01 1.04295E-02 2.26993E-03 
2.64330E-01 9.33631E-03 3.25877E-03 
2.58379E-01 8.27411E-03 4.82739E-03 
2.52033E-01 7.34596E-03 7.39782E-03 
2.45378E-01 6.53161E-03 1.17601E-02 
2.38511E-01 5.81402E-03 1.94288E-02 
2.31576E-01 5.18002E-03 3.33804E-02 
2.24868E-01 4.62245E-03 5.94784E-02 
2.19218E-01 4.14473E-03 1.08752E-01 
2.17019E-01 3.77592E-03 1.98680E-01 
2.23582E-01 3.58130E-03 3.43868E-01 
2.43000E-01 3.58390E-03 5.23780E-01 
2.65645E-01 3.60557E-03 6.69943E-01 
2.75819E-01 3.44183E-03 7.36470E-01 
2.85470E-01 3.71227E-02 1.79629E-04 
2.86366E-01 3.31756E-02 2.08465E-04 
2.82555E-01 3.06974E-02 2.44117E-04 
2.82781E-01 2.72863E-02 2.88745E-04 
2.82260E-01 2.41523E-02 3.45482E-04 
2.80986E-01 2.13021E-02 4.18639E-04 
2.78972E-01 1.87357E-02 5.14437E-04 
2.76919E-01 1.69410E-02 6.09683E-04 
2.76238E-01 1.64470E-02 6.41907E-04 
2.72528E-01 1.42763E-02 8.30585E-04 
2.68084E-01 1.23929E-02 1.09822E-03 
2.62988E-01 1.07708E-02 1.48714E-03 
2.57327E-01 9.38111E-03 2.06731E-03 
2.50961E-01 8.31975E-03 2.95762E-03 
2.44570E-01 7.32748E-03 4.36592E-03 
2.37829E-01 6.47080E-03 6.66766E-03 
2.30826E-01 5.72746E-03 1.05620E-02 
2.23658E-01 5.07893E-03 1.73878E-02 
2.16463E-01 4.51060E-03 2.97677E-02 
2.09522E-01 4.01369E-03 5.28549E-02 
2.03602E-01 3.58974E-03 9.63037E-02 
2.00910E-01 3.26240E-03 1.75302E-01 
2.06313E-01 3.08671E-03 3.02335E-01 
2.23491E-01 3.08124E-03 4.58884E-01 
2.43512E-01 3.09212E-03 5.84840E-01 
2.52016E-01 2.94460E-03 6.40629E-01 
2.76152E-01 3.70069E-02 1.68957E-04 
2.76744E-01 3.28821E-02 1.95505E-04 
2.73227E-01 2.99405E-02 2.28266E-04 
2.73059E-01 2.64213E-02 2.69203E-04 
2.72123E-01 2.32053E-02 3.21138E-04 
2.70415E-01 2.02968E-02 3.87943E-04 
2.67944E-01 1.76950E-02 4.75168E-04 
2.65530E-01 1.58881E-02 5.61752E-04 
2.64749E-01 1.53923E-02 5.91000E-04 
2.60541E-01 1.32280E-02 7.61965E-04 
2.55616E-01 1.13699E-02 1.00385E-03 
2.50064E-01 9.78770E-03 1.35443E-03 
2.43977E-01 8.44882E-03 1.87600E-03 
2.37291E-01 7.41846E-03 2.67445E-03 
2.30549E-01 6.48748E-03 3.93410E-03 
2.23502E-01 5.69431E-03 5.98696E-03 
2.16240E-01 5.01457E-03 9.44984E-03 
2.08862E-01 4.42782E-03 1.55020E-02 
2.01497E-01 3.91836E-03 2.64469E-02 
1.94413E-01 3.47589E-03 4.67901E-02 
1.88314E-01 3.10020E-03 8.49501E-02 
1.85225E-01 2.81023E-03 1.54089E-01 
1.89585E-01 2.65215E-03 2.64802E-01 
2.04694E-01 2.64061E-03 4.00487E-01 
2.22297E-01 2.64317E-03 5.08605E-01 
2.29310E-01 2.51078E-03 5.55137E-01 
2.66214E-01 3.70730E-02 1.58513E-04 
2.66474E-01 3.27446E-02 1.82840E-04 
2.63202E-01 2.93880E-02 2.12816E-04 
2.62622E-01 2.57449E-02 2.50218E-04 
2.61268E-01 2.24289E-02 2.97539E-04 
2.59137E-01 1.94474E-02 3.58252E-04 
2.56253E-01 1.67990E-02 4.37382E-04 
2.53525E-01 1.49717E-02 5.15737E-04 
2.52648E-01 1.44729E-02 5.42186E-04 
2.48014E-01 1.23057E-02 6.96472E-04 
2.42684E-01 1.04642E-02 9.14209E-04 
2.36752E-01 8.91423E-03 1.22896E-03 
2.30322E-01 7.61886E-03 1.69596E-03 
2.23392E-01 6.61848E-03 2.40917E-03 
2.16386E-01 5.74171E-03 3.53126E-03 
2.09122E-01 5.00522E-03 5.35477E-03 
2.01693E-01 4.38235E-03 8.42187E-03 
1.94192E-01 3.85109E-03 1.37668E-02 
1.86748E-01 3.39434E-03 2.34039E-02 
1.79604E-01 3.00094E-03 4.12582E-02 
1.73410E-01 2.66863E-03 7.46378E-02 
1.70013E-01 2.41240E-03 1.34911E-01 
1.73449E-01 2.27065E-03 2.31020E-01 
1.86655E-01 2.25475E-03 3.48156E-01 
2.02040E-01 2.25100E-03 4.40581E-01 
2.07733E-01 2.13277E-03 4.79178E-01 
2.55698E-01 3.72943E-02 1.48302E-04 
2.55604E-01 3.27435E-02 1.70495E-04 
2.52505E-01 2.90149E-02 1.97799E-04 
2.51513E-01 2.52240E-02 2.31792E-04 
2.49763E-01 2.17946E-02 2.74719E-04 
2.47251E-01 1.87300E-02 3.29677E-04 
2.43992E-01 1.60249E-02 4.01117E-04 
2.40979E-01 1.41708E-02 4.71695E-04 
2.40022E-01 1.36666E-02 4.95487E-04 
2.35015E-01 1.14889E-02 6.34115E-04 
2.29341E-01 9.65746E-03 8.29202E-04 
2.23103E-01 8.13363E-03 1.11045E-03 
2.16407E-01 6.87607E-03 1.52669E-03 
2.09303E-01 5.90490E-03 2.16081E-03 
2.02119E-01 5.07663E-03 3.15573E-03 
1.94726E-01 4.39115E-03 4.76835E-03 
1.87214E-01 3.81978E-03 7.47280E-03 
1.79677E-01 3.33871E-03 1.21717E-02 
1.72235E-01 2.92968E-03 2.06169E-02 
1.65112E-01 2.58054E-03 3.62175E-02 
1.58902E-01 2.28740E-03 6.52866E-02 
1.55284E-01 2.06176E-03 1.17587E-01 
1.57902E-01 1.93520E-03 2.00643E-01 
1.69364E-01 1.91636E-03 3.01306E-01 
1.82718E-01 1.90798E-03 3.79935E-01 
1.87248E-01 1.80303E-03 4.11754E-01 
2.44702E-01 3.76394E-02 1.38371E-04 
2.44240E-01 3.28493E-02 1.58525E-04 
2.41250E-01 2.87800E-02 1.83279E-04 
2.39876E-01 2.48309E-02 2.14046E-04 
2.37728E-01 2.12747E-02 2.52784E-04 
2.34841E-01 1.81163E-02 3.02270E-04 
2.31240E-01 1.53482E-02 3.66451E-04 
2.27979E-01 1.34635E-02 4.29741E-04 
2.26953E-01 1.29529E-02 4.51052E-04 
2.21633E-01 1.07603E-02 5.74973E-04 
2.15685E-01 8.93504E-03 7.48943E-04 
2.09211E-01 7.43338E-03 9.99107E-04 
2.02325E-01 6.20973E-03 1.36827E-03 
1.95122E-01 5.26740E-03 1.92946E-03 
1.87845E-01 4.48324E-03 2.80767E-03 
1.80405E-01 3.84433E-03 4.22672E-03 
1.72895E-01 3.31970E-03 6.60041E-03 
1.65403E-01 2.88420E-03 1.07120E-02 
1.58041E-01 2.51847E-03 1.80796E-02 
1.51014E-01 2.20928E-03 3.16474E-02 
1.44862E-01 1.95152E-03 5.68477E-02 
1.41100E-01 1.75358E-03 1.02020E-01 
1.43008E-01 1.64115E-03 1.73464E-01 
1.52879E-01 1.62056E-03 2.59566E-01 
1.64384E-01 1.60899E-03 3.26138E-01 
1.67903E-01 1.51642E-03 3.52198E-01 
2.33330E-01 3.80758E-02 1.28763E-04 
2.32494E-01 3.30331E-02 1.46978E-04 
2.29549E-01 2.86487E-02 1.69306E-04 
2.27785E-01 2.45308E-02 1.97015E-04 
2.25287E-01 2.08426E-02 2.31821E-04 
2.22051E-01 1.75852E-02 2.76153E-04 
2.18126E-01 1.47491E-02 3.33509E-04 
2.14648E-01 1.28314E-02 3.89958E-04 
2.13563E-01 1.23143E-02 4.08948E-04 
2.07988E-01 1.01048E-02 5.19191E-04 
2.01823E-01 8.28364E-03 6.73530E-04 
1.95182E-01 6.80222E-03 8.94889E-04 
1.88182E-01 5.61013E-03 1.22074E-03 
1.80949E-01 4.69663E-03 1.71490E-03 
1.73656E-01 3.95335E-03 2.48615E-03 
1.66250E-01 3.35723E-03 3.72908E-03 
1.58819E-01 2.87544E-03 5.80187E-03 
1.51446E-01 2.48150E-03 9.38218E-03 
1.44234E-01 2.15506E-03 1.57790E-02 
1.37371E-01 1.88206E-03 2.75208E-02 
1.31343E-01 1.65627E-03 4.92580E-02 
1.27512E-01 1.48339E-03 8.80874E-02 
1.28807E-01 1.38407E-03 1.49241E-01 
1.37237E-01 1.36272E-03 2.22526E-01 
1.47073E-01 1.34917E-03 2.78608E-01 
1.49719E-01 1.26806E-03 2.99799E-01 
2.21673E-01 3.85691E-02 1.19499E-04 
2.20475E-01 3.32661E-02 1.35891E-04 
2.17509E-01 2.85897E-02 1.55928E-04 
2.15367E-01 2.42948E-02 1.80747E-04 
2.12535E-01 2.04709E-02 2.11859E-04 
2.08995E-01 1.71135E-02 2.51380E-04 
2.04784E-01 1.42090E-02 3.02360E-04 
2.01110E-01 1.22580E-02 3.52428E-04 
1.99972E-01 1.17340E-02 3.69251E-04 
1.94187E-01 9.50795E-03 4.66781E-04 
1.87867E-01 7.69133E-03 6.02978E-04 
1.81126E-01 6.23000E-03 7.97808E-04 
1.74080E-01 5.06849E-03 1.08389E-03 
1.66880E-01 4.18427E-03 1.51672E-03 
1.59643E-01 3.47939E-03 2.19046E-03 
1.52341E-01 2.92315E-03 3.27336E-03 
1.45058E-01 2.48103E-03 5.07397E-03 
1.37871E-01 2.12516E-03 8.17531E-03 
1.30874E-01 1.83447E-03 1.36999E-02 
1.24236E-01 1.59429E-03 2.38084E-02 
1.18391E-01 1.39738E-03 4.24605E-02 
1.14555E-01 1.24716E-03 7.56621E-02 
1.15331E-01 1.15998E-03 1.27732E-01 
1.22466E-01 1.13867E-03 1.89778E-01 
1.30800E-01 1.12412E-03 2.36763E-01 
1.32706E-01 1.05359E-03 2.53860E-01 
2.09901E-01 3.90937E-02 1.10651E-04 
2.08322E-01 3.35204E-02 1.25317E-04 
2.05282E-01 2.85711E-02 1.43210E-04 
2.02783E-01 2.40977E-02 1.65324E-04 
1.99621E-01 2.01363E-02 1.92969E-04 
1.95806E-01 1.66809E-02 2.28012E-04 
1.91353E-01 1.37114E-02 2.73100E-04 
1.87516E-01 1.17295E-02 3.17273E-04 
1.86335E-01 1.11994E-02 3.32097E-04 
1.80384E-01 8.95923E-03 4.17903E-04 
1.73960E-01 7.14926E-03 5.37427E-04 
1.67175E-01 5.70913E-03 7.07992E-04 
1.60146E-01 4.57837E-03 9.57778E-04 
1.53037E-01 3.72425E-03 1.33488E-03 
1.45921E-01 3.05615E-03 1.92038E-03 
1.38788E-01 2.53748E-03 2.85869E-03 
1.31715E-01 2.13209E-03 4.41484E-03 
1.24774E-01 1.81120E-03 7.08706E-03 
1.18047E-01 1.55305E-03 1.18324E-02 
1.11686E-01 1.34255E-03 2.04897E-02 
1.06075E-01 1.17161E-03 3.64110E-02 
1.02294E-01 1.04183E-03 6.46496E-02 
1.02640E-01 9.65821E-04 1.08752E-01 
1.08620E-01 9.45164E-04 1.61002E-01 
1.15616E-01 9.30365E-04 2.00144E-01 
1.16902E-01 8.69546E-04 2.13831E-01 
1.98089E-01 3.96230E-02 1.02212E-04 
1.96141E-01 3.37762E-02 1.15268E-04 
1.92975E-01 2.85679E-02 1.31153E-04 
1.90120E-01 2.39150E-02 1.50733E-04 
1.86648E-01 1.98189E-02 1.75152E-04 
1.82572E-01 1.62692E-02 2.06033E-04 
1.77910E-01 1.32398E-02 2.45662E-04 
1.73942E-01 1.12313E-02 2.84398E-04 
1.72730E-01 1.06962E-02 2.97383E-04 
1.66662E-01 8.44713E-03 3.72422E-04 
1.60181E-01 6.64747E-03 4.76674E-04 
1.53400E-01 5.23094E-03 6.25055E-04 
1.46439E-01 4.13203E-03 8.41814E-04 
1.39474E-01 3.30932E-03 1.16835E-03 
1.32539E-01 2.67714E-03 1.67404E-03 
1.25633E-01 2.19428E-03 2.48231E-03 
1.18827E-01 1.82330E-03 3.81891E-03 
1.12183E-01 1.53471E-03 6.10750E-03 
1.05776E-01 1.30631E-03 1.01594E-02 
9.97364E-02 1.12266E-03 1.75287E-02 
9.44045E-02 9.75110E-04 3.10369E-02 
9.07295E-02 8.63710E-04 5.49078E-02 
9.07248E-02 7.97955E-04 9.20332E-02 
9.56806E-02 7.78426E-04 1.35761E-01 
1.01493E-01 7.63970E-04 1.68160E-01 
1.02268E-01 7.12021E-04 1.79014E-01 
1.86457E-01 4.01244E-02 9.42828E-05 
1.84167E-01 3.40091E-02 1.05861E-04 
1.80842E-01 2.85584E-02 1.19898E-04 
1.77653E-01 2.37314E-02 1.37156E-04 
1.73878E-01 1.95057E-02 1.58607E-04 
1.69562E-01 1.58686E-02 1.85676E-04 
1.64716E-01 1.27868E-02 2.20327E-04 
1.60642E-01 1.07572E-02 2.54123E-04 
1.59405E-01 1.02187E-02 2.65441E-04 
1.53263E-01 7.96759E-03 3.30734E-04 
1.46773E-01 6.18352E-03 4.21215E-04 
1.40052E-01 4.79410E-03 5.49677E-04 
1.33210E-01 3.72876E-03 7.36871E-04 
1.26431E-01 2.93859E-03 1.01825E-03 
1.19723E-01 2.34143E-03 1.45291E-03 
1.13090E-01 1.89260E-03 2.14582E-03 
1.06593E-01 1.55371E-03 3.28845E-03 
1.00288E-01 1.29469E-03 5.23937E-03 
9.42367E-02 1.09314E-03 8.68351E-03 
8.85529E-02 9.33501E-04 1.49271E-02 
8.35327E-02 8.06748E-04 2.63343E-02 
8.00064E-02 7.11631E-04 4.64222E-02 
7.97277E-02 6.55126E-04 7.75302E-02 
8.37929E-02 6.37050E-04 1.13957E-01 
8.85762E-02 6.23369E-04 1.40647E-01 
8.89445E-02 5.79368E-04 1.49187E-01 
1.74904E-01 4.05870E-02 8.67408E-05 
1.72287E-01 3.42046E-02 9.69432E-05 
1.68771E-01 2.85215E-02 1.09257E-04 
1.65276E-01 2.35272E-02 1.24365E-04 
1.61223E-01 1.91794E-02 1.43070E-04 
1.56668E-01 1.54612E-02 1.66598E-04 
1.51655E-01 1.23349E-02 1.96655E-04 
1.47494E-01 1.02906E-02 2.25902E-04 
1.46239E-01 9.75052E-03 2.35687E-04 
1.40046E-01 7.50451E-03 2.92028E-04 
1.33585E-01 5.74250E-03 3.69923E-04 
1.26968E-01 4.38511E-03 4.80263E-04 
1.20298E-01 3.35650E-03 6.40666E-04 
1.13757E-01 2.60108E-03 8.81289E-04 
1.07326E-01 2.03917E-03 1.25205E-03 
1.01012E-01 1.62354E-03 1.84148E-03 
9.48671E-02 1.31513E-03 2.81075E-03 
8.89386E-02 1.08368E-03 4.46096E-03 
8.32774E-02 9.06770E-04 7.36527E-03 
7.79803E-02 7.68912E-04 1.26142E-02 
7.33022E-02 6.60846E-04 2.21721E-02 
6.99621E-02 5.80354E-04 3.89416E-02 
6.94738E-02 5.32283E-04 6.47997E-02 
7.27591E-02 5.15892E-04 9.48979E-02 
7.66410E-02 5.03299E-04 1.16696E-01 
7.66880E-02 4.66487E-04 1.23331E-01 
1.63625E-01 4.09882E-02 7.96650E-05 
1.60685E-01 3.43427E-02 8.85980E-05 
1.56991E-01 2.84459E-02 9.93497E-05 
1.53184E-01 2.32888E-02 1.12469E-04 
1.48875E-01 1.88296E-02 1.28668E-04 
1.44116E-01 1.50422E-02 1.48982E-04 
1.38960E-01 1.18816E-02 1.74865E-04 
1.34739E-01 9.83032E-03 2.00010E-04 
1.33470E-01 9.29057E-03 2.08405E-04 
1.27258E-01 7.05849E-03 2.56674E-04 
1.20860E-01 5.32522E-03 3.23255E-04 
1.14382E-01 4.00450E-03 4.17355E-04 
1.07922E-01 3.01545E-03 5.53853E-04 
1.01652E-01 2.29655E-03 7.58203E-04 
9.55347E-02 1.76990E-03 1.07229E-03 
8.95744E-02 1.38647E-03 1.57036E-03 
8.38144E-02 1.10687E-03 2.38713E-03 
7.82903E-02 9.00887E-04 3.77362E-03 
7.30434E-02 7.46362E-04 6.20637E-03 
6.81528E-02 6.27980E-04 1.05894E-02 
6.38363E-02 5.36482E-04 1.85441E-02 
6.07110E-02 4.68912E-04 3.24485E-02 
6.00729E-02 4.28398E-04 5.37961E-02 
6.26892E-02 4.13811E-04 7.84934E-02 
6.57975E-02 4.02506E-04 9.61672E-02 
6.56021E-02 3.72075E-04 1.01261E-01 
1.52706E-01 4.13187E-02 7.30609E-05 
1.49443E-01 3.44123E-02 8.08221E-05 
1.45549E-01 2.83141E-02 9.01389E-05 
1.41485E-01 2.30104E-02 1.01469E-04 
1.36934E-01 1.84500E-02 1.15387E-04 
1.31984E-01 1.46039E-02 1.32783E-04 
1.26702E-01 1.14200E-02 1.54889E-04 
1.22438E-01 9.36988E-03 1.76330E-04 
1.21166E-01 8.83296E-03 1.83485E-04 
1.14983E-01 6.62527E-03 2.24543E-04 
1.08680E-01 4.92791E-03 2.81024E-04 
1.02370E-01 3.64871E-03 3.60662E-04 
9.61474E-02 2.70213E-03 4.75924E-04 
9.01761E-02 2.02147E-03 6.48182E-04 
8.44021E-02 1.53021E-03 9.12332E-04 
7.88232E-02 1.17811E-03 1.33011E-03 
7.34711E-02 9.25766E-04 2.01339E-03 
6.83711E-02 7.43312E-04 3.16989E-03 
6.35533E-02 6.09043E-04 5.19310E-03 
5.90821E-02 5.08051E-04 8.82636E-03 
5.51396E-02 4.31176E-04 1.53979E-02 
5.22506E-02 3.74953E-04 2.68430E-02 
5.15146E-02 3.41162E-04 4.43363E-02 
5.35635E-02 3.28422E-04 6.44493E-02 
5.60153E-02 3.18520E-04 7.86671E-02 
5.56457E-02 2.93698E-04 8.25240E-02 
1.42197E-01 4.15679E-02 6.69167E-05 
1.38625E-01 3.44071E-02 7.36077E-05 
1.34527E-01 2.81194E-02 8.16169E-05 
1.30219E-01 2.26810E-02 9.13214E-05 
1.25450E-01 1.80319E-02 1.03176E-04 
1.20336E-01 1.41407E-02 1.17943E-04 
1.14958E-01 1.09466E-02 1.36665E-04 
1.10659E-01 8.90544E-03 1.54776E-04 
1.09385E-01 8.37332E-03 1.60812E-04 
1.03241E-01 6.19876E-03 1.95405E-04 
9.70759E-02 4.54588E-03 2.42924E-04 
9.09851E-02 3.31448E-03 3.09820E-04 
8.50412E-02 2.41384E-03 4.06418E-04 
7.93947E-02 1.77312E-03 5.50500E-04 
7.39829E-02 1.31728E-03 7.70910E-04 
6.88010E-02 9.95586E-04 1.11859E-03 
6.38695E-02 7.68974E-04 1.68568E-03 
5.92033E-02 6.08212E-04 2.64277E-03 
5.48215E-02 4.92242E-04 4.31202E-03 
5.07736E-02 4.06687E-04 7.30014E-03 
4.72099E-02 3.42642E-04 1.26863E-02 
4.45716E-02 2.96325E-04 2.20315E-02 
4.37822E-02 2.68468E-04 3.62512E-02 
4.53559E-02 2.57555E-04 5.24968E-02 
4.72569E-02 2.49097E-04 6.38355E-02 
4.67710E-02 2.29167E-04 6.67110E-02 
1.32142E-01 4.17294E-02 6.12203E-05 
1.28287E-01 3.43243E-02 6.69431E-05 
1.23972E-01 2.78567E-02 7.37609E-05 
1.19446E-01 2.22969E-02 8.19989E-05 
1.14499E-01 1.75756E-02 9.20121E-05 
1.09251E-01 1.36535E-02 1.04434E-04 
1.03793E-01 1.04602E-02 1.20128E-04 
9.94791E-02 8.43622E-03 1.35278E-04 
9.82113E-02 7.91148E-03 1.40325E-04 
9.21556E-02 5.78118E-03 1.69231E-04 
8.61492E-02 4.17950E-03 2.08850E-04 
8.02817E-02 2.99974E-03 2.64491E-04 
7.46305E-02 2.14763E-03 3.44701E-04 
6.93290E-02 1.54843E-03 4.64170E-04 
6.43004E-02 1.12820E-03 6.46531E-04 
5.95308E-02 8.36118E-04 9.33466E-04 
5.50299E-02 6.33859E-04 1.40018E-03 
5.08025E-02 4.93085E-04 2.18563E-03 
4.68581E-02 3.93604E-04 3.55133E-03 
4.32312E-02 3.21690E-04 5.98819E-03 
4.00446E-02 2.68837E-04 1.03656E-02 
3.76646E-02 2.31104E-04 1.79309E-02 
3.68589E-02 2.08440E-04 2.93901E-02 
3.80405E-02 1.99285E-04 4.23969E-02 
3.94857E-02 1.92251E-04 5.13552E-02 
3.89319E-02 1.76549E-04 5.34613E-02 
1.22570E-01 4.17975E-02 5.59540E-05 
1.18453E-01 3.41583E-02 6.08016E-05 
1.13928E-01 2.75222E-02 6.65439E-05 
1.09196E-01 2.18536E-02 7.34571E-05 
1.04108E-01 1.70770E-02 8.18318E-05 
9.87444E-02 1.31364E-02 9.21567E-05 
9.32366E-02 9.95762E-03 1.05168E-04 
8.89381E-02 7.96100E-03 1.17713E-04 
8.76805E-02 7.44582E-03 1.21888E-04 
8.17314E-02 5.36878E-03 1.45777E-04 
7.59096E-02 3.82550E-03 1.78468E-04 
7.02972E-02 2.70265E-03 2.24306E-04 
6.49595E-02 1.90178E-03 2.90273E-04 
6.00167E-02 1.34529E-03 3.88403E-04 
5.53817E-02 9.60595E-04 5.37883E-04 
5.10307E-02 6.97239E-04 7.72524E-04 
4.69624E-02 5.17966E-04 1.15316E-03 
4.31715E-02 3.95564E-04 1.79190E-03 
3.96573E-02 3.10865E-04 2.89910E-03 
3.64434E-02 2.50969E-04 4.86814E-03 
3.36261E-02 2.07821E-04 8.39267E-03 
3.15061E-02 1.77475E-04 1.44606E-02 
3.07140E-02 1.59319E-04 2.36081E-02 
3.15771E-02 1.51819E-04 3.39217E-02 
3.26505E-02 1.46152E-04 4.09271E-02 
3.20681E-02 1.34071E-04 4.24374E-02 
1.13475E-01 4.17624E-02 5.10882E-05 
1.09133E-01 3.39050E-02 5.51534E-05 
1.04427E-01 2.71175E-02 5.99379E-05 
9.95141E-02 2.13539E-02 6.56683E-05 
9.43066E-02 1.65364E-02 7.25837E-05 
8.88643E-02 1.25929E-02 8.10610E-05 
8.33343E-02 9.44114E-03 9.17118E-05 
7.90676E-02 7.47994E-03 1.01968E-04 
7.78279E-02 6.97674E-03 1.05378E-04 
7.20075E-02 4.96191E-03 1.24881E-04 
6.63890E-02 3.48345E-03 1.51538E-04 
6.10547E-02 2.42186E-03 1.88892E-04 
5.60544E-02 1.67474E-03 2.42594E-04 
5.14830E-02 1.16188E-03 3.22396E-04 
4.72449E-02 8.12378E-04 4.43704E-04 
4.33115E-02 5.76757E-04 6.33669E-04 
3.96697E-02 4.19074E-04 9.41035E-04 
3.63051E-02 3.13487E-04 1.45532E-03 
3.32087E-02 2.42006E-04 2.34400E-03 
3.03926E-02 1.92619E-04 3.91920E-03 
2.79311E-02 1.57832E-04 6.72860E-03 
2.60669E-02 1.33797E-04 1.15459E-02 
2.53120E-02 1.19521E-04 1.87731E-02 
2.59210E-02 1.13553E-04 2.68650E-02 
2.66960E-02 1.09170E-04 3.22818E-02 
2.61155E-02 1.00162E-04 3.33373E-02 
1.04888E-01 4.16290E-02 4.66111E-05 
1.00358E-01 3.35697E-02 4.99808E-05 
9.54853E-02 2.66438E-02 5.39091E-05 
9.04188E-02 2.07998E-02 5.85889E-05 
8.51078E-02 1.59543E-02 6.42073E-05 
7.96310E-02 1.20246E-02 7.10741E-05 
7.41131E-02 8.91284E-03 7.96666E-05 
6.98940E-02 6.99468E-03 8.79262E-05 
6.86756E-02 6.50540E-03 9.06710E-05 
6.30127E-02 4.56153E-03 1.06381E-04 
5.76312E-02 3.15436E-03 1.27859E-04 
5.25946E-02 2.15758E-03 1.57946E-04 
4.79337E-02 1.46544E-03 2.01142E-04 
4.37304E-02 9.96394E-04 2.65281E-04 
3.98884E-02 6.81556E-04 3.62639E-04 
3.63662E-02 4.72568E-04 5.14766E-04 
3.31405E-02 3.35100E-04 7.60273E-04 
3.01876E-02 2.44851E-04 1.16988E-03 
2.74914E-02 1.85136E-04 1.87547E-03 
2.50533E-02 1.44895E-04 3.12182E-03 
2.29295E-02 1.17266E-04 5.33658E-03 
2.13124E-02 9.85826E-05 9.11837E-03 
2.06117E-02 8.76203E-05 1.47639E-02 
2.10221E-02 8.30489E-05 2.10392E-02 
2.15622E-02 7.98510E-05 2.51755E-02 
2.10066E-02 7.34273E-05 2.58897E-02 
9.68001E-02 4.13997E-02 4.24940E-05 
9.20905E-02 3.31469E-02 4.52355E-05 
8.70907E-02 2.61024E-02 4.84101E-05 
8.18993E-02 2.01927E-02 5.21610E-05 
7.65210E-02 1.53355E-02 5.66438E-05 
7.10292E-02 1.14321E-02 6.20961E-05 
6.55557E-02 8.37310E-03 6.89029E-05 
6.14123E-02 6.50653E-03 7.54426E-05 
6.02229E-02 6.03332E-03 7.76161E-05 
5.47362E-02 4.16775E-03 9.00532E-05 
4.96112E-02 2.83710E-03 1.07098E-04 
4.48828E-02 1.90792E-03 1.30977E-04 
4.05744E-02 1.27217E-03 1.65263E-04 
3.67452E-02 8.47145E-04 2.16164E-04 
3.32932E-02 5.66205E-04 2.93309E-04 
3.01708E-02 3.82654E-04 4.13615E-04 
2.73454E-02 2.64034E-04 6.07291E-04 
2.47851E-02 1.87730E-04 9.29493E-04 
2.24667E-02 1.38444E-04 1.48275E-03 
2.03839E-02 1.06144E-04 2.45655E-03 
1.85764E-02 8.46142E-05 4.18038E-03 
1.71940E-02 7.04455E-05 7.11129E-03 
1.65593E-02 6.22974E-05 1.14637E-02 
1.68177E-02 5.89861E-05 1.62649E-02 
1.71760E-02 5.68667E-05 1.93772E-02 
1.66617E-02 5.26048E-05 1.98401E-02 
8.92641E-02 4.10742E-02 3.87436E-05 
8.44020E-02 3.26442E-02 4.09308E-05 
7.93051E-02 2.54996E-02 4.34471E-05 
7.40247E-02 1.95422E-02 4.63910E-05 
6.85984E-02 1.46859E-02 4.98827E-05 
6.31314E-02 1.08245E-02 5.41254E-05 
5.77291E-02 7.82923E-03 5.94050E-05 
5.36819E-02 6.02123E-03 6.44818E-05 
5.25280E-02 5.56595E-03 6.61717E-05 
4.72488E-02 3.78588E-03 7.58557E-05 
4.23884E-02 2.53490E-03 8.91599E-05 
3.79769E-02 1.67496E-03 1.07842E-04 
3.40234E-02 1.09575E-03 1.34699E-04 
3.05628E-02 7.13954E-04 1.74597E-04 
2.74915E-02 4.65650E-04 2.35018E-04 
2.47525E-02 3.06044E-04 3.29073E-04 
2.23044E-02 2.04726E-04 4.80125E-04 
2.01095E-02 1.40913E-04 7.30679E-04 
1.81399E-02 1.00745E-04 1.15952E-03 
1.63827E-02 7.52314E-05 1.91155E-03 
1.48642E-02 5.88225E-05 3.23757E-03 
1.36986E-02 4.84034E-05 5.48203E-03 
1.31360E-02 4.26086E-05 8.79679E-03 
1.32824E-02 4.04143E-05 1.24240E-02 
1.35044E-02 3.92603E-05 1.47336E-02 
1.30414E-02 3.67765E-05 1.50170E-02 
8.21688E-02 4.06525E-02 3.52872E-05 
7.71867E-02 3.20612E-02 3.69835E-05 
7.20083E-02 2.48300E-02 3.89141E-05 
6.66817E-02 1.88445E-02 4.11566E-05 
6.12427E-02 1.40052E-02 4.37884E-05 
5.58232E-02 1.01980E-02 4.69806E-05 
5.05303E-02 7.27914E-03 5.09580E-05 
4.65956E-02 5.53613E-03 5.47831E-05 
4.54812E-02 5.10033E-03 5.60598E-05 
4.04394E-02 3.41273E-03 6.34207E-05 
3.58635E-02 2.24525E-03 7.35787E-05 
3.17746E-02 1.45588E-03 8.78922E-05 
2.81761E-02 9.33229E-04 1.08536E-04 
2.50837E-02 5.94099E-04 1.39293E-04 
2.23820E-02 3.77258E-04 1.85844E-04 
2.00080E-02 2.40210E-04 2.58186E-04 
1.79145E-02 1.54844E-04 3.74087E-04 
1.60596E-02 1.02287E-04 5.65772E-04 
1.44111E-02 7.01436E-05 8.92713E-04 
1.29522E-02 5.04771E-05 1.46395E-03 
1.16972E-02 3.83964E-05 2.46686E-03 
1.07311E-02 3.11142E-05 4.15632E-03 
1.02433E-02 2.73021E-05 6.63673E-03 
1.03086E-02 2.61048E-05 9.32729E-03 
1.04302E-02 2.58229E-05 1.10070E-02 
1.00236E-02 2.48103E-05 1.11637E-02 
7.55529E-02 4.01391E-02 3.21287E-05 
7.04894E-02 3.14081E-02 3.33984E-05 
6.52537E-02 2.41063E-02 3.48175E-05 
5.99122E-02 1.81100E-02 3.64546E-05 
5.44951E-02 1.33034E-02 3.83516E-05 
4.91514E-02 9.56259E-03 4.06509E-05 
4.39961E-02 6.73057E-03 4.35322E-05 
4.02019E-02 5.05922E-03 4.63191E-05 
3.91342E-02 4.64446E-03 4.72538E-05 
3.43401E-02 3.05306E-03 5.26738E-05 
3.00634E-02 1.97130E-03 6.02373E-05 
2.63119E-02 1.25311E-03 7.09867E-05 
2.30662E-02 7.85973E-04 8.65614E-05 
2.03226E-02 4.87665E-04 1.09836E-04 
1.79689E-02 3.00480E-04 1.45085E-04 
1.59350E-02 1.84317E-04 1.99803E-04 
1.41683E-02 1.13424E-04 2.87276E-04 
1.26231E-02 7.08591E-05 4.31521E-04 
1.12644E-02 4.56820E-05 6.76647E-04 
1.00722E-02 3.09825E-05 1.10326E-03 
9.05186E-03 2.25138E-05 1.84882E-03 
8.26453E-03 1.78221E-05 3.09823E-03 
7.85034E-03 1.56622E-05 4.92074E-03 
7.85952E-03 1.53461E-05 6.87864E-03 
7.90974E-03 1.58414E-05 8.07401E-03 
7.56080E-03 1.60351E-05 8.14528E-03 
6.93810E-02 3.95297E-02 2.92389E-05 
6.42713E-02 3.06836E-02 3.01386E-05 
5.90149E-02 2.33326E-02 3.11185E-05 
5.36857E-02 1.73421E-02 3.22347E-05 
4.83270E-02 1.25849E-02 3.35110E-05 
4.30878E-02 8.92277E-03 3.50584E-05 
3.80958E-02 6.18687E-03 3.70263E-05 
3.44614E-02 4.59266E-03 3.89562E-05 
3.34453E-02 4.20015E-03 3.96096E-05 
2.89210E-02 2.70897E-03 4.34433E-05 
2.49545E-02 1.71408E-03 4.88949E-05 
2.15392E-02 1.06630E-03 5.67510E-05 
1.86388E-02 6.53046E-04 6.82292E-05 
1.62314E-02 3.93607E-04 8.54823E-05 
1.42052E-02 2.34128E-04 1.11656E-04 
1.24857E-02 1.37106E-04 1.52261E-04 
1.10161E-02 7.92120E-05 2.17045E-04 
9.74875E-03 4.54369E-05 3.23543E-04 
8.64758E-03 2.62670E-05 5.03856E-04 
7.68962E-03 1.57598E-05 8.16199E-04 
6.87472E-03 1.02924E-05 1.35937E-03 
6.24451E-03 7.73208E-06 2.26432E-03 
5.89976E-03 6.94732E-06 3.57475E-03 
5.87206E-03 7.41156E-06 4.96705E-03 
5.87319E-03 8.60142E-06 5.79519E-03 
5.57984E-03 9.78297E-06 5.81147E-03 
6.36298E-02 3.88241E-02 2.65952E-05 
5.85118E-02 2.98918E-02 2.71784E-05 
5.32656E-02 2.25129E-02 2.77819E-05 
4.79790E-02 1.65466E-02 2.84557E-05 
4.27125E-02 1.18552E-02 2.92128E-05 
3.76079E-02 8.28405E-03 3.01370E-05 
3.28015E-02 5.65243E-03 3.13526E-05 
2.93452E-02 4.14012E-03 3.25869E-05 
2.83843E-02 3.77070E-03 3.30116E-05 
2.41489E-02 2.38264E-03 3.55698E-05 
2.04994E-02 1.47470E-03 3.93298E-05 
1.74185E-02 8.95764E-04 4.48793E-05 
1.48529E-02 5.34098E-04 5.31025E-05 
1.27646E-02 3.11182E-04 6.55832E-05 
1.10422E-02 1.77217E-04 8.45772E-05 
9.60874E-03 9.74844E-05 1.14048E-04 
8.40505E-03 5.11144E-05 1.60980E-04 
7.38283E-03 2.49913E-05 2.37876E-04 
6.50607E-03 1.09539E-05 3.67519E-04 
5.75066E-03 3.96919E-06 5.90925E-04 
5.11223E-03 9.85473E-07 9.77196E-04 
4.61736E-03 1.76597E-07 1.61636E-03 
4.33577E-03 5.38657E-07 2.53396E-03 
4.28523E-03 1.69735E-06 3.49605E-03 
4.25392E-03 3.51164E-06 4.05016E-03 
4.01173E-03 5.50371E-06 4.03321E-03 
5.82727E-02 3.80221E-02 2.41760E-05 
5.31745E-02 2.90305E-02 2.44871E-05 
4.79762E-02 2.16509E-02 2.47738E-05 
4.27622E-02 1.57280E-02 2.50759E-05 
3.76186E-02 1.11190E-02 2.54037E-05 
3.26782E-02 7.65103E-03 2.58192E-05 
2.80814E-02 5.13163E-03 2.64278E-05 
2.48172E-02 3.70485E-03 2.71057E-05 
2.39160E-02 3.35936E-03 2.73493E-05 
1.99824E-02 2.07589E-03 2.88990E-05 
1.66547E-02 1.25405E-03 3.13309E-05 
1.39024E-02 7.41637E-04 3.50749E-05 
1.16604E-02 4.28835E-04 4.07667E-05 
9.87070E-03 2.39645E-04 4.95287E-05 
8.42638E-03 1.28810E-04 6.29385E-05 
7.24898E-03 6.44575E-05 8.37660E-05 
6.27908E-03 2.81676E-05 1.16871E-04 
5.46922E-03 8.62937E-06 1.70909E-04 
4.78430E-03 -1.06005E-06 2.61552E-04 
4.20068E-03 -5.10038E-06 4.16797E-04 
3.71076E-03 -6.03273E-06 6.83303E-04 
3.32992E-03 -5.40061E-06 1.12056E-03 
3.10379E-03 -4.07663E-06 1.74148E-03 
3.04010E-03 -2.29408E-06 2.38151E-03 
2.98820E-03 8.65846E-08 2.73458E-03 
2.79120E-03 2.74776E-06 2.69954E-03 
5.32764E-02 3.71166E-02 2.19587E-05 
4.82282E-02 2.80973E-02 2.20384E-05 
4.31161E-02 2.07486E-02 2.20633E-05 
3.80086E-02 1.48915E-02 2.20593E-05 
3.30138E-02 1.03807E-02 2.20358E-05 
2.82659E-02 7.02828E-03 2.20450E-05 
2.38994E-02 4.62813E-03 2.21728E-05 
2.08398E-02 3.28987E-03 2.24160E-05 
2.00020E-02 2.96893E-03 2.25198E-05 
1.63804E-02 1.79062E-03 2.32924E-05 
1.33757E-02 1.05303E-03 2.47068E-05 
1.09436E-02 6.04074E-04 2.70715E-05 
9.00646E-03 3.36691E-04 3.08259E-05 
7.49273E-03 1.78191E-04 3.67468E-05 
6.30001E-03 8.80196E-05 4.58972E-05 
5.34909E-03 3.71482E-05 6.01419E-05 
4.58154E-03 9.54393E-06 8.27358E-05 
3.95214E-03 -4.40084E-06 1.19441E-04 
3.42777E-03 -1.04413E-05 1.80587E-04 
2.98664E-03 -1.20330E-05 2.84504E-04 
2.61881E-03 -1.12721E-05 4.61174E-04 
2.33165E-03 -9.44998E-06 7.47710E-04 
2.15243E-03 -7.31185E-06 1.14849E-03 
2.08180E-03 -4.96253E-06 1.55170E-03 
2.01726E-03 -2.06279E-06 1.76014E-03 
1.85864E-03 1.15524E-06 1.71706E-03 
4.85823E-02 3.60873E-02 1.99113E-05 
4.36250E-02 2.70851E-02 1.98002E-05 
3.86324E-02 1.98004E-02 1.96099E-05 
3.36667E-02 1.40356E-02 1.93582E-05 
2.88509E-02 9.64168E-03 1.90547E-05 
2.43223E-02 6.41763E-03 1.87461E-05 
2.02060E-02 4.14383E-03 1.85029E-05 
1.73617E-02 2.89660E-03 1.84154E-05 
1.65895E-02 2.60056E-03 1.84132E-05 
1.32874E-02 1.52726E-03 1.86025E-05 
1.06047E-02 8.71550E-04 1.92596E-05 
8.48148E-03 4.82527E-04 2.05959E-05 
6.83150E-03 2.56972E-04 2.29074E-05 
5.57099E-03 1.25999E-04 2.67077E-05 
4.60148E-03 5.39574E-05 3.26665E-05 
3.84661E-03 1.47032E-05 4.19781E-05 
3.25071E-03 -5.52168E-06 5.67088E-05 
2.77170E-03 -1.47651E-05 8.04766E-05 
2.37910E-03 -1.77609E-05 1.19671E-04 
2.05357E-03 -1.73190E-05 1.85525E-04 
1.78391E-03 -1.51538E-05 2.95852E-04 
1.57182E-03 -1.23397E-05 4.71617E-04 
1.43086E-03 -9.50221E-06 7.11596E-04 
1.35677E-03 -6.63032E-06 9.43473E-04 
1.28456E-03 -3.24860E-06 1.04977E-03 
1.15731E-03 4.38180E-07 1.00496E-03 
4.41699E-02 3.49143E-02 1.80205E-05 
3.93484E-02 2.59867E-02 1.77578E-05 
3.45101E-02 1.88057E-02 1.73959E-05 
2.97232E-02 1.31648E-02 1.69517E-05 
2.51153E-02 8.90780E-03 1.64331E-05 
2.08302E-02 5.82503E-03 1.58863E-05 
1.69827E-02 3.68418E-03 1.53704E-05 
1.43609E-02 2.52944E-03 1.50425E-05 
1.36556E-02 2.25829E-03 1.49640E-05 
1.06759E-02 1.28850E-03 1.47379E-05 
8.30680E-03 7.10866E-04 1.48544E-05 
6.47698E-03 3.77402E-04 1.54562E-05 
5.09055E-03 1.89455E-04 1.67280E-05 
4.05610E-03 8.25451E-05 1.89908E-05 
3.28127E-03 2.60524E-05 2.26330E-05 
2.69230E-03 -3.43385E-06 2.83548E-05 
2.23793E-03 -1.75414E-05 3.73609E-05 
1.88034E-03 -2.29162E-05 5.17225E-05 
1.59250E-03 -2.34104E-05 7.50063E-05 
1.35745E-03 -2.12959E-05 1.13342E-04 
1.16402E-03 -1.79705E-05 1.75910E-04 
1.00990E-03 -1.43287E-05 2.72332E-04 
8.98605E-04 -1.08874E-05 3.97856E-04 
8.22619E-04 -7.53315E-06 5.09019E-04 
7.45460E-04 -3.70532E-06 5.45213E-04 
6.42822E-04 3.75517E-07 5.02463E-04 
3.99629E-02 3.35539E-02 1.62499E-05 
3.53252E-02 2.47736E-02 1.58713E-05 
3.06831E-02 1.77484E-02 1.53786E-05 
2.61161E-02 1.22707E-02 1.47921E-05 
2.17494E-02 8.17581E-03 1.41166E-05 
1.77317E-02 5.24903E-03 1.33996E-05 
1.41711E-02 3.24858E-03 1.26948E-05 
1.17794E-02 2.18810E-03 1.22026E-05 
1.11421E-02 1.94188E-03 1.20724E-05 
8.48392E-03 1.07359E-03 1.15658E-05 
6.41928E-03 5.70082E-04 1.13168E-05 
4.86541E-03 2.87639E-04 1.14157E-05 
3.71917E-03 1.33123E-04 1.19651E-05 
2.88389E-03 4.69176E-05 1.31437E-05 
2.27502E-03 3.48663E-06 1.51367E-05 
1.82334E-03 -1.79458E-05 1.82925E-05 
1.48305E-03 -2.70607E-05 2.32013E-05 
1.22115E-03 -2.92883E-05 3.08355E-05 
1.01460E-03 -2.77395E-05 4.27755E-05 
8.48474E-04 -2.42509E-05 6.15212E-05 
7.12636E-04 -1.99637E-05 9.02488E-05 
6.01948E-04 -1.56271E-05 1.30738E-04 
5.12650E-04 -1.16611E-05 1.76132E-04 
4.35103E-04 -7.86148E-06 2.03744E-04 
3.54386E-04 -3.62267E-06 1.92983E-04 
2.70378E-04 7.86566E-07 1.54257E-04 
3.58957E-02 3.19492E-02 1.45694E-05 
3.14908E-02 2.34060E-02 1.41069E-05 
2.70965E-02 1.66065E-02 1.35237E-05 
2.27930E-02 1.13410E-02 1.28405E-05 
1.87059E-02 7.44091E-03 1.20623E-05 
1.49831E-02 4.68851E-03 1.12366E-05 
1.17279E-02 2.83731E-03 1.04157E-05 
9.57248E-03 1.87292E-03 9.82340E-06 
9.00376E-03 1.65158E-03 9.66174E-06 
6.66442E-03 8.82534E-04 8.98588E-06 
4.89204E-03 4.48754E-04 8.51126E-06 
3.59379E-03 2.12520E-04 8.28824E-06 
2.66232E-03 8.71784E-05 8.35939E-06 
1.99893E-03 1.83998E-05 8.80077E-06 
1.52826E-03 -1.43134E-05 9.65480E-06 
1.18708E-03 -2.92682E-05 1.10237E-05 
9.35799E-04 -3.44070E-05 1.30681E-05 
7.46762E-04 -3.41263E-05 1.59978E-05 
6.00937E-04 -3.09384E-05 2.00192E-05 
4.85652E-04 -2.63372E-05 2.51424E-05 
3.91836E-04 -2.12659E-05 3.04423E-05 
3.12496E-04 -1.63573E-05 3.24363E-05 
2.38690E-04 -1.19451E-05 2.31338E-05 
1.59431E-04 -7.74672E-06 -5.47074E-06 
7.59061E-05 -3.14418E-06 -4.64696E-05 
5.64134E-06 1.52392E-06 -8.02443E-05 
3.18806E-02 3.00129E-02 1.29410E-05 
2.77651E-02 2.18234E-02 1.24253E-05 
2.36801E-02 1.53436E-02 1.17913E-05 
1.96911E-02 1.03544E-02 1.10545E-05 
1.59290E-02 6.69222E-03 1.02243E-05 
1.25340E-02 4.13873E-03 9.34661E-06 
9.60517E-03 2.44845E-03 8.47357E-06 
7.69337E-03 1.58295E-03 7.83610E-06 
7.19405E-03 1.38663E-03 7.66022E-06 
5.16890E-03 7.14567E-04 6.90460E-06 
3.67430E-03 3.46014E-04 6.31356E-06 
2.60988E-03 1.51158E-04 5.90689E-06 
1.86690E-03 5.08337E-05 5.68278E-06 
1.34841E-03 -3.58130E-06 5.64544E-06 
9.89582E-04 -2.77345E-05 5.73965E-06 
7.34424E-04 -3.76296E-05 5.90024E-06 
5.50190E-04 -3.96974E-05 5.99797E-06 
4.14634E-04 -3.74843E-05 5.73034E-06 
3.12537E-04 -3.30324E-05 4.38322E-06 
2.33431E-04 -2.75747E-05 3.17353E-07 
1.69202E-04 -2.19045E-05 -1.00887E-05 
1.11764E-04 -1.65612E-05 -3.36722E-05 
4.84706E-05 -1.18018E-05 -7.88913E-05 
-3.23902E-05 -7.27917E-06 -1.43613E-04 
-1.17889E-04 -2.39048E-06 -2.02755E-04 
-1.77892E-04 2.44610E-06 -2.31155E-04 
2.78211E-02 2.76335E-02 1.13227E-05 
2.40623E-02 1.99502E-02 1.07846E-05 
2.03499E-02 1.39061E-02 1.01356E-05 
1.67370E-02 9.27820E-03 9.38750E-06 
1.33538E-02 5.91151E-03 8.55376E-06 
1.03273E-02 3.59031E-03 7.67719E-06 
7.75012E-03 2.07723E-03 6.80883E-06 
6.09188E-03 1.31540E-03 6.17392E-06 
5.66306E-03 1.14455E-03 5.99817E-06 
3.94848E-03 5.68164E-04 5.23585E-06 
2.71633E-03 2.60661E-04 4.61248E-06 
1.86328E-03 1.02623E-04 4.12561E-06 
1.28298E-03 2.34759E-05 3.74165E-06 
8.84023E-04 -1.92716E-05 3.41668E-06 
6.13189E-04 -3.67780E-05 3.03318E-06 
4.22779E-04 -4.28710E-05 2.41930E-06 
2.87223E-04 -4.26924E-05 1.26315E-06 
1.89488E-04 -3.91065E-05 -1.05861E-06 
1.17804E-04 -3.37918E-05 -5.82967E-06 
6.36378E-05 -2.77825E-05 -1.56937E-05 
1.96973E-05 -2.17562E-05 -3.58818E-05 
-2.26703E-05 -1.61740E-05 -7.51107E-05 
-7.85139E-05 -1.12248E-05 -1.41766E-04 
-1.59720E-04 -6.51492E-06 -2.27084E-04 
-2.45308E-04 -1.48269E-06 -2.95051E-04 
-2.97004E-04 3.38025E-06 -3.17919E-04 
2.36502E-02 2.47168E-02 9.68271E-06 
2.03125E-02 1.77156E-02 9.14916E-06 
1.70319E-02 1.22395E-02 8.51531E-06 
1.38596E-02 8.07626E-03 7.79467E-06 
1.09129E-02 5.07550E-03 7.00155E-06 
8.30156E-03 3.02985E-03 6.17494E-06 
6.10706E-03 1.71629E-03 5.36292E-06 
4.71529E-03 1.06559E-03 4.77214E-06 
4.35875E-03 9.21217E-04 4.60868E-06 
2.95334E-03 4.40927E-04 3.89952E-06 
1.96931E-03 1.91217E-04 3.30916E-06 
1.30599E-03 6.61120E-05 2.81975E-06 
8.64577E-04 4.90005E-06 2.37845E-06 
5.63149E-04 -2.82753E-05 1.91359E-06 
3.60532E-04 -4.07338E-05 1.27678E-06 
2.18190E-04 -4.41397E-05 2.42441E-07 
1.17485E-04 -4.25317E-05 -1.59210E-06 
4.61406E-05 -3.82091E-05 -5.00416E-06 
-4.64142E-06 -3.25581E-05 -1.15396E-05 
-4.17853E-05 -2.64490E-05 -2.42796E-05 
-7.17895E-05 -2.04569E-05 -4.90882E-05 
-1.03413E-04 -1.49691E-05 -9.52519E-05 
-1.52497E-04 -1.01137E-05 -1.70512E-04 
-2.30440E-04 -5.48160E-06 -2.62555E-04 
-3.11999E-04 -5.78755E-07 -3.30957E-04 
-3.55696E-04 4.06087E-06 -3.48299E-04 
1.94105E-02 2.12869E-02 8.02794E-06 
1.65299E-02 1.51220E-02 7.51566E-06 
1.37226E-02 1.03391E-02 6.91957E-06 
1.10386E-02 6.74011E-03 6.25605E-06 
8.57282E-03 4.17506E-03 5.53809E-06 
6.41770E-03 2.45057E-03 4.80249E-06 
4.63234E-03 1.36032E-03 4.08888E-06 
3.51864E-03 8.29449E-04 3.57623E-06 
3.23608E-03 7.12888E-04 3.43503E-06 
2.13753E-03 3.30254E-04 2.82579E-06 
1.38757E-03 1.36098E-04 2.31855E-06 
8.94046E-04 4.10052E-05 1.88706E-06 
5.71289E-04 -4.62078E-06 1.47341E-06 
3.50974E-04 -2.94558E-05 1.00004E-06 
2.02982E-04 -3.80611E-05 3.20389E-07 
9.82970E-05 -3.97570E-05 -7.89580E-07 
2.42852E-05 -3.75978E-05 -2.72679E-06 
-2.73823E-05 -3.33678E-05 -6.24726E-06 
-6.30434E-05 -2.81617E-05 -1.28320E-05 
-8.81597E-05 -2.26753E-05 -2.53907E-05 
-1.08213E-04 -1.73677E-05 -4.93587E-05 
-1.31189E-04 -1.25426E-05 -9.31403E-05 
-1.71513E-04 -8.27733E-06 -1.63153E-04 
-2.39016E-04 -4.19824E-06 -2.46816E-04 
-3.09096E-04 8.93931E-08 -3.06544E-04 
-3.43489E-04 4.08070E-06 -3.18597E-04 
1.53292E-02 1.75992E-02 6.43453E-06 
1.29069E-02 1.23545E-02 5.95398E-06 
1.05782E-02 8.33378E-03 5.41001E-06 
8.38981E-03 5.35256E-03 4.82108E-06 
6.41385E-03 3.26082E-03 4.19987E-06 
4.71918E-03 1.87915E-03 3.57845E-06 
3.34257E-03 1.02220E-03 2.98855E-06 
2.50056E-03 6.12939E-04 2.57302E-06 
2.28930E-03 5.24103E-04 2.45967E-06 
1.47984E-03 2.36503E-04 1.97663E-06 
9.40860E-04 9.41581E-05 1.58119E-06 
5.94162E-04 2.60939E-05 1.24745E-06 
3.71180E-04 -5.84527E-06 9.26418E-07 
2.19694E-04 -2.30241E-05 5.55334E-07 
1.18230E-04 -2.85890E-05 2.23200E-08 
4.63479E-05 -2.93434E-05 -8.42605E-07 
-4.28996E-06 -2.74566E-05 -2.33825E-06 
-3.92311E-05 -2.41833E-05 -5.03083E-06 
-6.28335E-05 -2.02859E-05 -1.00226E-05 
-7.90176E-05 -1.62430E-05 -1.94672E-05 
-9.17882E-05 -1.23665E-05 -3.73587E-05 
-1.07071E-04 -8.85914E-06 -6.98099E-05 
-1.35517E-04 -5.76110E-06 -1.21311E-04 
-1.84162E-04 -2.79428E-06 -1.82247E-04 
-2.34402E-04 3.12093E-07 -2.24955E-04 
-2.57950E-04 3.17681E-06 -2.32476E-04 
---
