PdfType: replica
Format: lhagrid1
---
1.00000E-06 1.28121E-06 1.64152E-06 2.10317E-06 2.69463E-06 3.45242E-06 4.42329E-06 5.66715E-06 7.26076E-06 9.30241E-06 1.19180E-05 1.52689E-05 1.95617E-05 2.50609E-05 3.21053E-05 4.11287E-05 5.26863E-05 6.74889E-05 8.64459E-05 1.10720E-04 1.41800E-04 1.81585E-04 2.32503E-04 2.97652E-04 3.80981E-04 4.87518E-04 6.26039E-04 8.00452E-04 1.02297E-03 1.30657E-03 1.66759E-03 2.12729E-03 2.71054E-03 3.44865E-03 4.37927E-03 5.54908E-03 7.01192E-03 8.83064E-03 1.10763E-02 1.38266E-02 1.71641E-02 2.11717E-02 2.59364E-02 3.15062E-02 3.79623E-02 4.53425E-02 5.36750E-02 6.29705E-02 7.32221E-02 8.44039E-02 9.64793E-02 1.09332E-01 1.23067E-01 1.37507E-01 1.52639E-01 1.68416E-01 1.84794E-01 2.01731E-01 2.19016E-01 2.36948E-01 2.55242E-01 2.73927E-01 2.92954E-01 3.12340E-01 3.32036E-01 3.52019E-01 3.72282E-01 3.92772E-01 4.13533E-01 4.34326E-01 4.55495E-01 4.76836E-01 4.98342E-01 5.20006E-01 5.41818E-01 5.63773E-01 5.85861E-01 6.08077E-01 6.30459E-01 6.52800E-01 6.75387E-01 6.98063E-01 7.20830E-01 7.43683E-01 7.66623E-01 7.89636E-01 8.12791E-01 8.35940E-01 8.59175E-01 8.82485E-01 9.05866E-01 9.29311E-01 9.52817E-01 9.76387E-01 1.00000E+00 
1.14018E+00 1.22539E+00 1.32482E+00 1.44156E+00 1.57954E+00 1.74381E+00 1.94091E+00 2.12132E+00 2.17945E+00 2.49622E+00 2.89383E+00 3.39925E+00 4.05063E+00 4.90286E+00 6.03623E+00 7.57063E+00 9.68869E+00 1.26749E+01 1.69835E+01 2.33578E+01 3.30501E+01 4.82334E+01 7.28041E+01 1.13998E+02 1.85779E+02 3.16228E+02 
908 909 910 
8.10245E-01 4.69352E-02 2.88221E-01 
8.25741E-01 5.59242E-02 3.39335E-01 
8.59920E-01 7.22968E-02 4.04060E-01 
9.21785E-01 9.70589E-02 4.86731E-01 
1.00549E+00 1.27105E-01 5.94215E-01 
1.11489E+00 1.63211E-01 7.37710E-01 
1.25441E+00 2.06190E-01 9.30780E-01 
1.38547E+00 2.44589E-01 1.12651E+00 
1.42829E+00 2.56792E-01 1.19471E+00 
1.66077E+00 3.20867E-01 1.59699E+00 
1.94725E+00 3.95818E-01 2.18723E+00 
2.29651E+00 4.82393E-01 3.07515E+00 
2.71781E+00 5.82032E-01 4.44201E+00 
3.22103E+00 7.52058E-01 6.62503E+00 
3.82256E+00 8.91859E-01 1.02239E+01 
4.55073E+00 1.04795E+00 1.63346E+01 
5.42711E+00 1.22131E+00 2.71227E+01 
6.47580E+00 1.41234E+00 4.68877E+01 
7.72768E+00 1.62207E+00 8.43845E+01 
9.22834E+00 1.85315E+00 1.57868E+02 
1.10681E+01 2.11524E+00 3.03825E+02 
1.34933E+01 2.44318E+00 5.84637E+02 
1.71677E+01 2.93371E+00 1.06688E+03 
2.31214E+01 3.71519E+00 1.71725E+03 
3.12641E+01 4.70545E+00 2.32434E+03 
3.99174E+01 5.60703E+00 2.70927E+03 
1.51075E+00 8.69825E-02 4.88743E-01 
1.54057E+00 1.04094E-01 5.75142E-01 
1.60589E+00 1.35235E-01 6.84576E-01 
1.72361E+00 1.82341E-01 8.25128E-01 
1.88220E+00 2.39315E-01 1.00844E+00 
2.08845E+00 3.07539E-01 1.25113E+00 
2.35032E+00 3.88508E-01 1.57801E+00 
2.59617E+00 4.60775E-01 1.91056E+00 
2.67604E+00 4.83629E-01 2.02514E+00 
3.11029E+00 6.03742E-01 2.70760E+00 
3.64394E+00 7.43717E-01 3.70755E+00 
4.29288E+00 9.05115E-01 5.21226E+00 
5.07452E+00 1.08944E+00 7.53444E+00 
6.00771E+00 1.40519E+00 1.12307E+01 
7.12050E+00 1.66214E+00 1.73114E+01 
8.46540E+00 1.94862E+00 2.76615E+01 
1.00797E+01 2.26559E+00 4.59230E+01 
1.20077E+01 2.61389E+00 7.94018E+01 
1.43040E+01 2.99490E+00 1.42983E+02 
1.70496E+01 3.41317E+00 2.67516E+02 
2.04079E+01 3.88620E+00 5.14468E+02 
2.48311E+01 4.47775E+00 9.90135E+02 
3.15340E+01 5.36409E+00 1.80757E+03 
4.23854E+01 6.77639E+00 2.90870E+03 
5.72004E+01 8.56219E+00 3.93682E+03 
7.28896E+01 1.01781E+01 4.58802E+03 
1.43579E+00 8.20187E-02 4.13892E-01 
1.46541E+00 9.87696E-02 4.86930E-01 
1.52973E+00 1.29213E-01 5.79682E-01 
1.64425E+00 1.75004E-01 6.98548E-01 
1.79777E+00 2.30242E-01 8.53768E-01 
1.99647E+00 2.96181E-01 1.05907E+00 
2.24752E+00 3.74153E-01 1.33547E+00 
2.48261E+00 4.43555E-01 1.61701E+00 
2.55870E+00 4.65431E-01 1.71343E+00 
2.97213E+00 5.80262E-01 2.29075E+00 
3.47843E+00 7.13514E-01 3.13597E+00 
4.09222E+00 8.66556E-01 4.40803E+00 
4.82966E+00 1.04049E+00 6.37391E+00 
5.71071E+00 1.33836E+00 9.49899E+00 
6.75835E+00 1.57846E+00 1.46343E+01 
8.02067E+00 1.84508E+00 2.33787E+01 
9.53130E+00 2.13882E+00 3.88113E+01 
1.13300E+01 2.46022E+00 6.70878E+01 
1.34664E+01 2.81033E+00 1.20812E+02 
1.60137E+01 3.19308E+00 2.26008E+02 
1.91222E+01 3.62455E+00 4.34537E+02 
2.32098E+01 4.16349E+00 8.36068E+02 
2.94042E+01 4.97265E+00 1.52635E+03 
3.94264E+01 6.26297E+00 2.45574E+03 
5.30768E+01 7.88974E+00 3.32329E+03 
6.74697E+01 9.35060E+00 3.87236E+03 
1.35833E+00 7.69392E-02 3.48763E-01 
1.38774E+00 9.33169E-02 4.10216E-01 
1.45074E+00 1.22931E-01 4.88275E-01 
1.56182E+00 1.67282E-01 5.88303E-01 
1.70964E+00 2.20595E-01 7.18711E-01 
1.90021E+00 2.84061E-01 8.91658E-01 
2.13980E+00 3.58809E-01 1.12406E+00 
2.36348E+00 4.25135E-01 1.36102E+00 
2.43579E+00 4.46012E-01 1.44226E+00 
2.82735E+00 5.55228E-01 1.92739E+00 
3.30539E+00 6.81453E-01 2.63843E+00 
3.88287E+00 8.25763E-01 3.70711E+00 
4.57455E+00 9.88994E-01 5.35843E+00 
5.40231E+00 1.26857E+00 7.98665E+00 
6.38395E+00 1.49172E+00 1.23060E+01 
7.56234E+00 1.73833E+00 1.96505E+01 
8.96840E+00 2.00891E+00 3.26203E+01 
1.06373E+01 2.30364E+00 5.63669E+01 
1.26139E+01 2.62330E+00 1.01489E+02 
1.49642E+01 2.97136E+00 1.89817E+02 
1.78260E+01 3.36245E+00 3.64973E+02 
2.15830E+01 3.85042E+00 7.01994E+02 
2.72749E+01 4.58443E+00 1.28127E+03 
3.64802E+01 5.75627E+00 2.06119E+03 
4.89886E+01 7.22925E+00 2.78897E+03 
6.21185E+01 8.54175E+00 3.24938E+03 
1.28502E+00 7.21296E-02 2.93609E-01 
1.31436E+00 8.81989E-02 3.45315E-01 
1.37599E+00 1.16984E-01 4.10803E-01 
1.48375E+00 1.59975E-01 4.95010E-01 
1.62624E+00 2.11470E-01 6.04690E-01 
1.80881E+00 2.72516E-01 7.49794E-01 
2.03746E+00 3.44174E-01 9.45062E-01 
2.25024E+00 4.07546E-01 1.14433E+00 
2.31882E+00 4.27443E-01 1.21244E+00 
2.68971E+00 5.31302E-01 1.62028E+00 
3.14070E+00 6.50758E-01 2.21721E+00 
3.68389E+00 7.86754E-01 3.11517E+00 
4.33244E+00 9.39894E-01 4.50165E+00 
5.10920E+00 1.20213E+00 6.70581E+00 
6.02819E+00 1.40910E+00 1.03332E+01 
7.12765E+00 1.63695E+00 1.64989E+01 
8.43510E+00 1.88582E+00 2.73776E+01 
9.98257E+00 2.15573E+00 4.73143E+01 
1.18096E+01 2.44714E+00 8.51640E+01 
1.39764E+01 2.76308E+00 1.59274E+02 
1.66080E+01 3.11686E+00 3.06143E+02 
2.00590E+01 3.55805E+00 5.88935E+02 
2.52853E+01 4.22304E+00 1.07471E+03 
3.37332E+01 5.28584E+00 1.72858E+03 
4.51852E+01 6.61778E+00 2.33866E+03 
5.71524E+01 7.79520E+00 2.72451E+03 
1.21568E+00 6.75727E-02 2.46788E-01 
1.24499E+00 8.33713E-02 2.90263E-01 
1.30533E+00 1.11375E-01 3.45232E-01 
1.40978E+00 1.53041E-01 4.15828E-01 
1.54716E+00 2.02800E-01 5.08008E-01 
1.72220E+00 2.61557E-01 6.29903E-01 
1.94029E+00 3.30223E-01 7.93659E-01 
2.14251E+00 3.90735E-01 9.60781E-01 
2.20761E+00 4.09702E-01 1.01798E+00 
2.55864E+00 5.08397E-01 1.36014E+00 
2.98403E+00 6.21406E-01 1.86115E+00 
3.49455E+00 7.49431E-01 2.61409E+00 
4.10238E+00 8.92991E-01 3.77802E+00 
4.83096E+00 1.13851E+00 5.62694E+00 
5.69041E+00 1.33043E+00 8.66612E+00 
6.71559E+00 1.54074E+00 1.38402E+01 
7.93046E+00 1.76932E+00 2.29609E+01 
9.36392E+00 2.01608E+00 3.96745E+01 
1.10514E+01 2.28129E+00 7.14060E+01 
1.30471E+01 2.56756E+00 1.33540E+02 
1.54651E+01 2.88702E+00 2.56633E+02 
1.86312E+01 3.28508E+00 4.93589E+02 
2.34262E+01 3.88668E+00 9.00731E+02 
3.11732E+01 4.84942E+00 1.44867E+03 
4.16494E+01 6.05226E+00 1.95981E+03 
5.25461E+01 7.10670E+00 2.28302E+03 
1.15010E+00 6.32602E-02 2.07158E-01 
1.17922E+00 7.87464E-02 2.43602E-01 
1.23856E+00 1.06093E-01 2.89780E-01 
1.33986E+00 1.46498E-01 3.48927E-01 
1.47219E+00 1.94563E-01 4.26144E-01 
1.63991E+00 2.51102E-01 5.28313E-01 
1.84799E+00 3.16922E-01 6.65739E-01 
2.04010E+00 3.74683E-01 8.05710E-01 
2.10185E+00 3.92752E-01 8.53719E-01 
2.43399E+00 4.86500E-01 1.14055E+00 
2.83498E+00 5.93327E-01 1.56056E+00 
3.31451E+00 7.13720E-01 2.19146E+00 
3.88359E+00 8.48050E-01 3.16617E+00 
4.56669E+00 1.07798E+00 4.71675E+00 
5.36999E+00 1.25565E+00 7.26266E+00 
6.32484E+00 1.44942E+00 1.15962E+01 
7.45293E+00 1.65907E+00 1.92422E+01 
8.77952E+00 1.88429E+00 3.32358E+01 
1.03368E+01 2.12520E+00 5.98316E+01 
1.21729E+01 2.38405E+00 1.11855E+02 
1.43927E+01 2.67198E+00 2.14999E+02 
1.72950E+01 3.03052E+00 4.13477E+02 
2.16897E+01 3.57383E+00 7.54459E+02 
2.87882E+01 4.44476E+00 1.21337E+03 
3.83632E+01 5.52943E+00 1.64142E+03 
4.82757E+01 6.47217E+00 1.91212E+03 
1.08809E+00 5.91804E-02 1.73712E-01 
1.11704E+00 7.43814E-02 2.04203E-01 
1.17536E+00 1.01083E-01 2.42869E-01 
1.27372E+00 1.40313E-01 2.92485E-01 
1.40120E+00 1.86762E-01 3.57124E-01 
1.56191E+00 2.41174E-01 4.42701E-01 
1.76024E+00 3.04226E-01 5.57734E-01 
1.94278E+00 3.59354E-01 6.75084E-01 
2.00124E+00 3.76544E-01 7.15122E-01 
2.31525E+00 4.65518E-01 9.55201E-01 
2.69301E+00 5.66415E-01 1.30692E+00 
3.14324E+00 6.79572E-01 1.83539E+00 
3.67579E+00 8.05083E-01 2.65140E+00 
4.31562E+00 1.02026E+00 3.94983E+00 
5.06595E+00 1.18453E+00 6.08259E+00 
5.95459E+00 1.36280E+00 9.70975E+00 
7.00105E+00 1.55475E+00 1.61114E+01 
8.22779E+00 1.75995E+00 2.78298E+01 
9.66338E+00 1.97836E+00 5.00961E+01 
1.13513E+01 2.21198E+00 9.36599E+01 
1.33867E+01 2.47088E+00 1.79998E+02 
1.60447E+01 2.79318E+00 3.46184E+02 
2.00692E+01 3.28311E+00 6.31671E+02 
2.65672E+01 4.06979E+00 1.01587E+03 
3.53111E+01 5.04653E+00 1.37428E+03 
4.43194E+01 5.88794E+00 1.60099E+03 
1.02947E+00 5.53217E-02 1.45465E-01 
1.05842E+00 7.03124E-02 1.71012E-01 
1.11560E+00 9.63477E-02 2.03307E-01 
1.21114E+00 1.34460E-01 2.44884E-01 
1.33392E+00 1.79359E-01 2.98966E-01 
1.48788E+00 2.31730E-01 3.70661E-01 
1.67695E+00 2.92127E-01 4.66966E-01 
1.85018E+00 3.44703E-01 5.65066E-01 
1.90569E+00 3.61085E-01 5.98813E-01 
2.20245E+00 4.45493E-01 7.99723E-01 
2.55811E+00 5.40711E-01 1.09418E+00 
2.98047E+00 6.46942E-01 1.53636E+00 
3.47836E+00 7.64107E-01 2.21907E+00 
4.07720E+00 9.65199E-01 3.30572E+00 
4.77743E+00 1.11689E+00 5.09066E+00 
5.60383E+00 1.28066E+00 8.12713E+00 
6.57365E+00 1.45609E+00 1.34834E+01 
7.70696E+00 1.64269E+00 2.32943E+01 
9.02901E+00 1.84029E+00 4.19237E+01 
1.05791E+01 2.05065E+00 7.83963E+01 
1.24438E+01 2.28295E+00 1.50671E+02 
1.48752E+01 2.57204E+00 2.89748E+02 
1.85575E+01 3.01311E+00 5.28728E+02 
2.45005E+01 3.72266E+00 8.50354E+02 
3.24780E+01 4.60087E+00 1.15042E+03 
4.06559E+01 5.35038E+00 1.34028E+03 
9.74102E-01 5.16783E-02 1.21716E-01 
1.00296E+00 6.64446E-02 1.43103E-01 
1.05932E+00 9.19383E-02 1.70148E-01 
1.15192E+00 1.28939E-01 2.04889E-01 
1.27027E+00 1.72365E-01 2.50202E-01 
1.41761E+00 2.22736E-01 3.10054E-01 
1.59780E+00 2.80586E-01 3.90722E-01 
1.76217E+00 3.30714E-01 4.72760E-01 
1.81470E+00 3.46284E-01 5.00946E-01 
2.09503E+00 4.26309E-01 6.69115E-01 
2.42968E+00 5.16101E-01 9.15465E-01 
2.82568E+00 6.15755E-01 1.28550E+00 
3.29099E+00 7.25179E-01 1.85712E+00 
3.85086E+00 9.12864E-01 2.76555E+00 
4.50377E+00 1.05261E+00 4.25937E+00 
5.27154E+00 1.20277E+00 6.79984E+00 
6.16952E+00 1.36282E+00 1.12823E+01 
7.21543E+00 1.53216E+00 1.94905E+01 
8.43181E+00 1.71055E+00 3.50849E+01 
9.85361E+00 1.89949E+00 6.55976E+01 
1.15600E+01 2.10741E+00 1.26089E+02 
1.37822E+01 2.36619E+00 2.42520E+02 
1.71476E+01 2.76250E+00 4.42534E+02 
2.25783E+01 3.40150E+00 7.11759E+02 
2.98491E+01 4.18981E+00 9.62970E+02 
3.72654E+01 4.85619E+00 1.12200E+03 
9.21812E-01 4.82366E-02 1.01806E-01 
9.50504E-01 6.27740E-02 1.19665E-01 
1.00620E+00 8.78000E-02 1.42340E-01 
1.09595E+00 1.23734E-01 1.71343E-01 
1.20993E+00 1.65725E-01 2.09239E-01 
1.35105E+00 2.14211E-01 2.59382E-01 
1.52253E+00 2.69569E-01 3.26720E-01 
1.67849E+00 3.17349E-01 3.95434E-01 
1.72818E+00 3.32148E-01 4.18935E-01 
1.99274E+00 4.07935E-01 5.59502E-01 
2.30737E+00 4.92522E-01 7.65489E-01 
2.67838E+00 5.85867E-01 1.07513E+00 
3.11286E+00 6.87796E-01 1.55338E+00 
3.63605E+00 8.62829E-01 2.31380E+00 
4.24418E+00 9.91463E-01 3.56276E+00 
4.95688E+00 1.12895E+00 5.68927E+00 
5.78745E+00 1.27467E+00 9.43818E+00 
6.75174E+00 1.42800E+00 1.63084E+01 
7.86950E+00 1.58864E+00 2.93530E+01 
9.17245E+00 1.75795E+00 5.48943E+01 
1.07321E+01 1.94355E+00 1.05512E+02 
1.27607E+01 2.17461E+00 2.02958E+02 
1.58334E+01 2.53003E+00 3.70385E+02 
2.07914E+01 3.10461E+00 5.95780E+02 
2.74120E+01 3.81109E+00 8.06146E+02 
3.41299E+01 4.40231E+00 9.39382E+02 
8.72510E-01 4.50006E-02 8.51452E-02 
9.01023E-01 5.93320E-02 1.00045E-01 
9.55906E-01 8.38588E-02 1.19013E-01 
1.04311E+00 1.18841E-01 1.43305E-01 
1.15283E+00 1.59452E-01 1.74955E-01 
1.28781E+00 2.06091E-01 2.16860E-01 
1.45114E+00 2.59091E-01 2.73293E-01 
1.59889E+00 3.04584E-01 3.30669E-01 
1.64594E+00 3.18647E-01 3.50417E-01 
1.89556E+00 3.90407E-01 4.68050E-01 
2.19111E+00 4.69986E-01 6.40272E-01 
2.53840E+00 5.57282E-01 8.99314E-01 
2.94362E+00 6.52045E-01 1.29899E+00 
3.43209E+00 8.15230E-01 1.93538E+00 
3.99811E+00 9.33415E-01 2.98076E+00 
4.65891E+00 1.05901E+00 4.75908E+00 
5.42644E+00 1.19139E+00 7.89741E+00 
6.31445E+00 1.32990E+00 1.36454E+01 
7.34064E+00 1.47422E+00 2.45635E+01 
8.53305E+00 1.62548E+00 4.59388E+01 
9.95697E+00 1.79070E+00 8.83125E+01 
1.18067E+01 1.99650E+00 1.69886E+02 
1.46095E+01 2.31463E+00 3.10051E+02 
1.91309E+01 2.83033E+00 4.98772E+02 
2.51532E+01 3.46238E+00 6.74970E+02 
3.12317E+01 3.98578E+00 7.86632E+02 
8.25990E-01 4.19523E-02 7.11925E-02 
8.54520E-01 5.61646E-02 8.36846E-02 
9.08789E-01 8.02804E-02 9.95398E-02 
9.93193E-01 1.14248E-01 1.19816E-01 
1.09882E+00 1.53540E-01 1.46328E-01 
1.22792E+00 1.98405E-01 1.81372E-01 
1.38325E+00 2.49093E-01 2.28540E-01 
1.52326E+00 2.92405E-01 2.76573E-01 
1.56769E+00 3.05747E-01 2.93041E-01 
1.80299E+00 3.73606E-01 3.91443E-01 
2.08049E+00 4.48423E-01 5.35565E-01 
2.40531E+00 5.30021E-01 7.52224E-01 
2.78307E+00 6.18060E-01 1.08676E+00 
3.23850E+00 7.69935E-01 1.61878E+00 
3.76478E+00 8.78272E-01 2.49378E+00 
4.37684E+00 9.92756E-01 3.98115E+00 
5.08534E+00 1.11275E+00 6.60832E+00 
5.90223E+00 1.23756E+00 1.14178E+01 
6.84309E+00 1.36682E+00 2.05575E+01 
7.93315E+00 1.50157E+00 3.84510E+01 
9.23151E+00 1.64820E+00 7.39214E+01 
1.09162E+01 1.83098E+00 1.42222E+02 
1.34702E+01 2.11518E+00 2.59603E+02 
1.75891E+01 2.57720E+00 4.17659E+02 
2.30613E+01 3.14160E+00 5.65272E+02 
2.85546E+01 3.60391E+00 6.58890E+02 
7.82125E-01 3.90872E-02 5.94948E-02 
8.10601E-01 5.31663E-02 6.99632E-02 
8.64159E-01 7.68733E-02 8.32031E-02 
9.46053E-01 1.09944E-01 1.00186E-01 
1.04767E+00 1.47957E-01 1.22350E-01 
1.17115E+00 1.91118E-01 1.51708E-01 
1.31873E+00 2.39569E-01 1.91081E-01 
1.45132E+00 2.80774E-01 2.31336E-01 
1.49327E+00 2.93428E-01 2.45066E-01 
1.71486E+00 3.57526E-01 3.27352E-01 
1.97517E+00 4.27783E-01 4.47932E-01 
2.27872E+00 5.03952E-01 6.29102E-01 
2.63056E+00 5.85614E-01 9.09234E-01 
3.05487E+00 7.26730E-01 1.35446E+00 
3.54368E+00 8.25883E-01 2.08658E+00 
4.11006E+00 9.30040E-01 3.33223E+00 
4.76319E+00 1.03852E+00 5.52974E+00 
5.51378E+00 1.15067E+00 9.55781E+00 
6.37535E+00 1.26609E+00 1.72067E+01 
7.37053E+00 1.38575E+00 3.21867E+01 
8.55297E+00 1.51544E+00 6.18937E+01 
1.00853E+01 1.67730E+00 1.19084E+02 
1.24096E+01 1.93056E+00 2.17408E+02 
1.61585E+01 2.34379E+00 3.49836E+02 
2.11254E+01 2.84682E+00 4.73548E+02 
2.60837E+01 3.25416E+00 5.52066E+02 
7.40878E-01 3.64193E-02 4.97643E-02 
7.69174E-01 5.03474E-02 5.85071E-02 
8.22170E-01 7.37154E-02 6.95882E-02 
9.01592E-01 1.05931E-01 8.37900E-02 
9.99324E-01 1.42711E-01 1.02324E-01 
1.11726E+00 1.84209E-01 1.26863E-01 
1.25752E+00 2.30518E-01 1.59853E-01 
1.38289E+00 2.69678E-01 1.93475E-01 
1.42254E+00 2.81682E-01 2.05037E-01 
1.63112E+00 3.42192E-01 2.73893E-01 
1.87511E+00 4.08076E-01 3.74828E-01 
2.15844E+00 4.79013E-01 5.26379E-01 
2.48572E+00 5.54605E-01 7.60725E-01 
2.88064E+00 6.85643E-01 1.13339E+00 
3.33406E+00 7.76144E-01 1.74588E+00 
3.85755E+00 8.70663E-01 2.78891E+00 
4.45900E+00 9.68476E-01 4.62870E+00 
5.14780E+00 1.06895E+00 8.00023E+00 
5.93594E+00 1.17171E+00 1.44089E+01 
6.84323E+00 1.27756E+00 2.69546E+01 
7.91857E+00 1.39185E+00 5.18352E+01 
9.31077E+00 1.53475E+00 9.97540E+01 
1.14234E+01 1.75989E+00 1.82125E+02 
1.48315E+01 2.12871E+00 2.93108E+02 
1.93347E+01 2.57616E+00 3.96836E+02 
2.38043E+01 2.93414E+00 4.62722E+02 
7.02134E-01 3.39415E-02 4.16318E-02 
7.30307E-01 4.77739E-02 4.89386E-02 
7.82815E-01 7.08634E-02 5.82133E-02 
8.59757E-01 1.02228E-01 7.01076E-02 
9.53650E-01 1.37804E-01 8.56074E-02 
1.06619E+00 1.77682E-01 1.06117E-01 
1.19942E+00 2.21927E-01 1.33772E-01 
1.31786E+00 2.59109E-01 1.61869E-01 
1.35522E+00 2.70462E-01 1.71529E-01 
1.55138E+00 3.27516E-01 2.29185E-01 
1.77978E+00 3.89204E-01 3.13588E-01 
2.04410E+00 4.55192E-01 4.40533E-01 
2.34826E+00 5.24975E-01 6.36626E-01 
2.71543E+00 6.46498E-01 9.48749E-01 
3.13556E+00 7.28970E-01 1.46150E+00 
3.61876E+00 8.14496E-01 2.33446E+00 
4.17201E+00 9.02443E-01 3.87575E+00 
4.80322E+00 9.92150E-01 6.69827E+00 
5.52299E+00 1.08326E+00 1.20654E+01 
6.34917E+00 1.17655E+00 2.25782E+01 
7.32577E+00 1.27687E+00 4.34224E+01 
8.58881E+00 1.40259E+00 8.35787E+01 
1.05072E+01 1.60228E+00 1.52631E+02 
1.36017E+01 1.93075E+00 2.45674E+02 
1.76795E+01 2.32789E+00 3.32674E+02 
2.17033E+01 2.64163E+00 3.87991E+02 
6.65768E-01 3.16560E-02 3.48267E-02 
6.93718E-01 4.53796E-02 4.09386E-02 
7.45870E-01 6.82603E-02 4.87024E-02 
8.20308E-01 9.88045E-02 5.86519E-02 
9.10502E-01 1.33227E-01 7.16384E-02 
1.01785E+00 1.71546E-01 8.87976E-02 
1.14416E+00 2.13761E-01 1.11918E-01 
1.25604E+00 2.49045E-01 1.35466E-01 
1.29123E+00 2.59781E-01 1.43536E-01 
1.47547E+00 3.13493E-01 1.91768E-01 
1.68913E+00 3.71164E-01 2.62431E-01 
1.93542E+00 4.32429E-01 3.68713E-01 
2.21779E+00 4.96843E-01 5.32912E-01 
2.55868E+00 6.09330E-01 7.94133E-01 
2.94762E+00 6.84245E-01 1.22385E+00 
3.39309E+00 7.61409E-01 1.95484E+00 
3.90123E+00 8.40200E-01 3.24600E+00 
4.47893E+00 9.20003E-01 5.61119E+00 
5.13540E+00 1.00048E+00 1.01078E+01 
5.88649E+00 1.08233E+00 1.89148E+01 
6.77215E+00 1.17000E+00 3.63884E+01 
7.91639E+00 1.28018E+00 7.00492E+01 
9.65584E+00 1.45677E+00 1.27947E+02 
1.24627E+01 1.74872E+00 2.05994E+02 
1.61509E+01 2.10042E+00 2.79006E+02 
1.97683E+01 2.37459E+00 3.25475E+02 
6.31674E-01 2.95740E-02 2.91392E-02 
6.59396E-01 4.32035E-02 3.42621E-02 
7.11117E-01 6.58918E-02 4.07493E-02 
7.83174E-01 9.56765E-02 4.90661E-02 
8.69715E-01 1.28976E-01 5.99384E-02 
9.72062E-01 1.65781E-01 7.43246E-02 
1.09169E+00 2.06025E-01 9.36437E-02 
1.19725E+00 2.39470E-01 1.13374E-01 
1.23039E+00 2.49619E-01 1.20141E-01 
1.40330E+00 3.00127E-01 1.60526E-01 
1.60294E+00 3.53954E-01 2.19716E-01 
1.83214E+00 4.10719E-01 3.08664E-01 
2.09397E+00 4.69779E-01 4.46201E-01 
2.41009E+00 5.73868E-01 6.64909E-01 
2.76957E+00 6.41793E-01 1.02475E+00 
3.17971E+00 7.11198E-01 1.63723E+00 
3.64580E+00 7.81553E-01 2.71869E+00 
4.17383E+00 8.52270E-01 4.70171E+00 
4.77171E+00 9.23040E-01 8.47006E+00 
5.45356E+00 9.94508E-01 1.58550E+01 
6.25544E+00 1.07073E+00 3.05051E+01 
7.29059E+00 1.16690E+00 5.87373E+01 
8.86582E+00 1.32262E+00 1.07306E+02 
1.14084E+01 1.58148E+00 1.72802E+02 
1.47402E+01 1.89223E+00 2.34110E+02 
1.79874E+01 2.13105E+00 2.73170E+02 
5.99798E-01 2.77039E-02 2.43871E-02 
6.27279E-01 4.12614E-02 2.86723E-02 
6.78716E-01 6.38610E-02 3.41087E-02 
7.48338E-01 9.28795E-02 4.10808E-02 
8.31248E-01 1.25068E-01 5.01680E-02 
9.28685E-01 1.60385E-01 6.22113E-02 
1.04194E+00 1.98735E-01 7.84024E-02 
1.14138E+00 2.30388E-01 9.49054E-02 
1.17251E+00 2.39955E-01 1.00556E-01 
1.33461E+00 2.87368E-01 1.34387E-01 
1.52098E+00 3.37544E-01 1.83983E-01 
1.73401E+00 3.90019E-01 2.58473E-01 
1.97653E+00 4.44504E-01 3.73655E-01 
2.26934E+00 5.40415E-01 5.56994E-01 
2.60114E+00 6.01599E-01 8.58601E-01 
2.97824E+00 6.63799E-01 1.37195E+00 
3.40509E+00 7.26352E-01 2.27798E+00 
3.88694E+00 7.88726E-01 3.94083E+00 
4.43056E+00 8.50641E-01 7.09952E+00 
5.04853E+00 9.12696E-01 1.32940E+01 
5.77345E+00 9.78616E-01 2.55838E+01 
6.70843E+00 1.06216E+00 4.92717E+01 
8.13309E+00 1.19907E+00 9.00411E+01 
1.04333E+01 1.42801E+00 1.45034E+02 
1.34389E+01 1.70186E+00 1.96540E+02 
1.63496E+01 1.90921E+00 2.29402E+02 
5.70067E-01 2.60559E-02 2.04224E-02 
5.97352E-01 3.95941E-02 2.40103E-02 
6.48411E-01 6.21289E-02 2.85549E-02 
7.15626E-01 9.04006E-02 3.43938E-02 
7.94997E-01 1.21511E-01 4.20052E-02 
8.87637E-01 1.55380E-01 5.20887E-02 
9.94722E-01 1.91869E-01 6.56577E-02 
1.08829E+00 2.21790E-01 7.94680E-02 
1.11754E+00 2.30799E-01 8.42211E-02 
1.26926E+00 2.75225E-01 1.12533E-01 
1.44295E+00 3.21844E-01 1.54068E-01 
1.64082E+00 3.70205E-01 2.16558E-01 
1.86509E+00 4.20014E-01 3.13021E-01 
2.13586E+00 5.08460E-01 4.66633E-01 
2.44170E+00 5.63515E-01 7.19322E-01 
2.78796E+00 6.19049E-01 1.14985E+00 
3.17833E+00 6.74415E-01 1.90998E+00 
3.61730E+00 7.29152E-01 3.30400E+00 
4.11083E+00 7.83011E-01 5.95487E+00 
4.66992E+00 8.36558E-01 1.11508E+01 
5.32416E+00 8.93207E-01 2.14664E+01 
6.16738E+00 9.65433E-01 4.13562E+01 
7.45383E+00 1.08537E+00 7.55921E+01 
9.53220E+00 1.28734E+00 1.21799E+02 
1.22400E+01 1.52805E+00 1.65110E+02 
1.48449E+01 1.70741E+00 1.92777E+02 
5.42397E-01 2.46587E-02 1.70989E-02 
5.69321E-01 3.81384E-02 2.01054E-02 
6.20211E-01 6.07436E-02 2.39096E-02 
6.84959E-01 8.82709E-02 2.88006E-02 
7.60828E-01 1.18317E-01 3.51764E-02 
8.48779E-01 1.50755E-01 4.36187E-02 
9.49891E-01 1.85438E-01 5.49870E-02 
1.03785E+00 2.13668E-01 6.65683E-02 
1.06525E+00 2.22129E-01 7.05356E-02 
1.20712E+00 2.63681E-01 9.42718E-02 
1.36880E+00 3.06903E-01 1.29057E-01 
1.55223E+00 3.51416E-01 1.81407E-01 
1.75940E+00 3.96454E-01 2.62321E-01 
2.00949E+00 4.77981E-01 3.91122E-01 
2.29094E+00 5.27474E-01 6.02981E-01 
2.60828E+00 5.76810E-01 9.63928E-01 
2.96473E+00 6.25573E-01 1.60185E+00 
3.36403E+00 6.73338E-01 2.77132E+00 
3.81133E+00 7.19890E-01 4.99744E+00 
4.31628E+00 7.65765E-01 9.35962E+00 
4.90560E+00 8.14087E-01 1.80224E+01 
5.66470E+00 8.76159E-01 3.47298E+01 
6.82480E+00 9.80860E-01 6.35060E+01 
8.70012E+00 1.15855E+00 1.02362E+02 
1.11361E+01 1.36951E+00 1.38808E+02 
1.34636E+01 1.52407E+00 1.62126E+02 
5.16725E-01 2.35410E-02 1.43197E-02 
5.43084E-01 3.69055E-02 1.68372E-02 
5.93962E-01 5.97087E-02 2.00279E-02 
6.56229E-01 8.65114E-02 2.41204E-02 
7.28661E-01 1.15505E-01 2.94670E-02 
8.12053E-01 1.46540E-01 3.65426E-02 
9.07328E-01 1.79432E-01 4.60566E-02 
9.89899E-01 2.06023E-01 5.57736E-02 
1.01558E+00 2.13971E-01 5.91026E-02 
1.14805E+00 2.52737E-01 7.90041E-02 
1.29836E+00 2.92730E-01 1.08179E-01 
1.46812E+00 3.33528E-01 1.52031E-01 
1.65929E+00 3.74829E-01 2.19924E-01 
1.88985E+00 4.49376E-01 3.28023E-01 
2.14849E+00 4.93401E-01 5.05845E-01 
2.43889E+00 5.37005E-01 8.08856E-01 
2.76375E+00 5.79694E-01 1.34411E+00 
3.12628E+00 6.21088E-01 2.32605E+00 
3.53087E+00 6.61014E-01 4.19515E+00 
3.98614E+00 6.99993E-01 7.86193E+00 
4.51604E+00 7.40877E-01 1.51425E+01 
5.19825E+00 7.93883E-01 2.91901E+01 
6.24270E+00 8.84913E-01 5.33943E+01 
7.93231E+00 1.04076E+00 8.60951E+01 
1.01206E+01 1.22510E+00 1.16796E+02 
1.21967E+01 1.35773E+00 1.36472E+02 
4.92996E-01 2.27316E-02 1.20028E-02 
5.18799E-01 3.60074E-02 1.41084E-02 
5.69635E-01 5.90998E-02 1.67845E-02 
6.29413E-01 8.51662E-02 2.02131E-02 
6.98391E-01 1.13101E-01 2.46908E-02 
7.77327E-01 1.42741E-01 3.06262E-02 
8.67008E-01 1.73885E-01 3.86075E-02 
9.44351E-01 1.98865E-01 4.67445E-02 
9.68346E-01 2.06296E-01 4.95363E-02 
1.09181E+00 2.42354E-01 6.62181E-02 
1.23130E+00 2.79212E-01 9.06830E-02 
1.38833E+00 3.16491E-01 1.27509E-01 
1.56435E+00 3.53850E-01 1.84459E-01 
1.77658E+00 4.22152E-01 2.75189E-01 
2.01382E+00 4.61177E-01 4.24474E-01 
2.27909E+00 4.99491E-01 6.78907E-01 
2.57476E+00 5.36626E-01 1.12881E+00 
2.90332E+00 5.72222E-01 1.95430E+00 
3.26856E+00 6.06158E-01 3.52519E+00 
3.67814E+00 6.38947E-01 6.60758E+00 
4.15370E+00 6.73197E-01 1.27333E+01 
4.76568E+00 7.18130E-01 2.45562E+01 
5.70452E+00 7.96933E-01 4.49353E+01 
7.22468E+00 9.33192E-01 7.24869E+01 
9.18750E+00 1.09377E+00 9.83797E+01 
1.10360E+01 1.20704E+00 1.15001E+02 
4.71100E-01 2.22465E-02 1.00636E-02 
4.96447E-01 3.54994E-02 1.18279E-02 
5.47055E-01 5.89214E-02 1.40693E-02 
6.04380E-01 8.42584E-02 1.69480E-02 
6.69932E-01 1.11125E-01 2.07002E-02 
7.44478E-01 1.39374E-01 2.56730E-02 
8.28750E-01 1.68787E-01 3.23768E-02 
9.01092E-01 1.92195E-01 3.92019E-02 
9.23488E-01 1.99124E-01 4.15442E-02 
1.03839E+00 2.32564E-01 5.55482E-02 
1.16768E+00 2.66407E-01 7.60944E-02 
1.31258E+00 3.00304E-01 1.07006E-01 
1.47439E+00 3.33600E-01 1.54816E-01 
1.66938E+00 3.96143E-01 2.30974E-01 
1.88667E+00 4.30755E-01 3.56487E-01 
2.12860E+00 4.64190E-01 5.70357E-01 
2.39703E+00 4.96208E-01 9.48584E-01 
2.69422E+00 5.26540E-01 1.64285E+00 
3.02339E+00 5.55095E-01 2.96520E+00 
3.39110E+00 5.82346E-01 5.55933E+00 
3.81692E+00 6.10692E-01 1.07177E+01 
4.36483E+00 6.48457E-01 2.06782E+01 
5.20735E+00 7.16352E-01 3.78584E+01 
6.57300E+00 8.35087E-01 6.11015E+01 
8.33081E+00 9.74469E-01 8.29670E+01 
9.97373E+00 1.07073E+00 9.70296E+01 
4.51029E-01 2.21733E-02 8.43976E-03 
4.75722E-01 3.53295E-02 9.92110E-03 
5.26296E-01 5.92882E-02 1.17992E-02 
5.81037E-01 8.38385E-02 1.42152E-02 
6.43218E-01 1.09623E-01 1.73679E-02 
7.13465E-01 1.36470E-01 2.15391E-02 
7.92452E-01 1.64159E-01 2.71617E-02 
8.59994E-01 1.86017E-01 3.28928E-02 
8.80871E-01 1.92461E-01 3.48645E-02 
9.87638E-01 2.23354E-01 4.66323E-02 
1.10722E+00 2.54303E-01 6.38885E-02 
1.24072E+00 2.84954E-01 8.98599E-02 
1.38930E+00 3.15100E-01 1.30067E-01 
1.56812E+00 3.71850E-01 1.94154E-01 
1.76671E+00 4.02033E-01 2.99702E-01 
1.98688E+00 4.30972E-01 4.79719E-01 
2.23016E+00 4.58333E-01 7.97971E-01 
2.49845E+00 4.83897E-01 1.38268E+00 
2.79437E+00 5.07600E-01 2.49639E+00 
3.12381E+00 5.29921E-01 4.68407E+00 
3.50430E+00 5.53046E-01 9.03300E+00 
3.99381E+00 5.84464E-01 1.74357E+01 
4.74860E+00 6.42654E-01 3.19387E+01 
5.97342E+00 7.45730E-01 5.15738E+01 
7.54511E+00 8.66275E-01 7.00678E+01 
9.00247E+00 9.47629E-01 8.19847E+01 
4.32712E-01 2.25555E-02 7.08289E-03 
4.56586E-01 3.55463E-02 8.32702E-03 
5.07216E-01 6.02291E-02 9.90307E-03 
5.59275E-01 8.39361E-02 1.19307E-02 
6.18101E-01 1.08611E-01 1.45795E-02 
6.84168E-01 1.34046E-01 1.80859E-02 
7.58084E-01 1.60033E-01 2.28114E-02 
8.21013E-01 1.80352E-01 2.76313E-02 
8.40389E-01 1.86306E-01 2.92808E-02 
9.39372E-01 2.14707E-01 3.91662E-02 
1.04982E+00 2.42870E-01 5.36881E-02 
1.17261E+00 2.70450E-01 7.55370E-02 
1.30877E+00 2.97264E-01 1.09383E-01 
1.47244E+00 3.48855E-01 1.63332E-01 
1.65353E+00 3.74955E-01 2.52215E-01 
1.85350E+00 3.99744E-01 4.03884E-01 
2.07360E+00 4.22865E-01 6.72230E-01 
2.31521E+00 4.44107E-01 1.16523E+00 
2.58067E+00 4.63469E-01 2.10490E+00 
2.87511E+00 4.81411E-01 3.95082E+00 
3.21433E+00 4.99934E-01 7.62452E+00 
3.65077E+00 5.25765E-01 1.47248E+01 
4.32570E+00 5.75340E-01 2.69868E+01 
5.42248E+00 6.64473E-01 4.36037E+01 
6.82536E+00 7.68304E-01 5.92716E+01 
8.11561E+00 8.36644E-01 6.93893E+01 
4.15772E-01 2.34310E-02 5.93525E-03 
4.38741E-01 3.62252E-02 6.97566E-03 
4.89352E-01 6.18015E-02 8.29811E-03 
5.38719E-01 8.46230E-02 9.99522E-03 
5.94155E-01 1.08127E-01 1.22163E-02 
6.56069E-01 1.32102E-01 1.51586E-02 
7.24959E-01 1.56329E-01 1.91201E-02 
7.83407E-01 1.75104E-01 2.31686E-02 
8.01385E-01 1.80585E-01 2.45562E-02 
8.92854E-01 2.06507E-01 3.28523E-02 
9.94498E-01 2.31892E-01 4.50465E-02 
1.10709E+00 2.56459E-01 6.34174E-02 
1.23142E+00 2.79788E-01 9.18439E-02 
1.38067E+00 3.26506E-01 1.37185E-01 
1.54535E+00 3.49063E-01 2.12025E-01 
1.72632E+00 3.69990E-01 3.39647E-01 
1.92456E+00 3.89164E-01 5.65549E-01 
2.14137E+00 4.06468E-01 9.81074E-01 
2.37851E+00 4.21896E-01 1.77307E+00 
2.64053E+00 4.35908E-01 3.32951E+00 
2.94160E+00 4.50328E-01 6.42942E+00 
3.32918E+00 4.71189E-01 1.24255E+01 
3.93045E+00 5.13030E-01 2.27861E+01 
4.90929E+00 5.89601E-01 3.68390E+01 
6.15710E+00 6.78443E-01 5.01072E+01 
7.29478E+00 7.35293E-01 5.86928E+01 
4.00684E-01 2.48539E-02 4.99203E-03 
4.22920E-01 3.75330E-02 5.86699E-03 
4.73020E-01 6.39227E-02 6.97956E-03 
5.19933E-01 8.59314E-02 8.40937E-03 
5.72039E-01 1.08221E-01 1.02778E-02 
6.29939E-01 1.30706E-01 1.27564E-02 
6.94060E-01 1.53184E-01 1.60925E-02 
7.48286E-01 1.70453E-01 1.95028E-02 
7.64946E-01 1.75467E-01 2.06763E-02 
8.49417E-01 1.98990E-01 2.76780E-02 
9.42887E-01 2.21747E-01 3.79522E-02 
1.04608E+00 2.43490E-01 5.34673E-02 
1.15958E+00 2.64013E-01 7.74676E-02 
1.29560E+00 3.05995E-01 1.15816E-01 
1.44514E+00 3.25061E-01 1.79012E-01 
1.60877E+00 3.42497E-01 2.86860E-01 
1.78734E+00 3.58174E-01 4.78128E-01 
1.98164E+00 3.71977E-01 8.29722E-01 
2.19337E+00 3.83974E-01 1.50072E+00 
2.42633E+00 3.94584E-01 2.81999E+00 
2.69335E+00 4.05484E-01 5.44796E+00 
3.03727E+00 4.22067E-01 1.05344E+01 
3.57295E+00 4.57221E-01 1.93320E+01 
4.44654E+00 5.22843E-01 3.12748E+01 
5.55647E+00 5.98690E-01 4.25658E+01 
6.55940E+00 6.45751E-01 4.98860E+01 
3.87110E-01 2.69171E-02 4.20179E-03 
4.08247E-01 3.92461E-02 4.93999E-03 
4.58227E-01 6.69093E-02 5.87807E-03 
5.02388E-01 8.78709E-02 7.08295E-03 
5.51223E-01 1.08880E-01 8.65947E-03 
6.05232E-01 1.29838E-01 1.07510E-02 
6.64811E-01 1.50558E-01 1.35722E-02 
7.14959E-01 1.66298E-01 1.64471E-02 
7.30322E-01 1.70834E-01 1.74357E-02 
8.08177E-01 1.92003E-01 2.33530E-02 
8.94004E-01 2.12224E-01 3.20474E-02 
9.88327E-01 2.31265E-01 4.51490E-02 
1.09177E+00 2.49036E-01 6.54757E-02 
1.21537E+00 2.86670E-01 9.79223E-02 
1.35088E+00 3.02452E-01 1.51443E-01 
1.49856E+00 3.16706E-01 2.42925E-01 
1.65892E+00 3.29196E-01 4.05066E-01 
1.83267E+00 3.39879E-01 7.03390E-01 
2.02110E+00 3.48824E-01 1.27282E+00 
2.22769E+00 3.56463E-01 2.39359E+00 
2.46387E+00 3.64313E-01 4.62747E+00 
2.76831E+00 3.77187E-01 8.95355E+00 
3.24456E+00 4.06466E-01 1.64418E+01 
4.02282E+00 4.62419E-01 2.66174E+01 
5.00832E+00 5.26842E-01 3.62490E+01 
5.89052E+00 5.65468E-01 4.25058E+01 
3.74952E-01 2.96722E-02 3.54391E-03 
3.94860E-01 4.15434E-02 4.16582E-03 
4.44725E-01 7.07678E-02 4.95752E-03 
4.86030E-01 9.04981E-02 5.97667E-03 
5.31613E-01 1.10122E-01 7.30846E-03 
5.81825E-01 1.29478E-01 9.07629E-03 
6.37012E-01 1.48396E-01 1.14630E-02 
6.83328E-01 1.62610E-01 1.39005E-02 
6.97488E-01 1.66683E-01 1.47364E-02 
7.69050E-01 1.85512E-01 1.97444E-02 
8.47649E-01 2.03223E-01 2.71135E-02 
9.33773E-01 2.19669E-01 3.82286E-02 
1.02780E+00 2.34564E-01 5.54649E-02 
1.13982E+00 2.68149E-01 8.29910E-02 
1.26241E+00 2.81175E-01 1.28495E-01 
1.39529E+00 2.92496E-01 2.06247E-01 
1.53892E+00 3.02113E-01 3.44051E-01 
1.69386E+00 3.10010E-01 5.97889E-01 
1.86113E+00 3.16278E-01 1.08275E+00 
2.04376E+00 3.21335E-01 2.03731E+00 
2.25200E+00 3.26555E-01 3.94111E+00 
2.52083E+00 3.36234E-01 7.63177E+00 
2.94330E+00 3.60376E-01 1.40233E+01 
3.63541E+00 4.07820E-01 2.27171E+01 
4.50877E+00 4.62238E-01 3.09559E+01 
5.28297E+00 4.93629E-01 3.63176E+01 
3.64049E-01 3.31148E-02 2.99419E-03 
3.82960E-01 4.45962E-02 3.52073E-03 
4.32200E-01 7.53989E-02 4.18997E-03 
4.70694E-01 9.37741E-02 5.05420E-03 
5.13104E-01 1.11924E-01 6.18243E-03 
5.59654E-01 1.29607E-01 7.68231E-03 
6.10611E-01 1.46665E-01 9.70412E-03 
6.53271E-01 1.59332E-01 1.17753E-02 
6.66294E-01 1.62941E-01 1.24849E-02 
7.31950E-01 1.79456E-01 1.67408E-02 
8.03816E-01 1.94744E-01 2.30019E-02 
8.82245E-01 2.08677E-01 3.24532E-02 
9.67555E-01 2.21121E-01 4.71247E-02 
1.06886E+00 2.50852E-01 7.05858E-02 
1.17938E+00 2.61104E-01 1.09305E-01 
1.29863E+00 2.69759E-01 1.75589E-01 
1.42699E+00 2.76803E-01 2.93170E-01 
1.56472E+00 2.82226E-01 5.09819E-01 
1.71276E+00 2.86159E-01 9.24010E-01 
1.87366E+00 2.88985E-01 1.73988E+00 
2.05667E+00 2.91962E-01 3.36746E+00 
2.29334E+00 2.98904E-01 6.52530E+00 
2.66735E+00 3.18586E-01 1.19984E+01 
3.28168E+00 3.58568E-01 1.94492E+01 
4.05419E+00 4.04256E-01 2.65179E+01 
4.73198E+00 4.29479E-01 3.11248E+01 
3.54259E-01 3.72481E-02 2.53420E-03 
3.71960E-01 4.81213E-02 2.98118E-03 
4.20030E-01 8.03370E-02 3.55042E-03 
4.56178E-01 9.76433E-02 4.28352E-03 
4.95518E-01 1.14212E-01 5.24329E-03 
5.38548E-01 1.30144E-01 6.51854E-03 
5.85505E-01 1.45292E-01 8.24145E-03 
6.24689E-01 1.56399E-01 1.00025E-02 
6.36630E-01 1.59535E-01 1.06072E-02 
6.96749E-01 1.73762E-01 1.42341E-02 
7.62312E-01 1.86688E-01 1.95764E-02 
8.33561E-01 1.98204E-01 2.76337E-02 
9.10820E-01 2.08346E-01 4.01708E-02 
1.00207E+00 2.34453E-01 6.02037E-02 
1.10145E+00 2.42115E-01 9.33058E-02 
1.20825E+00 2.48362E-01 1.50013E-01 
1.32250E+00 2.53085E-01 2.50674E-01 
1.44457E+00 2.56337E-01 4.36265E-01 
1.57507E+00 2.58237E-01 7.91034E-01 
1.71631E+00 2.59164E-01 1.49059E+00 
1.87659E+00 2.60252E-01 2.88741E+00 
2.08426E+00 2.64869E-01 5.59778E+00 
2.41451E+00 2.80689E-01 1.02995E+01 
2.95873E+00 3.14148E-01 1.67053E+01 
3.64055E+00 3.52246E-01 2.27881E+01 
4.23231E+00 3.72236E-01 2.67562E+01 
3.45568E-01 4.21261E-02 2.15168E-03 
3.61950E-01 5.21924E-02 2.53163E-03 
4.08918E-01 8.63185E-02 3.01670E-03 
4.42404E-01 1.02015E-01 3.64216E-03 
4.78797E-01 1.16893E-01 4.46260E-03 
5.18451E-01 1.30977E-01 5.55050E-03 
5.61619E-01 1.44167E-01 7.02308E-03 
5.97565E-01 1.53706E-01 8.52989E-03 
6.08508E-01 1.56378E-01 9.04821E-03 
6.63423E-01 1.68325E-01 1.21508E-02 
7.23092E-01 1.78934E-01 1.67224E-02 
7.87748E-01 1.88147E-01 2.36380E-02 
8.57529E-01 1.95858E-01 3.43786E-02 
9.39436E-01 2.18607E-01 5.15602E-02 
1.02863E+00 2.24131E-01 8.00084E-02 
1.12391E+00 2.28201E-01 1.28719E-01 
1.22537E+00 2.30885E-01 2.15236E-01 
1.33312E+00 2.32236E-01 3.74804E-01 
1.44777E+00 2.32404E-01 6.80113E-01 
1.57128E+00 2.31737E-01 1.28234E+00 
1.71110E+00 2.31259E-01 2.48572E+00 
1.89277E+00 2.33936E-01 4.82168E+00 
2.18373E+00 2.46447E-01 8.87601E+00 
2.66488E+00 2.74237E-01 1.44034E+01 
3.26551E+00 3.05777E-01 1.96556E+01 
3.78083E+00 3.21373E-01 2.30830E+01 
3.37850E-01 4.76859E-02 1.83300E-03 
3.53150E-01 5.69639E-02 2.15895E-03 
3.98446E-01 9.28717E-02 2.57376E-03 
4.29216E-01 1.06706E-01 3.10938E-03 
4.62787E-01 1.19778E-01 3.81291E-03 
4.99293E-01 1.31951E-01 4.74790E-03 
5.38909E-01 1.43144E-01 6.01202E-03 
5.71802E-01 1.51092E-01 7.30584E-03 
5.81805E-01 1.53293E-01 7.75165E-03 
6.31905E-01 1.63003E-01 1.04211E-02 
6.86157E-01 1.71379E-01 1.43561E-02 
7.44681E-01 1.78379E-01 2.03128E-02 
8.07580E-01 1.83908E-01 2.95624E-02 
8.80889E-01 2.03582E-01 4.43946E-02 
9.60651E-01 2.07028E-01 6.89280E-02 
1.04540E+00 2.09163E-01 1.10961E-01 
1.13515E+00 2.10057E-01 1.85684E-01 
1.22998E+00 2.09788E-01 3.23588E-01 
1.33026E+00 2.08496E-01 5.87534E-01 
1.43782E+00 2.06523E-01 1.10842E+00 
1.55929E+00 2.04775E-01 2.14919E+00 
1.71768E+00 2.05858E-01 4.17125E+00 
1.97341E+00 2.15558E-01 7.68179E+00 
2.39803E+00 2.38453E-01 1.24697E+01 
2.92609E+00 2.64357E-01 1.70202E+01 
3.37369E+00 2.76303E-01 1.99889E+01 
3.30860E-01 5.36184E-02 1.56831E-03 
3.45007E-01 6.18965E-02 1.84896E-03 
3.88242E-01 9.96413E-02 2.20702E-03 
4.16548E-01 1.11542E-01 2.66874E-03 
4.47440E-01 1.22657E-01 3.27489E-03 
4.80987E-01 1.32839E-01 4.08176E-03 
5.17320E-01 1.42011E-01 5.17507E-03 
5.47400E-01 1.48381E-01 6.29327E-03 
5.56528E-01 1.50117E-01 6.67845E-03 
6.02182E-01 1.57647E-01 8.98692E-03 
6.51415E-01 1.63878E-01 1.23940E-02 
7.04323E-01 1.68819E-01 1.75515E-02 
7.60933E-01 1.72597E-01 2.55788E-02 
8.26207E-01 1.89175E-01 3.84306E-02 
8.97341E-01 1.90698E-01 5.97120E-02 
9.72507E-01 1.91136E-01 9.61910E-02 
1.05163E+00 1.90494E-01 1.61076E-01 
1.13470E+00 1.88859E-01 2.80851E-01 
1.22207E+00 1.86378E-01 5.10196E-01 
1.31529E+00 1.83361E-01 9.62773E-01 
1.42033E+00 1.80614E-01 1.86754E+00 
1.55793E+00 1.80419E-01 3.62528E+00 
1.78218E+00 1.87756E-01 6.67807E+00 
2.15625E+00 2.06456E-01 1.08420E+01 
2.61967E+00 2.27556E-01 1.47989E+01 
3.00746E+00 2.36502E-01 1.73770E+01 
3.24541E-01 5.97453E-02 1.34936E-03 
3.37532E-01 6.67642E-02 1.59206E-03 
3.77728E-01 1.05491E-01 1.90310E-03 
4.04222E-01 1.16078E-01 2.30370E-03 
4.32688E-01 1.25235E-01 2.83031E-03 
4.63509E-01 1.33387E-01 3.53149E-03 
4.96788E-01 1.40519E-01 4.48070E-03 
5.24297E-01 1.45340E-01 5.45470E-03 
5.32639E-01 1.46636E-01 5.79009E-03 
5.74193E-01 1.52047E-01 7.79991E-03 
6.18831E-01 1.56263E-01 1.07676E-02 
6.66563E-01 1.59295E-01 1.52596E-02 
7.17383E-01 1.61198E-01 2.22599E-02 
7.75260E-01 1.75035E-01 3.34721E-02 
8.38506E-01 1.75003E-01 5.20357E-02 
9.04907E-01 1.73987E-01 8.38752E-02 
9.74366E-01 1.72058E-01 1.40513E-01 
1.04683E+00 1.69311E-01 2.45108E-01 
1.12256E+00 1.65891E-01 4.45358E-01 
1.20293E+00 1.62078E-01 8.40624E-01 
1.29333E+00 1.58588E-01 1.63081E+00 
1.41237E+00 1.57393E-01 3.16585E+00 
1.60854E+00 1.62773E-01 5.83179E+00 
1.93747E+00 1.77900E-01 9.46720E+00 
2.34341E+00 1.94931E-01 1.29190E+01 
2.67849E+00 2.01446E-01 1.51629E+01 
3.18985E-01 6.60090E-02 1.16816E-03 
3.31207E-01 7.21115E-02 1.38053E-03 
3.67996E-01 1.11986E-01 1.65172E-03 
3.92265E-01 1.20067E-01 2.00230E-03 
4.18500E-01 1.27148E-01 2.46267E-03 
4.46869E-01 1.33280E-01 3.07752E-03 
4.77398E-01 1.38428E-01 3.90900E-03 
5.02539E-01 1.41744E-01 4.76180E-03 
5.10144E-01 1.42600E-01 5.05536E-03 
5.47964E-01 1.46022E-01 6.81834E-03 
5.88395E-01 1.48355E-01 9.42033E-03 
6.31414E-01 1.49631E-01 1.33667E-02 
6.76943E-01 1.49800E-01 1.95053E-02 
7.27996E-01 1.61240E-01 2.93483E-02 
7.84017E-01 1.59866E-01 4.56573E-02 
8.42440E-01 1.57633E-01 7.36106E-02 
9.03119E-01 1.54663E-01 1.23362E-01 
9.65983E-01 1.51050E-01 2.15182E-01 
1.03126E+00 1.46929E-01 3.91032E-01 
1.10015E+00 1.42554E-01 7.37983E-01 
1.17751E+00 1.38550E-01 1.43144E+00 
1.28011E+00 1.36616E-01 2.77814E+00 
1.45125E+00 1.40398E-01 5.11568E+00 
1.74006E+00 1.52514E-01 8.30157E+00 
2.09507E+00 1.66132E-01 1.13221E+01 
2.38389E+00 1.70713E-01 1.32788E+01 
3.14059E-01 7.17669E-02 1.01897E-03 
3.25261E-01 7.60881E-02 1.20628E-03 
3.58152E-01 1.16730E-01 1.44537E-03 
3.80737E-01 1.23056E-01 1.75461E-03 
4.04985E-01 1.28061E-01 2.16058E-03 
4.31121E-01 1.32186E-01 2.70223E-03 
4.59178E-01 1.35440E-01 3.43702E-03 
4.82187E-01 1.37349E-01 4.18991E-03 
4.89129E-01 1.37803E-01 4.44913E-03 
5.23558E-01 1.39402E-01 6.00602E-03 
5.60144E-01 1.40033E-01 8.30556E-03 
5.98824E-01 1.39768E-01 1.17897E-02 
6.39499E-01 1.38741E-01 1.72217E-02 
6.84260E-01 1.47772E-01 2.59123E-02 
7.33681E-01 1.45205E-01 4.03195E-02 
7.84847E-01 1.42007E-01 6.50282E-02 
8.37587E-01 1.38245E-01 1.08929E-01 
8.91839E-01 1.34005E-01 1.90030E-01 
9.47721E-01 1.29410E-01 3.45186E-01 
1.00638E+00 1.24686E-01 6.51256E-01 
1.07218E+00 1.20376E-01 1.26268E+00 
1.16019E+00 1.17931E-01 2.44898E+00 
1.30920E+00 1.20441E-01 4.50671E+00 
1.56241E+00 1.30046E-01 7.30794E+00 
1.87245E+00 1.40834E-01 9.95840E+00 
2.12084E+00 1.43906E-01 1.16669E+01 
3.09861E-01 7.67260E-02 8.97023E-04 
3.20398E-01 7.95510E-02 1.06335E-03 
3.48763E-01 1.20469E-01 1.27613E-03 
3.69722E-01 1.24448E-01 1.55101E-03 
3.92282E-01 1.27567E-01 1.91252E-03 
4.16467E-01 1.29857E-01 2.39417E-03 
4.42290E-01 1.31352E-01 3.04747E-03 
4.63377E-01 1.31980E-01 3.71801E-03 
4.69720E-01 1.32082E-01 3.94868E-03 
5.01041E-01 1.32045E-01 5.33353E-03 
5.34113E-01 1.31208E-01 7.38028E-03 
5.68817E-01 1.29635E-01 1.04791E-02 
6.05048E-01 1.27429E-01 1.53100E-02 
6.44014E-01 1.34457E-01 2.30411E-02 
6.87413E-01 1.30995E-01 3.58386E-02 
7.31966E-01 1.27091E-01 5.77854E-02 
7.77530E-01 1.22774E-01 9.67922E-02 
8.23990E-01 1.18132E-01 1.68730E-01 
8.71511E-01 1.13275E-01 3.06349E-01 
9.21065E-01 1.08399E-01 5.77537E-01 
9.76639E-01 1.03967E-01 1.11868E+00 
1.05180E+00 1.01211E-01 2.16786E+00 
1.18127E+00 1.02736E-01 3.98555E+00 
1.40305E+00 1.10273E-01 6.45585E+00 
1.67353E+00 1.18741E-01 8.78627E+00 
1.88671E+00 1.20667E-01 1.02791E+01 
3.06568E-01 8.04607E-02 7.97244E-04 
3.16885E-01 8.27313E-02 9.46702E-04 
3.39996E-01 1.21843E-01 1.13747E-03 
3.59583E-01 1.24143E-01 1.38408E-03 
3.80649E-01 1.25457E-01 1.70797E-03 
4.03120E-01 1.26089E-01 2.14069E-03 
4.26927E-01 1.26028E-01 2.72607E-03 
4.46259E-01 1.25539E-01 3.32723E-03 
4.52053E-01 1.25329E-01 3.53411E-03 
4.80532E-01 1.23902E-01 4.77527E-03 
5.10355E-01 1.21846E-01 6.60803E-03 
5.41406E-01 1.19215E-01 9.38618E-03 
5.73575E-01 1.16009E-01 1.37064E-02 
6.07220E-01 1.21314E-01 2.06228E-02 
6.45099E-01 1.17290E-01 3.20691E-02 
6.83649E-01 1.12913E-01 5.16678E-02 
7.22705E-01 1.08268E-01 8.64775E-02 
7.62174E-01 1.03432E-01 1.50615E-01 
8.02206E-01 9.85022E-02 2.73157E-01 
8.43705E-01 9.36422E-02 5.14386E-01 
8.90273E-01 8.92448E-02 9.95252E-01 
9.54166E-01 8.63524E-02 1.92603E+00 
1.06645E+00 8.71360E-02 3.53594E+00 
1.26058E+00 9.29965E-02 5.71920E+00 
1.49642E+00 9.95869E-02 7.77117E+00 
1.67912E+00 1.00670E-01 9.07567E+00 
3.04431E-01 8.28711E-02 7.15627E-04 
3.14323E-01 8.34000E-02 8.51161E-04 
3.32052E-01 1.21106E-01 1.02379E-03 
3.50664E-01 1.21900E-01 1.24680E-03 
3.70417E-01 1.21633E-01 1.53955E-03 
3.91311E-01 1.20799E-01 1.93013E-03 
4.13292E-01 1.19433E-01 2.45930E-03 
4.30993E-01 1.18028E-01 3.00133E-03 
4.36284E-01 1.17563E-01 3.18819E-03 
4.62127E-01 1.15036E-01 4.30820E-03 
4.88931E-01 1.12031E-01 5.96065E-03 
5.16590E-01 1.08610E-01 8.46155E-03 
5.44950E-01 1.04827E-01 1.23504E-02 
5.73752E-01 1.08567E-01 1.85699E-02 
6.06551E-01 1.04159E-01 2.88475E-02 
6.39627E-01 9.95357E-02 4.64337E-02 
6.72812E-01 9.47739E-02 7.76107E-02 
7.06044E-01 8.99301E-02 1.35015E-01 
7.39422E-01 8.50872E-02 2.44522E-01 
7.73809E-01 8.03853E-02 4.59772E-01 
8.12490E-01 7.61522E-02 8.88051E-01 
8.66529E-01 7.32563E-02 1.71593E+00 
9.63780E-01 7.35086E-02 3.14465E+00 
1.13370E+00 7.80267E-02 5.07686E+00 
1.33936E+00 8.31228E-02 6.88524E+00 
1.49580E+00 8.36084E-02 8.02438E+00 
3.03696E-01 8.35298E-02 6.48970E-04 
3.13279E-01 8.28349E-02 7.72551E-04 
3.25679E-01 1.18456E-01 9.29980E-04 
3.43308E-01 1.17652E-01 1.13292E-03 
3.61867E-01 1.16081E-01 1.39953E-03 
3.81296E-01 1.14099E-01 1.75431E-03 
4.01553E-01 1.11705E-01 2.23516E-03 
4.17727E-01 1.09600E-01 2.72740E-03 
4.22533E-01 1.08945E-01 2.89649E-03 
4.45872E-01 1.05604E-01 3.91235E-03 
4.69843E-01 1.01936E-01 5.40957E-03 
4.94313E-01 9.79999E-02 7.67226E-03 
5.19114E-01 9.38887E-02 1.11893E-02 
5.43466E-01 9.63369E-02 1.68006E-02 
5.71653E-01 9.17351E-02 2.60688E-02 
5.99742E-01 8.70699E-02 4.18917E-02 
6.27643E-01 8.23619E-02 6.99305E-02 
6.55256E-01 7.76622E-02 1.21427E-01 
6.82755E-01 7.30370E-02 2.19534E-01 
7.10907E-01 6.86020E-02 4.12006E-01 
7.42700E-01 6.46258E-02 7.94225E-01 
7.88202E-01 6.18370E-02 1.53153E+00 
8.72389E-01 6.17273E-02 2.80109E+00 
1.02123E+00 6.51903E-02 4.51260E+00 
1.20069E+00 6.91084E-02 6.10606E+00 
1.33463E+00 6.91896E-02 7.09956E+00 
3.04460E-01 8.25142E-02 5.93894E-04 
3.13859E-01 8.12695E-02 7.07184E-04 
3.21273E-01 1.13029E-01 8.51451E-04 
3.37854E-01 1.11503E-01 1.03722E-03 
3.55222E-01 1.09064E-01 1.28097E-03 
3.73227E-01 1.06226E-01 1.60529E-03 
3.91782E-01 1.03099E-01 2.04358E-03 
4.06471E-01 1.00508E-01 2.49265E-03 
4.10811E-01 9.97239E-02 2.64684E-03 
4.31733E-01 9.58522E-02 3.57113E-03 
4.52987E-01 9.17860E-02 4.93218E-03 
4.74422E-01 8.75728E-02 6.98711E-03 
4.95922E-01 8.32568E-02 1.01742E-02 
5.16238E-01 8.46987E-02 1.52547E-02 
5.40141E-01 8.01603E-02 2.36258E-02 
5.63708E-01 7.56131E-02 3.79048E-02 
5.86825E-01 7.10970E-02 6.31398E-02 
6.09465E-01 6.66573E-02 1.09434E-01 
6.31769E-01 6.23457E-02 1.97437E-01 
6.54464E-01 5.82484E-02 3.69749E-01 
6.80322E-01 5.45935E-02 7.11274E-01 
7.18430E-01 5.19822E-02 1.36830E+00 
7.91295E-01 5.16417E-02 2.49661E+00 
9.21827E-01 5.42842E-02 4.01224E+00 
1.07864E+00 5.72868E-02 5.41528E+00 
1.19339E+00 5.71102E-02 6.28031E+00 
3.06767E-01 8.02146E-02 5.47647E-04 
3.15897E-01 7.80460E-02 6.52065E-04 
3.18753E-01 1.06568E-01 7.84767E-04 
3.34383E-01 1.04215E-01 9.55580E-04 
3.50558E-01 1.01018E-01 1.17915E-03 
3.67112E-01 9.76047E-02 1.47639E-03 
3.83977E-01 9.40254E-02 1.87778E-03 
3.97175E-01 9.11485E-02 2.28822E-03 
4.01054E-01 9.02935E-02 2.42917E-03 
4.19638E-01 8.61466E-02 3.27300E-03 
4.38255E-01 8.19106E-02 4.51327E-03 
4.56815E-01 7.76255E-02 6.38376E-03 
4.75228E-01 7.32929E-02 9.27856E-03 
4.91900E-01 7.39633E-02 1.38857E-02 
5.11884E-01 6.96175E-02 2.14617E-02 
5.31360E-01 6.53071E-02 3.43664E-02 
5.50230E-01 6.10847E-02 5.71265E-02 
5.68483E-01 5.69787E-02 9.87891E-02 
5.86263E-01 5.30299E-02 1.77848E-01 
6.04261E-01 4.93133E-02 3.32208E-01 
6.25026E-01 4.60107E-02 6.37454E-01 
6.56834E-01 4.36163E-02 1.22332E+00 
7.19974E-01 4.31438E-02 2.22619E+00 
8.34738E-01 4.51584E-02 3.56808E+00 
9.72165E-01 4.74613E-02 4.80298E+00 
1.07069E+00 4.71327E-02 5.55505E+00 
3.10462E-01 7.66271E-02 5.07547E-04 
3.19239E-01 7.39303E-02 6.04129E-04 
3.18580E-01 9.87203E-02 7.26457E-04 
3.32850E-01 9.60208E-02 8.83726E-04 
3.47707E-01 9.23843E-02 1.08931E-03 
3.62738E-01 8.86656E-02 1.36224E-03 
3.77849E-01 8.48564E-02 1.73026E-03 
3.89565E-01 8.18632E-02 2.10597E-03 
3.92989E-01 8.09833E-02 2.23505E-03 
4.09240E-01 7.67684E-02 3.00625E-03 
4.25319E-01 7.25452E-02 4.13822E-03 
4.41147E-01 6.83434E-02 5.84121E-03 
4.56615E-01 6.42000E-02 8.47375E-03 
4.70038E-01 6.42607E-02 1.26535E-02 
4.86481E-01 6.01612E-02 1.95174E-02 
5.02278E-01 5.61652E-02 3.11781E-02 
5.17378E-01 5.22897E-02 5.17084E-02 
5.31765E-01 4.85571E-02 8.92040E-02 
5.45610E-01 4.49985E-02 1.60163E-01 
5.59580E-01 4.16708E-02 2.98464E-01 
5.75999E-01 3.87239E-02 5.71199E-01 
6.02429E-01 3.65651E-02 1.09321E+00 
6.57226E-01 3.60291E-02 1.98400E+00 
7.58406E-01 3.75648E-02 3.17106E+00 
8.79199E-01 3.93336E-02 4.25651E+00 
9.64003E-01 3.89253E-02 4.90907E+00 
3.15111E-01 7.23711E-02 4.71917E-04 
3.23326E-01 6.95269E-02 5.61141E-04 
3.19703E-01 9.07924E-02 6.74238E-04 
3.32921E-01 8.74053E-02 8.18996E-04 
3.46333E-01 8.36743E-02 1.00830E-03 
3.59743E-01 7.98498E-02 1.25907E-03 
3.73072E-01 7.59928E-02 1.59663E-03 
3.83294E-01 7.30077E-02 1.94075E-03 
3.86258E-01 7.21366E-02 2.05885E-03 
4.00226E-01 6.80033E-02 2.76398E-03 
4.13877E-01 6.39192E-02 3.79718E-03 
4.27119E-01 5.99099E-02 5.34842E-03 
4.39863E-01 5.60162E-02 7.74246E-03 
4.50404E-01 5.56356E-02 1.15358E-02 
4.63649E-01 5.18558E-02 1.77521E-02 
4.76171E-01 4.82077E-02 2.82881E-02 
4.87943E-01 4.46983E-02 4.67939E-02 
4.98983E-01 4.13458E-02 8.05228E-02 
5.09457E-01 3.81726E-02 1.44205E-01 
5.19984E-01 3.52212E-02 2.68057E-01 
5.32742E-01 3.26158E-02 5.11684E-01 
5.54609E-01 3.06903E-02 9.76458E-01 
6.02283E-01 3.01349E-02 1.76720E+00 
6.91796E-01 3.13076E-02 2.81645E+00 
7.98335E-01 3.26693E-02 3.76939E+00 
8.71565E-01 3.22283E-02 4.33473E+00 
3.20164E-01 6.78475E-02 4.39544E-04 
3.27704E-01 6.48036E-02 5.21978E-04 
3.22243E-01 8.26274E-02 6.26252E-04 
3.34002E-01 7.91099E-02 7.59758E-04 
3.45904E-01 7.53059E-02 9.33825E-04 
3.57649E-01 7.15072E-02 1.16415E-03 
3.69192E-01 6.77305E-02 1.47377E-03 
3.77929E-01 6.48389E-02 1.78906E-03 
3.80448E-01 6.39970E-02 1.89699E-03 
3.92228E-01 6.00391E-02 2.54167E-03 
4.03565E-01 5.61727E-02 3.48390E-03 
4.14389E-01 5.24183E-02 4.89680E-03 
4.24678E-01 4.87734E-02 7.07241E-03 
4.32672E-01 4.80999E-02 1.05137E-02 
4.43051E-01 4.46725E-02 1.61403E-02 
4.52692E-01 4.13774E-02 2.56593E-02 
4.61566E-01 3.82299E-02 4.23431E-02 
4.69721E-01 3.52415E-02 7.26774E-02 
4.77311E-01 3.24262E-02 1.29814E-01 
4.84945E-01 2.98263E-02 2.40650E-01 
4.94608E-01 2.75349E-02 4.58063E-01 
5.12644E-01 2.58303E-02 8.71830E-01 
5.54222E-01 2.52820E-02 1.57323E+00 
6.33692E-01 2.61794E-02 2.49986E+00 
7.28024E-01 2.72300E-02 3.33583E+00 
7.91485E-01 2.67850E-02 3.82499E+00 
3.25021E-01 6.32916E-02 4.09301E-04 
3.31839E-01 6.01083E-02 4.85534E-04 
3.25259E-01 7.46287E-02 5.81669E-04 
3.35503E-01 7.13129E-02 7.04700E-04 
3.45865E-01 6.75726E-02 8.64762E-04 
3.55957E-01 6.38886E-02 1.07636E-03 
3.65729E-01 6.02619E-02 1.36017E-03 
3.73055E-01 5.75040E-02 1.64881E-03 
3.75156E-01 5.67067E-02 1.74775E-03 
3.84864E-01 5.29730E-02 2.33697E-03 
3.94050E-01 4.93568E-02 3.19641E-03 
4.02685E-01 4.58700E-02 4.48330E-03 
4.10711E-01 4.25243E-02 6.45954E-03 
4.16520E-01 4.16316E-02 9.58114E-03 
4.24378E-01 3.85328E-02 1.46725E-02 
4.31503E-01 3.55761E-02 2.32698E-02 
4.37887E-01 3.27673E-02 3.83050E-02 
4.43571E-01 3.01148E-02 6.55794E-02 
4.48727E-01 2.76304E-02 1.16833E-01 
4.53913E-01 2.53407E-02 2.15983E-01 
4.60982E-01 2.33283E-02 4.09975E-01 
4.75771E-01 2.18239E-02 7.78133E-01 
5.12128E-01 2.12982E-02 1.40004E+00 
5.82937E-01 2.19851E-02 2.21805E+00 
6.66790E-01 2.27991E-02 2.95102E+00 
7.21975E-01 2.23661E-02 3.37384E+00 
3.29192E-01 5.90098E-02 3.81038E-04 
3.35179E-01 5.58518E-02 4.51452E-04 
3.27638E-01 6.80256E-02 5.40157E-04 
3.36902E-01 6.42475E-02 6.53421E-04 
3.45731E-01 6.06428E-02 8.00631E-04 
3.54226E-01 5.71101E-02 9.94843E-04 
3.62340E-01 5.36617E-02 1.25517E-03 
3.68339E-01 5.10553E-02 1.51937E-03 
3.70043E-01 5.03072E-02 1.60986E-03 
3.77845E-01 4.68092E-02 2.14817E-03 
3.85090E-01 4.34466E-02 2.93272E-03 
3.91738E-01 4.02300E-02 4.10349E-03 
3.97761E-01 3.71753E-02 5.90066E-03 
4.01676E-01 3.61273E-02 8.73045E-03 
4.07348E-01 3.33324E-02 1.33398E-02 
4.12298E-01 3.06824E-02 2.11028E-02 
4.16541E-01 2.81796E-02 3.46517E-02 
4.20125E-01 2.58274E-02 5.91725E-02 
4.23218E-01 2.36343E-02 1.05146E-01 
4.26344E-01 2.16198E-02 1.93852E-01 
4.31234E-01 1.98523E-02 3.66986E-01 
4.43266E-01 1.85246E-02 6.94500E-01 
4.75132E-01 1.80287E-02 1.24594E+00 
5.38440E-01 1.85546E-02 1.96802E+00 
6.13235E-01 1.91852E-02 2.61046E+00 
6.61382E-01 1.87740E-02 2.97576E+00 
3.32287E-01 5.51514E-02 3.54781E-04 
3.37490E-01 5.19762E-02 4.19814E-04 
3.30131E-01 6.14247E-02 5.01614E-04 
3.37758E-01 5.80094E-02 6.06024E-04 
3.45140E-01 5.45608E-02 7.41523E-04 
3.52146E-01 5.11893E-02 9.19888E-04 
3.58737E-01 4.79183E-02 1.15862E-03 
3.63524E-01 4.54646E-02 1.40072E-03 
3.64871E-01 4.47598E-02 1.48342E-03 
3.70953E-01 4.14879E-02 1.97534E-03 
3.76453E-01 3.83661E-02 2.69106E-03 
3.81344E-01 3.54006E-02 3.75737E-03 
3.85625E-01 3.25853E-02 5.39059E-03 
3.87908E-01 3.14522E-02 7.95844E-03 
3.91670E-01 2.89373E-02 1.21307E-02 
3.94748E-01 2.65625E-02 1.91441E-02 
3.97153E-01 2.43305E-02 3.13584E-02 
3.98945E-01 2.22422E-02 5.34119E-02 
4.00285E-01 2.03023E-02 9.46527E-02 
4.01678E-01 1.85285E-02 1.74058E-01 
4.04724E-01 1.69743E-02 3.28574E-01 
4.14401E-01 1.58008E-02 6.20080E-01 
4.42374E-01 1.53375E-02 1.10915E+00 
4.99139E-01 1.57393E-02 1.74667E+00 
5.66076E-01 1.62292E-02 2.30992E+00 
6.08173E-01 1.58427E-02 2.62528E+00 
3.33970E-01 5.17510E-02 3.30418E-04 
3.38473E-01 4.85675E-02 3.90575E-04 
3.31677E-01 5.55913E-02 4.66175E-04 
3.37670E-01 5.26106E-02 5.62405E-04 
3.43775E-01 4.92808E-02 6.87154E-04 
3.49450E-01 4.60631E-02 8.51266E-04 
3.54674E-01 4.29579E-02 1.07033E-03 
3.58394E-01 4.06409E-02 1.29222E-03 
3.59427E-01 3.99781E-02 1.36807E-03 
3.63994E-01 3.69130E-02 1.81840E-03 
3.67959E-01 3.40077E-02 2.47187E-03 
3.71318E-01 3.12643E-02 3.44461E-03 
3.74044E-01 2.86883E-02 4.92999E-03 
3.74939E-01 2.74896E-02 7.26209E-03 
3.77057E-01 2.52191E-02 1.10444E-02 
3.78517E-01 2.30869E-02 1.73852E-02 
3.79346E-01 2.10921E-02 2.84027E-02 
3.79604E-01 1.92345E-02 4.82514E-02 
3.79454E-01 1.75165E-02 8.52856E-02 
3.79366E-01 1.59493E-02 1.56390E-01 
3.80842E-01 1.45790E-02 2.94430E-01 
3.88487E-01 1.35405E-02 5.53936E-01 
4.13059E-01 1.31102E-02 9.87899E-01 
4.64077E-01 1.34162E-02 1.55099E+00 
5.24128E-01 1.37970E-02 2.04487E+00 
5.60989E-01 1.34362E-02 2.31697E+00 
3.34374E-01 4.88025E-02 3.08378E-04 
3.38235E-01 4.56207E-02 3.64127E-04 
3.31774E-01 5.08792E-02 4.34074E-04 
3.36636E-01 4.79755E-02 5.22998E-04 
3.41602E-01 4.47583E-02 6.38047E-04 
3.46117E-01 4.16657E-02 7.89165E-04 
3.50154E-01 3.87050E-02 9.90811E-04 
3.52935E-01 3.65080E-02 1.19454E-03 
3.53693E-01 3.58809E-02 1.26412E-03 
3.56927E-01 3.29975E-02 1.67686E-03 
3.59555E-01 3.02821E-02 2.27488E-03 
3.61558E-01 2.77377E-02 3.16254E-03 
3.62947E-01 2.53635E-02 4.51653E-03 
3.62630E-01 2.41330E-02 6.63703E-03 
3.63323E-01 2.20753E-02 1.00682E-02 
3.63390E-01 2.01542E-02 1.58118E-02 
3.62861E-01 1.83663E-02 2.57656E-02 
3.61800E-01 1.67092E-02 4.36530E-02 
3.60369E-01 1.51826E-02 7.69452E-02 
3.59016E-01 1.37946E-02 1.40699E-01 
3.59142E-01 1.25832E-02 2.64089E-01 
3.65035E-01 1.16611E-02 4.95489E-01 
3.86621E-01 1.12633E-02 8.80917E-01 
4.32567E-01 1.14950E-02 1.37871E+00 
4.86560E-01 1.17899E-02 1.81209E+00 
5.18890E-01 1.14563E-02 2.04697E+00 
3.33354E-01 4.62404E-02 2.88260E-04 
3.36652E-01 4.30591E-02 3.39955E-04 
3.30246E-01 4.70391E-02 4.04792E-04 
3.34497E-01 4.39361E-02 4.87029E-04 
3.38476E-01 4.08192E-02 5.93320E-04 
3.41978E-01 3.78377E-02 7.32639E-04 
3.44975E-01 3.50002E-02 9.18183E-04 
3.46933E-01 3.29081E-02 1.10553E-03 
3.47450E-01 3.23124E-02 1.16935E-03 
3.49516E-01 2.95869E-02 1.54782E-03 
3.50954E-01 2.70412E-02 2.09506E-03 
3.51768E-01 2.46723E-02 2.90600E-03 
3.51965E-01 2.24745E-02 4.13992E-03 
3.50587E-01 2.12334E-02 6.06878E-03 
3.50024E-01 1.93659E-02 9.18306E-03 
3.48860E-01 1.76329E-02 1.43823E-02 
3.47136E-01 1.60284E-02 2.33733E-02 
3.44922E-01 1.45480E-02 3.94909E-02 
3.42373E-01 1.31892E-02 6.94091E-02 
3.39919E-01 1.19588E-02 1.26558E-01 
3.38869E-01 1.08859E-02 2.36845E-01 
3.43210E-01 1.00672E-02 4.42993E-01 
3.62128E-01 9.70089E-03 7.85170E-01 
4.03515E-01 9.87432E-03 1.22498E+00 
4.52077E-01 1.01019E-02 1.60488E+00 
4.80379E-01 9.79409E-03 1.80713E+00 
3.31100E-01 4.40758E-02 2.70271E-04 
3.33921E-01 4.08742E-02 3.18336E-04 
3.27708E-01 4.36929E-02 3.78491E-04 
3.31374E-01 4.04737E-02 4.54706E-04 
3.34510E-01 3.74292E-02 5.53059E-04 
3.37130E-01 3.45358E-02 6.81731E-04 
3.39214E-01 3.18001E-02 8.52723E-04 
3.40454E-01 2.97945E-02 1.02510E-03 
3.40751E-01 2.92275E-02 1.08388E-03 
3.41787E-01 2.66367E-02 1.43148E-03 
3.42173E-01 2.42366E-02 1.93298E-03 
3.41924E-01 2.20208E-02 2.67457E-03 
3.41057E-01 1.99834E-02 3.80044E-03 
3.38745E-01 1.87430E-02 5.55676E-03 
3.37074E-01 1.70420E-02 8.38605E-03 
3.34830E-01 1.54734E-02 1.30983E-02 
3.32059E-01 1.40297E-02 2.12248E-02 
3.28838E-01 1.27041E-02 3.57582E-02 
3.25319E-01 1.14928E-02 6.26668E-02 
3.21910E-01 1.03989E-02 1.13911E-01 
3.19841E-01 9.44692E-03 2.12544E-01 
3.22820E-01 8.71849E-03 3.96241E-01 
3.39358E-01 8.38208E-03 7.00070E-01 
3.76649E-01 8.51008E-03 1.08867E+00 
4.20349E-01 8.68458E-03 1.42167E+00 
4.45090E-01 8.40150E-03 1.59560E+00 
3.27669E-01 4.22236E-02 2.54033E-04 
3.30094E-01 3.89747E-02 2.98797E-04 
3.24298E-01 4.06290E-02 3.54654E-04 
3.27220E-01 3.74842E-02 4.25363E-04 
3.29620E-01 3.44915E-02 5.16430E-04 
3.31474E-01 3.16647E-02 6.35352E-04 
3.32757E-01 2.90117E-02 7.93147E-04 
3.33360E-01 2.70785E-02 9.51837E-04 
3.33461E-01 2.65351E-02 1.00595E-03 
3.33575E-01 2.40609E-02 1.32529E-03 
3.33024E-01 2.17869E-02 1.78507E-03 
3.31826E-01 1.97060E-02 2.46343E-03 
3.30011E-01 1.78069E-02 3.49092E-03 
3.26865E-01 1.65817E-02 5.09024E-03 
3.24213E-01 1.50278E-02 7.66003E-03 
3.21015E-01 1.36047E-02 1.19302E-02 
3.17323E-01 1.23029E-02 1.92768E-02 
3.13219E-01 1.11141E-02 3.23779E-02 
3.08853E-01 1.00326E-02 5.65666E-02 
3.04617E-01 9.05887E-03 1.02500E-01 
3.01661E-01 8.21346E-03 1.90620E-01 
3.03443E-01 7.56456E-03 3.54287E-01 
3.17837E-01 7.25634E-03 6.23852E-01 
3.51406E-01 7.34869E-03 9.66900E-01 
3.90708E-01 7.48063E-03 1.25847E+00 
4.12272E-01 7.22135E-03 1.40776E+00 
3.23140E-01 4.06702E-02 2.39306E-04 
3.25263E-01 3.73453E-02 2.80979E-04 
3.19798E-01 3.80532E-02 3.32953E-04 
3.22139E-01 3.49128E-02 3.98572E-04 
3.23906E-01 3.19514E-02 4.82924E-04 
3.25081E-01 2.91739E-02 5.92914E-04 
3.25650E-01 2.65844E-02 7.38488E-04 
3.25669E-01 2.47113E-02 8.84674E-04 
3.25605E-01 2.41850E-02 9.34397E-04 
3.24884E-01 2.18075E-02 1.22782E-03 
3.23476E-01 1.96420E-02 1.64934E-03 
3.21412E-01 1.76775E-02 2.26970E-03 
3.18732E-01 1.59016E-02 3.20706E-03 
3.14841E-01 1.46975E-02 4.66281E-03 
3.11311E-01 1.32734E-02 6.99642E-03 
3.07265E-01 1.19789E-02 1.08629E-02 
3.02763E-01 1.08026E-02 1.74984E-02 
2.97886E-01 9.73464E-03 2.92976E-02 
2.92790E-01 8.76729E-03 5.10188E-02 
2.87838E-01 7.90036E-03 9.21539E-02 
2.84117E-01 7.14854E-03 1.70820E-01 
2.84841E-01 6.57052E-03 3.16425E-01 
2.97301E-01 6.28871E-03 5.55339E-01 
3.27479E-01 6.35298E-03 8.57821E-01 
3.62768E-01 6.45106E-03 1.11266E+00 
3.81486E-01 6.21402E-03 1.24046E+00 
3.17564E-01 3.93902E-02 2.25752E-04 
3.19380E-01 3.59778E-02 2.64511E-04 
3.14307E-01 3.58281E-02 3.12813E-04 
3.16080E-01 3.27023E-02 3.73700E-04 
3.17273E-01 2.97549E-02 4.51780E-04 
3.17835E-01 2.70083E-02 5.53392E-04 
3.17759E-01 2.44654E-02 6.87623E-04 
3.17258E-01 2.26387E-02 8.22209E-04 
3.17044E-01 2.21268E-02 8.67916E-04 
3.15568E-01 1.98297E-02 1.13733E-03 
3.13390E-01 1.77559E-02 1.52329E-03 
3.10550E-01 1.58926E-02 2.08998E-03 
3.07097E-01 1.42238E-02 2.94427E-03 
3.02544E-01 1.30474E-02 4.26774E-03 
2.98241E-01 1.17375E-02 6.38383E-03 
2.93450E-01 1.05569E-02 9.88093E-03 
2.88240E-01 9.49207E-03 1.58646E-02 
2.82699E-01 8.53125E-03 2.64765E-02 
2.76977E-01 7.66548E-03 4.59562E-02 
2.71420E-01 6.89263E-03 8.27346E-02 
2.67047E-01 6.22393E-03 1.52859E-01 
2.66844E-01 5.70877E-03 2.82163E-01 
2.77554E-01 5.45159E-03 4.93532E-01 
3.04618E-01 5.49377E-03 7.59745E-01 
3.36234E-01 5.56519E-03 9.82050E-01 
3.52393E-01 5.34844E-03 1.09104E+00 
3.11165E-01 3.83925E-02 2.13182E-04 
3.12688E-01 3.48867E-02 2.49250E-04 
3.07944E-01 3.40099E-02 2.94072E-04 
3.09247E-01 3.08399E-02 3.50499E-04 
3.09894E-01 2.78830E-02 4.22715E-04 
3.09877E-01 2.51451E-02 5.16470E-04 
3.09190E-01 2.26289E-02 6.40054E-04 
3.08204E-01 2.08331E-02 7.63707E-04 
3.07841E-01 2.03327E-02 8.05696E-04 
3.05661E-01 1.80970E-02 1.05257E-03 
3.02774E-01 1.60976E-02 1.40546E-03 
2.99222E-01 1.43193E-02 1.92233E-03 
2.95065E-01 1.27433E-02 2.69934E-03 
2.89923E-01 1.15972E-02 3.90040E-03 
2.84935E-01 1.03878E-02 5.81569E-03 
2.79494E-01 9.30794E-03 8.97212E-03 
2.73674E-01 8.34190E-03 1.43576E-02 
2.67566E-01 7.47626E-03 2.38821E-02 
2.61316E-01 6.70101E-03 4.13154E-02 
2.55261E-01 6.01128E-03 7.41252E-02 
2.50342E-01 5.41646E-03 1.36482E-01 
2.49336E-01 4.95738E-03 2.51073E-01 
2.58459E-01 4.72321E-03 4.37616E-01 
2.82652E-01 4.74791E-03 6.71309E-01 
3.10893E-01 4.79792E-03 8.64753E-01 
3.24747E-01 4.60035E-03 9.57352E-01 
3.03835E-01 3.76389E-02 2.01305E-04 
3.05077E-01 3.40168E-02 2.34808E-04 
3.00688E-01 3.25100E-02 2.76371E-04 
3.01555E-01 2.92884E-02 3.28596E-04 
3.01726E-01 2.63051E-02 3.95319E-04 
3.01197E-01 2.35593E-02 4.81739E-04 
2.99968E-01 2.10527E-02 5.95410E-04 
2.98542E-01 1.92758E-02 7.08894E-04 
2.98049E-01 1.87826E-02 7.47371E-04 
2.95241E-01 1.65910E-02 9.73359E-04 
2.91712E-01 1.46510E-02 1.29558E-03 
2.87523E-01 1.29434E-02 1.76618E-03 
2.82745E-01 1.14460E-02 2.47208E-03 
2.77090E-01 1.03315E-02 3.56037E-03 
2.71513E-01 9.20919E-03 5.29109E-03 
2.65520E-01 8.21714E-03 8.13643E-03 
2.59189E-01 7.33799E-03 1.29771E-02 
2.52616E-01 6.55623E-03 2.15127E-02 
2.45944E-01 5.86037E-03 3.70898E-02 
2.39487E-01 5.24457E-03 6.63132E-02 
2.34128E-01 4.71489E-03 1.21673E-01 
2.32435E-01 4.30568E-03 2.23072E-01 
2.40137E-01 4.09271E-03 3.87462E-01 
2.61706E-01 4.10381E-03 5.92306E-01 
2.86867E-01 4.13673E-03 7.60327E-01 
2.98667E-01 3.95714E-03 8.38812E-01 
2.95611E-01 3.71209E-02 1.89801E-04 
2.96557E-01 3.33525E-02 2.20794E-04 
2.92531E-01 3.12731E-02 2.59201E-04 
2.92924E-01 2.79936E-02 3.07377E-04 
2.92631E-01 2.49622E-02 3.68784E-04 
2.91615E-01 2.21892E-02 4.48154E-04 
2.89872E-01 1.96753E-02 5.52289E-04 
2.88042E-01 1.79051E-02 6.56064E-04 
2.87426E-01 1.74162E-02 6.91218E-04 
2.84043E-01 1.52548E-02 8.97280E-04 
2.79940E-01 1.33611E-02 1.19032E-03 
2.75188E-01 1.17122E-02 1.61736E-03 
2.69863E-01 1.02833E-02 2.25591E-03 
2.63769E-01 9.20100E-03 3.23829E-03 
2.57691E-01 8.15586E-03 4.79658E-03 
2.51235E-01 7.24269E-03 7.34998E-03 
2.44485E-01 6.44145E-03 1.16832E-02 
2.37538E-01 5.73528E-03 1.93006E-02 
2.30534E-01 5.11117E-03 3.31584E-02 
2.23768E-01 4.56206E-03 5.90807E-02 
2.18061E-01 4.09129E-03 1.08022E-01 
2.15782E-01 3.72736E-03 1.97350E-01 
2.22186E-01 3.53433E-03 3.41581E-01 
2.41308E-01 3.53478E-03 5.20332E-01 
2.63601E-01 3.55398E-03 6.65571E-01 
2.73536E-01 3.39142E-03 7.31675E-01 
2.86699E-01 3.68352E-02 1.78753E-04 
2.87376E-01 3.29068E-02 2.07382E-04 
2.83653E-01 3.03389E-02 2.42783E-04 
2.83627E-01 2.69595E-02 2.87098E-04 
2.82865E-01 2.38561E-02 3.43439E-04 
2.81363E-01 2.10350E-02 4.16086E-04 
2.79136E-01 1.84961E-02 5.11216E-04 
2.76929E-01 1.67215E-02 6.05800E-04 
2.76206E-01 1.62331E-02 6.37799E-04 
2.72302E-01 1.40878E-02 8.25162E-04 
2.67686E-01 1.22275E-02 1.09093E-03 
2.62437E-01 1.06261E-02 1.47712E-03 
2.56642E-01 9.25475E-03 2.05323E-03 
2.50182E-01 8.20386E-03 2.93728E-03 
2.43688E-01 7.22622E-03 4.33567E-03 
2.36860E-01 6.38235E-03 6.62117E-03 
2.29785E-01 5.65017E-03 1.04880E-02 
2.22557E-01 5.01134E-03 1.72656E-02 
2.15313E-01 4.45140E-03 2.95579E-02 
2.08332E-01 3.96167E-03 5.24824E-02 
2.02370E-01 3.54358E-03 9.56264E-02 
1.99608E-01 3.22032E-03 1.74076E-01 
2.04851E-01 3.04580E-03 3.00243E-01 
2.21723E-01 3.03816E-03 4.55755E-01 
2.41385E-01 3.04664E-03 5.80902E-01 
2.49657E-01 2.90005E-03 6.36344E-01 
2.77008E-01 3.67405E-02 1.67954E-04 
2.77383E-01 3.26322E-02 1.94299E-04 
2.73952E-01 2.96261E-02 2.26812E-04 
2.73539E-01 2.61344E-02 2.67442E-04 
2.72374E-01 2.29451E-02 3.18990E-04 
2.70453E-01 2.00622E-02 3.85298E-04 
2.67786E-01 1.74848E-02 4.71877E-04 
2.65234E-01 1.56956E-02 5.57822E-04 
2.64414E-01 1.52048E-02 5.86853E-04 
2.60037E-01 1.30632E-02 7.56558E-04 
2.54964E-01 1.12255E-02 9.96658E-04 
2.49283E-01 9.66155E-03 1.34466E-03 
2.43087E-01 8.33882E-03 1.86240E-03 
2.36327E-01 7.31847E-03 2.65499E-03 
2.29505E-01 6.40012E-03 3.90540E-03 
2.22393E-01 5.61797E-03 5.94322E-03 
2.15080E-01 4.94781E-03 9.38077E-03 
2.07661E-01 4.36937E-03 1.53888E-02 
2.00265E-01 3.86708E-03 2.62541E-02 
1.93156E-01 3.43076E-03 4.64502E-02 
1.87029E-01 3.06010E-03 8.43365E-02 
1.83879E-01 2.77358E-03 1.52987E-01 
1.88083E-01 2.61636E-03 2.62934E-01 
2.02884E-01 2.60273E-03 3.97712E-01 
2.20128E-01 2.60304E-03 5.05139E-01 
2.26920E-01 2.47142E-03 5.51391E-01 
2.66707E-01 3.68220E-02 1.57449E-04 
2.66758E-01 3.25085E-02 1.81582E-04 
2.63559E-01 2.91090E-02 2.11322E-04 
2.62751E-01 2.54894E-02 2.48431E-04 
2.61188E-01 2.21969E-02 2.95384E-04 
2.58865E-01 1.92383E-02 3.55629E-04 
2.55807E-01 1.66117E-02 4.34150E-04 
2.52959E-01 1.48004E-02 5.11905E-04 
2.52049E-01 1.43061E-02 5.38152E-04 
2.47269E-01 1.21593E-02 6.91261E-04 
2.41815E-01 1.03363E-02 9.07343E-04 
2.35779E-01 8.80274E-03 1.21971E-03 
2.29263E-01 7.52185E-03 1.68318E-03 
2.22276E-01 6.53113E-03 2.39102E-03 
2.15211E-01 5.66547E-03 3.50470E-03 
2.07902E-01 4.93862E-03 5.31458E-03 
2.00439E-01 4.32412E-03 8.35885E-03 
1.92916E-01 3.80009E-03 1.36642E-02 
1.85456E-01 3.34959E-03 2.32304E-02 
1.78301E-01 2.96153E-03 4.09543E-02 
1.72090E-01 2.63358E-03 7.40927E-02 
1.68642E-01 2.38033E-03 1.33938E-01 
1.71927E-01 2.23926E-03 2.29384E-01 
1.84829E-01 2.22142E-03 3.45742E-01 
1.99862E-01 2.21562E-03 4.37587E-01 
2.05346E-01 2.09806E-03 4.75965E-01 
2.55863E-01 3.70518E-02 1.47224E-04 
2.55575E-01 3.25150E-02 1.69236E-04 
2.52528E-01 2.87607E-02 1.96318E-04 
2.51330E-01 2.49909E-02 2.30040E-04 
2.49392E-01 2.15828E-02 2.72624E-04 
2.46711E-01 1.85392E-02 3.27149E-04 
2.43300E-01 1.58543E-02 3.98028E-04 
2.40184E-01 1.40150E-02 4.68054E-04 
2.39198E-01 1.35151E-02 4.91661E-04 
2.34069E-01 1.13563E-02 6.29212E-04 
2.28293E-01 9.54199E-03 8.22792E-04 
2.21972E-01 8.03339E-03 1.10188E-03 
2.15209E-01 6.78919E-03 1.51494E-03 
2.08064E-01 5.82748E-03 2.14423E-03 
2.00840E-01 5.00924E-03 3.13161E-03 
1.93418E-01 4.33242E-03 4.73210E-03 
1.85889E-01 3.76852E-03 7.41633E-03 
1.78344E-01 3.29388E-03 1.20803E-02 
1.70899E-01 2.89039E-03 2.04634E-02 
1.63777E-01 2.54597E-03 3.59503E-02 
1.57561E-01 2.25668E-03 6.48105E-02 
1.53900E-01 2.03367E-03 1.16743E-01 
1.56376E-01 1.90769E-03 1.99233E-01 
1.67541E-01 1.88711E-03 2.99241E-01 
1.80554E-01 1.87691E-03 3.77393E-01 
1.84891E-01 1.77258E-03 4.09044E-01 
2.44586E-01 3.73987E-02 1.37310E-04 
2.43945E-01 3.26223E-02 1.57297E-04 
2.40984E-01 2.85411E-02 1.81848E-04 
2.39424E-01 2.46117E-02 2.12366E-04 
2.37109E-01 2.10756E-02 2.50792E-04 
2.34072E-01 1.79373E-02 2.99882E-04 
2.30341E-01 1.51886E-02 3.63554E-04 
2.26991E-01 1.33182E-02 4.26345E-04 
2.25941E-01 1.28117E-02 4.47489E-04 
2.20518E-01 1.06374E-02 5.70441E-04 
2.14487E-01 8.82866E-03 7.43059E-04 
2.07948E-01 7.34160E-03 9.91292E-04 
2.01012E-01 6.13069E-03 1.35763E-03 
1.93782E-01 5.19779E-03 1.91454E-03 
1.86481E-01 4.42296E-03 2.78611E-03 
1.79028E-01 3.79204E-03 4.19452E-03 
1.71514E-01 3.27425E-03 6.55055E-03 
1.64026E-01 2.84460E-03 1.06319E-02 
1.56674E-01 2.48388E-03 1.79457E-02 
1.49658E-01 2.17893E-03 3.14159E-02 
1.43509E-01 1.92462E-03 5.64380E-02 
1.39715E-01 1.72902E-03 1.01298E-01 
1.41488E-01 1.61712E-03 1.72267E-01 
1.51075E-01 1.59502E-03 2.57828E-01 
1.62256E-01 1.58187E-03 3.24014E-01 
1.65596E-01 1.48989E-03 3.49951E-01 
2.32978E-01 3.78305E-02 1.27739E-04 
2.31977E-01 3.28021E-02 1.45803E-04 
2.29034E-01 2.84165E-02 1.67946E-04 
2.27104E-01 2.43178E-02 1.95429E-04 
2.24456E-01 2.06496E-02 2.29954E-04 
2.21089E-01 1.74123E-02 2.73931E-04 
2.17049E-01 1.45957E-02 3.30831E-04 
2.13495E-01 1.26925E-02 3.86835E-04 
2.12390E-01 1.21795E-02 4.05676E-04 
2.06729E-01 9.98834E-03 5.15059E-04 
2.00497E-01 8.18368E-03 6.68202E-04 
1.93806E-01 6.71677E-03 8.87862E-04 
1.86771E-01 5.53720E-03 1.21123E-03 
1.79524E-01 4.63328E-03 1.70166E-03 
1.72221E-01 3.89894E-03 2.46714E-03 
1.64815E-01 3.31039E-03 3.70086E-03 
1.57393E-01 2.83501E-03 5.75846E-03 
1.50036E-01 2.44648E-03 9.31283E-03 
1.42845E-01 2.12463E-03 1.56640E-02 
1.36004E-01 1.85549E-03 2.73231E-02 
1.29988E-01 1.63283E-03 4.89105E-02 
1.26133E-01 1.46207E-03 8.74798E-02 
1.27305E-01 1.36326E-03 1.48241E-01 
1.35466E-01 1.34062E-03 2.21086E-01 
1.44995E-01 1.32575E-03 2.76865E-01 
1.47481E-01 1.24520E-03 2.97968E-01 
2.21122E-01 3.83133E-02 1.18525E-04 
2.19770E-01 3.30258E-02 1.34780E-04 
2.16783E-01 2.83565E-02 1.54652E-04 
2.14490E-01 2.40814E-02 1.79268E-04 
2.11523E-01 2.02784E-02 2.10129E-04 
2.07864E-01 1.69421E-02 2.49336E-04 
2.03553E-01 1.40580E-02 2.99913E-04 
1.99813E-01 1.21221E-02 3.49590E-04 
1.98657E-01 1.16024E-02 3.66282E-04 
1.92801E-01 9.39539E-03 4.63057E-04 
1.86428E-01 7.59581E-03 5.98212E-04 
1.79651E-01 6.14931E-03 7.91567E-04 
1.72584E-01 5.00048E-03 1.07551E-03 
1.65381E-01 4.12612E-03 1.50513E-03 
1.58148E-01 3.43003E-03 2.17392E-03 
1.50860E-01 2.88111E-03 3.24898E-03 
1.43597E-01 2.44508E-03 5.03670E-03 
1.36438E-01 2.09430E-03 8.11618E-03 
1.29472E-01 1.80787E-03 1.36025E-02 
1.22865E-01 1.57123E-03 2.36422E-02 
1.17042E-01 1.37716E-03 4.21704E-02 
1.13192E-01 1.22886E-03 7.51590E-02 
1.13858E-01 1.14218E-03 1.26912E-01 
1.20740E-01 1.11981E-03 1.88608E-01 
1.28789E-01 1.10417E-03 2.35359E-01 
1.30554E-01 1.03417E-03 2.52398E-01 
2.09181E-01 3.88216E-02 1.09732E-04 
2.07456E-01 3.32658E-02 1.24276E-04 
2.04373E-01 2.83300E-02 1.42023E-04 
2.01734E-01 2.38783E-02 1.63958E-04 
1.98448E-01 1.99395E-02 1.91383E-04 
1.94527E-01 1.65070E-02 2.26150E-04 
1.89984E-01 1.35596E-02 2.70887E-04 
1.86090E-01 1.15940E-02 3.14720E-04 
1.84895E-01 1.10684E-02 3.29430E-04 
1.78885E-01 8.84867E-03 4.14585E-04 
1.72421E-01 7.05674E-03 5.33213E-04 
1.65614E-01 5.63214E-03 7.02515E-04 
1.58577E-01 4.51448E-03 9.50475E-04 
1.51477E-01 3.67060E-03 1.32486E-03 
1.44378E-01 3.01129E-03 1.90618E-03 
1.37271E-01 2.49982E-03 2.83791E-03 
1.30232E-01 2.10031E-03 4.38331E-03 
1.23329E-01 1.78424E-03 7.03739E-03 
1.16644E-01 1.53005E-03 1.17512E-02 
1.10324E-01 1.32280E-03 2.03522E-02 
1.04745E-01 1.15443E-03 3.61729E-02 
1.00959E-01 1.02639E-03 6.42404E-02 
1.01207E-01 9.50868E-04 1.08091E-01 
1.06954E-01 9.29354E-04 1.60070E-01 
1.13690E-01 9.13675E-04 1.99039E-01 
1.14853E-01 8.53351E-04 2.12692E-01 
1.97220E-01 3.93290E-02 1.01352E-04 
1.95132E-01 3.35025E-02 1.14301E-04 
1.91903E-01 2.83132E-02 1.30058E-04 
1.88918E-01 2.36846E-02 1.49482E-04 
1.85332E-01 1.96140E-02 1.73709E-04 
1.81160E-01 1.60897E-02 2.04352E-04 
1.76419E-01 1.30848E-02 2.43680E-04 
1.72402E-01 1.10941E-02 2.82126E-04 
1.71178E-01 1.05641E-02 2.95014E-04 
1.65064E-01 8.33725E-03 3.69499E-04 
1.58556E-01 6.55701E-03 4.72993E-04 
1.51767E-01 5.15699E-03 6.20313E-04 
1.44812E-01 4.07179E-03 8.35544E-04 
1.37869E-01 3.25978E-03 1.15981E-03 
1.30964E-01 2.63650E-03 1.66204E-03 
1.24096E-01 2.16077E-03 2.46489E-03 
1.17335E-01 1.79549E-03 3.79270E-03 
1.10741E-01 1.51148E-03 6.06654E-03 
1.04386E-01 1.28676E-03 1.00930E-02 
9.83968E-02 1.10607E-03 1.74172E-02 
9.31051E-02 9.60839E-04 3.08457E-02 
8.94351E-02 8.50994E-04 5.45825E-02 
8.93464E-02 7.85706E-04 9.15143E-02 
9.40909E-02 7.65503E-04 1.35039E-01 
9.96678E-02 7.50349E-04 1.67316E-01 
1.00341E-01 6.98841E-04 1.78155E-01 
1.85455E-01 3.98036E-02 9.34833E-05 
1.83029E-01 3.37118E-02 1.04968E-04 
1.79627E-01 2.82852E-02 1.18894E-04 
1.76317E-01 2.34862E-02 1.36018E-04 
1.72437E-01 1.92896E-02 1.57306E-04 
1.68033E-01 1.56812E-02 1.84172E-04 
1.63119E-01 1.26269E-02 2.18569E-04 
1.59004E-01 1.06172E-02 2.52121E-04 
1.57757E-01 1.00843E-02 2.63358E-04 
1.51582E-01 7.85757E-03 3.28188E-04 
1.45080E-01 6.09458E-03 4.18040E-04 
1.38364E-01 4.72282E-03 5.45623E-04 
1.31543E-01 3.67192E-03 7.31561E-04 
1.24799E-01 2.89292E-03 1.01109E-03 
1.18134E-01 2.30479E-03 1.44293E-03 
1.11552E-01 1.86306E-03 2.13146E-03 
1.05112E-01 1.52970E-03 3.26705E-03 
9.88665E-02 1.27502E-03 5.20623E-03 
9.28764E-02 1.07689E-03 8.63027E-03 
8.72517E-02 9.19928E-04 1.48386E-02 
8.22799E-02 7.95229E-04 2.61843E-02 
7.87677E-02 7.01479E-04 4.61702E-02 
7.84188E-02 6.45407E-04 7.71340E-02 
8.22952E-02 6.26811E-04 1.13415E-01 
8.68693E-02 6.12582E-04 1.40024E-01 
8.71541E-02 5.68951E-04 1.48565E-01 
1.73782E-01 4.02341E-02 8.60021E-05 
1.71032E-01 3.38795E-02 9.61246E-05 
1.67429E-01 2.82257E-02 1.08345E-04 
1.63821E-01 2.32640E-02 1.23339E-04 
1.59671E-01 1.89497E-02 1.41908E-04 
1.55040E-01 1.52643E-02 1.65267E-04 
1.49970E-01 1.21691E-02 1.95115E-04 
1.45778E-01 1.01469E-02 2.24161E-04 
1.44517E-01 9.61304E-03 2.33879E-04 
1.38305E-01 7.39401E-03 2.89843E-04 
1.31846E-01 5.65492E-03 3.67228E-04 
1.25250E-01 4.31644E-03 4.76859E-04 
1.18616E-01 3.30303E-03 6.36256E-04 
1.12122E-01 2.55925E-03 8.75401E-04 
1.05747E-01 2.00650E-03 1.24394E-03 
9.94948E-02 1.59790E-03 1.82993E-03 
9.34175E-02 1.29485E-03 2.79371E-03 
8.75582E-02 1.06748E-03 4.43488E-03 
8.19667E-02 8.93700E-04 7.32385E-03 
7.67359E-02 7.58236E-04 1.25463E-02 
7.21130E-02 6.51959E-04 2.20585E-02 
6.87952E-02 5.72640E-04 3.87538E-02 
6.82504E-02 5.24952E-04 6.45101E-02 
7.13702E-02 5.08164E-04 9.45112E-02 
7.50697E-02 4.95143E-04 1.16263E-01 
7.50514E-02 4.58615E-04 1.22909E-01 
1.62394E-01 4.05986E-02 7.89864E-05 
1.59327E-01 3.39864E-02 8.78522E-05 
1.55540E-01 2.81243E-02 9.85254E-05 
1.51628E-01 2.30054E-02 1.11551E-04 
1.47234E-01 1.85848E-02 1.27639E-04 
1.42410E-01 1.48349E-02 1.47817E-04 
1.37210E-01 1.17094E-02 1.73531E-04 
1.32969E-01 9.68289E-03 1.98515E-04 
1.31697E-01 9.14997E-03 2.06857E-04 
1.25482E-01 6.94756E-03 2.54827E-04 
1.19102E-01 5.23911E-03 3.21005E-04 
1.12661E-01 3.93855E-03 4.14551E-04 
1.06251E-01 2.96542E-03 5.50266E-04 
1.00041E-01 2.25855E-03 7.53474E-04 
9.39913E-02 1.74115E-03 1.06586E-03 
8.81040E-02 1.36464E-03 1.56132E-03 
8.24200E-02 1.09019E-03 2.37396E-03 
7.69730E-02 8.88020E-04 3.75375E-03 
7.18019E-02 7.36325E-04 6.17529E-03 
6.69831E-02 6.20043E-04 1.05393E-02 
6.27271E-02 5.30065E-04 1.84617E-02 
5.96310E-02 4.63466E-04 3.23155E-02 
5.89493E-02 4.23271E-04 5.35969E-02 
6.14232E-02 4.08382E-04 7.82369E-02 
6.43756E-02 3.96737E-04 9.58924E-02 
6.41318E-02 3.66491E-04 1.01004E-01 
1.51381E-01 4.08889E-02 7.24408E-05 
1.47996E-01 3.40220E-02 8.01469E-05 
1.44008E-01 2.79647E-02 8.94001E-05 
1.39850E-01 2.27055E-02 1.00655E-04 
1.35227E-01 1.81896E-02 1.14485E-04 
1.30225E-01 1.43862E-02 1.31773E-04 
1.24914E-01 1.12417E-02 1.53748E-04 
1.20642E-01 9.21903E-03 1.75066E-04 
1.19371E-01 8.68962E-03 1.82179E-04 
1.13202E-01 6.51432E-03 2.23008E-04 
1.06934E-01 4.84365E-03 2.79183E-04 
1.00675E-01 3.58576E-03 3.58402E-04 
9.45170E-02 2.65570E-03 4.73080E-04 
8.86176E-02 1.98735E-03 6.44490E-04 
8.29216E-02 1.50533E-03 9.07389E-04 
7.74242E-02 1.16000E-03 1.32327E-03 
7.21551E-02 9.12549E-04 2.00361E-03 
6.71376E-02 7.33613E-04 3.15540E-03 
6.24000E-02 6.01866E-04 5.17091E-03 
5.80039E-02 5.02672E-04 8.79137E-03 
5.41251E-02 4.27047E-04 1.53421E-02 
5.12705E-02 3.71590E-04 2.67559E-02 
5.05027E-02 3.38041E-04 4.42122E-02 
5.24316E-02 3.25066E-04 6.43002E-02 
5.47531E-02 3.14882E-04 7.85212E-02 
5.43501E-02 2.90139E-04 8.24014E-02 
1.40792E-01 4.10951E-02 6.63530E-05 
1.37106E-01 3.39813E-02 7.30004E-05 
1.32918E-01 2.77413E-02 8.09597E-05 
1.28529E-01 2.23545E-02 9.06063E-05 
1.23702E-01 1.77564E-02 1.02394E-04 
1.18553E-01 1.39133E-02 1.17080E-04 
1.13162E-01 1.07630E-02 1.35705E-04 
1.08869E-01 8.75206E-03 1.53724E-04 
1.07598E-01 8.22814E-03 1.59729E-04 
1.01487E-01 6.08857E-03 1.94155E-04 
9.53726E-02 4.46405E-03 2.41452E-04 
8.93479E-02 3.25490E-03 3.08047E-04 
8.34808E-02 2.37122E-03 4.04230E-04 
7.79164E-02 1.74294E-03 5.47717E-04 
7.25907E-02 1.29624E-03 7.67263E-04 
6.74966E-02 9.81075E-04 1.11366E-03 
6.26526E-02 7.59061E-04 1.67880E-03 
5.80720E-02 6.01496E-04 2.63286E-03 
5.37723E-02 4.87727E-04 4.29731E-03 
4.98007E-02 4.03668E-04 7.27784E-03 
4.63018E-02 3.40605E-04 1.26525E-02 
4.37013E-02 2.94851E-04 2.19822E-02 
4.28904E-02 2.67148E-04 3.61882E-02 
4.43654E-02 2.56040E-04 5.24343E-02 
4.61604E-02 2.47333E-04 6.37924E-02 
4.56541E-02 2.27365E-04 6.66942E-02 
1.30674E-01 4.12118E-02 6.07109E-05 
1.26715E-01 3.38623E-02 6.64004E-05 
1.22318E-01 2.74501E-02 7.31809E-05 
1.17726E-01 2.19497E-02 8.13763E-05 
1.12737E-01 1.72861E-02 9.13410E-05 
1.07472E-01 1.34178E-02 1.03706E-04 
1.02019E-01 1.02727E-02 1.19332E-04 
9.77244E-02 8.28158E-03 1.34419E-04 
9.64644E-02 7.76568E-03 1.39445E-04 
9.04581E-02 5.67271E-03 1.68236E-04 
8.45185E-02 4.10079E-03 2.07705E-04 
7.87305E-02 2.94398E-03 2.63145E-04 
7.31668E-02 2.10905E-03 3.43084E-04 
6.79553E-02 1.52224E-03 4.62170E-04 
6.30185E-02 1.11093E-03 6.43988E-04 
5.83404E-02 8.25070E-04 9.30146E-04 
5.39289E-02 6.27067E-04 1.39573E-03 
4.97877E-02 4.89146E-04 2.17952E-03 
4.59249E-02 3.91539E-04 3.54280E-03 
4.23732E-02 3.20819E-04 5.97627E-03 
3.92507E-02 2.68685E-04 1.03495E-02 
3.69101E-02 2.31314E-04 1.79121E-02 
3.60917E-02 2.08709E-04 2.93758E-02 
3.71944E-02 1.99376E-04 4.24024E-02 
3.85558E-02 1.92101E-04 5.13920E-02 
3.79928E-02 1.76243E-04 5.35257E-02 
1.21056E-01 4.12348E-02 5.54960E-05 
1.16848E-01 3.36607E-02 6.03198E-05 
1.12253E-01 2.70885E-02 6.60362E-05 
1.07471E-01 2.14874E-02 7.29206E-05 
1.02359E-01 1.67756E-02 8.12632E-05 
9.69971E-02 1.28944E-02 9.15517E-05 
9.15134E-02 9.76806E-03 1.04519E-04 
8.72475E-02 7.80668E-03 1.17026E-04 
8.60015E-02 7.30092E-03 1.21187E-04 
8.01188E-02 5.26320E-03 1.45006E-04 
7.43781E-02 3.75071E-03 1.77607E-04 
6.88564E-02 2.65119E-03 2.23328E-04 
6.36147E-02 1.86747E-03 2.89139E-04 
5.87673E-02 1.32315E-03 3.87059E-04 
5.42271E-02 9.47015E-04 5.36258E-04 
4.99686E-02 6.89495E-04 7.70529E-04 
4.59892E-02 5.14094E-04 1.15069E-03 
4.22826E-02 3.94185E-04 1.78886E-03 
3.88473E-02 3.11029E-04 2.89552E-03 
3.57056E-02 2.52032E-04 4.86449E-03 
3.29497E-02 2.09348E-04 8.39070E-03 
3.08691E-02 1.79169E-04 1.44655E-02 
3.00718E-02 1.60970E-04 2.36315E-02 
3.08740E-02 1.53289E-04 3.39793E-02 
3.18840E-02 1.47367E-04 4.10243E-02 
3.13014E-02 1.35010E-04 4.25624E-02 
1.11933E-01 4.11555E-02 5.06789E-05 
1.07514E-01 3.33736E-02 5.47288E-05 
1.02752E-01 2.66588E-02 5.94974E-05 
9.78086E-02 2.09713E-02 6.52109E-05 
9.25963E-02 1.62256E-02 7.21084E-05 
8.71745E-02 1.23470E-02 8.05663E-05 
8.16871E-02 9.25162E-03 9.11949E-05 
7.74662E-02 7.32773E-03 1.01431E-04 
7.62417E-02 6.83441E-03 1.04835E-04 
7.05031E-02 4.86043E-03 1.24304E-04 
6.49779E-02 3.41339E-03 1.50918E-04 
5.97433E-02 2.37516E-03 1.88219E-04 
5.48445E-02 1.64488E-03 2.41859E-04 
5.03712E-02 1.14379E-03 3.21587E-04 
4.62284E-02 8.02383E-04 4.42819E-04 
4.23861E-02 5.72144E-04 6.32732E-04 
3.88303E-02 4.17916E-04 9.40135E-04 
3.55461E-02 3.14448E-04 1.45470E-03 
3.25242E-02 2.44181E-04 2.34429E-03 
2.97756E-02 1.95405E-04 3.92193E-03 
2.73714E-02 1.60837E-04 6.73742E-03 
2.55454E-02 1.36780E-04 1.15688E-02 
2.47912E-02 1.22357E-04 1.88247E-02 
2.53555E-02 1.16185E-04 2.69611E-02 
2.60853E-02 1.11515E-04 3.24229E-02 
2.55122E-02 1.02109E-04 3.35058E-02 
1.03336E-01 4.09798E-02 4.62473E-05 
9.87450E-02 3.30072E-02 4.96091E-05 
9.38326E-02 2.61633E-02 5.35301E-05 
8.87547E-02 2.04041E-02 5.82032E-05 
8.34583E-02 1.56372E-02 6.38156E-05 
7.80207E-02 1.17775E-02 7.06768E-05 
7.25629E-02 8.72556E-03 7.92638E-05 
6.84017E-02 6.84641E-03 8.75188E-05 
6.72017E-02 6.36736E-03 9.02622E-05 
6.16339E-02 4.46535E-03 1.05965E-04 
5.63553E-02 3.08974E-03 1.27437E-04 
5.14244E-02 2.11601E-03 1.57522E-04 
4.68680E-02 1.44017E-03 2.00726E-04 
4.27632E-02 9.82324E-04 2.64893E-04 
3.90145E-02 6.75018E-04 3.62329E-04 
3.55799E-02 4.70903E-04 5.14645E-04 
3.24353E-02 3.36448E-04 7.60572E-04 
2.95574E-02 2.47940E-04 1.17110E-03 
2.69297E-02 1.89114E-04 1.87867E-03 
2.45532E-02 1.49206E-04 3.12933E-03 
2.24818E-02 1.21562E-04 5.35341E-03 
2.09007E-02 1.02676E-04 9.15459E-03 
2.02054E-02 9.14585E-05 1.48360E-02 
2.05856E-02 8.66425E-05 2.11627E-02 
2.10967E-02 8.31080E-05 2.53473E-02 
2.05543E-02 7.61641E-05 2.60880E-02 
9.52543E-02 4.07110E-02 4.21726E-05 
9.05018E-02 3.25567E-02 4.49125E-05 
8.54790E-02 2.56038E-02 4.80873E-05 
8.02956E-02 1.97875E-02 5.18397E-05 
7.49509E-02 1.50154E-02 5.63259E-05 
6.95163E-02 1.11866E-02 6.17835E-05 
6.41187E-02 8.19030E-03 6.85973E-05 
6.00437E-02 6.36397E-03 7.51438E-05 
5.88755E-02 5.90121E-03 7.73196E-05 
5.34947E-02 4.07795E-03 8.97700E-05 
4.84794E-02 2.77858E-03 1.06835E-04 
4.38600E-02 1.87179E-03 1.30747E-04 
3.96563E-02 1.25157E-03 1.65091E-04 
3.59234E-02 8.37039E-04 2.16095E-04 
3.25608E-02 5.62982E-04 2.93429E-04 
2.95206E-02 3.83754E-04 4.14096E-04 
2.67702E-02 2.67689E-04 6.08470E-04 
2.42782E-02 1.92748E-04 9.32045E-04 
2.20215E-02 1.44035E-04 1.48807E-03 
1.99938E-02 1.11800E-04 2.46751E-03 
1.82330E-02 9.00328E-05 4.20293E-03 
1.68838E-02 7.54865E-05 7.15691E-03 
1.62583E-02 6.69723E-05 1.15501E-02 
1.64994E-02 6.33606E-05 1.64073E-02 
1.68430E-02 6.08391E-05 1.95697E-02 
1.63468E-02 5.59353E-05 2.00580E-02 
8.77399E-02 4.03503E-02 3.84609E-05 
8.28528E-02 3.20308E-02 4.06519E-05 
7.77501E-02 2.49872E-02 4.31742E-05 
7.24966E-02 1.91314E-02 4.61262E-05 
6.71220E-02 1.43663E-02 4.96286E-05 
6.17280E-02 1.05834E-02 5.38843E-05 
5.64154E-02 7.65297E-03 5.91796E-05 
5.24450E-02 5.88594E-03 6.42708E-05 
5.13144E-02 5.44121E-03 6.59654E-05 
4.61487E-02 3.70331E-03 7.56758E-05 
4.14019E-02 2.48291E-03 8.90170E-05 
3.70999E-02 1.64442E-03 1.07755E-04 
3.32489E-02 1.07977E-03 1.34704E-04 
2.98805E-02 7.07675E-04 1.74753E-04 
2.68930E-02 4.65557E-04 2.35440E-04 
2.42297E-02 3.09706E-04 3.29974E-04 
2.18496E-02 2.10487E-04 4.81914E-04 
1.97158E-02 1.47667E-04 7.34156E-04 
1.78007E-02 1.07767E-04 1.16629E-03 
1.60919E-02 8.20653E-05 1.92489E-03 
1.46145E-02 6.52064E-05 3.26407E-03 
1.34791E-02 5.42425E-05 5.53408E-03 
1.29287E-02 4.79677E-05 8.89295E-03 
1.30691E-02 4.54028E-05 1.25789E-02 
1.32890E-02 4.37671E-05 1.49394E-02 
1.28478E-02 4.05209E-05 1.52471E-02 
8.06797E-02 3.98976E-02 3.50402E-05 
7.56905E-02 3.14292E-02 3.67447E-05 
7.05238E-02 2.43082E-02 3.86860E-05 
6.52415E-02 1.84321E-02 4.09415E-05 
5.98707E-02 1.36894E-02 4.35890E-05 
5.45382E-02 9.96385E-03 4.67994E-05 
4.93459E-02 7.11131E-03 5.07977E-05 
4.54946E-02 5.40951E-03 5.46416E-05 
4.44050E-02 4.98422E-03 5.59243E-05 
3.94811E-02 3.33811E-03 6.33188E-05 
3.50197E-02 2.20010E-03 7.35232E-05 
3.10385E-02 1.43099E-03 8.79061E-05 
2.75381E-02 9.21821E-04 1.08661E-04 
2.45322E-02 5.91520E-04 1.39600E-04 
2.19075E-02 3.80138E-04 1.86466E-04 
1.96019E-02 2.46272E-04 2.59365E-04 
1.75689E-02 1.62553E-04 3.76282E-04 
1.57677E-02 1.10627E-04 5.69871E-04 
1.41668E-02 7.84575E-05 9.00476E-04 
1.27496E-02 5.83574E-05 1.47891E-03 
1.15302E-02 4.56223E-05 2.49609E-03 
1.05914E-02 3.76314E-05 4.21282E-03 
1.01186E-02 3.32209E-05 6.73954E-03 
1.01880E-02 3.15681E-05 9.49061E-03 
1.03187E-02 3.07104E-05 1.12216E-02 
9.93723E-03 2.88141E-05 1.14015E-02 
7.41102E-02 3.93584E-02 3.19140E-05 
6.90569E-02 3.07623E-02 3.31955E-05 
6.38493E-02 2.35798E-02 3.46287E-05 
5.85681E-02 1.76998E-02 3.62821E-05 
5.32334E-02 1.29945E-02 3.81978E-05 
4.79883E-02 9.33774E-03 4.05179E-05 
4.29418E-02 6.57267E-03 4.34224E-05 
3.92348E-02 4.94226E-03 4.62296E-05 
3.81926E-02 4.53784E-03 4.71708E-05 
3.35181E-02 2.98678E-03 5.26266E-05 
2.93542E-02 1.93309E-03 6.02397E-05 
2.57058E-02 1.23379E-03 7.10639E-05 
2.25523E-02 7.78955E-04 8.67593E-05 
1.98885E-02 4.88598E-04 1.10234E-04 
1.76046E-02 3.06149E-04 1.45827E-04 
1.56316E-02 1.92609E-04 2.01153E-04 
1.39182E-02 1.22928E-04 2.89730E-04 
1.24196E-02 8.06480E-05 4.36030E-04 
1.11018E-02 5.51618E-05 6.85086E-04 
9.94531E-03 3.97927E-05 1.11937E-03 
8.95561E-03 3.04719E-05 1.87999E-03 
8.19296E-03 2.49105E-05 3.15796E-03 
7.79624E-03 2.20287E-05 5.02844E-03 
7.81885E-03 2.11584E-05 7.04817E-03 
7.88821E-03 2.09705E-05 8.29498E-03 
7.56719E-03 2.01586E-05 8.38848E-03 
6.79943E-02 3.87287E-02 2.90533E-05 
6.29109E-02 3.00293E-02 2.99673E-05 
5.76976E-02 2.28057E-02 3.09638E-05 
5.24427E-02 1.69378E-02 3.20983E-05 
4.71782E-02 1.22856E-02 3.33945E-05 
4.20463E-02 8.70905E-03 3.49633E-05 
3.71681E-02 6.04003E-03 3.69540E-05 
3.36227E-02 4.48603E-03 3.89033E-05 
3.26322E-02 4.10357E-03 3.95629E-05 
2.82261E-02 2.65116E-03 4.34308E-05 
2.43682E-02 1.68270E-03 4.89307E-05 
2.10500E-02 1.05233E-03 5.68619E-05 
1.82345E-02 6.50183E-04 6.84644E-05 
1.58995E-02 3.97841E-04 8.59266E-05 
1.39357E-02 2.42404E-04 1.12464E-04 
1.22699E-02 1.47476E-04 1.53715E-04 
1.08467E-02 9.03807E-05 2.19670E-04 
9.61957E-03 5.65606E-05 3.28345E-04 
8.55340E-03 3.68097E-05 5.12806E-04 
7.62598E-03 2.54043E-05 8.33218E-04 
6.83755E-03 1.88914E-05 1.39215E-03 
6.22998E-03 1.53011E-05 2.32680E-03 
5.90524E-03 1.36654E-05 3.68674E-03 
5.89946E-03 1.34626E-05 5.14216E-03 
5.92885E-03 1.38492E-05 6.02197E-03 
5.66600E-03 1.39021E-05 6.05957E-03 
6.23066E-02 3.80087E-02 2.64358E-05 
5.72294E-02 2.92341E-02 2.70349E-05 
5.20396E-02 2.19899E-02 2.76562E-05 
4.68391E-02 1.61515E-02 2.83490E-05 
4.16757E-02 1.15678E-02 2.91259E-05 
3.66843E-02 8.08289E-03 3.00701E-05 
3.19941E-02 5.51738E-03 3.13061E-05 
2.86262E-02 4.04412E-03 3.25573E-05 
2.76904E-02 3.68437E-03 3.29873E-05 
2.35692E-02 2.33317E-03 3.55755E-05 
2.00221E-02 1.44985E-03 3.93797E-05 
1.70307E-02 8.86831E-04 4.50020E-05 
1.45422E-02 5.35102E-04 5.33504E-05 
1.25189E-02 3.18488E-04 6.60471E-05 
1.08517E-02 1.87923E-04 8.54218E-05 
9.46530E-03 1.09793E-04 1.15573E-04 
8.30194E-03 6.38382E-05 1.63742E-04 
7.31444E-03 3.73571E-05 2.42936E-04 
6.46777E-03 2.24764E-05 3.76954E-04 
5.73864E-03 1.43697E-05 6.08843E-04 
5.12336E-03 1.01491E-05 1.01163E-03 
4.64974E-03 8.14893E-06 1.68173E-03 
4.39087E-03 7.52435E-06 2.65056E-03 
4.37020E-03 7.88963E-06 3.67736E-03 
4.37558E-03 8.76815E-06 4.28358E-03 
4.16633E-03 9.50750E-06 4.28703E-03 
5.70187E-02 3.71983E-02 2.40397E-05 
5.19741E-02 2.83744E-02 2.43677E-05 
4.68433E-02 2.11358E-02 2.46727E-05 
4.17248E-02 1.53451E-02 2.49934E-05 
3.66906E-02 1.08454E-02 2.53394E-05 
3.18663E-02 7.46340E-03 2.57722E-05 
2.73853E-02 5.00868E-03 2.63972E-05 
2.42070E-02 3.61944E-03 2.70882E-05 
2.33300E-02 3.28316E-03 2.73360E-05 
1.95043E-02 2.03440E-03 2.89100E-05 
1.62713E-02 1.23530E-03 3.13810E-05 
1.36001E-02 7.37334E-04 3.51949E-05 
1.14270E-02 4.33378E-04 4.10138E-05 
9.69513E-03 2.49789E-04 5.00009E-05 
8.29942E-03 1.41778E-04 6.38131E-05 
7.16333E-03 7.85865E-05 8.53641E-05 
6.22869E-03 4.23558E-05 1.19786E-04 
5.44914E-03 2.21623E-05 1.76272E-04 
4.79049E-03 1.13746E-05 2.71560E-04 
4.22990E-03 5.99106E-06 4.35787E-04 
3.76072E-03 3.63061E-06 7.19703E-04 
3.40046E-03 2.90759E-06 1.18942E-03 
3.19999E-03 3.10178E-06 1.86371E-03 
3.17378E-03 3.95128E-06 2.57049E-03 
3.16643E-03 5.25207E-06 2.97638E-03 
3.00476E-03 6.53540E-06 2.96072E-03 
5.20957E-02 3.62906E-02 2.18427E-05 
4.71122E-02 2.74480E-02 2.19397E-05 
4.20762E-02 2.02450E-02 2.19826E-05 
3.70710E-02 1.45231E-02 2.19958E-05 
3.21893E-02 1.01222E-02 2.19881E-05 
2.75579E-02 6.85473E-03 2.20108E-05 
2.33042E-02 4.51723E-03 2.21500E-05 
2.03263E-02 3.21471E-03 2.24020E-05 
1.95112E-02 2.90245E-03 2.25085E-05 
1.59897E-02 1.75653E-03 2.32992E-05 
1.30707E-02 1.03982E-03 2.47483E-05 
1.07110E-02 6.03933E-04 2.71819E-05 
8.83479E-03 3.44424E-04 3.10687E-05 
7.37227E-03 1.90934E-04 3.72302E-05 
6.22244E-03 1.03090E-04 4.68151E-05 
5.30806E-03 5.29900E-05 6.18433E-05 
4.57182E-03 2.51192E-05 8.58624E-05 
3.96945E-03 1.02363E-05 1.25207E-04 
3.46859E-03 2.84781E-06 1.91345E-04 
3.04825E-03 -3.07696E-07 3.04872E-04 
2.69966E-03 -1.16764E-06 5.00074E-04 
2.43309E-03 -8.67816E-07 8.20952E-04 
2.28277E-03 -1.00028E-08 1.27776E-03 
2.25695E-03 1.25418E-06 1.75029E-03 
2.24438E-03 2.91951E-06 2.01246E-03 
2.12339E-03 4.63426E-06 1.98753E-03 
4.74781E-02 3.52656E-02 1.98132E-05 
4.25946E-02 2.64473E-02 1.97192E-05 
3.76844E-02 1.93118E-02 1.95457E-05 
3.28254E-02 1.36840E-02 1.93093E-05 
2.81237E-02 9.39940E-03 1.90182E-05 
2.37091E-02 6.25834E-03 1.87187E-05 
1.97007E-02 4.04462E-03 1.84814E-05 
1.69325E-02 2.83110E-03 1.83981E-05 
1.61813E-02 2.54317E-03 1.83974E-05 
1.29699E-02 1.49986E-03 1.85993E-05 
1.03634E-02 8.63242E-04 1.92883E-05 
8.30392E-03 4.86055E-04 2.06961E-05 
6.70735E-03 2.67545E-04 2.31516E-05 
5.49229E-03 1.41121E-04 2.72176E-05 
4.56094E-03 7.09904E-05 3.36578E-05 
3.83894E-03 3.21652E-05 4.38353E-05 
3.27152E-03 1.13737E-05 6.01341E-05 
2.81732E-03 9.20303E-07 8.67898E-05 
2.44651E-03 -3.67044E-06 1.31415E-04 
2.14046E-03 -5.01382E-06 2.07660E-04 
1.88937E-03 -4.66458E-06 3.37892E-04 
1.69850E-03 -3.54368E-06 5.50274E-04 
1.58993E-03 -2.14411E-06 8.49460E-04 
1.56779E-03 -5.20872E-07 1.15368E-03 
1.55456E-03 1.46283E-06 1.31468E-03 
1.46716E-03 3.52167E-06 1.28644E-03 
4.31446E-02 3.41038E-02 1.79379E-05 
3.84033E-02 2.53655E-02 1.76915E-05 
3.36514E-02 1.83354E-02 1.73450E-05 
2.89728E-02 1.28316E-02 1.69135E-05 
2.44776E-02 8.68231E-03 1.64036E-05 
2.03022E-02 5.67979E-03 1.58609E-05 
1.65556E-02 3.59599E-03 1.53455E-05 
1.40034E-02 2.47276E-03 1.50176E-05 
1.33169E-02 2.20913E-03 1.49394E-05 
1.04179E-02 1.26695E-03 1.47219E-05 
8.11549E-03 7.06755E-04 1.48704E-05 
6.34100E-03 3.84068E-04 1.55513E-05 
5.00129E-03 2.02502E-04 1.69862E-05 
4.00754E-03 9.98084E-05 1.95512E-05 
3.26722E-03 4.48927E-05 2.37382E-05 
2.70856E-03 1.55425E-05 3.04329E-05 
2.28088E-03 5.93799E-07 4.11866E-05 
1.94687E-03 -6.25153E-06 5.87409E-05 
1.67999E-03 -8.58373E-06 8.79811E-05 
1.46395E-03 -8.47516E-06 1.37627E-04 
1.28909E-03 -7.16092E-06 2.21690E-04 
1.15734E-03 -5.38410E-06 3.57318E-04 
1.08211E-03 -3.54246E-06 5.45594E-04 
1.06491E-03 -1.60798E-06 7.32342E-04 
1.05325E-03 6.53320E-07 8.24091E-04 
9.92439E-04 2.98562E-06 7.95871E-04 
3.90189E-02 3.27624E-02 1.61807E-05 
3.44652E-02 2.41742E-02 1.58173E-05 
2.99112E-02 1.72996E-02 1.53380E-05 
2.54515E-02 1.19575E-02 1.47613E-05 
2.11938E-02 7.96750E-03 1.40907E-05 
1.72795E-02 5.11746E-03 1.33730E-05 
1.38114E-02 3.17060E-03 1.26635E-05 
1.14819E-02 2.13932E-03 1.21677E-05 
1.08613E-02 1.90001E-03 1.20370E-05 
8.27335E-03 1.05702E-03 1.15370E-05 
6.26599E-03 5.69462E-04 1.13237E-05 
4.75975E-03 2.96922E-04 1.15148E-05 
3.65447E-03 1.48283E-04 1.22547E-05 
2.85617E-03 6.60838E-05 1.37834E-05 
2.27918E-03 2.39698E-05 1.64009E-05 
1.85619E-03 2.42285E-06 2.06594E-05 
1.54169E-03 -7.78594E-06 2.75278E-05 
1.30295E-03 -1.17339E-05 3.87067E-05 
1.11724E-03 -1.22609E-05 5.71990E-05 
9.70259E-04 -1.09954E-05 8.82748E-05 
8.53533E-04 -8.91140E-06 1.40227E-04 
7.66727E-04 -6.60927E-06 2.22672E-04 
7.17215E-04 -4.40480E-06 3.34468E-04 
7.04863E-04 -2.19954E-06 4.40803E-04 
6.95554E-04 3.03856E-07 4.86042E-04 
6.55010E-04 2.85190E-06 4.59261E-04 
3.50355E-02 3.11856E-02 1.45117E-05 
3.07160E-02 2.28342E-02 1.40630E-05 
2.64089E-02 1.61829E-02 1.34911E-05 
2.22092E-02 1.10496E-02 1.28147E-05 
1.82254E-02 7.25012E-03 1.20374E-05 
1.45979E-02 4.57015E-03 1.12066E-05 
1.14256E-02 2.76869E-03 1.03767E-05 
9.32467E-03 1.83106E-03 9.77827E-06 
8.77031E-03 1.61605E-03 9.61564E-06 
6.49083E-03 8.70063E-04 8.94679E-06 
4.76683E-03 4.50916E-04 8.51516E-06 
3.50937E-03 2.23890E-04 8.40253E-06 
2.61405E-03 1.04066E-04 8.69838E-06 
1.98486E-03 3.91832E-05 9.54720E-06 
1.54427E-03 7.58891E-06 1.11176E-05 
1.23089E-03 -7.69220E-06 1.37342E-05 
1.00512E-03 -1.41536E-05 1.79692E-05 
8.39352E-04 -1.58273E-05 2.48184E-05 
7.14737E-04 -1.49399E-05 3.60117E-05 
6.19164E-04 -1.27667E-05 5.45012E-05 
5.45325E-04 -1.00785E-05 8.47362E-05 
4.91536E-04 -7.36264E-06 1.31318E-04 
4.61036E-04 -4.86585E-06 1.91743E-04 
4.52667E-04 -2.43096E-06 2.44394E-04 
4.45530E-04 2.76077E-07 2.59118E-04 
4.19838E-04 2.98582E-06 2.34138E-04 
3.11077E-02 2.92881E-02 1.28931E-05 
2.70764E-02 2.12864E-02 1.23896E-05 
2.30751E-02 1.49494E-02 1.17647E-05 
1.91842E-02 1.00866E-02 1.10319E-05 
1.55174E-02 6.51946E-03 1.01991E-05 
1.22082E-02 4.03320E-03 9.31257E-06 
9.35193E-03 2.38839E-03 8.42725E-06 
7.48659E-03 1.54713E-03 7.78228E-06 
6.99936E-03 1.35652E-03 7.60534E-06 
5.02398E-03 7.05353E-04 6.85935E-06 
3.56957E-03 3.50248E-04 6.32141E-06 
2.53994E-03 1.64038E-04 6.04666E-06 
1.82915E-03 6.89776E-05 6.08510E-06 
1.34275E-03 1.84100E-05 6.51593E-06 
1.01269E-03 -4.77391E-06 7.42044E-06 
7.84758E-04 -1.51697E-05 8.97273E-06 
6.25993E-04 -1.87557E-05 1.14838E-05 
5.14024E-04 -1.86987E-05 1.54861E-05 
4.33683E-04 -1.67403E-05 2.18726E-05 
3.75001E-04 -1.38838E-05 3.20790E-05 
3.31693E-04 -1.07459E-05 4.80380E-05 
3.01356E-04 -7.72563E-06 7.11101E-05 
2.84302E-04 -5.01160E-06 9.79514E-05 
2.78748E-04 -2.39979E-06 1.15706E-04 
2.73156E-04 4.58563E-07 1.10892E-04 
2.58031E-04 3.26856E-06 8.76543E-05 
2.71408E-02 2.69609E-02 1.12833E-05 
2.34620E-02 1.94568E-02 1.07557E-05 
1.98273E-02 1.35469E-02 1.01136E-05 
1.63042E-02 9.03706E-03 9.36695E-06 
1.30065E-02 5.75778E-03 8.52795E-06 
1.00551E-02 3.49757E-03 7.63988E-06 
7.53955E-03 2.02518E-03 6.75738E-06 
5.91977E-03 1.28490E-03 6.11478E-06 
5.50081E-03 1.11913E-03 5.93824E-06 
3.82649E-03 5.61446E-04 5.18963E-06 
2.62710E-03 2.66235E-04 4.63016E-06 
1.80354E-03 1.16312E-04 4.29584E-06 
1.25197E-03 4.21995E-05 4.20852E-06 
8.83103E-04 3.24242E-06 4.40384E-06 
6.39626E-04 -1.34137E-05 4.90765E-06 
4.75610E-04 -2.01364E-05 5.79767E-06 
3.65167E-04 -2.16123E-05 7.21907E-06 
2.91047E-04 -2.03165E-05 9.40985E-06 
2.41422E-04 -1.76168E-05 1.27321E-05 
2.08160E-04 -1.43111E-05 1.76636E-05 
1.85794E-04 -1.08988E-05 2.45482E-05 
1.71522E-04 -7.70846E-06 3.27410E-05 
1.63571E-04 -4.87956E-06 3.84350E-05 
1.59775E-04 -2.17506E-06 3.44286E-05 
1.55157E-04 7.48415E-07 1.77735E-05 
1.47396E-04 3.57088E-06 -3.78243E-06 
2.30683E-02 2.41119E-02 9.65069E-06 
1.98038E-02 1.72761E-02 9.12585E-06 
1.65930E-02 1.19221E-02 8.49705E-06 
1.35000E-02 7.86545E-03 7.77599E-06 
1.06272E-02 4.94254E-03 6.97599E-06 
8.07926E-03 2.95043E-03 6.13679E-06 
5.93533E-03 1.67216E-03 5.31045E-06 
4.57427E-03 1.04006E-03 4.71286E-06 
4.22552E-03 9.00069E-04 4.54910E-06 
2.85158E-03 4.36059E-04 3.85758E-06 
1.89355E-03 1.97307E-04 3.33860E-06 
1.25480E-03 7.96283E-05 3.01358E-06 
8.38505E-04 2.31026E-05 2.88554E-06 
5.64426E-04 -6.46670E-06 2.96250E-06 
3.86803E-04 -1.81922E-05 3.23795E-06 
2.68915E-04 -2.22914E-05 3.73232E-06 
1.91859E-04 -2.23633E-05 4.49135E-06 
1.43134E-04 -2.03283E-05 5.57755E-06 
1.13790E-04 -1.72664E-05 7.03967E-06 
9.71691E-05 -1.38158E-05 8.79703E-06 
8.84630E-05 -1.03803E-05 1.02879E-05 
8.45637E-05 -7.22678E-06 9.76258E-06 
8.24513E-05 -4.45249E-06 3.34050E-06 
7.97470E-05 -1.80785E-06 -1.26676E-05 
7.58879E-05 1.02349E-06 -3.51106E-05 
7.31295E-05 3.71148E-06 -5.46195E-05 
1.89312E-02 2.07644E-02 8.00227E-06 
1.61151E-02 1.47462E-02 7.49705E-06 
1.33683E-02 1.00704E-02 6.90456E-06 
1.07515E-02 6.56366E-03 6.23967E-06 
8.34708E-03 4.06500E-03 5.51465E-06 
6.24335E-03 2.38548E-03 4.76723E-06 
4.49791E-03 1.32446E-03 4.04102E-06 
3.40782E-03 8.08878E-04 3.52323E-06 
3.13117E-03 6.95924E-04 3.38220E-06 
2.05636E-03 3.26725E-04 2.79221E-06 
1.32628E-03 1.41743E-04 2.35481E-06 
8.52299E-04 5.29554E-05 2.07932E-06 
5.50137E-04 1.13252E-05 1.95757E-06 
3.52654E-04 -1.04100E-05 1.98281E-06 
2.25404E-04 -1.84508E-05 2.13400E-06 
1.41174E-04 -2.08168E-05 2.40402E-06 
8.72521E-05 -2.01800E-05 2.78932E-06 
5.51599E-05 -1.79927E-05 3.26802E-06 
3.83445E-05 -1.50821E-05 3.74524E-06 
3.14528E-05 -1.19400E-05 3.90294E-06 
3.03841E-05 -8.87742E-06 2.84712E-06 
3.20270E-05 -6.09838E-06 -1.47254E-06 
3.30482E-05 -3.66456E-06 -1.25121E-05 
3.11885E-05 -1.34666E-06 -3.19683E-05 
2.82206E-05 1.11773E-06 -5.43262E-05 
2.84168E-05 3.42586E-06 -7.06179E-05 
1.49502E-02 1.71668E-02 6.41425E-06 
1.25829E-02 1.20475E-02 5.93932E-06 
1.03050E-02 8.11711E-03 5.39799E-06 
8.17144E-03 5.21229E-03 4.80759E-06 
6.24442E-03 3.17457E-03 4.18043E-06 
4.58980E-03 1.82882E-03 3.54960E-06 
3.24362E-03 9.94805E-04 2.95028E-06 
2.41925E-03 5.97366E-04 2.53161E-06 
2.21236E-03 5.11299E-04 2.41874E-06 
1.42037E-03 2.33934E-04 1.95285E-06 
8.95996E-04 9.84857E-05 1.61407E-06 
5.63702E-04 3.50799E-05 1.40236E-06 
3.55780E-04 6.01768E-06 1.30473E-06 
2.20787E-04 -8.96803E-06 1.30950E-06 
1.34011E-04 -1.42308E-05 1.39542E-06 
7.65586E-05 -1.55657E-05 1.54988E-06 
4.01957E-05 -1.48533E-05 1.75954E-06 
1.93374E-05 -1.31091E-05 1.98940E-06 
9.44765E-06 -1.09060E-05 2.13728E-06 
6.62230E-06 -8.57955E-06 1.91223E-06 
7.80564E-06 -6.33838E-06 5.67730E-07 
1.05579E-05 -4.31783E-06 -3.50811E-06 
1.21986E-05 -2.55247E-06 -1.28333E-05 
1.10393E-05 -8.71436E-07 -2.82449E-05 
9.07128E-06 9.09109E-07 -4.50716E-05 
1.01098E-05 2.56365E-06 -5.66273E-05 
---
