PdfType: replica
Format: lhagrid1
---
1.00000E-06 1.28121E-06 1.64152E-06 2.10317E-06 2.69463E-06 3.45242E-06 4.42329E-06 5.66715E-06 7.26076E-06 9.30241E-06 1.19180E-05 1.52689E-05 1.95617E-05 2.50609E-05 3.21053E-05 4.11287E-05 5.26863E-05 6.74889E-05 8.64459E-05 1.10720E-04 1.41800E-04 1.81585E-04 2.32503E-04 2.97652E-04 3.80981E-04 4.87518E-04 6.26039E-04 8.00452E-04 1.02297E-03 1.30657E-03 1.66759E-03 2.12729E-03 2.71054E-03 3.44865E-03 4.37927E-03 5.54908E-03 7.01192E-03 8.83064E-03 1.10763E-02 1.38266E-02 1.71641E-02 2.11717E-02 2.59364E-02 3.15062E-02 3.79623E-02 4.53425E-02 5.36750E-02 6.29705E-02 7.32221E-02 8.44039E-02 9.64793E-02 1.09332E-01 1.23067E-01 1.37507E-01 1.52639E-01 1.68416E-01 1.84794E-01 2.01731E-01 2.19016E-01 2.36948E-01 2.55242E-01 2.73927E-01 2.92954E-01 3.12340E-01 3.32036E-01 3.52019E-01 3.72282E-01 3.92772E-01 4.13533E-01 4.34326E-01 4.55495E-01 4.76836E-01 4.98342E-01 5.20006E-01 5.41818E-01 5.63773E-01 5.85861E-01 6.08077E-01 6.30459E-01 6.52800E-01 6.75387E-01 6.98063E-01 7.20830E-01 7.43683E-01 7.66623E-01 7.89636E-01 8.12791E-01 8.35940E-01 8.59175E-01 8.82485E-01 9.05866E-01 9.29311E-01 9.52817E-01 9.76387E-01 1.00000E+00 
1.14018E+00 1.22539E+00 1.32482E+00 1.44156E+00 1.57954E+00 1.74381E+00 1.94091E+00 2.12132E+00 2.17945E+00 2.49622E+00 2.89383E+00 3.39925E+00 4.05063E+00 4.90286E+00 6.03623E+00 7.57063E+00 9.68869E+00 1.26749E+01 1.69835E+01 2.33578E+01 3.30501E+01 4.82334E+01 7.28041E+01 1.13998E+02 1.85779E+02 3.16228E+02 
908 909 910 
8.20480E-01 4.76511E-02 2.46668E-01 
8.35714E-01 5.65675E-02 2.90375E-01 
8.69560E-01 7.28480E-02 3.45710E-01 
9.31045E-01 9.75036E-02 4.16377E-01 
1.01434E+00 1.27433E-01 5.08243E-01 
1.12331E+00 1.63413E-01 6.30880E-01 
1.26235E+00 2.06258E-01 7.95862E-01 
1.39303E+00 2.44549E-01 9.63099E-01 
1.43574E+00 2.56721E-01 1.02137E+00 
1.66764E+00 3.20642E-01 1.36504E+00 
1.95351E+00 3.95438E-01 1.86922E+00 
2.30212E+00 4.81860E-01 2.62757E+00 
2.72273E+00 5.81351E-01 3.79483E+00 
3.22514E+00 7.51149E-01 5.65900E+00 
3.82582E+00 8.90818E-01 8.73198E+00 
4.55309E+00 1.04678E+00 1.39492E+01 
5.42852E+00 1.22005E+00 2.31591E+01 
6.47621E+00 1.41099E+00 4.00310E+01 
7.72704E+00 1.62065E+00 7.20360E+01 
9.22663E+00 1.85169E+00 1.34749E+02 
1.10652E+01 2.11375E+00 2.59289E+02 
1.34893E+01 2.44166E+00 4.98810E+02 
1.71622E+01 2.93211E+00 9.09909E+02 
2.31138E+01 3.71343E+00 1.46393E+03 
3.12540E+01 4.70355E+00 1.98085E+03 
3.99049E+01 5.60511E+00 2.30888E+03 
1.52855E+00 8.82288E-02 4.17647E-01 
1.55789E+00 1.05200E-01 4.91430E-01 
1.62258E+00 1.36161E-01 5.84874E-01 
1.73958E+00 1.83060E-01 7.04877E-01 
1.89739E+00 2.39809E-01 8.61371E-01 
2.10283E+00 3.07792E-01 1.06854E+00 
2.36382E+00 3.88509E-01 1.34754E+00 
2.60896E+00 4.60575E-01 1.63136E+00 
2.68862E+00 4.83369E-01 1.72914E+00 
3.12180E+00 6.03197E-01 2.31152E+00 
3.65432E+00 7.42888E-01 3.16475E+00 
4.30206E+00 9.04009E-01 4.44854E+00 
5.08243E+00 1.08807E+00 6.42958E+00 
6.01413E+00 1.40340E+00 9.58278E+00 
7.12536E+00 1.66012E+00 1.47699E+01 
8.46862E+00 1.94640E+00 2.35984E+01 
1.00812E+01 2.26320E+00 3.91744E+01 
1.20074E+01 2.61136E+00 6.77284E+01 
1.43018E+01 2.99227E+00 1.21953E+02 
1.70455E+01 3.41049E+00 2.28152E+02 
2.04018E+01 3.88348E+00 4.38712E+02 
2.48228E+01 4.47499E+00 8.44163E+02 
3.15231E+01 5.36122E+00 1.54057E+03 
4.23709E+01 6.77327E+00 2.47807E+03 
5.71813E+01 8.55885E+00 3.35314E+03 
7.28663E+01 1.01748E+01 3.90799E+03 
1.45121E+00 8.30984E-02 3.53151E-01 
1.48036E+00 9.97109E-02 4.15440E-01 
1.54408E+00 1.29973E-01 4.94536E-01 
1.65791E+00 1.75557E-01 5.95893E-01 
1.81069E+00 2.30573E-01 7.28236E-01 
2.00861E+00 2.96279E-01 9.03264E-01 
2.25883E+00 3.74009E-01 1.13889E+00 
2.49324E+00 4.43220E-01 1.37887E+00 
2.56914E+00 4.65040E-01 1.46105E+00 
2.98157E+00 5.79604E-01 1.95313E+00 
3.48681E+00 7.12593E-01 2.67348E+00 
4.09947E+00 8.65383E-01 3.75753E+00 
4.83573E+00 1.03908E+00 5.43275E+00 
5.71540E+00 1.33657E+00 8.09581E+00 
6.76160E+00 1.57647E+00 1.24718E+01 
8.02241E+00 1.84292E+00 1.99232E+01 
9.53147E+00 2.13652E+00 3.30736E+01 
1.13286E+01 2.45781E+00 5.71683E+01 
1.34633E+01 2.80785E+00 1.02947E+02 
1.60089E+01 3.19058E+00 1.92581E+02 
1.91156E+01 3.62205E+00 3.70244E+02 
2.32012E+01 4.16098E+00 7.12262E+02 
2.93932E+01 4.97006E+00 1.29998E+03 
3.94120E+01 6.26019E+00 2.09085E+03 
5.30583E+01 7.88681E+00 2.82898E+03 
6.74475E+01 9.34774E+00 3.29679E+03 
1.37149E+00 7.78597E-02 2.97178E-01 
1.40046E+00 9.41017E-02 3.49521E-01 
1.46287E+00 1.23534E-01 4.16004E-01 
1.57329E+00 1.67681E-01 5.01193E-01 
1.72042E+00 2.20778E-01 6.12245E-01 
1.91025E+00 2.84020E-01 7.59514E-01 
2.14906E+00 3.58538E-01 9.57393E-01 
2.37211E+00 4.24684E-01 1.15915E+00 
2.44423E+00 4.45508E-01 1.22832E+00 
2.83486E+00 5.54476E-01 1.64134E+00 
3.31191E+00 6.80460E-01 2.24666E+00 
3.88835E+00 8.24543E-01 3.15641E+00 
4.57895E+00 9.87564E-01 4.56209E+00 
5.40544E+00 1.26679E+00 6.79949E+00 
6.38576E+00 1.48978E+00 1.04766E+01 
7.56278E+00 1.73625E+00 1.67292E+01 
8.96741E+00 2.00671E+00 2.77713E+01 
1.06348E+01 2.30138E+00 4.79891E+01 
1.26099E+01 2.62100E+00 8.64071E+01 
1.49587E+01 2.96906E+00 1.61614E+02 
1.78189E+01 3.36017E+00 3.10744E+02 
2.15742E+01 3.84815E+00 5.97641E+02 
2.72640E+01 4.58213E+00 1.09060E+03 
3.64663E+01 5.75383E+00 1.75400E+03 
4.89710E+01 7.22672E+00 2.37309E+03 
6.20976E+01 8.53931E+00 2.76542E+03 
1.29612E+00 7.29032E-02 2.49849E-01 
1.32503E+00 8.88398E-02 2.93834E-01 
1.38610E+00 1.17444E-01 3.49540E-01 
1.49324E+00 1.60235E-01 4.21167E-01 
1.63507E+00 2.11521E-01 5.14457E-01 
1.81695E+00 2.72351E-01 6.37869E-01 
2.04487E+00 3.43791E-01 8.03939E-01 
2.25705E+00 4.06995E-01 9.73408E-01 
2.32546E+00 4.26843E-01 1.03133E+00 
2.69548E+00 5.30474E-01 1.37816E+00 
3.14556E+00 6.49711E-01 1.88579E+00 
3.68780E+00 7.85504E-01 2.64941E+00 
4.33535E+00 9.38461E-01 3.82845E+00 
5.11095E+00 1.20038E+00 5.70303E+00 
6.02874E+00 1.40722E+00 8.78825E+00 
7.12696E+00 1.63496E+00 1.40328E+01 
8.43312E+00 1.88375E+00 2.32868E+01 
9.97928E+00 2.15361E+00 4.02479E+01 
1.18050E+01 2.44501E+00 7.24515E+01 
1.39704E+01 2.76097E+00 1.35511E+02 
1.66007E+01 3.11480E+00 2.60487E+02 
2.00502E+01 3.55603E+00 5.01102E+02 
2.52746E+01 4.22101E+00 9.14329E+02 
3.37197E+01 5.28372E+00 1.47038E+03 
4.51684E+01 6.61561E+00 1.98931E+03 
5.71328E+01 7.79315E+00 2.31823E+03 
1.22488E+00 6.82110E-02 2.09718E-01 
1.25380E+00 8.38800E-02 2.46655E-01 
1.31359E+00 1.11703E-01 2.93353E-01 
1.41746E+00 1.53174E-01 3.53329E-01 
1.55423E+00 2.02731E-01 4.31640E-01 
1.72861E+00 2.61283E-01 5.35190E-01 
1.94602E+00 3.29744E-01 6.74300E-01 
2.14770E+00 3.90100E-01 8.16269E-01 
2.21263E+00 4.09022E-01 8.64857E-01 
2.56286E+00 5.07507E-01 1.15552E+00 
2.98742E+00 6.20319E-01 1.58113E+00 
3.49706E+00 7.48165E-01 2.22078E+00 
4.10398E+00 8.91567E-01 3.20961E+00 
4.83150E+00 1.13681E+00 4.78064E+00 
5.68987E+00 1.32861E+00 7.36334E+00 
6.71393E+00 1.53884E+00 1.17609E+01 
7.92765E+00 1.76737E+00 1.95138E+01 
9.35996E+00 2.01411E+00 3.37232E+01 
1.10463E+01 2.27932E+00 6.07051E+01 
1.30408E+01 2.56564E+00 1.13547E+02 
1.54576E+01 2.88516E+00 2.18244E+02 
1.86224E+01 3.28328E+00 4.19789E+02 
2.34157E+01 3.88490E+00 7.66042E+02 
3.11602E+01 4.84759E+00 1.23197E+03 
4.16335E+01 6.05042E+00 1.66682E+03 
5.25279E+01 7.10500E+00 1.94250E+03 
1.15759E+00 6.37736E-02 1.75793E-01 
1.18633E+00 7.91340E-02 2.06715E-01 
1.24515E+00 1.06300E-01 2.45897E-01 
1.34590E+00 1.46515E-01 2.96085E-01 
1.47765E+00 1.94387E-01 3.61605E-01 
1.64477E+00 2.50732E-01 4.48299E-01 
1.85222E+00 3.16360E-01 5.64913E-01 
2.04383E+00 3.73977E-01 6.83688E-01 
2.10542E+00 3.92004E-01 7.24428E-01 
2.43682E+00 4.85562E-01 9.67833E-01 
2.83704E+00 5.92214E-01 1.32429E+00 
3.31578E+00 7.12450E-01 1.85975E+00 
3.88404E+00 8.46645E-01 2.68710E+00 
4.56619E+00 1.07632E+00 4.00354E+00 
5.36850E+00 1.25390E+00 6.16543E+00 
6.32235E+00 1.44762E+00 9.84600E+00 
7.44944E+00 1.65724E+00 1.63414E+01 
8.77500E+00 1.88246E+00 2.82319E+01 
1.03313E+01 2.12340E+00 5.08364E+01 
1.21664E+01 2.38232E+00 9.50631E+01 
1.43852E+01 2.67032E+00 1.82769E+02 
1.72864E+01 3.02893E+00 3.51557E+02 
2.16795E+01 3.57228E+00 6.41533E+02 
2.87758E+01 4.44320E+00 1.03181E+03 
3.83482E+01 5.52789E+00 1.39611E+03 
4.82587E+01 6.47080E+00 1.62722E+03 
1.09402E+00 5.95784E-02 1.47202E-01 
1.12262E+00 7.46577E-02 1.73040E-01 
1.18043E+00 1.01179E-01 2.05810E-01 
1.27828E+00 1.40226E-01 2.47862E-01 
1.40522E+00 1.86491E-01 3.02649E-01 
1.56537E+00 2.40720E-01 3.75186E-01 
1.76312E+00 3.03593E-01 4.72697E-01 
1.94519E+00 3.58589E-01 5.72180E-01 
2.00352E+00 3.75741E-01 6.06121E-01 
2.31685E+00 4.64544E-01 8.09667E-01 
2.69391E+00 5.65286E-01 1.10790E+00 
3.14342E+00 6.78308E-01 1.55606E+00 
3.67522E+00 8.03707E-01 2.24818E+00 
4.31421E+00 1.01867E+00 3.34980E+00 
5.06366E+00 1.18288E+00 5.15976E+00 
5.95141E+00 1.36111E+00 8.23879E+00 
6.99699E+00 1.55305E+00 1.36747E+01 
8.22283E+00 1.75827E+00 2.36283E+01 
9.65754E+00 1.97672E+00 4.25480E+01 
1.13446E+01 2.21041E+00 7.95769E+01 
1.33792E+01 2.46940E+00 1.52987E+02 
1.60362E+01 2.79179E+00 2.94323E+02 
2.00594E+01 3.28178E+00 5.37155E+02 
2.65554E+01 4.06847E+00 8.64021E+02 
3.52970E+01 5.04527E+00 1.16927E+03 
4.43037E+01 5.88685E+00 1.36306E+03 
1.03398E+00 5.56128E-02 1.23096E-01 
1.06260E+00 7.04858E-02 1.44721E-01 
1.11929E+00 9.63404E-02 1.72060E-01 
1.21435E+00 1.34277E-01 2.07263E-01 
1.33664E+00 1.79001E-01 2.53057E-01 
1.49009E+00 2.31201E-01 3.13772E-01 
1.67862E+00 2.91434E-01 3.95335E-01 
1.85143E+00 3.43889E-01 4.78428E-01 
1.90681E+00 3.60237E-01 5.07015E-01 
2.20295E+00 4.44492E-01 6.77219E-01 
2.55799E+00 5.39576E-01 9.26716E-01 
2.97970E+00 6.45693E-01 1.30146E+00 
3.47692E+00 7.62767E-01 1.88019E+00 
4.07500E+00 9.63669E-01 2.80169E+00 
4.77446E+00 1.11532E+00 4.31586E+00 
5.60008E+00 1.27907E+00 6.89265E+00 
6.56911E+00 1.45451E+00 1.14399E+01 
7.70166E+00 1.64115E+00 1.97723E+01 
9.02296E+00 1.83881E+00 3.56012E+01 
1.05724E+01 2.04926E+00 6.66054E+01 
1.24363E+01 2.28165E+00 1.28070E+02 
1.48669E+01 2.57083E+00 2.46391E+02 
1.85481E+01 3.01198E+00 4.49767E+02 
2.44893E+01 3.72156E+00 7.23594E+02 
3.24648E+01 4.59985E+00 9.79414E+02 
4.06414E+01 5.34954E+00 1.14196E+03 
9.77332E-01 5.18700E-02 1.02868E-01 
1.00588E+00 6.65234E-02 1.20955E-01 
1.06178E+00 9.18357E-02 1.43829E-01 
1.15393E+00 1.28669E-01 1.73220E-01 
1.27183E+00 1.71929E-01 2.11558E-01 
1.41869E+00 2.22142E-01 2.62205E-01 
1.59840E+00 2.79841E-01 3.30479E-01 
1.76238E+00 3.29861E-01 3.99923E-01 
1.81479E+00 3.45401E-01 4.23784E-01 
2.09458E+00 4.25291E-01 5.66172E-01 
2.42865E+00 5.14968E-01 7.74809E-01 
2.82408E+00 6.14528E-01 1.08828E+00 
3.28880E+00 7.23881E-01 1.57268E+00 
3.84799E+00 9.11404E-01 2.34286E+00 
4.50022E+00 1.05112E+00 3.60989E+00 
5.26731E+00 1.20129E+00 5.76566E+00 
6.16462E+00 1.36136E+00 9.57121E+00 
7.20988E+00 1.53075E+00 1.65435E+01 
8.42563E+00 1.70921E+00 2.97973E+01 
9.84683E+00 1.89825E+00 5.57453E+01 
1.15526E+01 2.10628E+00 1.07216E+02 
1.37742E+01 2.36516E+00 2.06336E+02 
1.71386E+01 2.76154E+00 3.76693E+02 
2.25677E+01 3.40061E+00 6.06150E+02 
2.98368E+01 4.18902E+00 8.20619E+02 
3.72520E+01 4.85557E+00 9.57056E+02 
9.23887E-01 4.83358E-02 8.59481E-02 
9.52299E-01 6.27655E-02 1.01040E-01 
1.00754E+00 8.76087E-02 1.20205E-01 
1.09689E+00 1.23383E-01 1.44726E-01 
1.21045E+00 1.65220E-01 1.76771E-01 
1.35114E+00 2.13560E-01 2.19182E-01 
1.52218E+00 2.68782E-01 2.76148E-01 
1.67778E+00 3.16465E-01 3.34292E-01 
1.72737E+00 3.31237E-01 3.54180E-01 
1.99144E+00 4.06908E-01 4.73163E-01 
2.30556E+00 4.91399E-01 6.47578E-01 
2.67606E+00 5.84669E-01 9.09851E-01 
3.11003E+00 6.86545E-01 1.31511E+00 
3.63263E+00 8.61442E-01 1.95983E+00 
4.24016E+00 9.90070E-01 3.01935E+00 
4.95228E+00 1.12757E+00 4.82431E+00 
5.78228E+00 1.27333E+00 8.00827E+00 
6.74602E+00 1.42672E+00 1.38469E+01 
7.86326E+00 1.58745E+00 2.49403E+01 
9.16572E+00 1.75686E+00 4.66765E+01 
1.07249E+01 1.94257E+00 8.97840E+01 
1.27529E+01 2.17373E+00 1.72827E+02 
1.58248E+01 2.52925E+00 3.15601E+02 
2.07815E+01 3.10389E+00 5.07982E+02 
2.74006E+01 3.81049E+00 6.87906E+02 
3.41177E+01 4.40189E+00 8.02496E+02 
8.73549E-01 4.50134E-02 7.18215E-02 
9.01806E-01 5.92424E-02 8.44067E-02 
9.56250E-01 8.35836E-02 1.00432E-01 
1.04309E+00 1.18417E-01 1.20963E-01 
1.15242E+00 1.58885E-01 1.47720E-01 
1.28702E+00 2.05390E-01 1.83155E-01 
1.44995E+00 2.58268E-01 2.30891E-01 
1.59739E+00 3.03676E-01 2.79437E-01 
1.64435E+00 3.17716E-01 2.96149E-01 
1.89353E+00 3.89377E-01 3.95721E-01 
2.18864E+00 4.68878E-01 5.41560E-01 
2.53547E+00 5.56117E-01 7.61020E-01 
2.94024E+00 6.50846E-01 1.09979E+00 
3.42820E+00 8.13918E-01 1.63958E+00 
3.99372E+00 9.32112E-01 2.52683E+00 
4.65401E+00 1.05774E+00 4.03718E+00 
5.42107E+00 1.19017E+00 6.70452E+00 
6.30863E+00 1.32875E+00 1.15936E+01 
7.33439E+00 1.47316E+00 2.08877E+01 
8.52642E+00 1.62452E+00 3.90989E+01 
9.94997E+00 1.78986E+00 7.52310E+01 
1.17993E+01 1.99576E+00 1.44847E+02 
1.46013E+01 2.31399E+00 2.64567E+02 
1.91216E+01 2.82978E+00 4.25950E+02 
2.51426E+01 3.46195E+00 5.76991E+02 
3.12204E+01 3.98553E+00 6.73309E+02 
8.26104E-01 4.18838E-02 6.00184E-02 
8.54401E-01 5.59990E-02 7.05683E-02 
9.08251E-01 7.99277E-02 8.39634E-02 
9.92316E-01 1.13755E-01 1.01100E-01 
1.09760E+00 1.52915E-01 1.23514E-01 
1.22636E+00 1.97660E-01 1.53153E-01 
1.38134E+00 2.48241E-01 1.93059E-01 
1.52107E+00 2.91479E-01 2.33712E-01 
1.56543E+00 3.04802E-01 2.47652E-01 
1.80033E+00 3.72579E-01 3.30976E-01 
2.07744E+00 4.47336E-01 4.53077E-01 
2.40187E+00 5.28893E-01 6.36732E-01 
2.77924E+00 6.16914E-01 9.20476E-01 
3.23424E+00 7.68699E-01 1.37207E+00 
3.76008E+00 8.77061E-01 2.11539E+00 
4.37173E+00 9.91588E-01 3.37990E+00 
5.07983E+00 1.11164E+00 5.61530E+00 
5.89636E+00 1.23654E+00 9.71128E+00 
6.83690E+00 1.36589E+00 1.75023E+01 
7.92667E+00 1.50075E+00 3.27705E+01 
9.22475E+00 1.64749E+00 6.30672E+01 
1.09091E+01 1.83038E+00 1.21464E+02 
1.34625E+01 2.11467E+00 2.21932E+02 
1.75804E+01 2.57679E+00 3.57407E+02 
2.30516E+01 3.14132E+00 4.84290E+02 
2.85444E+01 3.60380E+00 5.65322E+02 
7.81420E-01 3.89418E-02 5.01454E-02 
8.09688E-01 5.29299E-02 5.89880E-02 
8.62839E-01 7.64448E-02 7.01765E-02 
9.44432E-01 1.09386E-01 8.45350E-02 
1.04575E+00 1.47280E-01 1.03282E-01 
1.16892E+00 1.90334E-01 1.28124E-01 
1.31619E+00 2.38692E-01 1.61454E-01 
1.44854E+00 2.79837E-01 1.95546E-01 
1.49042E+00 2.92474E-01 2.07177E-01 
1.71168E+00 3.56507E-01 2.76908E-01 
1.97165E+00 4.26720E-01 3.79151E-01 
2.27487E+00 5.02866E-01 5.32869E-01 
2.62637E+00 5.84525E-01 7.70720E-01 
3.05032E+00 7.25572E-01 1.14909E+00 
3.53877E+00 8.24762E-01 1.77183E+00 
4.10481E+00 9.28973E-01 2.83235E+00 
4.75762E+00 1.03753E+00 4.70507E+00 
5.50792E+00 1.14976E+00 8.14134E+00 
6.36925E+00 1.26528E+00 1.46736E+01 
7.36423E+00 1.38505E+00 2.74810E+01 
8.54647E+00 1.51485E+00 5.29093E+01 
1.00786E+01 1.67682E+00 1.01921E+02 
1.24024E+01 1.93018E+00 1.86291E+02 
1.61505E+01 2.34351E+00 3.00119E+02 
2.11164E+01 2.84667E+00 4.06801E+02 
2.60743E+01 3.25418E+00 4.75033E+02 
7.39456E-01 3.62007E-02 4.19503E-02 
7.67566E-01 5.00447E-02 4.93395E-02 
8.20170E-01 7.32139E-02 5.87100E-02 
8.99326E-01 1.05312E-01 7.07265E-02 
9.96793E-01 1.41986E-01 8.64158E-02 
1.11446E+00 1.83391E-01 1.07199E-01 
1.25445E+00 2.29622E-01 1.35154E-01 
1.37962E+00 2.68733E-01 1.63659E-01 
1.41921E+00 2.80724E-01 1.73464E-01 
1.62750E+00 3.41185E-01 2.31882E-01 
1.87121E+00 4.07041E-01 3.17576E-01 
2.15425E+00 4.77970E-01 4.46343E-01 
2.48125E+00 5.53573E-01 6.45616E-01 
2.87588E+00 6.84562E-01 9.62839E-01 
3.32900E+00 7.75111E-01 1.48473E+00 
3.85222E+00 8.69694E-01 2.37441E+00 
4.45342E+00 9.67585E-01 3.94544E+00 
5.14202E+00 1.06815E+00 6.82780E+00 
5.92998E+00 1.17101E+00 1.23134E+01 
6.83713E+00 1.27697E+00 2.30660E+01 
7.91236E+00 1.39137E+00 4.44190E+01 
9.30440E+00 1.53438E+00 8.56005E+01 
1.14166E+01 1.75961E+00 1.56496E+02 
1.48240E+01 2.12854E+00 2.52209E+02 
1.93265E+01 2.57613E+00 3.41994E+02 
2.37959E+01 2.93426E+00 3.99505E+02 
7.00091E-01 3.36534E-02 3.51142E-02 
7.28103E-01 4.74086E-02 4.12961E-02 
7.80235E-01 7.02933E-02 4.91474E-02 
8.56944E-01 1.01551E-01 5.92233E-02 
9.50608E-01 1.37034E-01 7.23607E-02 
1.06292E+00 1.76834E-01 8.97546E-02 
1.19592E+00 2.21016E-01 1.13222E-01 
1.31418E+00 2.58160E-01 1.37079E-01 
1.35149E+00 2.69503E-01 1.45284E-01 
1.54741E+00 3.26525E-01 1.94279E-01 
1.77557E+00 3.88200E-01 2.66061E-01 
2.03966E+00 4.54194E-01 3.74119E-01 
2.34359E+00 5.24002E-01 5.41190E-01 
2.71052E+00 6.45493E-01 8.07431E-01 
3.13042E+00 7.28023E-01 1.24531E+00 
3.61342E+00 8.13621E-01 1.99168E+00 
4.16648E+00 9.01652E-01 3.31109E+00 
4.79755E+00 9.91453E-01 5.73048E+00 
5.51722E+00 1.08267E+00 1.03374E+01 
6.34332E+00 1.17606E+00 1.93743E+01 
7.31987E+00 1.27649E+00 3.73192E+01 
8.58282E+00 1.40231E+00 7.19444E+01 
1.05009E+01 1.60210E+00 1.31588E+02 
1.35948E+01 1.93068E+00 2.12139E+02 
1.76720E+01 2.32795E+00 2.87767E+02 
2.16957E+01 2.64184E+00 3.36295E+02 
6.63200E-01 3.13013E-02 2.94036E-02 
6.91011E-01 4.49552E-02 3.45819E-02 
7.42805E-01 6.76224E-02 4.11643E-02 
8.17042E-01 9.80721E-02 4.96064E-02 
9.07042E-01 1.32416E-01 6.06323E-02 
1.01419E+00 1.70671E-01 7.52108E-02 
1.14032E+00 2.12837E-01 9.48680E-02 
1.25205E+00 2.48095E-01 1.14902E-01 
1.28720E+00 2.58825E-01 1.21770E-01 
1.47124E+00 3.12521E-01 1.62843E-01 
1.68471E+00 3.70193E-01 2.23072E-01 
1.93081E+00 4.31478E-01 3.13751E-01 
2.21300E+00 4.95928E-01 4.53991E-01 
2.55370E+00 6.08400E-01 6.77389E-01 
2.94246E+00 6.83382E-01 1.04535E+00 
3.38779E+00 7.60624E-01 1.67212E+00 
3.89580E+00 8.39504E-01 2.78074E+00 
4.47341E+00 9.19403E-01 4.81453E+00 
5.12984E+00 9.99981E-01 8.68708E+00 
5.88092E+00 1.08194E+00 1.62840E+01 
6.76659E+00 1.16971E+00 3.13822E+01 
7.91079E+00 1.27998E+00 6.05189E+01 
9.65001E+00 1.45667E+00 1.10734E+02 
1.24564E+01 1.74873E+00 1.78600E+02 
1.61441E+01 2.10056E+00 2.42375E+02 
1.97615E+01 2.37486E+00 2.83369E+02 
6.28670E-01 2.91546E-02 2.46375E-02 
6.56278E-01 4.27236E-02 2.89861E-02 
7.07653E-01 6.51849E-02 3.44972E-02 
7.79546E-01 9.48912E-02 4.15689E-02 
8.65926E-01 1.28127E-01 5.08201E-02 
9.68115E-01 1.64883E-01 6.30704E-02 
1.08759E+00 2.05094E-01 7.95349E-02 
1.19303E+00 2.38523E-01 9.63618E-02 
1.22614E+00 2.48669E-01 1.02136E-01 
1.39889E+00 2.99176E-01 1.36615E-01 
1.59838E+00 3.53019E-01 1.87203E-01 
1.82743E+00 4.09816E-01 2.63308E-01 
2.08912E+00 4.68924E-01 3.81125E-01 
2.40511E+00 5.73012E-01 5.68747E-01 
2.76447E+00 6.41011E-01 8.77878E-01 
3.17451E+00 7.10500E-01 1.40482E+00 
3.64053E+00 7.80947E-01 2.33667E+00 
4.16852E+00 8.51761E-01 4.04816E+00 
4.76640E+00 9.22631E-01 7.30605E+00 
5.44829E+00 9.94200E-01 1.37021E+01 
6.25023E+00 1.07052E+00 2.64141E+01 
7.28540E+00 1.16679E+00 5.09599E+01 
8.86047E+00 1.32260E+00 9.32804E+01 
1.14026E+01 1.58156E+00 1.50516E+02 
1.47340E+01 1.89243E+00 2.04359E+02 
1.79813E+01 2.13137E+00 2.39028E+02 
5.96449E-01 2.72223E-02 2.06596E-02 
6.23840E-01 4.07284E-02 2.43059E-02 
6.74949E-01 6.30890E-02 2.89358E-02 
7.44439E-01 9.20433E-02 3.48795E-02 
8.27221E-01 1.24182E-01 4.26328E-02 
9.24533E-01 1.59467E-01 5.29170E-02 
1.03767E+00 1.97799E-01 6.67555E-02 
1.13702E+00 2.29448E-01 8.08726E-02 
1.16812E+00 2.39015E-01 8.57084E-02 
1.33009E+00 2.86442E-01 1.14683E-01 
1.51635E+00 3.36647E-01 1.57209E-01 
1.72927E+00 3.89166E-01 2.21159E-01 
1.97170E+00 4.43707E-01 3.20174E-01 
2.26442E+00 5.39632E-01 4.78029E-01 
2.59615E+00 6.00896E-01 7.38120E-01 
2.97319E+00 6.63184E-01 1.18153E+00 
3.40002E+00 7.25830E-01 1.96544E+00 
3.88188E+00 7.88301E-01 3.40673E+00 
4.42555E+00 8.50314E-01 6.14970E+00 
5.04360E+00 9.12466E-01 1.15394E+01 
5.76862E+00 9.78479E-01 2.22547E+01 
6.70367E+00 1.06212E+00 4.29530E+01 
8.12823E+00 1.19911E+00 7.86643E+01 
1.04281E+01 1.42815E+00 1.26990E+02 
1.34334E+01 1.70211E+00 1.72496E+02 
1.63443E+01 1.90958E+00 2.01859E+02 
5.66466E-01 2.55154E-02 1.73435E-02 
5.93681E-01 3.90102E-02 2.04054E-02 
6.44436E-01 6.12949E-02 2.42875E-02 
7.11548E-01 8.95162E-02 2.92809E-02 
7.90821E-01 1.20594E-01 3.57961E-02 
8.83367E-01 1.54445E-01 4.44355E-02 
9.90362E-01 1.90931E-01 5.60733E-02 
1.08387E+00 2.20859E-01 6.79291E-02 
1.11310E+00 2.29872E-01 7.20116E-02 
1.26472E+00 2.74325E-01 9.63488E-02 
1.43834E+00 3.20987E-01 1.32099E-01 
1.63613E+00 3.69402E-01 1.85960E-01 
1.86035E+00 4.19277E-01 2.69224E-01 
2.13107E+00 5.07749E-01 4.02048E-01 
2.43687E+00 5.62888E-01 6.20914E-01 
2.78312E+00 6.18513E-01 9.94471E-01 
3.17351E+00 6.73974E-01 1.65525E+00 
3.61253E+00 7.28806E-01 2.86945E+00 
4.10614E+00 7.82760E-01 5.18306E+00 
4.66536E+00 8.36399E-01 9.72767E+00 
5.31973E+00 8.93135E-01 1.87704E+01 
6.16306E+00 9.65444E-01 3.62477E+01 
7.44946E+00 1.08546E+00 6.64123E+01 
9.52760E+00 1.28753E+00 1.07268E+02 
1.22352E+01 1.52834E+00 1.45787E+02 
1.48403E+01 1.70781E+00 1.70689E+02 
5.38635E-01 2.40621E-02 1.45650E-02 
5.65510E-01 3.75084E-02 1.71395E-02 
6.16121E-01 5.98485E-02 2.04009E-02 
6.80794E-01 8.73419E-02 2.45993E-02 
7.56594E-01 1.17371E-01 3.00777E-02 
8.44479E-01 1.49807E-01 3.73396E-02 
9.45530E-01 1.84502E-01 4.71292E-02 
1.03344E+00 2.12751E-01 5.71128E-02 
1.06083E+00 2.21219E-01 6.05351E-02 
1.20264E+00 2.62812E-01 8.10268E-02 
1.36428E+00 3.06088E-01 1.11101E-01 
1.54767E+00 3.50666E-01 1.56428E-01 
1.75481E+00 3.95777E-01 2.26601E-01 
2.00489E+00 4.77341E-01 3.38514E-01 
2.28635E+00 5.26923E-01 5.22940E-01 
2.60371E+00 5.76351E-01 8.37754E-01 
2.96021E+00 6.25208E-01 1.39527E+00 
3.35960E+00 6.73067E-01 2.41950E+00 
3.80702E+00 7.19709E-01 4.37345E+00 
4.31212E+00 7.65671E-01 8.21117E+00 
4.90160E+00 8.14073E-01 1.58510E+01 
5.66084E+00 8.76221E-01 3.06239E+01 
6.82095E+00 9.80999E-01 5.61429E+01 
8.69611E+00 1.15877E+00 9.07329E+01 
1.11320E+01 1.36984E+00 1.23381E+02 
1.34597E+01 1.52449E+00 1.44531E+02 
5.12894E-01 2.28917E-02 1.22416E-02 
5.39227E-01 3.62363E-02 1.44061E-02 
5.89848E-01 5.87540E-02 1.71530E-02 
6.52070E-01 8.55429E-02 2.06813E-02 
7.24459E-01 1.14537E-01 2.52958E-02 
8.07812E-01 1.45586E-01 3.14099E-02 
9.03052E-01 1.78505E-01 3.96414E-02 
9.85599E-01 2.05125E-01 4.80579E-02 
1.01127E+00 2.13083E-01 5.09434E-02 
1.14372E+00 2.51903E-01 6.82094E-02 
1.29400E+00 2.91961E-01 9.35613E-02 
1.46376E+00 3.32832E-01 1.31730E-01 
1.65492E+00 3.74214E-01 1.90928E-01 
1.88551E+00 4.48806E-01 2.85373E-01 
2.14419E+00 4.92924E-01 4.41048E-01 
2.43464E+00 5.36620E-01 7.06881E-01 
2.75959E+00 5.79401E-01 1.17749E+00 
3.12223E+00 6.20886E-01 2.04279E+00 
3.52697E+00 6.60897E-01 3.69380E+00 
3.98241E+00 6.99958E-01 6.94079E+00 
4.51251E+00 7.40915E-01 1.34047E+01 
5.19488E+00 7.93989E-01 2.59115E+01 
6.23939E+00 8.85090E-01 4.75295E+01 
7.92891E+00 1.04102E+00 7.68570E+01 
1.01172E+01 1.22546E+00 1.04573E+02 
1.21936E+01 1.35816E+00 1.22570E+02 
4.89190E-01 2.20346E-02 1.03041E-02 
5.14988E-01 3.53037E-02 1.21232E-02 
5.65601E-01 5.80949E-02 1.44383E-02 
6.25356E-01 8.41643E-02 1.74089E-02 
6.94316E-01 1.12117E-01 2.12934E-02 
7.73236E-01 1.41787E-01 2.64491E-02 
8.62906E-01 1.72973E-01 3.33915E-02 
9.40242E-01 1.97993E-01 4.04783E-02 
9.64236E-01 2.05436E-01 4.29115E-02 
1.08770E+00 2.41561E-01 5.74662E-02 
1.22719E+00 2.78494E-01 7.88483E-02 
1.38423E+00 3.15854E-01 1.11091E-01 
1.56028E+00 3.53298E-01 1.61049E-01 
1.77257E+00 4.21654E-01 2.40815E-01 
2.00987E+00 4.60773E-01 3.72345E-01 
2.27523E+00 4.99179E-01 5.97022E-01 
2.57100E+00 5.36404E-01 9.95236E-01 
2.89970E+00 5.72086E-01 1.72767E+00 
3.26512E+00 6.06103E-01 3.12505E+00 
3.67489E+00 6.38965E-01 5.87422E+00 
4.15066E+00 6.73281E-01 1.13530E+01 
4.76283E+00 7.18275E-01 2.19588E+01 
5.70177E+00 7.97142E-01 4.03025E+01 
7.22192E+00 9.33478E-01 6.52114E+01 
9.18482E+00 1.09414E+00 8.87836E+01 
1.10337E+01 1.20747E+00 1.04122E+02 
4.67417E-01 2.15104E-02 8.68155E-03 
4.92776E-01 3.47668E-02 1.02140E-02 
5.43200E-01 5.78773E-02 1.21638E-02 
6.00523E-01 8.32323E-02 1.46722E-02 
6.66079E-01 1.10134E-01 1.79464E-02 
7.40630E-01 1.38429E-01 2.22917E-02 
8.24911E-01 1.67899E-01 2.81583E-02 
8.97261E-01 1.91356E-01 3.41395E-02 
9.19661E-01 1.98301E-01 3.61939E-02 
1.03458E+00 2.31818E-01 4.84898E-02 
1.16390E+00 2.65745E-01 6.65638E-02 
1.30883E+00 2.99729E-01 9.38095E-02 
1.47070E+00 3.33116E-01 1.36036E-01 
1.66577E+00 3.95718E-01 2.03458E-01 
1.88314E+00 4.30424E-01 3.14830E-01 
2.12518E+00 4.63950E-01 5.05061E-01 
2.39374E+00 4.96054E-01 8.42330E-01 
2.69109E+00 5.26467E-01 1.46302E+00 
3.02044E+00 5.55096E-01 2.64841E+00 
3.38836E+00 5.82413E-01 4.98040E+00 
3.81442E+00 6.10818E-01 9.63125E+00 
4.36253E+00 6.48636E-01 1.86401E+01 
5.20520E+00 7.16588E-01 3.42350E+01 
6.57091E+00 8.35393E-01 5.54314E+01 
8.32888E+00 9.74850E-01 7.55162E+01 
9.97220E+00 1.07117E+00 8.86143E+01 
4.47568E-01 2.14065E-02 7.32128E-03 
4.72290E-01 3.45791E-02 8.61590E-03 
5.22722E-01 5.82121E-02 1.02600E-02 
5.77481E-01 8.28009E-02 1.23788E-02 
6.39682E-01 1.08638E-01 1.51479E-02 
7.09953E-01 1.35546E-01 1.88174E-02 
7.88965E-01 1.63305E-01 2.37717E-02 
8.56530E-01 1.85221E-01 2.88292E-02 
8.77414E-01 1.91683E-01 3.05705E-02 
9.84218E-01 2.22663E-01 4.09767E-02 
1.10385E+00 2.53704E-01 5.62674E-02 
1.23740E+00 2.84448E-01 7.93294E-02 
1.38605E+00 3.14685E-01 1.15112E-01 
1.56498E+00 3.71501E-01 1.72285E-01 
1.76366E+00 4.01776E-01 2.66679E-01 
1.98396E+00 4.30802E-01 4.28087E-01 
2.22739E+00 4.58245E-01 7.14198E-01 
2.49585E+00 4.83884E-01 1.24129E+00 
2.79197E+00 5.07654E-01 2.24811E+00 
3.12163E+00 5.30033E-01 4.23165E+00 
3.50236E+00 5.53208E-01 8.18698E+00 
3.99210E+00 5.84672E-01 1.58546E+01 
4.74707E+00 6.42912E-01 2.91391E+01 
5.97204E+00 7.46051E-01 4.72117E+01 
7.54396E+00 8.66662E-01 6.43616E+01 
9.00176E+00 9.48058E-01 7.55694E+01 
4.29571E-01 2.17698E-02 6.18295E-03 
4.53489E-01 3.47915E-02 7.27783E-03 
5.04025E-01 5.91355E-02 8.66738E-03 
5.56119E-01 8.29036E-02 1.04585E-02 
6.14981E-01 1.07648E-01 1.28022E-02 
6.81084E-01 1.33158E-01 1.59101E-02 
7.55039E-01 1.59227E-01 2.01058E-02 
8.18001E-01 1.79612E-01 2.43923E-02 
8.37387E-01 1.85586E-01 2.58608E-02 
9.36422E-01 2.14082E-01 3.46722E-02 
1.04693E+00 2.42342E-01 4.76440E-02 
1.16979E+00 2.70018E-01 6.72057E-02 
1.30603E+00 2.96925E-01 9.75791E-02 
1.46982E+00 3.48585E-01 1.46119E-01 
1.65104E+00 3.74774E-01 2.26302E-01 
1.85115E+00 3.99645E-01 3.63490E-01 
2.07141E+00 4.22842E-01 6.06885E-01 
2.31320E+00 4.44152E-01 1.05534E+00 
2.57887E+00 4.63573E-01 1.91263E+00 
2.87353E+00 4.81565E-01 3.60188E+00 
3.21300E+00 5.00130E-01 6.97457E+00 
3.64968E+00 5.25998E-01 1.35157E+01 
4.32482E+00 5.75615E-01 2.48564E+01 
5.42182E+00 6.64804E-01 4.03019E+01 
6.82502E+00 7.68693E-01 5.49767E+01 
8.11573E+00 8.37065E-01 6.45883E+01 
4.13059E-01 2.26437E-02 5.21834E-03 
4.36082E-01 3.54823E-02 6.14127E-03 
4.86658E-01 6.07174E-02 7.31665E-03 
5.36070E-01 8.36167E-02 8.82830E-03 
5.91552E-01 1.07205E-01 1.08100E-02 
6.53513E-01 1.31268E-01 1.34401E-02 
7.22452E-01 1.55588E-01 1.69881E-02 
7.80941E-01 1.74435E-01 2.06202E-02 
7.98931E-01 1.79938E-01 2.18663E-02 
8.90463E-01 2.05961E-01 2.93274E-02 
9.92178E-01 2.31446E-01 4.03194E-02 
1.10485E+00 2.56110E-01 5.69188E-02 
1.22927E+00 2.79532E-01 8.26684E-02 
1.37866E+00 3.26319E-01 1.23852E-01 
1.54347E+00 3.48961E-01 1.92013E-01 
1.72459E+00 3.69964E-01 3.08573E-01 
1.92300E+00 3.89206E-01 5.15496E-01 
2.14000E+00 4.06570E-01 8.97232E-01 
2.37735E+00 4.22048E-01 1.62706E+00 
2.63960E+00 4.36101E-01 3.06586E+00 
2.94092E+00 4.50555E-01 5.94095E+00 
3.32874E+00 4.71444E-01 1.15219E+01 
3.93027E+00 5.13320E-01 2.12040E+01 
4.90940E+00 5.89938E-01 3.44042E+01 
6.15761E+00 6.78829E-01 4.69631E+01 
7.29578E+00 7.35701E-01 5.52049E+01 
3.98488E-01 2.40848E-02 4.42366E-03 
4.20786E-01 3.68172E-02 5.20662E-03 
4.70913E-01 6.28809E-02 6.20426E-03 
5.17877E-01 8.49756E-02 7.48928E-03 
5.70034E-01 1.07363E-01 9.17171E-03 
6.27987E-01 1.29947E-01 1.14079E-02 
6.92163E-01 1.52525E-01 1.44241E-02 
7.46434E-01 1.69871E-01 1.75129E-02 
7.63107E-01 1.74908E-01 1.85767E-02 
8.47649E-01 1.98535E-01 2.49346E-02 
9.41196E-01 2.21393E-01 3.42872E-02 
1.04448E+00 2.43232E-01 4.84454E-02 
1.15807E+00 2.63843E-01 7.04052E-02 
1.29424E+00 3.05895E-01 1.05590E-01 
1.44392E+00 3.25039E-01 1.63738E-01 
1.60770E+00 3.42543E-01 2.63260E-01 
1.78644E+00 3.58280E-01 4.40281E-01 
1.98093E+00 3.72133E-01 7.66686E-01 
2.19287E+00 3.84170E-01 1.39155E+00 
2.42607E+00 3.94812E-01 2.62408E+00 
2.69332E+00 4.05736E-01 5.08750E+00 
3.03750E+00 4.22340E-01 9.87258E+00 
3.57346E+00 4.57521E-01 1.81828E+01 
4.44741E+00 5.23183E-01 2.95221E+01 
5.55782E+00 5.99069E-01 4.03247E+01 
6.56127E+00 6.46144E-01 4.74253E+01 
3.85517E-01 2.61886E-02 3.75590E-03 
4.06718E-01 3.85827E-02 4.42287E-03 
4.56793E-01 6.59328E-02 5.27231E-03 
5.01006E-01 8.69957E-02 6.36602E-03 
5.49894E-01 1.08112E-01 7.79993E-03 
6.03957E-01 1.29177E-01 9.70624E-03 
6.63593E-01 1.50002E-01 1.22831E-02 
7.13787E-01 1.65821E-01 1.49144E-02 
7.29165E-01 1.70379E-01 1.58202E-02 
8.07091E-01 1.91653E-01 2.12501E-02 
8.92999E-01 2.11973E-01 2.92490E-02 
9.87413E-01 2.31104E-01 4.13348E-02 
1.09096E+00 2.48957E-01 6.01352E-02 
1.21471E+00 2.86660E-01 9.02322E-02 
1.35035E+00 3.02511E-01 1.40023E-01 
1.49820E+00 3.16824E-01 2.25375E-01 
1.65872E+00 3.29364E-01 3.77112E-01 
1.83266E+00 3.40086E-01 6.57158E-01 
2.02129E+00 3.49062E-01 1.19338E+00 
2.22810E+00 3.56722E-01 2.25220E+00 
2.46451E+00 3.64587E-01 4.36966E+00 
2.76921E+00 3.77474E-01 8.48505E+00 
3.24576E+00 4.06772E-01 1.56377E+01 
4.02445E+00 4.62757E-01 2.54069E+01 
5.01050E+00 5.27211E-01 3.47231E+01 
5.89325E+00 5.65842E-01 4.08558E+01 
3.74035E-01 2.90106E-02 3.19815E-03 
3.94007E-01 4.09570E-02 3.76615E-03 
4.44037E-01 6.98898E-02 4.49088E-03 
4.85390E-01 8.97353E-02 5.42609E-03 
5.31021E-01 1.09472E-01 6.65086E-03 
5.81282E-01 1.28939E-01 8.28020E-03 
6.36522E-01 1.47962E-01 1.04848E-02 
6.82883E-01 1.62255E-01 1.27410E-02 
6.97057E-01 1.66351E-01 1.35156E-02 
7.68689E-01 1.85280E-01 1.81641E-02 
8.47367E-01 2.03084E-01 2.50222E-02 
9.33580E-01 2.19613E-01 3.53944E-02 
1.02771E+00 2.34581E-01 5.15236E-02 
1.13988E+00 2.68231E-01 7.73567E-02 
1.26260E+00 2.81315E-01 1.20184E-01 
1.39563E+00 2.92684E-01 1.93582E-01 
1.53942E+00 3.02338E-01 3.24066E-01 
1.69454E+00 3.10264E-01 5.65151E-01 
1.86200E+00 3.16552E-01 1.02710E+00 
2.04483E+00 3.21620E-01 1.93943E+00 
2.25329E+00 3.26845E-01 3.76504E+00 
2.52236E+00 3.36529E-01 7.31660E+00 
2.94517E+00 3.60682E-01 1.34918E+01 
3.63777E+00 4.08152E-01 2.19333E+01 
4.51175E+00 4.62592E-01 2.99906E+01 
5.28651E+00 4.93980E-01 3.53002E+01 
3.63861E-01 3.25482E-02 2.73039E-03 
3.82827E-01 4.41074E-02 3.21697E-03 
4.32303E-01 7.46605E-02 3.83692E-03 
4.70833E-01 9.31567E-02 4.63941E-03 
5.13281E-01 1.11422E-01 5.68948E-03 
5.59873E-01 1.29214E-01 7.08860E-03 
6.10876E-01 1.46374E-01 8.97908E-03 
6.53574E-01 1.59115E-01 1.09196E-02 
6.66609E-01 1.62745E-01 1.15853E-02 
7.32328E-01 1.79352E-01 1.55844E-02 
8.04267E-01 1.94723E-01 2.14834E-02 
8.82779E-01 2.08729E-01 3.04124E-02 
9.68183E-01 2.21235E-01 4.43127E-02 
1.06963E+00 2.51025E-01 6.66024E-02 
1.18027E+00 2.61322E-01 1.03497E-01 
1.29967E+00 2.70012E-01 1.66844E-01 
1.42818E+00 2.77081E-01 2.79544E-01 
1.56607E+00 2.82521E-01 4.87833E-01 
1.71428E+00 2.86462E-01 8.87237E-01 
1.87536E+00 2.89289E-01 1.67642E+00 
2.05857E+00 2.92263E-01 3.25580E+00 
2.29548E+00 2.99201E-01 6.33052E+00 
2.66982E+00 3.18887E-01 1.16801E+01 
3.28471E+00 3.58886E-01 1.89973E+01 
4.05788E+00 4.04590E-01 2.59861E+01 
4.73624E+00 4.29804E-01 3.05939E+01 
3.54817E-01 3.68039E-02 2.33739E-03 
3.72561E-01 4.77560E-02 2.75575E-03 
4.20925E-01 7.97834E-02 3.28982E-03 
4.57099E-01 9.72036E-02 3.97945E-03 
4.96463E-01 1.13882E-01 4.88432E-03 
5.39521E-01 1.29917E-01 6.08942E-03 
5.86511E-01 1.45159E-01 7.72148E-03 
6.25725E-01 1.56332E-01 9.39319E-03 
6.37677E-01 1.59486E-01 9.96805E-03 
6.97846E-01 1.73793E-01 1.34207E-02 
7.63471E-01 1.86789E-01 1.85201E-02 
8.34792E-01 1.98364E-01 2.62327E-02 
9.12135E-01 2.08553E-01 3.82655E-02 
1.00351E+00 2.34712E-01 5.75462E-02 
1.10301E+00 2.42404E-01 8.94974E-02 
1.20993E+00 2.48672E-01 1.44384E-01 
1.32432E+00 2.53408E-01 2.42100E-01 
1.44652E+00 2.56663E-01 4.22769E-01 
1.57717E+00 2.58560E-01 7.69140E-01 
1.71857E+00 2.59478E-01 1.45413E+00 
1.87901E+00 2.60554E-01 2.82596E+00 
2.08690E+00 2.65161E-01 5.49639E+00 
2.41750E+00 2.80978E-01 1.01454E+01 
2.96231E+00 3.14448E-01 1.65076E+01 
3.64484E+00 3.52553E-01 2.25863E+01 
4.23715E+00 3.72527E-01 2.65931E+01 
3.46851E-01 4.18270E-02 2.00914E-03 
3.63256E-01 5.19696E-02 2.36978E-03 
4.10569E-01 8.59751E-02 2.83125E-03 
4.44059E-01 1.01777E-01 3.42775E-03 
4.80458E-01 1.16754E-01 4.21194E-03 
5.20123E-01 1.30928E-01 5.25440E-03 
5.63308E-01 1.44199E-01 6.66865E-03 
5.99271E-01 1.53792E-01 8.11876E-03 
6.10222E-01 1.56479E-01 8.61818E-03 
6.65173E-01 1.68490E-01 1.16126E-02 
7.24887E-01 1.79152E-01 1.60366E-02 
7.89601E-01 1.88407E-01 2.27463E-02 
8.59448E-01 1.96149E-01 3.31953E-02 
9.41469E-01 2.18940E-01 4.99545E-02 
1.03076E+00 2.24480E-01 7.77759E-02 
1.12614E+00 2.28556E-01 1.25543E-01 
1.22771E+00 2.31239E-01 2.10611E-01 
1.33557E+00 2.32582E-01 3.67933E-01 
1.45034E+00 2.32736E-01 6.69737E-01 
1.57397E+00 2.32051E-01 1.26666E+00 
1.71393E+00 2.31554E-01 2.46272E+00 
1.89580E+00 2.34213E-01 4.79123E+00 
2.18710E+00 2.46716E-01 8.84592E+00 
2.66886E+00 2.74510E-01 1.43959E+01 
3.27021E+00 3.06050E-01 1.96985E+01 
3.78606E+00 3.21626E-01 2.31899E+01 
3.39778E-01 4.75469E-02 1.73441E-03 
3.55078E-01 5.68913E-02 2.04838E-03 
4.00748E-01 9.27550E-02 2.44892E-03 
4.31496E-01 1.06682E-01 2.96725E-03 
4.65051E-01 1.19836E-01 3.64956E-03 
5.01548E-01 1.32081E-01 4.55847E-03 
5.41163E-01 1.43336E-01 5.79015E-03 
5.74061E-01 1.51325E-01 7.05336E-03 
5.84066E-01 1.53537E-01 7.48901E-03 
6.34183E-01 1.63291E-01 1.01022E-02 
6.88464E-01 1.71701E-01 1.39640E-02 
7.47025E-01 1.78725E-01 1.98243E-02 
8.09972E-01 1.84267E-01 2.89474E-02 
8.83371E-01 2.03974E-01 4.36107E-02 
9.63205E-01 2.07418E-01 6.79252E-02 
1.04803E+00 2.09546E-01 1.09687E-01 
1.13787E+00 2.10426E-01 1.84107E-01 
1.23277E+00 2.10138E-01 3.21781E-01 
1.33315E+00 2.08823E-01 5.85923E-01 
1.44080E+00 2.06825E-01 1.10842E+00 
1.56237E+00 2.05050E-01 2.15495E+00 
1.72092E+00 2.06111E-01 4.19342E+00 
1.97698E+00 2.15797E-01 7.74263E+00 
2.40220E+00 2.38691E-01 1.26001E+01 
2.93098E+00 2.64590E-01 1.72382E+01 
3.37907E+00 2.76512E-01 2.02864E+01 
3.33286E-01 5.36418E-02 1.50520E-03 
3.47405E-01 6.19732E-02 1.77979E-03 
3.91017E-01 9.97556E-02 2.13082E-03 
4.19277E-01 1.11728E-01 2.58449E-03 
4.50130E-01 1.22902E-01 3.18135E-03 
4.83647E-01 1.33135E-01 3.97749E-03 
5.19960E-01 1.42347E-01 5.05849E-03 
5.50031E-01 1.48742E-01 6.16633E-03 
5.59156E-01 1.50484E-01 6.54829E-03 
6.04808E-01 1.58037E-01 8.84089E-03 
6.54050E-01 1.64282E-01 1.22323E-02 
7.06976E-01 1.69227E-01 1.73777E-02 
7.63613E-01 1.73002E-01 2.54039E-02 
8.28948E-01 1.89601E-01 3.82815E-02 
9.00130E-01 1.91108E-01 5.96522E-02 
9.75348E-01 1.91525E-01 9.63622E-02 
1.05452E+00 1.90858E-01 1.61796E-01 
1.13765E+00 1.89195E-01 2.82833E-01 
1.22507E+00 1.86684E-01 5.15064E-01 
1.31835E+00 1.83636E-01 9.74254E-01 
1.42345E+00 1.80860E-01 1.89412E+00 
1.56118E+00 1.80638E-01 3.68500E+00 
1.78573E+00 1.87958E-01 6.80281E+00 
2.16037E+00 2.06652E-01 1.10677E+01 
2.62447E+00 2.27742E-01 1.51354E+01 
3.01269E+00 2.36663E-01 1.78007E+01 
3.27248E-01 5.99174E-02 1.31477E-03 
3.40184E-01 6.69732E-02 1.55612E-03 
3.80715E-01 1.05813E-01 1.86586E-03 
4.07150E-01 1.16447E-01 2.26566E-03 
4.35559E-01 1.25640E-01 2.79213E-03 
4.66332E-01 1.33818E-01 3.49448E-03 
4.99574E-01 1.40968E-01 4.44714E-03 
5.27061E-01 1.45796E-01 5.42618E-03 
5.35397E-01 1.47093E-01 5.76361E-03 
5.76932E-01 1.52506E-01 7.78833E-03 
6.21560E-01 1.56716E-01 1.07840E-02 
6.69291E-01 1.59736E-01 1.53273E-02 
7.20116E-01 1.61620E-01 2.24206E-02 
7.78027E-01 1.75466E-01 3.38021E-02 
8.41297E-01 1.75407E-01 5.26792E-02 
9.07724E-01 1.74360E-01 8.51145E-02 
9.77207E-01 1.72398E-01 1.42909E-01 
1.04969E+00 1.69617E-01 2.49819E-01 
1.12544E+00 1.66162E-01 4.54830E-01 
1.20583E+00 1.62315E-01 8.60133E-01 
1.29626E+00 1.58793E-01 1.67166E+00 
1.41540E+00 1.57571E-01 3.25079E+00 
1.61182E+00 1.62932E-01 5.99841E+00 
1.94129E+00 1.78048E-01 9.75340E+00 
2.34785E+00 1.95066E-01 1.33283E+01 
2.68330E+00 2.01556E-01 1.56610E+01 
3.21695E-01 6.62998E-02 1.15644E-03 
3.33839E-01 7.24230E-02 1.37104E-03 
3.70896E-01 1.12477E-01 1.64547E-03 
3.95088E-01 1.20574E-01 2.00074E-03 
4.21254E-01 1.27665E-01 2.46799E-03 
4.49563E-01 1.33800E-01 3.09296E-03 
4.80044E-01 1.38944E-01 3.93957E-03 
5.05154E-01 1.42251E-01 4.80906E-03 
5.12750E-01 1.43105E-01 5.10856E-03 
5.50539E-01 1.46509E-01 6.90918E-03 
5.90946E-01 1.48819E-01 9.57095E-03 
6.33949E-01 1.50068E-01 1.36141E-02 
6.79467E-01 1.50207E-01 1.99132E-02 
7.30526E-01 1.61647E-01 3.00259E-02 
7.86551E-01 1.60237E-01 4.68049E-02 
8.44978E-01 1.57967E-01 7.56021E-02 
9.05658E-01 1.54960E-01 1.26921E-01 
9.68519E-01 1.51310E-01 2.21747E-01 
1.03379E+00 1.47152E-01 4.03558E-01 
1.10267E+00 1.42743E-01 7.62668E-01 
1.18003E+00 1.38708E-01 1.48120E+00 
1.28268E+00 1.36747E-01 2.87821E+00 
1.45405E+00 1.40510E-01 5.30617E+00 
1.74332E+00 1.52613E-01 8.62017E+00 
2.09886E+00 1.66216E-01 1.17672E+01 
2.38798E+00 1.70773E-01 1.38096E+01 
3.16447E-01 7.21291E-02 1.02543E-03 
3.27553E-01 7.64511E-02 1.21770E-03 
3.60615E-01 1.17317E-01 1.46335E-03 
3.83120E-01 1.23639E-01 1.78134E-03 
4.07298E-01 1.28630E-01 2.19937E-03 
4.33375E-01 1.32737E-01 2.75772E-03 
4.61380E-01 1.35968E-01 3.51599E-03 
4.84357E-01 1.37858E-01 4.29379E-03 
4.91289E-01 1.38305E-01 4.56172E-03 
5.25682E-01 1.39873E-01 6.17211E-03 
5.62239E-01 1.40469E-01 8.55335E-03 
6.00894E-01 1.40168E-01 1.21652E-02 
6.41549E-01 1.39104E-01 1.78019E-02 
6.86296E-01 1.48128E-01 2.68281E-02 
7.35709E-01 1.45521E-01 4.18045E-02 
7.86865E-01 1.42283E-01 6.75105E-02 
8.39590E-01 1.38483E-01 1.13219E-01 
8.93821E-01 1.34206E-01 1.97716E-01 
9.49677E-01 1.29577E-01 3.59476E-01 
1.00830E+00 1.24822E-01 6.78762E-01 
1.07409E+00 1.20483E-01 1.31695E+00 
1.16213E+00 1.18014E-01 2.55594E+00 
1.31130E+00 1.20506E-01 4.70653E+00 
1.56491E+00 1.30097E-01 7.63632E+00 
1.87538E+00 1.40870E-01 1.04099E+01 
2.12398E+00 1.43920E-01 1.21976E+01 
3.11595E-01 7.71043E-02 9.17711E-04 
3.22036E-01 7.99161E-02 1.09095E-03 
3.50458E-01 1.21080E-01 1.31262E-03 
3.71350E-01 1.25033E-01 1.59912E-03 
3.93853E-01 1.28123E-01 1.97619E-03 
4.17990E-01 1.30381E-01 2.47896E-03 
4.43774E-01 1.31842E-01 3.16133E-03 
4.64834E-01 1.32443E-01 3.86207E-03 
4.71170E-01 1.32537E-01 4.10325E-03 
5.02462E-01 1.32460E-01 5.55162E-03 
5.35510E-01 1.31583E-01 7.69351E-03 
5.70193E-01 1.29970E-01 1.09385E-02 
6.06404E-01 1.27726E-01 1.59994E-02 
6.45347E-01 1.34742E-01 2.41017E-02 
6.88735E-01 1.31241E-01 3.75186E-02 
7.33274E-01 1.27300E-01 6.05350E-02 
7.78818E-01 1.22948E-01 1.01453E-01 
8.25251E-01 1.18273E-01 1.76930E-01 
8.72739E-01 1.13386E-01 3.21339E-01 
9.22258E-01 1.08483E-01 6.05932E-01 
9.77803E-01 1.04027E-01 1.17386E+00 
1.05298E+00 1.01251E-01 2.27506E+00 
1.18258E+00 1.02760E-01 4.18305E+00 
1.40466E+00 1.10284E-01 6.77610E+00 
1.67547E+00 1.18736E-01 9.22112E+00 
1.88879E+00 1.20644E-01 1.07843E+01 
3.07377E-01 8.08018E-02 8.28722E-04 
3.17616E-01 8.30566E-02 9.86339E-04 
3.40675E-01 1.22400E-01 1.18747E-03 
3.60224E-01 1.24666E-01 1.44748E-03 
3.81261E-01 1.25943E-01 1.78902E-03 
4.03710E-01 1.26537E-01 2.24538E-03 
4.27501E-01 1.26438E-01 2.86293E-03 
4.46823E-01 1.25920E-01 3.49714E-03 
4.52614E-01 1.25701E-01 3.71547E-03 
4.81084E-01 1.24235E-01 5.02513E-03 
5.10899E-01 1.22140E-01 6.95928E-03 
5.41944E-01 1.19471E-01 9.89114E-03 
5.74106E-01 1.16229E-01 1.44505E-02 
6.07732E-01 1.21523E-01 2.17484E-02 
6.45610E-01 1.17464E-01 3.38243E-02 
6.84154E-01 1.13055E-01 5.44974E-02 
7.23196E-01 1.08381E-01 9.12073E-02 
7.62647E-01 1.03518E-01 1.58827E-01 
8.02653E-01 9.85642E-02 2.87973E-01 
8.44124E-01 9.36829E-02 5.42108E-01 
8.90668E-01 8.92670E-02 1.04849E+00 
9.54569E-01 8.63591E-02 2.02823E+00 
1.06695E+00 8.71295E-02 3.72205E+00 
1.26131E+00 9.29770E-02 6.01760E+00 
1.49737E+00 9.95523E-02 8.17200E+00 
1.68014E+00 1.00620E-01 9.53671E+00 
3.04165E-01 8.31378E-02 7.54761E-04 
3.14014E-01 8.36474E-02 8.99065E-04 
3.31612E-01 1.21558E-01 1.08277E-03 
3.50232E-01 1.22319E-01 1.31994E-03 
3.69997E-01 1.22016E-01 1.63121E-03 
3.90906E-01 1.21147E-01 2.04635E-03 
4.12905E-01 1.19746E-01 2.60861E-03 
4.30620E-01 1.18315E-01 3.18439E-03 
4.35915E-01 1.17843E-01 3.38284E-03 
4.61779E-01 1.15281E-01 4.57202E-03 
4.88603E-01 1.12242E-01 6.32585E-03 
5.16281E-01 1.08791E-01 8.97893E-03 
5.44657E-01 1.04979E-01 1.31024E-02 
5.73459E-01 1.08708E-01 1.96930E-02 
6.06277E-01 1.04272E-01 3.05775E-02 
6.39365E-01 9.96240E-02 4.91900E-02 
6.72556E-01 9.48395E-02 8.21630E-02 
7.05789E-01 8.99752E-02 1.42830E-01 
7.39161E-01 8.51141E-02 2.58472E-01 
7.73539E-01 8.03964E-02 4.85595E-01 
8.12214E-01 7.61498E-02 9.37117E-01 
8.66268E-01 7.32422E-02 1.80918E+00 
9.63591E-01 7.34836E-02 3.31272E+00 
1.13366E+00 7.79892E-02 5.34357E+00 
1.33946E+00 8.30710E-02 7.24001E+00 
1.49592E+00 8.35442E-02 8.42867E+00 
3.02389E-01 8.37102E-02 6.92778E-04 
3.11977E-01 8.30002E-02 8.25188E-04 
3.24227E-01 1.18789E-01 9.93689E-04 
3.41912E-01 1.17958E-01 1.21071E-03 
3.60529E-01 1.16359E-01 1.49558E-03 
3.80014E-01 1.14350E-01 1.87442E-03 
4.00329E-01 1.11930E-01 2.38741E-03 
4.16545E-01 1.09805E-01 2.91225E-03 
4.21363E-01 1.09144E-01 3.09246E-03 
4.44758E-01 1.05777E-01 4.17457E-03 
4.68783E-01 1.02084E-01 5.76799E-03 
4.93302E-01 9.81249E-02 8.17390E-03 
5.18149E-01 9.39921E-02 1.19100E-02 
5.42532E-01 9.64319E-02 1.78651E-02 
5.70763E-01 9.18094E-02 2.76912E-02 
5.98890E-01 8.71253E-02 4.44495E-02 
6.26824E-01 8.24002E-02 7.41134E-02 
6.54465E-01 7.76851E-02 1.28536E-01 
6.81986E-01 7.30464E-02 2.32098E-01 
7.10156E-01 6.85996E-02 4.35038E-01 
7.41968E-01 6.46132E-02 8.37570E-01 
7.87499E-01 6.18154E-02 1.61312E+00 
8.71742E-01 6.16961E-02 2.94673E+00 
1.02067E+00 6.51467E-02 4.74149E+00 
1.20019E+00 6.90508E-02 6.40768E+00 
1.33410E+00 6.91211E-02 7.44025E+00 
3.02356E-01 8.26281E-02 6.39503E-04 
3.11809E-01 8.13784E-02 7.61187E-04 
3.19125E-01 1.13266E-01 9.15922E-04 
3.35803E-01 1.11726E-01 1.11496E-03 
3.53269E-01 1.09270E-01 1.37580E-03 
3.71368E-01 1.06414E-01 1.72247E-03 
3.90014E-01 1.03270E-01 2.19044E-03 
4.04771E-01 1.00666E-01 2.66944E-03 
4.09131E-01 9.98776E-02 2.83380E-03 
4.30142E-01 9.59876E-02 3.81840E-03 
4.51481E-01 9.19036E-02 5.26644E-03 
4.72996E-01 8.76732E-02 7.44999E-03 
4.94573E-01 8.33406E-02 1.08322E-02 
5.14952E-01 8.47762E-02 1.62170E-02 
5.38926E-01 8.02216E-02 2.50778E-02 
5.62559E-01 7.56593E-02 4.01722E-02 
5.85736E-01 7.11291E-02 6.68126E-02 
6.08430E-01 6.66769E-02 1.15618E-01 
6.30786E-01 6.23540E-02 2.08265E-01 
6.53527E-01 5.82469E-02 3.89421E-01 
6.79427E-01 5.45832E-02 7.47967E-01 
7.17578E-01 5.19638E-02 1.43671E+00 
7.90484E-01 5.16137E-02 2.61760E+00 
9.21040E-01 5.42431E-02 4.20060E+00 
1.07783E+00 5.72312E-02 5.66121E+00 
1.19252E+00 5.70442E-02 6.55571E+00 
3.04292E-01 8.03102E-02 5.92348E-04 
3.13521E-01 7.81425E-02 7.04327E-04 
3.16383E-01 1.06774E-01 8.46403E-04 
3.32133E-01 1.04414E-01 1.02909E-03 
3.48430E-01 1.01207E-01 1.26784E-03 
3.65103E-01 9.77831E-02 1.58483E-03 
3.82079E-01 9.41917E-02 2.01233E-03 
3.95363E-01 9.13049E-02 2.44891E-03 
3.99265E-01 9.04469E-02 2.59875E-03 
4.17961E-01 8.62854E-02 3.49495E-03 
4.36685E-01 8.20341E-02 4.81023E-03 
4.55348E-01 7.77338E-02 6.79088E-03 
4.73859E-01 7.33858E-02 9.85171E-03 
4.90622E-01 7.40499E-02 1.47160E-02 
5.10696E-01 6.96885E-02 2.27031E-02 
5.30258E-01 6.53633E-02 3.62876E-02 
5.49208E-01 6.11270E-02 6.02102E-02 
5.67537E-01 5.70082E-02 1.03935E-01 
5.85388E-01 5.30481E-02 1.86782E-01 
6.03451E-01 4.93212E-02 3.48293E-01 
6.24274E-01 4.60096E-02 6.67187E-01 
6.56129E-01 4.36065E-02 1.27828E+00 
7.19288E-01 4.31233E-02 2.32247E+00 
8.34011E-01 4.51235E-02 3.71655E+00 
9.71337E-01 4.74107E-02 4.99507E+00 
1.06976E+00 4.70716E-02 5.76834E+00 
3.08130E-01 7.67625E-02 5.48928E-04 
3.17029E-01 7.40684E-02 6.51967E-04 
3.16499E-01 9.89660E-02 7.82262E-04 
3.30896E-01 9.62628E-02 9.49609E-04 
3.45878E-01 9.26174E-02 1.16801E-03 
3.61030E-01 8.88875E-02 1.45753E-03 
3.76256E-01 8.50649E-02 1.84733E-03 
3.88060E-01 8.20603E-02 2.24479E-03 
3.91508E-01 8.11769E-02 2.38127E-03 
4.07878E-01 7.69447E-02 3.19568E-03 
4.24070E-01 7.27032E-02 4.38924E-03 
4.40008E-01 6.84828E-02 6.18207E-03 
4.55583E-01 6.43208E-02 8.94912E-03 
4.69109E-01 6.43725E-02 1.33360E-02 
4.85649E-01 6.02543E-02 2.05291E-02 
5.01538E-01 5.62406E-02 3.27299E-02 
5.16726E-01 5.23487E-02 5.41783E-02 
5.31196E-01 4.86011E-02 9.32900E-02 
5.45117E-01 4.50291E-02 1.67195E-01 
5.59156E-01 4.16895E-02 3.11019E-01 
5.75633E-01 3.87321E-02 5.94208E-01 
6.02099E-01 3.65632E-02 1.13536E+00 
6.56877E-01 3.60151E-02 2.05716E+00 
7.57938E-01 3.75346E-02 3.28280E+00 
8.78539E-01 3.92865E-02 4.39973E+00 
9.63176E-01 3.88673E-02 5.06679E+00 
3.13401E-01 7.25987E-02 5.08085E-04 
3.21731E-01 6.97519E-02 6.02509E-04 
3.18349E-01 9.11437E-02 7.22051E-04 
3.31670E-01 8.77431E-02 8.74874E-04 
3.45185E-01 8.39950E-02 1.07443E-03 
3.58696E-01 8.01505E-02 1.33841E-03 
3.72126E-01 7.62715E-02 1.69323E-03 
3.82423E-01 7.32684E-02 2.05451E-03 
3.85410E-01 7.23920E-02 2.17840E-03 
3.99484E-01 6.82325E-02 2.91741E-03 
4.13239E-01 6.41220E-02 3.99862E-03 
4.26583E-01 6.00865E-02 5.61945E-03 
4.39425E-01 5.61677E-02 8.11711E-03 
4.50062E-01 5.57731E-02 1.20691E-02 
4.63395E-01 5.19692E-02 1.85359E-02 
4.76001E-01 4.82990E-02 2.94803E-02 
4.87852E-01 4.47694E-02 4.86755E-02 
4.98963E-01 4.13989E-02 8.36104E-02 
5.09503E-01 3.82099E-02 1.49476E-01 
5.20085E-01 3.52448E-02 2.77390E-01 
5.32882E-01 3.26276E-02 5.28652E-01 
5.54756E-01 3.06908E-02 1.00726E+00 
6.02355E-01 3.01220E-02 1.82018E+00 
6.91657E-01 3.12773E-02 2.89658E+00 
7.97898E-01 3.26212E-02 3.87113E+00 
8.70889E-01 3.21693E-02 4.44587E+00 
3.19385E-01 6.81948E-02 4.69331E-04 
3.27011E-01 6.51353E-02 5.55712E-04 
3.21834E-01 8.31090E-02 6.64870E-04 
3.33660E-01 7.95635E-02 8.04487E-04 
3.45627E-01 7.57260E-02 9.86285E-04 
3.57441E-01 7.18921E-02 1.22653E-03 
3.69055E-01 6.80793E-02 1.54909E-03 
3.77847E-01 6.51595E-02 1.87717E-03 
3.80384E-01 6.43096E-02 1.98939E-03 
3.92244E-01 6.03132E-02 2.65924E-03 
4.03660E-01 5.64096E-02 3.63688E-03 
4.14562E-01 5.26199E-02 5.10084E-03 
4.24928E-01 4.89420E-02 7.35212E-03 
4.32992E-01 4.82486E-02 1.09087E-02 
4.43438E-01 4.47918E-02 1.67162E-02 
4.53140E-01 4.14705E-02 2.65286E-02 
4.62068E-01 3.82998E-02 4.37043E-02 
4.70270E-01 3.52914E-02 7.48942E-02 
4.77898E-01 3.24589E-02 1.33570E-01 
4.85558E-01 2.98446E-02 2.47250E-01 
4.95226E-01 2.75411E-02 4.69965E-01 
5.13226E-01 2.58250E-02 8.93262E-01 
5.54660E-01 2.52634E-02 1.60974E+00 
6.33813E-01 2.61429E-02 2.55454E+00 
7.27735E-01 2.71758E-02 3.40460E+00 
7.90880E-01 2.67209E-02 3.89955E+00 
3.25232E-01 6.37507E-02 4.32303E-04 
3.32092E-01 6.05339E-02 5.11354E-04 
3.25760E-01 7.52262E-02 6.10959E-04 
3.36026E-01 7.18609E-02 7.38351E-04 
3.46413E-01 6.80669E-02 9.03904E-04 
3.56537E-01 6.43298E-02 1.12254E-03 
3.66348E-01 6.06516E-02 1.41547E-03 
3.73707E-01 5.78551E-02 1.71310E-03 
3.75817E-01 5.70468E-02 1.81509E-03 
3.85573E-01 5.32625E-02 2.42193E-03 
3.94810E-01 4.95994E-02 3.30604E-03 
4.03493E-01 4.60696E-02 4.62844E-03 
4.11565E-01 4.26851E-02 6.65688E-03 
4.17408E-01 4.17672E-02 9.85792E-03 
4.25302E-01 3.86363E-02 1.50731E-02 
4.32455E-01 3.56516E-02 2.38703E-02 
4.38861E-01 3.28189E-02 3.92393E-02 
4.44558E-01 3.01466E-02 6.70907E-02 
4.49715E-01 2.76459E-02 1.19376E-01 
4.54890E-01 2.53431E-02 2.20424E-01 
4.61924E-01 2.33200E-02 4.17927E-01 
4.76626E-01 2.18057E-02 7.92343E-01 
5.12767E-01 2.12677E-02 1.42403E+00 
5.83154E-01 2.19378E-02 2.25360E+00 
6.66487E-01 2.27354E-02 2.99535E+00 
7.21285E-01 2.22948E-02 3.42159E+00 
3.30199E-01 5.95408E-02 3.97628E-04 
3.36185E-01 5.63310E-02 4.69918E-04 
3.28767E-01 6.86887E-02 5.60949E-04 
3.38021E-01 6.48337E-02 6.77119E-04 
3.46848E-01 6.11569E-02 8.27992E-04 
3.55350E-01 5.75560E-02 1.02688E-03 
3.63476E-01 5.40434E-02 1.29328E-03 
3.69490E-01 5.13908E-02 1.56344E-03 
3.71196E-01 5.06294E-02 1.65595E-03 
3.79021E-01 4.70731E-02 2.20592E-03 
3.86287E-01 4.36581E-02 3.00678E-03 
3.92955E-01 4.03952E-02 4.20086E-03 
3.98994E-01 3.73002E-02 6.03231E-03 
4.02902E-01 3.62238E-02 8.91389E-03 
4.08579E-01 3.33978E-02 1.36040E-02 
4.13526E-01 3.07218E-02 2.14967E-02 
4.17757E-01 2.81979E-02 3.52616E-02 
4.21317E-01 2.58288E-02 6.01545E-02 
4.24376E-01 2.36228E-02 1.06792E-01 
4.27455E-01 2.15985E-02 1.96711E-01 
4.32272E-01 1.98236E-02 3.72079E-01 
4.44170E-01 1.84890E-02 7.03543E-01 
4.75754E-01 1.79833E-02 1.26108E+00 
5.38552E-01 1.84947E-02 1.99025E+00 
6.12739E-01 1.91118E-02 2.63794E+00 
6.60449E-01 1.86958E-02 3.00524E+00 
3.33713E-01 5.56923E-02 3.65911E-04 
3.38887E-01 5.24506E-02 4.32113E-04 
3.31462E-01 6.20601E-02 5.15377E-04 
3.39075E-01 5.85581E-02 6.21612E-04 
3.46448E-01 5.50262E-02 7.59419E-04 
3.53453E-01 5.15782E-02 9.40724E-04 
3.60047E-01 4.82375E-02 1.18328E-03 
3.64838E-01 4.57348E-02 1.42914E-03 
3.66187E-01 4.50164E-02 1.51310E-03 
3.72276E-01 4.16852E-02 2.01234E-03 
3.77779E-01 3.85119E-02 2.73831E-03 
3.82669E-01 3.55026E-02 3.81925E-03 
3.86943E-01 3.26507E-02 5.47400E-03 
3.89184E-01 3.14894E-02 8.07440E-03 
3.92927E-01 2.89487E-02 1.22973E-02 
3.95975E-01 2.65535E-02 1.93920E-02 
3.98341E-01 2.43062E-02 3.17416E-02 
4.00082E-01 2.22068E-02 5.40281E-02 
4.01361E-01 2.02593E-02 9.56835E-02 
4.02677E-01 1.84809E-02 1.75847E-01 
4.05622E-01 1.69238E-02 3.31756E-01 
4.15132E-01 1.57474E-02 6.25710E-01 
4.42779E-01 1.52779E-02 1.11852E+00 
4.98975E-01 1.56687E-02 1.76031E+00 
5.65255E-01 1.61486E-02 2.32668E+00 
6.06894E-01 1.57607E-02 2.64326E+00 
3.35376E-01 5.22335E-02 3.37339E-04 
3.39849E-01 4.89762E-02 3.98194E-04 
3.32788E-01 5.61136E-02 4.74677E-04 
3.38779E-01 5.30480E-02 5.72000E-04 
3.44892E-01 4.96333E-02 6.98144E-04 
3.50577E-01 4.63400E-02 8.64048E-04 
3.55813E-01 4.31685E-02 1.08543E-03 
3.59540E-01 4.08062E-02 1.30961E-03 
3.60575E-01 4.01310E-02 1.38623E-03 
3.65148E-01 3.70132E-02 1.84106E-03 
3.69111E-01 3.40642E-02 2.50080E-03 
3.72460E-01 3.12853E-02 3.48259E-03 
3.75165E-01 2.86813E-02 4.98123E-03 
3.75998E-01 2.74577E-02 7.33352E-03 
3.78083E-01 2.51702E-02 1.11473E-02 
3.79498E-01 2.30263E-02 1.75389E-02 
3.80271E-01 2.10242E-02 2.86411E-02 
3.80463E-01 1.91628E-02 4.86363E-02 
3.80236E-01 1.74440E-02 8.59327E-02 
3.80058E-01 1.58780E-02 1.57517E-01 
3.81420E-01 1.45098E-02 2.96441E-01 
3.88885E-01 1.34728E-02 5.57495E-01 
4.13115E-01 1.30404E-02 9.93809E-01 
4.63546E-01 1.33393E-02 1.55956E+00 
5.22936E-01 1.37141E-02 2.05539E+00 
5.59355E-01 1.33552E-02 2.32828E+00 
3.35391E-01 4.91683E-02 3.12423E-04 
3.39242E-01 4.59152E-02 3.68589E-04 
3.32348E-01 5.12286E-02 4.39069E-04 
3.37237E-01 4.82462E-02 5.28652E-04 
3.42245E-01 4.49533E-02 6.44553E-04 
3.46797E-01 4.17957E-02 7.96771E-04 
3.50867E-01 3.87800E-02 9.99860E-04 
3.53668E-01 3.65470E-02 1.20502E-03 
3.54430E-01 3.59104E-02 1.27508E-03 
3.57680E-01 3.29875E-02 1.69065E-03 
3.60312E-01 3.02415E-02 2.29265E-03 
3.62307E-01 2.76744E-02 3.18607E-03 
3.63675E-01 2.52841E-02 4.54862E-03 
3.63290E-01 2.40345E-02 6.68218E-03 
3.63946E-01 2.19708E-02 1.01339E-02 
3.63965E-01 2.00478E-02 1.59110E-02 
3.63376E-01 1.82614E-02 2.59210E-02 
3.62247E-01 1.66082E-02 4.39063E-02 
3.60739E-01 1.50874E-02 7.73749E-02 
3.59298E-01 1.37062E-02 1.41454E-01 
3.59313E-01 1.25017E-02 2.65445E-01 
3.65034E-01 1.15851E-02 4.97903E-01 
3.86290E-01 1.11889E-02 8.84934E-01 
4.31674E-01 1.14175E-02 1.38453E+00 
4.85046E-01 1.17103E-02 1.81925E+00 
5.16984E-01 1.13813E-02 2.05473E+00 
3.33752E-01 4.64499E-02 2.90558E-04 
3.37074E-01 4.32085E-02 3.42526E-04 
3.30111E-01 4.71788E-02 4.07714E-04 
3.34447E-01 4.40097E-02 4.90394E-04 
3.38509E-01 4.08357E-02 5.97260E-04 
3.42081E-01 3.78076E-02 7.37323E-04 
3.45138E-01 3.49331E-02 9.23853E-04 
3.47133E-01 3.28185E-02 1.11219E-03 
3.47658E-01 3.22171E-02 1.17633E-03 
3.49758E-01 2.94697E-02 1.55676E-03 
3.51213E-01 2.69097E-02 2.10680E-03 
3.52028E-01 2.45331E-02 2.92182E-03 
3.52212E-01 2.23328E-02 4.16185E-03 
3.50774E-01 2.10797E-02 6.10011E-03 
3.50179E-01 1.92175E-02 9.22929E-03 
3.48972E-01 1.74923E-02 1.44529E-02 
3.47196E-01 1.58976E-02 2.34854E-02 
3.44922E-01 1.44282E-02 3.96758E-02 
3.42308E-01 1.30809E-02 6.97257E-02 
3.39779E-01 1.18619E-02 1.27120E-01 
3.38637E-01 1.07997E-02 2.37862E-01 
3.42829E-01 9.98962E-03 4.44812E-01 
3.61456E-01 9.62807E-03 7.88209E-01 
4.02344E-01 9.80199E-03 1.22940E+00 
4.50368E-01 1.00308E-02 1.61033E+00 
4.78350E-01 9.72955E-03 1.81305E+00 
3.30829E-01 4.41153E-02 2.71704E-04 
3.33713E-01 4.08708E-02 3.19991E-04 
3.26901E-01 4.36148E-02 3.80426E-04 
3.30706E-01 4.03519E-02 4.56996E-04 
3.33961E-01 3.72744E-02 5.55810E-04 
3.36683E-01 3.43572E-02 6.85080E-04 
3.38850E-01 3.16058E-02 8.56864E-04 
3.40141E-01 2.95929E-02 1.03004E-03 
3.40451E-01 2.90244E-02 1.08909E-03 
3.41537E-01 2.64307E-02 1.43828E-03 
3.41953E-01 2.40332E-02 1.94206E-03 
3.41717E-01 2.18244E-02 2.68698E-03 
3.40848E-01 1.97972E-02 3.81787E-03 
3.38493E-01 1.85524E-02 5.58194E-03 
3.36801E-01 1.68665E-02 8.42354E-03 
3.34526E-01 1.53140E-02 1.31561E-02 
3.31717E-01 1.38868E-02 2.13169E-02 
3.28452E-01 1.25774E-02 3.59109E-02 
3.24886E-01 1.13817E-02 6.29293E-02 
3.21424E-01 1.03024E-02 1.14378E-01 
3.19288E-01 9.36349E-03 2.13390E-01 
3.22153E-01 8.64571E-03 3.97755E-01 
3.38456E-01 8.31620E-03 7.02602E-01 
3.75340E-01 8.44748E-03 1.09236E+00 
4.18611E-01 8.62580E-03 1.42621E+00 
4.43120E-01 8.35035E-03 1.60052E+00 
3.26835E-01 4.21026E-02 2.55168E-04 
3.29361E-01 3.88315E-02 3.00147E-04 
3.23012E-01 4.03525E-02 3.56270E-04 
3.26100E-01 3.71929E-02 4.27313E-04 
3.28643E-01 3.41934E-02 5.18809E-04 
3.30616E-01 3.13663E-02 6.38288E-04 
3.31997E-01 2.87188E-02 7.96817E-04 
3.32659E-01 2.67929E-02 9.56236E-04 
3.32777E-01 2.62523E-02 1.01061E-03 
3.32951E-01 2.37929E-02 1.33140E-03 
3.32440E-01 2.15367E-02 1.79326E-03 
3.31264E-01 1.94755E-02 2.47466E-03 
3.29457E-01 1.75972E-02 3.50670E-03 
3.26289E-01 1.63743E-02 5.11301E-03 
3.23627E-01 1.48429E-02 7.69389E-03 
3.20410E-01 1.34418E-02 1.19822E-02 
3.16696E-01 1.21608E-02 1.93595E-02 
3.12567E-01 1.09914E-02 3.25143E-02 
3.08176E-01 9.92785E-03 5.67998E-02 
3.03911E-01 8.97018E-03 1.02913E-01 
3.00917E-01 8.13879E-03 1.91363E-01 
3.02624E-01 7.50132E-03 3.55612E-01 
3.16848E-01 7.20120E-03 6.26056E-01 
3.50118E-01 7.29878E-03 9.70095E-01 
3.89112E-01 7.43626E-03 1.26238E+00 
4.10537E-01 7.18489E-03 1.41195E+00 
3.21951E-01 4.04164E-02 2.40447E-04 
3.24203E-01 3.70910E-02 2.82339E-04 
3.18287E-01 3.76227E-02 3.34582E-04 
3.20805E-01 3.44947E-02 4.00536E-04 
3.22721E-01 3.15506E-02 4.85312E-04 
3.24017E-01 2.87944E-02 5.95849E-04 
3.24684E-01 2.62290E-02 7.42136E-04 
3.24765E-01 2.43759E-02 8.89030E-04 
3.24717E-01 2.38556E-02 9.38992E-04 
3.24056E-01 2.15073E-02 1.23381E-03 
3.22690E-01 1.93714E-02 1.65731E-03 
3.20654E-01 1.74360E-02 2.28053E-03 
3.17989E-01 1.56883E-02 3.22213E-03 
3.14095E-01 1.44918E-02 4.68436E-03 
3.10563E-01 1.30947E-02 7.02816E-03 
3.06510E-01 1.18252E-02 1.09112E-02 
3.02000E-01 1.06719E-02 1.75743E-02 
2.97116E-01 9.62454E-03 2.94215E-02 
2.92013E-01 8.67553E-03 5.12286E-02 
2.87056E-01 7.82467E-03 9.25208E-02 
2.83323E-01 7.08656E-03 1.71474E-01 
2.84010E-01 6.51972E-03 3.17580E-01 
2.96367E-01 6.24632E-03 5.57245E-01 
3.26354E-01 6.31694E-03 8.60558E-01 
3.61461E-01 6.42152E-03 1.11597E+00 
3.80126E-01 6.19203E-03 1.24396E+00 
3.16264E-01 3.90425E-02 2.27004E-04 
3.18220E-01 3.56490E-02 2.65982E-04 
3.12844E-01 3.52988E-02 3.14552E-04 
3.14779E-01 3.22075E-02 3.75769E-04 
3.16108E-01 2.92974E-02 4.54264E-04 
3.16780E-01 2.65890E-02 5.56404E-04 
3.16790E-01 2.40843E-02 6.91319E-04 
3.16343E-01 2.22869E-02 8.26579E-04 
3.16141E-01 2.17832E-02 8.72513E-04 
3.14719E-01 1.95253E-02 1.14324E-03 
3.12578E-01 1.74888E-02 1.53105E-03 
3.09763E-01 1.56603E-02 2.10038E-03 
3.06327E-01 1.40236E-02 2.95854E-03 
3.01785E-01 1.28581E-02 4.28789E-03 
2.97484E-01 1.15769E-02 6.41310E-03 
2.92695E-01 1.04220E-02 9.92488E-03 
2.87488E-01 9.37998E-03 1.59329E-02 
2.81952E-01 8.43918E-03 2.65864E-02 
2.76238E-01 7.59076E-03 4.61399E-02 
2.70693E-01 6.83275E-03 8.30516E-02 
2.66329E-01 6.17650E-03 1.53417E-01 
2.66122E-01 5.67148E-03 2.83135E-01 
2.76791E-01 5.42235E-03 4.95115E-01 
3.03769E-01 5.47131E-03 7.61984E-01 
3.35319E-01 5.54954E-03 9.84715E-01 
3.51501E-01 5.33954E-03 1.09381E+00 
3.09976E-01 3.79937E-02 2.14530E-04 
3.11636E-01 3.45220E-02 2.50807E-04 
3.06747E-01 3.34350E-02 2.95881E-04 
3.08186E-01 3.03179E-02 3.52619E-04 
3.08943E-01 2.74123E-02 4.25220E-04 
3.09011E-01 2.47238E-02 5.19462E-04 
3.08390E-01 2.22547E-02 6.43672E-04 
3.07442E-01 2.04935E-02 7.67936E-04 
3.07089E-01 2.00029E-02 8.10129E-04 
3.04947E-01 1.78116E-02 1.05818E-03 
3.02086E-01 1.58527E-02 1.41272E-03 
2.98551E-01 1.41111E-02 1.93191E-03 
2.94408E-01 1.25680E-02 2.71230E-03 
2.89285E-01 1.14344E-02 3.91843E-03 
2.84300E-01 1.02528E-02 5.84153E-03 
2.78864E-01 9.19726E-03 9.01035E-03 
2.73053E-01 8.25232E-03 1.44162E-02 
2.66959E-01 7.40475E-03 2.39750E-02 
2.60727E-01 6.64482E-03 4.14683E-02 
2.54694E-01 5.96789E-03 7.43851E-02 
2.49799E-01 5.38364E-03 1.36932E-01 
2.48813E-01 4.93319E-03 2.51845E-01 
2.57947E-01 4.70623E-03 4.38848E-01 
2.82147E-01 4.73763E-03 6.73016E-01 
3.10425E-01 4.79428E-03 8.66735E-01 
3.24362E-01 4.60242E-03 9.59359E-01 
3.02923E-01 3.72303E-02 2.02679E-04 
3.04285E-01 3.36521E-02 2.36368E-04 
2.99903E-01 3.19405E-02 2.78155E-04 
3.00869E-01 2.87820E-02 3.30653E-04 
3.01115E-01 2.58575E-02 3.97714E-04 
3.00641E-01 2.31666E-02 4.84557E-04 
2.99450E-01 2.07105E-02 5.98768E-04 
2.98046E-01 1.89700E-02 7.12774E-04 
2.97558E-01 1.84868E-02 7.51425E-04 
2.94769E-01 1.63404E-02 9.78414E-04 
2.91251E-01 1.44407E-02 1.30201E-03 
2.87070E-01 1.27686E-02 1.77454E-03 
2.82299E-01 1.13022E-02 2.48323E-03 
2.76667E-01 1.02001E-02 3.57564E-03 
2.71091E-01 9.10295E-03 5.31264E-03 
2.65103E-01 8.13247E-03 8.16783E-03 
2.58782E-01 7.27158E-03 1.30244E-02 
2.52225E-01 6.50514E-03 2.15866E-02 
2.45574E-01 5.82198E-03 3.72093E-02 
2.39144E-01 5.21657E-03 6.65127E-02 
2.33817E-01 4.69533E-03 1.22011E-01 
2.32162E-01 4.29305E-03 2.23640E-01 
2.39915E-01 4.08623E-03 3.88344E-01 
2.61568E-01 4.10359E-03 5.93488E-01 
2.86849E-01 4.14265E-03 7.61647E-01 
2.98776E-01 3.96769E-03 8.40095E-01 
2.95075E-01 3.67372E-02 1.91119E-04 
2.96119E-01 3.30180E-02 2.22266E-04 
2.92231E-01 3.07509E-02 2.60857E-04 
2.92680E-01 2.75362E-02 3.09258E-04 
2.92425E-01 2.45651E-02 3.70940E-04 
2.91431E-01 2.18470E-02 4.50653E-04 
2.89701E-01 1.93828E-02 5.55221E-04 
2.87875E-01 1.76475E-02 6.59412E-04 
2.87259E-01 1.71682E-02 6.94705E-04 
2.83876E-01 1.50492E-02 9.01556E-04 
2.79769E-01 1.31924E-02 1.19566E-03 
2.75014E-01 1.15754E-02 1.62420E-03 
2.69688E-01 1.01737E-02 2.26487E-03 
2.63615E-01 9.10261E-03 3.25037E-03 
2.57534E-01 8.07880E-03 4.81333E-03 
2.51080E-01 7.18353E-03 7.37394E-03 
2.44338E-01 6.39713E-03 1.17186E-02 
2.37406E-01 5.70312E-03 1.93548E-02 
2.30423E-01 5.08885E-03 3.32441E-02 
2.23683E-01 4.54761E-03 5.92202E-02 
2.18009E-01 4.08311E-03 1.08253E-01 
2.15778E-01 3.72439E-03 1.97722E-01 
2.22266E-01 3.53635E-03 3.42133E-01 
2.41533E-01 3.54242E-03 5.21025E-01 
2.64011E-01 3.56712E-03 6.66284E-01 
2.74103E-01 3.40812E-03 7.32305E-01 
2.86568E-01 3.65027E-02 1.79947E-04 
2.87318E-01 3.26232E-02 2.08694E-04 
2.83832E-01 2.98889E-02 2.44235E-04 
2.83823E-01 2.65729E-02 2.88721E-04 
2.83065E-01 2.35263E-02 3.45270E-04 
2.81557E-01 2.07562E-02 4.18173E-04 
2.79319E-01 1.82623E-02 5.13624E-04 
2.77100E-01 1.65189E-02 6.08514E-04 
2.76374E-01 1.60390E-02 6.40614E-04 
2.72453E-01 1.39308E-02 8.28550E-04 
2.67821E-01 1.21021E-02 1.09509E-03 
2.62559E-01 1.05274E-02 1.48233E-03 
2.56756E-01 9.17845E-03 2.05992E-03 
2.50312E-01 8.13666E-03 2.94611E-03 
2.43810E-01 7.17598E-03 4.34764E-03 
2.36980E-01 6.34602E-03 6.63789E-03 
2.29909E-01 5.62512E-03 1.05121E-02 
2.22692E-01 4.99528E-03 1.73013E-02 
2.15465E-01 4.44242E-03 2.96125E-02 
2.08505E-01 3.95818E-03 5.25677E-02 
2.02575E-01 3.54439E-03 9.57601E-02 
1.99865E-01 3.22476E-03 1.74277E-01 
2.05212E-01 3.05413E-03 3.00510E-01 
2.22275E-01 3.05139E-03 4.56032E-01 
2.42169E-01 3.06465E-03 5.81105E-01 
2.50616E-01 2.92068E-03 6.36435E-01 
2.77261E-01 3.64766E-02 1.68979E-04 
2.77683E-01 3.24129E-02 1.95406E-04 
2.74556E-01 2.92653E-02 2.28016E-04 
2.74128E-01 2.58302E-02 2.68764E-04 
2.72940E-01 2.26908E-02 3.20453E-04 
2.70991E-01 1.98517E-02 3.86934E-04 
2.68296E-01 1.73124E-02 4.73726E-04 
2.65721E-01 1.55491E-02 5.59873E-04 
2.64895E-01 1.50654E-02 5.88971E-04 
2.60489E-01 1.29539E-02 7.59047E-04 
2.55391E-01 1.11414E-02 9.99637E-04 
2.49690E-01 9.59830E-03 1.34830E-03 
2.43480E-01 8.29261E-03 1.86693E-03 
2.36730E-01 7.27882E-03 2.66078E-03 
2.29896E-01 6.37298E-03 3.91299E-03 
2.22777E-01 5.60084E-03 5.95340E-03 
2.15462E-01 4.93855E-03 9.39475E-03 
2.08048E-01 4.36620E-03 1.54084E-02 
2.00663E-01 3.86851E-03 2.62819E-02 
1.93570E-01 3.43561E-03 4.64896E-02 
1.87468E-01 3.06753E-03 8.43896E-02 
1.84370E-01 2.78330E-03 1.53047E-01 
1.88692E-01 2.62899E-03 2.62970E-01 
2.03713E-01 2.61954E-03 3.97658E-01 
2.21221E-01 2.62391E-03 5.04943E-01 
2.28197E-01 2.49412E-03 5.51067E-01 
2.67289E-01 3.66356E-02 1.58285E-04 
2.67367E-01 3.23599E-02 1.82467E-04 
2.64507E-01 2.88440E-02 2.12264E-04 
2.63661E-01 2.52708E-02 2.49443E-04 
2.62056E-01 2.20189E-02 2.96478E-04 
2.59692E-01 1.90952E-02 3.56822E-04 
2.56595E-01 1.64984E-02 4.35463E-04 
2.53718E-01 1.47070E-02 5.13328E-04 
2.52799E-01 1.42180E-02 5.39611E-04 
2.47985E-01 1.20938E-02 6.92918E-04 
2.42501E-01 1.02891E-02 9.09250E-04 
2.36440E-01 8.77036E-03 1.22194E-03 
2.29905E-01 7.50125E-03 1.68582E-03 
2.22924E-01 6.51441E-03 2.39419E-03 
2.15842E-01 5.65708E-03 3.50855E-03 
2.08521E-01 4.93668E-03 5.31928E-03 
2.01052E-01 4.32704E-03 8.36449E-03 
1.93527E-01 3.80658E-03 1.36707E-02 
1.86069E-01 3.35859E-03 2.32367E-02 
1.78922E-01 2.97223E-03 4.09574E-02 
1.72730E-01 2.64549E-03 7.40832E-02 
1.69331E-01 2.39344E-03 1.33891E-01 
1.72739E-01 2.25444E-03 2.29246E-01 
1.85880E-01 2.24011E-03 3.45443E-01 
2.01195E-01 2.23771E-03 4.37102E-01 
2.06863E-01 2.12135E-03 4.75347E-01 
2.56707E-01 3.69453E-02 1.47871E-04 
2.56432E-01 3.24377E-02 1.69903E-04 
2.53734E-01 2.85892E-02 1.97010E-04 
2.52483E-01 2.48550E-02 2.30760E-04 
2.50495E-01 2.14769E-02 2.73378E-04 
2.47765E-01 1.84586E-02 3.27940E-04 
2.44312E-01 1.57947E-02 3.98861E-04 
2.41164E-01 1.39690E-02 4.68924E-04 
2.40170E-01 1.34727E-02 4.92542E-04 
2.35004E-01 1.13288E-02 6.30150E-04 
2.29197E-01 9.52622E-03 8.23787E-04 
2.22850E-01 8.02665E-03 1.10292E-03 
2.16066E-01 6.78931E-03 1.51601E-03 
2.08921E-01 5.82887E-03 2.14527E-03 
2.01677E-01 5.01526E-03 3.13248E-03 
1.94239E-01 4.34181E-03 4.73248E-03 
1.86697E-01 3.78023E-03 7.41550E-03 
1.79142E-01 3.30709E-03 1.20767E-02 
1.71693E-01 2.90443E-03 2.04536E-02 
1.64570E-01 2.56038E-03 3.59266E-02 
1.58364E-01 2.27124E-03 6.47555E-02 
1.54745E-01 2.04859E-03 1.16620E-01 
1.57345E-01 1.92402E-03 1.98974E-01 
1.68759E-01 1.90633E-03 2.98775E-01 
1.82061E-01 1.89895E-03 3.76716E-01 
1.86575E-01 1.79533E-03 4.08238E-01 
2.45625E-01 3.73697E-02 1.37782E-04 
2.44988E-01 3.26130E-02 1.57766E-04 
2.42367E-01 2.84567E-02 1.82315E-04 
2.40749E-01 2.45512E-02 2.12830E-04 
2.38382E-01 2.10346E-02 2.51251E-04 
2.35298E-01 1.79120E-02 3.00331E-04 
2.31524E-01 1.51757E-02 3.63986E-04 
2.28145E-01 1.33128E-02 4.26758E-04 
2.27087E-01 1.28083E-02 4.47894E-04 
2.21630E-01 1.06417E-02 5.70795E-04 
2.15569E-01 8.83840E-03 7.43328E-04 
2.09004E-01 7.35514E-03 9.91414E-04 
2.02046E-01 6.14671E-03 1.35750E-03 
1.94810E-01 5.21270E-03 1.91397E-03 
1.87485E-01 4.43938E-03 2.78475E-03 
1.80012E-01 3.80927E-03 4.19172E-03 
1.72479E-01 3.29177E-03 6.54506E-03 
1.64975E-01 2.86199E-03 1.06212E-02 
1.57608E-01 2.50083E-03 1.79247E-02 
1.50584E-01 2.19527E-03 3.13739E-02 
1.44436E-01 1.94035E-03 5.63526E-02 
1.40676E-01 1.74452E-03 1.01125E-01 
1.42571E-01 1.63351E-03 1.71932E-01 
1.52407E-01 1.61377E-03 2.57262E-01 
1.63875E-01 1.60293E-03 3.23228E-01 
1.67383E-01 1.51130E-03 3.49044E-01 
2.34153E-01 3.78736E-02 1.28057E-04 
2.33152E-01 3.28553E-02 1.46102E-04 
2.30529E-01 2.84100E-02 1.68224E-04 
2.28544E-01 2.43238E-02 1.95681E-04 
2.25847E-01 2.06650E-02 2.30172E-04 
2.22438E-01 1.74342E-02 2.74106E-04 
2.18361E-01 1.46218E-02 3.30947E-04 
2.14782E-01 1.27206E-02 3.86891E-04 
2.13670E-01 1.22080E-02 4.05711E-04 
2.07978E-01 1.00180E-02 5.14969E-04 
2.01720E-01 8.21330E-03 6.67927E-04 
1.95004E-01 6.74560E-03 8.87304E-04 
1.87946E-01 5.56478E-03 1.21023E-03 
1.80687E-01 4.65764E-03 1.69994E-03 
1.73357E-01 3.92225E-03 2.46423E-03 
1.65925E-01 3.33251E-03 3.69591E-03 
1.58478E-01 2.85586E-03 5.74986E-03 
1.51098E-01 2.46600E-03 9.29752E-03 
1.43884E-01 2.14281E-03 1.56359E-02 
1.37025E-01 1.87238E-03 2.72699E-02 
1.31002E-01 1.64859E-03 4.88072E-02 
1.27173E-01 1.47720E-03 8.72785E-02 
1.28460E-01 1.37891E-03 1.47867E-01 
1.36865E-01 1.35819E-03 2.20472E-01 
1.46672E-01 1.34519E-03 2.76033E-01 
1.49313E-01 1.26475E-03 2.97025E-01 
2.22388E-01 3.84217E-02 1.18715E-04 
2.21038E-01 3.31350E-02 1.34940E-04 
2.18340E-01 2.84175E-02 1.54778E-04 
2.15999E-01 2.41445E-02 1.79352E-04 
2.12992E-01 2.03413E-02 2.10161E-04 
2.09300E-01 1.70032E-02 2.49301E-04 
2.04960E-01 1.41160E-02 2.99792E-04 
2.01200E-01 1.21771E-02 3.49383E-04 
2.00039E-01 1.16565E-02 3.66046E-04 
1.94157E-01 9.44477E-03 4.62650E-04 
1.87760E-01 7.64033E-03 5.97557E-04 
1.80959E-01 6.18913E-03 7.90545E-04 
1.73867E-01 5.03592E-03 1.07393E-03 
1.66647E-01 4.15655E-03 1.50267E-03 
1.59383E-01 3.45740E-03 2.17004E-03 
1.52064E-01 2.90576E-03 3.24270E-03 
1.44770E-01 2.46731E-03 5.02627E-03 
1.37579E-01 2.11436E-03 8.09825E-03 
1.30583E-01 1.82598E-03 1.35706E-02 
1.23949E-01 1.58762E-03 2.35833E-02 
1.18110E-01 1.39213E-03 4.20588E-02 
1.14278E-01 1.24297E-03 7.49462E-02 
1.15050E-01 1.15654E-03 1.26524E-01 
1.22166E-01 1.13571E-03 1.87984E-01 
1.30479E-01 1.12159E-03 2.34527E-01 
1.32382E-01 1.05154E-03 2.51467E-01 
2.10504E-01 3.89887E-02 1.09820E-04 
2.08785E-01 3.34248E-02 1.24328E-04 
2.05961E-01 2.84488E-02 1.42032E-04 
2.03285E-01 2.39895E-02 1.63916E-04 
1.99970E-01 2.00421E-02 1.91277E-04 
1.96025E-01 1.66002E-02 2.25965E-04 
1.91461E-01 1.36432E-02 2.70601E-04 
1.87552E-01 1.16701E-02 3.14333E-04 
1.86353E-01 1.11424E-02 3.29010E-04 
1.80322E-01 8.91290E-03 4.13967E-04 
1.73836E-01 7.11197E-03 5.32314E-04 
1.67005E-01 5.67938E-03 7.01207E-04 
1.59941E-01 4.55478E-03 9.48551E-04 
1.52817E-01 3.70440E-03 1.32198E-03 
1.45682E-01 3.04049E-03 1.90177E-03 
1.38538E-01 2.52517E-03 2.83097E-03 
1.31460E-01 2.12244E-03 4.37203E-03 
1.24519E-01 1.80366E-03 7.01838E-03 
1.17796E-01 1.54716E-03 1.17179E-02 
1.11440E-01 1.33797E-03 2.02918E-02 
1.05837E-01 1.16805E-03 3.60599E-02 
1.02061E-01 1.03904E-03 6.40279E-02 
1.02404E-01 9.63579E-04 1.07709E-01 
1.08371E-01 9.43308E-04 1.59463E-01 
1.15353E-01 9.28857E-04 1.98238E-01 
1.16638E-01 8.68404E-04 2.11803E-01 
1.98579E-01 3.95487E-02 1.01362E-04 
1.96504E-01 3.37061E-02 1.14270E-04 
1.93502E-01 2.84812E-02 1.29981E-04 
1.90493E-01 2.38365E-02 1.49349E-04 
1.86888E-01 1.97495E-02 1.73509E-04 
1.82702E-01 1.62091E-02 2.04067E-04 
1.77947E-01 1.31887E-02 2.43287E-04 
1.73920E-01 1.11867E-02 2.81626E-04 
1.72692E-01 1.06534E-02 2.94479E-04 
1.66561E-01 8.41238E-03 3.68757E-04 
1.60031E-01 6.61960E-03 4.71960E-04 
1.53215E-01 5.20882E-03 6.18857E-04 
1.46230E-01 4.11462E-03 8.33459E-04 
1.39255E-01 3.29487E-03 1.15676E-03 
1.32309E-01 2.66584E-03 1.65745E-03 
1.25398E-01 2.18547E-03 2.45777E-03 
1.18591E-01 1.81646E-03 3.78127E-03 
1.11951E-01 1.52942E-03 6.04751E-03 
1.05551E-01 1.30223E-03 1.00600E-02 
9.95191E-02 1.11954E-03 1.73579E-02 
9.41958E-02 9.72743E-04 3.07360E-02 
9.05274E-02 8.61914E-04 5.43781E-02 
9.05229E-02 7.96581E-04 9.11500E-02 
9.54697E-02 7.77376E-04 1.34465E-01 
1.01273E-01 7.63215E-04 1.66564E-01 
1.02050E-01 7.11547E-04 1.77325E-01 
1.86837E-01 4.00705E-02 9.34349E-05 
1.84431E-01 3.39552E-02 1.04879E-04 
1.81227E-01 2.84950E-02 1.18758E-04 
1.77904E-01 2.36721E-02 1.35826E-04 
1.74015E-01 1.94523E-02 1.57044E-04 
1.69605E-01 1.58218E-02 1.83826E-04 
1.64683E-01 1.27468E-02 2.18115E-04 
1.60560E-01 1.07222E-02 2.51561E-04 
1.59311E-01 1.01852E-02 2.62763E-04 
1.53119E-01 7.94040E-03 3.27388E-04 
1.46593E-01 6.16185E-03 4.16952E-04 
1.39847E-01 4.77704E-03 5.44122E-04 
1.32989E-01 3.71547E-03 7.29444E-04 
1.26207E-01 2.92777E-03 1.00803E-03 
1.19495E-01 2.33306E-03 1.43839E-03 
1.12862E-01 1.88618E-03 2.12448E-03 
1.06370E-01 1.54879E-03 3.25594E-03 
1.00072E-01 1.29096E-03 5.18789E-03 
9.40300E-02 1.09034E-03 8.59874E-03 
8.83563E-02 9.31424E-04 1.47823E-02 
8.33463E-02 8.05237E-04 2.60807E-02 
7.98281E-02 7.10558E-04 4.59784E-02 
7.95520E-02 6.54392E-04 7.67942E-02 
8.36121E-02 6.36600E-04 1.12883E-01 
8.83901E-02 6.23181E-04 1.39332E-01 
8.87624E-02 5.79402E-04 1.47804E-01 
1.75178E-01 4.05447E-02 8.59123E-05 
1.72456E-01 3.41596E-02 9.59950E-05 
1.69024E-01 2.84720E-02 1.08169E-04 
1.65414E-01 2.34793E-02 1.23109E-04 
1.61264E-01 1.91354E-02 1.41612E-04 
1.56631E-01 1.54224E-02 1.64889E-04 
1.51556E-01 1.23016E-02 1.94633E-04 
1.47357E-01 1.02615E-02 2.23579E-04 
1.46092E-01 9.72268E-03 2.33263E-04 
1.39862E-01 7.48211E-03 2.89031E-04 
1.33376E-01 5.72484E-03 3.66143E-04 
1.26744E-01 4.37140E-03 4.75381E-04 
1.20067E-01 3.34600E-03 6.34197E-04 
1.13527E-01 2.59273E-03 8.72453E-04 
1.07099E-01 2.03284E-03 1.23959E-03 
1.00790E-01 1.61878E-03 1.82330E-03 
9.46545E-02 1.31158E-03 2.78323E-03 
8.87364E-02 1.08107E-03 4.41765E-03 
8.30870E-02 9.04892E-04 7.29439E-03 
7.78020E-02 7.67603E-04 1.24939E-02 
7.31355E-02 6.59980E-04 2.19626E-02 
6.98050E-02 5.79835E-04 3.85769E-02 
6.93214E-02 5.32046E-04 6.41983E-02 
7.26051E-02 5.15912E-04 9.40252E-02 
7.64853E-02 5.03559E-04 1.15633E-01 
7.65382E-02 4.66926E-04 1.22219E-01 
1.63800E-01 4.09500E-02 7.88689E-05 
1.60766E-01 3.43006E-02 8.76972E-05 
1.57128E-01 2.84028E-02 9.83272E-05 
1.53221E-01 2.32463E-02 1.11302E-04 
1.48831E-01 1.87902E-02 1.27328E-04 
1.44009E-01 1.50073E-02 1.47430E-04 
1.38804E-01 1.18519E-02 1.73047E-04 
1.34554E-01 9.80460E-03 1.97937E-04 
1.33279E-01 9.26599E-03 2.06248E-04 
1.27041E-01 7.03898E-03 2.54037E-04 
1.20627E-01 5.31009E-03 3.19961E-04 
1.14144E-01 3.99299E-03 4.13143E-04 
1.07684E-01 3.00682E-03 5.48320E-04 
1.01421E-01 2.28988E-03 7.50706E-04 
9.53114E-02 1.76498E-03 1.06180E-03 
8.93616E-02 1.38288E-03 1.55516E-03 
8.36140E-02 1.10430E-03 2.36426E-03 
7.81032E-02 8.99096E-04 3.73786E-03 
7.28700E-02 7.45170E-04 6.14820E-03 
6.79930E-02 6.27251E-04 1.04913E-02 
6.36894E-02 5.36112E-04 1.83741E-02 
6.05749E-02 4.68825E-04 3.21543E-02 
5.99433E-02 4.28554E-04 5.33136E-02 
6.25610E-02 4.14208E-04 7.77969E-02 
6.56708E-02 4.03128E-04 9.53234E-02 
6.54829E-02 3.72842E-04 1.00383E-01 
1.52792E-01 4.12791E-02 7.23062E-05 
1.49445E-01 3.43684E-02 7.99779E-05 
1.45584E-01 2.82720E-02 8.91913E-05 
1.41436E-01 2.29690E-02 1.00400E-04 
1.36820E-01 1.84119E-02 1.14173E-04 
1.31819E-01 1.45706E-02 1.31392E-04 
1.26501E-01 1.13920E-02 1.53279E-04 
1.22217E-01 9.34586E-03 1.74511E-04 
1.20941E-01 8.81009E-03 1.81596E-04 
1.14743E-01 6.60747E-03 2.22259E-04 
1.08434E-01 4.91441E-03 2.78203E-04 
1.02126E-01 3.63868E-03 3.57091E-04 
9.59101E-02 2.69481E-03 4.71278E-04 
8.99502E-02 2.01598E-03 6.41939E-04 
8.41888E-02 1.52630E-03 9.03662E-04 
7.86241E-02 1.17538E-03 1.31763E-03 
7.32871E-02 9.23916E-04 1.99475E-03 
6.82025E-02 7.42131E-04 3.14093E-03 
6.33999E-02 6.08372E-04 5.14626E-03 
5.89432E-02 5.07769E-04 8.74776E-03 
5.50142E-02 4.31195E-04 1.52626E-02 
5.21368E-02 3.75210E-04 2.66100E-02 
5.14086E-02 3.41635E-04 4.39563E-02 
5.34614E-02 3.29125E-04 6.39038E-02 
5.59174E-02 3.19437E-04 7.80098E-02 
5.55564E-02 2.94735E-04 8.18439E-02 
1.42205E-01 4.15225E-02 6.62093E-05 
1.38558E-01 3.43582E-02 7.28255E-05 
1.34478E-01 2.80748E-02 8.07491E-05 
1.30102E-01 2.26379E-02 9.03537E-05 
1.25280E-01 1.79930E-02 1.02091E-04 
1.20129E-01 1.41073E-02 1.16715E-04 
1.14725E-01 1.09191E-02 1.35260E-04 
1.10415E-01 8.88227E-03 1.53203E-04 
1.09138E-01 8.35136E-03 1.59183E-04 
1.02989E-01 6.18206E-03 1.93460E-04 
9.68269E-02 4.53352E-03 2.40549E-04 
9.07448E-02 3.30554E-03 3.06845E-04 
8.48136E-02 2.40751E-03 4.02586E-04 
7.91823E-02 1.76852E-03 5.45397E-04 
7.37866E-02 1.31412E-03 7.63882E-04 
6.86215E-02 9.93486E-04 1.10855E-03 
6.37069E-02 7.67663E-04 1.67078E-03 
5.90573E-02 6.07492E-04 2.61977E-03 
5.46914E-02 4.91969E-04 4.27505E-03 
5.06583E-02 4.06754E-04 7.23846E-03 
4.71082E-02 3.42969E-04 1.25807E-02 
4.44815E-02 2.96860E-04 2.18506E-02 
4.37007E-02 2.69199E-04 3.59578E-02 
4.52804E-02 2.58509E-04 5.20779E-02 
4.71878E-02 2.50258E-04 6.33334E-02 
4.67111E-02 2.30425E-04 6.61944E-02 
1.32083E-01 4.16753E-02 6.05639E-05 
1.28164E-01 3.42684E-02 6.62257E-05 
1.23857E-01 2.78073E-02 7.29745E-05 
1.19276E-01 2.22508E-02 8.11327E-05 
1.14290E-01 1.75351E-02 9.10527E-05 
1.09016E-01 1.36195E-02 1.03363E-04 
1.03543E-01 1.04328E-02 1.18919E-04 
9.92255E-02 8.41358E-03 1.33937E-04 
9.79574E-02 7.89013E-03 1.38941E-04 
9.19050E-02 5.76535E-03 1.67600E-04 
8.59085E-02 4.16808E-03 2.06884E-04 
8.00554E-02 2.99170E-03 2.62058E-04 
7.44213E-02 2.14210E-03 3.41601E-04 
6.91379E-02 1.54450E-03 4.60082E-04 
6.41276E-02 1.12561E-03 6.40948E-04 
5.93764E-02 8.34496E-04 9.25555E-04 
5.48932E-02 6.32952E-04 1.38852E-03 
5.06827E-02 4.92711E-04 2.16775E-03 
4.67540E-02 3.93634E-04 3.52275E-03 
4.31415E-02 3.22025E-04 5.94079E-03 
3.99680E-02 2.69406E-04 1.02849E-02 
3.75992E-02 2.31860E-04 1.77935E-02 
3.68025E-02 2.09380E-04 2.91683E-02 
3.79916E-02 2.00444E-04 4.20818E-02 
3.94446E-02 1.93611E-04 5.09796E-02 
3.89001E-02 1.77988E-04 5.30770E-02 
1.22456E-01 4.17330E-02 5.53500E-05 
1.18285E-01 3.40943E-02 6.01494E-05 
1.13764E-01 2.74673E-02 6.58380E-05 
1.08990E-01 2.18040E-02 7.26898E-05 
1.03874E-01 1.70347E-02 8.09934E-05 
9.84960E-02 1.31018E-02 9.12337E-05 
9.29837E-02 9.93045E-03 1.04140E-04 
8.86874E-02 7.93896E-03 1.16587E-04 
8.74312E-02 7.42516E-03 1.20729E-04 
8.14931E-02 5.35386E-03 1.44432E-04 
7.56871E-02 3.81501E-03 1.76869E-04 
7.00935E-02 2.69545E-03 2.22354E-04 
6.47760E-02 1.89696E-03 2.87814E-04 
5.98531E-02 1.34193E-03 3.85195E-04 
5.52377E-02 9.58447E-04 5.33542E-04 
5.09055E-02 6.95975E-04 7.66423E-04 
4.68549E-02 5.17354E-04 1.14424E-03 
4.30802E-02 3.95443E-04 1.77830E-03 
3.95809E-02 3.11118E-04 2.87749E-03 
3.63804E-02 2.51508E-04 4.83252E-03 
3.35750E-02 2.08577E-04 8.33233E-03 
3.14653E-02 1.78406E-04 1.43584E-02 
3.06822E-02 1.60427E-04 2.34441E-02 
3.15537E-02 1.53145E-04 3.36899E-02 
3.26360E-02 1.47676E-04 4.06523E-02 
3.20624E-02 1.35659E-04 4.21579E-02 
1.13318E-01 4.16868E-02 5.05366E-05 
1.08932E-01 3.38330E-02 5.45653E-05 
1.04229E-01 2.70570E-02 5.93097E-05 
9.92860E-02 2.13011E-02 6.49951E-05 
9.40624E-02 1.64927E-02 7.18588E-05 
8.86152E-02 1.25582E-02 8.02752E-05 
8.30894E-02 9.41458E-03 9.08511E-05 
7.88306E-02 7.45881E-03 1.01036E-04 
7.75939E-02 6.95704E-03 1.04423E-04 
7.17905E-02 4.94806E-03 1.23790E-04 
6.61924E-02 3.47395E-03 1.50261E-04 
6.08801E-02 2.41549E-03 1.87356E-04 
5.59019E-02 1.67056E-03 2.40685E-04 
5.13509E-02 1.15897E-03 3.19933E-04 
4.71326E-02 8.10571E-04 4.40405E-04 
4.32176E-02 5.75750E-04 6.29072E-04 
3.95926E-02 4.18666E-04 9.34362E-04 
3.62431E-02 3.13539E-04 1.44521E-03 
3.31602E-02 2.42416E-04 2.32805E-03 
3.03559E-02 1.93306E-04 3.89305E-03 
2.79047E-02 1.58730E-04 6.68455E-03 
2.60496E-02 1.34865E-04 1.14717E-02 
2.53031E-02 1.20764E-04 1.86546E-02 
2.59210E-02 1.15016E-04 2.66985E-02 
2.67054E-02 1.10829E-04 3.20854E-02 
2.61330E-02 1.01872E-04 3.31387E-02 
1.04700E-01 4.15426E-02 4.61106E-05 
1.00135E-01 3.34903E-02 4.94541E-05 
9.52664E-02 2.65785E-02 5.33545E-05 
9.01818E-02 2.07447E-02 5.80034E-05 
8.48647E-02 1.59100E-02 6.35871E-05 
7.93919E-02 1.19904E-02 7.04130E-05 
7.38856E-02 8.88741E-03 7.89551E-05 
6.96791E-02 6.97487E-03 8.71661E-05 
6.84648E-02 6.48704E-03 8.98947E-05 
6.28237E-02 4.54896E-03 1.05511E-04 
5.74657E-02 3.14593E-03 1.26860E-04 
5.24528E-02 2.15202E-03 1.56763E-04 
4.78147E-02 1.46184E-03 1.99693E-04 
4.36315E-02 9.93857E-04 2.63435E-04 
3.98086E-02 6.79993E-04 3.60193E-04 
3.63037E-02 4.71727E-04 5.11389E-04 
3.30932E-02 3.34816E-04 7.55409E-04 
3.01538E-02 2.45009E-04 1.16257E-03 
2.74692E-02 1.85648E-04 1.86399E-03 
2.50411E-02 1.45684E-04 3.10310E-03 
2.29259E-02 1.18269E-04 5.30522E-03 
2.13164E-02 9.97580E-05 9.06582E-03 
2.06234E-02 8.89734E-05 1.46803E-02 
2.10427E-02 8.46261E-05 2.09224E-02 
2.15921E-02 8.16238E-05 2.50385E-02 
2.10436E-02 7.52402E-05 2.57520E-02 
9.65906E-02 4.13033E-02 4.20427E-05 
9.18564E-02 3.30611E-02 4.47671E-05 
8.68632E-02 2.60335E-02 4.79243E-05 
8.16639E-02 2.01364E-02 5.16564E-05 
7.62886E-02 1.52916E-02 5.61186E-05 
7.08084E-02 1.13993E-02 6.15467E-05 
6.53524E-02 8.34940E-03 6.83231E-05 
6.12253E-02 6.48847E-03 7.48327E-05 
6.00410E-02 6.01668E-03 7.69961E-05 
5.45791E-02 4.15664E-03 8.93731E-05 
4.94793E-02 2.82980E-03 1.06332E-04 
4.47750E-02 1.90316E-03 1.30087E-04 
4.04890E-02 1.26909E-03 1.64190E-04 
3.66788E-02 8.44882E-04 2.14818E-04 
3.32445E-02 5.64792E-04 2.91545E-04 
3.01377E-02 3.81893E-04 4.11202E-04 
2.73257E-02 2.63801E-04 6.03841E-04 
2.47769E-02 1.87935E-04 9.24339E-04 
2.24683E-02 1.39010E-04 1.47471E-03 
2.03936E-02 1.07000E-04 2.44350E-03 
1.85928E-02 8.56955E-05 4.15862E-03 
1.72165E-02 7.17067E-05 7.07499E-03 
1.65884E-02 6.37428E-05 1.14062E-02 
1.68554E-02 6.06621E-05 1.61849E-02 
1.72226E-02 5.87399E-05 1.92840E-02 
1.67143E-02 5.45081E-05 1.97471E-02 
8.90423E-02 4.09693E-02 3.83384E-05 
8.41648E-02 3.25538E-02 4.05163E-05 
7.90784E-02 2.54287E-02 4.30240E-05 
7.37993E-02 1.94860E-02 4.59593E-05 
6.83838E-02 1.46435E-02 4.94420E-05 
6.29344E-02 1.07939E-02 5.36738E-05 
5.75542E-02 7.80776E-03 5.89387E-05 
5.35256E-02 6.00523E-03 6.39998E-05 
5.23773E-02 5.55130E-03 6.56842E-05 
4.71246E-02 3.77634E-03 7.53336E-05 
4.22896E-02 2.52870E-03 8.85853E-05 
3.79016E-02 1.67091E-03 1.07188E-04 
3.39692E-02 1.09307E-03 1.33925E-04 
3.05259E-02 7.11856E-04 1.73639E-04 
2.74705E-02 4.64289E-04 2.33778E-04 
2.47452E-02 3.05283E-04 3.27392E-04 
2.23086E-02 2.04481E-04 4.77738E-04 
2.01234E-02 1.41116E-04 7.27132E-04 
1.81616E-02 1.01331E-04 1.15401E-03 
1.64106E-02 7.61287E-05 1.90265E-03 
1.48971E-02 5.99626E-05 3.22276E-03 
1.37361E-02 4.97365E-05 5.45741E-03 
1.31790E-02 4.41357E-05 8.75798E-03 
1.33333E-02 4.21807E-05 1.23702E-02 
1.35637E-02 4.12266E-05 1.46712E-02 
1.31053E-02 3.87634E-05 1.49552E-02 
8.19424E-02 4.05408E-02 3.49254E-05 
7.69533E-02 3.19679E-02 3.66191E-05 
7.17902E-02 2.47587E-02 3.85485E-05 
6.64727E-02 1.87900E-02 4.07907E-05 
6.10507E-02 1.39654E-02 4.34228E-05 
5.56535E-02 1.01701E-02 4.66146E-05 
5.03856E-02 7.26033E-03 5.05893E-05 
4.64710E-02 5.52243E-03 5.44095E-05 
4.53623E-02 5.08787E-03 5.56840E-05 
4.03471E-02 3.40476E-03 6.30293E-05 
3.57958E-02 2.24007E-03 7.31592E-05 
3.17289E-02 1.45240E-03 8.74257E-05 
2.81495E-02 9.30828E-04 1.07995E-04 
2.50723E-02 5.92045E-04 1.38633E-04 
2.23845E-02 3.75850E-04 1.84999E-04 
2.00223E-02 2.39374E-04 2.57048E-04 
1.79385E-02 1.54532E-04 3.72478E-04 
1.60914E-02 1.02451E-04 5.63387E-04 
1.44491E-02 7.07233E-05 8.89012E-04 
1.29947E-02 5.13996E-05 1.45797E-03 
1.17432E-02 3.95862E-05 2.45694E-03 
1.07802E-02 3.25141E-05 4.13985E-03 
1.02969E-02 2.89086E-05 6.61080E-03 
1.03692E-02 2.79611E-05 9.29145E-03 
1.04983E-02 2.78825E-05 1.09657E-02 
1.00952E-02 2.68806E-05 1.11232E-02 
7.53282E-02 4.00227E-02 3.18070E-05 
7.02656E-02 3.13136E-02 3.30797E-05 
6.50498E-02 2.40363E-02 3.45037E-05 
5.97238E-02 1.80582E-02 3.61470E-05 
5.43286E-02 1.32671E-02 3.80514E-05 
4.90104E-02 9.53817E-03 4.03580E-05 
4.38816E-02 6.71464E-03 4.32454E-05 
4.01075E-02 5.04788E-03 4.60350E-05 
3.90454E-02 4.63420E-03 4.69700E-05 
3.42768E-02 3.04656E-03 5.23875E-05 
3.00229E-02 1.96698E-03 5.99393E-05 
2.62910E-02 1.25004E-03 7.06635E-05 
2.30622E-02 7.83689E-04 8.61935E-05 
2.03316E-02 4.85523E-04 1.09394E-04 
1.79899E-02 2.98927E-04 1.44521E-04 
1.59661E-02 1.83337E-04 1.99046E-04 
1.42076E-02 1.13001E-04 2.86204E-04 
1.26687E-02 7.09568E-05 4.29925E-04 
1.13147E-02 4.62411E-05 6.74162E-04 
1.01256E-02 3.19239E-05 1.09923E-03 
9.10743E-03 2.37521E-05 1.84211E-03 
8.32204E-03 1.92907E-05 3.08707E-03 
7.91126E-03 1.73517E-05 4.90317E-03 
7.92665E-03 1.72972E-05 6.85438E-03 
7.98333E-03 1.79995E-05 8.04623E-03 
7.63680E-03 1.81928E-05 8.11842E-03 
6.91632E-02 3.94105E-02 2.89540E-05 
6.40613E-02 3.05899E-02 2.98612E-05 
5.88290E-02 2.32654E-02 3.08508E-05 
5.35203E-02 1.72943E-02 3.19783E-05 
4.81870E-02 1.25527E-02 3.32672E-05 
4.29748E-02 8.90207E-03 3.48275E-05 
3.80094E-02 6.17388E-03 3.68073E-05 
3.43943E-02 4.58359E-03 3.87449E-05 
3.33835E-02 4.19196E-03 3.94001E-05 
2.88826E-02 2.70370E-03 4.32395E-05 
2.49362E-02 1.71036E-03 4.86895E-05 
2.15380E-02 1.06342E-03 5.65337E-05 
1.86522E-02 6.50704E-04 6.79855E-05 
1.62554E-02 3.91244E-04 8.51901E-05 
1.42398E-02 2.32339E-04 1.11282E-04 
1.25289E-02 1.35924E-04 1.51754E-04 
1.10663E-02 7.86428E-05 2.16318E-04 
9.80412E-03 4.54515E-05 3.22445E-04 
8.70651E-03 2.68005E-05 5.02123E-04 
7.75070E-03 1.67222E-05 8.13360E-04 
6.93692E-03 1.15854E-05 1.35460E-03 
6.30765E-03 9.27758E-06 2.25634E-03 
5.96536E-03 8.72923E-06 3.56216E-03 
5.94293E-03 9.46732E-06 4.94971E-03 
5.94952E-03 1.08674E-05 5.77550E-03 
5.65761E-03 1.20356E-05 5.79279E-03 
6.34228E-02 3.87043E-02 2.63440E-05 
5.83185E-02 2.98006E-02 2.69382E-05 
5.31000E-02 2.24498E-02 2.75549E-05 
4.78377E-02 1.65037E-02 2.82437E-05 
4.25985E-02 1.18277E-02 2.90171E-05 
3.75212E-02 8.26718E-03 2.99577E-05 
3.27403E-02 5.64225E-03 3.11888E-05 
2.93016E-02 4.13307E-03 3.24335E-05 
2.83454E-02 3.76431E-03 3.28609E-05 
2.41305E-02 2.37831E-03 3.54290E-05 
2.04980E-02 1.47129E-03 3.91924E-05 
1.74315E-02 8.92819E-04 4.47367E-05 
1.48781E-02 5.31516E-04 5.29424E-05 
1.27987E-02 3.08468E-04 6.53882E-05 
1.10857E-02 1.75109E-04 8.43209E-05 
9.65999E-03 9.60515E-05 1.13689E-04 
8.46245E-03 5.03768E-05 1.60449E-04 
7.44468E-03 2.49166E-05 2.37053E-04 
6.57074E-03 1.14659E-05 3.66192E-04 
5.81672E-03 4.96245E-06 5.88715E-04 
5.17864E-03 2.34572E-06 9.73445E-04 
4.68393E-03 1.81233E-06 1.61004E-03 
4.40396E-03 2.42636E-06 2.52397E-03 
4.35776E-03 3.87121E-06 3.48235E-03 
4.33095E-03 5.89798E-06 4.03480E-03 
4.08933E-03 7.86091E-06 4.01901E-03 
5.80795E-02 3.79037E-02 2.39552E-05 
5.29997E-02 2.89433E-02 2.42800E-05 
4.78320E-02 2.15931E-02 2.45827E-05 
4.26447E-02 1.56905E-02 2.49023E-05 
3.75290E-02 1.10963E-02 2.52485E-05 
3.26150E-02 7.63787E-03 2.56825E-05 
2.80415E-02 5.12395E-03 2.63080E-05 
2.47927E-02 3.69945E-03 2.69974E-05 
2.38955E-02 3.35440E-03 2.72439E-05 
1.99789E-02 2.07210E-03 2.88047E-05 
1.66650E-02 1.25062E-03 3.12413E-05 
1.39244E-02 7.38381E-04 3.49815E-05 
1.16929E-02 4.25836E-04 4.06581E-05 
9.91064E-03 2.36463E-04 4.93889E-05 
8.47493E-03 1.26313E-04 6.27436E-05 
7.30487E-03 6.27401E-05 8.34780E-05 
6.34075E-03 2.72504E-05 1.16426E-04 
5.53499E-03 8.46898E-06 1.70199E-04 
4.85249E-03 -5.57387E-07 2.60383E-04 
4.26978E-03 -4.05997E-06 4.14824E-04 
3.77965E-03 -4.58773E-06 6.79927E-04 
3.39833E-03 -3.65743E-06 1.11486E-03 
3.17308E-03 -2.06666E-06 1.73251E-03 
3.11285E-03 1.35822E-08 2.36932E-03 
3.06453E-03 2.60720E-06 2.72116E-03 
2.86737E-03 5.22025E-06 2.68750E-03 
5.30987E-02 3.70014E-02 2.17653E-05 
4.80728E-02 2.80155E-02 2.18607E-05 
4.29931E-02 2.06969E-02 2.19034E-05 
3.79136E-02 1.48598E-02 2.19184E-05 
3.29463E-02 1.03628E-02 2.19145E-05 
2.82230E-02 7.01856E-03 2.19427E-05 
2.38767E-02 4.62254E-03 2.20876E-05 
2.08298E-02 3.28565E-03 2.23419E-05 
1.99952E-02 2.96493E-03 2.24485E-05 
1.63869E-02 1.78695E-03 2.32310E-05 
1.33929E-02 1.04925E-03 2.46485E-05 
1.09703E-02 6.00266E-04 2.70072E-05 
9.04222E-03 3.33117E-04 3.07440E-05 
7.53504E-03 1.74443E-04 3.66308E-05 
6.35075E-03 8.50852E-05 4.57227E-05 
5.40718E-03 3.51273E-05 5.98701E-05 
4.64546E-03 8.44811E-06 8.23021E-05 
4.02013E-03 -4.63418E-06 1.18734E-04 
3.49801E-03 -9.92904E-06 1.79411E-04 
3.05751E-03 -1.09242E-05 2.82511E-04 
2.68906E-03 -9.72124E-06 4.57769E-04 
2.40090E-03 -7.57974E-06 7.41999E-04 
2.22190E-03 -5.16167E-06 1.13958E-03 
2.15389E-03 -2.50463E-06 1.53979E-03 
2.09208E-03 6.06129E-07 1.74732E-03 
1.93265E-03 3.75327E-06 1.70596E-03 
4.84212E-02 3.59770E-02 1.97427E-05 
4.34893E-02 2.70098E-02 1.96486E-05 
3.85301E-02 1.97554E-02 1.94771E-05 
3.35925E-02 1.40099E-02 1.92451E-05 
2.88027E-02 9.62835E-03 1.89614E-05 
2.42959E-02 6.41092E-03 1.86714E-05 
2.01964E-02 4.13980E-03 1.84442E-05 
1.73618E-02 2.89306E-03 1.83665E-05 
1.65921E-02 2.59701E-03 1.83666E-05 
1.32995E-02 1.52328E-03 1.85632E-05 
1.06247E-02 8.67096E-04 1.92198E-05 
8.50925E-03 4.77953E-04 2.05457E-05 
6.86757E-03 2.52693E-04 2.28339E-05 
5.61330E-03 1.21614E-04 2.65930E-05 
4.65255E-03 5.05543E-05 3.24840E-05 
3.90546E-03 1.23750E-05 4.16855E-05 
3.31574E-03 -6.78410E-06 5.62361E-05 
2.84098E-03 -1.50506E-05 7.97039E-05 
2.45063E-03 -1.72146E-05 1.18389E-04 
2.12553E-03 -1.61167E-05 1.83366E-04 
1.85493E-03 -1.34737E-05 2.92197E-04 
1.64138E-03 -1.03215E-05 4.65559E-04 
1.50001E-03 -7.19345E-06 7.02295E-04 
1.42777E-03 -4.00610E-06 9.31287E-04 
1.35750E-03 -4.18342E-07 1.03701E-03 
1.22888E-03 3.17061E-06 9.94353E-04 
4.40260E-02 3.48102E-02 1.78741E-05 
3.92317E-02 2.59186E-02 1.76291E-05 
3.44269E-02 1.87677E-02 1.72864E-05 
2.96673E-02 1.31449E-02 1.68619E-05 
2.50832E-02 8.89862E-03 1.63625E-05 
2.08167E-02 5.82075E-03 1.58330E-05 
1.69822E-02 3.68112E-03 1.53314E-05 
1.43672E-02 2.52604E-03 1.50112E-05 
1.36635E-02 2.25468E-03 1.49344E-05 
1.06900E-02 1.28382E-03 1.47119E-05 
8.32644E-03 7.05472E-04 1.48232E-05 
6.50326E-03 3.71902E-04 1.54088E-05 
5.12500E-03 1.84389E-04 1.66501E-05 
4.09704E-03 7.74904E-05 1.88626E-05 
3.33174E-03 2.21789E-05 2.24249E-05 
2.75130E-03 -6.05381E-06 2.80200E-05 
2.30366E-03 -1.89459E-05 3.68223E-05 
1.95061E-03 -2.32259E-05 5.08494E-05 
1.66507E-03 -2.28019E-05 7.35723E-05 
1.43030E-03 -1.99744E-05 1.10956E-04 
1.23558E-03 -1.61387E-05 1.71925E-04 
1.07954E-03 -1.21440E-05 2.65833E-04 
9.67235E-04 -8.40502E-06 3.88068E-04 
8.92363E-04 -4.73068E-06 4.96504E-04 
8.16434E-04 -7.05444E-07 5.32540E-04 
7.11889E-04 3.24657E-06 4.92452E-04 
3.98362E-02 3.34573E-02 1.61234E-05 
3.52265E-02 2.47133E-02 1.57627E-05 
3.06173E-02 1.77173E-02 1.52890E-05 
2.60759E-02 1.22563E-02 1.47216E-05 
2.17303E-02 8.17021E-03 1.40643E-05 
1.77277E-02 5.24657E-03 1.33628E-05 
1.41762E-02 3.24593E-03 1.26698E-05 
1.17885E-02 2.18434E-03 1.21831E-05 
1.11521E-02 1.93774E-03 1.20538E-05 
8.49710E-03 1.06789E-03 1.15465E-05 
6.43633E-03 5.63557E-04 1.12872E-05 
4.88863E-03 2.81118E-04 1.13637E-05 
3.75104E-03 1.27239E-04 1.18750E-05 
2.92298E-03 4.12006E-05 1.29936E-05 
2.32474E-03 -8.31595E-07 1.48940E-05 
1.88252E-03 -2.08241E-05 1.79061E-05 
1.54958E-03 -2.85722E-05 2.25874E-05 
1.29251E-03 -2.95889E-05 2.98533E-05 
1.08825E-03 -2.70393E-05 4.11846E-05 
9.22160E-04 -2.27854E-05 5.89123E-05 
7.84651E-04 -1.79607E-05 8.59608E-05 
6.71531E-04 -1.32614E-05 1.23869E-04 
5.80621E-04 -8.99485E-06 1.66013E-04 
5.03493E-04 -4.87462E-06 1.91176E-04 
4.23337E-04 -4.51213E-07 1.80775E-04 
3.36932E-04 3.79441E-06 1.45277E-04 
3.57857E-02 3.18611E-02 1.44608E-05 
3.14088E-02 2.33538E-02 1.40159E-05 
2.70459E-02 1.65821E-02 1.34511E-05 
2.27659E-02 1.13315E-02 1.27860E-05 
1.86969E-02 7.43823E-03 1.20243E-05 
1.49854E-02 4.68724E-03 1.12121E-05 
1.17357E-02 2.83456E-03 1.04003E-05 
9.58176E-03 1.86840E-03 9.81103E-06 
9.01324E-03 1.64656E-03 9.64948E-06 
6.67476E-03 8.75605E-04 8.96873E-06 
4.90519E-03 4.41016E-04 8.47877E-06 
3.61329E-03 2.04978E-04 8.22740E-06 
2.69144E-03 8.05170E-05 8.25326E-06 
2.03637E-03 1.20825E-05 8.62588E-06 
1.57758E-03 -1.90144E-05 9.37613E-06 
1.24678E-03 -3.23501E-05 1.05866E-05 
1.00337E-03 -3.59798E-05 1.23839E-05 
8.19311E-04 -3.43815E-05 1.49192E-05 
6.75633E-04 -3.01195E-05 1.82977E-05 
5.60033E-04 -2.47093E-05 2.23628E-05 
4.64063E-04 -1.90809E-05 2.59515E-05 
3.81731E-04 -1.38061E-05 2.53862E-05 
3.05696E-04 -9.09613E-06 1.30094E-05 
2.26193E-04 -4.58181E-06 -1.76109E-05 
1.42610E-04 1.87990E-07 -5.76264E-05 
6.94983E-05 4.65503E-06 -8.75921E-05 
3.17867E-02 2.99341E-02 1.28484E-05 
2.76983E-02 2.17791E-02 1.23497E-05 
2.36425E-02 1.53253E-02 1.17331E-05 
1.96744E-02 1.03489E-02 1.10130E-05 
1.59271E-02 6.69174E-03 1.01974E-05 
1.25400E-02 4.13806E-03 9.33104E-06 
9.61336E-03 2.44521E-03 8.46437E-06 
7.70096E-03 1.57745E-03 7.82753E-06 
7.20132E-03 1.38053E-03 7.65102E-06 
5.17533E-03 7.06384E-04 6.88666E-06 
3.68312E-03 3.37140E-04 6.27590E-06 
2.62570E-03 1.42723E-04 5.83590E-06 
1.89363E-03 4.35323E-05 5.56079E-06 
1.38469E-03 -1.03630E-05 5.44791E-06 
1.03890E-03 -3.27093E-05 5.43022E-06 
7.94804E-04 -4.08335E-05 5.42248E-06 
6.18689E-04 -4.12750E-05 5.26131E-06 
4.88008E-04 -3.76590E-05 4.58577E-06 
3.87717E-04 -3.20775E-05 2.58333E-06 
3.07810E-04 -2.57815E-05 -2.54268E-06 
2.40871E-04 -1.95458E-05 -1.46261E-05 
1.79860E-04 -1.38412E-05 -4.06383E-05 
1.13741E-04 -8.79368E-06 -8.86022E-05 
3.20224E-05 -3.96624E-06 -1.54753E-04 
-5.40889E-05 1.06764E-06 -2.12222E-04 
-1.17315E-04 5.66567E-06 -2.36276E-04 
2.77426E-02 2.75645E-02 1.12448E-05 
2.40090E-02 1.99137E-02 1.07225E-05 
2.03230E-02 1.38932E-02 1.00894E-05 
1.67280E-02 9.27599E-03 9.35624E-06 
1.33565E-02 5.91247E-03 8.53521E-06 
1.03348E-02 3.58978E-03 7.66767E-06 
7.75714E-03 2.07332E-03 6.80322E-06 
6.09676E-03 1.30894E-03 6.16692E-06 
5.66727E-03 1.13745E-03 5.98993E-06 
3.95083E-03 5.58972E-04 5.21589E-06 
2.72115E-03 2.50969E-04 4.56970E-06 
1.87596E-03 9.36132E-05 4.04631E-06 
1.30780E-03 1.58130E-05 3.60808E-06 
9.19419E-04 -2.62707E-05 3.20426E-06 
6.62273E-04 -4.18468E-05 2.70567E-06 
4.83092E-04 -4.60779E-05 1.92091E-06 
3.55436E-04 -4.42068E-05 5.05211E-07 
2.62135E-04 -3.91745E-05 -2.22016E-06 
1.91718E-04 -3.27075E-05 -7.63008E-06 
1.36192E-04 -2.58551E-05 -1.85089E-05 
8.90104E-05 -1.92719E-05 -4.02636E-05 
4.25779E-05 -1.33445E-05 -8.16744E-05 
-1.65762E-05 -8.12546E-06 -1.50602E-04 
-9.91518E-05 -3.13065E-06 -2.36660E-04 
-1.85797E-04 2.02037E-06 -3.02287E-04 
-2.40940E-04 6.61277E-06 -3.20412E-04 
2.35861E-02 2.46578E-02 9.61825E-06 
2.02709E-02 1.76861E-02 9.09892E-06 
1.70132E-02 1.22308E-02 8.47915E-06 
1.38558E-02 8.07622E-03 7.77143E-06 
1.09178E-02 5.07718E-03 6.98891E-06 
8.30885E-03 3.02918E-03 6.16923E-06 
6.11213E-03 1.71188E-03 5.35913E-06 
4.71735E-03 1.05858E-03 4.76559E-06 
4.35998E-03 9.13580E-04 4.60053E-06 
2.95235E-03 4.31361E-04 3.87811E-06 
1.97104E-03 1.81371E-04 3.26394E-06 
1.31618E-03 5.71301E-05 2.73772E-06 
8.87456E-04 -2.63097E-06 2.24280E-06 
5.96890E-04 -3.50692E-05 1.70117E-06 
4.07615E-04 -4.56023E-05 9.53617E-07 
2.75781E-04 -4.71695E-05 -2.43297E-07 
1.82119E-04 -4.39000E-05 -2.32199E-06 
1.14409E-04 -3.81662E-05 -6.10898E-06 
6.42544E-05 -3.14010E-05 -1.32292E-05 
2.52934E-05 -2.44873E-05 -2.68809E-05 
-8.24633E-06 -1.79744E-05 -5.30600E-05 
-4.41256E-05 -1.21736E-05 -1.01048E-04 
-9.67201E-05 -7.07883E-06 -1.78011E-04 
-1.76336E-04 -2.19364E-06 -2.70118E-04 
-2.59203E-04 2.79864E-06 -3.35702E-04 
-3.06288E-04 7.15236E-06 -3.48211E-04 
1.93596E-02 2.12380E-02 7.97574E-06 
1.64982E-02 1.50987E-02 7.47577E-06 
1.37098E-02 1.03334E-02 6.89164E-06 
1.10376E-02 6.74115E-03 6.23885E-06 
8.57806E-03 4.17683E-03 5.52938E-06 
6.42374E-03 2.44973E-03 4.79889E-06 
4.63545E-03 1.35591E-03 4.08591E-06 
3.51864E-03 8.22706E-04 3.57002E-06 
3.23526E-03 7.05602E-04 3.42718E-06 
2.13469E-03 3.21394E-04 2.80529E-06 
1.38752E-03 1.27170E-04 2.27631E-06 
9.02085E-04 3.29952E-05 1.81201E-06 
5.91034E-04 -1.12512E-05 1.35136E-06 
3.80464E-04 -3.53790E-05 8.11410E-07 
2.43899E-04 -4.22691E-05 3.65946E-08 
1.47836E-04 -4.23394E-05 -1.21186E-06 
7.93155E-05 -3.87168E-05 -3.35510E-06 
3.02334E-05 -3.32498E-05 -7.18869E-06 
-5.33253E-06 -2.70741E-05 -1.42556E-05 
-3.23571E-05 -2.08951E-05 -2.75534E-05 
-5.57112E-05 -1.51471E-05 -5.26044E-05 
-8.25483E-05 -1.00646E-05 -9.77623E-05 
-1.26072E-04 -5.60615E-06 -1.68900E-04 
-1.95202E-04 -1.32256E-06 -2.52159E-04 
-2.66544E-04 3.02527E-06 -3.09058E-04 
-3.03851E-04 6.75085E-06 -3.16755E-04 
1.52898E-02 1.75597E-02 6.39319E-06 
1.28831E-02 1.23364E-02 5.92289E-06 
1.05694E-02 8.32989E-03 5.38867E-06 
8.38987E-03 5.35378E-03 4.80825E-06 
6.41819E-03 3.26227E-03 4.19355E-06 
4.72355E-03 1.87828E-03 3.57581E-06 
3.34424E-03 1.01844E-03 2.98600E-06 
2.49968E-03 6.07382E-04 2.56766E-06 
2.28777E-03 5.18146E-04 2.45297E-06 
1.47685E-03 2.29481E-04 1.95995E-06 
9.40270E-04 8.72546E-05 1.54799E-06 
5.99973E-04 2.00293E-05 1.18990E-06 
3.85886E-04 -1.07839E-05 8.34542E-07 
2.41526E-04 -2.73830E-05 4.15396E-07 
1.48108E-04 -3.16527E-05 -1.85670E-07 
8.20475E-05 -3.11993E-05 -1.14895E-06 
3.49462E-05 -2.82368E-05 -2.79007E-06 
1.52575E-06 -2.40613E-05 -5.70238E-06 
-2.22430E-05 -1.94623E-05 -1.10300E-05 
-3.99485E-05 -1.49226E-05 -2.09839E-05 
-5.51800E-05 -1.07338E-05 -3.96091E-05 
-7.32917E-05 -7.04725E-06 -7.29624E-05 
-1.04080E-04 -3.81624E-06 -1.25123E-04 
-1.53944E-04 -7.08336E-07 -1.85573E-04 
-2.05114E-04 2.43411E-06 -2.26082E-04 
-2.30722E-04 5.09965E-06 -2.30398E-04 
---
