PdfType: replica
Format: lhagrid1
---
1.00000E-06 1.28121E-06 1.64152E-06 2.10317E-06 2.69463E-06 3.45242E-06 4.42329E-06 5.66715E-06 7.26076E-06 9.30241E-06 1.19180E-05 1.52689E-05 1.95617E-05 2.50609E-05 3.21053E-05 4.11287E-05 5.26863E-05 6.74889E-05 8.64459E-05 1.10720E-04 1.41800E-04 1.81585E-04 2.32503E-04 2.97652E-04 3.80981E-04 4.87518E-04 6.26039E-04 8.00452E-04 1.02297E-03 1.30657E-03 1.66759E-03 2.12729E-03 2.71054E-03 3.44865E-03 4.37927E-03 5.54908E-03 7.01192E-03 8.83064E-03 1.10763E-02 1.38266E-02 1.71641E-02 2.11717E-02 2.59364E-02 3.15062E-02 3.79623E-02 4.53425E-02 5.36750E-02 6.29705E-02 7.32221E-02 8.44039E-02 9.64793E-02 1.09332E-01 1.23067E-01 1.37507E-01 1.52639E-01 1.68416E-01 1.84794E-01 2.01731E-01 2.19016E-01 2.36948E-01 2.55242E-01 2.73927E-01 2.92954E-01 3.12340E-01 3.32036E-01 3.52019E-01 3.72282E-01 3.92772E-01 4.13533E-01 4.34326E-01 4.55495E-01 4.76836E-01 4.98342E-01 5.20006E-01 5.41818E-01 5.63773E-01 5.85861E-01 6.08077E-01 6.30459E-01 6.52800E-01 6.75387E-01 6.98063E-01 7.20830E-01 7.43683E-01 7.66623E-01 7.89636E-01 8.12791E-01 8.35940E-01 8.59175E-01 8.82485E-01 9.05866E-01 9.29311E-01 9.52817E-01 9.76387E-01 1.00000E+00 
1.14018E+00 1.22539E+00 1.32482E+00 1.44156E+00 1.57954E+00 1.74381E+00 1.94091E+00 2.12132E+00 2.17945E+00 2.49622E+00 2.89383E+00 3.39925E+00 4.05063E+00 4.90286E+00 6.03623E+00 7.57063E+00 9.68869E+00 1.26749E+01 1.69835E+01 2.33578E+01 3.30501E+01 4.82334E+01 7.28041E+01 1.13998E+02 1.85779E+02 3.16228E+02 
908 909 910 
8.40564E-01 4.90508E-02 2.81918E-01 
8.55607E-01 5.79511E-02 3.31555E-01 
8.89228E-01 7.42253E-02 3.94349E-01 
9.50472E-01 9.88784E-02 4.74466E-01 
1.03349E+00 1.28786E-01 5.78536E-01 
1.14217E+00 1.64724E-01 7.17393E-01 
1.28088E+00 2.07504E-01 9.04021E-01 
1.41126E+00 2.45729E-01 1.09306E+00 
1.45389E+00 2.57879E-01 1.15893E+00 
1.68533E+00 3.21679E-01 1.54698E+00 
1.97069E+00 3.96328E-01 2.11580E+00 
2.31871E+00 4.82577E-01 2.97046E+00 
2.73866E+00 5.81871E-01 4.28455E+00 
3.24028E+00 7.51428E-01 6.38108E+00 
3.84010E+00 8.90849E-01 9.83314E+00 
4.56637E+00 1.04655E+00 1.56868E+01 
5.44064E+00 1.21953E+00 2.60073E+01 
6.48699E+00 1.41018E+00 4.48884E+01 
7.73630E+00 1.61954E+00 8.06551E+01 
9.23415E+00 1.85027E+00 1.50632E+02 
1.10708E+01 2.11201E+00 2.89340E+02 
1.34927E+01 2.43957E+00 5.55466E+02 
1.71632E+01 2.92955E+00 1.01077E+03 
2.31116E+01 3.71017E+00 1.62181E+03 
3.12471E+01 4.69945E+00 2.18913E+03 
3.98920E+01 5.60031E+00 2.54713E+03 
1.56522E+00 9.07928E-02 4.75339E-01 
1.59419E+00 1.07726E-01 5.58773E-01 
1.65843E+00 1.38662E-01 6.64361E-01 
1.77495E+00 1.85541E-01 7.99854E-01 
1.93223E+00 2.42233E-01 9.76418E-01 
2.13707E+00 3.10120E-01 1.20997E+00 
2.39740E+00 3.90699E-01 1.52427E+00 
2.64197E+00 4.62629E-01 1.84374E+00 
2.72146E+00 4.85380E-01 1.95378E+00 
3.15374E+00 6.04967E-01 2.60868E+00 
3.68525E+00 7.44370E-01 3.56725E+00 
4.33185E+00 9.05158E-01 5.00812E+00 
5.11093E+00 1.08884E+00 7.22925E+00 
6.04110E+00 1.40371E+00 1.07606E+01 
7.15068E+00 1.65997E+00 1.65633E+01 
8.49201E+00 1.94575E+00 2.64277E+01 
1.01024E+01 2.26203E+00 4.38101E+01 
1.20260E+01 2.60966E+00 7.56345E+01 
1.43176E+01 2.99003E+00 1.35986E+02 
1.70580E+01 3.40769E+00 2.54001E+02 
2.04107E+01 3.88012E+00 4.87560E+02 
2.48277E+01 4.47100E+00 9.36236E+02 
3.15234E+01 5.35639E+00 1.70445E+03 
4.23651E+01 6.76718E+00 2.73433E+03 
5.71668E+01 8.55125E+00 3.69096E+03 
7.28407E+01 1.01659E+01 4.29413E+03 
1.48516E+00 8.54825E-02 3.99815E-01 
1.51394E+00 1.02049E-01 4.69881E-01 
1.57720E+00 1.32270E-01 5.58799E-01 
1.69054E+00 1.77817E-01 6.72647E-01 
1.84277E+00 2.32759E-01 8.21199E-01 
2.04008E+00 2.98354E-01 1.01751E+00 
2.28962E+00 3.75934E-01 1.28157E+00 
2.52346E+00 4.45002E-01 1.55033E+00 
2.59918E+00 4.66776E-01 1.64233E+00 
3.01071E+00 5.81094E-01 2.19288E+00 
3.51493E+00 7.13795E-01 2.99804E+00 
4.12646E+00 8.66257E-01 4.20859E+00 
4.86145E+00 1.03959E+00 6.07741E+00 
5.73959E+00 1.33661E+00 9.04485E+00 
6.78415E+00 1.57608E+00 1.39155E+01 
8.04308E+00 1.84207E+00 2.21996E+01 
9.54997E+00 2.13518E+00 3.68020E+01 
1.13446E+01 2.45599E+00 6.35229E+01 
1.34766E+01 2.80554E+00 1.14222E+02 
1.60190E+01 3.18777E+00 2.13337E+02 
1.91223E+01 3.61873E+00 4.09436E+02 
2.32042E+01 4.15711E+00 7.86068E+02 
2.93918E+01 4.96542E+00 1.43123E+03 
3.94047E+01 6.25442E+00 2.29588E+03 
5.30427E+01 7.87967E+00 3.09898E+03 
6.74215E+01 9.33950E+00 3.60514E+03 
1.40276E+00 8.00661E-02 3.34669E-01 
1.43136E+00 9.62548E-02 3.93246E-01 
1.49331E+00 1.25632E-01 4.67603E-01 
1.60322E+00 1.69725E-01 5.62803E-01 
1.74980E+00 2.22734E-01 6.86817E-01 
1.93901E+00 2.85851E-01 8.51161E-01 
2.17714E+00 3.60210E-01 1.07181E+00 
2.39961E+00 4.26208E-01 1.29662E+00 
2.47156E+00 4.46986E-01 1.37366E+00 
2.86128E+00 5.55705E-01 1.83343E+00 
3.33733E+00 6.81404E-01 2.50665E+00 
3.91265E+00 8.25167E-01 3.51747E+00 
4.60200E+00 9.87839E-01 5.07777E+00 
5.42699E+00 1.26661E+00 7.55858E+00 
6.40571E+00 1.48919E+00 1.16312E+01 
7.58089E+00 1.73523E+00 1.85483E+01 
8.98345E+00 2.00526E+00 3.07492E+01 
1.06485E+01 2.29947E+00 5.30606E+01 
1.26210E+01 2.61866E+00 9.53993E+01 
1.49669E+01 2.96627E+00 1.78156E+02 
1.78238E+01 3.35694E+00 3.41962E+02 
2.15756E+01 3.84443E+00 6.56367E+02 
2.72611E+01 4.57773E+00 1.19491E+03 
3.64578E+01 5.74840E+00 1.91676E+03 
4.89547E+01 7.22007E+00 2.58718E+03 
6.20718E+01 8.53171E+00 3.00966E+03 
1.32491E+00 7.49450E-02 2.79919E-01 
1.35346E+00 9.08214E-02 3.28899E-01 
1.41405E+00 1.19358E-01 3.90888E-01 
1.52068E+00 1.62079E-01 4.70541E-01 
1.66195E+00 2.13263E-01 5.74206E-01 
1.84321E+00 2.73959E-01 7.11242E-01 
2.07044E+00 3.45231E-01 8.95507E-01 
2.28206E+00 4.08285E-01 1.08342E+00 
2.35029E+00 4.28085E-01 1.14761E+00 
2.71941E+00 5.31467E-01 1.53183E+00 
3.16851E+00 6.50423E-01 2.09363E+00 
3.70964E+00 7.85906E-01 2.93795E+00 
4.35598E+00 9.38528E-01 4.24031E+00 
5.13011E+00 1.20000E+00 6.30869E+00 
6.04633E+00 1.40646E+00 9.70916E+00 
7.14278E+00 1.63380E+00 1.54830E+01 
8.44695E+00 1.88219E+00 2.56588E+01 
9.99088E+00 2.15165E+00 4.42860E+01 
1.18141E+01 2.44266E+00 7.96052E+01 
1.39767E+01 2.75822E+00 1.48662E+02 
1.66040E+01 3.11167E+00 2.85278E+02 
2.00502E+01 3.55247E+00 5.47707E+02 
2.52706E+01 4.21684E+00 9.97012E+02 
3.37104E+01 5.27863E+00 1.59920E+03 
4.51518E+01 6.60944E+00 2.15854E+03 
5.71074E+01 7.78616E+00 2.51109E+03 
1.25138E+00 7.01001E-02 2.33785E-01 
1.27994E+00 8.57027E-02 2.74721E-01 
1.33925E+00 1.13446E-01 3.26436E-01 
1.44260E+00 1.54832E-01 3.92807E-01 
1.57880E+00 2.04276E-01 4.79412E-01 
1.75256E+00 2.62685E-01 5.93844E-01 
1.96929E+00 3.30973E-01 7.47451E-01 
2.17040E+00 3.91175E-01 9.04118E-01 
2.23516E+00 4.10049E-01 9.57707E-01 
2.58451E+00 5.08287E-01 1.27815E+00 
3.00809E+00 6.20824E-01 1.74694E+00 
3.51667E+00 7.48371E-01 2.45081E+00 
4.12240E+00 8.91454E-01 3.53788E+00 
4.84850E+00 1.13627E+00 5.26306E+00 
5.70535E+00 1.32771E+00 8.09610E+00 
6.72771E+00 1.53758E+00 1.29145E+01 
7.93952E+00 1.76574E+00 2.13991E+01 
9.36970E+00 2.01212E+00 3.69302E+01 
1.10537E+01 2.27699E+00 6.63821E+01 
1.30456E+01 2.56296E+00 1.23975E+02 
1.54596E+01 2.88214E+00 2.37882E+02 
1.86212E+01 3.27989E+00 4.56659E+02 
2.34108E+01 3.88097E+00 8.31376E+02 
3.11504E+01 4.84285E+00 1.33361E+03 
4.16168E+01 6.04472E+00 1.80014E+03 
5.25031E+01 7.09859E+00 2.09426E+03 
1.18196E+00 6.55213E-02 1.95022E-01 
1.21035E+00 8.08092E-02 2.29130E-01 
1.26868E+00 1.07883E-01 2.72319E-01 
1.36891E+00 1.48002E-01 3.27596E-01 
1.50010E+00 1.95750E-01 3.99714E-01 
1.66660E+00 2.51944E-01 4.95068E-01 
1.87338E+00 3.17395E-01 6.23232E-01 
2.06442E+00 3.74856E-01 7.53683E-01 
2.12584E+00 3.92835E-01 7.98411E-01 
2.45638E+00 4.86150E-01 1.06550E+00 
2.85565E+00 5.92534E-01 1.45627E+00 
3.33335E+00 7.12483E-01 2.04272E+00 
3.90046E+00 8.46377E-01 2.94797E+00 
4.58123E+00 1.07564E+00 4.38684E+00 
5.38208E+00 1.25289E+00 6.74711E+00 
6.33430E+00 1.44628E+00 1.07609E+01 
7.45957E+00 1.65557E+00 1.78359E+01 
8.78313E+00 1.88046E+00 3.07712E+01 
1.03372E+01 2.12110E+00 5.53289E+01 
1.21699E+01 2.37972E+00 1.03305E+02 
1.43860E+01 2.66743E+00 1.98277E+02 
1.72843E+01 3.02572E+00 3.80637E+02 
2.16741E+01 3.56860E+00 6.92983E+02 
2.87656E+01 4.43879E+00 1.11172E+03 
3.83317E+01 5.52264E+00 1.50075E+03 
4.82349E+01 6.46495E+00 1.74616E+03 
1.11643E+00 6.11947E-02 1.62538E-01 
1.14468E+00 7.61959E-02 1.90905E-01 
1.20200E+00 1.02612E-01 2.26859E-01 
1.29932E+00 1.41553E-01 2.72963E-01 
1.42571E+00 1.87685E-01 3.32985E-01 
1.58524E+00 2.41757E-01 4.12397E-01 
1.78233E+00 3.04449E-01 5.19070E-01 
1.96385E+00 3.59290E-01 6.27828E-01 
2.02201E+00 3.76395E-01 6.64913E-01 
2.33449E+00 4.64958E-01 8.87221E-01 
2.71063E+00 5.65441E-01 1.21264E+00 
3.15913E+00 6.78190E-01 1.70120E+00 
3.68983E+00 8.03304E-01 2.45497E+00 
4.32749E+00 1.01786E+00 3.65341E+00 
5.07553E+00 1.18177E+00 5.62024E+00 
5.96172E+00 1.35970E+00 8.96230E+00 
7.00558E+00 1.55135E+00 1.48555E+01 
8.22954E+00 1.75628E+00 2.56330E+01 
9.66218E+00 1.97447E+00 4.60909E+01 
1.13470E+01 2.20790E+00 8.60700E+01 
1.33791E+01 2.46665E+00 1.65188E+02 
1.60334E+01 2.78876E+00 3.17172E+02 
2.00535E+01 3.27835E+00 5.77513E+02 
2.65451E+01 4.06439E+00 9.26580E+02 
3.52809E+01 5.04045E+00 1.25104E+03 
4.42809E+01 5.88152E+00 1.45586E+03 
1.05458E+00 5.71067E-02 1.35292E-01 
1.08286E+00 7.18963E-02 1.58927E-01 
1.13904E+00 9.76347E-02 1.88782E-01 
1.23359E+00 1.35455E-01 2.27201E-01 
1.35531E+00 1.80039E-01 2.77140E-01 
1.50816E+00 2.32077E-01 3.43304E-01 
1.69604E+00 2.92127E-01 4.32119E-01 
1.86831E+00 3.44428E-01 5.22536E-01 
1.92353E+00 3.60730E-01 5.53632E-01 
2.21885E+00 4.44750E-01 7.38662E-01 
2.57299E+00 5.39585E-01 1.00965E+00 
2.99372E+00 6.45441E-01 1.41627E+00 
3.48990E+00 7.62249E-01 2.04361E+00 
4.08670E+00 9.62770E-01 3.04141E+00 
4.78480E+00 1.11415E+00 4.67914E+00 
5.60894E+00 1.27762E+00 7.46296E+00 
6.57636E+00 1.45281E+00 1.23696E+01 
7.70713E+00 1.63919E+00 2.13492E+01 
9.02651E+00 1.83662E+00 3.83845E+01 
1.05738E+01 2.04685E+00 7.17010E+01 
1.24355E+01 2.27904E+00 1.37633E+02 
1.48636E+01 2.56799E+00 2.64267E+02 
1.85419E+01 3.00878E+00 4.81282E+02 
2.44791E+01 3.71780E+00 7.72341E+02 
3.24491E+01 4.59546E+00 1.04300E+03 
4.06197E+01 5.34472E+00 1.21399E+03 
9.96255E-01 5.32497E-02 1.12543E-01 
1.02447E+00 6.78148E-02 1.32219E-01 
1.07985E+00 9.29991E-02 1.57085E-01 
1.17150E+00 1.29707E-01 1.89011E-01 
1.28884E+00 1.72822E-01 2.30629E-01 
1.43511E+00 2.22869E-01 2.85563E-01 
1.61417E+00 2.80385E-01 3.59565E-01 
1.77763E+00 3.30253E-01 4.34778E-01 
1.82989E+00 3.45747E-01 4.60615E-01 
2.10887E+00 4.25409E-01 6.14688E-01 
2.44209E+00 5.14847E-01 8.40237E-01 
2.83658E+00 6.14161E-01 1.17880E+00 
3.30029E+00 7.23266E-01 1.70142E+00 
3.85826E+00 9.10425E-01 2.53145E+00 
4.50921E+00 1.04990E+00 3.89543E+00 
5.27490E+00 1.19982E+00 6.21343E+00 
6.17068E+00 1.35966E+00 1.03004E+01 
7.21429E+00 1.52883E+00 1.77787E+01 
8.42824E+00 1.70710E+00 3.19749E+01 
9.84752E+00 1.89595E+00 5.97255E+01 
1.15512E+01 2.10381E+00 1.14674E+02 
1.37705E+01 2.36250E+00 2.20255E+02 
1.71322E+01 2.75859E+00 4.01176E+02 
2.25576E+01 3.39716E+00 6.43926E+02 
2.98218E+01 4.18502E+00 8.69768E+02 
3.72315E+01 4.85123E+00 1.01262E+03 
9.41262E-01 4.96085E-02 9.35999E-02 
9.69339E-01 6.39455E-02 1.09941E-01 
1.02407E+00 8.86486E-02 1.30681E-01 
1.11291E+00 1.24290E-01 1.57192E-01 
1.22593E+00 1.65976E-01 1.91816E-01 
1.36603E+00 2.14148E-01 2.37605E-01 
1.53645E+00 2.69188E-01 2.99060E-01 
1.69155E+00 3.16722E-01 3.61743E-01 
1.74098E+00 3.31449E-01 3.83173E-01 
2.00428E+00 4.06900E-01 5.11314E-01 
2.31758E+00 4.91163E-01 6.98981E-01 
2.68718E+00 5.84202E-01 9.80906E-01 
3.12018E+00 6.85849E-01 1.41608E+00 
3.64162E+00 8.60401E-01 2.10763E+00 
4.24794E+00 9.88805E-01 3.24279E+00 
4.95874E+00 1.12609E+00 5.17435E+00 
5.78730E+00 1.27165E+00 8.57744E+00 
6.74950E+00 1.42486E+00 1.48098E+01 
7.86508E+00 1.58541E+00 2.66350E+01 
9.16577E+00 1.75468E+00 4.97697E+01 
1.07230E+01 1.94025E+00 9.55689E+01 
1.27490E+01 2.17126E+00 1.83600E+02 
1.58184E+01 2.52652E+00 3.34505E+02 
2.07716E+01 3.10074E+00 5.37063E+02 
2.73862E+01 3.80687E+00 7.25635E+02 
3.40985E+01 4.39799E+00 8.45040E+02 
8.89495E-01 4.61853E-02 7.78535E-02 
9.17423E-01 6.03173E-02 9.14168E-02 
9.71346E-01 8.45055E-02 1.08678E-01 
1.05768E+00 1.19200E-01 1.30772E-01 
1.16649E+00 1.59513E-01 1.59545E-01 
1.30052E+00 2.05850E-01 1.97623E-01 
1.46285E+00 2.58547E-01 2.48878E-01 
1.60980E+00 3.03810E-01 3.00963E-01 
1.65660E+00 3.17805E-01 3.18890E-01 
1.90504E+00 3.89256E-01 4.25619E-01 
2.19936E+00 4.68541E-01 5.81790E-01 
2.54534E+00 5.55565E-01 8.16566E-01 
2.94920E+00 6.50081E-01 1.17860E+00 
3.43605E+00 8.12830E-01 1.75482E+00 
4.00042E+00 9.30824E-01 2.70084E+00 
4.65947E+00 1.05626E+00 4.30934E+00 
5.42519E+00 1.18852E+00 7.14648E+00 
6.31132E+00 1.32695E+00 1.23400E+01 
7.33555E+00 1.47122E+00 2.21992E+01 
8.52595E+00 1.62246E+00 4.14879E+01 
9.94776E+00 1.78769E+00 7.96897E+01 
1.17952E+01 1.99347E+00 1.53130E+02 
1.45950E+01 2.31149E+00 2.79057E+02 
1.91121E+01 2.82691E+00 4.48165E+02 
2.51291E+01 3.45868E+00 6.05712E+02 
3.12025E+01 3.98204E+00 7.05601E+02 
8.40728E-01 4.29600E-02 6.47536E-02 
8.68703E-01 5.69741E-02 7.60704E-02 
9.22028E-01 8.07380E-02 9.04300E-02 
1.00560E+00 1.14420E-01 1.08783E-01 
1.11037E+00 1.53423E-01 1.32772E-01 
1.23858E+00 1.97999E-01 1.64467E-01 
1.39297E+00 2.48403E-01 2.07111E-01 
1.53223E+00 2.91499E-01 2.50519E-01 
1.57644E+00 3.04780E-01 2.65397E-01 
1.81064E+00 3.72355E-01 3.54282E-01 
2.08699E+00 4.46909E-01 4.84401E-01 
2.41061E+00 5.28267E-01 6.79922E-01 
2.78712E+00 6.16095E-01 9.81685E-01 
3.24107E+00 7.67576E-01 1.46141E+00 
3.76583E+00 8.75761E-01 2.25010E+00 
4.37631E+00 9.90125E-01 3.59019E+00 
5.08318E+00 1.11003E+00 5.95627E+00 
5.89838E+00 1.23480E+00 1.02860E+01 
6.83751E+00 1.36404E+00 1.85101E+01 
7.92579E+00 1.49881E+00 3.46022E+01 
9.22229E+00 1.64546E+00 6.64770E+01 
1.09049E+01 1.82827E+00 1.27780E+02 
1.34563E+01 2.11239E+00 2.32942E+02 
1.75714E+01 2.57420E+00 3.74217E+02 
2.30388E+01 3.13839E+00 5.05934E+02 
2.85278E+01 3.60070E+00 5.89570E+02 
7.94822E-01 3.99263E-02 5.38430E-02 
8.22776E-01 5.38097E-02 6.32831E-02 
8.75394E-01 7.71457E-02 7.52184E-02 
9.56508E-01 1.09938E-01 9.05220E-02 
1.05732E+00 1.47673E-01 1.10488E-01 
1.17996E+00 1.90560E-01 1.36927E-01 
1.32667E+00 2.38745E-01 1.72367E-01 
1.45857E+00 2.79753E-01 2.08595E-01 
1.50030E+00 2.92350E-01 2.20946E-01 
1.72089E+00 3.56192E-01 2.94965E-01 
1.98014E+00 4.26215E-01 4.03389E-01 
2.28259E+00 5.02177E-01 5.66234E-01 
2.63328E+00 5.83661E-01 8.17944E-01 
3.05624E+00 7.24425E-01 1.21790E+00 
3.54368E+00 8.23461E-01 1.87539E+00 
4.10863E+00 9.27532E-01 2.99373E+00 
4.76029E+00 1.03596E+00 4.96608E+00 
5.50937E+00 1.14809E+00 8.58040E+00 
6.36941E+00 1.26353E+00 1.54414E+01 
7.36303E+00 1.38323E+00 2.88729E+01 
8.54385E+00 1.51297E+00 5.54929E+01 
1.00744E+01 1.67488E+00 1.06689E+02 
1.23963E+01 1.92810E+00 1.94567E+02 
1.61419E+01 2.34117E+00 3.12693E+02 
2.11045E+01 2.84405E+00 4.22908E+02 
2.60591E+01 3.25143E+00 4.92996E+02 
7.51727E-01 3.70964E-02 4.48247E-02 
7.79533E-01 5.08331E-02 5.26743E-02 
8.31596E-01 7.38080E-02 6.26210E-02 
9.10288E-01 1.05755E-01 7.53656E-02 
1.00727E+00 1.42270E-01 9.19932E-02 
1.12443E+00 1.83510E-01 1.14002E-01 
1.26388E+00 2.29573E-01 1.43581E-01 
1.38861E+00 2.68553E-01 1.73719E-01 
1.42807E+00 2.80506E-01 1.84083E-01 
1.63571E+00 3.40786E-01 2.45784E-01 
1.87874E+00 4.06467E-01 3.36206E-01 
2.16106E+00 4.77229E-01 4.71935E-01 
2.48730E+00 5.52675E-01 6.81762E-01 
2.88100E+00 6.83402E-01 1.01540E+00 
3.33317E+00 7.73818E-01 1.56365E+00 
3.85538E+00 8.68284E-01 2.49712E+00 
4.45552E+00 9.66075E-01 4.14341E+00 
5.14299E+00 1.06656E+00 7.15987E+00 
5.92978E+00 1.16936E+00 1.28926E+01 
6.83570E+00 1.27527E+00 2.41125E+01 
7.90964E+00 1.38963E+00 4.63540E+01 
9.30029E+00 1.53260E+00 8.91565E+01 
1.14108E+01 1.75773E+00 1.62635E+02 
1.48160E+01 2.12644E+00 2.61476E+02 
1.93155E+01 2.57380E+00 3.53789E+02 
2.37819E+01 2.93184E+00 4.12585E+02 
7.11318E-01 3.44626E-02 3.73344E-02 
7.39034E-01 4.81078E-02 4.38686E-02 
7.90621E-01 7.07832E-02 5.21614E-02 
8.66880E-01 1.01887E-01 6.27943E-02 
9.60075E-01 1.37213E-01 7.66474E-02 
1.07190E+00 1.76851E-01 9.49739E-02 
1.20438E+00 2.20871E-01 1.19681E-01 
1.32223E+00 2.57890E-01 1.44776E-01 
1.35942E+00 2.69198E-01 1.53405E-01 
1.55473E+00 3.26052E-01 2.04893E-01 
1.78224E+00 3.87566E-01 2.80251E-01 
2.04565E+00 4.53408E-01 3.93575E-01 
2.34886E+00 5.23077E-01 5.68602E-01 
2.71493E+00 6.44327E-01 8.47197E-01 
3.13394E+00 7.26745E-01 1.30485E+00 
3.61600E+00 8.12248E-01 2.08397E+00 
4.16809E+00 9.00201E-01 3.45956E+00 
4.79812E+00 9.89942E-01 5.97862E+00 
5.51672E+00 1.08111E+00 1.07687E+01 
6.34172E+00 1.17449E+00 2.01504E+01 
7.31711E+00 1.27490E+00 3.87476E+01 
8.57882E+00 1.40069E+00 7.45549E+01 
1.04954E+01 1.60040E+00 1.36065E+02 
1.35873E+01 1.92880E+00 2.18841E+02 
1.76619E+01 2.32589E+00 2.96225E+02 
2.16830E+01 2.63972E+00 3.45604E+02 
6.73459E-01 3.20245E-02 3.11048E-02 
7.00986E-01 4.55668E-02 3.65504E-02 
7.52231E-01 6.80074E-02 4.34680E-02 
8.26033E-01 9.83030E-02 5.23312E-02 
9.15583E-01 1.32491E-01 6.38987E-02 
1.02227E+00 1.70590E-01 7.91804E-02 
1.14790E+00 2.12602E-01 9.97691E-02 
1.25924E+00 2.47743E-01 1.20736E-01 
1.29428E+00 2.58439E-01 1.27921E-01 
1.47773E+00 3.11979E-01 1.70862E-01 
1.69060E+00 3.69505E-01 2.33766E-01 
1.93606E+00 4.30655E-01 3.28376E-01 
2.21758E+00 4.94984E-01 4.74537E-01 
2.55748E+00 6.07236E-01 7.07095E-01 
2.94542E+00 6.82126E-01 1.08970E+00 
3.38988E+00 7.59293E-01 1.74061E+00 
3.89700E+00 8.38115E-01 2.89048E+00 
4.47367E+00 9.17974E-01 4.99718E+00 
5.12913E+00 9.98528E-01 9.00298E+00 
5.87921E+00 1.08048E+00 1.68495E+01 
6.76384E+00 1.16825E+00 3.24169E+01 
7.90694E+00 1.27852E+00 6.23961E+01 
9.64485E+00 1.45514E+00 1.13924E+02 
1.24494E+01 1.74706E+00 1.83324E+02 
1.61348E+01 2.09875E+00 2.48268E+02 
1.97500E+01 2.37302E+00 2.89787E+02 
6.38033E-01 2.97911E-02 2.59291E-02 
6.65369E-01 4.32482E-02 3.04787E-02 
7.16187E-01 6.54620E-02 3.62399E-02 
7.87667E-01 9.50168E-02 4.36259E-02 
8.73618E-01 1.28100E-01 5.32812E-02 
9.75363E-01 1.64707E-01 6.60563E-02 
1.09437E+00 2.04772E-01 8.32106E-02 
1.19945E+00 2.38092E-01 1.00730E-01 
1.23244E+00 2.48208E-01 1.06739E-01 
1.40465E+00 2.98572E-01 1.42599E-01 
1.60357E+00 3.52285E-01 1.95159E-01 
1.83202E+00 4.08964E-01 2.74148E-01 
2.09309E+00 4.67969E-01 3.96298E-01 
2.40834E+00 5.71857E-01 5.90595E-01 
2.76693E+00 6.39783E-01 9.10350E-01 
3.17618E+00 7.09216E-01 1.45474E+00 
3.64138E+00 7.79623E-01 2.41625E+00 
4.16852E+00 8.50415E-01 4.17991E+00 
4.76552E+00 9.21278E-01 7.53251E+00 
5.44652E+00 9.92854E-01 1.41047E+01 
6.24754E+00 1.06919E+00 2.71448E+01 
7.28174E+00 1.16546E+00 5.22726E+01 
8.85565E+00 1.32124E+00 9.54828E+01 
1.13962E+01 1.58009E+00 1.53727E+02 
1.47256E+01 1.89085E+00 2.08296E+02 
1.79710E+01 2.12979E+00 2.43250E+02 
6.04981E-01 2.77703E-02 2.16289E-02 
6.32113E-01 4.11649E-02 2.54236E-02 
6.82664E-01 6.32575E-02 3.02383E-02 
7.51760E-01 9.20629E-02 3.64138E-02 
8.34135E-01 1.24056E-01 4.44629E-02 
9.31026E-01 1.59198E-01 5.51309E-02 
1.04373E+00 1.97394E-01 6.94737E-02 
1.14273E+00 2.28943E-01 8.40938E-02 
1.17373E+00 2.38482E-01 8.90995E-02 
1.33519E+00 2.85781E-01 1.19075E-01 
1.52091E+00 3.35871E-01 1.63026E-01 
1.73328E+00 3.88290E-01 2.29048E-01 
1.97513E+00 4.42745E-01 3.31163E-01 
2.26716E+00 5.38490E-01 4.93775E-01 
2.59819E+00 5.99700E-01 7.61390E-01 
2.97450E+00 6.61950E-01 1.21708E+00 
3.40058E+00 7.24574E-01 2.02170E+00 
3.88167E+00 7.87038E-01 3.49919E+00 
4.42456E+00 8.49059E-01 6.30723E+00 
5.04181E+00 9.11232E-01 1.18168E+01 
5.76602E+00 9.77272E-01 2.27524E+01 
6.70022E+00 1.06093E+00 4.38342E+01 
8.12376E+00 1.19790E+00 8.01152E+01 
1.04222E+01 1.42686E+00 1.29054E+02 
1.34258E+01 1.70075E+00 1.74958E+02 
1.63351E+01 1.90822E+00 2.04430E+02 
5.74229E-01 2.59728E-02 1.80608E-02 
6.01197E-01 3.93559E-02 2.12304E-02 
6.51396E-01 6.13523E-02 2.52458E-02 
7.18133E-01 8.94282E-02 3.04062E-02 
7.97023E-01 1.20367E-01 3.71338E-02 
8.89173E-01 1.54085E-01 4.60478E-02 
9.95758E-01 1.90446E-01 5.80451E-02 
1.08893E+00 2.20284E-01 7.02574E-02 
1.11807E+00 2.29272E-01 7.44613E-02 
1.26922E+00 2.73613E-01 9.95040E-02 
1.44234E+00 3.20176E-01 1.36254E-01 
1.63962E+00 3.68508E-01 1.91565E-01 
1.86330E+00 4.18314E-01 2.76977E-01 
2.13339E+00 5.06626E-01 4.13074E-01 
2.43854E+00 5.61729E-01 6.37077E-01 
2.78413E+00 6.17332E-01 1.01896E+00 
3.17384E+00 6.72787E-01 1.69363E+00 
3.61217E+00 7.27627E-01 2.93180E+00 
4.10508E+00 7.81602E-01 5.28799E+00 
4.66359E+00 8.35273E-01 9.90968E+00 
5.31725E+00 8.92046E-01 1.90912E+01 
6.15984E+00 9.64384E-01 3.68027E+01 
7.44536E+00 1.08439E+00 6.72973E+01 
9.52230E+00 1.28641E+00 1.08473E+02 
1.22284E+01 1.52717E+00 1.47151E+02 
1.48322E+01 1.70666E+00 1.72036E+02 
5.45684E-01 2.44249E-02 1.50853E-02 
5.72326E-01 3.77615E-02 1.77361E-02 
6.22384E-01 5.97890E-02 2.10911E-02 
6.86705E-01 8.71439E-02 2.54064E-02 
7.62145E-01 1.17043E-01 3.10328E-02 
8.49659E-01 1.49358E-01 3.84848E-02 
9.50327E-01 1.83940E-01 4.85222E-02 
1.03793E+00 2.12109E-01 5.87506E-02 
1.06523E+00 2.20556E-01 6.22550E-02 
1.20660E+00 2.62052E-01 8.32271E-02 
1.36778E+00 3.05247E-01 1.13975E-01 
1.55069E+00 3.49758E-01 1.60271E-01 
1.75734E+00 3.94819E-01 2.31867E-01 
2.00684E+00 4.76242E-01 3.45925E-01 
2.28770E+00 5.25803E-01 5.33672E-01 
2.60447E+00 5.75226E-01 8.53788E-01 
2.96035E+00 6.24091E-01 1.42002E+00 
3.35912E+00 6.71971E-01 2.45901E+00 
3.80592E+00 7.18646E-01 4.43859E+00 
4.31040E+00 7.64649E-01 8.32134E+00 
4.89927E+00 8.13097E-01 1.60390E+01 
5.65786E+00 8.75282E-01 3.09351E+01 
6.81721E+00 9.80068E-01 5.66077E+01 
8.69135E+00 1.15781E+00 9.13046E+01 
1.11260E+01 1.36885E+00 1.23939E+02 
1.34526E+01 1.52353E+00 1.44989E+02 
5.19281E-01 2.31546E-02 1.26095E-02 
5.45399E-01 3.63957E-02 1.48258E-02 
5.95469E-01 5.85712E-02 1.76361E-02 
6.57364E-01 8.52326E-02 2.12426E-02 
7.29417E-01 1.14107E-01 2.59559E-02 
8.12424E-01 1.45047E-01 3.21955E-02 
9.07307E-01 1.77868E-01 4.05889E-02 
9.89570E-01 2.04420E-01 4.91648E-02 
1.01516E+00 2.12360E-01 5.21034E-02 
1.14719E+00 2.51101E-01 6.96777E-02 
1.29705E+00 2.91094E-01 9.54566E-02 
1.46637E+00 3.31916E-01 1.34228E-01 
1.65708E+00 3.73263E-01 1.94300E-01 
1.88714E+00 4.47734E-01 2.90039E-01 
2.14528E+00 4.91848E-01 4.47673E-01 
2.43519E+00 5.35553E-01 7.16546E-01 
2.75958E+00 5.78356E-01 1.19199E+00 
3.12168E+00 6.19873E-01 2.06518E+00 
3.52587E+00 6.59927E-01 3.72921E+00 
3.98077E+00 6.99037E-01 6.99754E+00 
4.51033E+00 7.40046E-01 1.34945E+01 
5.19215E+00 7.93166E-01 2.60436E+01 
6.23601E+00 8.84284E-01 4.76877E+01 
7.92468E+00 1.04019E+00 7.69708E+01 
1.01119E+01 1.22462E+00 1.04556E+02 
1.21874E+01 1.35737E+00 1.22396E+02 
4.94963E-01 2.21923E-02 1.05551E-02 
5.20564E-01 3.53648E-02 1.24072E-02 
5.70635E-01 5.77863E-02 1.47624E-02 
6.30086E-01 8.37386E-02 1.77820E-02 
6.98734E-01 1.11585E-01 2.17275E-02 
7.77334E-01 1.41161E-01 2.69599E-02 
8.66673E-01 1.72264E-01 3.39997E-02 
9.43746E-01 1.97228E-01 4.11805E-02 
9.67662E-01 2.04656E-01 4.36450E-02 
1.09074E+00 2.40719E-01 5.83777E-02 
1.22985E+00 2.77606E-01 8.00005E-02 
1.38648E+00 3.14934E-01 1.12575E-01 
1.56212E+00 3.52360E-01 1.62996E-01 
1.77392E+00 4.20614E-01 2.43418E-01 
2.01073E+00 4.59744E-01 3.75891E-01 
2.27561E+00 4.98173E-01 6.01937E-01 
2.57089E+00 5.35432E-01 1.00215E+00 
2.89910E+00 5.71156E-01 1.73743E+00 
3.26404E+00 6.05223E-01 3.13862E+00 
3.67334E+00 6.38142E-01 5.89195E+00 
4.14865E+00 6.72515E-01 1.13716E+01 
4.76035E+00 7.17559E-01 2.19620E+01 
5.69876E+00 7.96452E-01 4.02423E+01 
7.21819E+00 9.32784E-01 6.50031E+01 
9.18024E+00 1.09345E+00 8.83666E+01 
1.10284E+01 1.20684E+00 1.03515E+02 
4.72625E-01 2.15588E-02 8.84307E-03 
4.97800E-01 3.47241E-02 1.03945E-02 
5.47703E-01 5.74408E-02 1.23669E-02 
6.04741E-01 8.26895E-02 1.49024E-02 
6.70009E-01 1.09501E-01 1.82092E-02 
7.44264E-01 1.37717E-01 2.25945E-02 
8.28239E-01 1.67121E-01 2.85104E-02 
9.00347E-01 1.90535E-01 3.45372E-02 
9.22675E-01 1.97470E-01 3.66063E-02 
1.03725E+00 2.30944E-01 4.89841E-02 
1.16620E+00 2.64842E-01 6.71613E-02 
1.31077E+00 2.98812E-01 9.45367E-02 
1.47225E+00 3.32198E-01 1.36923E-01 
1.66689E+00 3.94716E-01 2.04535E-01 
1.88382E+00 4.29446E-01 3.16111E-01 
2.12542E+00 4.63007E-01 5.06501E-01 
2.39355E+00 4.95155E-01 8.43702E-01 
2.69047E+00 5.25619E-01 1.46363E+00 
3.01940E+00 5.54305E-01 2.64630E+00 
3.38692E+00 5.81684E-01 4.97032E+00 
3.81259E+00 6.10150E-01 9.59952E+00 
4.36032E+00 6.48021E-01 1.85533E+01 
5.20253E+00 7.16006E-01 3.40245E+01 
6.56766E+00 8.34819E-01 5.50055E+01 
8.32494E+00 9.74293E-01 7.48346E+01 
9.96769E+00 1.07067E+00 8.77268E+01 
4.52252E-01 2.13394E-02 7.41522E-03 
4.76806E-01 3.44308E-02 8.71836E-03 
5.26738E-01 5.76399E-02 1.03721E-02 
5.81237E-01 8.21406E-02 1.25016E-02 
6.43174E-01 1.07905E-01 1.52826E-02 
7.13171E-01 1.34753E-01 1.89649E-02 
7.91902E-01 1.62464E-01 2.39327E-02 
8.59243E-01 1.84352E-01 2.90005E-02 
8.80061E-01 1.90807E-01 3.07448E-02 
9.86543E-01 2.21763E-01 4.11624E-02 
1.10584E+00 2.52793E-01 5.64561E-02 
1.23906E+00 2.83539E-01 7.95017E-02 
1.38736E+00 3.13790E-01 1.15226E-01 
1.56590E+00 3.70541E-01 1.72257E-01 
1.76419E+00 4.00853E-01 2.66331E-01 
1.98409E+00 4.29926E-01 4.27039E-01 
2.22714E+00 4.57421E-01 7.11641E-01 
2.49524E+00 4.83119E-01 1.23546E+00 
2.79099E+00 5.06951E-01 2.23507E+00 
3.12031E+00 5.29394E-01 4.20242E+00 
3.50072E+00 5.52633E-01 8.12109E+00 
3.99014E+00 5.84153E-01 1.57078E+01 
4.74475E+00 6.42430E-01 2.88305E+01 
5.96925E+00 7.45587E-01 4.66479E+01 
7.54064E+00 8.66224E-01 6.35180E+01 
8.99801E+00 9.47679E-01 7.45160E+01 
4.33774E-01 2.15827E-02 6.22654E-03 
4.57540E-01 3.45368E-02 7.32225E-03 
5.07602E-01 5.84256E-02 8.71184E-03 
5.59461E-01 8.21285E-02 1.05018E-02 
6.18080E-01 1.06819E-01 1.28423E-02 
6.83932E-01 1.32289E-01 1.59435E-02 
7.57628E-01 1.58330E-01 2.01272E-02 
8.20385E-01 1.78701E-01 2.43987E-02 
8.39710E-01 1.84672E-01 2.58613E-02 
9.38449E-01 2.13164E-01 3.46337E-02 
1.04866E+00 2.41431E-01 4.75379E-02 
1.17120E+00 2.69125E-01 6.69808E-02 
1.30713E+00 2.96061E-01 9.71452E-02 
1.47058E+00 3.47673E-01 1.45312E-01 
1.65144E+00 3.73912E-01 2.24812E-01 
1.85121E+00 3.98839E-01 3.60719E-01 
2.07114E+00 4.22096E-01 6.01643E-01 
2.31260E+00 4.43469E-01 1.04517E+00 
2.57797E+00 4.62957E-01 1.89233E+00 
2.87235E+00 4.81015E-01 3.56015E+00 
3.21155E+00 4.99644E-01 6.88686E+00 
3.64798E+00 5.25569E-01 1.33315E+01 
4.32284E+00 5.75226E-01 2.44894E+01 
5.41947E+00 6.64441E-01 3.96605E+01 
6.82227E+00 7.68363E-01 5.40484E+01 
8.11268E+00 8.36793E-01 6.34551E+01 
4.16815E-01 2.23346E-02 5.22453E-03 
4.39701E-01 3.51211E-02 6.14267E-03 
4.89843E-01 5.98757E-02 7.31126E-03 
5.39040E-01 8.27314E-02 8.81311E-03 
5.94300E-01 1.06288E-01 1.07808E-02 
6.56030E-01 1.30332E-01 1.33904E-02 
7.24731E-01 1.54644E-01 1.69083E-02 
7.83032E-01 1.73493E-01 2.05075E-02 
8.00966E-01 1.78997E-01 2.17419E-02 
8.92227E-01 2.05035E-01 2.91292E-02 
9.93665E-01 2.30546E-01 4.00045E-02 
1.10606E+00 2.55245E-01 5.64154E-02 
1.23020E+00 2.78709E-01 8.18534E-02 
1.37928E+00 3.25466E-01 1.22511E-01 
1.54378E+00 3.48167E-01 1.89753E-01 
1.72460E+00 3.69233E-01 3.04659E-01 
1.92272E+00 3.88542E-01 5.08500E-01 
2.13945E+00 4.05973E-01 8.84289E-01 
2.37654E+00 4.21519E-01 1.60224E+00 
2.63856E+00 4.35639E-01 3.01661E+00 
2.93967E+00 4.50156E-01 5.84065E+00 
3.32730E+00 4.71100E-01 1.13175E+01 
3.92861E+00 5.13019E-01 2.08081E+01 
4.90748E+00 5.89669E-01 3.37299E+01 
6.15540E+00 6.78598E-01 4.60073E+01 
7.29340E+00 7.35526E-01 5.40553E+01 
4.01844E-01 2.36577E-02 4.40346E-03 
4.24016E-01 3.63507E-02 5.17784E-03 
4.73764E-01 6.19257E-02 6.16405E-03 
5.20527E-01 8.39923E-02 7.43359E-03 
5.72480E-01 1.06371E-01 9.09475E-03 
6.30221E-01 1.28959E-01 1.13013E-02 
6.94177E-01 1.51550E-01 1.42756E-02 
7.48274E-01 1.68913E-01 1.73201E-02 
7.64896E-01 1.73955E-01 1.83683E-02 
8.49189E-01 1.97616E-01 2.46303E-02 
9.42484E-01 2.20516E-01 3.38356E-02 
1.04551E+00 2.42404E-01 4.77624E-02 
1.15885E+00 2.63070E-01 6.93489E-02 
1.29477E+00 3.05108E-01 1.03917E-01 
1.44417E+00 3.24318E-01 1.61012E-01 
1.60769E+00 3.41892E-01 2.58674E-01 
1.78618E+00 3.57699E-01 4.32290E-01 
1.98044E+00 3.71622E-01 7.52240E-01 
2.19217E+00 3.83727E-01 1.36442E+00 
2.42518E+00 3.94434E-01 2.57125E+00 
2.69227E+00 4.05419E-01 4.98187E+00 
3.03630E+00 4.22077E-01 9.66116E+00 
3.57212E+00 4.57300E-01 1.77806E+01 
4.44589E+00 5.22997E-01 2.88487E+01 
5.55611E+00 5.98925E-01 3.93836E+01 
6.55948E+00 6.46052E-01 4.63057E+01 
3.88510E-01 2.56496E-02 3.71731E-03 
4.09597E-01 3.80244E-02 4.37321E-03 
4.59351E-01 6.48710E-02 5.20820E-03 
5.03381E-01 8.59331E-02 6.28275E-03 
5.52079E-01 1.07065E-01 7.69085E-03 
6.05945E-01 1.28155E-01 9.56187E-03 
6.65378E-01 1.49014E-01 1.20898E-02 
7.15412E-01 1.64864E-01 1.46697E-02 
7.30742E-01 1.69433E-01 1.55577E-02 
8.08441E-01 1.90758E-01 2.08787E-02 
8.94119E-01 2.11134E-01 2.87131E-02 
9.88303E-01 2.30327E-01 4.05439E-02 
1.09162E+00 2.48245E-01 5.89391E-02 
1.21516E+00 2.85948E-01 8.83749E-02 
1.35056E+00 3.01873E-01 1.37050E-01 
1.49818E+00 3.16258E-01 2.20456E-01 
1.65849E+00 3.28870E-01 3.68673E-01 
1.83225E+00 3.39663E-01 6.42117E-01 
2.02071E+00 3.48704E-01 1.16551E+00 
2.22737E+00 3.56427E-01 2.19863E+00 
2.46366E+00 3.64349E-01 4.26391E+00 
2.76826E+00 3.77286E-01 8.27603E+00 
3.24472E+00 4.06625E-01 1.52452E+01 
4.02331E+00 4.62647E-01 2.47581E+01 
5.00927E+00 5.27144E-01 3.38264E+01 
5.89200E+00 5.65823E-01 3.97982E+01 
3.76703E-01 2.83725E-02 3.14734E-03 
3.96568E-01 4.03219E-02 3.70276E-03 
4.46346E-01 6.87418E-02 4.41125E-03 
4.87530E-01 8.86185E-02 5.32523E-03 
5.32983E-01 1.08395E-01 6.52166E-03 
5.83061E-01 1.27909E-01 8.11265E-03 
6.38113E-01 1.46985E-01 1.02646E-02 
6.84324E-01 1.61323E-01 1.24660E-02 
6.98455E-01 1.65432E-01 1.32217E-02 
7.69877E-01 1.84428E-01 1.77554E-02 
8.48346E-01 2.02302E-01 2.44417E-02 
9.34352E-01 2.18903E-01 3.45503E-02 
1.02828E+00 2.33944E-01 5.02641E-02 
1.14026E+00 2.67608E-01 7.54258E-02 
1.26278E+00 2.80768E-01 1.17130E-01 
1.39562E+00 2.92211E-01 1.88585E-01 
1.53924E+00 3.01936E-01 3.15586E-01 
1.69421E+00 3.09929E-01 5.50195E-01 
1.86154E+00 3.16280E-01 9.99659E-01 
2.04427E+00 3.21405E-01 1.88721E+00 
2.25265E+00 3.26683E-01 3.66293E+00 
2.52166E+00 3.36412E-01 7.11676E+00 
2.94442E+00 3.60604E-01 1.31205E+01 
3.63698E+00 4.08111E-01 2.13257E+01 
4.51094E+00 4.62592E-01 2.91586E+01 
5.28576E+00 4.94024E-01 3.43261E+01 
3.66235E-01 3.18325E-02 2.67202E-03 
3.85100E-01 4.34116E-02 3.14530E-03 
4.34408E-01 7.34644E-02 3.74819E-03 
4.72775E-01 9.20201E-02 4.52856E-03 
5.15055E-01 1.10348E-01 5.54932E-03 
5.61474E-01 1.28206E-01 6.90906E-03 
6.12299E-01 1.45438E-01 8.74582E-03 
6.54859E-01 1.58234E-01 1.06309E-02 
6.67853E-01 1.61881E-01 1.12774E-02 
7.33379E-01 1.78568E-01 1.51611E-02 
8.05127E-01 1.94019E-01 2.08886E-02 
8.83453E-01 2.08103E-01 2.95566E-02 
9.68680E-01 2.20686E-01 4.30479E-02 
1.06998E+00 2.50502E-01 6.46814E-02 
1.18045E+00 2.60875E-01 1.00487E-01 
1.29969E+00 2.69637E-01 1.61961E-01 
1.42806E+00 2.76774E-01 2.71328E-01 
1.56584E+00 2.82277E-01 4.73458E-01 
1.71395E+00 2.86275E-01 8.61078E-01 
1.87497E+00 2.89153E-01 1.62703E+00 
2.05813E+00 2.92172E-01 3.16002E+00 
2.29501E+00 2.99149E-01 6.14463E+00 
2.66935E+00 3.18871E-01 1.13377E+01 
3.28425E+00 3.58906E-01 1.84421E+01 
4.05747E+00 4.04649E-01 2.52320E+01 
4.73594E+00 4.29900E-01 2.97171E+01 
3.56927E-01 3.60408E-02 2.27502E-03 
3.74571E-01 4.70323E-02 2.67994E-03 
4.22856E-01 7.85991E-02 3.19689E-03 
4.58875E-01 9.60918E-02 3.86441E-03 
4.98076E-01 1.12852E-01 4.74018E-03 
5.40968E-01 1.28970E-01 5.90642E-03 
5.87790E-01 1.44295E-01 7.48569E-03 
6.26874E-01 1.55533E-01 9.10323E-03 
6.38788E-01 1.58706E-01 9.65940E-03 
6.98779E-01 1.73102E-01 1.30000E-02 
7.64231E-01 1.86183E-01 1.79339E-02 
8.35386E-01 1.97840E-01 2.53960E-02 
9.12573E-01 2.08106E-01 3.70390E-02 
1.00384E+00 2.34300E-01 5.56977E-02 
1.10319E+00 2.42066E-01 8.66218E-02 
1.20998E+00 2.48401E-01 1.39754E-01 
1.32426E+00 2.53198E-01 2.34365E-01 
1.44639E+00 2.56509E-01 4.09336E-01 
1.57697E+00 2.58455E-01 7.44871E-01 
1.71833E+00 2.59416E-01 1.40863E+00 
1.87876E+00 2.60530E-01 2.73836E+00 
2.08666E+00 2.65169E-01 5.32768E+00 
2.41729E+00 2.81016E-01 9.83716E+00 
2.96215E+00 3.14519E-01 1.60119E+01 
3.64478E+00 3.52660E-01 2.19181E+01 
4.23724E+00 3.72665E-01 2.58212E+01 
3.48717E-01 4.10540E-02 1.94550E-03 
3.65019E-01 5.12546E-02 2.29302E-03 
4.12354E-01 8.48476E-02 2.73785E-03 
4.45688E-01 1.00741E-01 3.31296E-03 
4.81926E-01 1.15814E-01 4.06914E-03 
5.21430E-01 1.30083E-01 5.07438E-03 
5.64454E-01 1.43446E-01 6.43835E-03 
6.00295E-01 1.53109E-01 7.83706E-03 
6.11211E-01 1.55815E-01 8.31879E-03 
6.65997E-01 1.67918E-01 1.12076E-02 
7.25555E-01 1.78666E-01 1.54763E-02 
7.90123E-01 1.88002E-01 2.19520E-02 
8.59836E-01 1.95818E-01 3.20391E-02 
9.41772E-01 2.18650E-01 4.82240E-02 
1.03094E+00 2.24256E-01 7.51018E-02 
1.12623E+00 2.28391E-01 1.21267E-01 
1.22772E+00 2.31126E-01 2.03515E-01 
1.33554E+00 2.32515E-01 3.55691E-01 
1.45027E+00 2.32709E-01 6.47767E-01 
1.57389E+00 2.32058E-01 1.22575E+00 
1.71386E+00 2.31589E-01 2.38449E+00 
1.89575E+00 2.34273E-01 4.64167E+00 
2.18711E+00 2.46800E-01 8.57478E+00 
2.66896E+00 2.74623E-01 1.39633E+01 
3.27046E+00 3.06194E-01 1.91197E+01 
3.78649E+00 3.21794E-01 2.25258E+01 
3.41410E-01 4.68093E-02 1.67157E-03 
3.56600E-01 5.62223E-02 1.97309E-03 
4.02394E-01 9.17429E-02 2.35790E-03 
4.32982E-01 1.05778E-01 2.85614E-03 
4.66378E-01 1.19036E-01 3.51222E-03 
5.02717E-01 1.31381E-01 4.38641E-03 
5.42177E-01 1.42730E-01 5.57143E-03 
5.74961E-01 1.50788E-01 6.78713E-03 
5.84933E-01 1.53020E-01 7.20651E-03 
6.34899E-01 1.62863E-01 9.72252E-03 
6.89040E-01 1.71355E-01 1.34422E-02 
7.47474E-01 1.78452E-01 1.90897E-02 
8.10309E-01 1.84060E-01 2.78854E-02 
8.83652E-01 2.03810E-01 4.20311E-02 
9.63398E-01 2.07310E-01 6.55005E-02 
1.04815E+00 2.09485E-01 1.05834E-01 
1.13794E+00 2.10407E-01 1.77756E-01 
1.23282E+00 2.10153E-01 3.10895E-01 
1.33319E+00 2.08867E-01 5.66514E-01 
1.44085E+00 2.06892E-01 1.07252E+00 
1.56244E+00 2.05136E-01 2.08678E+00 
1.72105E+00 2.06213E-01 4.06402E+00 
1.97719E+00 2.15917E-01 7.50985E+00 
2.40252E+00 2.38835E-01 1.22316E+01 
2.93148E+00 2.64760E-01 1.67491E+01 
3.37976E+00 2.76698E-01 1.97290E+01 
3.34677E-01 5.29912E-02 1.44479E-03 
3.48679E-01 6.13983E-02 1.70787E-03 
3.92510E-01 9.89272E-02 2.04441E-03 
4.20605E-01 1.11012E-01 2.47967E-03 
4.51299E-01 1.22290E-01 3.05260E-03 
4.84662E-01 1.32619E-01 3.81721E-03 
5.20827E-01 1.41921E-01 4.85599E-03 
5.50791E-01 1.48379E-01 5.92102E-03 
5.59886E-01 1.50138E-01 6.28836E-03 
6.05402E-01 1.57771E-01 8.49391E-03 
6.54521E-01 1.64086E-01 1.17587E-02 
7.07341E-01 1.69093E-01 1.67152E-02 
7.63887E-01 1.72921E-01 2.44524E-02 
8.29192E-01 1.89563E-01 3.68758E-02 
9.00312E-01 1.91111E-01 5.75083E-02 
9.75488E-01 1.91563E-01 9.29787E-02 
1.05464E+00 1.90923E-01 1.56254E-01 
1.13776E+00 1.89282E-01 2.73399E-01 
1.22520E+00 1.86788E-01 4.98357E-01 
1.31850E+00 1.83751E-01 9.43565E-01 
1.42365E+00 1.80984E-01 1.83626E+00 
1.56144E+00 1.80770E-01 3.57600E+00 
1.78608E+00 1.88102E-01 6.60831E+00 
2.16086E+00 2.06814E-01 1.07624E+01 
2.62515E+00 2.27924E-01 1.47336E+01 
3.01358E+00 2.36854E-01 1.73461E+01 
3.28372E-01 5.94044E-02 1.25809E-03 
3.41180E-01 6.65362E-02 1.48909E-03 
3.82003E-01 1.05234E-01 1.78587E-03 
4.08281E-01 1.15967E-01 2.16924E-03 
4.36532E-01 1.25254E-01 2.67445E-03 
4.67157E-01 1.33517E-01 3.34893E-03 
5.00261E-01 1.40742E-01 4.26447E-03 
5.27651E-01 1.45624E-01 5.20597E-03 
5.35959E-01 1.46935E-01 5.53057E-03 
5.77375E-01 1.52411E-01 7.47944E-03 
6.21901E-01 1.56675E-01 1.03653E-02 
6.69547E-01 1.59739E-01 1.47459E-02 
7.20305E-01 1.61660E-01 2.15913E-02 
7.78207E-01 1.75544E-01 3.25851E-02 
8.41441E-01 1.75510E-01 5.08363E-02 
9.07851E-01 1.74482E-01 8.22257E-02 
9.77333E-01 1.72533E-01 1.38212E-01 
1.04984E+00 1.69760E-01 2.41878E-01 
1.12561E+00 1.66309E-01 4.40869E-01 
1.20605E+00 1.62464E-01 8.34675E-01 
1.29653E+00 1.58941E-01 1.62403E+00 
1.41574E+00 1.57719E-01 3.16178E+00 
1.61226E+00 1.63086E-01 5.84099E+00 
1.94187E+00 1.78216E-01 9.50869E+00 
2.34864E+00 1.95248E-01 1.30091E+01 
2.68428E+00 2.01741E-01 1.53028E+01 
3.22507E-01 6.59665E-02 1.10457E-03 
3.34523E-01 7.21577E-02 1.31016E-03 
3.71927E-01 1.12184E-01 1.57334E-03 
3.95958E-01 1.20363E-01 1.91439E-03 
4.21972E-01 1.27528E-01 2.36334E-03 
4.50143E-01 1.33727E-01 2.96438E-03 
4.80501E-01 1.38926E-01 3.77931E-03 
5.05527E-01 1.42271E-01 4.61695E-03 
5.13100E-01 1.43134E-01 4.90562E-03 
5.50790E-01 1.46579E-01 6.64217E-03 
5.91118E-01 1.48922E-01 9.21179E-03 
6.34060E-01 1.50196E-01 1.31189E-02 
6.79536E-01 1.50352E-01 1.92124E-02 
7.30606E-01 1.61822E-01 2.90052E-02 
7.86621E-01 1.60419E-01 4.52705E-02 
8.45054E-01 1.58152E-01 7.32157E-02 
9.05755E-01 1.55143E-01 1.23069E-01 
9.68649E-01 1.51489E-01 2.15288E-01 
1.03397E+00 1.47326E-01 3.92291E-01 
1.10289E+00 1.42908E-01 7.42292E-01 
1.18033E+00 1.38865E-01 1.44341E+00 
1.28305E+00 1.36898E-01 2.80823E+00 
1.45451E+00 1.40660E-01 5.18365E+00 
1.74394E+00 1.52772E-01 8.43178E+00 
2.09967E+00 1.66384E-01 1.15241E+01 
2.38898E+00 1.70939E-01 1.35394E+01 
3.16881E-01 7.20017E-02 9.79333E-04 
3.27853E-01 7.63741E-02 1.16402E-03 
3.61284E-01 1.17324E-01 1.40025E-03 
3.83642E-01 1.23703E-01 1.70637E-03 
4.07682E-01 1.28740E-01 2.10922E-03 
4.33640E-01 1.32885E-01 2.64785E-03 
4.61545E-01 1.36144E-01 3.38009E-03 
4.84455E-01 1.38051E-01 4.13185E-03 
4.91370E-01 1.38503E-01 4.39095E-03 
5.25692E-01 1.40086E-01 5.94927E-03 
5.62198E-01 1.40691E-01 8.25612E-03 
6.00820E-01 1.40393E-01 1.17590E-02 
6.41458E-01 1.39328E-01 1.72317E-02 
6.86234E-01 1.48370E-01 2.60046E-02 
7.35662E-01 1.45754E-01 4.05769E-02 
7.86846E-01 1.42504E-01 6.56171E-02 
8.39609E-01 1.38690E-01 1.10191E-01 
8.93888E-01 1.34399E-01 1.92681E-01 
9.49799E-01 1.29755E-01 3.50774E-01 
1.00849E+00 1.24984E-01 6.63170E-01 
1.07434E+00 1.20632E-01 1.28831E+00 
1.16245E+00 1.18153E-01 2.50349E+00 
1.31172E+00 1.20640E-01 4.61582E+00 
1.56547E+00 1.30235E-01 7.49870E+00 
1.87614E+00 1.41012E-01 1.02347E+01 
2.12491E+00 1.44058E-01 1.20051E+01 
3.11576E-01 7.71863E-02 8.78160E-04 
3.21893E-01 8.00242E-02 1.04532E-03 
3.50660E-01 1.21371E-01 1.25945E-03 
3.71424E-01 1.25346E-01 1.53652E-03 
3.93819E-01 1.28448E-01 1.90156E-03 
4.17868E-01 1.30712E-01 2.38881E-03 
4.43581E-01 1.32173E-01 3.05081E-03 
4.64600E-01 1.32770E-01 3.73127E-03 
4.70926E-01 1.32862E-01 3.96558E-03 
5.02182E-01 1.32775E-01 5.37374E-03 
5.35210E-01 1.31885E-01 7.45849E-03 
5.69892E-01 1.30254E-01 1.06205E-02 
6.06115E-01 1.27991E-01 1.55574E-02 
6.45099E-01 1.35014E-01 2.34695E-02 
6.88527E-01 1.31490E-01 3.65856E-02 
7.33113E-01 1.27526E-01 5.91103E-02 
7.78712E-01 1.23151E-01 9.91973E-02 
8.25204E-01 1.18454E-01 1.73218E-01 
8.72753E-01 1.13547E-01 3.14991E-01 
9.22334E-01 1.08625E-01 5.94686E-01 
9.77942E-01 1.04152E-01 1.15345E+00 
1.05319E+00 1.01364E-01 2.23818E+00 
1.18288E+00 1.02866E-01 4.12027E+00 
1.40510E+00 1.10392E-01 6.68254E+00 
1.67609E+00 1.18845E-01 9.10408E+00 
1.88957E+00 1.20747E-01 1.06577E+01 
3.06835E-01 8.10655E-02 7.96317E-04 
3.16983E-01 8.33240E-02 9.49353E-04 
3.40303E-01 1.22912E-01 1.14484E-03 
3.59765E-01 1.25165E-01 1.39778E-03 
3.80736E-01 1.26420E-01 1.73039E-03 
4.03138E-01 1.26990E-01 2.17525E-03 
4.26901E-01 1.26864E-01 2.77788E-03 
4.46212E-01 1.26322E-01 3.39729E-03 
4.52002E-01 1.26097E-01 3.61062E-03 
4.80476E-01 1.24598E-01 4.89121E-03 
5.10310E-01 1.22469E-01 6.78443E-03 
5.41385E-01 1.19767E-01 9.65724E-03 
5.73589E-01 1.16493E-01 1.41293E-02 
6.07267E-01 1.21783E-01 2.12944E-02 
6.45206E-01 1.17693E-01 3.31620E-02 
6.83814E-01 1.13254E-01 5.34986E-02 
7.22923E-01 1.08553E-01 8.96456E-02 
7.62439E-01 1.03666E-01 1.56291E-01 
8.02510E-01 9.86897E-02 2.83697E-01 
8.44042E-01 9.37893E-02 5.34640E-01 
8.90645E-01 8.93574E-02 1.03515E+00 
9.54608E-01 8.64374E-02 2.00458E+00 
1.06707E+00 8.72014E-02 3.68269E+00 
1.26156E+00 9.30482E-02 5.96051E+00 
1.49779E+00 9.96235E-02 8.10254E+00 
1.68070E+00 1.00687E-01 9.46329E+00 
3.03064E-01 8.35266E-02 7.29845E-04 
3.12860E-01 8.40106E-02 8.70986E-04 
3.30597E-01 1.22197E-01 1.05080E-03 
3.49192E-01 1.22911E-01 1.28314E-03 
3.68945E-01 1.22558E-01 1.58834E-03 
3.89860E-01 1.21638E-01 1.99573E-03 
4.11879E-01 1.20189E-01 2.54798E-03 
4.29619E-01 1.18721E-01 3.11397E-03 
4.34923E-01 1.18238E-01 3.30911E-03 
4.60834E-01 1.15627E-01 4.47920E-03 
4.87716E-01 1.12544E-01 6.20647E-03 
5.15458E-01 1.09050E-01 8.82166E-03 
5.43902E-01 1.05200E-01 1.28898E-02 
5.72764E-01 1.08917E-01 1.93970E-02 
6.05660E-01 1.04448E-01 3.01529E-02 
6.38825E-01 9.97692E-02 4.85602E-02 
6.72089E-01 9.49584E-02 8.11960E-02 
7.05390E-01 9.00716E-02 1.41288E-01 
7.38825E-01 8.51916E-02 2.55922E-01 
7.73259E-01 8.04581E-02 4.81236E-01 
8.11986E-01 7.61990E-02 9.29521E-01 
8.66094E-01 7.32824E-02 1.79612E+00 
9.63493E-01 7.35190E-02 3.29185E+00 
1.13368E+00 7.80241E-02 5.31485E+00 
1.33963E+00 8.31059E-02 7.20698E+00 
1.49621E+00 8.35766E-02 8.39540E+00 
3.00746E-01 8.41419E-02 6.75290E-04 
3.10333E-01 8.33850E-02 8.05802E-04 
3.22577E-01 1.19435E-01 9.71978E-04 
3.40302E-01 1.18534E-01 1.18612E-03 
3.58972E-01 1.16865E-01 1.46741E-03 
3.78521E-01 1.14791E-01 1.84175E-03 
3.98910E-01 1.12311E-01 2.34897E-03 
4.15187E-01 1.10143E-01 2.86823E-03 
4.20023E-01 1.09470E-01 3.04660E-03 
4.43509E-01 1.06048E-01 4.11803E-03 
4.67626E-01 1.02307E-01 5.69683E-03 
4.92236E-01 9.83057E-02 8.08227E-03 
5.17173E-01 9.41362E-02 1.17891E-02 
5.41619E-01 9.65602E-02 1.77010E-02 
5.69939E-01 9.19083E-02 2.74619E-02 
5.98149E-01 8.71996E-02 4.41189E-02 
6.26157E-01 8.24543E-02 7.36204E-02 
6.53863E-01 7.77231E-02 1.27776E-01 
6.81440E-01 7.30716E-02 2.30887E-01 
7.09660E-01 6.86152E-02 4.33056E-01 
7.41515E-01 6.46220E-02 8.34300E-01 
7.87091E-01 6.18198E-02 1.60789E+00 
8.71402E-01 6.16989E-02 2.93929E+00 
1.02044E+00 6.51502E-02 4.73297E+00 
1.20009E+00 6.90555E-02 6.40010E+00 
1.33409E+00 6.91264E-02 7.43451E+00 
3.00259E-01 8.30116E-02 6.28926E-04 
3.09773E-01 8.17073E-02 7.49754E-04 
3.16934E-01 1.13791E-01 9.03442E-04 
3.33719E-01 1.12175E-01 1.10119E-03 
3.51302E-01 1.09646E-01 1.36047E-03 
3.69521E-01 1.06724E-01 1.70522E-03 
3.88287E-01 1.03521E-01 2.17081E-03 
4.03137E-01 1.00876E-01 2.64753E-03 
4.07524E-01 1.00076E-01 2.81115E-03 
4.28659E-01 9.61380E-02 3.79161E-03 
4.50117E-01 9.20131E-02 5.23417E-03 
4.71742E-01 8.77488E-02 7.41047E-03 
4.93419E-01 8.33887E-02 1.07829E-02 
5.13861E-01 8.48093E-02 1.61541E-02 
5.37926E-01 8.02356E-02 2.49956E-02 
5.61638E-01 7.56589E-02 4.00631E-02 
5.84884E-01 7.11183E-02 6.66657E-02 
6.07636E-01 6.66590E-02 1.15418E-01 
6.30039E-01 6.23320E-02 2.07995E-01 
6.52819E-01 5.82228E-02 3.89077E-01 
6.78754E-01 5.45589E-02 7.47611E-01 
7.16942E-01 5.19406E-02 1.43666E+00 
7.89906E-01 5.15924E-02 2.61881E+00 
9.20557E-01 5.42245E-02 4.20471E+00 
1.07746E+00 5.72157E-02 5.66907E+00 
1.19221E+00 5.70322E-02 6.56620E+00 
3.01906E-01 8.05645E-02 5.87652E-04 
3.11251E-01 7.83415E-02 6.99538E-04 
3.13831E-01 1.07083E-01 8.41495E-04 
3.29749E-01 1.04657E-01 1.02405E-03 
3.46216E-01 1.01386E-01 1.26268E-03 
3.63052E-01 9.79084E-02 1.57957E-03 
3.80182E-01 9.42712E-02 2.00704E-03 
3.93578E-01 9.13546E-02 2.44365E-03 
3.97512E-01 9.04887E-02 2.59353E-03 
4.16351E-01 8.62942E-02 3.49001E-03 
4.35204E-01 8.20178E-02 4.80603E-03 
4.53981E-01 7.76987E-02 6.78815E-03 
4.72593E-01 7.33377E-02 9.85189E-03 
4.89413E-01 7.39923E-02 1.47215E-02 
5.09569E-01 6.96257E-02 2.27186E-02 
5.29201E-01 6.52986E-02 3.63221E-02 
5.48208E-01 6.10633E-02 6.02816E-02 
5.66583E-01 5.69476E-02 1.04080E-01 
5.84471E-01 5.29919E-02 1.87076E-01 
6.02564E-01 4.92706E-02 3.48901E-01 
6.23413E-01 4.59649E-02 6.68472E-01 
6.55298E-01 4.35676E-02 1.28103E+00 
7.18505E-01 4.30898E-02 2.32815E+00 
8.33304E-01 4.50946E-02 3.72684E+00 
9.70710E-01 4.73868E-02 5.01001E+00 
1.06918E+00 4.70533E-02 5.78582E+00 
3.05668E-01 7.68318E-02 5.48714E-04 
3.14726E-01 7.40960E-02 6.52123E-04 
3.13850E-01 9.90098E-02 7.82865E-04 
3.28442E-01 9.62583E-02 9.50796E-04 
3.43622E-01 9.25729E-02 1.16995E-03 
3.58956E-01 8.88121E-02 1.46044E-03 
3.74348E-01 8.49664E-02 1.85158E-03 
3.86267E-01 8.19488E-02 2.25040E-03 
3.89748E-01 8.10622E-02 2.38735E-03 
4.06259E-01 7.68194E-02 3.20453E-03 
4.22573E-01 7.25732E-02 4.40220E-03 
4.38616E-01 6.83528E-02 6.20117E-03 
4.54278E-01 6.41948E-02 8.97763E-03 
4.67851E-01 6.42454E-02 1.33794E-02 
4.84456E-01 6.01362E-02 2.05966E-02 
5.00398E-01 5.61330E-02 3.28380E-02 
5.15629E-01 5.22528E-02 5.43565E-02 
5.30131E-01 4.85172E-02 9.35948E-02 
5.44079E-01 4.49570E-02 1.67736E-01 
5.58141E-01 4.16288E-02 3.12017E-01 
5.74638E-01 3.86820E-02 5.96112E-01 
6.01130E-01 3.65222E-02 1.13905E+00 
6.55945E-01 3.59817E-02 2.06411E+00 
7.57059E-01 3.75073E-02 3.29441E+00 
8.77708E-01 3.92653E-02 4.41563E+00 
9.62371E-01 3.88528E-02 5.08464E+00 
3.11089E-01 7.24671E-02 5.10726E-04 
3.19590E-01 6.96017E-02 6.05723E-04 
3.15856E-01 9.09171E-02 7.25956E-04 
3.29386E-01 8.75012E-02 8.79656E-04 
3.43094E-01 8.37448E-02 1.08031E-03 
3.56778E-01 7.98986E-02 1.34570E-03 
3.70360E-01 7.60237E-02 1.70237E-03 
3.80760E-01 7.30267E-02 2.06549E-03 
3.83774E-01 7.21526E-02 2.19000E-03 
3.97967E-01 6.80063E-02 2.93264E-03 
4.11820E-01 6.39121E-02 4.01899E-03 
4.25244E-01 5.98951E-02 5.64725E-03 
4.38150E-01 5.59957E-02 8.15600E-03 
4.48824E-01 5.56094E-02 1.21249E-02 
4.62200E-01 5.18265E-02 1.86183E-02 
4.74840E-01 4.81766E-02 2.96060E-02 
4.86717E-01 4.46663E-02 4.88739E-02 
4.97850E-01 4.13138E-02 8.39355E-02 
5.08409E-01 3.81412E-02 1.50029E-01 
5.19010E-01 3.51907E-02 2.78372E-01 
5.31827E-01 3.25861E-02 5.30453E-01 
5.53723E-01 3.06597E-02 1.01062E+00 
6.01349E-01 3.00993E-02 1.82627E+00 
6.90677E-01 3.12611E-02 2.90641E+00 
7.96933E-01 3.26114E-02 3.88420E+00 
8.69933E-01 3.21660E-02 4.46015E+00 
3.17411E-01 6.78868E-02 4.73241E-04 
3.25195E-01 6.48344E-02 5.60187E-04 
3.19738E-01 8.26717E-02 6.70030E-04 
3.31744E-01 7.91418E-02 8.10498E-04 
3.43873E-01 7.53280E-02 9.93358E-04 
3.55822E-01 7.15212E-02 1.23496E-03 
3.67550E-01 6.77378E-02 1.55925E-03 
3.76417E-01 6.48420E-02 1.88901E-03 
3.78973E-01 6.39990E-02 2.00181E-03 
3.90913E-01 6.00363E-02 2.67494E-03 
4.02393E-01 5.61663E-02 3.65713E-03 
4.13343E-01 5.24091E-02 5.12755E-03 
4.23744E-01 4.87621E-02 7.38824E-03 
4.31834E-01 4.80853E-02 1.09589E-02 
4.42301E-01 4.46568E-02 1.67880E-02 
4.52020E-01 4.13611E-02 2.66347E-02 
4.60962E-01 3.82133E-02 4.38667E-02 
4.69179E-01 3.52250E-02 7.51520E-02 
4.76823E-01 3.24099E-02 1.33996E-01 
4.84503E-01 2.98104E-02 2.47981E-01 
4.94194E-01 2.75189E-02 4.71265E-01 
5.12217E-01 2.58125E-02 8.95618E-01 
5.53669E-01 2.52583E-02 1.61391E+00 
6.32819E-01 2.61439E-02 2.56114E+00 
7.26724E-01 2.71825E-02 3.41319E+00 
7.89865E-01 2.67326E-02 3.90868E+00 
3.23717E-01 6.33253E-02 4.36186E-04 
3.30699E-01 6.01401E-02 5.15662E-04 
3.24222E-01 7.46643E-02 6.15783E-04 
3.34606E-01 7.13456E-02 7.43809E-04 
3.45096E-01 6.76023E-02 9.10148E-04 
3.55302E-01 6.39153E-02 1.12976E-03 
3.65174E-01 6.02856E-02 1.42393E-03 
3.72569E-01 5.75253E-02 1.72276E-03 
3.74689E-01 5.67274E-02 1.82515E-03 
3.84480E-01 5.29905E-02 2.43426E-03 
3.93739E-01 4.93712E-02 3.32146E-03 
4.02436E-01 4.58815E-02 4.64815E-03 
4.10517E-01 4.25331E-02 6.68264E-03 
4.16379E-01 4.16371E-02 9.89255E-03 
4.24276E-01 3.85361E-02 1.51210E-02 
4.31436E-01 3.55773E-02 2.39385E-02 
4.37850E-01 3.27668E-02 3.93396E-02 
4.43561E-01 3.01129E-02 6.72435E-02 
4.48737E-01 2.76273E-02 1.19618E-01 
4.53937E-01 2.53366E-02 2.20819E-01 
4.61001E-01 2.33228E-02 4.18600E-01 
4.75730E-01 2.18156E-02 7.93520E-01 
5.11880E-01 2.12830E-02 1.42607E+00 
5.82240E-01 2.19577E-02 2.25681E+00 
6.65530E-01 2.27596E-02 2.99945E+00 
7.20317E-01 2.23216E-02 3.42575E+00 
3.29183E-01 5.90739E-02 4.00623E-04 
3.35234E-01 5.59140E-02 4.73145E-04 
3.27837E-01 6.81034E-02 5.64456E-04 
3.37138E-01 6.43206E-02 6.80972E-04 
3.45997E-01 6.07112E-02 8.32260E-04 
3.54517E-01 5.71732E-02 1.03166E-03 
3.62649E-01 5.37191E-02 1.29869E-03 
3.68661E-01 5.11082E-02 1.56944E-03 
3.70366E-01 5.03587E-02 1.66214E-03 
3.78181E-01 4.68543E-02 2.21318E-03 
3.85435E-01 4.34854E-02 3.01544E-03 
3.92090E-01 4.02627E-02 4.21136E-03 
3.98118E-01 3.72023E-02 6.04528E-03 
4.02043E-01 3.61498E-02 8.93023E-03 
4.07714E-01 3.33501E-02 1.36250E-02 
4.12662E-01 3.06957E-02 2.15241E-02 
4.16903E-01 2.81894E-02 3.52979E-02 
4.20482E-01 2.58340E-02 6.02030E-02 
4.23568E-01 2.36383E-02 1.06857E-01 
4.26680E-01 2.16216E-02 1.96797E-01 
4.31534E-01 1.98519E-02 3.72193E-01 
4.43465E-01 1.85207E-02 7.03704E-01 
4.75053E-01 1.80177E-02 1.26135E+00 
5.37805E-01 1.85317E-02 1.99072E+00 
6.11931E-01 1.91510E-02 2.63852E+00 
6.59626E-01 1.87352E-02 3.00563E+00 
3.33161E-01 5.52595E-02 3.67638E-04 
3.38341E-01 5.20772E-02 4.33886E-04 
3.31103E-01 6.15584E-02 5.17207E-04 
3.38689E-01 5.81319E-02 6.23513E-04 
3.46026E-01 5.46717E-02 7.61394E-04 
3.52990E-01 5.12884E-02 9.42776E-04 
3.59542E-01 4.80058E-02 1.18541E-03 
3.64299E-01 4.55433E-02 1.43131E-03 
3.65639E-01 4.48359E-02 1.51529E-03 
3.71685E-01 4.15525E-02 2.01456E-03 
3.77151E-01 3.84200E-02 2.74049E-03 
3.82012E-01 3.54447E-02 3.82123E-03 
3.86264E-01 3.26207E-02 5.47548E-03 
3.88525E-01 3.14814E-02 8.07486E-03 
3.92262E-01 2.89596E-02 1.22957E-02 
3.95315E-01 2.65788E-02 1.93861E-02 
3.97696E-01 2.43419E-02 3.17273E-02 
3.99464E-01 2.22497E-02 5.39967E-02 
4.00779E-01 2.03066E-02 9.56175E-02 
4.02139E-01 1.85302E-02 1.75712E-01 
4.05129E-01 1.69737E-02 3.31483E-01 
4.14675E-01 1.57968E-02 6.25189E-01 
4.42323E-01 1.53270E-02 1.11764E+00 
4.98463E-01 1.57183E-02 1.75904E+00 
5.64672E-01 1.61983E-02 2.32510E+00 
6.06297E-01 1.58082E-02 2.64139E+00 
3.35203E-01 5.18961E-02 3.37817E-04 
3.39628E-01 4.86978E-02 3.98582E-04 
3.32881E-01 5.57656E-02 4.74961E-04 
3.38794E-01 5.27665E-02 5.72148E-04 
3.44818E-01 4.94169E-02 6.98118E-04 
3.50419E-01 4.61803E-02 8.63789E-04 
3.55579E-01 4.30576E-02 1.08485E-03 
3.59253E-01 4.07280E-02 1.30871E-03 
3.60273E-01 4.00616E-02 1.38522E-03 
3.64785E-01 3.69808E-02 1.83937E-03 
3.68700E-01 3.40616E-02 2.49810E-03 
3.72015E-01 3.13060E-02 3.47838E-03 
3.74701E-01 2.87197E-02 4.97465E-03 
3.75559E-01 2.75137E-02 7.32318E-03 
3.77644E-01 2.52355E-02 1.11308E-02 
3.79072E-01 2.30972E-02 1.75119E-02 
3.79871E-01 2.10976E-02 2.85960E-02 
3.80099E-01 1.92364E-02 4.85585E-02 
3.79916E-01 1.75158E-02 8.57943E-02 
3.79788E-01 1.59467E-02 1.57264E-01 
3.81200E-01 1.45746E-02 2.95973E-01 
3.88702E-01 1.35336E-02 5.56648E-01 
4.12931E-01 1.30983E-02 9.92396E-01 
4.63303E-01 1.33957E-02 1.55752E+00 
5.22620E-01 1.37687E-02 2.05289E+00 
5.59027E-01 1.34058E-02 2.32553E+00 
3.35486E-01 4.89622E-02 3.11936E-04 
3.39252E-01 4.57593E-02 3.67938E-04 
3.32750E-01 5.10630E-02 4.38223E-04 
3.37530E-01 4.81348E-02 5.27559E-04 
3.42417E-01 4.48919E-02 6.43152E-04 
3.46864E-01 4.17760E-02 7.94975E-04 
3.50843E-01 3.87944E-02 9.97549E-04 
3.53584E-01 3.65828E-02 1.20220E-03 
3.54331E-01 3.59519E-02 1.27208E-03 
3.57517E-01 3.30512E-02 1.68664E-03 
3.60104E-01 3.03213E-02 2.28720E-03 
3.62071E-01 2.77648E-02 3.17852E-03 
3.63428E-01 2.53807E-02 4.53792E-03 
3.63075E-01 2.41429E-02 6.66668E-03 
3.63742E-01 2.20787E-02 1.01108E-02 
3.63785E-01 2.01528E-02 1.58755E-02 
3.63231E-01 1.83616E-02 2.58645E-02 
3.62145E-01 1.67023E-02 4.38133E-02 
3.60686E-01 1.51745E-02 7.72163E-02 
3.59297E-01 1.37859E-02 1.41174E-01 
3.59363E-01 1.25741E-02 2.64945E-01 
3.65118E-01 1.16508E-02 4.97020E-01 
3.86371E-01 1.12497E-02 8.83485E-01 
4.31696E-01 1.14752E-02 1.38247E+00 
4.84999E-01 1.17648E-02 1.81677E+00 
5.16923E-01 1.14305E-02 2.05208E+00 
3.34006E-01 4.63874E-02 2.89482E-04 
3.37228E-01 4.31821E-02 3.41266E-04 
3.30696E-01 4.71991E-02 4.06234E-04 
3.34893E-01 4.40667E-02 4.88642E-04 
3.38828E-01 4.09227E-02 5.95170E-04 
3.42293E-01 3.79174E-02 7.34804E-04 
3.45262E-01 3.50594E-02 9.20783E-04 
3.47203E-01 3.29537E-02 1.10858E-03 
3.47715E-01 3.23544E-02 1.17254E-03 
3.49763E-01 2.96135E-02 1.55192E-03 
3.51185E-01 2.70554E-02 2.10050E-03 
3.51986E-01 2.46770E-02 2.91343E-03 
3.52171E-01 2.24719E-02 4.15041E-03 
3.50771E-01 2.12243E-02 6.08408E-03 
3.50199E-01 1.93531E-02 9.20614E-03 
3.49026E-01 1.76179E-02 1.44184E-02 
3.47292E-01 1.60124E-02 2.34321E-02 
3.45065E-01 1.45320E-02 3.95905E-02 
3.42500E-01 1.31739E-02 6.95839E-02 
3.40021E-01 1.19446E-02 1.26877E-01 
3.38923E-01 1.08727E-02 2.37436E-01 
3.43145E-01 1.00544E-02 4.44078E-01 
3.61764E-01 9.68657E-03 7.87030E-01 
4.02596E-01 9.85632E-03 1.22776E+00 
4.50555E-01 1.00810E-02 1.60841E+00 
4.78520E-01 9.77382E-03 1.81105E+00 
3.31149E-01 4.41857E-02 2.70408E-04 
3.33934E-01 4.09611E-02 3.18532E-04 
3.27530E-01 4.37983E-02 3.78773E-04 
3.31195E-01 4.05509E-02 4.55103E-04 
3.34337E-01 3.74827E-02 5.53621E-04 
3.36968E-01 3.45694E-02 6.82520E-04 
3.39066E-01 3.18175E-02 8.53832E-04 
3.40318E-01 2.98016E-02 1.02654E-03 
3.40619E-01 2.92318E-02 1.08545E-03 
3.41672E-01 2.66303E-02 1.43376E-03 
3.42075E-01 2.42223E-02 1.93634E-03 
3.41841E-01 2.20012E-02 2.67958E-03 
3.40988E-01 1.99605E-02 3.80803E-03 
3.38674E-01 1.87155E-02 5.56850E-03 
3.37014E-01 1.70142E-02 8.40462E-03 
3.34780E-01 1.54465E-02 1.31286E-02 
3.32015E-01 1.40045E-02 2.12755E-02 
3.28796E-01 1.26812E-02 3.58462E-02 
3.25276E-01 1.14725E-02 6.28245E-02 
3.21857E-01 1.03812E-02 1.14202E-01 
3.19757E-01 9.43170E-03 2.13091E-01 
3.22642E-01 8.70496E-03 3.97254E-01 
3.38932E-01 8.36867E-03 7.01823E-01 
3.75761E-01 8.49521E-03 1.09132E+00 
4.18968E-01 8.66891E-03 1.42503E+00 
4.43454E-01 8.38753E-03 1.59934E+00 
3.27145E-01 4.22802E-02 2.53933E-04 
3.29587E-01 3.90133E-02 2.98795E-04 
3.23569E-01 4.06605E-02 3.54775E-04 
3.26548E-01 3.74954E-02 4.25643E-04 
3.29006E-01 3.44865E-02 5.16925E-04 
3.30917E-01 3.16469E-02 6.36139E-04 
3.32255E-01 2.89845E-02 7.94334E-04 
3.32898E-01 2.70459E-02 9.53432E-04 
3.33011E-01 2.65013E-02 1.00770E-03 
3.33177E-01 2.40227E-02 1.32789E-03 
3.32673E-01 2.17465E-02 1.78893E-03 
3.31516E-01 1.96653E-02 2.46921E-03 
3.29738E-01 1.77674E-02 3.49968E-03 
3.26610E-01 1.65398E-02 5.10369E-03 
3.23987E-01 1.49892E-02 7.68114E-03 
3.20813E-01 1.35700E-02 1.19642E-02 
3.17142E-01 1.22724E-02 1.93332E-02 
3.13054E-01 1.10877E-02 3.24745E-02 
3.08700E-01 1.00104E-02 5.67376E-02 
3.04469E-01 9.04049E-03 1.02812E-01 
3.01499E-01 8.19849E-03 1.91199E-01 
3.03216E-01 7.55221E-03 3.55350E-01 
3.17420E-01 7.24539E-03 6.25677E-01 
3.50633E-01 7.33810E-03 9.69634E-01 
3.89563E-01 7.47093E-03 1.26192E+00 
4.10955E-01 7.21403E-03 1.41153E+00 
3.22201E-01 4.06685E-02 2.39447E-04 
3.24391E-01 3.73332E-02 2.81272E-04 
3.18710E-01 3.80090E-02 3.33434E-04 
3.21156E-01 3.48586E-02 3.99288E-04 
3.23023E-01 3.18905E-02 4.83944E-04 
3.24290E-01 2.91092E-02 5.94335E-04 
3.24945E-01 2.65182E-02 7.40441E-04 
3.25026E-01 2.46454E-02 8.87165E-04 
3.24980E-01 2.41193E-02 9.37071E-04 
3.24334E-01 2.17441E-02 1.23158E-03 
3.22994E-01 1.95823E-02 1.65467E-03 
3.20990E-01 1.76224E-02 2.27734E-03 
3.18362E-01 1.58517E-02 3.21821E-03 
3.14505E-01 1.46474E-02 4.67940E-03 
3.11016E-01 1.32295E-02 7.02172E-03 
3.07004E-01 1.19412E-02 1.09026E-02 
3.02532E-01 1.07708E-02 1.75626E-02 
2.97682E-01 9.70843E-03 2.94051E-02 
2.92608E-01 8.74616E-03 5.12050E-02 
2.87671E-01 7.88377E-03 9.24866E-02 
2.83951E-01 7.13584E-03 1.71426E-01 
2.84636E-01 6.56094E-03 3.17518E-01 
2.96966E-01 6.28137E-03 5.57190E-01 
3.26893E-01 6.34734E-03 8.60557E-01 
3.61931E-01 6.44751E-03 1.11605E+00 
3.80554E-01 6.21317E-03 1.24409E+00 
3.16427E-01 3.93356E-02 2.26315E-04 
3.18348E-01 3.59215E-02 2.65275E-04 
3.13099E-01 3.57184E-02 3.13820E-04 
3.15005E-01 3.25936E-02 3.75008E-04 
3.16323E-01 2.96496E-02 4.53469E-04 
3.16998E-01 2.69080E-02 5.55571E-04 
3.17024E-01 2.43713E-02 6.90441E-04 
3.16596E-01 2.25501E-02 8.25663E-04 
3.16401E-01 2.20397E-02 8.71586E-04 
3.15013E-01 1.97509E-02 1.14225E-03 
3.12912E-01 1.76857E-02 1.53000E-03 
3.10139E-01 1.58308E-02 2.09927E-03 
3.06744E-01 1.41704E-02 2.95740E-03 
3.02234E-01 1.29956E-02 4.28674E-03 
2.97975E-01 1.16939E-02 6.41205E-03 
2.93223E-01 1.05209E-02 9.92414E-03 
2.88047E-01 9.46293E-03 1.59330E-02 
2.82536E-01 8.50826E-03 2.65883E-02 
2.76840E-01 7.64789E-03 4.61459E-02 
2.71305E-01 6.87970E-03 8.30666E-02 
2.66943E-01 6.21490E-03 1.53452E-01 
2.66724E-01 5.70294E-03 2.83214E-01 
2.77357E-01 5.44843E-03 4.95279E-01 
3.04269E-01 5.49318E-03 7.62281E-01 
3.35745E-01 5.56744E-03 9.85134E-01 
3.51873E-01 5.35339E-03 1.09428E+00 
3.10043E-01 3.82981E-02 2.14158E-04 
3.11695E-01 3.47991E-02 2.50454E-04 
3.06833E-01 3.38530E-02 2.95551E-04 
3.08282E-01 3.06946E-02 3.52314E-04 
3.09061E-01 2.77499E-02 4.24949E-04 
3.09161E-01 2.50243E-02 5.19237E-04 
3.08579E-01 2.25205E-02 6.43509E-04 
3.07665E-01 2.07341E-02 7.67836E-04 
3.07322E-01 2.02365E-02 8.10051E-04 
3.05228E-01 1.80134E-02 1.05823E-03 
3.02416E-01 1.60258E-02 1.41296E-03 
2.98928E-01 1.42585E-02 1.93245E-03 
2.94826E-01 1.26926E-02 2.71330E-03 
2.89729E-01 1.15493E-02 3.92014E-03 
2.84781E-01 1.03490E-02 5.84440E-03 
2.79376E-01 9.27716E-03 9.01518E-03 
2.73588E-01 8.31817E-03 1.44243E-02 
2.67509E-01 7.45859E-03 2.39892E-02 
2.61286E-01 6.68849E-03 4.14933E-02 
2.55253E-01 6.00305E-03 7.44305E-02 
2.50351E-01 5.41177E-03 1.37016E-01 
2.49344E-01 4.95564E-03 2.52001E-01 
2.58435E-01 4.72421E-03 4.39128E-01 
2.82562E-01 4.75196E-03 6.73455E-01 
3.10759E-01 4.80519E-03 8.67297E-01 
3.24635E-01 4.61009E-03 9.59944E-01 
3.02903E-01 3.75226E-02 2.02582E-04 
3.04280E-01 3.39140E-02 2.36318E-04 
2.99842E-01 3.23291E-02 2.78159E-04 
3.00849E-01 2.91269E-02 3.30721E-04 
3.01143E-01 2.61621E-02 3.97862E-04 
3.00722E-01 2.34337E-02 4.84807E-04 
2.99587E-01 2.09434E-02 5.99148E-04 
2.98225E-01 1.91783E-02 7.13283E-04 
2.97749E-01 1.86884E-02 7.51978E-04 
2.95016E-01 1.65118E-02 9.79217E-04 
2.91551E-01 1.45852E-02 1.30316E-03 
2.87416E-01 1.28896E-02 1.77620E-03 
2.82684E-01 1.14029E-02 2.48563E-03 
2.77069E-01 1.02916E-02 3.57917E-03 
2.71524E-01 9.17817E-03 5.31791E-03 
2.65560E-01 8.19380E-03 8.17589E-03 
2.59254E-01 7.32115E-03 1.30371E-02 
2.52704E-01 6.54483E-03 2.16070E-02 
2.46054E-01 5.85345E-03 3.72435E-02 
2.39618E-01 5.24126E-03 6.65714E-02 
2.34276E-01 4.71451E-03 1.22115E-01 
2.32594E-01 4.30778E-03 2.23821E-01 
2.40299E-01 4.09740E-03 3.88650E-01 
2.61873E-01 4.11170E-03 5.93943E-01 
2.87066E-01 4.14792E-03 7.62199E-01 
2.98927E-01 3.97048E-03 8.40642E-01 
2.94983E-01 3.70012E-02 1.91242E-04 
2.96060E-01 3.32508E-02 2.22451E-04 
2.92054E-01 3.10912E-02 2.61115E-04 
2.92567E-01 2.78351E-02 3.09602E-04 
2.92378E-01 2.48256E-02 3.71390E-04 
2.91450E-01 2.20724E-02 4.51236E-04 
2.89783E-01 1.95764E-02 5.55970E-04 
2.88003E-01 1.78188E-02 6.60324E-04 
2.87400E-01 1.73334E-02 6.95670E-04 
2.84075E-01 1.51874E-02 9.02831E-04 
2.80018E-01 1.33071E-02 1.19736E-03 
2.75306E-01 1.16697E-02 1.62650E-03 
2.70014E-01 1.02507E-02 2.26802E-03 
2.63951E-01 9.17147E-03 3.25478E-03 
2.57894E-01 8.13429E-03 4.81967E-03 
2.51455E-01 7.22779E-03 7.38327E-03 
2.44722E-01 6.43204E-03 1.17327E-02 
2.37790E-01 5.73031E-03 1.93768E-02 
2.30801E-01 5.10972E-03 3.32796E-02 
2.24049E-01 4.56337E-03 5.92790E-02 
2.18357E-01 4.09477E-03 1.08352E-01 
2.16095E-01 3.73276E-03 1.97889E-01 
2.22530E-01 3.54200E-03 3.42402E-01 
2.41714E-01 3.54559E-03 5.21404E-01 
2.64099E-01 3.56800E-03 6.66718E-01 
2.74123E-01 3.40718E-03 7.32705E-01 
2.86426E-01 3.67292E-02 1.80226E-04 
2.87220E-01 3.28203E-02 2.09041E-04 
2.83575E-01 3.01743E-02 2.44661E-04 
2.83644E-01 2.68200E-02 2.89242E-04 
2.82961E-01 2.37388E-02 3.45904E-04 
2.81524E-01 2.09375E-02 4.18949E-04 
2.79350E-01 1.84159E-02 5.14576E-04 
2.77177E-01 1.66532E-02 6.09634E-04 
2.76463E-01 1.61681E-02 6.41790E-04 
2.72596E-01 1.40368E-02 8.30042E-04 
2.68009E-01 1.21884E-02 1.09700E-03 
2.62783E-01 1.05970E-02 1.48484E-03 
2.57007E-01 9.23400E-03 2.06325E-03 
2.50567E-01 8.18550E-03 2.95065E-03 
2.44081E-01 7.21433E-03 4.35397E-03 
2.37260E-01 6.37571E-03 6.64692E-03 
2.30191E-01 5.64772E-03 1.05253E-02 
2.22969E-01 5.01215E-03 1.73214E-02 
2.15731E-01 4.45469E-03 2.96436E-02 
2.08757E-01 3.96681E-03 5.26172E-02 
2.02805E-01 3.55014E-03 9.58397E-02 
2.00063E-01 3.22821E-03 1.74404E-01 
2.05357E-01 3.05558E-03 3.00700E-01 
2.22333E-01 3.05090E-03 4.56280E-01 
2.42132E-01 3.06234E-03 5.81359E-01 
2.50510E-01 2.91712E-03 6.36628E-01 
2.77089E-01 3.66618E-02 1.69356E-04 
2.77561E-01 3.25718E-02 1.95849E-04 
2.74254E-01 2.94935E-02 2.28536E-04 
2.73908E-01 2.60252E-02 2.69375E-04 
2.72796E-01 2.28562E-02 3.21174E-04 
2.70916E-01 1.99908E-02 3.87788E-04 
2.68281E-01 1.74282E-02 4.74744E-04 
2.65748E-01 1.56491E-02 5.61046E-04 
2.64933E-01 1.51610E-02 5.90196E-04 
2.60573E-01 1.30308E-02 7.60557E-04 
2.55512E-01 1.12025E-02 1.00153E-03 
2.49838E-01 9.64631E-03 1.35070E-03 
2.43647E-01 8.32980E-03 1.87004E-03 
2.36896E-01 7.31083E-03 2.66489E-03 
2.30071E-01 6.39715E-03 3.91855E-03 
2.22955E-01 5.61867E-03 5.96109E-03 
2.15638E-01 4.95130E-03 9.40563E-03 
2.08215E-01 4.37493E-03 1.54241E-02 
2.00818E-01 3.87410E-03 2.63051E-02 
1.93708E-01 3.43877E-03 4.65240E-02 
1.87585E-01 3.06882E-03 8.44404E-02 
1.84455E-01 2.78309E-03 1.53119E-01 
1.88723E-01 2.62739E-03 2.63061E-01 
2.03658E-01 2.61645E-03 3.97747E-01 
2.21070E-01 2.61944E-03 5.04990E-01 
2.27979E-01 2.48883E-03 5.51031E-01 
2.67105E-01 3.67797E-02 1.58711E-04 
2.67232E-01 3.24815E-02 1.82952E-04 
2.64188E-01 2.90176E-02 2.12818E-04 
2.63421E-01 2.54173E-02 2.50077E-04 
2.61887E-01 2.21411E-02 2.97208E-04 
2.59584E-01 1.91961E-02 3.57665E-04 
2.56539E-01 1.65808E-02 4.36444E-04 
2.53697E-01 1.47768E-02 5.14438E-04 
2.52787E-01 1.42844E-02 5.40763E-04 
2.48010E-01 1.21457E-02 6.94301E-04 
2.42553E-01 1.03290E-02 9.10932E-04 
2.36511E-01 8.80046E-03 1.22402E-03 
2.29987E-01 7.52344E-03 1.68842E-03 
2.22999E-01 6.53288E-03 2.39752E-03 
2.15921E-01 5.67004E-03 3.51287E-03 
2.08599E-01 4.94528E-03 5.32496E-03 
2.01123E-01 4.33225E-03 8.37206E-03 
1.93588E-01 3.80918E-03 1.36808E-02 
1.86117E-01 3.35922E-03 2.32500E-02 
1.78954E-01 2.97140E-03 4.09740E-02 
1.72741E-01 2.64358E-03 7.41010E-02 
1.69312E-01 2.39066E-03 1.33902E-01 
1.72669E-01 2.25076E-03 2.29231E-01 
1.85725E-01 2.23531E-03 3.45370E-01 
2.00947E-01 2.23188E-03 4.36941E-01 
2.06552E-01 2.11505E-03 4.75087E-01 
2.56523E-01 3.70511E-02 1.48308E-04 
2.56291E-01 3.25249E-02 1.70389E-04 
2.53415E-01 2.87143E-02 1.97552E-04 
2.52235E-01 2.49584E-02 2.31367E-04 
2.50308E-01 2.15614E-02 2.74059E-04 
2.47630E-01 1.85266E-02 3.28709E-04 
2.44218E-01 1.58485E-02 3.99734E-04 
2.41097E-01 1.40135E-02 4.69891E-04 
2.40109E-01 1.35146E-02 4.93539E-04 
2.34969E-01 1.13601E-02 6.31310E-04 
2.29180E-01 9.54884E-03 8.25150E-04 
2.22843E-01 8.04241E-03 1.10454E-03 
2.16063E-01 6.79969E-03 1.51794E-03 
2.08909E-01 5.83689E-03 2.14760E-03 
2.01663E-01 5.01971E-03 3.13530E-03 
1.94220E-01 4.34352E-03 4.73584E-03 
1.86670E-01 3.77990E-03 7.41936E-03 
1.79106E-01 3.30526E-03 1.20807E-02 
1.71643E-01 2.90156E-03 2.04565E-02 
1.64506E-01 2.55678E-03 3.59247E-02 
1.58282E-01 2.26715E-03 6.47401E-02 
1.54637E-01 2.04411E-03 1.16571E-01 
1.57188E-01 1.91901E-03 1.98857E-01 
1.68521E-01 1.90051E-03 2.98549E-01 
1.81733E-01 1.89238E-03 3.76365E-01 
1.86190E-01 1.78853E-03 4.07776E-01 
2.45445E-01 3.74414E-02 1.38202E-04 
2.44845E-01 3.26699E-02 1.58224E-04 
2.42058E-01 2.85400E-02 1.82813E-04 
2.40500E-01 2.46181E-02 2.13374E-04 
2.38181E-01 2.10873E-02 2.51846E-04 
2.35136E-01 1.79526E-02 3.00985E-04 
2.31392E-01 1.52060E-02 3.64705E-04 
2.28030E-01 1.33366E-02 4.27532E-04 
2.26977E-01 1.28303E-02 4.48685E-04 
2.21535E-01 1.06564E-02 5.71676E-04 
2.15483E-01 8.84744E-03 7.44308E-04 
2.08921E-01 7.35983E-03 9.92498E-04 
2.01961E-01 6.14815E-03 1.35868E-03 
1.94714E-01 5.21296E-03 1.91522E-03 
1.87385E-01 4.43762E-03 2.78599E-03 
1.79905E-01 3.80607E-03 4.19268E-03 
1.72364E-01 3.28758E-03 6.54517E-03 
1.64850E-01 2.85715E-03 1.06191E-02 
1.57473E-01 2.49562E-03 1.79175E-02 
1.50437E-01 2.18988E-03 3.13547E-02 
1.44275E-01 1.93490E-03 5.63064E-02 
1.40492E-01 1.73902E-03 1.01022E-01 
1.42342E-01 1.62775E-03 1.71724E-01 
1.52102E-01 1.60745E-03 2.56903E-01 
1.63486E-01 1.59607E-03 3.22714E-01 
1.66943E-01 1.50441E-03 3.48413E-01 
2.33980E-01 3.79158E-02 1.28441E-04 
2.33006E-01 3.28860E-02 1.46510E-04 
2.30232E-01 2.84583E-02 1.68656E-04 
2.28293E-01 2.43604E-02 1.96141E-04 
2.25631E-01 2.06915E-02 2.30659E-04 
2.22248E-01 1.74524E-02 2.74619E-04 
2.18190E-01 1.46334E-02 3.31486E-04 
2.14620E-01 1.27279E-02 3.87448E-04 
2.13510E-01 1.22142E-02 4.06272E-04 
2.07825E-01 1.00198E-02 5.15546E-04 
2.01567E-01 8.21195E-03 6.68502E-04 
1.94847E-01 6.74200E-03 8.87840E-04 
1.87784E-01 5.55967E-03 1.21065E-03 
1.80513E-01 4.65236E-03 1.70013E-03 
1.73177E-01 3.91619E-03 2.46393E-03 
1.65739E-01 3.32599E-03 3.69459E-03 
1.58285E-01 2.84912E-03 5.74648E-03 
1.50897E-01 2.45924E-03 9.28992E-03 
1.43676E-01 2.13616E-03 1.56195E-02 
1.36808E-01 1.86594E-03 2.72352E-02 
1.30774E-01 1.64239E-03 4.87343E-02 
1.26927E-01 1.47118E-03 8.71292E-02 
1.28175E-01 1.37282E-03 1.47583E-01 
1.36509E-01 1.35173E-03 2.20004E-01 
1.46240E-01 1.33837E-03 2.75388E-01 
1.48836E-01 1.25802E-03 2.96263E-01 
2.22216E-01 3.84385E-02 1.19051E-04 
2.20883E-01 3.31433E-02 1.35286E-04 
2.18052E-01 2.84370E-02 1.55132E-04 
2.15743E-01 2.41562E-02 1.79714E-04 
2.12758E-01 2.03467E-02 2.10526E-04 
2.09080E-01 1.70035E-02 2.49664E-04 
2.04747E-01 1.41126E-02 3.00143E-04 
2.00989E-01 1.21716E-02 3.49716E-04 
1.99828E-01 1.16504E-02 3.66371E-04 
1.93944E-01 9.43675E-03 4.62922E-04 
1.87542E-01 7.63121E-03 5.97734E-04 
1.80734E-01 6.17949E-03 7.90553E-04 
1.73634E-01 5.02618E-03 1.07364E-03 
1.66403E-01 4.14750E-03 1.50187E-03 
1.59133E-01 3.44850E-03 2.16833E-03 
1.51808E-01 2.89714E-03 3.23934E-03 
1.44509E-01 2.45906E-03 5.01981E-03 
1.37313E-01 2.10653E-03 8.08585E-03 
1.30313E-01 1.81859E-03 1.35465E-02 
1.23675E-01 1.58069E-03 2.35358E-02 
1.17830E-01 1.38563E-03 4.19641E-02 
1.13984E-01 1.23680E-03 7.47601E-02 
1.14722E-01 1.15044E-03 1.26182E-01 
1.21774E-01 1.12937E-03 1.87433E-01 
1.30018E-01 1.11502E-03 2.33787E-01 
1.31883E-01 1.04514E-03 2.50612E-01 
2.10328E-01 3.89835E-02 1.10100E-04 
2.08616E-01 3.34137E-02 1.24605E-04 
2.05673E-01 2.84446E-02 1.42303E-04 
2.03017E-01 2.39810E-02 1.64177E-04 
1.99711E-01 2.00303E-02 1.91519E-04 
1.95769E-01 1.65862E-02 2.26178E-04 
1.91204E-01 1.36280E-02 2.70768E-04 
1.87291E-01 1.16545E-02 3.14449E-04 
1.86090E-01 1.11268E-02 3.29108E-04 
1.80051E-01 8.89742E-03 4.13952E-04 
1.73556E-01 7.09713E-03 5.32123E-04 
1.66715E-01 5.66546E-03 7.00735E-04 
1.59643E-01 4.54191E-03 9.47627E-04 
1.52510E-01 3.69292E-03 1.32032E-03 
1.45371E-01 3.02988E-03 1.89886E-03 
1.38223E-01 2.51539E-03 2.82587E-03 
1.31143E-01 2.11343E-03 4.36300E-03 
1.24200E-01 1.79536E-03 7.00207E-03 
1.17477E-01 1.53953E-03 1.16877E-02 
1.11121E-01 1.33094E-03 2.02343E-02 
1.05516E-01 1.16157E-03 3.59488E-02 
1.01731E-01 1.03297E-03 6.38149E-02 
1.02046E-01 9.57674E-04 1.07325E-01 
1.07957E-01 9.37264E-04 1.58857E-01 
1.14878E-01 9.22674E-04 1.97436E-01 
1.16133E-01 8.62442E-04 2.10892E-01 
1.98393E-01 3.95240E-02 1.01583E-04 
1.96314E-01 3.36776E-02 1.14477E-04 
1.93208E-01 2.84573E-02 1.30168E-04 
1.90205E-01 2.38110E-02 1.49510E-04 
1.86600E-01 1.97235E-02 1.73632E-04 
1.82407E-01 1.61834E-02 2.04136E-04 
1.77644E-01 1.31641E-02 2.43281E-04 
1.73608E-01 1.11632E-02 2.81543E-04 
1.72378E-01 1.06303E-02 2.94369E-04 
1.66234E-01 8.39125E-03 3.68483E-04 
1.59693E-01 6.60061E-03 4.71441E-04 
1.52868E-01 5.19195E-03 6.17967E-04 
1.45875E-01 4.09973E-03 8.31990E-04 
1.38894E-01 3.28197E-03 1.15437E-03 
1.31946E-01 2.65435E-03 1.65355E-03 
1.25035E-01 2.17520E-03 2.45128E-03 
1.18229E-01 1.80723E-03 3.77025E-03 
1.11592E-01 1.52110E-03 6.02824E-03 
1.05195E-01 1.29470E-03 1.00253E-02 
9.91673E-02 1.11269E-03 1.72934E-02 
9.38465E-02 9.66490E-04 3.06137E-02 
9.01739E-02 8.56118E-04 5.41477E-02 
9.01472E-02 7.91000E-04 9.07407E-02 
9.50456E-02 7.71726E-04 1.33827E-01 
1.00796E-01 7.57493E-04 1.65731E-01 
1.01549E-01 7.06072E-04 1.76391E-01 
1.86633E-01 4.00281E-02 9.35980E-05 
1.84214E-01 3.39111E-02 1.05018E-04 
1.80919E-01 2.84542E-02 1.18866E-04 
1.77591E-01 2.36324E-02 1.35893E-04 
1.73693E-01 1.94144E-02 1.57058E-04 
1.69270E-01 1.57864E-02 1.83766E-04 
1.64334E-01 1.27145E-02 2.17957E-04 
1.60200E-01 1.06924E-02 2.51303E-04 
1.58947E-01 1.01562E-02 2.62470E-04 
1.52742E-01 7.91500E-03 3.26892E-04 
1.46205E-01 6.13990E-03 4.16161E-04 
1.39450E-01 4.75824E-03 5.42891E-04 
1.32587E-01 3.69941E-03 7.27543E-04 
1.25802E-01 2.91417E-03 1.00508E-03 
1.19091E-01 2.32129E-03 1.43374E-03 
1.12462E-01 1.87590E-03 2.11698E-03 
1.05975E-01 1.53973E-03 3.24351E-03 
9.96836E-02 1.28290E-03 5.16662E-03 
9.36491E-02 1.08313E-03 8.56108E-03 
8.79835E-02 9.24931E-04 1.47135E-02 
8.29801E-02 7.99351E-04 2.59522E-02 
7.94621E-02 7.05136E-04 4.57393E-02 
7.91693E-02 6.49206E-04 7.63745E-02 
8.31884E-02 6.31391E-04 1.12236E-01 
8.79214E-02 6.17944E-04 1.38494E-01 
8.82755E-02 5.74421E-04 1.46873E-01 
1.74951E-01 4.04854E-02 8.60194E-05 
1.72208E-01 3.41005E-02 9.60700E-05 
1.68695E-01 2.84162E-02 1.08203E-04 
1.65072E-01 2.34269E-02 1.23091E-04 
1.60906E-01 1.90872E-02 1.41526E-04 
1.56256E-01 1.53787E-02 1.64716E-04 
1.51163E-01 1.22629E-02 1.94343E-04 
1.46952E-01 1.02266E-02 2.23172E-04 
1.45684E-01 9.68893E-03 2.32816E-04 
1.39440E-01 7.45345E-03 2.88353E-04 
1.32944E-01 5.70080E-03 3.65133E-04 
1.26306E-01 4.35139E-03 4.73885E-04 
1.19627E-01 3.32936E-03 6.31969E-04 
1.13089E-01 2.57898E-03 8.69094E-04 
1.06665E-01 2.02121E-03 1.23442E-03 
1.00364E-01 1.60882E-03 1.81513E-03 
9.42375E-02 1.30294E-03 2.76993E-03 
8.83301E-02 1.07348E-03 4.39524E-03 
8.26922E-02 8.98156E-04 7.25527E-03 
7.74189E-02 7.61575E-04 1.24233E-02 
7.27626E-02 6.54539E-04 2.18322E-02 
6.94363E-02 5.74843E-04 3.83369E-02 
6.89412E-02 5.27292E-04 6.37806E-02 
7.21911E-02 5.11162E-04 9.33866E-02 
7.60340E-02 4.98809E-04 1.14814E-01 
7.60739E-02 4.62429E-04 1.21316E-01 
1.63546E-01 4.08743E-02 7.89240E-05 
1.60485E-01 3.42268E-02 8.77133E-05 
1.56774E-01 2.83332E-02 9.82947E-05 
1.52848E-01 2.31823E-02 1.11209E-04 
1.48438E-01 1.87326E-02 1.27157E-04 
1.43595E-01 1.49564E-02 1.47160E-04 
1.38372E-01 1.18078E-02 1.72649E-04 
1.34110E-01 9.76556E-03 1.97411E-04 
1.32832E-01 9.22838E-03 2.05679E-04 
1.26582E-01 7.00785E-03 2.53217E-04 
1.20162E-01 5.28464E-03 3.18789E-04 
1.13676E-01 3.97233E-03 4.11459E-04 
1.07218E-01 2.99008E-03 5.45875E-04 
1.00961E-01 2.27634E-03 7.47093E-04 
9.48602E-02 1.75377E-03 1.05633E-03 
8.89217E-02 1.37345E-03 1.54666E-03 
8.31871E-02 1.09624E-03 2.35060E-03 
7.76905E-02 8.92083E-04 3.71511E-03 
7.24721E-02 7.38986E-04 6.10892E-03 
6.76100E-02 6.21738E-04 1.04211E-02 
6.33195E-02 5.31147E-04 1.82456E-02 
6.02125E-02 4.64278E-04 3.19197E-02 
5.95739E-02 4.24232E-04 5.29084E-02 
6.21645E-02 4.09903E-04 7.71816E-02 
6.52440E-02 3.98838E-04 9.45394E-02 
6.50477E-02 3.68797E-04 9.95246E-02 
1.52509E-01 4.11867E-02 7.23143E-05 
1.49130E-01 3.42799E-02 7.99417E-05 
1.45204E-01 2.81893E-02 8.91009E-05 
1.41033E-01 2.28942E-02 1.00243E-04 
1.36394E-01 1.83457E-02 1.13932E-04 
1.31372E-01 1.45132E-02 1.31045E-04 
1.26037E-01 1.13432E-02 1.52796E-04 
1.21743E-01 9.30339E-03 1.73895E-04 
1.20464E-01 8.76937E-03 1.80935E-04 
1.14257E-01 6.57452E-03 2.21341E-04 
1.07946E-01 4.88809E-03 2.76924E-04 
1.01640E-01 3.61783E-03 3.55295E-04 
9.54307E-02 2.67830E-03 4.68718E-04 
8.94808E-02 2.00293E-03 6.38215E-04 
8.37322E-02 1.51571E-03 8.98104E-04 
7.81823E-02 1.16662E-03 1.30909E-03 
7.28615E-02 9.16516E-04 1.98117E-03 
6.77940E-02 7.35747E-04 3.11853E-03 
6.30088E-02 6.02767E-04 5.10793E-03 
5.85693E-02 5.02781E-04 8.67981E-03 
5.46557E-02 4.26703E-04 1.51391E-02 
5.17882E-02 3.71095E-04 2.63861E-02 
5.10570E-02 3.37723E-04 4.35719E-02 
5.30888E-02 3.25233E-04 6.33232E-02 
5.55207E-02 3.15565E-04 7.72739E-02 
5.51547E-02 2.91096E-04 8.10429E-02 
1.41892E-01 4.14132E-02 6.61759E-05 
1.38211E-01 3.42550E-02 7.27442E-05 
1.34072E-01 2.79794E-02 8.06097E-05 
1.29671E-01 2.25530E-02 9.01439E-05 
1.24826E-01 1.79190E-02 1.01794E-04 
1.19656E-01 1.40443E-02 1.16309E-04 
1.14238E-01 1.08664E-02 1.34717E-04 
1.09920E-01 8.83707E-03 1.52526E-04 
1.08642E-01 8.30823E-03 1.58461E-04 
1.02489E-01 6.14789E-03 1.92481E-04 
9.63282E-02 4.50684E-03 2.39216E-04 
9.02530E-02 3.28486E-03 3.05007E-04 
8.43329E-02 2.39150E-03 4.00004E-04 
7.87158E-02 1.75615E-03 5.41690E-04 
7.33363E-02 1.30428E-03 7.58410E-04 
6.81890E-02 9.85471E-04 1.10022E-03 
6.32932E-02 7.60963E-04 1.65765E-03 
5.86627E-02 6.01745E-04 2.59830E-03 
5.43159E-02 4.86934E-04 4.23855E-03 
5.03015E-02 4.02270E-04 7.17418E-03 
4.67681E-02 3.38924E-04 1.24646E-02 
4.41532E-02 2.93144E-04 2.16412E-02 
4.33726E-02 2.65661E-04 3.55999E-02 
4.49363E-02 2.54985E-04 5.15398E-02 
4.68248E-02 2.46755E-04 6.26542E-02 
4.63458E-02 2.27141E-04 6.54583E-02 
1.31742E-01 4.15487E-02 6.04946E-05 
1.27786E-01 3.41504E-02 6.61063E-05 
1.23428E-01 2.76999E-02 7.27953E-05 
1.18823E-01 2.21563E-02 8.08816E-05 
1.13815E-01 1.74540E-02 9.07142E-05 
1.08525E-01 1.35515E-02 1.02916E-04 
1.03042E-01 1.03770E-02 1.18337E-04 
9.87200E-02 8.36636E-03 1.33226E-04 
9.74514E-02 7.84526E-03 1.38186E-04 
9.14006E-02 5.73053E-03 1.66598E-04 
8.54114E-02 4.14147E-03 2.05543E-04 
7.95703E-02 2.97154E-03 2.60237E-04 
7.39516E-02 2.12683E-03 3.39079E-04 
6.86860E-02 1.53296E-03 4.56500E-04 
6.36947E-02 1.11659E-03 6.35712E-04 
5.89634E-02 8.27251E-04 9.17649E-04 
5.45005E-02 6.26946E-04 1.37615E-03 
5.03104E-02 4.87578E-04 2.14764E-03 
4.64016E-02 3.89132E-04 3.48877E-03 
4.28083E-02 3.18003E-04 5.88122E-03 
3.96521E-02 2.65762E-04 1.01777E-02 
3.72960E-02 2.28498E-04 1.76010E-02 
3.65017E-02 2.06166E-04 2.88405E-02 
3.76789E-02 1.97235E-04 4.15905E-02 
3.91172E-02 1.90421E-04 5.03614E-02 
3.85719E-02 1.75008E-04 5.24091E-02 
1.22089E-01 4.15888E-02 5.52504E-05 
1.17882E-01 3.39616E-02 5.99989E-05 
1.13316E-01 2.73482E-02 6.56275E-05 
1.08519E-01 2.17006E-02 7.24082E-05 
1.03386E-01 1.69472E-02 8.06264E-05 
9.79962E-02 1.30297E-02 9.07629E-05 
9.24788E-02 9.87232E-03 1.03541E-04 
8.81829E-02 7.89046E-03 1.15866E-04 
8.69276E-02 7.37927E-03 1.19966E-04 
8.09970E-02 5.31899E-03 1.43439E-04 
7.52039E-02 3.78893E-03 1.75562E-04 
6.96269E-02 2.67611E-03 2.20604E-04 
6.43287E-02 1.88261E-03 2.85419E-04 
5.94264E-02 1.33132E-03 3.81828E-04 
5.48318E-02 9.50292E-04 5.28661E-04 
5.05207E-02 6.89497E-04 7.59103E-04 
4.64910E-02 5.12011E-04 1.13285E-03 
4.27368E-02 3.90874E-04 1.75987E-03 
3.92573E-02 3.07095E-04 2.84647E-03 
3.60757E-02 2.47890E-04 4.77833E-03 
3.32872E-02 2.05278E-04 8.23515E-03 
3.11903E-02 1.75344E-04 1.41842E-02 
3.04110E-02 1.57485E-04 2.31481E-02 
3.12736E-02 1.50197E-04 3.32469E-02 
3.23439E-02 1.44745E-04 4.00959E-02 
3.17701E-02 1.32932E-04 4.15579E-02 
1.12929E-01 4.15251E-02 5.04122E-05 
1.08509E-01 3.36858E-02 5.43904E-05 
1.03768E-01 2.69269E-02 5.90762E-05 
9.88057E-02 2.11898E-02 6.46930E-05 
9.35691E-02 1.63999E-02 7.14757E-05 
8.81162E-02 1.24829E-02 7.97952E-05 
8.25917E-02 9.35502E-03 9.02525E-05 
7.83383E-02 7.40986E-03 1.00325E-04 
7.71037E-02 6.91093E-03 1.03675E-04 
7.13142E-02 4.91377E-03 1.22835E-04 
6.57343E-02 3.44886E-03 1.49023E-04 
6.04429E-02 2.39728E-03 1.85720E-04 
5.54869E-02 1.65732E-03 2.38472E-04 
5.09584E-02 1.14938E-03 3.16849E-04 
4.67618E-02 8.03294E-04 4.35966E-04 
4.28679E-02 5.70010E-04 6.22451E-04 
3.92634E-02 4.13935E-04 9.24102E-04 
3.59335E-02 3.09472E-04 1.42866E-03 
3.28693E-02 2.38804E-04 2.30025E-03 
3.00826E-02 1.90028E-04 3.84455E-03 
2.76473E-02 1.55714E-04 6.59766E-03 
2.58044E-02 1.32046E-04 1.13160E-02 
2.50621E-02 1.18040E-04 1.83901E-02 
2.56728E-02 1.12276E-04 2.63028E-02 
2.64468E-02 1.08106E-04 3.15884E-02 
2.58739E-02 9.93522E-05 3.26031E-02 
1.04294E-01 4.13635E-02 4.59667E-05 
9.96980E-02 3.33293E-02 4.92610E-05 
9.47984E-02 2.64384E-02 5.31054E-05 
8.96991E-02 2.06264E-02 5.76900E-05 
8.43751E-02 1.58130E-02 6.31989E-05 
7.89032E-02 1.19131E-02 6.99368E-05 
7.34050E-02 8.82745E-03 7.83730E-05 
6.92091E-02 6.92637E-03 8.64854E-05 
6.79985E-02 6.44156E-03 8.91817E-05 
6.23774E-02 4.51590E-03 1.04615E-04 
5.70425E-02 3.12227E-03 1.25717E-04 
5.20539E-02 2.13522E-03 1.55274E-04 
4.74400E-02 1.44986E-03 1.97700E-04 
4.32803E-02 9.85341E-04 2.60681E-04 
3.94788E-02 6.73588E-04 3.56251E-04 
3.59940E-02 4.66680E-04 5.05532E-04 
3.28024E-02 3.30630E-04 7.46350E-04 
2.98808E-02 2.41371E-04 1.14796E-03 
2.72129E-02 1.82374E-04 1.83946E-03 
2.48005E-02 1.42676E-04 3.06027E-03 
2.26993E-02 1.15474E-04 5.22838E-03 
2.11007E-02 9.71239E-05 8.92794E-03 
2.04113E-02 8.64138E-05 1.44457E-02 
2.08240E-02 8.20451E-05 2.05707E-02 
2.13633E-02 7.90655E-05 2.45961E-02 
2.08131E-02 7.28897E-05 2.52748E-02 
9.61719E-02 4.11073E-02 4.18837E-05 
9.14108E-02 3.28872E-02 4.45614E-05 
8.63941E-02 2.58844E-02 4.76663E-05 
8.11863E-02 2.00126E-02 5.13396E-05 
7.58108E-02 1.51919E-02 5.57348E-05 
7.03389E-02 1.13213E-02 6.10858E-05 
6.48983E-02 8.29014E-03 6.77710E-05 
6.07869E-02 6.44135E-03 7.41967E-05 
5.96076E-02 5.97272E-03 7.63327E-05 
5.41717E-02 4.12549E-03 8.85559E-05 
4.90992E-02 2.80803E-03 1.05307E-04 
4.44218E-02 1.88803E-03 1.28769E-04 
4.01609E-02 1.25849E-03 1.62445E-04 
3.63736E-02 8.37474E-04 2.12421E-04 
3.29594E-02 5.59233E-04 2.88128E-04 
2.98706E-02 3.77482E-04 4.06131E-04 
2.70750E-02 2.60088E-04 5.95992E-04 
2.45413E-02 1.84649E-04 9.11656E-04 
2.22466E-02 1.36001E-04 1.45333E-03 
2.01850E-02 1.04194E-04 2.40603E-03 
1.83958E-02 8.30592E-05 4.09114E-03 
1.70283E-02 6.92044E-05 6.95340E-03 
1.64027E-02 6.13008E-05 1.11985E-02 
1.66625E-02 5.81985E-05 1.58723E-02 
1.70186E-02 5.63098E-05 1.88895E-02 
1.65066E-02 5.22986E-05 1.93205E-02 
8.86161E-02 4.07575E-02 3.81688E-05 
8.37168E-02 3.23681E-02 4.03031E-05 
7.86147E-02 2.52721E-02 4.27631E-05 
7.33338E-02 1.93582E-02 4.56461E-05 
6.79255E-02 1.45425E-02 4.90708E-05 
6.24920E-02 1.07166E-02 5.32374E-05 
5.71343E-02 7.75038E-03 5.84271E-05 
5.31264E-02 5.96048E-03 6.34199E-05 
5.19844E-02 5.50980E-03 6.50821E-05 
4.67628E-02 3.74772E-03 7.46072E-05 
4.19584E-02 2.50924E-03 8.76904E-05 
3.75985E-02 1.65768E-03 1.06054E-04 
3.36909E-02 1.08394E-03 1.32437E-04 
3.02689E-02 7.05556E-04 1.71606E-04 
2.72310E-02 4.59528E-04 2.30881E-04 
2.45206E-02 3.01435E-04 3.23080E-04 
2.20970E-02 2.01160E-04 4.71031E-04 
1.99234E-02 1.38103E-04 7.16225E-04 
1.79723E-02 9.85122E-05 1.13549E-03 
1.62313E-02 7.34602E-05 1.86996E-03 
1.47268E-02 5.74293E-05 3.16346E-03 
1.35722E-02 4.73179E-05 5.34984E-03 
1.30157E-02 4.17705E-05 8.57296E-03 
1.31609E-02 3.98007E-05 1.20902E-02 
1.33780E-02 3.88983E-05 1.43160E-02 
1.29136E-02 3.66756E-05 1.45698E-02 
8.15137E-02 4.03141E-02 3.47490E-05 
7.65087E-02 3.17719E-02 3.64029E-05 
7.13378E-02 2.45963E-02 3.82899E-05 
6.60256E-02 1.86598E-02 4.04870E-05 
6.06189E-02 1.38647E-02 4.30709E-05 
5.52451E-02 1.00949E-02 4.62105E-05 
5.00067E-02 7.20602E-03 5.01266E-05 
4.61172E-02 5.48104E-03 5.38946E-05 
4.50161E-02 5.04975E-03 5.51523E-05 
4.00361E-02 3.37933E-03 6.24027E-05 
3.55174E-02 2.22329E-03 7.24026E-05 
3.14787E-02 1.44127E-03 8.64808E-05 
2.79224E-02 9.23242E-04 1.06764E-04 
2.48637E-02 5.86842E-04 1.36954E-04 
2.21896E-02 3.71832E-04 1.82596E-04 
1.98383E-02 2.36014E-04 2.53443E-04 
1.77633E-02 1.51525E-04 3.66808E-04 
1.59240E-02 9.96362E-05 5.54055E-04 
1.42887E-02 6.80301E-05 8.72977E-04 
1.28409E-02 4.88114E-05 1.42934E-03 
1.15953E-02 3.71081E-05 2.40445E-03 
1.06362E-02 3.01398E-05 4.04370E-03 
1.01508E-02 2.65892E-05 6.44398E-03 
1.02112E-02 2.56422E-05 9.03703E-03 
1.03239E-02 2.56421E-05 1.06411E-02 
9.91201E-03 2.49080E-05 1.07694E-02 
7.49018E-02 3.97827E-02 3.16272E-05 
6.98295E-02 3.11092E-02 3.28643E-05 
6.46139E-02 2.38700E-02 3.42517E-05 
5.93009E-02 1.79275E-02 3.58577E-05 
5.39287E-02 1.31684E-02 3.77243E-05 
4.86414E-02 9.46656E-03 3.99919E-05 
4.35485E-02 6.66458E-03 4.28374E-05 
3.98034E-02 5.01078E-03 4.55905E-05 
3.87497E-02 4.60031E-03 4.65138E-05 
3.40195E-02 3.02486E-03 5.18647E-05 
2.97989E-02 1.95319E-03 5.93221E-05 
2.60937E-02 1.24112E-03 6.99035E-05 
2.28848E-02 7.77652E-04 8.52077E-05 
2.01687E-02 4.81364E-04 1.08042E-04 
1.78361E-02 2.95573E-04 1.42563E-04 
1.58184E-02 1.80381E-04 1.96056E-04 
1.40640E-02 1.10229E-04 2.81412E-04 
1.25286E-02 6.82705E-05 4.21891E-04 
1.11778E-02 4.36137E-05 6.60113E-04 
9.99200E-03 2.93670E-05 1.07375E-03 
8.97675E-03 2.12898E-05 1.79476E-03 
8.19245E-03 1.69301E-05 2.99932E-03 
7.77660E-03 1.50560E-05 4.74941E-03 
7.77625E-03 1.50268E-05 6.61795E-03 
7.81247E-03 1.58437E-05 7.74268E-03 
7.45421E-03 1.63388E-05 7.78634E-03 
6.87435E-02 3.91591E-02 2.87737E-05 
6.36384E-02 3.03789E-02 2.96499E-05 
5.84143E-02 2.30972E-02 3.06091E-05 
5.31263E-02 1.71651E-02 3.17073E-05 
4.78236E-02 1.24578E-02 3.29689E-05 
4.26493E-02 8.83551E-03 3.45034E-05 
3.77253E-02 6.12920E-03 3.64575E-05 
3.41423E-02 4.55163E-03 3.83735E-05 
3.31406E-02 4.16309E-03 3.90218E-05 
2.86797E-02 2.68619E-03 4.28203E-05 
2.47658E-02 1.69977E-03 4.82073E-05 
2.13913E-02 1.05677E-03 5.59472E-05 
1.85209E-02 6.46171E-04 6.72218E-05 
1.61334E-02 3.88043E-04 8.41248E-05 
1.41214E-02 2.29553E-04 1.09698E-04 
1.24112E-02 1.33282E-04 1.49264E-04 
1.09479E-02 7.60281E-05 2.12210E-04 
9.68479E-03 4.28309E-05 3.15379E-04 
8.58662E-03 2.41888E-05 4.89493E-04 
7.63084E-03 1.41578E-05 7.90038E-04 
6.81725E-03 9.10964E-06 1.31062E-03 
6.18639E-03 6.90990E-06 2.17385E-03 
5.83574E-03 6.44524E-06 3.41620E-03 
5.79303E-03 7.24341E-06 4.72358E-03 
5.77444E-03 8.80404E-06 5.48372E-03 
5.46791E-03 1.03141E-05 5.47277E-03 
6.30138E-02 3.84435E-02 2.61658E-05 
5.79129E-02 2.95852E-02 2.67337E-05 
5.27104E-02 2.22818E-02 2.73264E-05 
4.74762E-02 1.63779E-02 2.79941E-05 
4.22747E-02 1.17383E-02 2.87504E-05 
3.72416E-02 8.20704E-03 2.96779E-05 
3.25067E-02 5.60395E-03 3.08987E-05 
2.91022E-02 4.10699E-03 3.21353E-05 
2.81555E-02 3.74112E-03 3.25601E-05 
2.39807E-02 2.36532E-03 3.51097E-05 
2.03783E-02 1.46401E-03 3.88359E-05 
1.73310E-02 8.88404E-04 4.43056E-05 
1.47872E-02 5.28386E-04 5.23694E-05 
1.27110E-02 3.06103E-04 6.45574E-05 
1.09954E-02 1.72777E-04 8.30273E-05 
9.56459E-03 9.36295E-05 1.11563E-04 
8.36136E-03 4.78462E-05 1.56807E-04 
7.33843E-03 2.23069E-05 2.30595E-04 
6.46046E-03 8.83004E-06 3.54376E-04 
5.70366E-03 2.36231E-06 5.66506E-04 
5.06337E-03 -1.62487E-07 9.30996E-04 
4.56464E-03 -5.73316E-07 1.52964E-03 
4.27292E-03 1.51880E-07 2.38067E-03 
4.20133E-03 1.70205E-06 3.25922E-03 
4.14419E-03 3.94482E-06 3.74612E-03 
3.88534E-03 6.29506E-06 3.70231E-03 
5.76846E-02 3.76359E-02 2.37813E-05 
5.26148E-02 2.87259E-02 2.40847E-05 
4.74705E-02 2.14276E-02 2.43697E-05 
4.23184E-02 1.55701E-02 2.46762E-05 
3.72470E-02 1.10140E-02 2.50152E-05 
3.23824E-02 7.58541E-03 2.54481E-05 
2.78584E-02 5.09289E-03 2.60771E-05 
2.46449E-02 3.67982E-03 2.67703E-05 
2.37573E-02 3.33737E-03 2.70178E-05 
1.98792E-02 2.06383E-03 2.85784E-05 
1.65914E-02 1.24662E-03 3.09970E-05 
1.38640E-02 7.36067E-04 3.46827E-05 
1.16350E-02 4.23940E-04 4.02377E-05 
9.84887E-03 2.34774E-04 4.87321E-05 
8.40388E-03 1.24304E-04 6.16457E-05 
7.22294E-03 6.04395E-05 8.15686E-05 
6.24830E-03 2.47350E-05 1.13017E-04 
5.43352E-03 5.82417E-06 1.63977E-04 
4.74403E-03 -3.24667E-06 2.48768E-04 
4.15628E-03 -6.71329E-06 3.92696E-04 
3.66210E-03 -7.13709E-06 6.37254E-04 
3.27474E-03 -6.06239E-06 1.03356E-03 
3.03439E-03 -4.32473E-06 1.58710E-03 
2.94335E-03 -2.08356E-06 2.14257E-03 
2.85938E-03 7.90847E-07 2.42796E-03 
2.64286E-03 3.84065E-06 2.36664E-03 
5.27212E-02 3.67291E-02 2.15976E-05 
4.77115E-02 2.77986E-02 2.16764E-05 
4.26622E-02 2.05359E-02 2.17075E-05 
3.76242E-02 1.47467E-02 2.17171E-05 
3.27069E-02 1.02891E-02 2.17154E-05 
2.80371E-02 6.97483E-03 2.17533E-05 
2.37426E-02 4.59937E-03 2.19138E-05 
2.07310E-02 3.27284E-03 2.21818E-05 
1.99056E-02 2.95438E-03 2.22922E-05 
1.63328E-02 1.78340E-03 2.30880E-05 
1.33591E-02 1.04837E-03 2.44998E-05 
1.09423E-02 5.99822E-04 2.68133E-05 
9.00863E-03 3.32225E-04 3.04332E-05 
7.48987E-03 1.73236E-04 3.60822E-05 
6.28940E-03 8.32520E-05 4.47207E-05 
5.32924E-03 3.28482E-05 5.80252E-05 
4.55255E-03 5.88485E-06 7.88920E-05 
3.91495E-03 -7.35074E-06 1.12380E-04 
3.38358E-03 -1.26906E-05 1.67409E-04 
2.93650E-03 -1.36378E-05 2.59499E-04 
2.56285E-03 -1.23109E-05 4.13258E-04 
2.26717E-03 -9.99665E-06 6.57137E-04 
2.06995E-03 -7.38842E-06 9.87947E-04 
1.96567E-03 -4.50503E-06 1.30386E-03 
1.86302E-03 -1.04021E-06 1.44338E-03 
1.68276E-03 2.59583E-06 1.37507E-03 
4.80638E-02 3.57030E-02 1.95827E-05 
4.31538E-02 2.67957E-02 1.94767E-05 
3.82312E-02 1.96012E-02 1.92994E-05 
3.33408E-02 1.39058E-02 1.90694E-05 
2.86057E-02 9.56463E-03 1.87963E-05 
2.41555E-02 6.37677E-03 1.85256E-05 
2.01086E-02 4.12496E-03 1.83240E-05 
1.73082E-02 2.88724E-03 1.82675E-05 
1.65470E-02 2.59303E-03 1.82736E-05 
1.32851E-02 1.52430E-03 1.84920E-05 
1.06233E-02 8.69055E-04 1.91476E-05 
8.50507E-03 4.79055E-04 2.04269E-05 
6.84881E-03 2.52514E-04 2.25875E-05 
5.57481E-03 1.20660E-04 2.60850E-05 
4.59096E-03 4.87393E-05 3.14776E-05 
3.82191E-03 1.00178E-05 3.97564E-05 
3.21340E-03 -9.45142E-06 5.26016E-05 
2.72389E-03 -1.78660E-05 7.28760E-05 
2.32288E-03 -2.00570E-05 1.05467E-04 
1.99053E-03 -1.88881E-05 1.58615E-04 
1.71437E-03 -1.60941E-05 2.44466E-04 
1.49246E-03 -1.27354E-05 3.74932E-04 
1.33014E-03 -9.36719E-06 5.41138E-04 
1.21636E-03 -5.87901E-06 6.81932E-04 
1.10046E-03 -1.85648E-06 7.17828E-04 
9.50347E-04 2.27484E-06 6.49430E-04 
4.36909E-02 3.45377E-02 1.77230E-05 
3.89237E-02 2.57101E-02 1.74707E-05 
3.41608E-02 1.86222E-02 1.71276E-05 
2.94531E-02 1.30513E-02 1.67116E-05 
2.49272E-02 8.84579E-03 1.62304E-05 
2.07191E-02 5.79669E-03 1.57282E-05 
1.69366E-02 3.67473E-03 1.52598E-05 
1.43536E-02 2.52708E-03 1.49661E-05 
1.36574E-02 2.25708E-03 1.48963E-05 
1.07083E-02 1.28903E-03 1.46990E-05 
8.34924E-03 7.09817E-04 1.48067E-05 
6.51358E-03 3.74126E-04 1.53339E-05 
5.11122E-03 1.84581E-04 1.64225E-05 
4.05527E-03 7.65388E-05 1.83294E-05 
3.26028E-03 2.02192E-05 2.13200E-05 
2.65314E-03 -8.58315E-06 2.58714E-05 
2.18372E-03 -2.17635E-05 3.27672E-05 
1.81439E-03 -2.61559E-05 4.32594E-05 
1.51774E-03 -2.57232E-05 5.92948E-05 
1.27599E-03 -2.27916E-05 8.38020E-05 
1.07622E-03 -1.87725E-05 1.19951E-04 
9.11689E-04 -1.45334E-05 1.67897E-04 
7.76277E-04 -1.04994E-05 2.15250E-04 
6.55126E-04 -6.44285E-06 2.31209E-04 
5.29514E-04 -1.89718E-06 1.95775E-04 
4.03756E-04 2.64985E-06 1.31788E-04 
3.95257E-02 3.31897E-02 1.59825E-05 
3.49472E-02 2.45128E-02 1.56185E-05 
3.03842E-02 1.75824E-02 1.51494E-05 
2.58982E-02 1.21744E-02 1.45962E-05 
2.16130E-02 8.12890E-03 1.39633E-05 
1.76693E-02 5.23276E-03 1.32954E-05 
1.41678E-02 3.24778E-03 1.26411E-05 
1.18088E-02 2.19185E-03 1.21833E-05 
1.11787E-02 1.94610E-03 1.20615E-05 
8.54052E-03 1.07674E-03 1.15778E-05 
6.47471E-03 5.69724E-04 1.13054E-05 
4.90426E-03 2.83976E-04 1.13025E-05 
3.73285E-03 1.27428E-04 1.16237E-05 
2.86877E-03 3.99939E-05 1.23763E-05 
2.23481E-03 -3.09305E-06 1.36093E-05 
1.76201E-03 -2.36084E-05 1.54262E-05 
1.40530E-03 -3.15738E-05 1.79571E-05 
1.13146E-03 -3.26374E-05 2.12855E-05 
9.16672E-04 -3.00271E-05 2.52476E-05 
7.44811E-04 -2.56276E-05 2.89271E-05 
6.03583E-04 -2.05833E-05 2.91507E-05 
4.82594E-04 -1.55996E-05 1.78603E-05 
3.67109E-04 -1.09799E-05 -1.92940E-05 
2.39789E-04 -6.39156E-06 -9.06441E-05 
1.06933E-04 -1.35973E-06 -1.73562E-04 
5.91046E-07 3.53053E-06 -2.30418E-04 
3.55017E-02 3.16021E-02 1.43311E-05 
3.11592E-02 2.31640E-02 1.38865E-05 
2.68455E-02 1.64595E-02 1.33305E-05 
2.26227E-02 1.12621E-02 1.26842E-05 
1.86149E-02 7.40860E-03 1.19519E-05 
1.49614E-02 4.68338E-03 1.11777E-05 
1.17585E-02 2.84406E-03 1.04075E-05 
9.62908E-03 1.88167E-03 9.84740E-06 
9.06546E-03 1.66012E-03 9.69299E-06 
6.73534E-03 8.87333E-04 9.02980E-06 
4.95068E-03 4.48334E-04 8.51156E-06 
3.62566E-03 2.07940E-04 8.15265E-06 
2.66063E-03 8.03269E-05 7.94236E-06 
1.96214E-03 1.03789E-05 7.87777E-06 
1.46256E-03 -2.17120E-05 7.85215E-06 
1.09839E-03 -3.54495E-05 7.70100E-06 
8.30365E-04 -3.91792E-05 7.08728E-06 
6.30139E-04 -3.75365E-05 5.26625E-06 
4.77504E-04 -3.31485E-05 5.85091E-07 
3.58222E-04 -2.75459E-05 -1.05524E-05 
2.60627E-04 -2.16602E-05 -3.57018E-05 
1.71746E-04 -1.60614E-05 -8.84361E-05 
7.04973E-05 -1.09402E-05 -1.83930E-04 
-6.19375E-05 -5.87147E-06 -3.14127E-04 
-1.99888E-04 -4.07603E-07 -4.26665E-04 
-2.90660E-04 4.74735E-06 -4.74749E-04 
3.15313E-02 2.96881E-02 1.27311E-05 
2.74791E-02 2.16030E-02 1.22355E-05 
2.34736E-02 1.52164E-02 1.16310E-05 
1.95632E-02 1.02923E-02 1.09331E-05 
1.58762E-02 6.67332E-03 1.01502E-05 
1.25444E-02 4.14323E-03 9.32416E-06 
9.66026E-03 2.46125E-03 8.49956E-06 
7.76766E-03 1.59536E-03 7.88999E-06 
7.27133E-03 1.39821E-03 7.71954E-06 
5.24502E-03 7.20042E-04 6.96339E-06 
3.72796E-03 3.44870E-04 6.30561E-06 
2.62781E-03 1.45268E-04 5.72644E-06 
1.84428E-03 4.26362E-05 5.16618E-06 
1.28581E-03 -1.27494E-05 4.54335E-06 
8.95520E-04 -3.59253E-05 3.64286E-06 
6.16626E-04 -4.42659E-05 2.11503E-06 
4.16270E-04 -4.46539E-05 -6.96922E-07 
2.71078E-04 -4.08841E-05 -6.10083E-06 
1.64255E-04 -3.51043E-05 -1.67531E-05 
8.34317E-05 -2.85683E-05 -3.80263E-05 
1.75239E-05 -2.20401E-05 -8.03284E-05 
-4.81232E-05 -1.59758E-05 -1.60635E-04 
-1.39145E-04 -1.04641E-05 -2.94092E-04 
-2.74952E-04 -5.00301E-06 -4.61014E-04 
-4.15394E-04 8.00516E-07 -5.89479E-04 
-4.93103E-04 6.11806E-06 -6.27807E-04 
2.75181E-02 2.73364E-02 1.11408E-05 
2.38208E-02 1.97541E-02 1.06239E-05 
2.01842E-02 1.37989E-02 1.00050E-05 
1.66450E-02 9.23182E-03 9.29594E-06 
1.33308E-02 5.90398E-03 8.50873E-06 
1.03604E-02 3.60226E-03 7.68162E-06 
7.81983E-03 2.09416E-03 6.85731E-06 
6.17428E-03 1.32990E-03 6.24463E-06 
5.74653E-03 1.15773E-03 6.07217E-06 
4.02182E-03 5.73418E-04 5.29535E-06 
2.75904E-03 2.58361E-04 4.58329E-06 
1.86358E-03 9.53169E-05 3.89150E-06 
1.23801E-03 1.40150E-05 3.12571E-06 
7.96189E-04 -2.94005E-05 2.15236E-06 
4.92865E-04 -4.55602E-05 6.88361E-07 
2.79099E-04 -4.97828E-05 -1.73121E-06 
1.28837E-04 -4.76897E-05 -5.95904E-06 
2.35529E-05 -4.23918E-05 -1.36425E-05 
-5.04203E-05 -3.56577E-05 -2.80291E-05 
-1.03796E-04 -2.85245E-05 -5.55038E-05 
-1.47098E-04 -2.16223E-05 -1.08025E-04 
-1.95891E-04 -1.53105E-05 -2.04174E-04 
-2.78554E-04 -9.58871E-06 -3.58321E-04 
-4.14230E-04 -3.90099E-06 -5.43232E-04 
-5.53027E-04 2.07124E-06 -6.76167E-04 
-6.18815E-04 7.39364E-06 -7.04353E-04 
2.33945E-02 2.44533E-02 9.52876E-06 
2.01139E-02 1.75461E-02 9.01609E-06 
1.69025E-02 1.21518E-02 8.41122E-06 
1.37964E-02 8.04327E-03 7.72759E-06 
1.09104E-02 5.07632E-03 6.97776E-06 
8.34665E-03 3.04624E-03 6.19596E-06 
6.18083E-03 1.73495E-03 5.42172E-06 
4.79616E-03 1.08042E-03 4.84698E-06 
4.43918E-03 9.34411E-04 4.68475E-06 
3.01738E-03 4.45270E-04 3.94956E-06 
1.99819E-03 1.87755E-04 3.25603E-06 
1.28972E-03 5.77911E-05 2.54425E-06 
8.01934E-04 -5.26062E-06 1.70149E-06 
4.57798E-04 -3.87659E-05 5.68007E-07 
2.23709E-04 -4.96022E-05 -1.16597E-06 
5.96530E-05 -5.09456E-05 -4.01052E-06 
-5.37072E-05 -4.73093E-05 -8.89117E-06 
-1.30317E-04 -4.12227E-05 -1.75693E-05 
-1.81056E-04 -3.41436E-05 -3.34661E-05 
-2.15166E-04 -2.69280E-05 -6.32078E-05 
-2.42440E-04 -2.00899E-05 -1.18969E-04 
-2.78450E-04 -1.39032E-05 -2.19128E-04 
-3.51896E-04 -8.29818E-06 -3.76485E-04 
-4.80615E-04 -2.70504E-06 -5.60473E-04 
-6.10660E-04 3.11024E-06 -6.86589E-04 
-6.64368E-04 8.16572E-06 -7.05029E-04 
1.92023E-02 2.10619E-02 7.90139E-06 
1.63719E-02 1.49806E-02 7.40849E-06 
1.36243E-02 1.02694E-02 6.83861E-06 
1.09965E-02 6.71740E-03 6.20784E-06 
8.58095E-03 4.18037E-03 5.52737E-06 
6.46388E-03 2.46779E-03 4.82947E-06 
4.69951E-03 1.37794E-03 4.14583E-06 
3.58877E-03 8.42749E-04 3.64347E-06 
3.30489E-03 7.24524E-04 3.50199E-06 
2.18780E-03 3.33367E-04 2.86157E-06 
1.40368E-03 1.32091E-04 2.25209E-06 
8.68314E-04 3.27920E-05 1.61013E-06 
5.03735E-04 -1.42239E-05 8.25564E-07 
2.45636E-04 -3.90986E-05 -2.56217E-07 
7.03379E-05 -4.60535E-05 -1.92241E-06 
-5.26220E-05 -4.57701E-05 -4.64436E-06 
-1.36561E-04 -4.17188E-05 -9.27142E-06 
-1.91390E-04 -3.58770E-05 -1.74084E-05 
-2.25419E-04 -2.93898E-05 -3.21449E-05 
-2.46284E-04 -2.29276E-05 -5.94125E-05 
-2.62449E-04 -1.68855E-05 -1.09983E-04 
-2.87889E-04 -1.14579E-05 -1.99840E-04 
-3.48131E-04 -6.54006E-06 -3.39297E-04 
-4.58173E-04 -1.61628E-06 -4.99704E-04 
-5.68087E-04 3.46565E-06 -6.06034E-04 
-6.08612E-04 7.79823E-06 -6.16360E-04 
1.51658E-02 1.74144E-02 6.33370E-06 
1.27855E-02 1.22408E-02 5.87014E-06 
1.05054E-02 8.27979E-03 5.34839E-06 
8.36154E-03 5.33673E-03 4.78637E-06 
6.42427E-03 3.26696E-03 4.19503E-06 
4.75769E-03 1.89393E-03 3.60257E-06 
3.39518E-03 1.03646E-03 3.03429E-06 
2.55366E-03 6.23310E-04 2.62457E-06 
2.34086E-03 5.33060E-04 2.51024E-06 
1.51503E-03 2.38502E-04 1.99898E-06 
9.48657E-04 9.06310E-05 1.52077E-06 
5.69833E-04 1.94885E-05 1.02338E-06 
3.15662E-04 -1.33211E-05 4.20718E-07 
1.36596E-04 -3.03630E-05 -4.04930E-07 
1.56730E-05 -3.45696E-05 -1.66602E-06 
-6.88423E-05 -3.37722E-05 -3.71048E-06 
-1.25913E-04 -3.04401E-05 -7.16258E-06 
-1.62312E-04 -2.59575E-05 -1.31975E-05 
-1.83899E-04 -2.11129E-05 -2.40684E-05 
-1.96225E-04 -1.63578E-05 -4.40825E-05 
-2.05477E-04 -1.19508E-05 -8.10193E-05 
-2.21914E-04 -8.01064E-06 -1.46321E-04 
-2.64136E-04 -4.44133E-06 -2.47085E-04 
-3.42714E-04 -8.61278E-07 -3.62037E-04 
-4.20646E-04 2.81853E-06 -4.36887E-04 
-4.47519E-04 5.92101E-06 -4.42083E-04 
---
