PdfType: replica
Format: lhagrid1
---
1.00000E-06 1.28121E-06 1.64152E-06 2.10317E-06 2.69463E-06 3.45242E-06 4.42329E-06 5.66715E-06 7.26076E-06 9.30241E-06 1.19180E-05 1.52689E-05 1.95617E-05 2.50609E-05 3.21053E-05 4.11287E-05 5.26863E-05 6.74889E-05 8.64459E-05 1.10720E-04 1.41800E-04 1.81585E-04 2.32503E-04 2.97652E-04 3.80981E-04 4.87518E-04 6.26039E-04 8.00452E-04 1.02297E-03 1.30657E-03 1.66759E-03 2.12729E-03 2.71054E-03 3.44865E-03 4.37927E-03 5.54908E-03 7.01192E-03 8.83064E-03 1.10763E-02 1.38266E-02 1.71641E-02 2.11717E-02 2.59364E-02 3.15062E-02 3.79623E-02 4.53425E-02 5.36750E-02 6.29705E-02 7.32221E-02 8.44039E-02 9.64793E-02 1.09332E-01 1.23067E-01 1.37507E-01 1.52639E-01 1.68416E-01 1.84794E-01 2.01731E-01 2.19016E-01 2.36948E-01 2.55242E-01 2.73927E-01 2.92954E-01 3.12340E-01 3.32036E-01 3.52019E-01 3.72282E-01 3.92772E-01 4.13533E-01 4.34326E-01 4.55495E-01 4.76836E-01 4.98342E-01 5.20006E-01 5.41818E-01 5.63773E-01 5.85861E-01 6.08077E-01 6.30459E-01 6.52800E-01 6.75387E-01 6.98063E-01 7.20830E-01 7.43683E-01 7.66623E-01 7.89636E-01 8.12791E-01 8.35940E-01 8.59175E-01 8.82485E-01 9.05866E-01 9.29311E-01 9.52817E-01 9.76387E-01 1.00000E+00 
1.14018E+00 1.22539E+00 1.32482E+00 1.44156E+00 1.57954E+00 1.74381E+00 1.94091E+00 2.12132E+00 2.17945E+00 2.49622E+00 2.89383E+00 3.39925E+00 4.05063E+00 4.90286E+00 6.03623E+00 7.57063E+00 9.68869E+00 1.26749E+01 1.69835E+01 2.33578E+01 3.30501E+01 4.82334E+01 7.28041E+01 1.13998E+02 1.85779E+02 3.16228E+02 
908 909 910 
8.35360E-01 4.87536E-02 4.20855E-01 
8.50197E-01 5.75546E-02 4.93805E-01 
8.83512E-01 7.36833E-02 5.85909E-01 
9.44371E-01 9.81567E-02 7.03155E-01 
1.02699E+00 1.27884E-01 8.55158E-01 
1.13524E+00 1.63644E-01 1.05772E+00 
1.27352E+00 2.06258E-01 1.32935E+00 
1.40358E+00 2.44365E-01 1.60399E+00 
1.44610E+00 2.56482E-01 1.69965E+00 
1.67710E+00 3.20145E-01 2.26192E+00 
1.96204E+00 3.94691E-01 3.08442E+00 
2.30968E+00 4.80878E-01 4.31694E+00 
2.72931E+00 5.80158E-01 6.20709E+00 
3.23057E+00 7.49637E-01 9.21530E+00 
3.83013E+00 8.89171E-01 1.41548E+01 
4.55631E+00 1.04505E+00 2.25059E+01 
5.43071E+00 1.21829E+00 3.71872E+01 
6.47748E+00 1.40928E+00 6.39639E+01 
7.72753E+00 1.61905E+00 1.14539E+02 
9.22654E+00 1.85028E+00 2.13208E+02 
1.10649E+01 2.11261E+00 4.08272E+02 
1.34889E+01 2.44087E+00 7.81649E+02 
1.71625E+01 2.93176E+00 1.41932E+03 
2.31157E+01 3.71370E+00 2.27333E+03 
3.12589E+01 4.70474E+00 3.06151E+03 
3.99143E+01 5.60747E+00 3.54978E+03 
1.55500E+00 9.02040E-02 7.02021E-01 
1.58358E+00 1.06949E-01 8.23273E-01 
1.64725E+00 1.37609E-01 9.76447E-01 
1.76306E+00 1.84149E-01 1.17263E+00 
1.91959E+00 2.40505E-01 1.42781E+00 
2.12367E+00 3.08066E-01 1.76473E+00 
2.38322E+00 3.88343E-01 2.21722E+00 
2.62721E+00 4.60061E-01 2.67631E+00 
2.70652E+00 4.82754E-01 2.83433E+00 
3.13802E+00 6.02101E-01 3.77316E+00 
3.66880E+00 7.41330E-01 5.14409E+00 
4.31476E+00 9.02027E-01 7.19978E+00 
5.09333E+00 1.08572E+00 1.03606E+01 
6.02295E+00 1.40047E+00 1.53723E+01 
7.13215E+00 1.65697E+00 2.35848E+01 
8.47344E+00 1.94312E+00 3.75063E+01 
1.00842E+01 2.25991E+00 6.19669E+01 
1.20088E+01 2.60819E+00 1.06619E+02 
1.43019E+01 2.98936E+00 1.91047E+02 
1.70446E+01 3.40796E+00 3.55668E+02 
2.04005E+01 3.88150E+00 6.80595E+02 
2.48218E+01 4.47368E+00 1.30339E+03 
3.15235E+01 5.36077E+00 2.36783E+03 
4.23744E+01 6.77403E+00 3.79180E+03 
5.71907E+01 8.56137E+00 5.10665E+03 
7.28844E+01 1.01795E+01 5.92057E+03 
1.47483E+00 8.48814E-02 5.82501E-01 
1.50324E+00 1.01265E-01 6.82942E-01 
1.56595E+00 1.31218E-01 8.10218E-01 
1.67862E+00 1.76440E-01 9.72853E-01 
1.83016E+00 2.31064E-01 1.18470E+00 
2.02677E+00 2.96355E-01 1.46409E+00 
2.27562E+00 3.73657E-01 1.83921E+00 
2.50893E+00 4.42535E-01 2.22030E+00 
2.58450E+00 4.64257E-01 2.35061E+00 
2.99534E+00 5.78368E-01 3.12942E+00 
3.49895E+00 7.10928E-01 4.26567E+00 
4.10995E+00 8.63331E-01 5.97002E+00 
4.84454E+00 1.03670E+00 8.59463E+00 
5.72228E+00 1.33366E+00 1.27506E+01 
6.76662E+00 1.57339E+00 1.95532E+01 
8.02567E+00 1.83976E+00 3.10914E+01 
9.53310E+00 2.13339E+00 5.13712E+01 
1.13288E+01 2.45485E+00 8.83740E+01 
1.34624E+01 2.80517E+00 1.58376E+02 
1.60073E+01 3.18832E+00 2.94837E+02 
1.91138E+01 3.62034E+00 5.64106E+02 
2.31999E+01 4.15996E+00 1.08011E+03 
2.93934E+01 4.96989E+00 1.96248E+03 
3.94154E+01 6.26123E+00 3.14247E+03 
5.30676E+01 7.88957E+00 4.23199E+03 
6.74654E+01 9.35258E+00 4.90620E+03 
1.39240E+00 7.94566E-02 4.80947E-01 
1.42065E+00 9.54682E-02 5.63795E-01 
1.48207E+00 1.24585E-01 6.68812E-01 
1.59136E+00 1.68370E-01 8.02997E-01 
1.73730E+00 2.21079E-01 9.77480E-01 
1.92589E+00 2.83916E-01 1.20831E+00 
2.16339E+00 3.58022E-01 1.51760E+00 
2.38540E+00 4.23850E-01 1.83220E+00 
2.45722E+00 4.44583E-01 1.93988E+00 
2.84635E+00 5.53126E-01 2.58170E+00 
3.32189E+00 6.78717E-01 3.51932E+00 
3.89679E+00 8.22451E-01 4.92376E+00 
4.58586E+00 9.85186E-01 7.08635E+00 
5.41059E+00 1.26394E+00 1.05157E+01 
6.38923E+00 1.48680E+00 1.61301E+01 
7.56466E+00 1.73324E+00 2.56390E+01 
8.96787E+00 2.00378E+00 4.23646E+01 
1.06341E+01 2.29863E+00 7.28612E+01 
1.26083E+01 2.61857E+00 1.30565E+02 
1.49566E+01 2.96706E+00 2.43035E+02 
1.78168E+01 3.35873E+00 4.65067E+02 
2.15727E+01 3.84739E+00 8.90272E+02 
2.72641E+01 4.58222E+00 1.61733E+03 
3.64697E+01 5.75510E+00 2.58974E+03 
4.89802E+01 7.22966E+00 3.48752E+03 
6.21153E+01 8.54424E+00 4.04305E+03 
1.31454E+00 7.43280E-02 3.96876E-01 
1.34276E+00 9.00330E-02 4.65251E-01 
1.40284E+00 1.18317E-01 5.51642E-01 
1.50890E+00 1.60745E-01 6.62465E-01 
1.64959E+00 2.11649E-01 8.06430E-01 
1.83028E+00 2.72086E-01 9.96386E-01 
2.05696E+00 3.43130E-01 1.25133E+00 
2.26818E+00 4.06034E-01 1.51091E+00 
2.33630E+00 4.25796E-01 1.59945E+00 
2.70492E+00 5.29030E-01 2.12890E+00 
3.15360E+00 6.47909E-01 2.90124E+00 
3.69442E+00 7.83392E-01 4.05929E+00 
4.34057E+00 9.36102E-01 5.84116E+00 
5.11458E+00 1.19760E+00 8.66357E+00 
6.03085E+00 1.40435E+00 1.32913E+01 
7.12767E+00 1.63210E+00 2.11271E+01 
8.43260E+00 1.88100E+00 3.48982E+01 
9.97776E+00 2.15109E+00 6.00345E+01 
1.18028E+01 2.44282E+00 1.07558E+02 
1.39679E+01 2.75923E+00 2.00213E+02 
1.65983E+01 3.11362E+00 3.83033E+02 
2.00486E+01 3.55552E+00 7.33430E+02 
2.52747E+01 4.22133E+00 1.33227E+03 
3.37231E+01 5.28520E+00 2.13311E+03 
4.51777E+01 6.61871E+00 2.87254E+03 
5.71504E+01 7.79813E+00 3.33018E+03 
1.24102E+00 6.94763E-02 3.27135E-01 
1.26927E+00 8.49128E-02 3.83562E-01 
1.32810E+00 1.12410E-01 4.54714E-01 
1.43092E+00 1.53520E-01 5.45872E-01 
1.56659E+00 2.02702E-01 6.64624E-01 
1.73985E+00 2.60873E-01 8.21235E-01 
1.95610E+00 3.28956E-01 1.03105E+00 
2.15686E+00 3.89028E-01 1.24472E+00 
2.22153E+00 4.07869E-01 1.31771E+00 
2.57046E+00 5.05988E-01 1.75369E+00 
2.99372E+00 6.18475E-01 2.39001E+00 
3.50207E+00 7.46049E-01 3.34321E+00 
4.10772E+00 8.89243E-01 4.81182E+00 
4.83381E+00 1.13412E+00 7.13619E+00 
5.69083E+00 1.32587E+00 1.09430E+01 
6.71366E+00 1.53614E+00 1.73999E+01 
7.92633E+00 1.76482E+00 2.87377E+01 
9.35781E+00 2.01181E+00 4.94319E+01 
1.10436E+01 2.27737E+00 8.85619E+01 
1.30380E+01 2.56414E+00 1.64863E+02 
1.54551E+01 2.88422E+00 3.15373E+02 
1.86208E+01 3.28300E+00 6.03796E+02 
2.34159E+01 3.88543E+00 1.09691E+03 
3.11638E+01 4.84926E+00 1.75635E+03 
4.16428E+01 6.05364E+00 2.36523E+03 
5.25453E+01 7.11000E+00 2.74214E+03 
1.17164E+00 6.48905E-02 2.69428E-01 
1.19974E+00 8.00183E-02 3.15850E-01 
1.25760E+00 1.06852E-01 3.74537E-01 
1.35735E+00 1.46709E-01 4.49504E-01 
1.48806E+00 1.94214E-01 5.47151E-01 
1.65411E+00 2.50191E-01 6.76026E-01 
1.86048E+00 3.15460E-01 8.48917E-01 
2.05123E+00 3.72810E-01 1.02459E+00 
2.11258E+00 3.90762E-01 1.08477E+00 
2.44278E+00 4.83984E-01 1.44361E+00 
2.84181E+00 5.90343E-01 1.96744E+00 
3.31937E+00 7.10344E-01 2.75171E+00 
3.88648E+00 8.44370E-01 3.95939E+00 
4.56734E+00 1.07372E+00 5.87393E+00 
5.36846E+00 1.25130E+00 9.00591E+00 
6.32125E+00 1.44509E+00 1.43175E+01 
7.44745E+00 1.65488E+00 2.36538E+01 
8.77237E+00 1.88037E+00 4.06741E+01 
1.03283E+01 2.12168E+00 7.28941E+01 
1.21634E+01 2.38105E+00 1.35659E+02 
1.43827E+01 2.66961E+00 2.59579E+02 
1.72849E+01 3.02887E+00 4.96976E+02 
2.16799E+01 3.57301E+00 9.02833E+02 
2.87795E+01 4.44503E+00 1.44567E+03 
3.83577E+01 5.53121E+00 1.94695E+03 
4.82760E+01 6.47578E+00 2.25742E+03 
1.10615E+00 6.05565E-02 2.21763E-01 
1.13413E+00 7.54033E-02 2.59892E-01 
1.19100E+00 1.01585E-01 3.08145E-01 
1.28789E+00 1.40278E-01 3.69908E-01 
1.41385E+00 1.86185E-01 4.50171E-01 
1.57300E+00 2.40060E-01 5.56171E-01 
1.76973E+00 3.02593E-01 6.98295E-01 
1.95101E+00 3.57341E-01 8.42959E-01 
2.00911E+00 3.74423E-01 8.92219E-01 
2.32133E+00 4.62919E-01 1.18721E+00 
2.69731E+00 5.63402E-01 1.61803E+00 
3.14575E+00 6.76224E-01 2.26333E+00 
3.67653E+00 8.01489E-01 3.25650E+00 
4.31437E+00 1.01617E+00 4.83137E+00 
5.06277E+00 1.18040E+00 7.40898E+00 
5.94962E+00 1.35874E+00 1.17767E+01 
6.99447E+00 1.55088E+00 1.94570E+01 
8.21982E+00 1.75639E+00 3.34618E+01 
9.65433E+00 1.97522E+00 5.99686E+01 
1.13416E+01 2.20937E+00 1.11620E+02 
1.33767E+01 2.46890E+00 2.13563E+02 
1.60348E+01 2.79192E+00 4.08936E+02 
2.00600E+01 3.28268E+00 7.42960E+02 
2.65593E+01 4.07043E+00 1.18975E+03 
3.53066E+01 5.04865E+00 1.60249E+03 
4.43209E+01 5.89179E+00 1.85829E+03 
1.04436E+00 5.64600E-02 1.82328E-01 
1.07238E+00 7.11006E-02 2.13711E-01 
1.12814E+00 9.66083E-02 2.53282E-01 
1.22229E+00 1.34196E-01 3.04123E-01 
1.34365E+00 1.78572E-01 3.70083E-01 
1.49616E+00 2.30434E-01 4.57326E-01 
1.68375E+00 2.90346E-01 5.74201E-01 
1.85583E+00 3.42571E-01 6.92981E-01 
1.91100E+00 3.58855E-01 7.33802E-01 
2.20613E+00 4.42833E-01 9.76298E-01 
2.56017E+00 5.37690E-01 1.33065E+00 
2.98092E+00 6.43640E-01 1.86110E+00 
3.47724E+00 7.60615E-01 2.67746E+00 
4.07431E+00 9.61284E-01 3.97245E+00 
4.77286E+00 1.11299E+00 6.09220E+00 
5.59772E+00 1.27687E+00 9.68535E+00 
6.56618E+00 1.45254E+00 1.60004E+01 
7.69838E+00 1.63947E+00 2.75239E+01 
9.01962E+00 1.83752E+00 4.93210E+01 
1.05693E+01 2.04842E+00 9.18277E+01 
1.24339E+01 2.28135E+00 1.75716E+02 
1.48657E+01 2.57114E+00 3.36456E+02 
1.85489E+01 3.01303E+00 6.11376E+02 
2.44935E+01 3.72364E+00 9.79187E+02 
3.24744E+01 4.60328E+00 1.31907E+03 
4.06585E+01 5.35442E+00 1.52987E+03 
9.86099E-01 5.25927E-02 1.49825E-01 
1.01408E+00 6.70146E-02 1.75634E-01 
1.06905E+00 9.19709E-02 2.08193E-01 
1.16035E+00 1.28462E-01 2.49920E-01 
1.27737E+00 1.71386E-01 3.04220E-01 
1.42336E+00 2.21276E-01 3.75755E-01 
1.60219E+00 2.78676E-01 4.71953E-01 
1.76550E+00 3.28483E-01 5.69540E-01 
1.81772E+00 3.43965E-01 6.03039E-01 
2.09658E+00 4.23608E-01 8.02486E-01 
2.42977E+00 5.13089E-01 1.09378E+00 
2.82434E+00 6.12516E-01 1.52999E+00 
3.28826E+00 7.21801E-01 2.20169E+00 
3.84658E+00 9.09133E-01 3.26558E+00 
4.49804E+00 1.04894E+00 5.00909E+00 
5.26450E+00 1.19926E+00 7.96378E+00 
6.16137E+00 1.35957E+00 1.31583E+01 
7.20642E+00 1.52927E+00 2.26355E+01 
8.42222E+00 1.70812E+00 4.05727E+01 
9.84382E+00 1.89761E+00 7.55335E+01 
1.15504E+01 2.10615E+00 1.44569E+02 
1.37732E+01 2.36562E+00 2.76895E+02 
1.71397E+01 2.76273E+00 5.03182E+02 
2.25721E+01 3.40277E+00 8.06023E+02 
2.98466E+01 4.19246E+00 1.08598E+03 
3.72689E+01 4.86037E+00 1.25980E+03 
9.31176E-01 4.89387E-02 1.23093E-01 
9.59045E-01 6.31391E-02 1.44261E-01 
1.01337E+00 8.76150E-02 1.71088E-01 
1.10191E+00 1.23055E-01 2.05309E-01 
1.21466E+00 1.64569E-01 2.49929E-01 
1.35454E+00 2.12603E-01 3.08825E-01 
1.52477E+00 2.67546E-01 3.87716E-01 
1.67977E+00 3.15036E-01 4.68050E-01 
1.72918E+00 3.29755E-01 4.95481E-01 
1.99242E+00 4.05208E-01 6.59295E-01 
2.30574E+00 4.89535E-01 8.98666E-01 
2.67548E+00 5.82703E-01 1.25740E+00 
3.10875E+00 6.84543E-01 1.80976E+00 
3.63060E+00 8.59288E-01 2.68511E+00 
4.23749E+00 9.88025E-01 4.11800E+00 
4.94911E+00 1.12571E+00 6.54931E+00 
5.77879E+00 1.27172E+00 1.08204E+01 
6.74244E+00 1.42544E+00 1.86194E+01 
7.85985E+00 1.58655E+00 3.33726E+01 
9.16280E+00 1.75640E+00 6.21509E+01 
1.07228E+01 1.94261E+00 1.18963E+02 
1.27522E+01 2.17434E+00 2.27892E+02 
1.58261E+01 2.53054E+00 4.14226E+02 
2.07861E+01 3.10613E+00 6.63678E+02 
2.74104E+01 3.81393E+00 8.94404E+02 
3.41343E+01 4.40659E+00 1.03781E+03 
8.79483E-01 4.54998E-02 1.01133E-01 
9.07225E-01 5.95015E-02 1.18485E-01 
9.60760E-01 8.34616E-02 1.40537E-01 
1.04684E+00 1.17970E-01 1.68705E-01 
1.15542E+00 1.58129E-01 2.05320E-01 
1.28927E+00 2.04347E-01 2.53690E-01 
1.45147E+00 2.56967E-01 3.18677E-01 
1.59836E+00 3.02202E-01 3.84590E-01 
1.64516E+00 3.16195E-01 4.07260E-01 
1.89359E+00 3.87667E-01 5.42008E-01 
2.18799E+00 4.67034E-01 7.38708E-01 
2.53416E+00 5.54203E-01 1.03370E+00 
2.93834E+00 6.48924E-01 1.48745E+00 
3.42566E+00 8.11883E-01 2.20767E+00 
3.99065E+00 9.30210E-01 3.38681E+00 
4.65056E+00 1.05604E+00 5.38594E+00 
5.41742E+00 1.18874E+00 8.90182E+00 
6.30499E+00 1.32765E+00 1.53185E+01 
7.33102E+00 1.47244E+00 2.74632E+01 
8.52362E+00 1.62424E+00 5.11525E+01 
9.94809E+00 1.79005E+00 9.79367E+01 
1.17988E+01 1.99650E+00 1.87650E+02 
1.46028E+01 2.31538E+00 3.41144E+02 
1.91264E+01 2.83206E+00 5.46706E+02 
2.51524E+01 3.46537E+00 7.36961E+02 
3.12368E+01 3.99010E+00 8.55361E+02 
8.30793E-01 4.22547E-02 8.30776E-02 
8.58604E-01 5.61447E-02 9.73777E-02 
9.11559E-01 7.96801E-02 1.15496E-01 
9.94916E-01 1.13191E-01 1.38596E-01 
1.09951E+00 1.52057E-01 1.68745E-01 
1.22758E+00 1.96534E-01 2.08503E-01 
1.38190E+00 2.46881E-01 2.61890E-01 
1.52113E+00 2.89964E-01 3.16136E-01 
1.56535E+00 3.03247E-01 3.34709E-01 
1.79959E+00 3.70864E-01 4.45519E-01 
2.07608E+00 4.45518E-01 6.07340E-01 
2.39994E+00 5.27033E-01 8.49914E-01 
2.77680E+00 6.15075E-01 1.22335E+00 
3.23127E+00 7.66782E-01 1.81535E+00 
3.75670E+00 8.75297E-01 2.78593E+00 
4.36807E+00 9.90042E-01 4.43031E+00 
5.07608E+00 1.11037E+00 7.32516E+00 
5.89271E+00 1.23560E+00 1.26065E+01 
6.83361E+00 1.36533E+00 2.26078E+01 
7.92402E+00 1.50061E+00 4.21185E+01 
9.22307E+00 1.64781E+00 8.06543E+01 
1.09088E+01 1.83122E+00 1.54578E+02 
1.34642E+01 2.11613E+00 2.81105E+02 
1.75853E+01 2.57910E+00 4.50600E+02 
2.30614E+01 3.14470E+00 6.07580E+02 
2.85605E+01 3.60824E+00 7.05420E+02 
7.84964E-01 3.91961E-02 6.82157E-02 
8.12779E-01 5.29629E-02 7.99955E-02 
8.65040E-01 7.60655E-02 9.48618E-02 
9.45981E-01 1.08705E-01 1.13884E-01 
1.04666E+00 1.46321E-01 1.38660E-01 
1.16922E+00 1.89128E-01 1.71406E-01 
1.31590E+00 2.37275E-01 2.15208E-01 
1.44780E+00 2.78285E-01 2.59915E-01 
1.48955E+00 2.90888E-01 2.75132E-01 
1.71024E+00 3.54790E-01 3.66232E-01 
1.96967E+00 4.24930E-01 4.99365E-01 
2.27239E+00 5.01062E-01 6.98827E-01 
2.62347E+00 5.82768E-01 1.00636E+00 
3.04700E+00 7.23771E-01 1.49363E+00 
3.53514E+00 8.23134E-01 2.29242E+00 
4.10100E+00 9.27576E-01 3.64718E+00 
4.75381E+00 1.03642E+00 6.02938E+00 
5.50431E+00 1.14898E+00 1.03816E+01 
6.36606E+00 1.26488E+00 1.86180E+01 
7.36174E+00 1.38505E+00 3.46937E+01 
8.54500E+00 1.51530E+00 6.64619E+01 
1.00785E+01 1.67775E+00 1.27400E+02 
1.24043E+01 1.93170E+00 2.31760E+02 
1.61555E+01 2.34583E+00 3.71632E+02 
2.11262E+01 2.84999E+00 5.01261E+02 
2.60901E+01 3.25847E+00 5.82182E+02 
7.41947E-01 3.63352E-02 5.60730E-02 
7.69639E-01 4.99641E-02 6.57425E-02 
8.21356E-01 7.26981E-02 7.79740E-02 
8.99921E-01 1.04509E-01 9.36147E-02 
9.96816E-01 1.40925E-01 1.13984E-01 
1.11394E+00 1.82104E-01 1.40893E-01 
1.25340E+00 2.28150E-01 1.76990E-01 
1.37817E+00 2.67146E-01 2.13700E-01 
1.41765E+00 2.79109E-01 2.26313E-01 
1.62544E+00 3.39469E-01 3.01282E-01 
1.86868E+00 4.05281E-01 4.10892E-01 
2.15132E+00 4.76225E-01 5.75004E-01 
2.47798E+00 5.51900E-01 8.28069E-01 
2.87228E+00 6.82876E-01 1.22933E+00 
3.32518E+00 7.73616E-01 1.88684E+00 
3.84832E+00 8.68441E-01 3.00310E+00 
4.44960E+00 9.66623E-01 4.96589E+00 
5.13846E+00 1.06752E+00 8.55141E+00 
5.92692E+00 1.17075E+00 1.53449E+01 
6.83482E+00 1.27710E+00 2.86001E+01 
7.91109E+00 1.39192E+00 5.48000E+01 
9.30452E+00 1.53539E+00 1.05088E+02 
1.14187E+01 1.76117E+00 1.91211E+02 
1.48292E+01 2.13086E+00 3.06716E+02 
1.93361E+01 2.57937E+00 4.13864E+02 
2.38112E+01 2.93839E+00 4.80863E+02 
7.01616E-01 3.36646E-02 4.61066E-02 
7.29244E-01 4.72104E-02 5.40525E-02 
7.80503E-01 6.96377E-02 6.41202E-02 
8.56674E-01 1.00623E-01 7.70019E-02 
9.49827E-01 1.35868E-01 9.37539E-02 
1.06165E+00 1.75467E-01 1.15873E-01 
1.19419E+00 2.19488E-01 1.45638E-01 
1.31211E+00 2.56539E-01 1.75810E-01 
1.34933E+00 2.67861E-01 1.86176E-01 
1.54482E+00 3.24811E-01 2.47933E-01 
1.77259E+00 3.86471E-01 3.38101E-01 
2.03635E+00 4.52506E-01 4.73359E-01 
2.34000E+00 5.22411E-01 6.81733E-01 
2.70670E+00 6.43920E-01 1.01248E+00 
3.12646E+00 7.26655E-01 1.55423E+00 
3.60945E+00 8.12506E-01 2.47388E+00 
4.16267E+00 9.00831E-01 4.09277E+00 
4.79407E+00 9.90962E-01 7.04834E+00 
5.51429E+00 1.08253E+00 1.26512E+01 
6.34118E+00 1.17631E+00 2.35916E+01 
7.31878E+00 1.27713E+00 4.52150E+01 
8.58312E+00 1.40339E+00 8.67384E+01 
1.05031E+01 1.60369E+00 1.57895E+02 
1.36000E+01 1.93297E+00 2.53361E+02 
1.76815E+01 2.33111E+00 3.42002E+02 
2.17106E+01 2.64580E+00 3.97542E+02 
6.63836E-01 3.11820E-02 3.79172E-02 
6.91300E-01 4.46349E-02 4.44535E-02 
7.42235E-01 6.68162E-02 5.27448E-02 
8.15990E-01 9.70120E-02 6.33430E-02 
9.05539E-01 1.31141E-01 7.71514E-02 
1.01226E+00 1.69219E-01 9.53572E-02 
1.13799E+00 2.11254E-01 1.19838E-01 
1.24944E+00 2.46440E-01 1.44723E-01 
1.28451E+00 2.57155E-01 1.53241E-01 
1.46818E+00 3.10809E-01 2.04080E-01 
1.68134E+00 3.68495E-01 2.78371E-01 
1.92717E+00 4.29848E-01 3.89836E-01 
2.20916E+00 4.94417E-01 5.61589E-01 
2.54971E+00 6.06935E-01 8.34098E-01 
2.93841E+00 6.82137E-01 1.28118E+00 
3.38381E+00 7.59640E-01 2.03955E+00 
3.89204E+00 8.38816E-01 3.37528E+00 
4.47004E+00 9.19041E-01 5.81506E+00 
5.12706E+00 9.99966E-01 1.04400E+01 
5.87895E+00 1.08228E+00 1.94717E+01 
6.76568E+00 1.17043E+00 3.73382E+01 
7.91125E+00 1.28111E+00 7.16525E+01 
9.65235E+00 1.45827E+00 1.30486E+02 
1.24616E+01 1.75099E+00 2.09481E+02 
1.61534E+01 2.10362E+00 2.82901E+02 
1.97759E+01 2.37864E+00 3.29000E+02 
6.28489E-01 2.88947E-02 3.11964E-02 
6.55791E-01 4.22751E-02 3.65871E-02 
7.06311E-01 6.42122E-02 4.34012E-02 
7.77789E-01 9.36910E-02 5.21182E-02 
8.63779E-01 1.26736E-01 6.34951E-02 
9.65604E-01 1.63345E-01 7.85188E-02 
1.08474E+00 2.03452E-01 9.86492E-02 
1.18995E+00 2.36833E-01 1.19174E-01 
1.22298E+00 2.46970E-01 1.26208E-01 
1.39544E+00 2.97466E-01 1.68111E-01 
1.59468E+00 3.51352E-01 2.29384E-01 
1.82352E+00 4.08243E-01 3.21235E-01 
2.08508E+00 4.67492E-01 4.62911E-01 
2.40099E+00 5.71653E-01 6.87635E-01 
2.76036E+00 6.39883E-01 1.05643E+00 
3.17053E+00 7.09640E-01 1.68247E+00 
3.63683E+00 7.80384E-01 2.78495E+00 
4.16526E+00 8.51518E-01 4.80108E+00 
4.76377E+00 9.22723E-01 8.62190E+00 
5.44649E+00 9.94637E-01 1.60893E+01 
6.24949E+00 1.07131E+00 3.08620E+01 
7.28601E+00 1.16795E+00 5.92521E+01 
8.86290E+00 1.32421E+00 1.07950E+02 
1.14077E+01 1.58378E+00 1.73385E+02 
1.47431E+01 1.89538E+00 2.34276E+02 
1.79952E+01 2.13498E+00 2.72593E+02 
5.95519E-01 2.68112E-02 2.56814E-02 
6.22645E-01 4.01424E-02 3.01192E-02 
6.72918E-01 6.19421E-02 3.57400E-02 
7.42052E-01 9.06933E-02 4.29349E-02 
8.24504E-01 1.22671E-01 5.22947E-02 
9.21511E-01 1.57838E-01 6.46768E-02 
1.03437E+00 1.96097E-01 8.12914E-02 
1.13352E+00 2.27721E-01 9.81959E-02 
1.16457E+00 2.37286E-01 1.03977E-01 
1.32631E+00 2.84734E-01 1.38550E-01 
1.51238E+00 3.35010E-01 1.89124E-01 
1.72516E+00 3.87649E-01 2.64900E-01 
1.96750E+00 4.42351E-01 3.81806E-01 
2.26021E+00 5.38373E-01 5.67454E-01 
2.59201E+00 5.99881E-01 8.72115E-01 
2.96925E+00 6.62442E-01 1.38939E+00 
3.39640E+00 7.25385E-01 2.30007E+00 
3.87873E+00 7.88168E-01 3.96731E+00 
4.42306E+00 8.50504E-01 7.12633E+00 
5.04195E+00 9.12981E-01 1.33059E+01 
5.76803E+00 9.79322E-01 2.55357E+01 
6.70440E+00 1.06330E+00 4.90488E+01 
8.13071E+00 1.20071E+00 8.94121E+01 
1.04332E+01 1.43032E+00 1.43683E+02 
1.34423E+01 1.70495E+00 1.94247E+02 
1.63576E+01 1.91300E+00 2.26152E+02 
5.64856E-01 2.49428E-02 2.11626E-02 
5.91841E-01 3.82749E-02 2.48214E-02 
6.41792E-01 5.99633E-02 2.94479E-02 
7.08602E-01 8.80074E-02 3.53819E-02 
7.87605E-01 1.18956E-01 4.31037E-02 
8.79903E-01 1.52721E-01 5.33159E-02 
9.86676E-01 1.89168E-01 6.70332E-02 
1.08003E+00 2.19095E-01 8.09699E-02 
1.10922E+00 2.28112E-01 8.57637E-02 
1.26067E+00 2.72619E-01 1.14273E-01 
1.43415E+00 3.19381E-01 1.56011E-01 
1.63185E+00 3.67940E-01 2.18676E-01 
1.85604E+00 4.17997E-01 3.15192E-01 
2.12681E+00 5.06589E-01 4.68560E-01 
2.43274E+00 5.61982E-01 7.20288E-01 
2.77922E+00 6.17884E-01 1.14822E+00 
3.16998E+00 6.73638E-01 1.90202E+00 
3.60952E+00 7.28775E-01 3.28130E+00 
4.10380E+00 7.83038E-01 5.89814E+00 
4.66386E+00 8.36984E-01 1.10157E+01 
5.31928E+00 8.94024E-01 2.11531E+01 
6.16389E+00 9.66648E-01 4.06560E+01 
7.45199E+00 1.08704E+00 7.41496E+01 
9.53261E+00 1.28963E+00 1.19230E+02 
1.22438E+01 1.53107E+00 1.61293E+02 
1.48531E+01 1.71105E+00 1.87902E+02 
5.36408E-01 2.33143E-02 1.74428E-02 
5.63093E-01 3.66161E-02 2.04632E-02 
6.12932E-01 5.83149E-02 2.42786E-02 
6.77362E-01 8.56650E-02 2.91765E-02 
7.52947E-01 1.15600E-01 3.55508E-02 
8.40639E-01 1.47986E-01 4.39774E-02 
9.41520E-01 1.82676E-01 5.53056E-02 
1.02932E+00 2.10950E-01 6.68282E-02 
1.05667E+00 2.19430E-01 7.07713E-02 
1.19837E+00 2.61109E-01 9.43390E-02 
1.35992E+00 3.04514E-01 1.28809E-01 
1.54326E+00 3.49260E-01 1.80586E-01 
1.75042E+00 3.94573E-01 2.60450E-01 
2.00061E+00 4.76278E-01 3.87337E-01 
2.28224E+00 5.26122E-01 5.95614E-01 
2.59989E+00 5.75828E-01 9.49747E-01 
2.95679E+00 6.24976E-01 1.57434E+00 
3.35671E+00 6.73130E-01 2.71704E+00 
3.80482E+00 7.20066E-01 4.88780E+00 
4.31076E+00 7.66315E-01 9.13294E+00 
4.90127E+00 8.14999E-01 1.75467E+01 
5.66175E+00 8.77434E-01 3.37432E+01 
6.82349E+00 9.82560E-01 6.15861E+01 
8.70102E+00 1.16082E+00 9.90953E+01 
1.11403E+01 1.37244E+00 1.34144E+02 
1.34720E+01 1.52754E+00 1.56382E+02 
5.10114E-01 2.19545E-02 1.43878E-02 
5.36302E-01 3.51829E-02 1.68803E-02 
5.86183E-01 5.70022E-02 2.00353E-02 
6.48224E-01 8.36913E-02 2.40757E-02 
7.20451E-01 1.12629E-01 2.93468E-02 
8.03662E-01 1.43666E-01 3.63116E-02 
8.98780E-01 1.76616E-01 4.56619E-02 
9.81249E-01 2.03289E-01 5.51995E-02 
1.00690E+00 2.11266E-01 5.84636E-02 
1.13927E+00 2.50206E-01 7.79599E-02 
1.28952E+00 2.90421E-01 1.06490E-01 
1.45928E+00 3.31484E-01 1.49293E-01 
1.65049E+00 3.73084E-01 2.15450E-01 
1.88124E+00 4.47840E-01 3.20602E-01 
2.14013E+00 4.92225E-01 4.93267E-01 
2.43091E+00 5.36202E-01 7.86942E-01 
2.75628E+00 5.79269E-01 1.30478E+00 
3.11948E+00 6.21038E-01 2.25308E+00 
3.52491E+00 6.61328E-01 4.05498E+00 
3.98119E+00 7.00656E-01 7.58384E+00 
4.51229E+00 7.41870E-01 1.45790E+01 
5.19586E+00 7.95206E-01 2.80547E+01 
6.24193E+00 8.86623E-01 5.12380E+01 
7.93371E+00 1.04299E+00 8.25033E+01 
1.01252E+01 1.22793E+00 1.11767E+02 
1.22052E+01 1.36103E+00 1.30394E+02 
4.85922E-01 2.08958E-02 1.18855E-02 
5.11616E-01 3.40785E-02 1.39414E-02 
5.61544E-01 5.61227E-02 1.65518E-02 
6.21168E-01 8.21324E-02 1.98912E-02 
6.90016E-01 1.10071E-01 2.42471E-02 
7.68840E-01 1.39771E-01 3.00133E-02 
8.58433E-01 1.71027E-01 3.77557E-02 
9.35724E-01 1.96126E-01 4.56392E-02 
9.59707E-01 2.03597E-01 4.83424E-02 
1.08313E+00 2.39874E-01 6.44774E-02 
1.22263E+00 2.76994E-01 8.81037E-02 
1.37971E+00 3.14568E-01 1.23613E-01 
1.55585E+00 3.52248E-01 1.78440E-01 
1.76834E+00 4.20786E-01 2.65656E-01 
2.00589E+00 4.60178E-01 4.08937E-01 
2.27160E+00 4.98864E-01 6.52759E-01 
2.56783E+00 5.36368E-01 1.08325E+00 
2.89709E+00 5.72323E-01 1.87190E+00 
3.26320E+00 6.06601E-01 3.37049E+00 
3.67381E+00 6.39710E-01 6.30690E+00 
4.15055E+00 6.74260E-01 1.21348E+01 
4.76388E+00 7.19490E-01 2.33691E+01 
5.70431E+00 7.98642E-01 4.27119E+01 
7.22660E+00 9.35374E-01 6.88290E+01 
9.19248E+00 1.09648E+00 9.33181E+01 
1.10448E+01 1.21016E+00 1.08957E+02 
4.63731E-01 2.01643E-02 9.82747E-03 
4.89020E-01 3.33605E-02 1.15278E-02 
5.38836E-01 5.56869E-02 1.36861E-02 
5.96070E-01 8.10215E-02 1.64548E-02 
6.61559E-01 1.07957E-01 2.00592E-02 
7.36056E-01 1.36324E-01 2.48304E-02 
8.20299E-01 1.65904E-01 3.12551E-02 
8.92632E-01 1.89468E-01 3.77883E-02 
9.15029E-01 1.96449E-01 4.00287E-02 
1.02996E+00 2.30152E-01 5.34149E-02 
1.15930E+00 2.64293E-01 7.30280E-02 
1.30431E+00 2.98513E-01 1.02496E-01 
1.46629E+00 3.32151E-01 1.48010E-01 
1.66161E+00 3.94953E-01 2.20425E-01 
1.87927E+00 4.29935E-01 3.39616E-01 
2.12168E+00 4.63737E-01 5.42459E-01 
2.39071E+00 4.96112E-01 9.00724E-01 
2.68863E+00 5.26785E-01 1.55757E+00 
3.01868E+00 5.55658E-01 2.80720E+00 
3.38742E+00 5.83202E-01 5.25599E+00 
3.81442E+00 6.11817E-01 1.01206E+01 
4.36365E+00 6.49844E-01 1.95059E+01 
5.20773E+00 7.18051E-01 3.56828E+01 
6.57548E+00 8.37214E-01 5.75522E+01 
8.33625E+00 9.77073E-01 7.80958E+01 
9.98274E+00 1.07368E+00 9.12614E+01 
4.43534E-01 1.98465E-02 8.13393E-03 
4.68219E-01 3.29945E-02 9.54439E-03 
5.18128E-01 5.57961E-02 1.13310E-02 
5.72844E-01 8.04203E-02 1.36274E-02 
6.35017E-01 1.06340E-01 1.66210E-02 
7.05270E-01 1.33367E-01 2.05772E-02 
7.84277E-01 1.61276E-01 2.59048E-02 
8.51849E-01 1.83329E-01 3.13301E-02 
8.72737E-01 1.89834E-01 3.31959E-02 
9.79576E-01 2.21033E-01 4.43230E-02 
1.09927E+00 2.52314E-01 6.06206E-02 
1.23292E+00 2.83313E-01 8.51219E-02 
1.38172E+00 3.13814E-01 1.23013E-01 
1.56093E+00 3.70846E-01 1.83351E-01 
1.75992E+00 4.01398E-01 2.82631E-01 
1.98061E+00 4.30697E-01 4.51781E-01 
2.22452E+00 4.58400E-01 7.50544E-01 
2.49357E+00 4.84284E-01 1.29897E+00 
2.79037E+00 5.08279E-01 2.34270E+00 
3.12083E+00 5.30863E-01 4.39141E+00 
3.50248E+00 5.54224E-01 8.46154E+00 
3.99329E+00 5.85872E-01 1.63220E+01 
4.74961E+00 6.44337E-01 2.98855E+01 
5.97651E+00 7.47796E-01 4.82450E+01 
7.55107E+00 8.68763E-01 6.55275E+01 
9.01181E+00 9.50405E-01 7.66423E+01 
4.25264E-01 1.99972E-02 6.74281E-03 
4.49176E-01 3.30377E-02 7.91411E-03 
4.99288E-01 5.65055E-02 9.39679E-03 
5.51382E-01 8.03739E-02 1.13032E-02 
6.10248E-01 1.05251E-01 1.37917E-02 
6.76364E-01 1.30927E-01 1.70827E-02 
7.50341E-01 1.57188E-01 2.15146E-02 
8.13329E-01 1.77738E-01 2.60317E-02 
8.32725E-01 1.83761E-01 2.75766E-02 
9.31820E-01 2.12509E-01 3.68318E-02 
1.04242E+00 2.41033E-01 5.04171E-02 
1.16540E+00 2.68981E-01 7.08384E-02 
1.30181E+00 2.96161E-01 1.02449E-01 
1.46592E+00 3.48052E-01 1.52802E-01 
1.64746E+00 3.74517E-01 2.35700E-01 
1.84797E+00 3.99652E-01 3.77065E-01 
2.06873E+00 4.23097E-01 6.27028E-01 
2.31110E+00 4.44634E-01 1.08600E+00 
2.57745E+00 4.64261E-01 1.96040E+00 
2.87289E+00 4.82434E-01 3.67744E+00 
3.21325E+00 5.01162E-01 7.09382E+00 
3.65095E+00 5.27188E-01 1.36963E+01 
4.32739E+00 5.77002E-01 2.51007E+01 
5.42623E+00 6.66475E-01 4.05611E+01 
6.83191E+00 7.70675E-01 5.51423E+01 
8.12535E+00 8.39249E-01 6.45553E+01 
4.08557E-01 2.06728E-02 5.58566E-03 
4.31599E-01 3.35758E-02 6.55495E-03 
4.81883E-01 5.79135E-02 7.78659E-03 
5.31322E-01 8.09702E-02 9.36630E-03 
5.86834E-01 1.04744E-01 1.14327E-02 
6.48829E-01 1.29020E-01 1.41683E-02 
7.17811E-01 1.53573E-01 1.78493E-02 
7.76343E-01 1.72612E-01 2.16095E-02 
7.94347E-01 1.78172E-01 2.28977E-02 
8.85959E-01 2.04474E-01 3.05971E-02 
9.87781E-01 2.30245E-01 4.19081E-02 
1.10059E+00 2.55195E-01 5.89394E-02 
1.22521E+00 2.78896E-01 8.52783E-02 
1.37494E+00 3.25927E-01 1.27277E-01 
1.54009E+00 3.48838E-01 1.96576E-01 
1.72163E+00 3.70093E-01 3.14709E-01 
1.92054E+00 3.89567E-01 5.23754E-01 
2.13813E+00 4.07139E-01 9.08199E-01 
2.37614E+00 4.22801E-01 1.64088E+00 
2.63915E+00 4.37011E-01 3.08072E+00 
2.94132E+00 4.51601E-01 5.94882E+00 
3.33013E+00 4.72622E-01 1.14984E+01 
3.93289E+00 5.14667E-01 2.10936E+01 
4.91377E+00 5.91535E-01 3.41203E+01 
6.16433E+00 6.80695E-01 4.64331E+01 
7.30503E+00 7.37728E-01 5.44108E+01 
3.93878E-01 2.19463E-02 4.65008E-03 
4.16211E-01 3.47805E-02 5.45791E-03 
4.66202E-01 5.99717E-02 6.48502E-03 
5.13209E-01 8.22630E-02 7.80464E-03 
5.65412E-01 1.04889E-01 9.52852E-03 
6.23415E-01 1.27731E-01 1.18145E-02 
6.87648E-01 1.50579E-01 1.48900E-02 
7.41972E-01 1.68140E-01 1.80333E-02 
7.58662E-01 1.73240E-01 1.91147E-02 
8.43298E-01 1.97171E-01 2.55658E-02 
9.36968E-01 2.20331E-01 3.50287E-02 
1.04041E+00 2.42463E-01 4.93164E-02 
1.15420E+00 2.63355E-01 7.14120E-02 
1.29075E+00 3.05659E-01 1.06719E-01 
1.44078E+00 3.25062E-01 1.64901E-01 
1.60499E+00 3.42803E-01 2.64188E-01 
1.78423E+00 3.58753E-01 4.40293E-01 
1.97930E+00 3.72792E-01 7.64063E-01 
2.19190E+00 3.84988E-01 1.38212E+00 
2.42583E+00 3.95762E-01 2.59771E+00 
2.69391E+00 4.06798E-01 5.02040E+00 
3.03902E+00 4.23508E-01 9.71302E+00 
3.57617E+00 4.58830E-01 1.78380E+01 
4.45179E+00 5.24708E-01 2.88837E+01 
5.56442E+00 6.00824E-01 3.93465E+01 
6.57022E+00 6.48022E-01 4.61486E+01 
3.80881E-01 2.39244E-02 3.87862E-03 
4.02127E-01 3.64699E-02 4.55492E-03 
4.52239E-01 6.29673E-02 5.41449E-03 
4.96507E-01 8.42881E-02 6.51853E-03 
5.45449E-01 1.05691E-01 7.96299E-03 
5.99569E-01 1.27053E-01 9.87909E-03 
6.59269E-01 1.48180E-01 1.24635E-02 
7.09521E-01 1.64234E-01 1.50966E-02 
7.24918E-01 1.68860E-01 1.60022E-02 
8.02950E-01 1.90456E-01 2.14221E-02 
8.88991E-01 2.11086E-01 2.93858E-02 
9.83575E-01 2.30513E-01 4.13867E-02 
1.08733E+00 2.48642E-01 6.00091E-02 
1.21148E+00 2.86601E-01 8.97444E-02 
1.34749E+00 3.02696E-01 1.38807E-01 
1.49577E+00 3.17226E-01 2.22700E-01 
1.65679E+00 3.29956E-01 3.71452E-01 
1.83131E+00 3.40839E-01 6.45281E-01 
2.02058E+00 3.49947E-01 1.16827E+00 
2.22811E+00 3.57713E-01 2.19838E+00 
2.46530E+00 3.65662E-01 4.25336E+00 
2.77090E+00 3.78629E-01 8.23742E+00 
3.24858E+00 4.08042E-01 1.51438E+01 
4.02889E+00 4.64210E-01 2.45469E+01 
5.01705E+00 5.28857E-01 3.34709E+01 
5.90197E+00 5.67577E-01 3.92920E+01 
3.69456E-01 2.66822E-02 3.24599E-03 
3.89472E-01 3.88298E-02 3.81214E-03 
4.39736E-01 6.69532E-02 4.53321E-03 
4.81143E-01 8.71205E-02 5.46178E-03 
5.26826E-01 1.07186E-01 6.67533E-03 
5.77144E-01 1.26983E-01 8.28642E-03 
6.32450E-01 1.46333E-01 1.04621E-02 
6.78872E-01 1.60873E-01 1.26843E-02 
6.93066E-01 1.65040E-01 1.34464E-02 
7.64807E-01 1.84299E-01 1.80134E-02 
8.43627E-01 2.02415E-01 2.47362E-02 
9.30020E-01 2.19233E-01 3.48801E-02 
1.02437E+00 2.34465E-01 5.06175E-02 
1.13695E+00 2.68373E-01 7.57666E-02 
1.26005E+00 2.81678E-01 1.17368E-01 
1.39352E+00 2.93239E-01 1.88501E-01 
1.53782E+00 3.03055E-01 3.14669E-01 
1.69350E+00 3.11113E-01 5.47275E-01 
1.86159E+00 3.17504E-01 9.91997E-01 
2.04511E+00 3.22649E-01 1.86847E+00 
2.25432E+00 3.27932E-01 3.61865E+00 
2.52425E+00 3.37670E-01 7.01650E+00 
2.94814E+00 3.61911E-01 1.29117E+01 
3.64230E+00 4.09533E-01 2.09498E+01 
4.51829E+00 4.64129E-01 2.85922E+01 
5.29507E+00 4.95575E-01 3.35924E+01 
3.59410E-01 3.02382E-02 2.72501E-03 
3.78414E-01 4.20319E-02 3.20215E-03 
4.28338E-01 7.18766E-02 3.80894E-03 
4.66906E-01 9.07410E-02 4.59317E-03 
5.09398E-01 1.09367E-01 5.61724E-03 
5.56039E-01 1.27511E-01 6.97931E-03 
6.07104E-01 1.45012E-01 8.81614E-03 
6.49863E-01 1.58005E-01 1.06988E-02 
6.62918E-01 1.61706E-01 1.13439E-02 
7.28749E-01 1.78642E-01 1.52147E-02 
8.00835E-01 1.94315E-01 2.09130E-02 
8.79534E-01 2.08595E-01 2.95211E-02 
9.65172E-01 2.21344E-01 4.28936E-02 
1.06705E+00 2.51386E-01 6.42989E-02 
1.17807E+00 2.61876E-01 9.96597E-02 
1.29791E+00 2.70727E-01 1.60254E-01 
1.42692E+00 2.77926E-01 2.67862E-01 
1.56537E+00 2.83466E-01 4.66367E-01 
1.71419E+00 2.87479E-01 8.46356E-01 
1.87594E+00 2.90353E-01 1.59588E+00 
2.05986E+00 2.93356E-01 3.09339E+00 
2.29758E+00 3.00322E-01 6.00405E+00 
2.67297E+00 3.20070E-01 1.10597E+01 
3.28936E+00 3.60191E-01 1.79612E+01 
4.06445E+00 4.06017E-01 2.45339E+01 
4.74467E+00 4.31259E-01 2.88449E+01 
3.50551E-01 3.46119E-02 2.29516E-03 
3.68315E-01 4.58300E-02 2.69899E-03 
4.17331E-01 7.73108E-02 3.21376E-03 
4.53539E-01 9.51099E-02 3.87736E-03 
4.92929E-01 1.12165E-01 4.74675E-03 
5.36026E-01 1.28560E-01 5.90269E-03 
5.83071E-01 1.44141E-01 7.46561E-03 
6.22342E-01 1.55562E-01 9.06421E-03 
6.34314E-01 1.58785E-01 9.61337E-03 
6.94597E-01 1.73406E-01 1.29090E-02 
7.60374E-01 1.86682E-01 1.77680E-02 
8.31890E-01 1.98504E-01 2.51039E-02 
9.09475E-01 2.08907E-01 3.65314E-02 
1.00130E+00 2.35307E-01 5.48140E-02 
1.10118E+00 2.43155E-01 8.50622E-02 
1.20854E+00 2.49548E-01 1.36950E-01 
1.32343E+00 2.54377E-01 2.29184E-01 
1.44618E+00 2.57697E-01 3.99486E-01 
1.57741E+00 2.59633E-01 7.25535E-01 
1.71945E+00 2.60567E-01 1.36952E+00 
1.88057E+00 2.61644E-01 2.65769E+00 
2.08923E+00 2.66253E-01 5.16233E+00 
2.42082E+00 2.82107E-01 9.51763E+00 
2.96708E+00 3.15670E-01 1.54698E+01 
3.65143E+00 3.53864E-01 2.11459E+01 
4.24546E+00 3.73841E-01 2.48753E+01 
3.42801E-01 3.98629E-02 1.94242E-03 
3.59199E-01 5.02931E-02 2.28529E-03 
4.07379E-01 8.39393E-02 2.72360E-03 
4.40872E-01 1.00129E-01 3.28945E-03 
4.77279E-01 1.15481E-01 4.03244E-03 
5.16969E-01 1.30005E-01 5.01859E-03 
5.60201E-01 1.43600E-01 6.35484E-03 
5.96219E-01 1.53423E-01 7.72341E-03 
6.07189E-01 1.56174E-01 8.19442E-03 
6.62256E-01 1.68469E-01 1.10161E-02 
7.22128E-01 1.79377E-01 1.51790E-02 
7.87045E-01 1.88842E-01 2.14846E-02 
8.57144E-01 1.96758E-01 3.12915E-02 
9.39613E-01 2.19771E-01 4.70036E-02 
1.02929E+00 2.25425E-01 7.30584E-02 
1.12512E+00 2.29584E-01 1.17742E-01 
1.22718E+00 2.32321E-01 1.97237E-01 
1.33558E+00 2.33691E-01 3.44107E-01 
1.45091E+00 2.33849E-01 6.25617E-01 
1.57514E+00 2.33150E-01 1.18195E+00 
1.71574E+00 2.32626E-01 2.29584E+00 
1.89832E+00 2.35264E-01 4.46290E+00 
2.19057E+00 2.47779E-01 8.23390E+00 
2.67371E+00 2.75638E-01 1.33918E+01 
3.27680E+00 3.07238E-01 1.83152E+01 
3.79421E+00 3.22793E-01 2.15529E+01 
3.35939E-01 4.59243E-02 1.65225E-03 
3.51206E-01 5.55559E-02 1.94666E-03 
3.97925E-01 9.12842E-02 2.32192E-03 
4.28643E-01 1.05593E-01 2.80717E-03 
4.62188E-01 1.19101E-01 3.44537E-03 
4.98698E-01 1.31668E-01 4.29455E-03 
5.38354E-01 1.43213E-01 5.44416E-03 
5.71308E-01 1.51402E-01 6.62211E-03 
5.81332E-01 1.53670E-01 7.02831E-03 
6.31571E-01 1.63663E-01 9.46256E-03 
6.86018E-01 1.72273E-01 1.30565E-02 
7.44794E-01 1.79458E-01 1.85055E-02 
8.08004E-01 1.85126E-01 2.69803E-02 
8.81852E-01 2.05029E-01 4.05938E-02 
9.62084E-01 2.08540E-01 6.31512E-02 
1.04735E+00 2.10706E-01 1.01868E-01 
1.13767E+00 2.11598E-01 1.70823E-01 
1.23309E+00 2.11299E-01 2.98325E-01 
1.33400E+00 2.09955E-01 5.42840E-01 
1.44221E+00 2.07912E-01 1.02635E+00 
1.56437E+00 2.06086E-01 1.99452E+00 
1.72358E+00 2.07103E-01 3.87994E+00 
1.98053E+00 2.16780E-01 7.16211E+00 
2.40707E+00 2.39712E-01 1.16535E+01 
2.93747E+00 2.65643E-01 1.59423E+01 
3.38697E+00 2.77524E-01 1.87626E+01 
3.29600E-01 5.24639E-02 1.41415E-03 
3.43662E-01 6.10683E-02 1.66842E-03 
3.88457E-01 9.89700E-02 1.99336E-03 
4.16662E-01 1.11287E-01 2.41311E-03 
4.47492E-01 1.22771E-01 2.96497E-03 
4.81018E-01 1.33278E-01 3.70063E-03 
5.17373E-01 1.42728E-01 4.69896E-03 
5.47504E-01 1.49283E-01 5.72139E-03 
5.56652E-01 1.51068E-01 6.07388E-03 
6.02437E-01 1.58802E-01 8.18851E-03 
6.51860E-01 1.65189E-01 1.13150E-02 
7.05016E-01 1.70241E-01 1.60561E-02 
7.61930E-01 1.74089E-01 2.34487E-02 
8.27709E-01 1.90850E-01 3.53069E-02 
8.99293E-01 1.92373E-01 5.49805E-02 
9.74949E-01 1.92782E-01 8.87693E-02 
1.05459E+00 1.92086E-01 1.48988E-01 
1.13821E+00 1.90376E-01 2.60374E-01 
1.22614E+00 1.87803E-01 4.74093E-01 
1.31993E+00 1.84685E-01 8.96724E-01 
1.42557E+00 1.81835E-01 1.74349E+00 
1.56390E+00 1.81550E-01 3.39246E+00 
1.78926E+00 1.88842E-01 6.26408E+00 
2.16514E+00 2.07550E-01 1.01940E+01 
2.63074E+00 2.28647E-01 1.39458E+01 
3.02020E+00 2.37512E-01 1.64099E+01 
3.23611E-01 5.92611E-02 1.21954E-03 
3.36467E-01 6.65563E-02 1.44055E-03 
3.78216E-01 1.05775E-01 1.72432E-03 
4.04618E-01 1.16695E-01 2.09048E-03 
4.33004E-01 1.26135E-01 2.57258E-03 
4.63793E-01 1.34522E-01 3.21556E-03 
4.97093E-01 1.41844E-01 4.08747E-03 
5.24653E-01 1.46782E-01 4.98343E-03 
5.33014E-01 1.48108E-01 5.29219E-03 
5.74704E-01 1.53633E-01 7.14475E-03 
6.19535E-01 1.57921E-01 9.88534E-03 
6.67517E-01 1.60986E-01 1.40416E-02 
7.18635E-01 1.62886E-01 2.05312E-02 
7.76977E-01 1.76856E-01 3.09458E-02 
8.40653E-01 1.76764E-01 4.82232E-02 
9.07513E-01 1.75665E-01 7.79163E-02 
9.77448E-01 1.73636E-01 1.30844E-01 
1.05040E+00 1.70775E-01 2.28787E-01 
1.12661E+00 1.67232E-01 4.16692E-01 
1.20747E+00 1.63292E-01 7.88373E-01 
1.29838E+00 1.59680E-01 1.53303E+00 
1.41805E+00 1.58381E-01 2.98299E+00 
1.61521E+00 1.63698E-01 5.50777E+00 
1.94580E+00 1.78808E-01 8.96168E+00 
2.35372E+00 1.95813E-01 1.22559E+01 
2.69023E+00 2.02236E-01 1.44138E+01 
3.17967E-01 6.62014E-02 1.06040E-03 
3.30038E-01 7.25213E-02 1.25518E-03 
3.68281E-01 1.13200E-01 1.50439E-03 
3.92438E-01 1.21497E-01 1.82715E-03 
4.18601E-01 1.28754E-01 2.25172E-03 
4.46952E-01 1.35019E-01 2.81973E-03 
4.77519E-01 1.40260E-01 3.58926E-03 
5.02726E-01 1.43622E-01 4.37976E-03 
5.10355E-01 1.44488E-01 4.65211E-03 
5.48331E-01 1.47932E-01 6.28971E-03 
5.88972E-01 1.50252E-01 8.71131E-03 
6.32250E-01 1.51486E-01 1.23912E-02 
6.78081E-01 1.51585E-01 1.81268E-02 
7.29554E-01 1.63108E-01 2.73413E-02 
7.85987E-01 1.61620E-01 4.26394E-02 
8.44838E-01 1.59261E-01 6.89126E-02 
9.05950E-01 1.56154E-01 1.15768E-01 
9.69243E-01 1.52398E-01 2.02417E-01 
1.03494E+00 1.48133E-01 3.68695E-01 
1.10423E+00 1.43616E-01 6.97432E-01 
1.18201E+00 1.39480E-01 1.35585E+00 
1.28512E+00 1.37434E-01 2.63730E+00 
1.45713E+00 1.41141E-01 4.86700E+00 
1.74741E+00 1.53222E-01 7.91491E+00 
2.10413E+00 1.66795E-01 1.08166E+01 
2.39413E+00 1.71281E-01 1.27099E+01 
3.12462E-01 7.25658E-02 9.30977E-04 
3.23502E-01 7.70140E-02 1.10432E-03 
3.57626E-01 1.18708E-01 1.32599E-03 
3.80136E-01 1.25150E-01 1.61322E-03 
4.04356E-01 1.30219E-01 1.99098E-03 
4.30521E-01 1.34373E-01 2.49586E-03 
4.58660E-01 1.37624E-01 3.18196E-03 
4.81767E-01 1.39512E-01 3.88607E-03 
4.88743E-01 1.39956E-01 4.12872E-03 
5.23368E-01 1.41494E-01 5.58771E-03 
5.60196E-01 1.42037E-01 7.74682E-03 
5.99157E-01 1.41665E-01 1.10245E-02 
6.40145E-01 1.40516E-01 1.61442E-02 
6.85283E-01 1.49580E-01 2.43506E-02 
7.35104E-01 1.46859E-01 3.79810E-02 
7.86670E-01 1.43502E-01 6.14017E-02 
8.39803E-01 1.39579E-01 1.03094E-01 
8.94429E-01 1.35180E-01 1.80257E-01 
9.50662E-01 1.30431E-01 3.28159E-01 
1.00965E+00 1.25562E-01 6.20465E-01 
1.07578E+00 1.21118E-01 1.20550E+00 
1.16420E+00 1.18561E-01 2.34286E+00 
1.31392E+00 1.20991E-01 4.32001E+00 
1.56838E+00 1.30548E-01 7.01861E+00 
1.87986E+00 1.41279E-01 9.58139E+00 
2.12916E+00 1.44259E-01 1.12442E+01 
3.07208E-01 7.80010E-02 8.26565E-04 
3.17627E-01 8.08697E-02 9.82100E-04 
3.46888E-01 1.23008E-01 1.18139E-03 
3.67849E-01 1.26981E-01 1.43930E-03 
3.90465E-01 1.30064E-01 1.77905E-03 
4.14758E-01 1.32291E-01 2.23249E-03 
4.40736E-01 1.33701E-01 2.84853E-03 
4.61972E-01 1.34250E-01 3.48173E-03 
4.68364E-01 1.34327E-01 3.69975E-03 
4.99940E-01 1.34159E-01 5.01008E-03 
5.33301E-01 1.33178E-01 6.95010E-03 
5.68322E-01 1.31449E-01 9.89273E-03 
6.04886E-01 1.29084E-01 1.44881E-02 
6.44190E-01 1.36102E-01 2.18547E-02 
6.87981E-01 1.32463E-01 3.40700E-02 
7.32912E-01 1.28384E-01 5.50545E-02 
7.78834E-01 1.23898E-01 9.24147E-02 
8.25622E-01 1.19093E-01 1.61431E-01 
8.73438E-01 1.14084E-01 2.93682E-01 
9.23254E-01 1.09068E-01 5.54724E-01 
9.79077E-01 1.04510E-01 1.07649E+00 
1.05455E+00 1.01649E-01 2.08984E+00 
1.18460E+00 1.03096E-01 3.84872E+00 
1.40740E+00 1.10578E-01 6.24443E+00 
1.67903E+00 1.18982E-01 8.51161E+00 
1.89288E+00 1.20823E-01 9.97211E+00 
3.02517E-01 8.20347E-02 7.42219E-04 
3.12813E-01 8.43041E-02 8.83554E-04 
3.36418E-01 1.24651E-01 1.06421E-03 
3.56123E-01 1.26864E-01 1.29809E-03 
3.77361E-01 1.28060E-01 1.60572E-03 
4.00045E-01 1.28558E-01 2.01730E-03 
4.24101E-01 1.28351E-01 2.57498E-03 
4.43647E-01 1.27741E-01 3.14838E-03 
4.49506E-01 1.27495E-01 3.34588E-03 
4.78314E-01 1.25892E-01 4.53184E-03 
5.08483E-01 1.23655E-01 6.28588E-03 
5.39892E-01 1.20841E-01 8.94884E-03 
5.72422E-01 1.17454E-01 1.30964E-02 
6.06378E-01 1.22719E-01 1.97459E-02 
6.44644E-01 1.18512E-01 3.07668E-02 
6.83557E-01 1.13960E-01 4.96656E-02 
7.22941E-01 1.09150E-01 8.32814E-02 
7.62703E-01 1.04160E-01 1.45309E-01 
8.02985E-01 9.90896E-02 2.63986E-01 
8.44695E-01 9.41030E-02 4.97931E-01 
8.91453E-01 8.95945E-02 9.64925E-01 
9.55583E-01 8.66095E-02 1.87013E+00 
1.06831E+00 8.73213E-02 3.43816E+00 
1.26325E+00 9.31239E-02 5.56845E+00 
1.49996E+00 9.96506E-02 7.57576E+00 
1.68312E+00 1.00660E-01 8.85787E+00 
2.98888E-01 8.45655E-02 6.74001E-04 
3.08876E-01 8.50253E-02 8.03616E-04 
3.26710E-01 1.23923E-01 9.68898E-04 
3.45597E-01 1.24572E-01 1.18267E-03 
3.65653E-01 1.24133E-01 1.46364E-03 
3.86876E-01 1.23120E-01 1.83897E-03 
4.09207E-01 1.21572E-01 2.34811E-03 
4.27189E-01 1.20023E-01 2.87022E-03 
4.32564E-01 1.19517E-01 3.05030E-03 
4.58810E-01 1.16791E-01 4.13064E-03 
4.86020E-01 1.13590E-01 5.72673E-03 
5.14079E-01 1.09980E-01 8.14542E-03 
5.42826E-01 1.06015E-01 1.19113E-02 
5.71922E-01 1.09692E-01 1.79410E-02 
6.05105E-01 1.05109E-01 2.79176E-02 
6.38529E-01 1.00322E-01 4.50092E-02 
6.72023E-01 9.54104E-02 7.53456E-02 
7.05519E-01 9.04300E-02 1.31266E-01 
7.39115E-01 8.54648E-02 2.38064E-01 
7.73678E-01 8.06552E-02 4.48220E-01 
8.12509E-01 7.63295E-02 8.66819E-01 
8.66728E-01 7.33565E-02 1.67688E+00 
9.64320E-01 7.35462E-02 3.07645E+00 
1.13485E+00 7.80081E-02 4.97179E+00 
1.34116E+00 8.30435E-02 6.74913E+00 
1.49789E+00 8.34679E-02 7.87290E+00 
2.96906E-01 8.51919E-02 6.18652E-04 
3.06715E-01 8.43921E-02 7.38088E-04 
3.18935E-01 1.21087E-01 8.90365E-04 
3.36972E-01 1.20099E-01 1.08683E-03 
3.55958E-01 1.18330E-01 1.34518E-03 
3.75820E-01 1.16152E-01 1.68934E-03 
3.96519E-01 1.13564E-01 2.15619E-03 
4.13032E-01 1.11310E-01 2.63454E-03 
4.17936E-01 1.10612E-01 2.79893E-03 
4.41739E-01 1.07070E-01 3.78722E-03 
4.66162E-01 1.03211E-01 5.24526E-03 
4.91062E-01 9.90925E-02 7.45097E-03 
5.16269E-01 9.48115E-02 1.08829E-02 
5.40906E-01 9.71838E-02 1.63633E-02 
5.69469E-01 9.24238E-02 2.54238E-02 
5.97891E-01 8.76145E-02 4.09066E-02 
6.26082E-01 8.27766E-02 6.83670E-02 
6.53938E-01 7.79612E-02 1.18847E-01 
6.81632E-01 7.32346E-02 2.15097E-01 
7.09937E-01 6.87123E-02 4.04084E-01 
7.41855E-01 6.46625E-02 7.79689E-01 
7.87500E-01 6.18126E-02 1.50480E+00 
8.71952E-01 6.16505E-02 2.75436E+00 
1.02126E+00 6.50613E-02 4.44048E+00 
1.20120E+00 6.89238E-02 6.01250E+00 
1.33531E+00 6.89564E-02 6.99542E+00 
2.97010E-01 8.40602E-02 5.72759E-04 
3.06749E-01 8.27087E-02 6.83249E-04 
3.13855E-01 1.15348E-01 8.24021E-04 
3.30933E-01 1.13641E-01 1.00540E-03 
3.48812E-01 1.11005E-01 1.24355E-03 
3.67322E-01 1.07971E-01 1.56065E-03 
3.86371E-01 1.04654E-01 1.98949E-03 
4.01434E-01 1.01920E-01 2.42911E-03 
4.05882E-01 1.01095E-01 2.58011E-03 
4.27300E-01 9.70337E-02 3.48574E-03 
4.49026E-01 9.27891E-02 4.82023E-03 
4.70902E-01 8.84097E-02 6.83659E-03 
4.92810E-01 8.39402E-02 9.96609E-03 
5.13401E-01 8.52994E-02 1.49579E-02 
5.37662E-01 8.06242E-02 2.31884E-02 
5.61541E-01 7.59540E-02 3.72370E-02 
5.84925E-01 7.13288E-02 6.20813E-02 
6.07785E-01 6.67943E-02 1.07687E-01 
6.30266E-01 6.24014E-02 1.94433E-01 
6.53096E-01 5.82357E-02 3.64384E-01 
6.79061E-01 5.45244E-02 7.01414E-01 
7.17288E-01 5.18664E-02 1.35014E+00 
7.90365E-01 5.14830E-02 2.46473E+00 
9.21261E-01 5.40783E-02 3.96280E+00 
1.07843E+00 5.70311E-02 5.35088E+00 
1.19327E+00 5.68172E-02 6.20847E+00 
2.99496E-01 8.16425E-02 5.33497E-04 
3.09046E-01 7.93558E-02 6.36051E-04 
3.11595E-01 1.08597E-01 7.66415E-04 
3.27757E-01 1.06065E-01 9.34290E-04 
3.44471E-01 1.02675E-01 1.15411E-03 
3.61551E-01 9.90745E-02 1.44650E-03 
3.78917E-01 9.53147E-02 1.84153E-03 
3.92491E-01 9.23039E-02 2.24562E-03 
3.96476E-01 9.14107E-02 2.38443E-03 
4.15551E-01 8.70884E-02 3.21565E-03 
4.34626E-01 8.26891E-02 4.43804E-03 
4.53610E-01 7.82537E-02 6.28243E-03 
4.72411E-01 7.37839E-02 9.13826E-03 
4.89338E-01 7.43674E-02 1.36853E-02 
5.09645E-01 6.99037E-02 2.11659E-02 
5.29401E-01 6.54890E-02 3.39138E-02 
5.48507E-01 6.11762E-02 5.64074E-02 
5.66952E-01 5.69930E-02 9.75992E-02 
5.84883E-01 5.29799E-02 1.75797E-01 
6.02993E-01 4.92107E-02 3.28535E-01 
6.23845E-01 4.58660E-02 6.30680E-01 
6.55749E-01 4.34368E-02 1.21078E+00 
7.19062E-01 4.29297E-02 2.20404E+00 
8.34121E-01 4.49021E-02 3.53346E+00 
9.71817E-01 4.71610E-02 4.75758E+00 
1.07039E+00 4.68049E-02 5.50423E+00 
3.04262E-01 7.79789E-02 4.98276E-04 
3.13481E-01 7.51593E-02 5.93579E-04 
3.12614E-01 1.00525E-01 7.14302E-04 
3.27383E-01 9.76512E-02 8.69574E-04 
3.42748E-01 9.38257E-02 1.07259E-03 
3.58266E-01 8.99257E-02 1.34217E-03 
3.73841E-01 8.59430E-02 1.70580E-03 
3.85900E-01 8.28220E-02 2.07713E-03 
3.89421E-01 8.19057E-02 2.20473E-03 
4.06119E-01 7.75256E-02 2.96718E-03 
4.22611E-01 7.31501E-02 4.08672E-03 
4.38819E-01 6.88099E-02 5.77152E-03 
4.54630E-01 6.45423E-02 8.37675E-03 
4.68270E-01 6.45114E-02 1.25144E-02 
4.84985E-01 6.03087E-02 1.93112E-02 
5.01013E-01 5.62233E-02 3.08615E-02 
5.16304E-01 5.22723E-02 5.12032E-02 
5.30841E-01 4.84770E-02 8.83652E-02 
5.44797E-01 4.48680E-02 1.58712E-01 
5.58844E-01 4.15008E-02 2.95856E-01 
5.75317E-01 3.85236E-02 5.66368E-01 
6.01810E-01 3.63399E-02 1.08422E+00 
6.56741E-01 3.57765E-02 1.96799E+00 
7.58158E-01 3.72748E-02 3.14583E+00 
8.79156E-01 3.90054E-02 4.22320E+00 
9.63956E-01 3.85780E-02 4.87169E+00 
3.10701E-01 7.37086E-02 4.65613E-04 
3.19317E-01 7.07347E-02 5.53895E-04 
3.15586E-01 9.24655E-02 6.65803E-04 
3.29234E-01 8.88867E-02 8.09089E-04 
3.43071E-01 8.49648E-02 9.96488E-04 
3.56890E-01 8.09568E-02 1.24479E-03 
3.70612E-01 7.69260E-02 1.57910E-03 
3.81122E-01 7.38141E-02 1.91998E-03 
3.84168E-01 7.29074E-02 2.03697E-03 
3.98510E-01 6.86126E-02 2.73562E-03 
4.12507E-01 6.43820E-02 3.75954E-03 
4.26062E-01 6.02416E-02 5.29720E-03 
4.39084E-01 5.62327E-02 7.67087E-03 
4.49785E-01 5.57557E-02 1.14327E-02 
4.63236E-01 5.18846E-02 1.75988E-02 
4.75925E-01 4.81599E-02 2.80520E-02 
4.87826E-01 4.45876E-02 4.64167E-02 
4.98956E-01 4.11851E-02 7.98953E-02 
5.09486E-01 3.79739E-02 1.43118E-01 
5.20035E-01 3.49947E-02 2.66099E-01 
5.32796E-01 3.23697E-02 5.08050E-01 
5.54675E-01 3.04283E-02 9.69674E-01 
6.02429E-01 2.98524E-02 1.75507E+00 
6.92117E-01 3.09928E-02 2.79723E+00 
7.98791E-01 3.23223E-02 3.74394E+00 
8.71957E-01 3.18701E-02 4.30619E+00 
3.17900E-01 6.92015E-02 4.34695E-04 
3.25771E-01 6.60071E-02 5.16354E-04 
3.20217E-01 8.42007E-02 6.19661E-04 
3.32308E-01 8.04746E-02 7.51957E-04 
3.44541E-01 7.64657E-02 9.24477E-04 
3.56607E-01 7.24745E-02 1.15280E-03 
3.68458E-01 6.85186E-02 1.45979E-03 
3.77421E-01 6.54981E-02 1.77244E-03 
3.80005E-01 6.46206E-02 1.87949E-03 
3.92077E-01 6.05020E-02 2.51894E-03 
4.03679E-01 5.64930E-02 3.45371E-03 
4.14738E-01 5.26142E-02 4.85573E-03 
4.25231E-01 4.88624E-02 7.01506E-03 
4.33307E-01 4.80889E-02 1.04312E-02 
4.43814E-01 4.45826E-02 1.60179E-02 
4.53546E-01 4.12239E-02 2.54714E-02 
4.62473E-01 3.80270E-02 4.20438E-02 
4.70645E-01 3.50020E-02 7.21813E-02 
4.78217E-01 3.21615E-02 1.28959E-01 
4.85804E-01 2.95459E-02 2.39114E-01 
4.95400E-01 2.72460E-02 4.55224E-01 
5.13382E-01 2.55349E-02 8.66538E-01 
5.54969E-01 2.49735E-02 1.56377E+00 
6.34532E-01 2.58446E-02 2.48488E+00 
7.28912E-01 2.68697E-02 3.31603E+00 
7.92235E-01 2.64215E-02 3.80289E+00 
3.24831E-01 6.46312E-02 4.04944E-04 
3.31907E-01 6.12726E-02 4.80487E-04 
3.25118E-01 7.60592E-02 5.75773E-04 
3.35605E-01 7.25197E-02 6.97744E-04 
3.46218E-01 6.85605E-02 8.56463E-04 
3.56555E-01 6.46752E-02 1.06633E-03 
3.66564E-01 6.08659E-02 1.34789E-03 
3.74062E-01 5.79794E-02 1.63429E-03 
3.76210E-01 5.71466E-02 1.73248E-03 
3.86134E-01 5.32569E-02 2.31728E-03 
3.95509E-01 4.95064E-02 3.17048E-03 
4.04300E-01 4.59058E-02 4.44833E-03 
4.12449E-01 4.24659E-02 6.41113E-03 
4.18255E-01 4.14735E-02 9.51218E-03 
4.26159E-01 3.83124E-02 1.45712E-02 
4.33291E-01 3.53086E-02 2.31157E-02 
4.39645E-01 3.24668E-02 3.80621E-02 
4.45263E-01 2.97936E-02 6.51810E-02 
4.50319E-01 2.72989E-02 1.16152E-01 
4.55379E-01 2.50073E-02 2.14775E-01 
4.62306E-01 2.29984E-02 4.07761E-01 
4.76963E-01 2.14979E-02 7.74038E-01 
5.13247E-01 2.09673E-02 1.39277E+00 
5.84050E-01 2.16351E-02 2.20657E+00 
6.67848E-01 2.24311E-02 2.93594E+00 
7.22814E-01 2.20031E-02 3.35714E+00 
3.30648E-01 6.02477E-02 3.76754E-04 
3.36838E-01 5.68966E-02 4.46560E-04 
3.28803E-01 6.92210E-02 5.34522E-04 
3.38295E-01 6.51971E-02 6.46861E-04 
3.47336E-01 6.13698E-02 7.92911E-04 
3.56035E-01 5.76376E-02 9.85645E-04 
3.64336E-01 5.40126E-02 1.24406E-03 
3.70469E-01 5.12855E-02 1.50638E-03 
3.72207E-01 5.05043E-02 1.59625E-03 
3.80165E-01 4.68653E-02 2.13090E-03 
3.87532E-01 4.33858E-02 2.91034E-03 
3.94265E-01 4.00750E-02 4.07380E-03 
4.00335E-01 3.69467E-02 5.86023E-03 
4.04160E-01 3.58056E-02 8.67380E-03 
4.09797E-01 3.29704E-02 1.32579E-02 
4.14673E-01 3.02949E-02 2.09803E-02 
4.18803E-01 2.77795E-02 3.44616E-02 
4.22238E-01 2.54255E-02 5.88658E-02 
4.25152E-01 2.32392E-02 1.04631E-01 
4.28076E-01 2.12378E-02 1.92951E-01 
4.32751E-01 1.94870E-02 3.65356E-01 
4.44578E-01 1.81740E-02 6.91521E-01 
4.76287E-01 1.76823E-02 1.24069E+00 
5.39487E-01 1.81971E-02 1.95978E+00 
6.14124E-01 1.88181E-02 2.59972E+00 
6.61979E-01 1.84197E-02 2.96397E+00 
3.34771E-01 5.61658E-02 3.50613E-04 
3.40161E-01 5.27921E-02 4.15151E-04 
3.31981E-01 6.22267E-02 4.96351E-04 
3.39832E-01 5.85800E-02 6.00013E-04 
3.47425E-01 5.49233E-02 7.34586E-04 
3.54625E-01 5.13714E-02 9.11788E-04 
3.61383E-01 4.79461E-02 1.14903E-03 
3.66279E-01 4.53905E-02 1.38969E-03 
3.67655E-01 4.46586E-02 1.47191E-03 
3.73848E-01 4.12744E-02 1.96107E-03 
3.79414E-01 3.80652E-02 2.67297E-03 
3.84329E-01 3.50350E-02 3.73393E-03 
3.88588E-01 3.21754E-02 5.35942E-03 
3.90704E-01 3.09626E-02 7.91573E-03 
3.94358E-01 2.84351E-02 1.20704E-02 
3.97286E-01 2.60604E-02 1.90559E-02 
3.99504E-01 2.38391E-02 3.12248E-02 
4.01076E-01 2.17697E-02 5.32012E-02 
4.02172E-01 1.98545E-02 9.43064E-02 
4.03300E-01 1.81094E-02 1.73464E-01 
4.06074E-01 1.65847E-02 3.27521E-01 
4.15490E-01 1.54365E-02 6.18181E-01 
4.43238E-01 1.49862E-02 1.10583E+00 
4.99808E-01 1.53854E-02 1.74147E+00 
5.66501E-01 1.58740E-02 2.30316E+00 
6.08261E-01 1.55071E-02 2.61792E+00 
3.36874E-01 5.24211E-02 3.26688E-04 
3.41585E-01 4.90539E-02 3.86502E-04 
3.33677E-01 5.58806E-02 4.61690E-04 
3.39895E-01 5.27020E-02 5.57407E-04 
3.46238E-01 4.92001E-02 6.81531E-04 
3.52113E-01 4.58398E-02 8.44870E-04 
3.57499E-01 4.26201E-02 1.06297E-03 
3.61314E-01 4.02319E-02 1.28393E-03 
3.62369E-01 3.95509E-02 1.35947E-03 
3.67011E-01 3.64151E-02 1.80807E-03 
3.70997E-01 3.34627E-02 2.45921E-03 
3.74324E-01 3.06923E-02 3.42876E-03 
3.76966E-01 2.81065E-02 4.90965E-03 
3.77638E-01 2.68479E-02 7.23521E-03 
3.79584E-01 2.45955E-02 1.10078E-02 
3.80832E-01 2.24908E-02 1.73338E-02 
3.81416E-01 2.05303E-02 2.83278E-02 
3.81403E-01 1.87118E-02 4.81380E-02 
3.80960E-01 1.70357E-02 8.51063E-02 
3.80569E-01 1.55110E-02 1.56093E-01 
3.81742E-01 1.41813E-02 2.93918E-01 
3.89096E-01 1.31771E-02 5.53027E-01 
4.13404E-01 1.27677E-02 9.86303E-01 
4.64171E-01 1.30789E-02 1.54845E+00 
5.23931E-01 1.34660E-02 2.04152E+00 
5.60449E-01 1.31300E-02 2.31329E+00 
3.37268E-01 4.90493E-02 3.05466E-04 
3.41369E-01 4.57185E-02 3.61051E-04 
3.33588E-01 5.06004E-02 4.30802E-04 
3.38696E-01 4.75435E-02 5.19479E-04 
3.43927E-01 4.42098E-02 6.34241E-04 
3.48649E-01 4.10291E-02 7.85014E-04 
3.52838E-01 3.80058E-02 9.86245E-04 
3.55696E-01 3.57762E-02 1.18960E-03 
3.56470E-01 3.51418E-02 1.25906E-03 
3.59742E-01 3.22378E-02 1.67113E-03 
3.62344E-01 2.95209E-02 2.26832E-03 
3.64264E-01 2.69911E-02 3.15493E-03 
3.65517E-01 2.46436E-02 4.50758E-03 
3.64938E-01 2.33761E-02 6.62632E-03 
3.65408E-01 2.13661E-02 1.00552E-02 
3.65219E-01 1.94976E-02 1.57958E-02 
3.64405E-01 1.77651E-02 2.57458E-02 
3.63042E-01 1.61643E-02 4.36281E-02 
3.61299E-01 1.46933E-02 7.69137E-02 
3.59631E-01 1.33585E-02 1.40658E-01 
3.59449E-01 1.21959E-02 2.64030E-01 
3.65050E-01 1.13144E-02 4.95384E-01 
3.86367E-01 1.09433E-02 8.80687E-01 
4.32048E-01 1.11867E-02 1.37822E+00 
4.85749E-01 1.14941E-02 1.81129E+00 
5.17770E-01 1.11883E-02 2.04597E+00 
3.36032E-01 4.60356E-02 2.86467E-04 
3.39590E-01 4.27536E-02 3.38177E-04 
3.31758E-01 4.61803E-02 4.03030E-04 
3.36318E-01 4.29985E-02 4.85287E-04 
3.40561E-01 3.98333E-02 5.91618E-04 
3.44255E-01 3.68273E-02 7.31004E-04 
3.47375E-01 3.39861E-02 9.16658E-04 
3.49382E-01 3.19036E-02 1.10413E-03 
3.49905E-01 3.13121E-02 1.16800E-03 
3.51962E-01 2.86178E-02 1.54679E-03 
3.53324E-01 2.61165E-02 2.09454E-03 
3.54004E-01 2.38016E-02 2.90631E-03 
3.54018E-01 2.16647E-02 4.14161E-03 
3.52361E-01 2.04098E-02 6.07270E-03 
3.51536E-01 1.86152E-02 9.19076E-03 
3.50085E-01 1.69552E-02 1.43965E-02 
3.48058E-01 1.54224E-02 2.33989E-02 
3.45533E-01 1.40107E-02 3.95369E-02 
3.42674E-01 1.27166E-02 6.94918E-02 
3.39916E-01 1.15459E-02 1.26707E-01 
3.38579E-01 1.05261E-02 2.37111E-01 
3.42655E-01 9.75124E-03 4.43444E-01 
3.61330E-01 9.41512E-03 7.85847E-01 
4.02483E-01 9.60516E-03 1.22580E+00 
4.50799E-01 9.84954E-03 1.60565E+00 
4.78860E-01 9.57048E-03 1.80769E+00 
3.33570E-01 4.34537E-02 2.69705E-04 
3.36643E-01 4.02056E-02 3.17938E-04 
3.29090E-01 4.23330E-02 3.78292E-04 
3.33073E-01 3.91162E-02 4.54749E-04 
3.36434E-01 3.60937E-02 5.53411E-04 
3.39198E-01 3.32392E-02 6.82484E-04 
3.41351E-01 3.05568E-02 8.54007E-04 
3.42595E-01 2.85997E-02 1.02692E-03 
3.42886E-01 2.80480E-02 1.08588E-03 
3.43851E-01 2.55348E-02 1.43453E-03 
3.44104E-01 2.32186E-02 1.93755E-03 
3.43671E-01 2.10897E-02 2.68135E-03 
3.42579E-01 1.91398E-02 3.81051E-03 
3.39987E-01 1.79065E-02 5.57184E-03 
3.38028E-01 1.62963E-02 8.40895E-03 
3.35483E-01 1.48142E-02 1.31338E-02 
3.32407E-01 1.34519E-02 2.12810E-02 
3.28884E-01 1.22015E-02 3.58496E-02 
3.25075E-01 1.10589E-02 6.28188E-02 
3.21393E-01 1.00265E-02 1.14169E-01 
3.19075E-01 9.12812E-03 2.12983E-01 
3.21833E-01 8.44357E-03 3.96964E-01 
3.38182E-01 8.13833E-03 7.01154E-01 
3.75304E-01 8.28579E-03 1.09003E+00 
4.18840E-01 8.47952E-03 1.42300E+00 
4.43430E-01 8.22423E-03 1.59662E+00 
3.30081E-01 4.12683E-02 2.54617E-04 
3.32723E-01 3.80278E-02 2.99656E-04 
3.25861E-01 3.89060E-02 3.55841E-04 
3.29015E-01 3.58339E-02 4.26945E-04 
3.31560E-01 3.29263E-02 5.18505E-04 
3.33477E-01 3.01937E-02 6.38052E-04 
3.34749E-01 2.76415E-02 7.96647E-04 
3.35298E-01 2.57886E-02 9.56123E-04 
3.35378E-01 2.52696E-02 1.01050E-03 
3.35350E-01 2.29094E-02 1.33134E-03 
3.34605E-01 2.07484E-02 1.79322E-03 
3.33175E-01 1.87774E-02 2.47456E-03 
3.31101E-01 1.69834E-02 3.50635E-03 
3.27683E-01 1.57814E-02 5.11203E-03 
3.24728E-01 1.43277E-02 7.69148E-03 
3.21227E-01 1.29971E-02 1.19767E-02 
3.17241E-01 1.17797E-02 1.93474E-02 
3.12858E-01 1.06667E-02 3.24878E-02 
3.08235E-01 9.65291E-03 5.67419E-02 
3.03767E-01 8.73843E-03 1.02786E-01 
3.00608E-01 7.94379E-03 1.91085E-01 
3.02224E-01 7.33614E-03 3.55020E-01 
3.16496E-01 7.05800E-03 6.24894E-01 
3.49986E-01 7.17086E-03 9.68113E-01 
3.89228E-01 7.32273E-03 1.25952E+00 
4.10741E-01 7.08884E-03 1.40834E+00 
3.25690E-01 3.94938E-02 2.40814E-04 
3.27968E-01 3.62266E-02 2.82818E-04 
3.21796E-01 3.61227E-02 3.35184E-04 
3.24255E-01 3.31131E-02 4.01274E-04 
3.26055E-01 3.02859E-02 4.86207E-04 
3.27188E-01 2.76443E-02 5.96919E-04 
3.27651E-01 2.51898E-02 7.43407E-04 
3.27552E-01 2.34193E-02 8.90472E-04 
3.27448E-01 2.29226E-02 9.40486E-04 
3.26510E-01 2.06825E-02 1.23557E-03 
3.24849E-01 1.86472E-02 1.65935E-03 
3.22511E-01 1.68046E-02 2.28283E-03 
3.19544E-01 1.51414E-02 3.22461E-03 
3.15397E-01 1.39715E-02 4.68675E-03 
3.11560E-01 1.26488E-02 7.02981E-03 
3.07220E-01 1.14457E-02 1.09106E-02 
3.02443E-01 1.03510E-02 1.75680E-02 
2.97318E-01 9.35481E-03 2.94017E-02 
2.92001E-01 8.45008E-03 5.11775E-02 
2.86860E-01 7.63707E-03 9.23981E-02 
2.82985E-01 6.93070E-03 1.71191E-01 
2.83599E-01 6.38943E-03 3.16958E-01 
2.96008E-01 6.13506E-03 5.55994E-01 
3.26205E-01 6.21941E-03 8.58389E-01 
3.61548E-01 6.33683E-03 1.11282E+00 
3.80311E-01 6.12187E-03 1.23998E+00 
3.20421E-01 3.81118E-02 2.27880E-04 
3.22305E-01 3.47939E-02 2.66975E-04 
3.16929E-01 3.38519E-02 3.15674E-04 
3.18678E-01 3.08912E-02 3.77036E-04 
3.19776E-01 2.81098E-02 4.55692E-04 
3.20182E-01 2.55242E-02 5.58011E-04 
3.19903E-01 2.31352E-02 6.93122E-04 
3.19219E-01 2.14223E-02 8.28542E-04 
3.18948E-01 2.09424E-02 8.74527E-04 
3.17185E-01 1.87924E-02 1.14548E-03 
3.14704E-01 1.68542E-02 1.53350E-03 
3.11556E-01 1.51144E-02 2.10296E-03 
3.07798E-01 1.35570E-02 2.96105E-03 
3.03008E-01 1.24200E-02 4.28988E-03 
2.98401E-01 1.12063E-02 6.41358E-03 
2.93333E-01 1.01105E-02 9.92165E-03 
2.87873E-01 9.11982E-03 1.59213E-02 
2.82114E-01 8.22317E-03 2.65562E-02 
2.76208E-01 7.41237E-03 4.60684E-02 
2.70503E-01 6.68607E-03 8.28888E-02 
2.66019E-01 6.05607E-03 1.53055E-01 
2.65756E-01 5.57207E-03 2.82359E-01 
2.76483E-01 5.33878E-03 4.93580E-01 
3.03663E-01 5.39959E-03 7.59362E-01 
3.35442E-01 5.48880E-03 9.80960E-01 
3.51727E-01 5.29048E-03 1.08918E+00 
3.14425E-01 3.71216E-02 2.15613E-04 
3.15918E-01 3.37308E-02 2.51982E-04 
3.11253E-01 3.21115E-02 2.97157E-04 
3.12390E-01 2.91315E-02 3.54003E-04 
3.12817E-01 2.63545E-02 4.26717E-04 
3.12538E-01 2.37863E-02 5.21075E-04 
3.11559E-01 2.14288E-02 6.45394E-04 
3.10334E-01 1.97477E-02 7.69731E-04 
3.09900E-01 1.92795E-02 8.11943E-04 
3.07377E-01 1.71887E-02 1.06004E-03 
3.04148E-01 1.53199E-02 1.41452E-03 
3.00266E-01 1.36583E-02 1.93344E-03 
2.95797E-01 1.21855E-02 2.71313E-03 
2.90437E-01 1.10795E-02 3.91778E-03 
2.85158E-01 9.95599E-03 5.83778E-03 
2.79458E-01 8.95068E-03 9.00030E-03 
2.73415E-01 8.04870E-03 1.43932E-02 
2.67120E-01 7.23758E-03 2.39255E-02 
2.60719E-01 6.50827E-03 4.13630E-02 
2.54549E-01 5.85682E-03 7.41616E-02 
2.49554E-01 5.29345E-03 1.36459E-01 
2.48527E-01 4.85965E-03 2.50864E-01 
2.57725E-01 4.64541E-03 4.36961E-01 
2.82119E-01 4.68669E-03 6.69857E-01 
3.10619E-01 4.75244E-03 8.62306E-01 
3.24664E-01 4.56967E-03 9.54010E-01 
3.07500E-01 3.64636E-02 2.03758E-04 
3.08618E-01 3.29633E-02 2.37500E-04 
3.04625E-01 3.07921E-02 2.79338E-04 
3.05201E-01 2.77637E-02 3.31884E-04 
3.05046E-01 2.49583E-02 3.98982E-04 
3.04168E-01 2.23772E-02 4.85842E-04 
3.02579E-01 2.00217E-02 6.00033E-04 
3.00873E-01 1.83526E-02 7.13985E-04 
3.00299E-01 1.78893E-02 7.52610E-04 
2.97110E-01 1.58313E-02 9.79394E-04 
2.93218E-01 1.40098E-02 1.30257E-03 
2.88691E-01 1.24062E-02 1.77431E-03 
2.83604E-01 1.09994E-02 2.48151E-03 
2.77750E-01 9.92208E-03 3.57126E-03 
2.71899E-01 8.87282E-03 5.30331E-03 
2.65670E-01 7.94323E-03 8.14920E-03 
2.59140E-01 7.11687E-03 1.29879E-02 
2.52406E-01 6.37937E-03 2.15148E-02 
2.45609E-01 5.72024E-03 3.70667E-02 
2.39062E-01 5.13459E-03 6.62241E-02 
2.33653E-01 4.62940E-03 1.21422E-01 
2.31969E-01 4.23988E-03 2.22454E-01 
2.39789E-01 4.04300E-03 3.86114E-01 
2.61628E-01 4.06841E-03 5.89826E-01 
2.87122E-01 4.11486E-03 7.56605E-01 
2.99158E-01 3.94681E-03 8.34122E-01 
2.99616E-01 3.61038E-02 1.92059E-04 
3.00359E-01 3.24536E-02 2.23210E-04 
2.96960E-01 2.98081E-02 2.61794E-04 
2.96965E-01 2.67037E-02 3.10173E-04 
2.96266E-01 2.38356E-02 3.71802E-04 
2.94840E-01 2.12117E-02 4.51418E-04 
2.92693E-01 1.88328E-02 5.55819E-04 
2.90559E-01 1.71578E-02 6.59812E-04 
2.89856E-01 1.66951E-02 6.95031E-04 
2.86076E-01 1.46497E-02 9.01398E-04 
2.81604E-01 1.28574E-02 1.19470E-03 
2.76519E-01 1.12963E-02 1.62189E-03 
2.70898E-01 9.94262E-03 2.26027E-03 
2.64623E-01 8.89239E-03 3.24189E-03 
2.58293E-01 7.90639E-03 4.79805E-03 
2.51623E-01 7.04300E-03 7.34639E-03 
2.44699E-01 6.28325E-03 1.16683E-02 
2.37613E-01 5.61132E-03 1.92612E-02 
2.30504E-01 5.01519E-03 3.30655E-02 
2.23666E-01 4.48869E-03 5.88708E-02 
2.17925E-01 4.03609E-03 1.07558E-01 
2.15675E-01 3.68685E-03 1.96356E-01 
2.22229E-01 3.50637E-03 3.39610E-01 
2.41672E-01 3.51885E-03 5.16945E-01 
2.64352E-01 3.54944E-03 6.60752E-01 
2.74550E-01 3.39556E-03 7.25853E-01 
2.90929E-01 3.60106E-02 1.80671E-04 
2.91343E-01 3.21863E-02 2.09372E-04 
2.88393E-01 2.91461E-02 2.44847E-04 
2.87908E-01 2.59219E-02 2.89239E-04 
2.86691E-01 2.29592E-02 3.45645E-04 
2.84746E-01 2.02652E-02 4.18339E-04 
2.82096E-01 1.78401E-02 5.13480E-04 
2.79579E-01 1.61447E-02 6.08031E-04 
2.78768E-01 1.56781E-02 6.40011E-04 
2.74469E-01 1.36283E-02 8.27195E-04 
2.69496E-01 1.18503E-02 1.09256E-03 
2.63929E-01 1.03192E-02 1.47794E-03 
2.57859E-01 9.00737E-03 2.05250E-03 
2.51234E-01 7.98225E-03 2.93372E-03 
2.44512E-01 7.05026E-03 4.32679E-03 
2.37494E-01 6.24427E-03 6.60220E-03 
2.30265E-01 5.54322E-03 1.04496E-02 
2.22916E-01 4.92965E-03 1.71887E-02 
2.15582E-01 4.39002E-03 2.94034E-02 
2.08540E-01 3.91647E-03 5.21681E-02 
2.02554E-01 3.51124E-03 9.49816E-02 
1.99831E-01 3.19847E-03 1.72772E-01 
2.05243E-01 3.03350E-03 2.97768E-01 
2.22471E-01 3.03583E-03 4.51654E-01 
2.42554E-01 3.05373E-03 5.75242E-01 
2.51101E-01 2.91353E-03 6.29684E-01 
2.81324E-01 3.61205E-02 1.69451E-04 
2.81397E-01 3.20959E-02 1.95786E-04 
2.78798E-01 2.87092E-02 2.28275E-04 
2.77893E-01 2.53444E-02 2.68860E-04 
2.76255E-01 2.22688E-02 3.20325E-04 
2.73886E-01 1.94878E-02 3.86493E-04 
2.70800E-01 1.70006E-02 4.72845E-04 
2.67946E-01 1.52738E-02 5.58528E-04 
2.67042E-01 1.48001E-02 5.87465E-04 
2.62288E-01 1.27326E-02 7.56552E-04 
2.56881E-01 1.09582E-02 9.95648E-04 
2.50908E-01 9.44767E-03 1.34200E-03 
2.44461E-01 8.16951E-03 1.85698E-03 
2.37552E-01 7.16838E-03 2.64495E-03 
2.30527E-01 6.28350E-03 3.88735E-03 
2.23247E-01 5.52872E-03 5.91088E-03 
2.15798E-01 4.88069E-03 9.32219E-03 
2.08273E-01 4.31993E-03 1.52806E-02 
2.00798E-01 3.83159E-03 2.60493E-02 
1.93635E-01 3.40621E-03 4.60526E-02 
1.87487E-01 3.04414E-03 8.35510E-02 
1.84380E-01 2.76479E-03 1.51447E-01 
1.88763E-01 2.61467E-03 2.60089E-01 
2.03938E-01 2.60920E-03 3.93105E-01 
2.21621E-01 2.61724E-03 4.98909E-01 
2.28688E-01 2.49023E-03 5.44194E-01 
2.70976E-01 3.64004E-02 1.58498E-04 
2.70707E-01 3.21483E-02 1.82547E-04 
2.68328E-01 2.84507E-02 2.12174E-04 
2.67029E-01 2.49260E-02 2.49132E-04 
2.65000E-01 2.17192E-02 2.95871E-04 
2.62245E-01 1.88367E-02 3.55814E-04 
2.58790E-01 1.62772E-02 4.33905E-04 
2.55661E-01 1.45118E-02 5.11202E-04 
2.54672E-01 1.40300E-02 5.37289E-04 
2.49547E-01 1.19373E-02 6.89412E-04 
2.43790E-01 1.01599E-02 9.03990E-04 
2.37491E-01 8.66431E-03 1.21402E-03 
2.30752E-01 7.41475E-03 1.67376E-03 
2.23632E-01 6.43707E-03 2.37556E-03 
2.16389E-01 5.59447E-03 3.47910E-03 
2.08933E-01 4.88620E-03 5.27145E-03 
2.01350E-01 4.28647E-03 8.28439E-03 
1.93732E-01 3.77401E-03 1.35319E-02 
1.86199E-01 3.33245E-03 2.29878E-02 
1.78993E-01 2.95125E-03 4.04960E-02 
1.72762E-01 2.62865E-03 7.32087E-02 
1.69358E-01 2.38004E-03 1.32240E-01 
1.72823E-01 2.24416E-03 2.26302E-01 
1.86105E-01 2.23298E-03 3.40833E-01 
2.01580E-01 2.23350E-03 4.31044E-01 
2.07332E-01 2.11921E-03 4.68508E-01 
2.59975E-01 3.68114E-02 1.47836E-04 
2.59366E-01 3.23128E-02 1.69701E-04 
2.57086E-01 2.83281E-02 1.96597E-04 
2.55413E-01 2.46244E-02 2.30078E-04 
2.53036E-01 2.12751E-02 2.72341E-04 
2.49954E-01 1.82835E-02 3.26431E-04 
2.46182E-01 1.56442E-02 3.96714E-04 
2.42812E-01 1.38360E-02 4.66126E-04 
2.41756E-01 1.33444E-02 4.89521E-04 
2.36320E-01 1.12218E-02 6.25796E-04 
2.30277E-01 9.43756E-03 8.17484E-04 
2.23726E-01 7.95371E-03 1.09370E-03 
2.16768E-01 6.72962E-03 1.50230E-03 
2.09505E-01 5.77550E-03 2.12450E-03 
2.02126E-01 4.97184E-03 3.10023E-03 
1.94575E-01 4.30656E-03 4.68091E-03 
1.86939E-01 3.75162E-03 7.33035E-03 
1.79307E-01 3.28384E-03 1.19311E-02 
1.71795E-01 2.88550E-03 2.01955E-02 
1.64624E-01 2.54491E-03 3.54533E-02 
1.58387E-01 2.25860E-03 6.38672E-02 
1.54766E-01 2.03838E-03 1.14958E-01 
1.57419E-01 1.91616E-03 1.96036E-01 
1.68961E-01 1.90100E-03 2.94208E-01 
1.82408E-01 1.89597E-03 3.70761E-01 
1.86998E-01 1.79395E-03 4.01567E-01 
2.48460E-01 3.73154E-02 1.37522E-04 
2.47510E-01 3.25554E-02 1.57312E-04 
2.45232E-01 2.82987E-02 1.81618E-04 
2.43232E-01 2.44084E-02 2.11825E-04 
2.40518E-01 2.09072E-02 2.49846E-04 
2.37123E-01 1.77997E-02 2.98400E-04 
2.33071E-01 1.50779E-02 3.61353E-04 
2.29499E-01 1.32256E-02 4.23414E-04 
2.28389E-01 1.27240E-02 4.44307E-04 
2.22699E-01 1.05706E-02 5.65770E-04 
2.16438E-01 8.77893E-03 7.36220E-04 
2.09702E-01 7.30573E-03 9.81218E-04 
2.02598E-01 6.10584E-03 1.34260E-03 
1.95262E-01 5.17595E-03 1.89173E-03 
1.87826E-01 4.40907E-03 2.75068E-03 
1.80260E-01 3.78425E-03 4.13790E-03 
1.72651E-01 3.27106E-03 6.45719E-03 
1.65084E-01 2.84478E-03 1.04725E-02 
1.57667E-01 2.48646E-03 1.76637E-02 
1.50604E-01 2.18322E-03 3.08997E-02 
1.44431E-01 1.93024E-03 5.54701E-02 
1.40672E-01 1.73616E-03 9.94869E-02 
1.42616E-01 1.62698E-03 1.69056E-01 
1.52569E-01 1.60931E-03 2.52823E-01 
1.64168E-01 1.60042E-03 3.17478E-01 
1.67746E-01 1.51009E-03 3.42647E-01 
2.36565E-01 3.78781E-02 1.27600E-04 
2.35277E-01 3.28465E-02 1.45430E-04 
2.32917E-01 2.83283E-02 1.67285E-04 
2.30595E-01 2.42450E-02 1.94407E-04 
2.27594E-01 2.05912E-02 2.28466E-04 
2.23915E-01 1.73667E-02 2.71836E-04 
2.19599E-01 1.45613E-02 3.27932E-04 
2.15856E-01 1.26656E-02 3.83127E-04 
2.14698E-01 1.21546E-02 4.01692E-04 
2.08811E-01 9.97185E-03 5.09448E-04 
2.02385E-01 8.17389E-03 6.60249E-04 
1.95526E-01 6.71217E-03 8.76452E-04 
1.88347E-01 5.53654E-03 1.19458E-03 
1.81004E-01 4.63194E-03 1.67686E-03 
1.73585E-01 3.90052E-03 2.42924E-03 
1.66080E-01 3.31407E-03 3.64119E-03 
1.58572E-01 2.84013E-03 5.66136E-03 
1.51141E-01 2.45250E-03 9.14908E-03 
1.43888E-01 2.13117E-03 1.53774E-02 
1.36999E-01 1.86230E-03 2.68040E-02 
1.30958E-01 1.63990E-03 4.79466E-02 
1.27132E-01 1.46983E-03 8.56923E-02 
1.28466E-01 1.37300E-03 1.45099E-01 
1.36977E-01 1.35402E-03 2.16226E-01 
1.46905E-01 1.34268E-03 2.70567E-01 
1.49609E-01 1.26335E-03 2.90982E-01 
2.24400E-01 3.84663E-02 1.18091E-04 
2.22790E-01 3.31587E-02 1.34087E-04 
2.20286E-01 2.83885E-02 1.53641E-04 
2.17649E-01 2.41096E-02 1.77862E-04 
2.14380E-01 2.03040E-02 2.08219E-04 
2.10455E-01 1.69659E-02 2.46774E-04 
2.05912E-01 1.40805E-02 2.96496E-04 
2.02012E-01 1.21435E-02 3.45319E-04 
2.00813E-01 1.16235E-02 3.61721E-04 
1.94768E-01 9.41509E-03 4.56795E-04 
1.88231E-01 7.61404E-03 5.89522E-04 
1.81313E-01 6.16607E-03 7.79323E-04 
1.74123E-01 5.01577E-03 1.05792E-03 
1.66834E-01 4.13787E-03 1.47928E-03 
1.59500E-01 3.44103E-03 2.13490E-03 
1.52122E-01 2.89135E-03 3.18824E-03 
1.44781E-01 2.45455E-03 4.93889E-03 
1.37552E-01 2.10301E-03 7.95281E-03 
1.30527E-01 1.81585E-03 1.33192E-02 
1.23872E-01 1.57859E-03 2.31334E-02 
1.18021E-01 1.38413E-03 4.12332E-02 
1.14196E-01 1.23603E-03 7.34337E-02 
1.15013E-01 1.15083E-03 1.23901E-01 
1.22226E-01 1.13150E-03 1.83981E-01 
1.30649E-01 1.11883E-03 2.29402E-01 
1.32612E-01 1.04978E-03 2.45835E-01 
2.12151E-01 3.90572E-02 1.09059E-04 
2.10199E-01 3.34674E-02 1.23329E-04 
2.07507E-01 2.84534E-02 1.40741E-04 
2.04575E-01 2.39824E-02 1.62261E-04 
2.01033E-01 2.00277E-02 1.89162E-04 
1.96890E-01 1.65818E-02 2.23256E-04 
1.92154E-01 1.36231E-02 2.67115E-04 
1.88129E-01 1.16498E-02 3.10077E-04 
1.86897E-01 1.11221E-02 3.24494E-04 
1.80731E-01 8.89336E-03 4.07927E-04 
1.74130E-01 7.09372E-03 5.24115E-04 
1.67203E-01 5.66261E-03 6.89869E-04 
1.60060E-01 4.53950E-03 9.32528E-04 
1.52881E-01 3.68992E-03 1.29877E-03 
1.45692E-01 3.02725E-03 1.86717E-03 
1.38505E-01 2.51304E-03 2.77773E-03 
1.31392E-01 2.11129E-03 4.28722E-03 
1.24424E-01 1.79341E-03 6.87818E-03 
1.17681E-01 1.53776E-03 1.14772E-02 
1.11312E-01 1.32939E-03 1.98636E-02 
1.05703E-01 1.16031E-03 3.52789E-02 
1.01938E-01 1.03221E-03 6.26054E-02 
1.02326E-01 9.57841E-04 1.05255E-01 
1.08383E-01 9.38890E-04 1.55738E-01 
1.15467E-01 9.25731E-04 1.93494E-01 
1.16809E-01 8.66227E-04 2.06616E-01 
1.99899E-01 3.96282E-02 1.00492E-04 
1.97615E-01 3.37565E-02 1.13159E-04 
1.94695E-01 2.85048E-02 1.28574E-04 
1.91464E-01 2.38448E-02 1.47577E-04 
1.87667E-01 1.97478E-02 1.71275E-04 
1.83312E-01 1.62012E-02 2.01242E-04 
1.78412E-01 1.31773E-02 2.39695E-04 
1.74287E-01 1.11737E-02 2.77276E-04 
1.73033E-01 1.06402E-02 2.89873E-04 
1.66789E-01 8.39853E-03 3.62660E-04 
1.60166E-01 6.60587E-03 4.63759E-04 
1.53274E-01 5.19559E-03 6.07617E-04 
1.46227E-01 4.10206E-03 8.17705E-04 
1.39209E-01 3.28271E-03 1.13411E-03 
1.32223E-01 2.65428E-03 1.62393E-03 
1.25282E-01 2.17449E-03 2.40653E-03 
1.18452E-01 1.80606E-03 3.70019E-03 
1.11795E-01 1.51962E-03 5.91431E-03 
1.05383E-01 1.29306E-03 9.83268E-03 
9.93454E-02 1.11105E-03 1.69559E-02 
9.40231E-02 9.64995E-04 3.00068E-02 
9.03695E-02 8.55006E-04 5.30569E-02 
9.04093E-02 7.90675E-04 8.88821E-02 
9.54415E-02 7.72661E-04 1.31039E-01 
1.01339E-01 7.59684E-04 1.62222E-01 
1.02171E-01 7.08949E-04 1.72602E-01 
1.87871E-01 4.01508E-02 9.24824E-05 
1.85279E-01 3.40052E-02 1.03685E-04 
1.82118E-01 2.85265E-02 1.17271E-04 
1.78604E-01 2.36869E-02 1.33978E-04 
1.74550E-01 1.94559E-02 1.54743E-04 
1.69997E-01 1.58183E-02 1.80946E-04 
1.64953E-01 1.27391E-02 2.14488E-04 
1.60749E-01 1.07126E-02 2.47199E-04 
1.59477E-01 1.01752E-02 2.58153E-04 
1.53193E-01 7.92921E-03 3.21341E-04 
1.46592E-01 6.15029E-03 4.08888E-04 
1.39786E-01 4.76553E-03 5.33156E-04 
1.32882E-01 3.70421E-03 7.14190E-04 
1.26068E-01 2.91669E-03 9.86246E-04 
1.19328E-01 2.32222E-03 1.40636E-03 
1.12676E-01 1.87561E-03 2.07584E-03 
1.06171E-01 1.53857E-03 3.17942E-03 
9.98654E-02 1.28117E-03 5.06290E-03 
9.38198E-02 1.08108E-03 8.38659E-03 
8.81471E-02 9.22785E-04 1.44091E-02 
8.31438E-02 7.97317E-04 2.54074E-02 
7.96440E-02 7.03458E-04 4.47643E-02 
7.94125E-02 6.48247E-04 7.47201E-02 
8.35538E-02 6.31553E-04 1.09764E-01 
8.84209E-02 6.19244E-04 1.35396E-01 
8.88460E-02 5.76409E-04 1.43543E-01 
1.75962E-01 4.06181E-02 8.48999E-05 
1.73074E-01 3.42029E-02 9.47457E-05 
1.69657E-01 2.85037E-02 1.06633E-04 
1.65883E-01 2.34943E-02 1.21221E-04 
1.61592E-01 1.91395E-02 1.39284E-04 
1.56838E-01 1.54195E-02 1.62005E-04 
1.51661E-01 1.22946E-02 1.91032E-04 
1.47394E-01 1.02527E-02 2.19275E-04 
1.46112E-01 9.71348E-03 2.28724E-04 
1.39807E-01 7.47174E-03 2.83127E-04 
1.33262E-01 5.71402E-03 3.58331E-04 
1.26584E-01 4.36050E-03 4.64837E-04 
1.19873E-01 3.33517E-03 6.19631E-04 
1.13313E-01 2.58197E-03 8.51789E-04 
1.06867E-01 2.02210E-03 1.20939E-03 
1.00550E-01 1.60815E-03 1.77771E-03 
9.44098E-02 1.30118E-03 2.71192E-03 
8.84921E-02 1.07101E-03 4.30181E-03 
8.28464E-02 8.95327E-04 7.09881E-03 
7.75684E-02 7.58660E-04 1.21516E-02 
7.29135E-02 6.51775E-04 2.13480E-02 
6.96047E-02 5.72469E-04 3.74741E-02 
6.91661E-02 5.25616E-04 6.23226E-02 
7.25277E-02 5.10514E-04 9.12168E-02 
7.64925E-02 4.99222E-04 1.12105E-01 
7.65965E-02 4.63565E-04 1.18416E-01 
1.64370E-01 4.10109E-02 7.78169E-05 
1.61189E-01 3.43328E-02 8.64151E-05 
1.57546E-01 2.84295E-02 9.67679E-05 
1.53499E-01 2.32575E-02 1.09404E-04 
1.48989E-01 1.87914E-02 1.25010E-04 
1.44064E-01 1.50026E-02 1.44582E-04 
1.38775E-01 1.18438E-02 1.69521E-04 
1.34469E-01 9.79506E-03 1.93749E-04 
1.33180E-01 9.25616E-03 2.01838E-04 
1.26882E-01 7.02834E-03 2.48346E-04 
1.20423E-01 5.29918E-03 3.12490E-04 
1.13907E-01 3.98203E-03 4.03131E-04 
1.07425E-01 2.99589E-03 5.34584E-04 
1.01150E-01 2.27893E-03 7.31341E-04 
9.50342E-02 1.75394E-03 1.03367E-03 
8.90836E-02 1.37185E-03 1.51293E-03 
8.33396E-02 1.09343E-03 2.29856E-03 
7.78360E-02 8.88554E-04 3.63169E-03 
7.26124E-02 7.35133E-04 5.96985E-03 
6.77475E-02 6.17878E-04 1.01806E-02 
6.34595E-02 5.27532E-04 1.78189E-02 
6.03694E-02 4.61131E-04 3.11626E-02 
5.97829E-02 4.21803E-04 5.16341E-02 
6.24757E-02 4.08448E-04 7.52927E-02 
6.56661E-02 3.98403E-04 9.21905E-02 
6.55272E-02 3.69143E-04 9.70207E-02 
1.53181E-01 4.13237E-02 7.12318E-05 
1.49703E-01 3.43867E-02 7.86827E-05 
1.45827E-01 2.82905E-02 8.76313E-05 
1.41559E-01 2.29739E-02 9.85182E-05 
1.36841E-01 1.84086E-02 1.11895E-04 
1.31755E-01 1.45628E-02 1.28616E-04 
1.26366E-01 1.13818E-02 1.49869E-04 
1.22038E-01 9.33491E-03 1.70484E-04 
1.20750E-01 8.79899E-03 1.77363E-04 
1.14507E-01 6.59607E-03 2.16839E-04 
1.08165E-01 4.90299E-03 2.71140E-04 
1.01835E-01 3.62732E-03 3.47694E-04 
9.56074E-02 2.68346E-03 4.58472E-04 
8.96441E-02 2.00451E-03 6.23997E-04 
8.38841E-02 1.51464E-03 8.77748E-04 
7.83258E-02 1.16367E-03 1.27895E-03 
7.29989E-02 9.12348E-04 1.93488E-03 
6.79269E-02 7.30911E-04 3.04465E-03 
6.31387E-02 5.97709E-04 4.98532E-03 
5.86980E-02 4.97848E-04 8.46876E-03 
5.47876E-02 4.22154E-04 1.47662E-02 
5.19362E-02 3.67128E-04 2.57271E-02 
5.12531E-02 3.34526E-04 4.24672E-02 
5.33782E-02 3.22989E-04 6.16921E-02 
5.59110E-02 3.14334E-04 7.52538E-02 
5.55963E-02 2.90725E-04 7.88985E-02 
1.42442E-01 4.15484E-02 6.51271E-05 
1.38680E-01 3.43611E-02 7.15336E-05 
1.34579E-01 2.80835E-02 7.92067E-05 
1.30101E-01 2.26358E-02 8.85089E-05 
1.25194E-01 1.79848E-02 9.98753E-05 
1.19973E-01 1.40961E-02 1.14037E-04 
1.14513E-01 1.09068E-02 1.31997E-04 
1.10169E-01 8.86980E-03 1.49372E-04 
1.08883E-01 8.33889E-03 1.55163E-04 
1.02700E-01 6.16979E-03 1.88353E-04 
9.65158E-02 4.52148E-03 2.33945E-04 
9.04219E-02 3.29359E-03 2.98120E-04 
8.44875E-02 2.39553E-03 3.90774E-04 
7.88598E-02 1.75624E-03 5.28949E-04 
7.34722E-02 1.30158E-03 7.40264E-04 
6.83194E-02 9.80856E-04 1.07348E-03 
6.34198E-02 7.55176E-04 1.61679E-03 
5.87869E-02 5.95403E-04 2.53338E-03 
5.44388E-02 4.80526E-04 4.13130E-03 
5.04243E-02 3.96164E-04 6.99038E-03 
4.68946E-02 3.33378E-04 1.21412E-02 
4.42948E-02 2.88328E-04 2.10722E-02 
4.35583E-02 2.61696E-04 3.46500E-02 
4.52074E-02 2.51983E-04 5.01429E-02 
4.71874E-02 2.44785E-04 6.09314E-02 
4.67538E-02 2.26129E-04 6.36374E-02 
1.32196E-01 4.16814E-02 5.94859E-05 
1.28174E-01 3.42553E-02 6.49502E-05 
1.23848E-01 2.78061E-02 7.14648E-05 
1.19182E-01 2.22415E-02 7.93415E-05 
1.14125E-01 1.75221E-02 8.89188E-05 
1.08795E-01 1.36053E-02 1.00804E-04 
1.03279E-01 1.04187E-02 1.15825E-04 
9.89350E-02 8.39988E-03 1.30328E-04 
9.76607E-02 7.87657E-03 1.35160E-04 
9.15855E-02 5.75237E-03 1.62835E-04 
8.55768E-02 4.15543E-03 2.00769E-04 
7.97205E-02 2.97909E-03 2.54039E-04 
7.40906E-02 2.12934E-03 3.30820E-04 
6.88164E-02 1.53119E-03 4.45162E-04 
6.38196E-02 1.11193E-03 6.19648E-04 
5.90850E-02 8.20685E-04 8.94099E-04 
5.46204E-02 6.19311E-04 1.34033E-03 
5.04295E-02 4.79553E-04 2.09101E-03 
4.65205E-02 3.81246E-04 3.39565E-03 
4.29280E-02 3.10639E-04 5.72238E-03 
3.97755E-02 2.59170E-04 9.89954E-03 
3.74335E-02 2.22814E-04 1.71137E-02 
3.66795E-02 2.01442E-04 2.80305E-02 
3.79344E-02 1.93513E-04 4.04044E-02 
3.94555E-02 1.87776E-04 4.89049E-02 
3.89500E-02 1.73433E-04 5.08767E-02 
1.22468E-01 4.17192E-02 5.42859E-05 
1.18208E-01 3.40656E-02 5.89011E-05 
1.13671E-01 2.74568E-02 6.43727E-05 
1.08827E-01 2.17885E-02 7.09652E-05 
1.03655E-01 1.70178E-02 7.89552E-05 
9.82331E-02 1.30854E-02 8.88102E-05 
9.26889E-02 9.91523E-03 1.01234E-04 
8.83750E-02 7.92461E-03 1.13217E-04 
8.71149E-02 7.41103E-03 1.17204E-04 
8.11637E-02 5.34048E-03 1.40028E-04 
7.53541E-02 3.80187E-03 1.71262E-04 
6.97645E-02 2.68213E-03 2.15056E-04 
6.44571E-02 1.88325E-03 2.78073E-04 
5.95477E-02 1.32731E-03 3.71800E-04 
5.49496E-02 9.43336E-04 5.14532E-04 
5.06369E-02 6.80704E-04 7.38500E-04 
4.66071E-02 5.02307E-04 1.10168E-03 
4.28534E-02 3.81000E-04 1.71084E-03 
3.93747E-02 2.97612E-04 2.76624E-03 
3.61943E-02 2.39191E-04 4.64215E-03 
3.34095E-02 1.97600E-04 7.99780E-03 
3.13253E-02 1.68781E-04 1.37704E-02 
3.05826E-02 1.52018E-04 2.24635E-02 
3.15158E-02 1.45799E-04 3.22491E-02 
3.26606E-02 1.41494E-04 3.88764E-02 
3.21211E-02 1.30877E-04 4.02812E-02 
1.13250E-01 4.16538E-02 4.94944E-05 
1.08788E-01 3.37898E-02 5.33527E-05 
1.04076E-01 2.70386E-02 5.78978E-05 
9.90772E-02 2.12809E-02 6.33468E-05 
9.38101E-02 1.64734E-02 6.99265E-05 
8.83313E-02 1.25409E-02 7.79969E-05 
8.27843E-02 9.39919E-03 8.81418E-05 
7.85154E-02 7.44453E-03 9.79145E-05 
7.72767E-02 6.94301E-03 1.01165E-04 
7.14690E-02 4.93466E-03 1.19755E-04 
6.58744E-02 3.46045E-03 1.45168E-04 
6.05719E-02 2.40140E-03 1.80780E-04 
5.56083E-02 1.65571E-03 2.31971E-04 
5.10735E-02 1.14275E-03 3.08031E-04 
4.68749E-02 7.93714E-04 4.23614E-04 
4.29811E-02 5.58714E-04 6.04544E-04 
3.93777E-02 4.01942E-04 8.97161E-04 
3.60494E-02 2.97584E-04 1.38652E-03 
3.29867E-02 2.27612E-04 2.23167E-03 
3.02016E-02 1.79926E-04 3.72878E-03 
2.77696E-02 1.46918E-04 6.39697E-03 
2.59379E-02 1.24602E-04 1.09680E-02 
2.52286E-02 1.11854E-04 1.78174E-02 
2.59031E-02 1.07253E-04 2.54723E-02 
2.67438E-02 1.04325E-04 3.05787E-02 
2.61997E-02 9.69063E-05 3.15518E-02 
1.04570E-01 4.14918E-02 4.50967E-05 
9.99412E-02 3.34342E-02 4.82835E-05 
9.50742E-02 2.65544E-02 5.20025E-05 
8.99464E-02 2.07217E-02 5.64381E-05 
8.45981E-02 1.58900E-02 6.17677E-05 
7.91047E-02 1.19735E-02 6.82861E-05 
7.35869E-02 8.87293E-03 7.64485E-05 
6.93770E-02 6.96147E-03 8.42986E-05 
6.81625E-02 6.47382E-03 8.69079E-05 
6.25245E-02 4.53591E-03 1.01846E-04 
5.71757E-02 3.13215E-03 1.22275E-04 
5.21768E-02 2.13705E-03 1.50893E-04 
4.75563E-02 1.44561E-03 1.91976E-04 
4.33906E-02 9.75691E-04 2.52969E-04 
3.95886E-02 6.61032E-04 3.45520E-04 
3.61052E-02 4.52593E-04 4.90073E-04 
3.29161E-02 3.16126E-04 7.23239E-04 
2.99970E-02 2.27308E-04 1.11204E-03 
2.73313E-02 1.69366E-04 1.78136E-03 
2.49205E-02 1.31113E-04 2.96279E-03 
2.28222E-02 1.05539E-04 5.06044E-03 
2.12333E-02 8.88088E-05 8.63849E-03 
2.05733E-02 7.95447E-05 1.39722E-02 
2.10433E-02 7.64575E-05 1.98882E-02 
2.16418E-02 7.48374E-05 2.37714E-02 
2.11150E-02 7.01462E-05 2.44214E-02 
9.64147E-02 4.12365E-02 4.10616E-05 
9.16288E-02 3.29943E-02 4.36434E-05 
8.66484E-02 2.60060E-02 4.66370E-05 
8.14184E-02 2.01129E-02 5.01788E-05 
7.60233E-02 1.52729E-02 5.44160E-05 
7.05327E-02 1.13844E-02 5.95748E-05 
6.50740E-02 8.33693E-03 6.60209E-05 
6.09491E-02 6.47671E-03 7.22186E-05 
5.97660E-02 6.00497E-03 7.42791E-05 
5.43133E-02 4.14426E-03 8.60738E-05 
4.92269E-02 2.81575E-03 1.02244E-04 
4.45394E-02 1.88709E-03 1.24901E-04 
4.02726E-02 1.25115E-03 1.57429E-04 
3.64796E-02 8.24357E-04 2.05714E-04 
3.30661E-02 5.43324E-04 2.78865E-04 
2.99802E-02 3.60300E-04 3.92886E-04 
2.71884E-02 2.42843E-04 5.76336E-04 
2.46583E-02 1.68250E-04 8.81324E-04 
2.23663E-02 1.21076E-04 1.40463E-03 
2.03063E-02 9.11174E-05 2.32492E-03 
1.85194E-02 7.19734E-05 3.95240E-03 
1.71601E-02 6.00363E-05 6.71602E-03 
1.65603E-02 5.37931E-05 1.08129E-02 
1.68712E-02 5.21172E-05 1.53206E-02 
1.72792E-02 5.17262E-05 1.82275E-02 
1.67855E-02 4.93580E-05 1.86405E-02 
8.88351E-02 4.08892E-02 3.73935E-05 
8.39175E-02 3.24788E-02 3.94427E-05 
7.88558E-02 2.54005E-02 4.18040E-05 
7.35575E-02 1.94644E-02 4.45711E-05 
6.81326E-02 1.46280E-02 4.78574E-05 
6.26819E-02 1.07825E-02 5.18559E-05 
5.73065E-02 7.79834E-03 5.68378E-05 
5.32847E-02 5.99582E-03 6.16332E-05 
5.21388E-02 5.54169E-03 6.32302E-05 
4.68995E-02 3.76479E-03 7.23861E-05 
4.20806E-02 2.51428E-03 8.49719E-05 
3.77105E-02 1.65346E-03 1.02649E-04 
3.37974E-02 1.07305E-03 1.28060E-04 
3.03697E-02 6.88527E-04 1.65803E-04 
2.73341E-02 4.39901E-04 2.22934E-04 
2.46283E-02 2.80876E-04 3.11815E-04 
2.22100E-02 1.80971E-04 4.54457E-04 
2.00410E-02 1.19236E-04 6.90870E-04 
1.80931E-02 8.15997E-05 1.09514E-03 
1.63538E-02 5.88467E-05 1.80333E-03 
1.48509E-02 4.52060E-05 3.05052E-03 
1.37028E-02 3.73375E-05 5.15828E-03 
1.31687E-02 3.36877E-05 8.26459E-03 
1.33591E-02 3.33117E-05 1.16528E-02 
1.36213E-02 3.40633E-05 1.37960E-02 
1.31700E-02 3.36472E-05 1.40403E-02 
8.17156E-02 4.04499E-02 3.40193E-05 
7.66979E-02 3.18875E-02 3.55980E-05 
7.15715E-02 2.47327E-02 3.73980E-05 
6.62456E-02 1.87728E-02 3.94933E-05 
6.08240E-02 1.39552E-02 4.19564E-05 
5.54333E-02 1.01638E-02 4.49497E-05 
5.01764E-02 7.25491E-03 4.86860E-05 
4.62720E-02 5.51593E-03 5.22842E-05 
4.51665E-02 5.08081E-03 5.34860E-05 
4.01673E-02 3.39410E-03 6.04206E-05 
3.56329E-02 2.22501E-03 6.99980E-05 
3.15836E-02 1.43315E-03 8.34979E-05 
2.80222E-02 9.08230E-04 1.02968E-04 
2.49579E-02 5.65371E-04 1.31970E-04 
2.22881E-02 3.48058E-04 1.75842E-04 
1.99432E-02 2.11751E-04 2.43968E-04 
1.78752E-02 1.28160E-04 3.53018E-04 
1.60417E-02 7.81531E-05 5.33187E-04 
1.44103E-02 4.90493E-05 8.40131E-04 
1.29643E-02 3.26359E-05 1.37571E-03 
1.17196E-02 2.37630E-05 2.31457E-03 
1.07652E-02 1.93932E-05 3.89302E-03 
1.02989E-02 1.80016E-05 6.20423E-03 
1.03989E-02 1.88390E-05 8.70094E-03 
1.05499E-02 2.06674E-05 1.02462E-02 
1.01460E-02 2.19077E-05 1.03721E-02 
7.50921E-02 3.99241E-02 3.09414E-05 
7.00116E-02 3.12308E-02 3.21121E-05 
6.48446E-02 2.40155E-02 3.34231E-05 
5.95201E-02 1.80480E-02 3.49398E-05 
5.41337E-02 1.32640E-02 3.67011E-05 
4.88287E-02 9.53820E-03 3.88421E-05 
4.37154E-02 6.71397E-03 4.15324E-05 
3.99537E-02 5.04463E-03 4.41402E-05 
3.88952E-02 4.62994E-03 4.50158E-05 
3.41434E-02 3.03661E-03 5.00989E-05 
2.99054E-02 1.95086E-03 5.72010E-05 
2.61892E-02 1.22842E-03 6.73003E-05 
2.29760E-02 7.57928E-04 8.19330E-05 
2.02545E-02 4.54920E-04 1.03796E-04 
1.79284E-02 2.67240E-04 1.36882E-04 
1.59195E-02 1.52114E-04 1.88192E-04 
1.41741E-02 8.34877E-05 2.70123E-04 
1.26460E-02 4.40553E-05 4.05047E-04 
1.12998E-02 2.25181E-05 6.33984E-04 
1.01158E-02 1.16351E-05 1.03172E-03 
9.10066E-03 6.86611E-06 1.72540E-03 
8.31944E-03 5.48686E-06 2.88489E-03 
7.91938E-03 6.05392E-06 4.57027E-03 
7.95318E-03 8.01951E-06 6.37097E-03 
8.02136E-03 1.08535E-05 7.45731E-03 
7.66597E-03 1.34914E-05 7.50395E-03 
6.89263E-02 3.93074E-02 2.81301E-05 
6.38168E-02 3.05077E-02 2.89476E-05 
5.86449E-02 2.32526E-02 2.98397E-05 
5.33466E-02 1.72933E-02 3.08599E-05 
4.80292E-02 1.25586E-02 3.20299E-05 
4.28354E-02 8.90954E-03 3.34550E-05 
3.78883E-02 6.17845E-03 3.52761E-05 
3.42864E-02 4.58368E-03 3.70684E-05 
3.32791E-02 4.19050E-03 3.76763E-05 
2.87937E-02 2.69408E-03 4.12499E-05 
2.48607E-02 1.69258E-03 4.63420E-05 
2.14748E-02 1.03875E-03 5.36868E-05 
1.86010E-02 6.21116E-04 6.44185E-05 
1.62088E-02 3.56083E-04 8.05453E-05 
1.42060E-02 1.96251E-04 1.04987E-04 
1.25076E-02 1.00725E-04 1.42856E-04 
1.10557E-02 4.57314E-05 2.03178E-04 
9.80157E-03 1.57926E-05 3.02159E-04 
8.70887E-03 9.56575E-07 4.69397E-04 
7.75479E-03 -5.10068E-06 7.58400E-04 
6.94045E-03 -6.32746E-06 1.25957E-03 
6.31088E-03 -5.14136E-06 2.09162E-03 
5.97281E-03 -2.86485E-06 3.29070E-03 
5.95908E-03 1.55857E-07 4.55508E-03 
5.96627E-03 3.93356E-06 5.29429E-03 
5.65752E-03 7.75152E-06 5.29038E-03 
6.31921E-02 3.86000E-02 2.55622E-05 
5.80896E-02 2.97221E-02 2.60783E-05 
5.29424E-02 2.24480E-02 2.66123E-05 
4.76981E-02 1.65141E-02 2.72119E-05 
4.24806E-02 1.18440E-02 2.78887E-05 
3.74254E-02 8.28289E-03 2.87221E-05 
3.26639E-02 5.65227E-03 2.98294E-05 
2.92377E-02 4.13633E-03 3.09616E-05 
2.82846E-02 3.76538E-03 3.13525E-05 
2.40820E-02 2.36838E-03 3.37157E-05 
2.04586E-02 1.45104E-03 3.72017E-05 
1.73996E-02 8.64286E-04 4.23555E-05 
1.48541E-02 4.97366E-04 4.99936E-05 
1.27740E-02 2.68087E-04 6.15829E-05 
1.10712E-02 1.34117E-04 7.91969E-05 
9.65554E-03 5.65236E-05 1.06476E-04 
8.46649E-03 1.38455E-05 1.49821E-04 
7.45447E-03 -7.61347E-06 2.20654E-04 
6.58284E-03 -1.65293E-05 3.39724E-04 
5.82764E-03 -1.83648E-05 5.44209E-04 
5.18561E-03 -1.65231E-05 8.96346E-04 
4.68626E-03 -1.31230E-05 1.47610E-03 
4.40395E-03 -9.34240E-06 2.30270E-03 
4.35639E-03 -5.32814E-06 3.15985E-03 
4.31905E-03 -6.60554E-07 3.64061E-03 
4.05283E-03 4.15577E-06 3.60669E-03 
5.78604E-02 3.78015E-02 2.32158E-05 
5.27913E-02 2.88714E-02 2.34735E-05 
4.77046E-02 2.16046E-02 2.37070E-05 
4.25418E-02 1.57142E-02 2.39542E-05 
3.74522E-02 1.11241E-02 2.42244E-05 
3.25621E-02 7.66231E-03 2.45765E-05 
2.80074E-02 5.13930E-03 2.51095E-05 
2.47689E-02 3.70541E-03 2.57155E-05 
2.38740E-02 3.35741E-03 2.59352E-05 
1.99646E-02 2.06102E-03 2.73441E-05 
1.66538E-02 1.22696E-03 2.95724E-05 
1.39151E-02 7.05063E-04 3.30147E-05 
1.16865E-02 3.86327E-04 3.82513E-05 
9.89801E-03 1.90183E-04 4.63101E-05 
8.47007E-03 7.99249E-05 5.86205E-05 
7.30822E-03 1.85626E-05 7.76889E-05 
6.35092E-03 -1.30775E-05 1.07898E-04 
5.54909E-03 -2.69974E-05 1.57021E-04 
4.86679E-03 -3.06872E-05 2.39053E-04 
4.28040E-03 -2.88189E-05 3.78830E-04 
3.78330E-03 -2.43044E-05 6.17326E-04 
3.39326E-03 -1.89791E-05 1.00565E-03 
3.15914E-03 -1.38621E-05 1.55128E-03 
3.08735E-03 -8.90537E-06 2.10406E-03 
3.01730E-03 -3.39475E-06 2.39570E-03 
2.78814E-03 2.26824E-06 2.34602E-03 
5.28955E-02 3.69043E-02 2.10683E-05 
4.78882E-02 2.79529E-02 2.11070E-05 
4.28980E-02 2.07238E-02 2.10929E-05 
3.78481E-02 1.48982E-02 2.10507E-05 
3.29099E-02 1.04029E-02 2.09895E-05 
2.82106E-02 7.05180E-03 2.09585E-05 
2.38807E-02 4.64274E-03 2.10385E-05 
2.08405E-02 3.29352E-03 2.12350E-05 
2.00070E-02 2.96905E-03 2.13228E-05 
1.63991E-02 1.77364E-03 2.19987E-05 
1.34009E-02 1.02106E-03 2.32661E-05 
1.09735E-02 5.61164E-04 2.54033E-05 
9.04304E-03 2.87438E-04 2.88044E-05 
7.52418E-03 1.21624E-04 3.41687E-05 
6.34572E-03 3.28676E-05 4.24368E-05 
5.40917E-03 -1.39556E-05 5.52556E-05 
4.65328E-03 -3.57890E-05 7.54850E-05 
4.03075E-03 -4.30411E-05 1.08151E-04 
3.50731E-03 -4.21217E-05 1.62184E-04 
3.06113E-03 -3.69947E-05 2.53258E-04 
2.68311E-03 -3.01384E-05 4.06562E-04 
2.38247E-03 -2.31262E-05 6.52083E-04 
2.18823E-03 -1.68107E-05 9.89441E-04 
2.09852E-03 -1.09555E-05 1.31873E-03 
2.00396E-03 -4.64438E-06 1.47470E-03 
1.80562E-03 1.73623E-06 1.41875E-03 
4.82372E-02 3.58879E-02 1.90882E-05 
4.33306E-02 2.69588E-02 1.89469E-05 
3.84679E-02 1.97994E-02 1.87299E-05 
3.35639E-02 1.40639E-02 1.84548E-05 
2.88046E-02 9.68105E-03 1.81304E-05 
2.43204E-02 6.45264E-03 1.78012E-05 
2.02331E-02 4.16407E-03 1.75332E-05 
1.74004E-02 2.90178E-03 1.74194E-05 
1.66300E-02 2.60112E-03 1.74078E-05 
1.33295E-02 1.50649E-03 1.75356E-05 
1.06420E-02 8.33168E-04 1.80894E-05 
8.51454E-03 4.32027E-04 1.92551E-05 
6.86516E-03 2.00033E-04 2.12899E-05 
5.59397E-03 6.16330E-05 2.46430E-05 
4.63780E-03 -7.87676E-06 2.98813E-05 
3.89737E-03 -4.18010E-05 3.80151E-05 
3.31335E-03 -5.49702E-05 5.07755E-05 
2.84100E-03 -5.63341E-05 7.11535E-05 
2.44847E-03 -5.13389E-05 1.04343E-04 
2.11623E-03 -4.33292E-05 1.59291E-04 
1.83390E-03 -3.44041E-05 2.49675E-04 
1.60445E-03 -2.59001E-05 3.90260E-04 
1.44174E-03 -1.84993E-05 5.75573E-04 
1.33786E-03 -1.17836E-05 7.43394E-04 
1.22419E-03 -4.71109E-06 8.03923E-04 
1.05033E-03 2.27566E-06 7.47680E-04 
4.38630E-02 3.47317E-02 1.72622E-05 
3.90998E-02 2.58812E-02 1.69786E-05 
3.43968E-02 1.88295E-02 1.66007E-05 
2.96733E-02 1.32148E-02 1.61453E-05 
2.51196E-02 8.96356E-03 1.56199E-05 
2.08730E-02 5.87016E-03 1.50685E-05 
1.70449E-02 3.70833E-03 1.45464E-05 
1.44259E-02 2.53433E-03 1.42083E-05 
1.37197E-02 2.25747E-03 1.41253E-05 
1.07286E-02 1.26223E-03 1.38643E-05 
8.34311E-03 6.64634E-04 1.39099E-05 
6.50038E-03 3.18218E-04 1.43820E-05 
5.10935E-03 1.24092E-04 1.54315E-05 
4.05979E-03 9.92689E-06 1.73243E-05 
3.29874E-03 -4.26610E-05 2.03596E-05 
2.72560E-03 -6.53444E-05 2.50777E-05 
2.28444E-03 -7.09803E-05 3.23907E-05 
1.93420E-03 -6.72070E-05 4.38199E-05 
1.64625E-03 -5.86366E-05 6.18794E-05 
1.40342E-03 -4.80919E-05 9.06777E-05 
1.19526E-03 -3.73483E-05 1.35726E-04 
1.02031E-03 -2.75318E-05 2.01120E-04 
8.80959E-04 -1.91541E-05 2.78246E-04 
7.65022E-04 -1.16245E-05 3.32505E-04 
6.35669E-04 -3.84036E-06 3.27939E-04 
4.80290E-04 3.64588E-06 2.75046E-04 
3.96954E-02 3.33913E-02 1.55549E-05 
3.51213E-02 2.46906E-02 1.51631E-05 
3.06171E-02 1.77968E-02 1.46634E-05 
2.61131E-02 1.23414E-02 1.40758E-05 
2.17966E-02 8.24642E-03 1.34051E-05 
1.78097E-02 5.30242E-03 1.26963E-05 
1.42579E-02 3.27467E-03 1.19995E-05 
1.18594E-02 2.19078E-03 1.15093E-05 
1.12184E-02 1.93780E-03 1.13784E-05 
8.53541E-03 1.04022E-03 1.08560E-05 
6.44299E-03 5.14758E-04 1.05585E-05 
4.86825E-03 2.18920E-04 1.05551E-05 
3.71334E-03 5.88455E-05 1.09178E-05 
2.85987E-03 -3.41485E-05 1.17766E-05 
2.26659E-03 -7.20717E-05 1.32370E-05 
1.83334E-03 -8.50699E-05 1.55041E-05 
1.50859E-03 -8.42008E-05 1.89045E-05 
1.25550E-03 -7.59656E-05 2.39136E-05 
1.04921E-03 -6.42687E-05 3.11578E-05 
8.74603E-04 -5.15025E-05 4.13028E-05 
7.22340E-04 -3.91683E-05 5.41863E-05 
5.87693E-04 -2.82061E-05 6.65494E-05 
4.64515E-04 -1.89586E-05 6.80050E-05 
3.37595E-04 -1.06721E-05 4.39378E-05 
1.94884E-04 -2.23720E-06 -3.72007E-06 
5.28583E-05 5.64221E-06 -5.12971E-05 
3.56673E-02 3.18088E-02 1.39371E-05 
3.13291E-02 2.33460E-02 1.34679E-05 
2.70722E-02 1.66780E-02 1.28849E-05 
2.28295E-02 1.14302E-02 1.22085E-05 
1.87871E-02 7.52391E-03 1.14439E-05 
1.50864E-02 4.74776E-03 1.06362E-05 
1.18288E-02 2.86323E-03 9.83383E-06 
9.65710E-03 1.87157E-03 9.25213E-06 
9.08179E-03 1.64253E-03 9.09236E-06 
6.70465E-03 8.40825E-04 8.41342E-06 
4.89388E-03 3.83602E-04 7.90416E-06 
3.56794E-03 1.33962E-04 7.59482E-06 
2.62504E-03 4.01865E-06 7.49946E-06 
1.94184E-03 -7.08043E-05 7.65009E-06 
1.48981E-03 -9.62487E-05 8.01545E-06 
1.17067E-03 -1.01063E-04 8.56550E-06 
9.38033E-04 -9.46875E-05 9.21714E-06 
7.59778E-04 -8.26522E-05 9.71967E-06 
6.14927E-04 -6.82832E-05 9.39340E-06 
4.90754E-04 -5.36227E-05 6.54709E-06 
3.79063E-04 -3.99460E-05 -2.84055E-06 
2.72989E-04 -2.80265E-05 -2.69140E-05 
1.60110E-04 -1.80408E-05 -7.68889E-05 
2.31321E-05 -9.08623E-06 -1.53175E-04 
-1.30898E-04 -9.28718E-08 -2.27875E-04 
-2.63442E-04 8.05765E-06 -2.69117E-04 
3.16899E-02 2.98957E-02 1.23719E-05 
2.76417E-02 2.17856E-02 1.18548E-05 
2.36901E-02 1.54345E-02 1.12265E-05 
1.97580E-02 1.04581E-02 1.05026E-05 
1.60341E-02 6.78403E-03 9.69233E-06 
1.26523E-02 4.20093E-03 8.83939E-06 
9.71042E-03 2.47213E-03 7.99166E-06 
7.77346E-03 1.57619E-03 7.37018E-06 
7.26496E-03 1.37140E-03 7.19775E-06 
5.19046E-03 6.64139E-04 6.44624E-06 
3.64845E-03 2.71285E-04 5.82754E-06 
2.55103E-03 6.34585E-05 5.34191E-06 
1.79526E-03 -4.02415E-05 4.96047E-06 
1.25691E-03 -9.97222E-05 4.64648E-06 
9.20618E-04 -1.14840E-04 4.27551E-06 
6.91722E-04 -1.12960E-04 3.65820E-06 
5.29584E-04 -1.02106E-04 2.43619E-06 
4.06987E-04 -8.69961E-05 -1.26531E-07 
3.06713E-04 -7.04877E-05 -5.57712E-06 
2.18443E-04 -5.43418E-05 -1.71506E-05 
1.35123E-04 -3.96466E-05 -4.13632E-05 
4.86307E-05 -2.70247E-05 -8.93841E-05 
-5.80053E-05 -1.64941E-05 -1.72581E-04 
-2.03328E-04 -7.02416E-06 -2.81524E-04 
-3.65977E-04 2.37414E-06 -3.71400E-04 
-4.91178E-04 1.06361E-05 -4.05766E-04 
2.76659E-02 2.75392E-02 1.08193E-05 
2.39721E-02 1.99319E-02 1.02838E-05 
2.03850E-02 1.40103E-02 9.64431E-06 
1.68235E-02 9.39054E-03 8.91305E-06 
1.34715E-02 6.00719E-03 8.10315E-06 
1.04500E-02 3.65204E-03 7.25507E-06 
7.85081E-03 2.09696E-03 6.41555E-06 
6.16041E-03 1.30275E-03 5.79914E-06 
5.72043E-03 1.12301E-03 5.62753E-06 
3.94787E-03 5.10205E-04 4.87215E-06 
2.66200E-03 1.78428E-04 4.22338E-06 
1.77274E-03 8.31279E-06 3.65973E-06 
1.17965E-03 -7.28565E-05 3.12190E-06 
7.62295E-04 -1.19531E-04 2.52779E-06 
5.17974E-04 -1.26508E-04 1.69485E-06 
3.57832E-04 -1.19544E-04 3.34809E-07 
2.47508E-04 -1.05421E-04 -2.07929E-06 
1.64631E-04 -8.81764E-05 -6.57737E-06 
9.54929E-05 -7.02827E-05 -1.52224E-05 
3.19815E-05 -5.32674E-05 -3.21449E-05 
-3.18925E-05 -3.80585E-05 -6.52587E-05 
-1.04848E-04 -2.51405E-05 -1.27259E-04 
-2.06769E-04 -1.43890E-05 -2.29086E-04 
-3.56605E-04 -4.68344E-06 -3.54973E-04 
-5.23061E-04 4.84747E-06 -4.50516E-04 
-6.40833E-04 1.29815E-05 -4.77765E-04 
2.35271E-02 2.46433E-02 9.24858E-06 
2.02492E-02 1.77121E-02 8.72052E-06 
1.70813E-02 1.23482E-02 8.09879E-06 
1.39533E-02 8.18890E-03 7.39703E-06 
1.10307E-02 5.16857E-03 6.62920E-06 
8.41778E-03 3.08724E-03 5.83205E-06 
6.19568E-03 1.73109E-03 5.04932E-06 
4.76815E-03 1.04816E-03 4.47717E-06 
4.39954E-03 8.95014E-04 4.31787E-06 
2.93268E-03 3.79271E-04 3.61564E-06 
1.89308E-03 1.06638E-04 3.00024E-06 
1.19334E-03 -2.91052E-05 2.43592E-06 
7.40399E-04 -9.10526E-05 1.84609E-06 
4.23384E-04 -1.26968E-04 1.12454E-06 
2.49882E-04 -1.28142E-04 6.37342E-08 
1.40121E-04 -1.18052E-04 -1.66758E-06 
6.62753E-05 -1.02331E-04 -4.66741E-06 
1.06737E-05 -8.43878E-05 -1.00815E-05 
-3.72290E-05 -6.63471E-05 -2.01601E-05 
-8.36446E-05 -4.95182E-05 -3.93213E-05 
-1.33549E-04 -3.46754E-05 -7.58265E-05 
-1.95683E-04 -2.21769E-05 -1.42477E-04 
-2.90777E-04 -1.17885E-05 -2.49158E-04 
-4.37079E-04 -2.37348E-06 -3.77053E-04 
-5.98237E-04 6.78920E-06 -4.69224E-04 
-7.05394E-04 1.43992E-05 -4.89397E-04 
1.93154E-02 2.12310E-02 7.66598E-06 
1.64867E-02 1.51274E-02 7.16152E-06 
1.37748E-02 1.04416E-02 6.57912E-06 
1.11267E-02 6.84331E-03 5.93504E-06 
8.67821E-03 4.25813E-03 5.24191E-06 
6.51739E-03 2.49978E-03 4.53428E-06 
4.70349E-03 1.37030E-03 3.84796E-06 
3.55537E-03 8.10331E-04 3.35234E-06 
3.26139E-03 6.85934E-04 3.21490E-06 
2.10572E-03 2.72082E-04 2.61170E-06 
1.30513E-03 5.83637E-05 2.08151E-06 
7.79350E-04 -4.51274E-05 1.58288E-06 
4.47657E-04 -9.03475E-05 1.03809E-06 
2.15805E-04 -1.16692E-04 3.40885E-07 
9.59527E-05 -1.14609E-04 -7.04452E-07 
2.21477E-05 -1.03911E-04 -2.40986E-06 
-2.67123E-05 -8.90171E-05 -5.33454E-06 
-6.37987E-05 -7.26507E-05 -1.05404E-05 
-9.68264E-05 -5.65158E-05 -2.00911E-05 
-1.30367E-04 -4.16578E-05 -3.79976E-05 
-1.68345E-04 -2.86771E-05 -7.16582E-05 
-2.18613E-04 -1.78156E-05 -1.32324E-04 
-2.99907E-04 -8.79504E-06 -2.28064E-04 
-4.28000E-04 -5.92424E-07 -3.40795E-04 
-5.68050E-04 7.33560E-06 -4.19355E-04 
-6.57344E-04 1.37776E-05 -4.32951E-04 
1.52571E-02 1.75568E-02 6.14368E-06 
1.28772E-02 1.23629E-02 5.67276E-06 
1.06241E-02 8.42111E-03 5.14328E-06 
8.46256E-03 5.43832E-03 4.57328E-06 
6.49781E-03 3.32813E-03 3.97500E-06 
4.79589E-03 1.91761E-03 3.37846E-06 
3.39439E-03 1.02853E-03 2.81224E-06 
2.52411E-03 5.96149E-04 2.41129E-06 
2.30367E-03 5.01200E-04 2.30118E-06 
1.44926E-03 1.89850E-04 1.82395E-06 
8.71782E-04 3.34437E-05 1.41173E-06 
5.01715E-04 -3.98456E-05 1.02799E-06 
2.73521E-04 -7.04264E-05 6.09988E-07 
1.15237E-04 -8.78623E-05 7.51276E-08 
3.62369E-05 -8.48330E-05 -7.22720E-07 
-1.16629E-05 -7.60176E-05 -2.01541E-06 
-4.30949E-05 -6.45401E-05 -4.21630E-06 
-6.70544E-05 -5.22740E-05 -8.10712E-06 
-8.87322E-05 -4.03697E-05 -1.52001E-05 
-1.11222E-04 -2.95178E-05 -2.84210E-05 
-1.37268E-04 -2.01025E-05 -5.31354E-05 
-1.72624E-04 -1.22589E-05 -9.74317E-05 
-2.31052E-04 -5.75005E-06 -1.66907E-04 
-3.23863E-04 1.79287E-07 -2.48027E-04 
-4.24883E-04 5.88757E-06 -3.03623E-04 
-4.87978E-04 1.04674E-05 -3.11894E-04 
---
