PdfType: replica
Format: lhagrid1
---
1.00000E-06 1.28121E-06 1.64152E-06 2.10317E-06 2.69463E-06 3.45242E-06 4.42329E-06 5.66715E-06 7.26076E-06 9.30241E-06 1.19180E-05 1.52689E-05 1.95617E-05 2.50609E-05 3.21053E-05 4.11287E-05 5.26863E-05 6.74889E-05 8.64459E-05 1.10720E-04 1.41800E-04 1.81585E-04 2.32503E-04 2.97652E-04 3.80981E-04 4.87518E-04 6.26039E-04 8.00452E-04 1.02297E-03 1.30657E-03 1.66759E-03 2.12729E-03 2.71054E-03 3.44865E-03 4.37927E-03 5.54908E-03 7.01192E-03 8.83064E-03 1.10763E-02 1.38266E-02 1.71641E-02 2.11717E-02 2.59364E-02 3.15062E-02 3.79623E-02 4.53425E-02 5.36750E-02 6.29705E-02 7.32221E-02 8.44039E-02 9.64793E-02 1.09332E-01 1.23067E-01 1.37507E-01 1.52639E-01 1.68416E-01 1.84794E-01 2.01731E-01 2.19016E-01 2.36948E-01 2.55242E-01 2.73927E-01 2.92954E-01 3.12340E-01 3.32036E-01 3.52019E-01 3.72282E-01 3.92772E-01 4.13533E-01 4.34326E-01 4.55495E-01 4.76836E-01 4.98342E-01 5.20006E-01 5.41818E-01 5.63773E-01 5.85861E-01 6.08077E-01 6.30459E-01 6.52800E-01 6.75387E-01 6.98063E-01 7.20830E-01 7.43683E-01 7.66623E-01 7.89636E-01 8.12791E-01 8.35940E-01 8.59175E-01 8.82485E-01 9.05866E-01 9.29311E-01 9.52817E-01 9.76387E-01 1.00000E+00 
1.14018E+00 1.22539E+00 1.32482E+00 1.44156E+00 1.57954E+00 1.74381E+00 1.94091E+00 2.12132E+00 2.17945E+00 2.49622E+00 2.89383E+00 3.39925E+00 4.05063E+00 4.90286E+00 6.03623E+00 7.57063E+00 9.68869E+00 1.26749E+01 1.69835E+01 2.33578E+01 3.30501E+01 4.82334E+01 7.28041E+01 1.13998E+02 1.85779E+02 3.16228E+02 
908 909 910 
7.89274E-01 4.55146E-02 1.64671E-01 
8.04754E-01 5.44401E-02 1.94655E-01 
8.38833E-01 7.06964E-02 2.32747E-01 
9.00490E-01 9.52981E-02 2.81599E-01 
9.83929E-01 1.25184E-01 3.45322E-01 
1.09302E+00 1.61130E-01 4.30582E-01 
1.23216E+00 2.03953E-01 5.45745E-01 
1.36288E+00 2.42235E-01 6.62850E-01 
1.40560E+00 2.54404E-01 7.03681E-01 
1.63753E+00 3.18324E-01 9.45440E-01 
1.92338E+00 3.93128E-01 1.30142E+00 
2.27191E+00 4.79567E-01 1.83931E+00 
2.69239E+00 5.79080E-01 2.67095E+00 
3.19465E+00 7.48787E-01 4.00485E+00 
3.79507E+00 8.88466E-01 6.21419E+00 
4.52199E+00 1.04444E+00 9.98419E+00 
5.39698E+00 1.21770E+00 1.66723E+01 
6.44413E+00 1.40865E+00 2.89893E+01 
7.69428E+00 1.61829E+00 5.24744E+01 
9.19296E+00 1.84929E+00 9.87313E+01 
1.10303E+01 2.11128E+00 1.91081E+02 
1.34521E+01 2.43905E+00 3.69696E+02 
1.71205E+01 2.92920E+00 6.78079E+02 
2.30638E+01 3.70996E+00 1.09676E+03 
3.11933E+01 4.69936E+00 1.49232E+03 
3.98351E+01 5.60032E+00 1.74998E+03 
1.47181E+00 8.43389E-02 2.83908E-01 
1.50162E+00 1.01337E-01 3.35460E-01 
1.56676E+00 1.32268E-01 4.00960E-01 
1.68411E+00 1.79084E-01 4.85365E-01 
1.84224E+00 2.35770E-01 5.95790E-01 
2.04794E+00 3.03710E-01 7.42449E-01 
2.30914E+00 3.84405E-01 9.40644E-01 
2.55442E+00 4.56466E-01 1.14290E+00 
2.63410E+00 4.79261E-01 1.21267E+00 
3.06739E+00 5.99103E-01 1.62944E+00 
3.59993E+00 7.38826E-01 2.24248E+00 
4.24760E+00 8.99992E-01 3.16873E+00 
5.02780E+00 1.08411E+00 4.60426E+00 
5.95933E+00 1.39930E+00 6.89973E+00 
7.07017E+00 1.65605E+00 1.06935E+01 
8.41289E+00 1.94235E+00 1.71815E+01 
1.00248E+01 2.25915E+00 2.86840E+01 
1.19501E+01 2.60731E+00 4.98760E+01 
1.42434E+01 2.98819E+00 9.03250E+01 
1.69856E+01 3.40633E+00 1.69952E+02 
2.03397E+01 3.87920E+00 3.28662E+02 
2.47568E+01 4.47046E+00 6.35924E+02 
3.14491E+01 5.35616E+00 1.16677E+03 
4.22822E+01 6.76722E+00 1.88664E+03 
5.70738E+01 8.55153E+00 2.56683E+03 
7.27427E+01 1.01663E+01 3.00928E+03 
1.39897E+00 7.95115E-02 2.45544E-01 
1.42858E+00 9.61602E-02 2.90033E-01 
1.49275E+00 1.26412E-01 3.46682E-01 
1.60696E+00 1.71939E-01 4.19526E-01 
1.76007E+00 2.26917E-01 5.14925E-01 
1.95829E+00 2.92603E-01 6.41517E-01 
2.20876E+00 3.70332E-01 8.12487E-01 
2.44334E+00 4.39554E-01 9.87154E-01 
2.51927E+00 4.61378E-01 1.04708E+00 
2.93186E+00 5.75976E-01 1.40667E+00 
3.43719E+00 7.09012E-01 1.93520E+00 
4.04987E+00 8.61859E-01 2.73370E+00 
4.78606E+00 1.03562E+00 3.97277E+00 
5.66566E+00 1.33301E+00 5.95164E+00 
6.71160E+00 1.57295E+00 9.21822E+00 
7.97204E+00 1.83942E+00 1.48060E+01 
9.48057E+00 2.13303E+00 2.47142E+01 
1.12770E+01 2.45433E+00 4.29560E+01 
1.34108E+01 2.80434E+00 7.77858E+01 
1.59551E+01 3.18700E+00 1.46326E+02 
1.90599E+01 3.61835E+00 2.82879E+02 
2.31422E+01 4.15705E+00 5.47136E+02 
2.93271E+01 4.96565E+00 1.00381E+03 
3.93329E+01 6.25490E+00 1.62278E+03 
5.29625E+01 7.88038E+00 2.20738E+03 
6.73373E+01 9.34031E+00 2.58724E+03 
1.32367E+00 7.45715E-02 2.11287E-01 
1.35309E+00 9.08578E-02 2.49477E-01 
1.41596E+00 1.20298E-01 2.98109E-01 
1.52676E+00 1.64412E-01 3.60638E-01 
1.67424E+00 2.17493E-01 4.42400E-01 
1.86439E+00 2.80736E-01 5.51139E-01 
2.10349E+00 3.55271E-01 6.97736E-01 
2.32672E+00 4.21440E-01 8.47621E-01 
2.39889E+00 4.42273E-01 8.99108E-01 
2.78973E+00 5.51289E-01 1.20720E+00 
3.26693E+00 6.77333E-01 1.66045E+00 
3.84345E+00 8.21482E-01 2.34432E+00 
4.53405E+00 9.84574E-01 3.40525E+00 
5.36057E+00 1.26373E+00 5.10126E+00 
6.34075E+00 1.48676E+00 7.90096E+00 
7.51752E+00 1.73326E+00 1.26832E+01 
8.92177E+00 2.00374E+00 2.11672E+01 
1.05887E+01 2.29840E+00 3.67749E+01 
1.25630E+01 2.61800E+00 6.65750E+01 
1.49108E+01 2.96599E+00 1.25198E+02 
1.77694E+01 3.35699E+00 2.42021E+02 
2.15217E+01 3.84476E+00 4.67927E+02 
2.72053E+01 4.57831E+00 8.58242E+02 
3.63960E+01 5.74922E+00 1.38722E+03 
4.88860E+01 7.22108E+00 1.88662E+03 
6.19999E+01 8.53278E+00 2.21088E+03 
1.25240E+00 6.98927E-02 1.81507E-01 
1.28174E+00 8.58807E-02 2.14259E-01 
1.34327E+00 1.14510E-01 2.55860E-01 
1.45080E+00 1.57288E-01 3.09504E-01 
1.59299E+00 2.08577E-01 3.79584E-01 
1.77521E+00 2.69427E-01 4.72577E-01 
2.00343E+00 3.40899E-01 5.98100E-01 
2.21583E+00 4.04138E-01 7.26525E-01 
2.28430E+00 4.23997E-01 7.70518E-01 
2.65456E+00 5.27687E-01 1.03440E+00 
3.10484E+00 6.46993E-01 1.42209E+00 
3.64721E+00 7.82860E-01 2.00747E+00 
4.29483E+00 9.35890E-01 2.91489E+00 
5.07053E+00 1.19777E+00 4.36379E+00 
5.98827E+00 1.40465E+00 6.75856E+00 
7.08635E+00 1.63242E+00 1.08474E+01 
8.39225E+00 1.88122E+00 1.80944E+01 
9.93801E+00 2.15108E+00 3.14379E+01 
1.17632E+01 2.44245E+00 5.68916E+01 
1.39277E+01 2.75835E+00 1.06973E+02 
1.65566E+01 3.11207E+00 2.06710E+02 
2.00036E+01 3.55311E+00 3.99697E+02 
2.52225E+01 4.21769E+00 7.32940E+02 
3.36574E+01 5.27970E+00 1.18446E+03 
4.50930E+01 6.61067E+00 1.61064E+03 
5.70462E+01 7.78740E+00 1.88724E+03 
1.18496E+00 6.54589E-02 1.55540E-01 
1.21430E+00 8.11856E-02 1.83586E-01 
1.27455E+00 1.09050E-01 2.19154E-01 
1.37881E+00 1.50526E-01 2.64969E-01 
1.51595E+00 2.00103E-01 3.24951E-01 
1.69068E+00 2.58689E-01 4.04506E-01 
1.90841E+00 3.27196E-01 5.11717E-01 
2.11032E+00 3.87594E-01 6.21409E-01 
2.17531E+00 4.06530E-01 6.59027E-01 
2.52582E+00 5.05084E-01 8.84468E-01 
2.95061E+00 6.17971E-01 1.21578E+00 
3.46043E+00 7.45894E-01 1.71557E+00 
4.06747E+00 8.89371E-01 2.49111E+00 
4.79515E+00 1.13460E+00 3.72850E+00 
5.65355E+00 1.32644E+00 5.77122E+00 
6.67755E+00 1.53670E+00 9.26406E+00 
7.89111E+00 1.76524E+00 1.54491E+01 
9.32313E+00 2.01197E+00 2.68359E+01 
1.10090E+01 2.27716E+00 4.85567E+01 
1.30028E+01 2.56341E+00 9.12944E+01 
1.54184E+01 2.88282E+00 1.76376E+02 
1.85810E+01 3.28076E+00 3.40968E+02 
2.33695E+01 3.88202E+00 6.25244E+02 
3.11050E+01 4.84408E+00 1.01036E+03 
4.15667E+01 6.04609E+00 1.37382E+03 
5.24512E+01 7.09993E+00 1.60961E+03 
1.12118E+00 6.12620E-02 1.32999E-01 
1.15033E+00 7.66858E-02 1.56935E-01 
1.20961E+00 1.03907E-01 1.87347E-01 
1.31075E+00 1.44144E-01 2.26425E-01 
1.44288E+00 1.92050E-01 2.77576E-01 
1.61035E+00 2.48441E-01 3.45452E-01 
1.81814E+00 3.14126E-01 4.37026E-01 
2.00998E+00 3.71792E-01 5.30552E-01 
2.07165E+00 3.89834E-01 5.62677E-01 
2.40334E+00 4.83468E-01 7.55034E-01 
2.80382E+00 5.90198E-01 1.03773E+00 
3.28277E+00 7.10513E-01 1.46397E+00 
3.85119E+00 8.44784E-01 2.12501E+00 
4.53355E+00 1.07446E+00 3.18106E+00 
5.33595E+00 1.25208E+00 4.92256E+00 
6.28981E+00 1.44583E+00 7.89974E+00 
7.41681E+00 1.65545E+00 1.31763E+01 
8.74218E+00 1.88066E+00 2.28783E+01 
1.02981E+01 2.12157E+00 4.14046E+01 
1.21326E+01 2.38042E+00 7.78187E+01 
1.43504E+01 2.66832E+00 1.50368E+02 
1.72497E+01 3.02676E+00 2.90663E+02 
2.16386E+01 3.56979E+00 5.32953E+02 
2.87269E+01 4.44013E+00 8.61219E+02 
3.82891E+01 5.52408E+00 1.17099E+03 
4.81908E+01 6.46631E+00 1.37197E+03 
1.06087E+00 5.72911E-02 1.13531E-01 
1.08986E+00 7.24385E-02 1.33913E-01 
1.14812E+00 9.90288E-02 1.59827E-01 
1.24636E+00 1.38111E-01 1.93179E-01 
1.37369E+00 1.84422E-01 2.36755E-01 
1.53419E+00 2.38707E-01 2.94609E-01 
1.73229E+00 3.01645E-01 3.72609E-01 
1.91460E+00 3.56695E-01 4.52388E-01 
1.97300E+00 3.73863E-01 4.79664E-01 
2.28664E+00 4.62746E-01 6.43501E-01 
2.66398E+00 5.63569E-01 8.84387E-01 
3.11373E+00 6.76671E-01 1.24767E+00 
3.64573E+00 8.02142E-01 1.81077E+00 
4.28495E+00 1.01712E+00 2.71060E+00 
5.03453E+00 1.18136E+00 4.19500E+00 
5.92235E+00 1.35962E+00 6.73060E+00 
6.96791E+00 1.55156E+00 1.12258E+01 
8.19362E+00 1.75676E+00 1.94925E+01 
9.62807E+00 1.97518E+00 3.52744E+01 
1.13147E+01 2.20880E+00 6.63011E+01 
1.33484E+01 2.46769E+00 1.28093E+02 
1.60037E+01 2.78991E+00 2.47624E+02 
2.00232E+01 3.27961E+00 4.54053E+02 
2.65121E+01 4.06578E+00 7.33732E+02 
3.52447E+01 5.04190E+00 9.97701E+02 
4.42436E+01 5.88287E+00 1.16899E+03 
1.00384E+00 5.35350E-02 9.67426E-02 
1.03284E+00 6.84801E-02 1.14115E-01 
1.08998E+00 9.44171E-02 1.36139E-01 
1.18543E+00 1.32400E-01 1.64571E-01 
1.30809E+00 1.77180E-01 2.01664E-01 
1.46190E+00 2.29444E-01 2.50972E-01 
1.65078E+00 2.89748E-01 3.17410E-01 
1.82384E+00 3.42260E-01 3.85271E-01 
1.87929E+00 3.58626E-01 4.08645E-01 
2.17575E+00 4.42963E-01 5.48144E-01 
2.53108E+00 5.38128E-01 7.53319E-01 
2.95304E+00 6.44321E-01 1.06258E+00 
3.45048E+00 7.61465E-01 1.54193E+00 
4.04882E+00 9.62391E-01 2.30814E+00 
4.74845E+00 1.11407E+00 3.57212E+00 
5.57418E+00 1.27784E+00 5.73180E+00 
6.54324E+00 1.45329E+00 9.55866E+00 
7.67572E+00 1.63990E+00 1.66006E+01 
8.99682E+00 1.83752E+00 3.00356E+01 
1.05458E+01 2.04790E+00 5.64659E+01 
1.24091E+01 2.28019E+00 1.09099E+02 
1.48382E+01 2.56922E+00 2.10889E+02 
1.85161E+01 3.01008E+00 3.86733E+02 
2.44511E+01 3.71920E+00 6.25004E+02 
3.24185E+01 4.59688E+00 8.49926E+02 
4.05882E+01 5.34601E+00 9.95907E+02 
9.49985E-01 4.99884E-02 8.23554E-02 
9.78896E-01 6.47169E-02 9.71490E-02 
1.03523E+00 9.01235E-02 1.15911E-01 
1.12777E+00 1.27013E-01 1.40083E-01 
1.24604E+00 1.70338E-01 1.71698E-01 
1.39326E+00 2.20621E-01 2.13583E-01 
1.57330E+00 2.78395E-01 2.70195E-01 
1.73754E+00 3.28474E-01 3.27935E-01 
1.79002E+00 3.44031E-01 3.47796E-01 
2.07013E+00 4.24004E-01 4.66589E-01 
2.40451E+00 5.13760E-01 6.41239E-01 
2.80020E+00 6.13394E-01 9.04553E-01 
3.26515E+00 7.22812E-01 1.31289E+00 
3.82462E+00 9.10365E-01 1.96464E+00 
4.47705E+00 1.05011E+00 3.04095E+00 
5.24427E+00 1.20029E+00 4.87946E+00 
6.14164E+00 1.36036E+00 8.13802E+00 
7.18688E+00 1.52972E+00 1.41327E+01 
8.40249E+00 1.70813E+00 2.55761E+01 
9.82337E+00 1.89710E+00 4.80760E+01 
1.15285E+01 2.10503E+00 9.29019E+01 
1.37488E+01 2.36376E+00 1.79616E+02 
1.71103E+01 2.75989E+00 3.29389E+02 
2.25339E+01 3.39853E+00 5.32380E+02 
2.97959E+01 4.18638E+00 7.24033E+02 
3.72049E+01 4.85243E+00 8.48482E+02 
8.99122E-01 4.66382E-02 7.00781E-02 
9.27878E-01 6.11453E-02 8.26489E-02 
9.83560E-01 8.60942E-02 9.86487E-02 
1.07328E+00 1.21933E-01 1.19184E-01 
1.18720E+00 1.63841E-01 1.46083E-01 
1.32824E+00 2.12255E-01 1.81783E-01 
1.49962E+00 2.67554E-01 2.29873E-01 
1.65548E+00 3.15297E-01 2.79073E-01 
1.70513E+00 3.30086E-01 2.95931E-01 
1.96953E+00 4.05839E-01 3.96971E-01 
2.28395E+00 4.90406E-01 5.45561E-01 
2.65472E+00 5.83745E-01 7.69757E-01 
3.08892E+00 6.85680E-01 1.11738E+00 
3.61181E+00 8.60611E-01 1.67251E+00 
4.21956E+00 9.89260E-01 2.58823E+00 
4.93183E+00 1.12677E+00 4.15421E+00 
5.76192E+00 1.27252E+00 6.92747E+00 
6.72567E+00 1.42588E+00 1.20334E+01 
7.84280E+00 1.58655E+00 2.17745E+01 
9.14501E+00 1.75589E+00 4.09404E+01 
1.07036E+01 1.94150E+00 7.91127E+01 
1.27305E+01 2.17252E+00 1.52973E+02 
1.57999E+01 2.52780E+00 2.80569E+02 
2.07516E+01 3.10205E+00 4.53541E+02 
2.73644E+01 3.80815E+00 6.16899E+02 
3.40760E+01 4.39908E+00 7.23012E+02 
8.51172E-01 4.34889E-02 5.96326E-02 
8.79758E-01 5.77970E-02 7.03050E-02 
9.34637E-01 8.22558E-02 8.39232E-02 
1.02184E+00 1.17159E-01 1.01422E-01 
1.13152E+00 1.57701E-01 1.24287E-01 
1.26646E+00 2.04284E-01 1.54646E-01 
1.42972E+00 2.57240E-01 1.95651E-01 
1.57741E+00 3.02707E-01 2.37463E-01 
1.62443E+00 3.16764E-01 2.51871E-01 
1.87393E+00 3.88504E-01 3.37910E-01 
2.16934E+00 4.68077E-01 4.64343E-01 
2.51645E+00 5.55380E-01 6.55226E-01 
2.92146E+00 6.50160E-01 9.50892E-01 
3.40971E+00 8.13269E-01 1.42368E+00 
3.97544E+00 9.31478E-01 2.20369E+00 
4.63591E+00 1.05710E+00 3.53647E+00 
5.40307E+00 1.18952E+00 5.89919E+00 
6.29066E+00 1.32806E+00 1.02468E+01 
7.31635E+00 1.47241E+00 1.85445E+01 
8.50816E+00 1.62370E+00 3.48691E+01 
9.93125E+00 1.78894E+00 6.73916E+01 
1.17796E+01 1.99471E+00 1.30320E+02 
1.45793E+01 2.31272E+00 2.39046E+02 
1.90953E+01 2.82815E+00 3.86467E+02 
2.51107E+01 3.45986E+00 5.25743E+02 
3.11836E+01 3.98301E+00 6.16252E+02 
8.05939E-01 4.05229E-02 5.07403E-02 
8.34548E-01 5.47181E-02 5.98440E-02 
8.88822E-01 7.87740E-02 7.14279E-02 
9.73239E-01 1.12677E-01 8.62977E-02 
1.07887E+00 1.51914E-01 1.05787E-01 
1.20795E+00 1.96737E-01 1.31627E-01 
1.36325E+00 2.47395E-01 1.66511E-01 
1.50322E+00 2.90691E-01 2.02134E-01 
1.54765E+00 3.04031E-01 2.14368E-01 
1.78287E+00 3.71882E-01 2.87620E-01 
2.06027E+00 4.46705E-01 3.95311E-01 
2.38496E+00 5.28320E-01 5.57806E-01 
2.76258E+00 6.16386E-01 8.09690E-01 
3.21786E+00 7.68206E-01 1.21201E+00 
3.74392E+00 8.76576E-01 1.87655E+00 
4.35574E+00 9.91096E-01 3.01118E+00 
5.06396E+00 1.11113E+00 5.02435E+00 
5.88053E+00 1.23598E+00 8.72710E+00 
6.82102E+00 1.36527E+00 1.57971E+01 
7.91061E+00 1.50006E+00 2.97066E+01 
9.20829E+00 1.64669E+00 5.74168E+01 
1.08918E+01 1.82946E+00 1.11048E+02 
1.34431E+01 2.11355E+00 2.03732E+02 
1.75572E+01 2.57534E+00 3.29416E+02 
2.30234E+01 3.13945E+00 4.48191E+02 
2.85118E+01 3.60153E+00 5.25419E+02 
7.63300E-01 3.77361E-02 4.31618E-02 
7.91863E-01 5.18042E-02 5.09261E-02 
8.45433E-01 7.54578E-02 6.07752E-02 
9.27362E-01 1.08477E-01 7.34501E-02 
1.02901E+00 1.46449E-01 9.00363E-02 
1.15250E+00 1.89580E-01 1.12070E-01 
1.30008E+00 2.38013E-01 1.41717E-01 
1.43265E+00 2.79213E-01 1.72101E-01 
1.47459E+00 2.91866E-01 1.82489E-01 
1.69616E+00 3.55968E-01 2.44851E-01 
1.95641E+00 4.26241E-01 3.36566E-01 
2.25989E+00 5.02436E-01 4.74889E-01 
2.61163E+00 5.84132E-01 6.89600E-01 
3.03585E+00 7.25214E-01 1.03234E+00 
3.52453E+00 8.24404E-01 1.59835E+00 
4.09074E+00 9.28601E-01 2.56565E+00 
4.74367E+00 1.03713E+00 4.27988E+00 
5.49402E+00 1.14931E+00 7.43672E+00 
6.35531E+00 1.26477E+00 1.34599E+01 
7.35013E+00 1.38446E+00 2.53133E+01 
8.53202E+00 1.51416E+00 4.89374E+01 
1.00633E+01 1.67601E+00 9.46511E+01 
1.23853E+01 1.92918E+00 1.73681E+02 
1.61300E+01 2.34221E+00 2.80880E+02 
2.10915E+01 2.84498E+00 3.82210E+02 
2.60456E+01 3.25213E+00 4.48126E+02 
7.23227E-01 3.51429E-02 3.67554E-02 
7.51616E-01 4.90658E-02 4.33583E-02 
8.04631E-01 7.23855E-02 5.17509E-02 
8.84107E-01 1.04561E-01 6.25415E-02 
9.81884E-01 1.41313E-01 7.66630E-02 
1.09986E+00 1.82793E-01 9.54158E-02 
1.24014E+00 2.29095E-01 1.20703E-01 
1.36552E+00 2.68257E-01 1.46546E-01 
1.40518E+00 2.80263E-01 1.55445E-01 
1.61376E+00 3.40787E-01 2.08575E-01 
1.85773E+00 4.06696E-01 2.86736E-01 
2.14103E+00 4.77667E-01 4.04549E-01 
2.46826E+00 5.53299E-01 5.87430E-01 
2.86315E+00 6.84319E-01 8.79502E-01 
3.31648E+00 7.74861E-01 1.36161E+00 
3.83988E+00 8.69423E-01 2.18621E+00 
4.44120E+00 9.67278E-01 3.64733E+00 
5.12984E+00 1.06779E+00 6.33729E+00 
5.91778E+00 1.17059E+00 1.14746E+01 
6.82479E+00 1.27646E+00 2.15808E+01 
7.89970E+00 1.39077E+00 4.17226E+01 
9.29102E+00 1.53366E+00 8.07135E+01 
1.14016E+01 1.75872E+00 1.48113E+02 
1.48061E+01 2.12737E+00 2.39569E+02 
1.93045E+01 2.57460E+00 3.26053E+02 
2.37704E+01 2.93240E+00 3.82334E+02 
6.85610E-01 3.27367E-02 3.13120E-02 
7.13884E-01 4.65692E-02 3.69314E-02 
7.66415E-01 6.96143E-02 4.40834E-02 
8.43429E-01 1.00951E-01 5.32857E-02 
9.37387E-01 1.36509E-01 6.53119E-02 
1.04999E+00 1.76380E-01 8.12725E-02 
1.18326E+00 2.20628E-01 1.02855E-01 
1.30173E+00 2.57819E-01 1.24848E-01 
1.33910E+00 2.69176E-01 1.32419E-01 
1.53530E+00 3.26253E-01 1.77717E-01 
1.76372E+00 3.87973E-01 2.44274E-01 
2.02805E+00 4.54000E-01 3.44757E-01 
2.33219E+00 5.23828E-01 5.00574E-01 
2.69937E+00 6.45347E-01 7.49650E-01 
3.11947E+00 7.27863E-01 1.16061E+00 
3.60263E+00 8.13433E-01 1.86330E+00 
4.15580E+00 9.01423E-01 3.10951E+00 
4.78692E+00 9.91170E-01 5.40225E+00 
5.50656E+00 1.08232E+00 9.78255E+00 
6.33254E+00 1.17563E+00 1.84037E+01 
7.30880E+00 1.27597E+00 3.55816E+01 
8.57111E+00 1.40167E+00 6.88439E+01 
1.04878E+01 1.60129E+00 1.26360E+02 
1.35790E+01 1.92962E+00 2.04410E+02 
1.76527E+01 2.32656E+00 2.78240E+02 
2.16733E+01 2.64015E+00 3.26316E+02 
6.50333E-01 3.05201E-02 2.66793E-02 
6.78390E-01 4.42486E-02 3.14665E-02 
7.30570E-01 6.70870E-02 3.75626E-02 
8.05095E-01 9.76132E-02 4.54026E-02 
8.95372E-01 1.32029E-01 5.56631E-02 
1.00279E+00 1.70350E-01 6.92618E-02 
1.12918E+00 2.12577E-01 8.76392E-02 
1.24111E+00 2.47876E-01 1.06409E-01 
1.27631E+00 2.58617E-01 1.12852E-01 
1.46061E+00 3.12360E-01 1.51442E-01 
1.67432E+00 3.70069E-01 2.08189E-01 
1.92065E+00 4.31378E-01 2.93854E-01 
2.20304E+00 4.95840E-01 4.26721E-01 
2.54398E+00 6.08334E-01 6.38992E-01 
2.93293E+00 6.83295E-01 9.89653E-01 
3.37840E+00 7.60504E-01 1.58878E+00 
3.88652E+00 8.39337E-01 2.65173E+00 
4.46417E+00 9.19179E-01 4.60779E+00 
5.12058E+00 9.99687E-01 8.34403E+00 
5.87153E+00 1.08156E+00 1.56965E+01 
6.75693E+00 1.16924E+00 3.03557E+01 
7.90055E+00 1.27941E+00 5.87383E+01 
9.63851E+00 1.45594E+00 1.07828E+02 
1.24425E+01 1.74776E+00 1.74468E+02 
1.61271E+01 2.09929E+00 2.37526E+02 
1.97416E+01 2.37332E+00 2.78607E+02 
6.17295E-01 2.85041E-02 2.27396E-02 
6.45130E-01 4.21435E-02 2.68259E-02 
6.96882E-01 6.47893E-02 3.20156E-02 
7.69040E-01 9.45662E-02 3.86908E-02 
8.55680E-01 1.27868E-01 4.74394E-02 
9.58122E-01 1.64684E-01 5.90498E-02 
1.07784E+00 2.04948E-01 7.46919E-02 
1.18347E+00 2.38413E-01 9.07070E-02 
1.21662E+00 2.48569E-01 9.62087E-02 
1.38961E+00 2.99114E-01 1.29117E-01 
1.58933E+00 3.52985E-01 1.77523E-01 
1.81859E+00 4.09797E-01 2.50539E-01 
2.08047E+00 4.68908E-01 3.63876E-01 
2.39668E+00 5.73013E-01 5.44857E-01 
2.75620E+00 6.40984E-01 8.43873E-01 
3.16638E+00 7.10434E-01 1.35501E+00 
3.63249E+00 7.80829E-01 2.26152E+00 
4.16052E+00 8.51583E-01 3.93121E+00 
4.75837E+00 9.22381E-01 7.11879E+00 
5.44014E+00 9.93871E-01 1.33950E+01 
6.24183E+00 1.07011E+00 2.59059E+01 
7.27647E+00 1.16626E+00 5.01365E+01 
8.85042E+00 1.32193E+00 9.20506E+01 
1.13904E+01 1.58067E+00 1.48967E+02 
1.47191E+01 1.89127E+00 2.02846E+02 
1.79638E+01 2.12996E+00 2.37962E+02 
5.86449E-01 2.66978E-02 1.93896E-02 
6.14050E-01 4.02695E-02 2.28716E-02 
6.65519E-01 6.28252E-02 2.73014E-02 
7.35257E-01 9.18449E-02 3.30001E-02 
8.18279E-01 1.24044E-01 4.04494E-02 
9.15825E-01 1.59381E-01 5.03500E-02 
1.02919E+00 1.97757E-01 6.37003E-02 
1.12871E+00 2.29436E-01 7.73457E-02 
1.15986E+00 2.39011E-01 8.20254E-02 
1.32205E+00 2.86466E-01 1.10103E-01 
1.50852E+00 3.36689E-01 1.51410E-01 
1.72163E+00 3.89215E-01 2.13686E-01 
1.96423E+00 4.43751E-01 3.10343E-01 
2.25714E+00 5.39685E-01 4.64829E-01 
2.58903E+00 6.00915E-01 7.20032E-01 
2.96619E+00 6.63158E-01 1.15625E+00 
3.39310E+00 7.25750E-01 1.92948E+00 
3.87498E+00 7.88157E-01 3.35489E+00 
4.41862E+00 8.50099E-01 6.07486E+00 
5.03655E+00 9.12171E-01 1.14336E+01 
5.76133E+00 9.78097E-01 2.21160E+01 
6.69589E+00 1.06163E+00 4.28075E+01 
8.11944E+00 1.19849E+00 7.86128E+01 
1.04174E+01 1.42733E+00 1.27243E+02 
1.34203E+01 1.70104E+00 1.73293E+02 
1.63289E+01 1.90828E+00 2.03328E+02 
5.57730E-01 2.51117E-02 1.65446E-02 
5.85139E-01 3.86676E-02 1.95143E-02 
6.36235E-01 6.11559E-02 2.32867E-02 
7.03575E-01 8.94368E-02 2.81483E-02 
7.83070E-01 1.20565E-01 3.45036E-02 
8.75832E-01 1.54461E-01 4.29469E-02 
9.83034E-01 1.90983E-01 5.43429E-02 
1.07669E+00 2.20933E-01 6.59742E-02 
1.10597E+00 2.29951E-01 6.99822E-02 
1.25780E+00 2.74424E-01 9.39144E-02 
1.43161E+00 3.21094E-01 1.29147E-01 
1.62957E+00 3.69507E-01 1.82348E-01 
1.85395E+00 4.19368E-01 2.64788E-01 
2.12484E+00 5.07843E-01 3.96598E-01 
2.43077E+00 5.62942E-01 6.14306E-01 
2.77713E+00 6.18517E-01 9.86762E-01 
3.16758E+00 6.73920E-01 1.64720E+00 
3.60662E+00 7.28687E-01 2.86367E+00 
4.10018E+00 7.82569E-01 5.18717E+00 
4.65928E+00 8.36131E-01 9.76217E+00 
5.31342E+00 8.92783E-01 1.88871E+01 
6.15630E+00 9.64996E-01 3.65666E+01 
7.44180E+00 1.08488E+00 6.71604E+01 
9.51825E+00 1.28677E+00 1.08730E+02 
1.22236E+01 1.52736E+00 1.48115E+02 
1.48267E+01 1.70662E+00 1.73813E+02 
5.31059E-01 2.37744E-02 1.41156E-02 
5.58112E-01 3.72752E-02 1.66503E-02 
6.09041E-01 5.98285E-02 1.98672E-02 
6.73924E-01 8.73729E-02 2.40155E-02 
7.49927E-01 1.17444E-01 2.94382E-02 
8.38009E-01 1.49915E-01 3.66389E-02 
9.39249E-01 1.84636E-01 4.63635E-02 
1.02730E+00 2.12900E-01 5.62973E-02 
1.05473E+00 2.21371E-01 5.97062E-02 
1.19673E+00 2.62973E-01 8.01402E-02 
1.35854E+00 3.06248E-01 1.10193E-01 
1.54208E+00 3.50814E-01 1.55579E-01 
1.74937E+00 3.95904E-01 2.25996E-01 
1.99959E+00 4.77463E-01 3.38526E-01 
2.28117E+00 5.27000E-01 5.24374E-01 
2.59862E+00 5.76374E-01 8.42281E-01 
2.95516E+00 6.25171E-01 1.40648E+00 
3.35455E+00 6.72963E-01 2.44521E+00 
3.80191E+00 7.19534E-01 4.43100E+00 
4.30689E+00 7.65420E-01 8.33952E+00 
4.89615E+00 8.13743E-01 1.61367E+01 
5.65497E+00 8.75800E-01 3.12457E+01 
6.81426E+00 9.80461E-01 5.74043E+01 
8.68793E+00 1.15807E+00 9.29584E+01 
1.11219E+01 1.36892E+00 1.26655E+02 
1.34477E+01 1.52338E+00 1.48656E+02 
5.06378E-01 2.27144E-02 1.20462E-02 
5.32873E-01 3.61043E-02 1.42086E-02 
5.83791E-01 5.88467E-02 1.69568E-02 
6.46201E-01 8.56746E-02 2.04928E-02 
7.18775E-01 1.14701E-01 2.51244E-02 
8.02306E-01 1.45774E-01 3.12715E-02 
8.97717E-01 1.78709E-01 3.95614E-02 
9.80391E-01 2.05336E-01 4.80492E-02 
1.00610E+00 2.13295E-01 5.09623E-02 
1.13871E+00 2.52114E-01 6.84104E-02 
1.28915E+00 2.92161E-01 9.40776E-02 
1.45905E+00 3.33012E-01 1.32797E-01 
1.65034E+00 3.74365E-01 1.92955E-01 
1.88104E+00 4.48946E-01 2.89109E-01 
2.13982E+00 4.93013E-01 4.47895E-01 
2.43034E+00 5.36653E-01 7.19563E-01 
2.75531E+00 5.79372E-01 1.20139E+00 
3.11794E+00 6.20790E-01 2.08897E+00 
3.52262E+00 6.60731E-01 3.78554E+00 
3.97793E+00 6.99719E-01 7.12815E+00 
4.50781E+00 7.40600E-01 1.37943E+01 
5.18979E+00 7.93591E-01 2.67152E+01 
6.23355E+00 8.84583E-01 4.90911E+01 
7.92174E+00 1.04035E+00 7.95148E+01 
1.01082E+01 1.22460E+00 1.08364E+02 
1.21830E+01 1.35714E+00 1.27212E+02 
4.83640E-01 2.19606E-02 1.02889E-02 
5.09583E-01 3.52656E-02 1.21317E-02 
5.60463E-01 5.82875E-02 1.44794E-02 
6.20390E-01 8.43859E-02 1.74969E-02 
6.89516E-01 1.12359E-01 2.14480E-02 
7.68596E-01 1.42043E-01 2.66996E-02 
8.58419E-01 1.73234E-01 3.37820E-02 
9.35870E-01 1.98253E-01 4.10215E-02 
9.59896E-01 2.05695E-01 4.35088E-02 
1.08350E+00 2.41809E-01 5.84033E-02 
1.22314E+00 2.78722E-01 8.03204E-02 
1.38030E+00 3.16055E-01 1.13423E-01 
1.55645E+00 3.53463E-01 1.64798E-01 
1.76883E+00 4.21801E-01 2.46953E-01 
2.00621E+00 4.60865E-01 3.82642E-01 
2.27162E+00 4.99213E-01 6.14791E-01 
2.56741E+00 5.36375E-01 1.02689E+00 
2.89607E+00 5.71991E-01 1.78605E+00 
3.26141E+00 6.05939E-01 3.23662E+00 
3.67105E+00 6.38732E-01 6.09461E+00 
4.14661E+00 6.72976E-01 1.17984E+01 
4.75841E+00 7.17893E-01 2.28556E+01 
5.69668E+00 7.96660E-01 4.20081E+01 
7.21562E+00 9.32851E-01 6.80602E+01 
9.17694E+00 1.09334E+00 9.27767E+01 
1.10243E+01 1.20653E+00 1.08934E+02 
4.62738E-01 2.15296E-02 8.79030E-03 
4.88229E-01 3.48141E-02 1.03630E-02 
5.38886E-01 5.81557E-02 1.23661E-02 
5.96363E-01 8.35301E-02 1.49462E-02 
6.62067E-01 1.10441E-01 1.83184E-02 
7.36761E-01 1.38738E-01 2.27996E-02 
8.21178E-01 1.68203E-01 2.88570E-02 
8.93629E-01 1.91651E-01 3.50402E-02 
9.16057E-01 1.98593E-01 3.71655E-02 
1.03111E+00 2.32090E-01 4.98958E-02 
1.16054E+00 2.65989E-01 6.86345E-02 
1.30558E+00 2.99938E-01 9.69214E-02 
1.46753E+00 3.33283E-01 1.40825E-01 
1.66267E+00 3.95861E-01 2.11010E-01 
1.88011E+00 4.30510E-01 3.27097E-01 
2.12217E+00 4.63976E-01 5.25639E-01 
2.39073E+00 4.96017E-01 8.78099E-01 
2.68803E+00 5.26366E-01 1.52753E+00 
3.01729E+00 5.54929E-01 2.76927E+00 
3.38507E+00 5.82180E-01 5.21493E+00 
3.81091E+00 6.10519E-01 1.00977E+01 
4.35868E+00 6.48266E-01 1.95657E+01 
5.20072E+00 7.16126E-01 3.59726E+01 
6.56536E+00 8.34800E-01 5.82993E+01 
8.32190E+00 9.74100E-01 7.94911E+01 
9.96384E+00 1.07028E+00 9.33529E+01 
4.43669E-01 2.15079E-02 7.51113E-03 
4.68508E-01 3.46989E-02 8.85594E-03 
5.19137E-01 5.85632E-02 1.05655E-02 
5.74033E-01 8.31583E-02 1.27706E-02 
6.36366E-01 1.08993E-01 1.56556E-02 
7.06762E-01 1.35893E-01 1.94833E-02 
7.85894E-01 1.63637E-01 2.46563E-02 
8.53546E-01 1.85538E-01 2.99424E-02 
8.74455E-01 1.91994E-01 3.17631E-02 
9.81370E-01 2.22945E-01 4.26526E-02 
1.10110E+00 2.53950E-01 5.86727E-02 
1.23474E+00 2.84653E-01 8.28623E-02 
1.38345E+00 3.14845E-01 1.20436E-01 
1.56243E+00 3.71630E-01 1.80527E-01 
1.76115E+00 4.01847E-01 2.79835E-01 
1.98146E+00 4.30813E-01 4.49823E-01 
2.22486E+00 4.58194E-01 7.51424E-01 
2.49327E+00 4.83771E-01 1.30755E+00 
2.78929E+00 5.07479E-01 2.37071E+00 
3.11880E+00 5.29797E-01 4.46689E+00 
3.49931E+00 5.52912E-01 8.64982E+00 
3.98872E+00 5.84311E-01 1.67640E+01 
4.74312E+00 6.42467E-01 3.08308E+01 
5.96711E+00 7.45487E-01 4.99802E+01 
7.53774E+00 8.65956E-01 6.81674E+01 
8.99429E+00 9.47236E-01 8.00700E+01 
4.26364E-01 2.19389E-02 6.42160E-03 
4.50385E-01 3.49684E-02 7.57181E-03 
5.01076E-01 5.95407E-02 9.03275E-03 
5.53291E-01 8.33007E-02 1.09171E-02 
6.12268E-01 1.08032E-01 1.33849E-02 
6.78482E-01 1.33523E-01 1.66603E-02 
7.52540E-01 1.59569E-01 2.10859E-02 
8.15576E-01 1.79932E-01 2.56107E-02 
8.34983E-01 1.85898E-01 2.71617E-02 
9.34111E-01 2.14359E-01 3.64723E-02 
1.04470E+00 2.42577E-01 5.01904E-02 
1.16762E+00 2.70207E-01 7.08962E-02 
1.30392E+00 2.97066E-01 1.03071E-01 
1.46774E+00 3.48690E-01 1.54522E-01 
1.64897E+00 3.74821E-01 2.39577E-01 
1.84907E+00 3.99634E-01 3.85194E-01 
2.06929E+00 4.22771E-01 6.43697E-01 
2.31100E+00 4.44022E-01 1.12025E+00 
2.57656E+00 4.63386E-01 2.03171E+00 
2.87107E+00 4.81322E-01 3.82845E+00 
3.21031E+00 4.99833E-01 7.41696E+00 
3.64668E+00 5.25644E-01 1.43785E+01 
4.32130E+00 5.75186E-01 2.64503E+01 
5.41741E+00 6.64266E-01 4.28930E+01 
6.81944E+00 7.68027E-01 5.85156E+01 
8.10901E+00 8.36298E-01 6.87466E+01 
4.10461E-01 2.28618E-02 5.48233E-03 
4.33576E-01 3.56987E-02 6.46208E-03 
4.84260E-01 6.11495E-02 7.71030E-03 
5.33779E-01 8.40304E-02 9.31652E-03 
5.89361E-01 1.07596E-01 1.14233E-02 
6.51417E-01 1.31632E-01 1.42212E-02 
7.20443E-01 1.55920E-01 1.79981E-02 
7.78994E-01 1.74740E-01 2.18662E-02 
7.97001E-01 1.80235E-01 2.31939E-02 
8.88608E-01 2.06216E-01 3.11459E-02 
9.90385E-01 2.31656E-01 4.28675E-02 
1.10310E+00 2.56271E-01 6.05783E-02 
1.22756E+00 2.79643E-01 8.80668E-02 
1.37695E+00 3.26391E-01 1.32045E-01 
1.54176E+00 3.48977E-01 2.04855E-01 
1.72285E+00 3.69923E-01 3.29405E-01 
1.92120E+00 3.89110E-01 5.50575E-01 
2.13812E+00 4.06419E-01 9.58668E-01 
2.37534E+00 4.21846E-01 1.73898E+00 
2.63742E+00 4.35849E-01 3.27739E+00 
2.93852E+00 4.50255E-01 6.35139E+00 
3.32604E+00 4.71094E-01 1.23176E+01 
3.92708E+00 5.12903E-01 2.26655E+01 
4.90541E+00 5.89424E-01 3.67667E+01 
6.15255E+00 6.78202E-01 5.01722E+01 
7.28969E+00 7.34987E-01 5.89548E+01 
3.96402E-01 2.43290E-02 4.69529E-03 
4.18780E-01 3.70530E-02 5.53398E-03 
4.68969E-01 6.33082E-02 6.60275E-03 
5.16024E-01 8.53795E-02 7.97973E-03 
5.68269E-01 1.07736E-01 9.78322E-03 
6.26301E-01 1.30287E-01 1.21811E-02 
6.90550E-01 1.52828E-01 1.54170E-02 
7.44871E-01 1.70144E-01 1.87314E-02 
7.61558E-01 1.75171E-01 1.98730E-02 
8.46157E-01 1.98753E-01 2.66977E-02 
9.39749E-01 2.21564E-01 3.67404E-02 
1.04306E+00 2.43354E-01 5.19458E-02 
1.15667E+00 2.63916E-01 7.55356E-02 
1.29282E+00 3.05926E-01 1.13329E-01 
1.44248E+00 3.25017E-01 1.75790E-01 
1.60622E+00 3.42469E-01 2.82697E-01 
1.78488E+00 3.58155E-01 4.72828E-01 
1.97927E+00 3.71960E-01 8.23354E-01 
2.19108E+00 3.83951E-01 1.49424E+00 
2.42410E+00 3.94550E-01 2.81712E+00 
2.69114E+00 4.05434E-01 5.46007E+00 
3.03502E+00 4.21994E-01 1.05912E+01 
3.57053E+00 4.57117E-01 1.94961E+01 
4.44373E+00 5.22692E-01 3.16349E+01 
5.55317E+00 5.98479E-01 4.31810E+01 
6.55567E+00 6.45480E-01 5.07468E+01 
3.83857E-01 2.64342E-02 4.02292E-03 
4.05129E-01 3.88131E-02 4.74289E-03 
4.55215E-01 6.63292E-02 5.65969E-03 
4.99508E-01 8.73612E-02 6.84010E-03 
5.48469E-01 1.08442E-01 8.38778E-03 
6.02598E-01 1.29469E-01 1.04456E-02 
6.62292E-01 1.50255E-01 1.32275E-02 
7.12524E-01 1.66043E-01 1.60684E-02 
7.27912E-01 1.70592E-01 1.70464E-02 
8.05880E-01 1.91820E-01 2.29088E-02 
8.91815E-01 2.12093E-01 3.15446E-02 
9.86242E-01 2.31178E-01 4.45919E-02 
1.08978E+00 2.48984E-01 6.48842E-02 
1.21350E+00 2.86644E-01 9.73587E-02 
1.34910E+00 3.02447E-01 1.51067E-01 
1.49688E+00 3.16713E-01 2.43098E-01 
1.65732E+00 3.29209E-01 4.06639E-01 
1.83115E+00 3.39890E-01 7.08319E-01 
2.01963E+00 3.48826E-01 1.28563E+00 
2.22627E+00 3.56451E-01 2.42480E+00 
2.46246E+00 3.64282E-01 4.70124E+00 
2.76688E+00 3.77132E-01 9.12162E+00 
3.24300E+00 4.06381E-01 1.67959E+01 
4.02101E+00 4.62290E-01 2.72620E+01 
5.00616E+00 5.26657E-01 3.72199E+01 
5.88804E+00 5.65226E-01 4.37463E+01 
3.72719E-01 2.92302E-02 3.45239E-03 
3.92751E-01 4.11567E-02 4.06944E-03 
4.42744E-01 7.02242E-02 4.85635E-03 
4.84166E-01 9.00341E-02 5.87139E-03 
5.29858E-01 1.09734E-01 7.20056E-03 
5.80172E-01 1.29164E-01 8.96852E-03 
6.35456E-01 1.48148E-01 1.13601E-02 
6.81843E-01 1.62410E-01 1.38072E-02 
6.96024E-01 1.66497E-01 1.46473E-02 
7.67680E-01 1.85384E-01 1.96876E-02 
8.46369E-01 2.03144E-01 2.71209E-02 
9.32579E-01 2.19631E-01 3.83588E-02 
1.02668E+00 2.34558E-01 5.58258E-02 
1.13880E+00 2.68166E-01 8.37825E-02 
1.26147E+00 2.81208E-01 1.30100E-01 
1.39442E+00 2.92537E-01 2.09425E-01 
1.53812E+00 3.02154E-01 3.50336E-01 
1.69311E+00 3.10045E-01 6.10467E-01 
1.86042E+00 3.16302E-01 1.10846E+00 
2.04308E+00 3.21341E-01 2.09098E+00 
2.25132E+00 3.26540E-01 4.05487E+00 
2.52013E+00 3.36195E-01 7.87071E+00 
2.94253E+00 3.60306E-01 1.44956E+01 
3.63449E+00 4.07709E-01 2.35345E+01 
4.50764E+00 4.62074E-01 3.21364E+01 
5.28160E+00 4.93412E-01 3.77736E+01 
3.62811E-01 3.27147E-02 2.96652E-03 
3.81829E-01 4.42546E-02 3.49754E-03 
4.31224E-01 7.49014E-02 4.17370E-03 
4.69811E-01 9.33636E-02 5.04821E-03 
5.12309E-01 1.11595E-01 6.19217E-03 
5.58940E-01 1.29352E-01 7.71565E-03 
6.09972E-01 1.46479E-01 9.77323E-03 
6.52686E-01 1.59193E-01 1.18842E-02 
6.65724E-01 1.62815E-01 1.26082E-02 
7.31451E-01 1.79385E-01 1.69557E-02 
8.03384E-01 1.94719E-01 2.33644E-02 
8.81877E-01 2.08689E-01 3.30578E-02 
9.67247E-01 2.21160E-01 4.81364E-02 
1.06863E+00 2.50912E-01 7.22914E-02 
1.17920E+00 2.61175E-01 1.12234E-01 
1.29850E+00 2.69833E-01 1.80748E-01 
1.42690E+00 2.76872E-01 3.02505E-01 
1.56467E+00 2.82285E-01 5.27276E-01 
1.71272E+00 2.86202E-01 9.57750E-01 
1.87363E+00 2.89007E-01 1.80723E+00 
2.05663E+00 2.91961E-01 3.50487E+00 
2.29328E+00 2.98877E-01 6.80471E+00 
2.66725E+00 3.18529E-01 1.25356E+01 
3.28154E+00 3.58471E-01 2.03562E+01 
4.05395E+00 4.04111E-01 2.77996E+01 
4.73157E+00 4.29284E-01 3.26754E+01 
3.53966E-01 3.68936E-02 2.55212E-03 
3.71753E-01 4.78298E-02 3.01006E-03 
4.20005E-01 7.99055E-02 3.59404E-03 
4.56222E-01 9.72996E-02 4.34741E-03 
4.95621E-01 1.13952E-01 5.33518E-03 
5.38705E-01 1.29960E-01 6.64977E-03 
5.85710E-01 1.45175E-01 8.42870E-03 
6.24928E-01 1.56327E-01 1.02496E-02 
6.36880E-01 1.59475E-01 1.08755E-02 
6.97041E-01 1.73754E-01 1.46324E-02 
7.62645E-01 1.86722E-01 2.01758E-02 
8.33931E-01 1.98269E-01 2.85514E-02 
9.11225E-01 2.08432E-01 4.16039E-02 
1.00252E+00 2.34556E-01 6.24924E-02 
1.10193E+00 2.42223E-01 9.70646E-02 
1.20876E+00 2.48467E-01 1.56374E-01 
1.32303E+00 2.53181E-01 2.61822E-01 
1.44510E+00 2.56417E-01 4.56509E-01 
1.57560E+00 2.58297E-01 8.29195E-01 
1.71683E+00 2.59200E-01 1.56507E+00 
1.87707E+00 2.60262E-01 3.03636E+00 
2.08472E+00 2.64852E-01 5.89520E+00 
2.41496E+00 2.80642E-01 1.08619E+01 
2.95922E+00 3.14064E-01 1.76409E+01 
3.64105E+00 3.52114E-01 2.40923E+01 
4.23269E+00 3.72057E-01 2.83141E+01 
3.46142E-01 4.18242E-02 2.20098E-03 
3.62580E-01 5.19580E-02 2.59617E-03 
4.09763E-01 8.59690E-02 3.10115E-03 
4.43283E-01 1.01757E-01 3.75313E-03 
4.79702E-01 1.16718E-01 4.60935E-03 
5.19377E-01 1.30876E-01 5.74647E-03 
5.62562E-01 1.44131E-01 7.28749E-03 
5.98518E-01 1.53711E-01 8.86612E-03 
6.09465E-01 1.56395E-01 9.40953E-03 
6.64392E-01 1.68388E-01 1.26651E-02 
7.24070E-01 1.79031E-01 1.74687E-02 
7.88736E-01 1.88268E-01 2.47447E-02 
8.58523E-01 1.95993E-01 3.60600E-02 
9.40453E-01 2.18755E-01 5.41812E-02 
1.02965E+00 2.24277E-01 8.42184E-02 
1.12493E+00 2.28337E-01 1.35710E-01 
1.22638E+00 2.31005E-01 2.27262E-01 
1.33411E+00 2.32335E-01 3.96292E-01 
1.44873E+00 2.32478E-01 7.20005E-01 
1.57220E+00 2.31784E-01 1.35912E+00 
1.71197E+00 2.31277E-01 2.63732E+00 
1.89361E+00 2.33925E-01 5.12075E+00 
2.18459E+00 2.46406E-01 9.43531E+00 
2.66584E+00 2.74160E-01 1.53240E+01 
3.26655E+00 3.05655E-01 2.09263E+01 
3.78180E+00 3.21206E-01 2.45867E+01 
3.39170E-01 4.74490E-02 1.90296E-03 
3.54489E-01 5.67954E-02 2.24665E-03 
4.00034E-01 9.26295E-02 2.68445E-03 
4.30796E-01 1.06556E-01 3.25016E-03 
4.64355E-01 1.19709E-01 3.99387E-03 
5.00845E-01 1.31951E-01 4.98339E-03 
5.40443E-01 1.43202E-01 6.32254E-03 
5.73321E-01 1.51186E-01 7.69443E-03 
5.83319E-01 1.53398E-01 8.16720E-03 
6.33397E-01 1.63145E-01 1.10007E-02 
6.87628E-01 1.71546E-01 1.51817E-02 
7.46129E-01 1.78561E-01 2.15164E-02 
8.09005E-01 1.84093E-01 3.13624E-02 
8.82312E-01 2.03776E-01 4.71608E-02 
9.62049E-01 2.07211E-01 7.33120E-02 
1.04677E+00 2.09328E-01 1.18150E-01 
1.13648E+00 2.10199E-01 1.97908E-01 
1.23126E+00 2.09902E-01 3.45187E-01 
1.33150E+00 2.08581E-01 6.27224E-01 
1.43900E+00 2.06577E-01 1.18405E+00 
1.56040E+00 2.04797E-01 2.29709E+00 
1.71875E+00 2.05850E-01 4.46046E+00 
1.97451E+00 2.15518E-01 8.21805E+00 
2.39926E+00 2.38378E-01 1.33452E+01 
2.92747E+00 2.64240E-01 1.82192E+01 
3.37502E+00 2.76143E-01 2.13970E+01 
3.32754E-01 5.34646E-02 1.65089E-03 
3.46879E-01 6.18105E-02 1.95054E-03 
3.90394E-01 9.95421E-02 2.33299E-03 
4.18648E-01 1.11530E-01 2.82642E-03 
4.49485E-01 1.22718E-01 3.47463E-03 
4.82976E-01 1.32960E-01 4.33804E-03 
5.19254E-01 1.42179E-01 5.50862E-03 
5.49292E-01 1.48577E-01 6.70668E-03 
5.58407E-01 1.50320E-01 7.11940E-03 
6.04005E-01 1.57875E-01 9.59423E-03 
6.53184E-01 1.64120E-01 1.32489E-02 
7.06040E-01 1.69062E-01 1.87841E-02 
7.62599E-01 1.72833E-01 2.74032E-02 
8.27844E-01 1.89415E-01 4.12063E-02 
8.98927E-01 1.90915E-01 6.40704E-02 
9.74039E-01 1.91326E-01 1.03272E-01 
1.05310E+00 1.90653E-01 1.73012E-01 
1.13611E+00 1.88984E-01 3.01765E-01 
1.22340E+00 1.86468E-01 5.48312E-01 
1.31655E+00 1.83415E-01 1.03483E+00 
1.42150E+00 1.80635E-01 2.00741E+00 
1.55905E+00 1.80407E-01 3.89677E+00 
1.78333E+00 1.87713E-01 7.17795E+00 
2.15757E+00 2.06378E-01 1.16526E+01 
2.62115E+00 2.27437E-01 1.59016E+01 
3.00891E+00 2.36342E-01 1.86634E+01 
3.26787E-01 5.96980E-02 1.43860E-03 
3.39707E-01 6.67798E-02 1.70064E-03 
3.80200E-01 1.05572E-01 2.03632E-03 
4.06604E-01 1.16233E-01 2.46881E-03 
4.34972E-01 1.25451E-01 3.03745E-03 
4.65698E-01 1.33648E-01 3.79480E-03 
4.98886E-01 1.40812E-01 4.82038E-03 
5.26328E-01 1.45649E-01 5.87287E-03 
5.34650E-01 1.46948E-01 6.23534E-03 
5.76117E-01 1.52367E-01 8.40764E-03 
6.20672E-01 1.56581E-01 1.16158E-02 
6.68327E-01 1.59600E-01 1.64724E-02 
7.19071E-01 1.61482E-01 2.40405E-02 
7.76897E-01 1.75315E-01 3.61607E-02 
8.40071E-01 1.75250E-01 5.62245E-02 
9.06399E-01 1.74196E-01 9.06316E-02 
9.75779E-01 1.72227E-01 1.51819E-01 
1.04816E+00 1.69440E-01 2.64782E-01 
1.12379E+00 1.65979E-01 4.80967E-01 
1.20407E+00 1.62127E-01 9.07499E-01 
1.29437E+00 1.58600E-01 1.75977E+00 
1.41336E+00 1.57372E-01 3.41457E+00 
1.60955E+00 1.62720E-01 6.28689E+00 
1.93866E+00 1.77812E-01 1.02006E+01 
2.34478E+00 1.94803E-01 1.39107E+01 
2.67983E+00 2.01281E-01 1.63128E+01 
3.21308E-01 6.60964E-02 1.25974E-03 
3.33416E-01 7.22538E-02 1.49107E-03 
3.70516E-01 1.12288E-01 1.78635E-03 
3.94644E-01 1.20420E-01 2.16793E-03 
4.20742E-01 1.27539E-01 2.66895E-03 
4.48982E-01 1.33695E-01 3.33795E-03 
4.79390E-01 1.38854E-01 4.24263E-03 
5.04443E-01 1.42170E-01 5.17035E-03 
5.12023E-01 1.43025E-01 5.48965E-03 
5.49731E-01 1.46434E-01 7.40698E-03 
5.90059E-01 1.48745E-01 1.02360E-02 
6.32982E-01 1.49991E-01 1.45251E-02 
6.78421E-01 1.50123E-01 2.11944E-02 
7.29405E-01 1.61551E-01 3.18818E-02 
7.85342E-01 1.60130E-01 4.95801E-02 
8.43681E-01 1.57850E-01 7.98960E-02 
9.04272E-01 1.54832E-01 1.33817E-01 
9.67043E-01 1.51172E-01 2.33256E-01 
1.03222E+00 1.47005E-01 4.23548E-01 
1.10100E+00 1.42588E-01 7.98670E-01 
1.17827E+00 1.38547E-01 1.54776E+00 
1.28079E+00 1.36579E-01 3.00115E+00 
1.45197E+00 1.40328E-01 5.52130E+00 
1.74094E+00 1.52410E-01 8.95151E+00 
2.09611E+00 1.65990E-01 1.21958E+01 
2.38490E+00 1.70535E-01 1.42860E+01 
3.16137E-01 7.20149E-02 1.10975E-03 
3.27177E-01 7.63709E-02 1.31518E-03 
3.60375E-01 1.17272E-01 1.57720E-03 
3.82788E-01 1.23626E-01 1.91579E-03 
4.06871E-01 1.28639E-01 2.36011E-03 
4.32857E-01 1.32760E-01 2.95259E-03 
4.60774E-01 1.35998E-01 3.75587E-03 
4.83685E-01 1.37888E-01 4.57856E-03 
4.90599E-01 1.38335E-01 4.86172E-03 
5.24906E-01 1.39898E-01 6.56174E-03 
5.61382E-01 1.40484E-01 9.07084E-03 
5.99961E-01 1.40170E-01 1.28695E-02 
6.40544E-01 1.39090E-01 1.87871E-02 
6.85228E-01 1.48098E-01 2.82457E-02 
7.34566E-01 1.45472E-01 4.39110E-02 
7.85649E-01 1.42215E-01 7.07501E-02 
8.38302E-01 1.38398E-01 1.18385E-01 
8.92462E-01 1.34106E-01 2.06286E-01 
9.48245E-01 1.29462E-01 3.74252E-01 
1.00680E+00 1.24696E-01 7.05192E-01 
1.07250E+00 1.20347E-01 1.36546E+00 
1.16044E+00 1.17869E-01 2.64486E+00 
1.30946E+00 1.20348E-01 4.86096E+00 
1.56283E+00 1.29919E-01 7.87230E+00 
1.87300E+00 1.40669E-01 1.07127E+01 
2.12133E+00 1.43710E-01 1.25314E+01 
3.11352E-01 7.71560E-02 9.84800E-04 
3.21701E-01 7.99899E-02 1.16803E-03 
3.50343E-01 1.21269E-01 1.40212E-03 
3.71111E-01 1.25234E-01 1.70419E-03 
3.93499E-01 1.28326E-01 2.10110E-03 
4.17531E-01 1.30578E-01 2.62946E-03 
4.43217E-01 1.32026E-01 3.34542E-03 
4.64210E-01 1.32613E-01 4.07964E-03 
4.70527E-01 1.32703E-01 4.33215E-03 
5.01735E-01 1.32602E-01 5.84682E-03 
5.34708E-01 1.31698E-01 8.08294E-03 
5.69326E-01 1.30055E-01 1.14647E-02 
6.05479E-01 1.27781E-01 1.67301E-02 
6.44372E-01 1.34774E-01 2.51458E-02 
6.87704E-01 1.31242E-01 3.90583E-02 
7.32188E-01 1.27273E-01 6.28850E-02 
7.77679E-01 1.22895E-01 1.05174E-01 
8.24061E-01 1.18197E-01 1.83049E-01 
8.71496E-01 1.13292E-01 3.31808E-01 
9.20960E-01 1.08373E-01 6.24496E-01 
9.76443E-01 1.03905E-01 1.20763E+00 
1.05154E+00 1.01118E-01 2.33641E+00 
1.18102E+00 1.02613E-01 4.28860E+00 
1.40292E+00 1.10118E-01 6.93582E+00 
1.67349E+00 1.18549E-01 9.42398E+00 
1.88660E+00 1.20448E-01 1.10056E+01 
3.07157E-01 8.10776E-02 8.80401E-04 
3.17293E-01 8.33353E-02 1.04531E-03 
3.40606E-01 1.22873E-01 1.25546E-03 
3.60019E-01 1.25119E-01 1.52674E-03 
3.80933E-01 1.26365E-01 1.88258E-03 
4.03274E-01 1.26923E-01 2.35738E-03 
4.26973E-01 1.26783E-01 2.99891E-03 
4.46233E-01 1.26230E-01 3.65695E-03 
4.52008E-01 1.26001E-01 3.88330E-03 
4.80408E-01 1.24485E-01 5.23983E-03 
5.10167E-01 1.22340E-01 7.24009E-03 
5.41165E-01 1.19622E-01 1.02676E-02 
5.73290E-01 1.16334E-01 1.49685E-02 
6.06880E-01 1.21592E-01 2.24823E-02 
6.44722E-01 1.17491E-01 3.48975E-02 
6.83233E-01 1.13045E-01 5.61201E-02 
7.22243E-01 1.08338E-01 9.37511E-02 
7.61659E-01 1.03447E-01 1.62968E-01 
8.01629E-01 9.84703E-02 2.94983E-01 
8.43058E-01 9.35714E-02 5.54403E-01 
8.89554E-01 8.91422E-02 1.07060E+00 
9.53392E-01 8.62232E-02 2.06793E+00 
1.06568E+00 8.69808E-02 3.78949E+00 
1.25989E+00 9.28097E-02 6.11832E+00 
1.49577E+00 9.93669E-02 8.29818E+00 
1.67838E+00 1.00428E-01 9.67236E+00 
3.03888E-01 8.36589E-02 7.92925E-04 
3.13631E-01 8.41339E-02 9.42269E-04 
3.31458E-01 1.22314E-01 1.13217E-03 
3.49951E-01 1.23008E-01 1.37707E-03 
3.69606E-01 1.22632E-01 1.69809E-03 
3.90427E-01 1.21688E-01 2.12569E-03 
4.12356E-01 1.20212E-01 2.70414E-03 
4.30030E-01 1.18723E-01 3.29583E-03 
4.35314E-01 1.18234E-01 3.49965E-03 
4.61137E-01 1.15595E-01 4.72002E-03 
4.87935E-01 1.12484E-01 6.51741E-03 
5.15596E-01 1.08964E-01 9.23294E-03 
5.43961E-01 1.05092E-01 1.34481E-02 
5.72738E-01 1.08773E-01 2.01775E-02 
6.05544E-01 1.04287E-01 3.12773E-02 
6.38620E-01 9.95947E-02 5.02350E-02 
6.71796E-01 9.47737E-02 8.37797E-02 
7.05008E-01 8.98802E-02 1.45428E-01 
7.38353E-01 8.49968E-02 2.62805E-01 
7.72696E-01 8.02629E-02 4.93078E-01 
8.11327E-01 7.60051E-02 9.50355E-01 
8.65324E-01 7.30890E-02 1.83252E+00 
9.62569E-01 7.33199E-02 3.35163E+00 
1.13252E+00 7.78095E-02 5.40051E+00 
1.33818E+00 8.28762E-02 7.30981E+00 
1.49449E+00 8.33466E-02 8.50192E+00 
3.01946E-01 8.44388E-02 7.19456E-04 
3.11452E-01 8.36535E-02 8.55080E-04 
3.23817E-01 1.19746E-01 1.02753E-03 
3.41413E-01 1.18799E-01 1.24943E-03 
3.59964E-01 1.17082E-01 1.54045E-03 
3.79406E-01 1.14961E-01 1.92705E-03 
3.99697E-01 1.12434E-01 2.45008E-03 
4.15905E-01 1.10231E-01 2.98469E-03 
4.20722E-01 1.09548E-01 3.16818E-03 
4.44121E-01 1.06081E-01 4.26920E-03 
4.68160E-01 1.02298E-01 5.88881E-03 
4.92698E-01 9.82590E-02 8.33178E-03 
5.17566E-01 9.40570E-02 1.21216E-02 
5.41930E-01 9.64394E-02 1.81566E-02 
5.70172E-01 9.17640E-02 2.81052E-02 
5.98303E-01 8.70371E-02 4.50560E-02 
6.26233E-01 8.22786E-02 7.50338E-02 
6.53858E-01 7.75388E-02 1.29981E-01 
6.81353E-01 7.28831E-02 2.34452E-01 
7.09486E-01 6.84261E-02 4.38996E-01 
7.41250E-01 6.44346E-02 8.44361E-01 
7.86721E-01 6.16339E-02 1.62471E+00 
8.70891E-01 6.15089E-02 2.96537E+00 
1.01972E+00 6.49476E-02 4.76768E+00 
1.19912E+00 6.88413E-02 6.43828E+00 
1.33290E+00 6.89145E-02 7.47058E+00 
3.01639E-01 8.34655E-02 6.56763E-04 
3.11069E-01 8.21061E-02 7.80261E-04 
3.18292E-01 1.14260E-01 9.37219E-04 
3.34956E-01 1.12567E-01 1.13900E-03 
3.52430E-01 1.09961E-01 1.40323E-03 
3.70557E-01 1.06966E-01 1.75416E-03 
3.89244E-01 1.03694E-01 2.22751E-03 
4.04040E-01 1.00999E-01 2.71174E-03 
4.08412E-01 1.00186E-01 2.87784E-03 
4.29483E-01 9.61865E-02 3.87229E-03 
4.50882E-01 9.20075E-02 5.33375E-03 
4.72454E-01 8.76969E-02 7.53579E-03 
4.94080E-01 8.32981E-02 1.09442E-02 
5.14443E-01 8.46713E-02 1.63669E-02 
5.38443E-01 8.00722E-02 2.52841E-02 
5.62087E-01 7.54768E-02 4.04637E-02 
5.85261E-01 7.09241E-02 6.72361E-02 
6.07936E-01 6.64583E-02 1.16252E-01 
6.30257E-01 6.21297E-02 2.09239E-01 
6.52949E-01 5.80229E-02 3.90947E-01 
6.78788E-01 5.43639E-02 7.50375E-01 
7.16869E-01 5.17502E-02 1.44040E+00 
7.89697E-01 5.14014E-02 2.62276E+00 
9.20162E-01 5.40249E-02 4.20660E+00 
1.07684E+00 5.70090E-02 5.66643E+00 
1.19140E+00 5.68317E-02 6.55863E+00 
3.03248E-01 8.11083E-02 6.02299E-04 
3.12537E-01 7.88022E-02 7.15094E-04 
3.15028E-01 1.07602E-01 8.58168E-04 
3.30877E-01 1.05072E-01 1.04207E-03 
3.47283E-01 1.01700E-01 1.28227E-03 
3.64072E-01 9.81283E-02 1.60105E-03 
3.81165E-01 9.44077E-02 2.03073E-03 
3.94538E-01 9.14327E-02 2.46935E-03 
3.98465E-01 9.05509E-02 2.61985E-03 
4.17277E-01 8.62873E-02 3.51971E-03 
4.36104E-01 8.19530E-02 4.83963E-03 
4.54853E-01 7.75867E-02 6.82626E-03 
4.73433E-01 7.31888E-02 9.89471E-03 
4.90174E-01 7.37937E-02 1.47690E-02 
5.10277E-01 6.94066E-02 2.27686E-02 
5.29847E-01 6.50670E-02 3.63680E-02 
5.48783E-01 6.08262E-02 6.03057E-02 
5.67077E-01 5.67109E-02 1.04040E-01 
5.84876E-01 5.27605E-02 1.86869E-01 
6.02871E-01 4.90482E-02 3.48279E-01 
6.23615E-01 4.57534E-02 6.66855E-01 
6.55384E-01 4.33663E-02 1.27711E+00 
7.18456E-01 4.28930E-02 2.31949E+00 
8.33090E-01 4.48945E-02 3.71058E+00 
9.70306E-01 4.71852E-02 4.98554E+00 
1.06860E+00 4.68628E-02 5.75564E+00 
3.06811E-01 7.73519E-02 5.53549E-04 
3.15873E-01 7.45139E-02 6.56757E-04 
3.14710E-01 9.94271E-02 7.87249E-04 
3.29297E-01 9.65541E-02 9.54788E-04 
3.44491E-01 9.27562E-02 1.17339E-03 
3.59845E-01 8.88967E-02 1.46309E-03 
3.75259E-01 8.49663E-02 1.85301E-03 
3.87194E-01 8.18920E-02 2.25049E-03 
3.90679E-01 8.09905E-02 2.38694E-03 
4.07206E-01 7.66843E-02 3.20109E-03 
4.23528E-01 7.23885E-02 4.39382E-03 
4.39566E-01 6.81312E-02 6.18485E-03 
4.55211E-01 6.39474E-02 8.94824E-03 
4.68701E-01 6.39520E-02 1.33281E-02 
4.85256E-01 5.98356E-02 2.05075E-02 
5.01133E-01 5.58328E-02 3.26816E-02 
5.16285E-01 5.19593E-02 5.40774E-02 
5.30695E-01 4.82356E-02 9.30827E-02 
5.44539E-01 4.46913E-02 1.66768E-01 
5.58487E-01 4.13813E-02 3.10133E-01 
5.74865E-01 3.84534E-02 5.92355E-01 
6.01232E-01 3.63107E-02 1.13156E+00 
6.55917E-01 3.57809E-02 2.04989E+00 
7.56891E-01 3.73096E-02 3.27070E+00 
8.77390E-01 3.90725E-02 4.38289E+00 
9.61907E-01 3.86760E-02 5.04663E+00 
3.11986E-01 7.28302E-02 5.09167E-04 
3.20571E-01 6.98610E-02 6.03372E-04 
3.16309E-01 9.10663E-02 7.22641E-04 
3.29941E-01 8.75345E-02 8.75074E-04 
3.43748E-01 8.36769E-02 1.07411E-03 
3.57523E-01 7.97465E-02 1.33734E-03 
3.71184E-01 7.58032E-02 1.69110E-03 
3.81635E-01 7.27637E-02 2.05124E-03 
3.84663E-01 7.18787E-02 2.17474E-03 
3.98906E-01 6.76902E-02 2.91127E-03 
4.12788E-01 6.35678E-02 3.98868E-03 
4.26219E-01 5.95351E-02 5.60353E-03 
4.39108E-01 5.56303E-02 8.09148E-03 
4.49689E-01 5.52086E-02 1.20276E-02 
4.63005E-01 5.14380E-02 1.84673E-02 
4.75565E-01 4.78064E-02 2.93643E-02 
4.87344E-01 4.43190E-02 4.84734E-02 
4.98365E-01 4.09924E-02 8.32470E-02 
5.08801E-01 3.78477E-02 1.48800E-01 
5.19271E-01 3.49255E-02 2.76095E-01 
5.31954E-01 3.23483E-02 5.26118E-01 
5.53721E-01 3.04459E-02 1.00234E+00 
6.01229E-01 2.99025E-02 1.81118E+00 
6.90456E-01 3.10739E-02 2.88218E+00 
7.96616E-01 3.24353E-02 3.85179E+00 
8.69510E-01 3.20101E-02 4.42341E+00 
3.18165E-01 6.79771E-02 4.68343E-04 
3.26105E-01 6.48362E-02 5.54314E-04 
3.19951E-01 8.24333E-02 6.62957E-04 
3.32130E-01 7.88115E-02 8.01908E-04 
3.44426E-01 7.49293E-02 9.82824E-04 
3.56516E-01 7.10718E-02 1.22188E-03 
3.68359E-01 6.72532E-02 1.54283E-03 
3.77294E-01 6.43404E-02 1.86925E-03 
3.79867E-01 6.34937E-02 1.98089E-03 
3.91867E-01 5.95224E-02 2.64728E-03 
4.03373E-01 5.56559E-02 3.61979E-03 
4.14317E-01 5.19123E-02 5.07594E-03 
4.24685E-01 4.82869E-02 7.31504E-03 
4.32664E-01 4.75902E-02 1.08521E-02 
4.43044E-01 4.41964E-02 1.66275E-02 
4.52656E-01 4.09385E-02 2.63849E-02 
4.61474E-01 3.78301E-02 4.34633E-02 
4.69555E-01 3.48816E-02 7.44750E-02 
4.77055E-01 3.21055E-02 1.32813E-01 
4.84588E-01 2.95433E-02 2.45837E-01 
4.94136E-01 2.72862E-02 4.67264E-01 
5.12031E-01 2.56092E-02 8.88125E-01 
5.53389E-01 2.50770E-02 1.60053E+00 
6.32493E-01 2.59779E-02 2.54007E+00 
7.26370E-01 2.70327E-02 3.38548E+00 
7.89459E-01 2.66056E-02 3.87767E+00 
3.24549E-01 6.30753E-02 4.30302E-04 
3.31734E-01 5.98345E-02 5.08879E-04 
3.24472E-01 7.39784E-02 6.07883E-04 
3.35069E-01 7.06199E-02 7.34509E-04 
3.45752E-01 6.68580E-02 8.99063E-04 
3.56108E-01 6.31677E-02 1.11638E-03 
3.66090E-01 5.95475E-02 1.40752E-03 
3.73543E-01 5.68020E-02 1.70333E-03 
3.75675E-01 5.60094E-02 1.80469E-03 
3.85499E-01 5.23043E-02 2.40780E-03 
3.94752E-01 4.87246E-02 3.28645E-03 
4.03407E-01 4.52800E-02 4.60065E-03 
4.11415E-01 4.19804E-02 6.61648E-03 
4.17142E-01 4.10834E-02 9.79757E-03 
4.24914E-01 3.80380E-02 1.49802E-02 
4.31931E-01 3.51342E-02 2.37223E-02 
4.38191E-01 3.23768E-02 3.89949E-02 
4.43742E-01 2.97734E-02 6.66719E-02 
4.48758E-01 2.73349E-02 1.18630E-01 
4.53800E-01 2.50871E-02 2.19048E-01 
4.60720E-01 2.31115E-02 4.15328E-01 
4.75333E-01 2.16365E-02 7.87457E-01 
5.11424E-01 2.11290E-02 1.41537E+00 
5.81805E-01 2.18229E-02 2.24013E+00 
6.65147E-01 2.26443E-02 2.97771E+00 
7.19942E-01 2.22296E-02 3.40159E+00 
3.30355E-01 5.84798E-02 3.95282E-04 
3.36604E-01 5.53101E-02 4.67091E-04 
3.28439E-01 6.69941E-02 5.57519E-04 
3.37957E-01 6.32448E-02 6.72919E-04 
3.46975E-01 5.96748E-02 8.22793E-04 
3.55602E-01 5.61856E-02 1.02037E-03 
3.63792E-01 5.27882E-02 1.28500E-03 
3.69819E-01 5.02248E-02 1.55337E-03 
3.71524E-01 4.94899E-02 1.64527E-03 
3.79311E-01 4.60565E-02 2.19160E-03 
3.86497E-01 4.27605E-02 2.98716E-03 
3.93051E-01 3.96111E-02 4.17335E-03 
3.98951E-01 3.66221E-02 5.99269E-03 
4.02717E-01 3.55868E-02 8.85528E-03 
4.08219E-01 3.28580E-02 1.35145E-02 
4.12989E-01 3.02702E-02 2.13555E-02 
4.17049E-01 2.78253E-02 3.50304E-02 
4.20450E-01 2.55260E-02 5.97613E-02 
4.23366E-01 2.33805E-02 1.06097E-01 
4.26322E-01 2.14081E-02 1.95438E-01 
4.31042E-01 1.96766E-02 3.69694E-01 
4.42878E-01 1.83774E-02 6.99091E-01 
4.74452E-01 1.78998E-02 1.25324E+00 
5.37297E-01 1.84348E-02 1.97814E+00 
6.11558E-01 1.90749E-02 2.62219E+00 
6.59326E-01 1.86807E-02 2.98750E+00 
3.34876E-01 5.43823E-02 3.63544E-04 
3.40195E-01 5.12386E-02 4.29283E-04 
3.32378E-01 6.01612E-02 5.11969E-04 
3.40076E-01 5.68172E-02 6.17466E-04 
3.47480E-01 5.34500E-02 7.54320E-04 
3.54458E-01 5.01630E-02 9.34371E-04 
3.60978E-01 4.69779E-02 1.17525E-03 
3.65682E-01 4.45907E-02 1.41942E-03 
3.67002E-01 4.39050E-02 1.50280E-03 
3.72932E-01 4.07235E-02 1.99862E-03 
3.78251E-01 3.76888E-02 2.71962E-03 
3.82941E-01 3.48059E-02 3.79319E-03 
3.87008E-01 3.20682E-02 5.43670E-03 
3.89090E-01 3.09605E-02 8.01952E-03 
3.92618E-01 2.85167E-02 1.22140E-02 
3.95466E-01 2.62065E-02 1.92612E-02 
3.97651E-01 2.40326E-02 3.15287E-02 
3.99234E-01 2.19959E-02 5.36680E-02 
4.00383E-01 2.01010E-02 9.50508E-02 
4.01599E-01 1.83660E-02 1.74695E-01 
4.04475E-01 1.68442E-02 3.29609E-01 
4.13959E-01 1.56959E-02 6.21725E-01 
4.41640E-01 1.52495E-02 1.11155E+00 
4.97943E-01 1.56615E-02 1.74960E+00 
5.64364E-01 1.61614E-02 2.31281E+00 
6.06124E-01 1.57896E-02 2.62772E+00 
3.37535E-01 5.08422E-02 3.35041E-04 
3.41994E-01 4.77256E-02 3.95453E-04 
3.34945E-01 5.42465E-02 4.71383E-04 
3.40822E-01 5.13588E-02 5.68006E-04 
3.46780E-01 4.81439E-02 6.93247E-04 
3.52272E-01 4.50383E-02 8.57967E-04 
3.57286E-01 4.20409E-02 1.07777E-03 
3.60827E-01 3.98039E-02 1.30037E-03 
3.61806E-01 3.91638E-02 1.37645E-03 
3.66107E-01 3.62027E-02 1.82808E-03 
3.69795E-01 3.33937E-02 2.48320E-03 
3.72876E-01 3.07384E-02 3.45816E-03 
3.75328E-01 2.82422E-02 4.94643E-03 
3.75997E-01 2.70770E-02 7.28256E-03 
3.77848E-01 2.48754E-02 1.10704E-02 
3.79059E-01 2.28042E-02 1.74187E-02 
3.79660E-01 2.08626E-02 2.84465E-02 
3.79714E-01 1.90510E-02 4.83092E-02 
3.79382E-01 1.73722E-02 8.53610E-02 
3.79135E-01 1.58378E-02 1.56482E-01 
3.80463E-01 1.44941E-02 2.94523E-01 
3.87939E-01 1.34763E-02 5.53955E-01 
4.12248E-01 1.30606E-02 9.87645E-01 
4.62843E-01 1.33764E-02 1.55013E+00 
5.22438E-01 1.37671E-02 2.04326E+00 
5.59032E-01 1.34181E-02 2.31477E+00 
3.38350E-01 4.78593E-02 3.10165E-04 
3.42021E-01 4.47672E-02 3.65903E-04 
3.35511E-01 4.95748E-02 4.35853E-04 
3.40113E-01 4.67823E-02 5.24766E-04 
3.44790E-01 4.36976E-02 6.39806E-04 
3.48998E-01 4.07295E-02 7.90902E-04 
3.52720E-01 3.78850E-02 9.92506E-04 
3.55254E-01 3.57717E-02 1.19617E-03 
3.55940E-01 3.51681E-02 1.26573E-03 
3.58833E-01 3.23904E-02 1.67830E-03 
3.61131E-01 2.97701E-02 2.27601E-03 
3.62818E-01 2.73104E-02 3.16310E-03 
3.63912E-01 2.50107E-02 4.51610E-03 
3.63375E-01 2.38165E-02 6.63485E-03 
3.63804E-01 2.18199E-02 1.00629E-02 
3.63636E-01 1.99515E-02 1.58008E-02 
3.62901E-01 1.82084E-02 2.57437E-02 
3.61665E-01 1.65889E-02 4.36100E-02 
3.60087E-01 1.50934E-02 7.68606E-02 
3.58611E-01 1.37308E-02 1.40529E-01 
3.58629E-01 1.25396E-02 2.63743E-01 
3.64396E-01 1.16329E-02 4.94780E-01 
3.85770E-01 1.12466E-02 8.79528E-01 
4.31366E-01 1.14873E-02 1.37632E+00 
4.84996E-01 1.17913E-02 1.80873E+00 
5.17147E-01 1.14664E-02 2.04310E+00 
3.37197E-01 4.53548E-02 2.88286E-04 
3.40197E-01 4.22722E-02 3.39841E-04 
3.33958E-01 4.58640E-02 4.04519E-04 
3.37829E-01 4.28955E-02 4.86558E-04 
3.41421E-01 3.99125E-02 5.92605E-04 
3.44539E-01 3.70539E-02 7.31606E-04 
3.47163E-01 3.43285E-02 9.16737E-04 
3.48841E-01 3.23157E-02 1.10367E-03 
3.49278E-01 3.17419E-02 1.16734E-03 
3.50979E-01 2.91137E-02 1.54499E-03 
3.52077E-01 2.66534E-02 2.09105E-03 
3.52581E-01 2.43588E-02 2.90025E-03 
3.52501E-01 2.22249E-02 4.13155E-03 
3.50936E-01 2.10183E-02 6.05635E-03 
3.50144E-01 1.92003E-02 9.16412E-03 
3.48787E-01 1.75088E-02 1.43526E-02 
3.46903E-01 1.59386E-02 2.33252E-02 
3.44561E-01 1.44861E-02 3.94103E-02 
3.41915E-01 1.31496E-02 6.92684E-02 
3.39387E-01 1.19368E-02 1.26304E-01 
3.38277E-01 1.08773E-02 2.36370E-01 
3.42545E-01 1.00688E-02 4.42097E-01 
3.61318E-01 9.71072E-03 7.83540E-01 
4.02452E-01 9.89201E-03 1.22235E+00 
4.50769E-01 1.01274E-02 1.60137E+00 
4.78987E-01 9.82541E-03 1.80322E+00 
3.34393E-01 4.33141E-02 2.69392E-04 
3.36859E-01 4.02096E-02 3.17285E-04 
3.30991E-01 4.27243E-02 3.77236E-04 
3.34212E-01 3.96425E-02 4.53200E-04 
3.36919E-01 3.67209E-02 5.51244E-04 
3.39132E-01 3.39380E-02 6.79522E-04 
3.40834E-01 3.13012E-02 8.50007E-04 
3.41797E-01 2.93642E-02 1.02189E-03 
3.42017E-01 2.88160E-02 1.08051E-03 
3.42707E-01 2.63072E-02 1.42713E-03 
3.42785E-01 2.39774E-02 1.92729E-03 
3.42268E-01 2.18211E-02 2.66695E-03 
3.41172E-01 1.98335E-02 3.78998E-03 
3.38725E-01 1.86229E-02 5.54202E-03 
3.36883E-01 1.69582E-02 8.36462E-03 
3.34504E-01 1.54190E-02 1.30661E-02 
3.31632E-01 1.39987E-02 2.11747E-02 
3.28339E-01 1.26913E-02 3.56771E-02 
3.24777E-01 1.14938E-02 6.25301E-02 
3.21345E-01 1.04100E-02 1.13672E-01 
3.19265E-01 9.46545E-03 2.12110E-01 
3.22223E-01 8.74254E-03 3.95444E-01 
3.38689E-01 8.41139E-03 6.98657E-01 
3.75837E-01 8.54588E-03 1.08645E+00 
4.19416E-01 8.72684E-03 1.41875E+00 
4.44164E-01 8.44716E-03 1.59240E+00 
3.30172E-01 4.16257E-02 2.52839E-04 
3.32233E-01 3.84650E-02 2.97453E-04 
3.26906E-01 3.99142E-02 3.53127E-04 
3.29378E-01 3.68851E-02 4.23611E-04 
3.31359E-01 3.39959E-02 5.14401E-04 
3.32828E-01 3.12606E-02 6.32977E-04 
3.33764E-01 2.86874E-02 7.90330E-04 
3.34123E-01 2.68085E-02 9.48585E-04 
3.34158E-01 2.62797E-02 1.00256E-03 
3.33981E-01 2.38687E-02 1.32107E-03 
3.33184E-01 2.16473E-02 1.77971E-03 
3.31782E-01 1.96094E-02 2.45647E-03 
3.29804E-01 1.77451E-02 3.48164E-03 
3.26584E-01 1.65431E-02 5.07748E-03 
3.23827E-01 1.50125E-02 7.64194E-03 
3.20557E-01 1.36073E-02 1.19037E-02 
3.16823E-01 1.23187E-02 1.92364E-02 
3.12703E-01 1.11392E-02 3.23139E-02 
3.08343E-01 1.00641E-02 5.64610E-02 
3.04130E-01 9.09428E-03 1.02319E-01 
3.01205E-01 8.25114E-03 1.90297E-01 
3.03013E-01 7.60391E-03 3.53701E-01 
3.17403E-01 7.29848E-03 6.22822E-01 
3.50938E-01 7.39599E-03 9.65284E-01 
3.90237E-01 7.53316E-03 1.25637E+00 
4.11888E-01 7.27533E-03 1.40546E+00 
3.24793E-01 4.02489E-02 2.38162E-04 
3.26582E-01 3.69985E-02 2.79727E-04 
3.21658E-01 3.75879E-02 3.31569E-04 
3.23588E-01 3.45396E-02 3.97026E-04 
3.24986E-01 3.16581E-02 4.81179E-04 
3.25834E-01 2.89496E-02 5.90921E-04 
3.26119E-01 2.64188E-02 7.36180E-04 
3.25948E-01 2.45845E-02 8.82063E-04 
3.25834E-01 2.40685E-02 9.31686E-04 
3.24897E-01 2.17346E-02 1.22453E-03 
3.23318E-01 1.96038E-02 1.64527E-03 
3.21126E-01 1.76664E-02 2.26453E-03 
3.18354E-01 1.59110E-02 3.20033E-03 
3.14446E-01 1.47230E-02 4.65377E-03 
3.10875E-01 1.33104E-02 6.98388E-03 
3.06816E-01 1.20237E-02 1.08449E-02 
3.02324E-01 1.08521E-02 1.74715E-02 
2.97477E-01 9.78635E-03 2.92558E-02 
2.92425E-01 8.81937E-03 5.09510E-02 
2.87529E-01 7.95147E-03 9.20389E-02 
2.83869E-01 7.19805E-03 1.70617E-01 
2.84653E-01 6.61880E-03 3.16058E-01 
2.97168E-01 6.33787E-03 5.54691E-01 
3.27408E-01 6.40616E-03 8.56791E-01 
3.62801E-01 6.50838E-03 1.11130E+00 
3.81667E-01 6.27141E-03 1.23897E+00 
3.18454E-01 3.91377E-02 2.24843E-04 
3.19993E-01 3.57831E-02 2.63542E-04 
3.15470E-01 3.55893E-02 3.11769E-04 
3.16908E-01 3.25287E-02 3.72563E-04 
3.17808E-01 2.96371E-02 4.50530E-04 
3.18122E-01 2.69368E-02 5.52002E-04 
3.17842E-01 2.44319E-02 6.86057E-04 
3.17212E-01 2.26292E-02 8.20475E-04 
3.16964E-01 2.21236E-02 8.66126E-04 
3.15355E-01 1.98517E-02 1.13522E-03 
3.13084E-01 1.77965E-02 1.52076E-03 
3.10187E-01 1.59461E-02 2.08687E-03 
3.06708E-01 1.42857E-02 2.94033E-03 
3.02184E-01 1.31184E-02 4.26260E-03 
2.97893E-01 1.18107E-02 6.37688E-03 
2.93136E-01 1.06299E-02 9.87122E-03 
2.87974E-01 9.56310E-03 1.58505E-02 
2.82493E-01 8.59907E-03 2.64550E-02 
2.76839E-01 7.72932E-03 4.59219E-02 
2.71357E-01 6.95205E-03 8.26771E-02 
2.67062E-01 6.27910E-03 1.52757E-01 
2.66941E-01 5.76076E-03 2.81975E-01 
2.77750E-01 5.50313E-03 4.93186E-01 
3.04956E-01 5.54840E-03 7.59165E-01 
3.36760E-01 5.62308E-03 9.81253E-01 
3.53109E-01 5.40550E-03 1.09015E+00 
3.11464E-01 3.82873E-02 2.12569E-04 
3.12786E-01 3.48219E-02 2.48619E-04 
3.08561E-01 3.39572E-02 2.93416E-04 
3.09612E-01 3.08285E-02 3.49812E-04 
3.10053E-01 2.79049E-02 4.21989E-04 
3.09874E-01 2.51929E-02 5.15697E-04 
3.09064E-01 2.26962E-02 6.39222E-04 
3.08009E-01 2.09117E-02 7.62819E-04 
3.07629E-01 2.04140E-02 8.04790E-04 
3.05393E-01 1.81880E-02 1.05156E-03 
3.02481E-01 1.61937E-02 1.40432E-03 
2.98932E-01 1.44170E-02 1.92101E-03 
2.94800E-01 1.28397E-02 2.69778E-03 
2.89719E-01 1.16967E-02 3.89850E-03 
2.84782E-01 1.04824E-02 5.81329E-03 
2.79404E-01 9.39659E-03 8.96899E-03 
2.73655E-01 8.42398E-03 1.43533E-02 
2.67623E-01 7.55149E-03 2.38759E-02 
2.61452E-01 6.76940E-03 4.13057E-02 
2.55477E-01 6.07316E-03 7.41086E-02 
2.50639E-01 5.47252E-03 1.36450E-01 
2.49723E-01 5.00913E-03 2.51006E-01 
2.58975E-01 4.77369E-03 4.37468E-01 
2.83368E-01 4.80080E-03 6.71019E-01 
3.11861E-01 4.85340E-03 8.64308E-01 
3.25927E-01 4.65449E-03 9.56817E-01 
3.03751E-01 3.76524E-02 2.00974E-04 
3.04867E-01 3.40553E-02 2.34490E-04 
3.00934E-01 3.25986E-02 2.76066E-04 
3.01636E-01 2.93973E-02 3.28304E-04 
3.01687E-01 2.64284E-02 3.95043E-04 
3.01075E-01 2.36917E-02 4.81483E-04 
2.99796E-01 2.11897E-02 5.95179E-04 
2.98353E-01 1.94138E-02 7.08687E-04 
2.97858E-01 1.89205E-02 7.47172E-04 
2.95056E-01 1.67265E-02 9.73208E-04 
2.91555E-01 1.47814E-02 1.29550E-03 
2.87414E-01 1.30669E-02 1.76620E-03 
2.82697E-01 1.15613E-02 2.47225E-03 
2.77119E-01 1.04451E-02 3.56075E-03 
2.71615E-01 9.31319E-03 5.29180E-03 
2.65699E-01 8.31152E-03 8.13766E-03 
2.59447E-01 7.42297E-03 1.29791E-02 
2.52952E-01 6.63228E-03 2.15159E-02 
2.46356E-01 5.92808E-03 3.70948E-02 
2.39972E-01 5.30471E-03 6.63203E-02 
2.34688E-01 4.76851E-03 1.21680E-01 
2.33084E-01 4.35453E-03 2.23069E-01 
2.40929E-01 4.13989E-03 3.87417E-01 
2.62739E-01 4.15291E-03 5.92162E-01 
2.88191E-01 4.18794E-03 7.60053E-01 
3.00210E-01 4.00680E-03 8.38444E-01 
2.95334E-01 3.72255E-02 1.89706E-04 
2.96226E-01 3.34692E-02 2.20732E-04 
2.92566E-01 3.14619E-02 2.59175E-04 
2.92881E-01 2.81858E-02 3.07394E-04 
2.92544E-01 2.51537E-02 3.68850E-04 
2.91514E-01 2.23765E-02 4.48282E-04 
2.89783E-01 1.98556E-02 5.52493E-04 
2.87976E-01 1.80787E-02 6.56341E-04 
2.87369E-01 1.75876E-02 6.91519E-04 
2.84038E-01 1.54149E-02 8.97717E-04 
2.80000E-01 1.35088E-02 1.19094E-03 
2.75323E-01 1.18471E-02 1.61824E-03 
2.70078E-01 1.04054E-02 2.25714E-03 
2.64066E-01 9.31793E-03 3.24003E-03 
2.58068E-01 8.26042E-03 4.79907E-03 
2.51689E-01 7.33561E-03 7.35359E-03 
2.45014E-01 6.52359E-03 1.16885E-02 
2.38137E-01 5.80759E-03 1.93084E-02 
2.31198E-01 5.17462E-03 3.31701E-02 
2.24491E-01 4.61769E-03 5.90975E-02 
2.18845E-01 4.14033E-03 1.08044E-01 
2.16647E-01 3.77164E-03 1.97368E-01 
2.23199E-01 3.57683E-03 3.41566E-01 
2.42585E-01 3.57887E-03 5.20226E-01 
2.65189E-01 3.59985E-03 6.65335E-01 
2.75340E-01 3.43573E-03 7.31335E-01 
2.86388E-01 3.70050E-02 1.78832E-04 
2.87071E-01 3.30781E-02 2.07503E-04 
2.83625E-01 3.05913E-02 2.42952E-04 
2.83590E-01 2.72023E-02 2.87324E-04 
2.82845E-01 2.40869E-02 3.43731E-04 
2.81382E-01 2.12520E-02 4.16459E-04 
2.79210E-01 1.86981E-02 5.11688E-04 
2.77054E-01 1.69113E-02 6.06365E-04 
2.76347E-01 1.64193E-02 6.38395E-04 
2.72525E-01 1.42567E-02 8.25928E-04 
2.67995E-01 1.23794E-02 1.09192E-03 
2.62833E-01 1.07616E-02 1.47842E-03 
2.57124E-01 9.37490E-03 2.05494E-03 
2.50738E-01 8.31649E-03 2.93958E-03 
2.44320E-01 7.32525E-03 4.33881E-03 
2.37561E-01 6.46905E-03 6.62551E-03 
2.30548E-01 5.72581E-03 1.04941E-02 
2.23375E-01 5.07713E-03 1.72742E-02 
2.16179E-01 4.50853E-03 2.95700E-02 
2.09241E-01 4.01129E-03 5.24986E-02 
2.03323E-01 3.58698E-03 9.56447E-02 
2.00629E-01 3.25926E-03 1.74085E-01 
2.06018E-01 3.08304E-03 3.00208E-01 
2.23162E-01 3.07679E-03 4.55614E-01 
2.43141E-01 3.08681E-03 5.80618E-01 
2.51617E-01 2.93878E-03 6.35945E-01 
2.76775E-01 3.69543E-02 1.68149E-04 
2.77201E-01 3.28393E-02 1.94539E-04 
2.73961E-01 2.99128E-02 2.27102E-04 
2.73592E-01 2.64024E-02 2.67791E-04 
2.72490E-01 2.31935E-02 3.19408E-04 
2.70644E-01 2.02904E-02 3.85799E-04 
2.68062E-01 1.76925E-02 4.72478E-04 
2.65578E-01 1.58878E-02 5.58515E-04 
2.64778E-01 1.53925E-02 5.87578E-04 
2.60496E-01 1.32300E-02 7.57449E-04 
2.55516E-01 1.13727E-02 9.97766E-04 
2.49923E-01 9.79066E-03 1.34606E-03 
2.43807E-01 8.45144E-03 1.86417E-03 
2.37108E-01 7.42214E-03 2.65727E-03 
2.30351E-01 6.49010E-03 3.90838E-03 
2.23294E-01 5.69582E-03 5.94715E-03 
2.16026E-01 5.01501E-03 9.38595E-03 
2.08644E-01 4.42729E-03 1.53956E-02 
2.01278E-01 3.91697E-03 2.62624E-02 
1.94194E-01 3.47379E-03 4.64590E-02 
1.88093E-01 3.09750E-03 8.43401E-02 
1.84997E-01 2.80700E-03 1.52968E-01 
1.89339E-01 2.64829E-03 2.62849E-01 
2.04409E-01 2.63591E-03 3.97496E-01 
2.21966E-01 2.63760E-03 5.04760E-01 
2.28946E-01 2.50471E-03 5.50887E-01 
2.66617E-01 3.70634E-02 1.57710E-04 
2.66752E-01 3.27371E-02 1.81885E-04 
2.63669E-01 2.94084E-02 2.11671E-04 
2.62944E-01 2.57647E-02 2.48834E-04 
2.61473E-01 2.24477E-02 2.95849E-04 
2.59248E-01 1.94648E-02 3.56167E-04 
2.56289E-01 1.68147E-02 4.34775E-04 
2.53516E-01 1.49859E-02 5.12609E-04 
2.52626E-01 1.44866E-02 5.38882E-04 
2.47945E-01 1.23172E-02 6.92129E-04 
2.42581E-01 1.04735E-02 9.08383E-04 
2.36623E-01 8.92128E-03 1.22097E-03 
2.30176E-01 7.62385E-03 1.68471E-03 
2.23234E-01 6.62350E-03 2.39290E-03 
2.16219E-01 5.74475E-03 3.50700E-03 
2.08947E-01 5.00655E-03 5.31737E-03 
2.01513E-01 4.38225E-03 8.36209E-03 
1.94008E-01 3.84981E-03 1.36676E-02 
1.86559E-01 3.39213E-03 2.32327E-02 
1.79411E-01 2.99802E-03 4.09519E-02 
1.73211E-01 2.66517E-03 7.40760E-02 
1.69804E-01 2.40848E-03 1.33882E-01 
1.73216E-01 2.26617E-03 2.29236E-01 
1.86378E-01 2.24947E-03 3.45434E-01 
2.01710E-01 2.24491E-03 4.37095E-01 
2.07365E-01 2.12628E-03 4.75341E-01 
2.55946E-01 3.73096E-02 1.47513E-04 
2.55762E-01 3.27554E-02 1.69560E-04 
2.52772E-01 2.90594E-02 1.96681E-04 
2.51680E-01 2.52619E-02 2.30446E-04 
2.49851E-01 2.18264E-02 2.73081E-04 
2.47277E-01 1.87563E-02 3.27661E-04 
2.43970E-01 1.60463E-02 3.98605E-04 
2.40928E-01 1.41887E-02 4.68688E-04 
2.39963E-01 1.36835E-02 4.92314E-04 
2.34926E-01 1.15016E-02 6.29958E-04 
2.29230E-01 9.66647E-03 8.23647E-04 
2.22974E-01 8.13953E-03 1.10286E-03 
2.16264E-01 6.87937E-03 1.51605E-03 
2.09149E-01 5.90786E-03 2.14547E-03 
2.01956E-01 5.07754E-03 3.13294E-03 
1.94555E-01 4.39041E-03 4.73335E-03 
1.87036E-01 3.81776E-03 7.41709E-03 
1.79493E-01 3.33572E-03 1.20795E-02 
1.72044E-01 2.92599E-03 2.04586E-02 
1.64913E-01 2.57637E-03 3.59355E-02 
1.58695E-01 2.28290E-03 6.47714E-02 
1.55062E-01 2.05698E-03 1.16648E-01 
1.57653E-01 1.93002E-03 1.99020E-01 
1.69064E-01 1.91049E-03 2.98839E-01 
1.82359E-01 1.90141E-03 3.76790E-01 
1.86847E-01 1.79619E-03 4.08306E-01 
2.44846E-01 3.76657E-02 1.37601E-04 
2.44320E-01 3.28685E-02 1.57613E-04 
2.41371E-01 2.88310E-02 1.82193E-04 
2.39929E-01 2.48719E-02 2.12742E-04 
2.37729E-01 2.13070E-02 2.51201E-04 
2.34801E-01 1.81412E-02 3.00328E-04 
2.31169E-01 1.53667E-02 3.64038E-04 
2.27888E-01 1.34778E-02 4.26860E-04 
2.26857E-01 1.29661E-02 4.48013E-04 
2.21515E-01 1.07688E-02 5.71007E-04 
2.15549E-01 8.93973E-03 7.43661E-04 
2.09060E-01 7.43507E-03 9.91914E-04 
2.02161E-01 6.20913E-03 1.35823E-03 
1.94944E-01 5.26658E-03 1.91504E-03 
1.87657E-01 4.48084E-03 2.78634E-03 
1.80209E-01 3.84075E-03 4.19409E-03 
1.72690E-01 3.31531E-03 6.54868E-03 
1.65190E-01 2.87927E-03 1.06269E-02 
1.57819E-01 2.51322E-03 1.79338E-02 
1.50783E-01 2.20387E-03 3.13888E-02 
1.44621E-01 1.94607E-03 5.63772E-02 
1.40844E-01 1.74807E-03 1.01165E-01 
1.42720E-01 1.63540E-03 1.71993E-01 
1.52536E-01 1.61427E-03 2.57342E-01 
1.63978E-01 1.60213E-03 3.23313E-01 
1.67452E-01 1.50942E-03 3.49114E-01 
2.33404E-01 3.81027E-02 1.28012E-04 
2.32520E-01 3.30508E-02 1.46092E-04 
2.29560E-01 2.86938E-02 1.68253E-04 
2.27751E-01 2.45646E-02 1.95754E-04 
2.25216E-01 2.08670E-02 2.30294E-04 
2.21951E-01 1.76018E-02 2.74286E-04 
2.18002E-01 1.47594E-02 3.31196E-04 
2.14508E-01 1.28378E-02 3.87204E-04 
2.13419E-01 1.23197E-02 4.06044E-04 
2.07824E-01 1.01060E-02 5.15416E-04 
2.01642E-01 8.28186E-03 6.68523E-04 
1.94985E-01 6.79830E-03 8.88098E-04 
1.87971E-01 5.60475E-03 1.21130E-03 
1.80721E-01 4.69151E-03 1.70140E-03 
1.73418E-01 3.94742E-03 2.46626E-03 
1.66003E-01 3.35081E-03 3.69878E-03 
1.58562E-01 2.86881E-03 5.75404E-03 
1.51181E-01 2.47483E-03 9.30375E-03 
1.43961E-01 2.14850E-03 1.56454E-02 
1.37090E-01 1.87569E-03 2.72847E-02 
1.31052E-01 1.65014E-03 4.88303E-02 
1.27206E-01 1.47741E-03 8.73137E-02 
1.28469E-01 1.37803E-03 1.47916E-01 
1.36841E-01 1.35627E-03 2.20530E-01 
1.46609E-01 1.34229E-03 2.76085E-01 
1.49212E-01 1.26116E-03 2.97056E-01 
2.21692E-01 3.85890E-02 1.18769E-04 
2.20456E-01 3.32757E-02 1.35031E-04 
2.17433E-01 2.86209E-02 1.54909E-04 
2.15257E-01 2.43148E-02 1.79529E-04 
2.12396E-01 2.04821E-02 2.10389E-04 
2.08831E-01 1.71179E-02 2.49588E-04 
2.04597E-01 1.42082E-02 3.00148E-04 
2.00907E-01 1.22542E-02 3.49802E-04 
1.99764E-01 1.17295E-02 3.66485E-04 
1.93959E-01 9.50061E-03 4.63199E-04 
1.87620E-01 7.68234E-03 5.98247E-04 
1.80862E-01 6.22014E-03 7.91419E-04 
1.73800E-01 5.05833E-03 1.07505E-03 
1.66583E-01 4.17509E-03 1.50414E-03 
1.59336E-01 3.47031E-03 2.17199E-03 
1.52026E-01 2.91435E-03 3.24536E-03 
1.44735E-01 2.47263E-03 5.02996E-03 
1.37541E-01 2.11723E-03 8.10346E-03 
1.30538E-01 1.82704E-03 1.35780E-02 
1.23895E-01 1.58736E-03 2.35941E-02 
1.18043E-01 1.39092E-03 4.20739E-02 
1.14194E-01 1.24104E-03 7.49660E-02 
1.14940E-01 1.15394E-03 1.26546E-01 
1.22015E-01 1.13234E-03 1.87998E-01 
1.30280E-01 1.11748E-03 2.34523E-01 
1.32144E-01 1.04701E-03 2.51436E-01 
2.09872E-01 3.91010E-02 1.09940E-04 
2.08257E-01 3.35171E-02 1.24483E-04 
2.05129E-01 2.85831E-02 1.42224E-04 
2.02600E-01 2.41000E-02 1.64149E-04 
1.99410E-01 2.01313E-02 1.91557E-04 
1.95569E-01 1.66708E-02 2.26296E-04 
1.91091E-01 1.36980E-02 2.70991E-04 
1.87236E-01 1.17145E-02 3.14775E-04 
1.86050E-01 1.11840E-02 3.29469E-04 
1.80076E-01 8.94303E-03 4.14516E-04 
1.73631E-01 7.13314E-03 5.32974E-04 
1.66828E-01 5.69370E-03 7.02008E-04 
1.59783E-01 4.56397E-03 9.49533E-04 
1.52658E-01 3.71166E-03 1.32320E-03 
1.45534E-01 3.04459E-03 1.90332E-03 
1.38395E-01 2.52696E-03 2.83295E-03 
1.31318E-01 2.12255E-03 4.37457E-03 
1.24374E-01 1.80258E-03 7.02162E-03 
1.17647E-01 1.54526E-03 1.17219E-02 
1.11284E-01 1.33550E-03 2.02963E-02 
1.05672E-01 1.16520E-03 3.60637E-02 
1.01881E-01 1.03588E-03 6.40271E-02 
1.02198E-01 9.60053E-04 1.07696E-01 
1.08119E-01 9.39221E-04 1.59425E-01 
1.15048E-01 9.24201E-04 1.98169E-01 
1.16297E-01 8.63496E-04 2.11704E-01 
1.98010E-01 3.96131E-02 1.01522E-04 
1.96022E-01 3.37564E-02 1.14460E-04 
1.92747E-01 2.85575E-02 1.30201E-04 
1.89861E-01 2.38972E-02 1.49603E-04 
1.86358E-01 1.97962E-02 1.73799E-04 
1.82254E-01 1.62437E-02 2.04395E-04 
1.77563E-01 1.32134E-02 2.43658E-04 
1.73574E-01 1.12049E-02 2.82033E-04 
1.72356E-01 1.06700E-02 2.94898E-04 
1.66263E-01 8.42240E-03 3.69234E-04 
1.59759E-01 6.62482E-03 4.72504E-04 
1.52961E-01 5.21066E-03 6.19481E-04 
1.45987E-01 4.11418E-03 8.34174E-04 
1.39010E-01 3.29416E-03 1.15758E-03 
1.32071E-01 2.66392E-03 1.65839E-03 
1.25163E-01 2.18276E-03 2.45880E-03 
1.18358E-01 1.81326E-03 3.78232E-03 
1.11717E-01 1.52595E-03 6.04832E-03 
1.05315E-01 1.29862E-03 1.00599E-02 
9.92804E-02 1.11588E-03 1.73554E-02 
9.39521E-02 9.69078E-04 3.07273E-02 
9.02732E-02 8.58219E-04 5.43556E-02 
9.02436E-02 7.92704E-04 9.11005E-02 
9.51428E-02 7.73080E-04 1.34375E-01 
1.00891E-01 7.58475E-04 1.66432E-01 
1.01635E-01 7.06655E-04 1.77162E-01 
1.86321E-01 4.00941E-02 9.36130E-05 
1.83986E-01 3.39698E-02 1.05080E-04 
1.80540E-01 2.85240E-02 1.18982E-04 
1.77316E-01 2.36923E-02 1.36073E-04 
1.73506E-01 1.94646E-02 1.57315E-04 
1.69156E-01 1.58276E-02 1.84119E-04 
1.64278E-01 1.27476E-02 2.18431E-04 
1.60181E-01 1.07201E-02 2.51894E-04 
1.58938E-01 1.01824E-02 2.63101E-04 
1.52769E-01 7.93512E-03 3.27749E-04 
1.46259E-01 6.15523E-03 4.17332E-04 
1.39523E-01 4.76990E-03 5.44513E-04 
1.32672E-01 3.70835E-03 7.29831E-04 
1.25886E-01 2.92175E-03 1.00838E-03 
1.19180E-01 2.32732E-03 1.43864E-03 
1.12552E-01 1.88078E-03 2.12449E-03 
1.06063E-01 1.54376E-03 3.25542E-03 
9.97672E-02 1.28627E-03 5.18622E-03 
9.37270E-02 1.08597E-03 8.59461E-03 
8.80547E-02 9.27326E-04 1.47729E-02 
8.30443E-02 8.01359E-04 2.60603E-02 
7.95195E-02 7.06802E-04 4.59357E-02 
7.92206E-02 6.50566E-04 7.67126E-02 
8.32332E-02 6.32450E-04 1.12748E-01 
8.79572E-02 6.18664E-04 1.39147E-01 
8.82997E-02 5.74780E-04 1.47587E-01 
1.74705E-01 4.05329E-02 8.60928E-05 
1.72036E-01 3.41431E-02 9.61906E-05 
1.68393E-01 2.84618E-02 1.08378E-04 
1.64858E-01 2.34661E-02 1.23330E-04 
1.60765E-01 1.91197E-02 1.41842E-04 
1.56173E-01 1.54048E-02 1.65126E-04 
1.51125E-01 1.22834E-02 1.94872E-04 
1.46941E-01 1.02434E-02 2.23814E-04 
1.45680E-01 9.70468E-03 2.33497E-04 
1.39462E-01 7.46516E-03 2.89252E-04 
1.32984E-01 5.70948E-03 3.66333E-04 
1.26357E-01 4.35789E-03 4.75516E-04 
1.19684E-01 3.33436E-03 6.34233E-04 
1.13144E-01 2.58337E-03 8.72319E-04 
1.06721E-01 2.02488E-03 1.23915E-03 
1.00419E-01 1.61200E-03 1.82230E-03 
9.42891E-02 1.30577E-03 2.78121E-03 
8.83773E-02 1.07601E-03 4.41366E-03 
8.27341E-02 9.00431E-04 7.28657E-03 
7.74550E-02 7.63596E-04 1.24784E-02 
7.27925E-02 6.56302E-04 2.19320E-02 
6.94594E-02 5.76348E-04 3.85175E-02 
6.89560E-02 5.28541E-04 6.40904E-02 
7.21942E-02 5.12138E-04 9.38547E-02 
7.60229E-02 4.99463E-04 1.15408E-01 
7.60505E-02 4.62730E-04 1.21964E-01 
1.63358E-01 4.09075E-02 7.90400E-05 
1.60360E-01 3.42569E-02 8.78752E-05 
1.56538E-01 2.83604E-02 9.85092E-05 
1.52685E-01 2.32057E-02 1.11485E-04 
1.48333E-01 1.87515E-02 1.27506E-04 
1.43535E-01 1.49710E-02 1.47598E-04 
1.38345E-01 1.18186E-02 1.73197E-04 
1.34102E-01 9.77399E-03 1.98066E-04 
1.32828E-01 9.23620E-03 2.06369E-04 
1.26595E-01 7.01327E-03 2.54109E-04 
1.20185E-01 5.28845E-03 3.19959E-04 
1.13704E-01 3.97517E-03 4.13026E-04 
1.07249E-01 2.99239E-03 5.48021E-04 
1.00988E-01 2.27867E-03 7.50118E-04 
9.48862E-02 1.75602E-03 1.06073E-03 
8.89454E-02 1.37570E-03 1.55328E-03 
8.32074E-02 1.09847E-03 2.36094E-03 
7.77068E-02 8.94278E-04 3.73192E-03 
7.24840E-02 7.41089E-04 6.13734E-03 
6.76171E-02 6.23696E-04 1.04710E-02 
6.33215E-02 5.32912E-04 1.83357E-02 
6.02082E-02 4.65820E-04 3.20823E-02 
5.95599E-02 4.25538E-04 5.31869E-02 
6.21353E-02 4.10948E-04 7.76021E-02 
6.51974E-02 3.99561E-04 9.50725E-02 
6.49889E-02 3.69152E-04 1.00105E-01 
1.52369E-01 4.12092E-02 7.24598E-05 
1.49043E-01 3.43004E-02 8.01305E-05 
1.45023E-01 2.82025E-02 8.93388E-05 
1.40911E-01 2.29054E-02 1.00537E-04 
1.36316E-01 1.83541E-02 1.14294E-04 
1.31327E-01 1.45189E-02 1.31488E-04 
1.26013E-01 1.13466E-02 1.53338E-04 
1.21731E-01 9.30547E-03 1.74532E-04 
1.20455E-01 8.77114E-03 1.81604E-04 
1.14258E-01 6.57524E-03 2.22190E-04 
1.07950E-01 4.88838E-03 2.78022E-04 
1.01645E-01 3.61811E-03 3.56744E-04 
9.54352E-02 2.67884E-03 4.70682E-04 
8.94812E-02 2.00404E-03 6.40960E-04 
8.37308E-02 1.51722E-03 9.02068E-04 
7.81784E-02 1.16848E-03 1.31502E-03 
7.28547E-02 9.18615E-04 1.99040E-03 
6.77841E-02 7.37965E-04 3.13348E-03 
6.29956E-02 6.04988E-04 5.13317E-03 
5.85527E-02 5.04904E-04 8.72410E-03 
5.46352E-02 4.28649E-04 1.52190E-02 
5.17623E-02 3.72815E-04 2.65302E-02 
5.10209E-02 3.39202E-04 4.38189E-02 
5.30352E-02 3.26448E-04 6.36965E-02 
5.54483E-02 3.16446E-04 7.77477E-02 
5.50712E-02 2.91575E-04 8.15589E-02 
1.41792E-01 4.14277E-02 6.63405E-05 
1.38153E-01 3.42681E-02 7.29484E-05 
1.33935E-01 2.79821E-02 8.08584E-05 
1.29579E-01 2.25548E-02 9.04434E-05 
1.24766E-01 1.79192E-02 1.02153E-04 
1.19617E-01 1.40429E-02 1.16739E-04 
1.14212E-01 1.08640E-02 1.35233E-04 
1.09900E-01 8.83416E-03 1.53125E-04 
1.08622E-01 8.30525E-03 1.59087E-04 
1.02472E-01 6.14501E-03 1.93263E-04 
9.63116E-02 4.50452E-03 2.40211E-04 
9.02347E-02 3.28339E-03 3.06305E-04 
8.43121E-02 2.39095E-03 4.01747E-04 
7.86911E-02 1.75663E-03 5.44107E-04 
7.33096E-02 1.30556E-03 7.61882E-04 
6.81604E-02 9.87365E-04 1.10540E-03 
6.32627E-02 7.63263E-04 1.66570E-03 
5.86303E-02 6.04257E-04 2.61133E-03 
5.42818E-02 4.89486E-04 4.26056E-03 
5.02655E-02 4.04723E-04 7.21284E-03 
4.67298E-02 3.41177E-04 1.25344E-02 
4.41104E-02 2.95142E-04 2.17676E-02 
4.33198E-02 2.67392E-04 3.58172E-02 
4.48654E-02 2.56436E-04 5.18691E-02 
4.67350E-02 2.47845E-04 6.30735E-02 
4.62466E-02 2.27780E-04 6.59160E-02 
1.31673E-01 4.15572E-02 6.06700E-05 
1.27749E-01 3.41575E-02 6.63169E-05 
1.23323E-01 2.76943E-02 7.30450E-05 
1.18750E-01 2.21505E-02 8.11754E-05 
1.13763E-01 1.74473E-02 9.10585E-05 
1.08485E-01 1.35442E-02 1.03320E-04 
1.03007E-01 1.03696E-02 1.18813E-04 
9.86865E-02 8.35933E-03 1.33771E-04 
9.74177E-02 7.83840E-03 1.38754E-04 
9.13649E-02 5.72479E-03 1.67295E-04 
8.53724E-02 4.13720E-03 2.06417E-04 
7.95277E-02 2.96886E-03 2.61364E-04 
7.39059E-02 2.12567E-03 3.40577E-04 
6.86371E-02 1.53328E-03 4.58566E-04 
6.36447E-02 1.11802E-03 6.38671E-04 
5.89126E-02 8.29494E-04 9.22061E-04 
5.44493E-02 6.29702E-04 1.38301E-03 
5.02589E-02 4.90586E-04 2.15878E-03 
4.63501E-02 3.92174E-04 3.50767E-03 
4.27567E-02 3.20909E-04 5.91457E-03 
3.95997E-02 2.68415E-04 1.02383E-02 
3.72406E-02 2.30841E-04 1.77112E-02 
3.64370E-02 2.08201E-04 2.90311E-02 
3.75967E-02 1.98960E-04 4.18810E-02 
3.90174E-02 1.91746E-04 5.07331E-02 
3.84654E-02 1.75818E-04 5.28166E-02 
1.22043E-01 4.15926E-02 5.54300E-05 
1.17859E-01 3.39637E-02 6.02091E-05 
1.13233E-01 2.73357E-02 6.58710E-05 
1.08458E-01 2.16883E-02 7.26885E-05 
1.03335E-01 1.69346E-02 8.09480E-05 
9.79495E-02 1.30172E-02 9.11325E-05 
9.24309E-02 9.86062E-03 1.03968E-04 
8.81320E-02 7.87984E-03 1.16347E-04 
8.68756E-02 7.36902E-03 1.20466E-04 
8.09393E-02 5.31084E-03 1.44040E-04 
7.51408E-02 3.78313E-03 1.76304E-04 
6.95596E-02 2.67262E-03 2.21549E-04 
6.42586E-02 1.88120E-03 2.86666E-04 
5.93546E-02 1.33182E-03 3.83539E-04 
5.47602E-02 9.52166E-04 5.31111E-04 
5.04500E-02 6.92331E-04 7.62769E-04 
4.64218E-02 5.15423E-04 1.13858E-03 
4.26693E-02 3.94538E-04 1.76925E-03 
3.91917E-02 3.10750E-04 2.86252E-03 
3.60119E-02 2.51341E-04 4.80690E-03 
3.32244E-02 2.08397E-04 8.28752E-03 
3.11261E-02 1.78079E-04 1.42803E-02 
3.03390E-02 1.59853E-04 2.33158E-02 
3.11859E-02 1.52214E-04 3.35048E-02 
3.22413E-02 1.46307E-04 4.04283E-02 
3.16639E-02 1.33904E-04 4.19245E-02 
1.12899E-01 4.15248E-02 5.05911E-05 
1.08494E-01 3.36832E-02 5.45950E-05 
1.03698E-01 2.69082E-02 5.93080E-05 
9.87472E-02 2.11713E-02 6.49541E-05 
9.35133E-02 1.63816E-02 7.17688E-05 
8.80573E-02 1.24655E-02 8.01243E-05 
8.25261E-02 9.33922E-03 9.06242E-05 
7.82665E-02 7.39587E-03 1.00737E-04 
7.70302E-02 6.89753E-03 1.04100E-04 
7.12325E-02 4.90346E-03 1.23335E-04 
6.56462E-02 3.44179E-03 1.49629E-04 
6.03508E-02 2.39325E-03 1.86481E-04 
5.53931E-02 1.65591E-03 2.39468E-04 
5.08649E-02 1.15031E-03 3.18216E-04 
4.66705E-02 8.05841E-04 4.37934E-04 
4.27798E-02 5.73634E-04 6.25423E-04 
3.91790E-02 4.18164E-04 9.28808E-04 
3.58531E-02 3.13919E-04 1.43647E-03 
3.27929E-02 2.43168E-04 2.31380E-03 
3.00101E-02 1.94092E-04 3.86904E-03 
2.75777E-02 1.59347E-04 6.64318E-03 
2.57351E-02 1.35200E-04 1.14007E-02 
2.49871E-02 1.20754E-04 1.85396E-02 
2.55850E-02 1.14582E-04 2.65351E-02 
2.63481E-02 1.09890E-04 3.18905E-02 
2.57753E-02 1.00460E-04 3.29387E-02 
1.04273E-01 4.13592E-02 4.61409E-05 
9.96843E-02 3.33218E-02 4.94561E-05 
9.47339E-02 2.64136E-02 5.33216E-05 
8.96373E-02 2.06018E-02 5.79279E-05 
8.43086E-02 1.57889E-02 6.34594E-05 
7.88276E-02 1.18906E-02 7.02217E-05 
7.33184E-02 8.80752E-03 7.86858E-05 
6.91140E-02 6.90903E-03 8.68240E-05 
6.79010E-02 6.42505E-03 8.95289E-05 
6.22703E-02 4.50356E-03 1.05012E-04 
5.69289E-02 3.11411E-03 1.26187E-04 
5.19374E-02 2.13086E-03 1.55856E-04 
4.73238E-02 1.44867E-03 1.98458E-04 
4.31670E-02 9.86928E-04 2.61727E-04 
3.93703E-02 6.77007E-04 3.57778E-04 
3.58913E-02 4.71264E-04 5.07883E-04 
3.27060E-02 3.35814E-04 7.50160E-04 
2.97908E-02 2.46706E-04 1.15444E-03 
2.71293E-02 1.87524E-04 1.85095E-03 
2.47228E-02 1.47407E-04 3.08148E-03 
2.26265E-02 1.19651E-04 5.26856E-03 
2.10302E-02 1.00713E-04 9.00392E-03 
2.03378E-02 8.94741E-05 1.45818E-02 
2.07418E-02 8.46234E-05 2.07848E-02 
2.12752E-02 8.10385E-05 2.48774E-02 
2.07293E-02 7.40903E-05 2.55895E-02 
9.61559E-02 4.10988E-02 4.20506E-05 
9.13945E-02 3.28745E-02 4.47442E-05 
8.63289E-02 2.58532E-02 4.78642E-05 
8.11158E-02 1.99813E-02 5.15517E-05 
7.57293E-02 1.51616E-02 5.59603E-05 
7.02433E-02 1.12934E-02 6.13243E-05 
6.47882E-02 8.26587E-03 6.80232E-05 
6.06666E-02 6.42056E-03 7.44615E-05 
5.94846E-02 5.95302E-03 7.66018E-05 
5.40385E-02 4.11114E-03 8.88513E-05 
4.89603E-02 2.79890E-03 1.05645E-04 
4.42819E-02 1.88351E-03 1.29180E-04 
4.00240E-02 1.25772E-03 1.62981E-04 
3.62430E-02 8.39926E-04 2.13176E-04 
3.28366E-02 5.63710E-04 2.89265E-04 
2.97567E-02 3.83181E-04 4.07951E-04 
2.69703E-02 2.66350E-04 5.99061E-04 
2.44457E-02 1.90964E-04 9.17066E-04 
2.21597E-02 1.42000E-04 1.46325E-03 
2.01060E-02 1.09630E-04 2.42485E-03 
1.83238E-02 8.77989E-05 4.12759E-03 
1.69608E-02 7.32294E-05 7.02366E-03 
1.63353E-02 6.46929E-05 1.13262E-02 
1.65915E-02 6.10185E-05 1.60757E-02 
1.69479E-02 5.84251E-05 1.91592E-02 
1.64448E-02 5.35350E-05 1.96242E-02 
8.86004E-02 4.07442E-02 3.83263E-05 
8.36945E-02 3.23495E-02 4.04718E-05 
7.85435E-02 2.52337E-02 4.29410E-05 
7.32507E-02 1.93197E-02 4.58310E-05 
6.78259E-02 1.45055E-02 4.92603E-05 
6.23741E-02 1.06828E-02 5.34289E-05 
5.69993E-02 7.72152E-03 5.86191E-05 
5.29801E-02 5.93610E-03 6.36123E-05 
5.18354E-02 5.48680E-03 6.52748E-05 
4.66038E-02 3.73139E-03 7.48050E-05 
4.17955E-02 2.49925E-03 8.79047E-05 
3.74374E-02 1.65316E-03 1.06308E-04 
3.35362E-02 1.08378E-03 1.32776E-04 
3.01244E-02 7.09065E-04 1.72109E-04 
2.70979E-02 4.65230E-04 2.31695E-04 
2.43998E-02 3.08384E-04 3.24479E-04 
2.19884E-02 2.08600E-04 4.73542E-04 
1.98265E-02 1.45467E-04 7.20881E-04 
1.78864E-02 1.05402E-04 1.14438E-03 
1.61555E-02 7.96191E-05 1.88733E-03 
1.46597E-02 6.27323E-05 3.19791E-03 
1.35119E-02 5.17642E-05 5.41742E-03 
1.29590E-02 4.54652E-05 8.69753E-03 
1.31068E-02 4.28159E-05 1.22905E-02 
1.33312E-02 4.10934E-05 1.45834E-02 
1.28804E-02 3.78776E-05 1.48721E-02 
8.14947E-02 4.02951E-02 3.48956E-05 
7.64773E-02 3.17465E-02 3.65560E-05 
7.12567E-02 2.45498E-02 3.84466E-05 
6.59266E-02 1.86131E-02 4.06438E-05 
6.04986E-02 1.38203E-02 4.32236E-05 
5.51032E-02 1.00549E-02 4.63549E-05 
4.98459E-02 7.17221E-03 5.02592E-05 
4.59448E-02 5.45286E-03 5.40164E-05 
4.48410E-02 5.02328E-03 5.52709E-05 
3.98524E-02 3.36102E-03 6.25077E-05 
3.53324E-02 2.21256E-03 7.25021E-05 
3.12991E-02 1.43695E-03 8.65947E-05 
2.77534E-02 9.23888E-04 1.06933E-04 
2.47094E-02 5.91622E-04 1.37250E-04 
2.20508E-02 3.78944E-04 1.83158E-04 
1.97153E-02 2.44360E-04 2.54537E-04 
1.76557E-02 1.60252E-04 3.68951E-04 
1.58308E-02 1.08122E-04 5.58278E-04 
1.42087E-02 7.58505E-05 8.81377E-04 
1.27729E-02 5.57092E-05 1.44623E-03 
1.15378E-02 4.29697E-05 2.43863E-03 
1.05876E-02 3.49862E-05 4.11167E-03 
1.01100E-02 3.05487E-05 6.57042E-03 
1.01801E-02 2.87955E-05 9.24158E-03 
1.03080E-02 2.78422E-05 1.09149E-02 
9.91442E-03 2.59927E-05 1.10792E-02 
7.48768E-02 3.97570E-02 3.17620E-05 
6.97868E-02 3.10758E-02 3.30012E-05 
6.45200E-02 2.38142E-02 3.43867E-05 
5.91838E-02 1.78719E-02 3.59861E-05 
5.37864E-02 1.31157E-02 3.78406E-05 
4.84749E-02 9.41963E-03 4.00903E-05 
4.33619E-02 6.62552E-03 4.29126E-05 
3.96056E-02 4.97864E-03 4.56452E-05 
3.85495E-02 4.57026E-03 4.65623E-05 
3.38128E-02 3.00462E-03 5.18840E-05 
2.95945E-02 1.94189E-03 5.93190E-05 
2.58994E-02 1.23722E-03 6.98969E-05 
2.27062E-02 7.79340E-04 8.52378E-05 
2.00098E-02 4.87640E-04 1.08182E-04 
1.76971E-02 3.04277E-04 1.42955E-04 
1.56990E-02 1.90259E-04 1.96975E-04 
1.39632E-02 1.20333E-04 2.83400E-04 
1.24446E-02 7.79300E-05 4.26028E-04 
1.11090E-02 5.23867E-05 6.68610E-04 
9.93677E-03 3.70006E-05 1.09117E-03 
8.93357E-03 2.76885E-05 1.83042E-03 
8.16036E-03 2.21401E-05 3.07070E-03 
7.75664E-03 1.92284E-05 4.88263E-03 
7.77378E-03 1.82472E-05 6.83366E-03 
7.83379E-03 1.79608E-05 8.03112E-03 
7.49857E-03 1.72125E-05 8.11170E-03 
6.87105E-02 3.91256E-02 2.88961E-05 
6.35829E-02 3.03365E-02 2.97702E-05 
5.83055E-02 2.30310E-02 3.07223E-05 
5.29898E-02 1.70994E-02 3.18077E-05 
4.76586E-02 1.23962E-02 3.30496E-05 
4.24583E-02 8.78122E-03 3.45574E-05 
3.75140E-02 6.08462E-03 3.64785E-05 
3.39207E-02 4.51545E-03 3.83655E-05 
3.29170E-02 4.12940E-03 3.90051E-05 
2.84529E-02 2.66416E-03 4.27624E-05 
2.45459E-02 1.68814E-03 4.81156E-05 
2.11869E-02 1.05356E-03 5.58429E-05 
1.83378E-02 6.49167E-04 6.71497E-05 
1.59759E-02 3.96057E-04 8.41654E-05 
1.39884E-02 2.40039E-04 1.10009E-04 
1.23017E-02 1.44826E-04 1.50148E-04 
1.08599E-02 8.75936E-05 2.14263E-04 
9.61600E-03 5.37052E-05 3.19788E-04 
8.53468E-03 3.39228E-05 4.98681E-04 
7.59368E-03 2.25110E-05 8.08995E-04 
6.79332E-03 1.60111E-05 1.34947E-03 
6.17553E-03 1.24349E-05 2.25154E-03 
5.84157E-03 1.07668E-05 3.56084E-03 
5.82482E-03 1.04482E-05 4.95687E-03 
5.83907E-03 1.07388E-05 5.79410E-03 
5.56001E-03 1.08732E-05 5.82077E-03 
6.29713E-02 3.84011E-02 2.62755E-05 
5.78436E-02 2.95328E-02 2.68373E-05 
5.25854E-02 2.22043E-02 2.74181E-05 
4.73197E-02 1.63013E-02 2.80671E-05 
4.20872E-02 1.16671E-02 2.87969E-05 
3.70270E-02 8.14497E-03 2.96899E-05 
3.22723E-02 5.55368E-03 3.08690E-05 
2.88591E-02 4.06675E-03 3.20701E-05 
2.79111E-02 3.70385E-03 3.24842E-05 
2.37373E-02 2.34170E-03 3.49845E-05 
2.01475E-02 1.45234E-03 3.86717E-05 
1.71220E-02 8.86211E-04 4.41292E-05 
1.46061E-02 5.32995E-04 5.22350E-05 
1.25616E-02 3.16122E-04 6.45604E-05 
1.08754E-02 1.85241E-04 8.33516E-05 
9.47190E-03 1.06970E-04 1.12560E-04 
8.29297E-03 6.09459E-05 1.59155E-04 
7.29110E-03 3.44240E-05 2.35640E-04 
6.43117E-03 1.95188E-05 3.64845E-04 
5.68991E-03 1.14046E-05 5.87973E-04 
5.06360E-03 7.19418E-06 9.74686E-04 
4.57963E-03 5.20621E-06 1.61637E-03 
4.30924E-03 4.54779E-06 2.54092E-03 
4.27253E-03 4.79755E-06 3.51572E-03 
4.25754E-03 5.58824E-06 4.08469E-03 
4.03011E-03 6.42858E-06 4.07871E-03 
5.76317E-02 3.75835E-02 2.38783E-05 
5.25313E-02 2.86623E-02 2.41718E-05 
4.73289E-02 2.13377E-02 2.44404E-05 
4.21422E-02 1.54819E-02 2.47229E-05 
3.70378E-02 1.09327E-02 2.50291E-05 
3.21457E-02 7.51527E-03 2.54206E-05 
2.76033E-02 5.03690E-03 2.60010E-05 
2.43834E-02 3.63564E-03 2.66539E-05 
2.34952E-02 3.29666E-03 2.68896E-05 
1.96235E-02 2.03893E-03 2.83970E-05 
1.63548E-02 1.23531E-03 3.07780E-05 
1.36566E-02 7.35288E-04 3.44618E-05 
1.14626E-02 4.30507E-04 4.00838E-05 
9.71489E-03 2.47084E-04 4.87630E-05 
8.30426E-03 1.38950E-04 6.20829E-05 
7.15428E-03 7.57029E-05 8.28271E-05 
6.20635E-03 3.94307E-05 1.15890E-04 
5.41402E-03 1.91971E-05 1.70017E-04 
4.74321E-03 8.37509E-06 2.61087E-04 
4.17116E-03 2.97264E-06 4.17595E-04 
3.69118E-03 6.13952E-07 6.87289E-04 
3.31993E-03 -1.00601E-07 1.13176E-03 
3.10551E-03 6.03988E-08 1.76661E-03 
3.05850E-03 7.99987E-07 2.42698E-03 
3.02596E-03 2.02643E-06 2.79961E-03 
2.84415E-03 3.43244E-06 2.77567E-03 
5.26574E-02 3.66659E-02 2.16820E-05 
4.76139E-02 2.77231E-02 2.17476E-05 
4.25042E-02 2.04329E-02 2.17581E-05 
3.74291E-02 1.46463E-02 2.17388E-05 
3.24775E-02 1.01973E-02 2.16988E-05 
2.77806E-02 6.89653E-03 2.16896E-05 
2.34698E-02 4.53776E-03 2.17964E-05 
2.04546E-02 3.22499E-03 2.20212E-05 
1.96299E-02 2.91053E-03 2.21193E-05 
1.60696E-02 1.75766E-03 2.28626E-05 
1.31227E-02 1.03789E-03 2.42452E-05 
1.07432E-02 6.00908E-04 2.65778E-05 
8.85228E-03 3.41128E-04 3.03049E-05 
7.37899E-03 1.88134E-04 3.62084E-05 
6.21783E-03 1.00277E-04 4.53711E-05 
5.29197E-03 5.01464E-05 5.96953E-05 
4.54391E-03 2.22213E-05 8.25137E-05 
3.92953E-03 7.27287E-06 1.19755E-04 
3.41678E-03 -1.75351E-07 1.82105E-04 
2.98493E-03 -3.36954E-06 2.88656E-04 
2.62510E-03 -4.23994E-06 4.70943E-04 
2.34641E-03 -3.93600E-06 7.68809E-04 
2.17953E-03 -3.10818E-06 1.18957E-03 
2.12838E-03 -1.94298E-06 1.61962E-03 
2.08611E-03 -3.33175E-07 1.85139E-03 
1.94299E-03 1.52848E-06 1.81914E-03 
4.79894E-02 3.56282E-02 1.96548E-05 
4.30428E-02 2.67079E-02 1.95325E-05 
3.80578E-02 1.94846E-02 1.93310E-05 
3.31284E-02 1.37929E-02 1.90676E-05 
2.83584E-02 9.46221E-03 1.87516E-05 
2.38820E-02 6.29041E-03 1.84293E-05 
1.98217E-02 4.05805E-03 1.81707E-05 
1.70213E-02 2.83614E-03 1.80704E-05 
1.62619E-02 2.54650E-03 1.80644E-05 
1.30198E-02 1.49825E-03 1.82357E-05 
1.03934E-02 8.59970E-04 1.88777E-05 
8.32134E-03 4.82517E-04 2.02075E-05 
6.71607E-03 2.64165E-04 2.25308E-05 
5.49481E-03 1.38458E-04 2.63742E-05 
4.55509E-03 6.83412E-05 3.24400E-05 
3.82329E-03 2.94506E-05 4.19817E-05 
3.24472E-03 8.55201E-06 5.71823E-05 
2.77848E-03 -2.01671E-06 8.18965E-05 
2.39528E-03 -6.70630E-06 1.23001E-04 
2.07693E-03 -8.11499E-06 1.92728E-04 
1.81353E-03 -7.79092E-06 3.10846E-04 
1.60896E-03 -6.66976E-06 5.01587E-04 
1.48103E-03 -5.29386E-06 7.66828E-04 
1.42918E-03 -3.75334E-06 1.03106E-03 
1.38196E-03 -1.80106E-06 1.16364E-03 
1.27040E-03 4.31726E-07 1.12896E-03 
4.36068E-02 3.44513E-02 1.77834E-05 
3.88007E-02 2.56098E-02 1.75120E-05 
3.39739E-02 1.84923E-02 1.71415E-05 
2.92258E-02 1.29262E-02 1.66886E-05 
2.46650E-02 8.73319E-03 1.61607E-05 
2.04323E-02 5.70275E-03 1.56037E-05 
1.66398E-02 3.60308E-03 1.50771E-05 
1.40609E-02 2.47336E-03 1.47409E-05 
1.33680E-02 2.20852E-03 1.46601E-05 
1.04465E-02 1.26335E-03 1.44258E-05 
8.13218E-03 7.02749E-04 1.45424E-05 
6.35220E-03 3.80485E-04 1.51613E-05 
5.00936E-03 1.99369E-04 1.64816E-05 
4.01344E-03 9.75039E-05 1.88446E-05 
3.26704E-03 4.25421E-05 2.26827E-05 
2.69953E-03 1.30330E-05 2.87754E-05 
2.26063E-03 -2.11254E-06 3.84790E-05 
1.91381E-03 -9.14458E-06 5.41649E-05 
1.63336E-03 -1.16259E-05 8.00024E-05 
1.40359E-03 -1.16140E-05 1.23328E-04 
1.21483E-03 -1.03406E-05 1.95627E-04 
1.06738E-03 -8.56601E-06 3.10229E-04 
9.69845E-04 -6.73827E-06 4.65562E-04 
9.18700E-04 -4.86510E-06 6.13659E-04 
8.68991E-04 -2.60624E-06 6.78281E-04 
7.82001E-04 -7.04439E-08 6.44582E-04 
3.94332E-02 3.30920E-02 1.60318E-05 
3.48143E-02 2.44007E-02 1.56464E-05 
3.01865E-02 1.74400E-02 1.51474E-05 
2.56595E-02 1.20379E-02 1.45543E-05 
2.13399E-02 8.00701E-03 1.38721E-05 
1.73736E-02 5.13212E-03 1.31477E-05 
1.38662E-02 3.17226E-03 1.24358E-05 
1.15157E-02 2.13637E-03 1.19392E-05 
1.08904E-02 1.89633E-03 1.18080E-05 
8.28832E-03 1.05218E-03 1.13018E-05 
6.27693E-03 5.65325E-04 1.10670E-05 
4.77188E-03 2.93740E-04 1.12055E-05 
3.66853E-03 1.45705E-04 1.18386E-05 
2.87152E-03 6.43342E-05 1.31720E-05 
2.29013E-03 2.20358E-05 1.54456E-05 
1.85862E-03 1.83394E-07 1.91051E-05 
1.53219E-03 -1.03446E-05 2.49239E-05 
1.27927E-03 -1.45687E-05 3.42310E-05 
1.07823E-03 -1.53038E-05 4.93115E-05 
9.15587E-04 -1.41693E-05 7.40523E-05 
7.82912E-04 -1.21416E-05 1.14227E-04 
6.78099E-04 -9.84194E-06 1.75673E-04 
6.03220E-04 -7.63798E-06 2.54704E-04 
5.52865E-04 -5.46774E-06 3.22899E-04 
5.01681E-04 -2.93341E-06 3.41921E-04 
4.32993E-04 -1.50267E-07 3.10778E-04 
3.54031E-02 3.14946E-02 1.43702E-05 
3.10195E-02 2.30417E-02 1.39026E-05 
2.66409E-02 1.63065E-02 1.33147E-05 
2.23772E-02 1.11161E-02 1.26266E-05 
1.83361E-02 7.27910E-03 1.18434E-05 
1.46624E-02 4.57753E-03 1.10126E-05 
1.14578E-02 2.76594E-03 1.01875E-05 
9.34163E-03 1.82552E-03 9.59397E-06 
8.78433E-03 1.61022E-03 9.43259E-06 
6.49875E-03 8.64732E-04 8.76498E-06 
4.77812E-03 4.47212E-04 8.31763E-06 
3.52796E-03 2.21507E-04 8.15556E-06 
2.63904E-03 1.02306E-04 8.34401E-06 
2.01404E-03 3.81515E-05 8.99211E-06 
1.57023E-03 6.16755E-06 1.02063E-05 
1.24817E-03 -9.60834E-06 1.22021E-05 
1.00933E-03 -1.65364E-05 1.53507E-05 
8.27578E-04 -1.85884E-05 2.02670E-05 
6.85482E-04 -1.79732E-05 2.79474E-05 
5.71960E-04 -1.59660E-05 3.99370E-05 
4.79843E-04 -1.33479E-05 5.81375E-05 
4.05560E-04 -1.06324E-05 8.33722E-05 
3.46663E-04 -8.11932E-06 1.10721E-04 
2.96522E-04 -5.68906E-06 1.25314E-04 
2.44068E-04 -2.91440E-06 1.14613E-04 
1.88431E-04 6.27504E-08 8.66007E-05 
3.14297E-02 2.95735E-02 1.27609E-05 
2.73366E-02 2.14734E-02 1.22414E-05 
2.32677E-02 1.50562E-02 1.16040E-05 
1.93172E-02 1.01402E-02 1.08638E-05 
1.55985E-02 6.53910E-03 1.00299E-05 
1.22495E-02 4.03457E-03 9.14870E-06 
9.36774E-03 2.38237E-03 8.27369E-06 
7.49266E-03 1.53997E-03 7.63773E-06 
7.00408E-03 1.34948E-03 7.46316E-06 
5.03002E-03 7.00224E-04 6.72275E-06 
3.58554E-03 3.47454E-04 6.17096E-06 
2.56850E-03 1.62763E-04 5.84486E-06 
1.86788E-03 6.82280E-05 5.76880E-06 
1.38803E-03 1.82053E-05 5.98511E-06 
1.05560E-03 -5.61694E-06 6.51035E-06 
8.18645E-04 -1.67213E-05 7.40517E-06 
6.45529E-04 -2.09337E-05 8.77266E-06 
5.15652E-04 -2.13619E-05 1.07525E-05 
4.15566E-04 -1.97396E-05 1.34843E-05 
3.36553E-04 -1.70821E-05 1.69685E-05 
2.72582E-04 -1.40256E-05 2.05594E-05 
2.19314E-04 -1.10008E-05 2.18490E-05 
1.71106E-04 -8.25128E-06 1.52501E-05 
1.20611E-04 -5.61114E-06 -4.92135E-06 
6.69380E-05 -2.64735E-06 -3.41938E-05 
2.04365E-05 4.60315E-07 -5.89262E-05 
2.74177E-02 2.72190E-02 1.11627E-05 
2.36812E-02 1.96221E-02 1.06220E-05 
1.99844E-02 1.36372E-02 9.97055E-06 
1.64072E-02 9.07875E-03 9.21995E-06 
1.30638E-02 5.76963E-03 8.38358E-06 
1.00790E-02 3.49444E-03 7.50470E-06 
7.54450E-03 2.01715E-03 6.63614E-06 
5.91985E-03 1.27712E-03 6.00493E-06 
5.50093E-03 1.11179E-03 5.83133E-06 
3.83406E-03 5.57088E-04 5.08992E-06 
2.64982E-03 2.64661E-04 4.51560E-06 
1.84292E-03 1.16295E-04 4.12520E-06 
1.30438E-03 4.25296E-05 3.91377E-06 
9.43900E-04 3.88332E-06 3.87893E-06 
6.98824E-04 -1.36610E-05 3.97976E-06 
5.25637E-04 -2.12976E-05 4.17779E-06 
3.99894E-04 -2.35491E-05 4.40579E-06 
3.06316E-04 -2.28355E-05 4.50232E-06 
2.35040E-04 -2.05274E-05 4.06773E-06 
1.79412E-04 -1.74470E-05 2.13856E-06 
1.34364E-04 -1.41232E-05 -3.50551E-06 
9.51908E-05 -1.09217E-05 -1.71973E-05 
5.41034E-05 -8.03779E-06 -4.47529E-05 
3.42734E-06 -5.27269E-06 -8.58670E-05 
-5.07291E-05 -2.20912E-06 -1.25509E-04 
-9.05284E-05 9.33729E-07 -1.46918E-04 
2.33005E-02 2.43391E-02 9.54421E-06 
1.99840E-02 1.74183E-02 9.00899E-06 
1.67180E-02 1.19967E-02 8.37368E-06 
1.35778E-02 7.89694E-03 7.65142E-06 
1.06662E-02 4.94854E-03 6.85654E-06 
8.09136E-03 2.94459E-03 6.02867E-06 
5.93418E-03 1.66347E-03 5.21782E-06 
4.57205E-03 1.03260E-03 4.63225E-06 
4.22434E-03 8.93257E-04 4.47150E-06 
2.86193E-03 4.32826E-04 3.78675E-06 
1.92206E-03 1.96989E-04 3.25092E-06 
1.30209E-03 8.07562E-05 2.86614E-06 
9.00349E-04 2.43732E-05 2.60869E-06 
6.35796E-04 -5.11692E-06 2.44904E-06 
4.57494E-04 -1.79097E-05 2.31506E-06 
3.30975E-04 -2.30618E-05 2.11337E-06 
2.38683E-04 -2.40061E-05 1.68251E-06 
1.70102E-04 -2.26124E-05 6.97368E-07 
1.18392E-04 -1.99725E-05 -1.52865E-06 
7.85549E-05 -1.67588E-05 -6.45792E-06 
4.63278E-05 -1.34123E-05 -1.70868E-05 
1.68709E-05 -1.02412E-05 -3.86083E-05 
-1.85764E-05 -7.39661E-06 -7.66021E-05 
-6.75761E-05 -4.66614E-06 -1.27281E-04 
-1.19841E-04 -1.67160E-06 -1.70320E-04 
-1.53731E-04 1.34110E-06 -1.88202E-04 
1.91196E-02 2.09575E-02 7.91212E-06 
1.62588E-02 1.48647E-02 7.39922E-06 
1.34651E-02 1.01302E-02 6.80271E-06 
1.08090E-02 6.58696E-03 6.13858E-06 
8.37311E-03 4.06742E-03 5.41994E-06 
6.24867E-03 2.37888E-03 4.68418E-06 
4.49452E-03 1.31646E-03 3.97287E-06 
3.40560E-03 8.02554E-04 3.46615E-06 
3.13044E-03 6.90302E-04 3.32780E-06 
2.06824E-03 3.24651E-04 2.74309E-06 
1.35605E-03 1.42333E-04 2.28850E-06 
8.99969E-04 5.47410E-05 1.95601E-06 
6.11632E-04 1.30895E-05 1.71372E-06 
4.23428E-04 -8.73045E-06 1.52169E-06 
2.96371E-04 -1.78452E-05 1.30087E-06 
2.05023E-04 -2.12464E-05 9.43868E-07 
1.37681E-04 -2.14564E-05 2.65357E-07 
8.76089E-05 -1.98839E-05 -1.09554E-06 
5.02569E-05 -1.73715E-05 -3.87349E-06 
2.19253E-05 -1.44485E-05 -9.58174E-06 
-8.56061E-07 -1.14651E-05 -2.12039E-05 
-2.26035E-05 -8.66521E-06 -4.37014E-05 
-5.15689E-05 -6.15820E-06 -8.18385E-05 
-9.44240E-05 -3.74707E-06 -1.30645E-04 
-1.39910E-04 -1.12198E-06 -1.69800E-04 
-1.66990E-04 1.47896E-06 -1.83639E-04 
1.50978E-02 1.73252E-02 6.34128E-06 
1.26936E-02 1.21429E-02 5.86120E-06 
1.03778E-02 8.16389E-03 5.31793E-06 
8.21321E-03 5.22955E-03 4.72958E-06 
6.26208E-03 3.17549E-03 4.10896E-06 
4.59229E-03 1.82311E-03 3.48863E-06 
3.24055E-03 9.88499E-04 2.90194E-06 
2.41797E-03 5.92650E-04 2.49225E-06 
2.21247E-03 5.07191E-04 2.38151E-06 
1.43104E-03 2.32741E-04 1.91941E-06 
9.20756E-04 9.93497E-05 1.56649E-06 
6.02106E-04 3.67852E-05 1.31007E-06 
4.04556E-04 7.62243E-06 1.12002E-06 
2.76542E-04 -7.50539E-06 9.60785E-07 
1.90052E-04 -1.36277E-05 7.69201E-07 
1.27460E-04 -1.57735E-05 4.59843E-07 
8.11977E-05 -1.57158E-05 -1.12794E-07 
4.69311E-05 -1.44415E-05 -1.22946E-06 
2.16406E-05 -1.25390E-05 -3.45503E-06 
2.70932E-06 -1.03754E-05 -7.94165E-06 
-1.23990E-05 -8.19133E-06 -1.69343E-05 
-2.70943E-05 -6.15276E-06 -3.41136E-05 
-4.75772E-05 -4.32914E-06 -6.28704E-05 
-7.86870E-05 -2.57298E-06 -9.91544E-05 
-1.11576E-04 -6.68607E-07 -1.27650E-04 
-1.30365E-04 1.20184E-06 -1.36999E-04 
---
