PdfType: replica
Format: lhagrid1
---
1.00000E-06 1.28121E-06 1.64152E-06 2.10317E-06 2.69463E-06 3.45242E-06 4.42329E-06 5.66715E-06 7.26076E-06 9.30241E-06 1.19180E-05 1.52689E-05 1.95617E-05 2.50609E-05 3.21053E-05 4.11287E-05 5.26863E-05 6.74889E-05 8.64459E-05 1.10720E-04 1.41800E-04 1.81585E-04 2.32503E-04 2.97652E-04 3.80981E-04 4.87518E-04 6.26039E-04 8.00452E-04 1.02297E-03 1.30657E-03 1.66759E-03 2.12729E-03 2.71054E-03 3.44865E-03 4.37927E-03 5.54908E-03 7.01192E-03 8.83064E-03 1.10763E-02 1.38266E-02 1.71641E-02 2.11717E-02 2.59364E-02 3.15062E-02 3.79623E-02 4.53425E-02 5.36750E-02 6.29705E-02 7.32221E-02 8.44039E-02 9.64793E-02 1.09332E-01 1.23067E-01 1.37507E-01 1.52639E-01 1.68416E-01 1.84794E-01 2.01731E-01 2.19016E-01 2.36948E-01 2.55242E-01 2.73927E-01 2.92954E-01 3.12340E-01 3.32036E-01 3.52019E-01 3.72282E-01 3.92772E-01 4.13533E-01 4.34326E-01 4.55495E-01 4.76836E-01 4.98342E-01 5.20006E-01 5.41818E-01 5.63773E-01 5.85861E-01 6.08077E-01 6.30459E-01 6.52800E-01 6.75387E-01 6.98063E-01 7.20830E-01 7.43683E-01 7.66623E-01 7.89636E-01 8.12791E-01 8.35940E-01 8.59175E-01 8.82485E-01 9.05866E-01 9.29311E-01 9.52817E-01 9.76387E-01 1.00000E+00 
1.14018E+00 1.22539E+00 1.32482E+00 1.44156E+00 1.57954E+00 1.74381E+00 1.94091E+00 2.12132E+00 2.17945E+00 2.49622E+00 2.89383E+00 3.39925E+00 4.05063E+00 4.90286E+00 6.03623E+00 7.57063E+00 9.68869E+00 1.26749E+01 1.69835E+01 2.33578E+01 3.30501E+01 4.82334E+01 7.28041E+01 1.13998E+02 1.85779E+02 3.16228E+02 
908 909 910 
8.16665E-01 4.72811E-02 3.02463E-01 
8.32000E-01 5.62292E-02 3.55645E-01 
8.66083E-01 7.25758E-02 4.22912E-01 
9.27953E-01 9.73365E-02 5.08720E-01 
1.01176E+00 1.27410E-01 6.20166E-01 
1.12138E+00 1.63577E-01 7.68849E-01 
1.26124E+00 2.06657E-01 9.68647E-01 
1.39266E+00 2.45163E-01 1.17100E+00 
1.43560E+00 2.57402E-01 1.24150E+00 
1.66879E+00 3.21685E-01 1.65679E+00 
1.95619E+00 3.96901E-01 2.26543E+00 
2.30660E+00 4.83800E-01 3.17973E+00 
2.72933E+00 5.83826E-01 4.58525E+00 
3.23425E+00 7.54477E-01 6.82720E+00 
3.83781E+00 8.94829E-01 1.05179E+01 
4.56847E+00 1.05152E+00 1.67749E+01 
5.44787E+00 1.22555E+00 2.78044E+01 
6.50015E+00 1.41730E+00 4.79790E+01 
7.75628E+00 1.62777E+00 8.61921E+01 
9.26199E+00 1.85966E+00 1.60958E+02 
1.11079E+01 2.12261E+00 3.09202E+02 
1.35411E+01 2.45160E+00 5.93851E+02 
1.72275E+01 2.94365E+00 1.08159E+03 
2.32006E+01 3.72752E+00 1.73750E+03 
3.13693E+01 4.72070E+00 2.34722E+03 
4.00491E+01 5.62472E+00 2.73096E+03 
1.52075E+00 8.74783E-02 5.09558E-01 
1.55030E+00 1.04518E-01 5.98869E-01 
1.61547E+00 1.35618E-01 7.11880E-01 
1.73325E+00 1.82729E-01 8.56877E-01 
1.89206E+00 2.39766E-01 1.04580E+00 
2.09877E+00 3.08117E-01 1.29566E+00 
2.36131E+00 3.89289E-01 1.63185E+00 
2.60788E+00 4.61768E-01 1.97353E+00 
2.68799E+00 4.84694E-01 2.09121E+00 
3.12360E+00 6.05211E-01 2.79149E+00 
3.65900E+00 7.45698E-01 3.81630E+00 
4.31013E+00 9.07718E-01 5.35645E+00 
5.09445E+00 1.09278E+00 7.73013E+00 
6.03085E+00 1.40970E+00 1.15033E+01 
7.14746E+00 1.66768E+00 1.77018E+01 
8.49702E+00 1.95528E+00 2.82372E+01 
1.01169E+01 2.27347E+00 4.67983E+01 
1.20516E+01 2.62307E+00 8.07750E+01 
1.43557E+01 3.00546E+00 1.45202E+02 
1.71106E+01 3.42517E+00 2.71188E+02 
2.04800E+01 3.89975E+00 5.20597E+02 
2.49177E+01 4.49316E+00 1.00010E+03 
3.16425E+01 5.38225E+00 1.82233E+03 
4.25291E+01 6.79884E+00 2.92686E+03 
5.73910E+01 8.58986E+00 3.95405E+03 
7.31280E+01 1.02100E+01 4.60003E+03 
1.44298E+00 8.23141E-02 4.28130E-01 
1.47238E+00 9.90049E-02 5.03052E-01 
1.53661E+00 1.29417E-01 5.98120E-01 
1.65124E+00 1.75225E-01 7.19826E-01 
1.80503E+00 2.30537E-01 8.78607E-01 
2.00421E+00 2.96615E-01 1.08840E+00 
2.25597E+00 3.74799E-01 1.37057E+00 
2.49178E+00 4.44419E-01 1.65771E+00 
2.56811E+00 4.66367E-01 1.75599E+00 
2.98289E+00 5.81606E-01 2.34409E+00 
3.49091E+00 7.15365E-01 3.20401E+00 
4.10681E+00 8.69016E-01 4.49665E+00 
4.84684E+00 1.04366E+00 6.49183E+00 
5.73099E+00 1.34266E+00 9.65922E+00 
6.78229E+00 1.58374E+00 1.48570E+01 
8.04905E+00 1.85141E+00 2.36957E+01 
9.56497E+00 2.14629E+00 3.92727E+01 
1.13699E+01 2.46889E+00 6.77727E+01 
1.35137E+01 2.82026E+00 1.21841E+02 
1.60696E+01 3.20433E+00 2.27548E+02 
1.91885E+01 3.63721E+00 4.36747E+02 
2.32895E+01 4.17783E+00 8.38851E+02 
2.95039E+01 4.98946E+00 1.52868E+03 
3.95582E+01 6.28366E+00 2.45501E+03 
5.32514E+01 7.91514E+00 3.31641E+03 
6.76878E+01 9.37981E+00 3.85791E+03 
1.36295E+00 7.70500E-02 3.57983E-01 
1.39218E+00 9.33792E-02 4.20554E-01 
1.45515E+00 1.22974E-01 4.99973E-01 
1.56637E+00 1.67354E-01 6.01639E-01 
1.71452E+00 2.20754E-01 7.34059E-01 
1.90560E+00 2.84370E-01 9.09519E-01 
2.14592E+00 3.59338E-01 1.14505E+00 
2.37032E+00 4.25886E-01 1.38500E+00 
2.44287E+00 4.46837E-01 1.46723E+00 
2.83577E+00 5.56459E-01 1.95787E+00 
3.31548E+00 6.83184E-01 2.67617E+00 
3.89501E+00 8.28087E-01 3.75448E+00 
4.58916E+00 9.92002E-01 5.41866E+00 
5.41991E+00 1.27266E+00 8.06409E+00 
6.40505E+00 1.49673E+00 1.24061E+01 
7.58764E+00 1.74433E+00 1.97792E+01 
8.99868E+00 2.01596E+00 3.27822E+01 
1.06734E+01 2.31180E+00 5.65564E+01 
1.26568E+01 2.63261E+00 1.01667E+02 
1.50152E+01 2.98186E+00 1.89843E+02 
1.78865E+01 3.37421E+00 3.64425E+02 
2.16558E+01 3.86368E+00 6.99768E+02 
2.73659E+01 4.59991E+00 1.27502E+03 
3.66005E+01 5.77524E+00 2.04757E+03 
4.91477E+01 7.25242E+00 2.76589E+03 
6.23169E+01 8.56827E+00 3.21739E+03 
1.28733E+00 7.20731E-02 2.99114E-01 
1.31653E+00 8.81061E-02 3.51384E-01 
1.37817E+00 1.16886E-01 4.17530E-01 
1.48614E+00 1.59919E-01 5.02512E-01 
1.62898E+00 2.11512E-01 6.13100E-01 
1.81210E+00 2.72719E-01 7.59267E-01 
2.04150E+00 3.44606E-01 9.55782E-01 
2.25500E+00 4.08205E-01 1.15617E+00 
2.32383E+00 4.28176E-01 1.22461E+00 
2.69603E+00 5.32441E-01 1.63424E+00 
3.14866E+00 6.52389E-01 2.23311E+00 
3.69382E+00 7.88963E-01 3.13299E+00 
4.34475E+00 9.42761E-01 4.52079E+00 
5.12438E+00 1.20603E+00 6.72441E+00 
6.04671E+00 1.41387E+00 1.03465E+01 
7.15015E+00 1.64264E+00 1.64954E+01 
8.46229E+00 1.89248E+00 2.73303E+01 
1.00152E+01 2.16341E+00 4.71609E+01 
1.18487E+01 2.45586E+00 8.47581E+01 
1.40228E+01 2.77287E+00 1.58270E+02 
1.66632E+01 3.12779E+00 3.03741E+02 
2.01255E+01 3.57032E+00 5.83387E+02 
2.53684E+01 4.23728E+00 1.06285E+03 
3.38428E+01 5.30321E+00 1.70670E+03 
4.53300E+01 6.63889E+00 2.30537E+03 
5.73326E+01 7.81924E+00 2.68173E+03 
1.21590E+00 6.73653E-02 2.49583E-01 
1.24513E+00 8.31402E-02 2.93231E-01 
1.30553E+00 1.11151E-01 3.48366E-01 
1.41023E+00 1.52873E-01 4.19116E-01 
1.54801E+00 2.02743E-01 5.11424E-01 
1.72362E+00 2.61673E-01 6.33374E-01 
1.94247E+00 3.30576E-01 7.97052E-01 
2.14543E+00 3.91318E-01 9.63970E-01 
2.21077E+00 4.10360E-01 1.02106E+00 
2.56310E+00 5.09460E-01 1.36241E+00 
2.99009E+00 6.22954E-01 1.86170E+00 
3.50252E+00 7.51540E-01 2.61124E+00 
4.11262E+00 8.95733E-01 3.76864E+00 
4.84396E+00 1.14225E+00 5.60505E+00 
5.70661E+00 1.33497E+00 8.62015E+00 
6.73556E+00 1.54614E+00 1.37472E+01 
7.95484E+00 1.77562E+00 2.27736E+01 
9.39342E+00 2.02331E+00 3.92938E+01 
1.10868E+01 2.28946E+00 7.06182E+01 
1.30894E+01 2.57669E+00 1.31874E+02 
1.55154E+01 2.89716E+00 2.53056E+02 
1.86918E+01 3.29641E+00 4.85976E+02 
2.35019E+01 3.89977E+00 8.85475E+02 
3.12730E+01 4.86531E+00 1.42192E+03 
4.17811E+01 6.07147E+00 1.92075E+03 
5.27097E+01 7.12847E+00 2.23439E+03 
1.14847E+00 6.29171E-02 2.08025E-01 
1.17755E+00 7.83919E-02 2.44363E-01 
1.23700E+00 1.05759E-01 2.90370E-01 
1.33859E+00 1.46234E-01 3.49246E-01 
1.47136E+00 1.94424E-01 4.26050E-01 
1.63968E+00 2.51146E-01 5.27588E-01 
1.84855E+00 3.17212E-01 6.64044E-01 
2.04139E+00 3.75206E-01 8.02918E-01 
2.10338E+00 3.93350E-01 8.50530E-01 
2.43680E+00 4.87503E-01 1.13481E+00 
2.83934E+00 5.94806E-01 1.55067E+00 
3.32073E+00 7.15743E-01 2.17467E+00 
3.89199E+00 8.50681E-01 3.13771E+00 
4.57775E+00 1.08156E+00 4.66810E+00 
5.38409E+00 1.25998E+00 7.17801E+00 
6.34250E+00 1.45456E+00 1.14454E+01 
7.47475E+00 1.66503E+00 1.89660E+01 
8.80613E+00 1.89110E+00 3.27138E+01 
1.03689E+01 2.13286E+00 5.88109E+01 
1.22113E+01 2.39257E+00 1.09795E+02 
1.44386E+01 2.68139E+00 2.10746E+02 
1.73503E+01 3.04097E+00 4.04722E+02 
2.17587E+01 3.58586E+00 7.37418E+02 
2.88789E+01 4.45927E+00 1.18424E+03 
3.84827E+01 5.54689E+00 1.59977E+03 
4.84239E+01 6.49185E+00 1.86119E+03 
1.08481E+00 5.87154E-02 1.73241E-01 
1.11376E+00 7.39177E-02 2.03440E-01 
1.17224E+00 1.00654E-01 2.41711E-01 
1.27094E+00 1.39969E-01 2.90779E-01 
1.39890E+00 1.86556E-01 3.54653E-01 
1.56023E+00 2.41162E-01 4.39149E-01 
1.75936E+00 3.04466E-01 5.52637E-01 
1.94263E+00 3.59832E-01 6.68328E-01 
2.00133E+00 3.77097E-01 7.07774E-01 
2.31660E+00 4.66473E-01 9.44212E-01 
2.69588E+00 5.67837E-01 1.29026E+00 
3.14790E+00 6.81522E-01 1.80970E+00 
3.68254E+00 8.07614E-01 2.61095E+00 
4.32493E+00 1.02370E+00 3.88463E+00 
5.07815E+00 1.18868E+00 5.97449E+00 
5.97017E+00 1.36769E+00 9.52488E+00 
7.02054E+00 1.56040E+00 1.57843E+01 
8.25175E+00 1.76636E+00 2.72293E+01 
9.69244E+00 1.98554E+00 4.89518E+01 
1.13862E+01 2.21992E+00 9.14018E+01 
1.34284E+01 2.47960E+00 1.75429E+02 
1.60949E+01 2.80282E+00 3.36952E+02 
2.01320E+01 3.29414E+00 6.13997E+02 
2.66496E+01 4.08303E+00 9.86111E+02 
3.54195E+01 5.06237E+00 1.33231E+03 
4.44535E+01 5.90569E+00 1.55025E+03 
1.02474E+00 5.47480E-02 1.44098E-01 
1.05373E+00 6.97530E-02 1.69240E-01 
1.11111E+00 9.58375E-02 2.00996E-01 
1.20703E+00 1.34049E-01 2.41855E-01 
1.33032E+00 1.79099E-01 2.94959E-01 
1.48493E+00 2.31675E-01 3.65308E-01 
1.67481E+00 2.92332E-01 4.59726E-01 
1.84878E+00 3.45147E-01 5.55835E-01 
1.90452E+00 3.61605E-01 5.88888E-01 
2.20253E+00 4.46412E-01 7.85531E-01 
2.55967E+00 5.42088E-01 1.07347E+00 
2.98376E+00 6.48829E-01 1.50547E+00 
3.48365E+00 7.66549E-01 2.17182E+00 
4.08494E+00 9.68505E-01 3.23144E+00 
4.78794E+00 1.12086E+00 4.97025E+00 
5.61753E+00 1.28531E+00 7.92529E+00 
6.59101E+00 1.46144E+00 1.31326E+01 
7.72850E+00 1.64873E+00 2.26608E+01 
9.05528E+00 1.84702E+00 4.07341E+01 
1.06108E+01 2.05805E+00 7.60802E+01 
1.24817E+01 2.29103E+00 1.46042E+02 
1.49208E+01 2.58092E+00 2.80504E+02 
1.86145E+01 3.02321E+00 5.11227E+02 
2.45753E+01 3.73472E+00 8.21190E+02 
3.25760E+01 4.61522E+00 1.10966E+03 
4.07770E+01 5.36637E+00 1.29140E+03 
9.68092E-01 5.10080E-02 1.19785E-01 
9.97025E-01 6.58017E-02 1.40702E-01 
1.05364E+00 9.13593E-02 1.67132E-01 
1.14666E+00 1.28474E-01 2.01062E-01 
1.26555E+00 1.72064E-01 2.45285E-01 
1.41356E+00 2.22650E-01 3.03651E-01 
1.59456E+00 2.80767E-01 3.82265E-01 
1.75967E+00 3.31136E-01 4.62154E-01 
1.81243E+00 3.46783E-01 4.89595E-01 
2.09400E+00 4.27203E-01 6.53218E-01 
2.43008E+00 5.17442E-01 8.92702E-01 
2.82776E+00 6.17589E-01 1.25211E+00 
3.29499E+00 7.27542E-01 1.80682E+00 
3.85721E+00 9.16051E-01 2.68759E+00 
4.51275E+00 1.05641E+00 4.13462E+00 
5.28354E+00 1.20720E+00 6.59323E+00 
6.18496E+00 1.36788E+00 1.09272E+01 
7.23477E+00 1.53784E+00 1.88558E+01 
8.45553E+00 1.71684E+00 3.39046E+01 
9.88228E+00 1.90637E+00 6.33204E+01 
1.15943E+01 2.11489E+00 1.21578E+02 
1.38237E+01 2.37436E+00 2.33582E+02 
1.71993E+01 2.77174E+00 4.25745E+02 
2.26460E+01 3.41247E+00 6.83992E+02 
2.99378E+01 4.20278E+00 9.24429E+02 
3.73746E+01 4.87056E+00 1.07607E+03 
9.14690E-01 4.74813E-02 9.95565E-02 
9.43495E-01 6.20590E-02 1.16915E-01 
9.99488E-01 8.71639E-02 1.38944E-01 
1.08969E+00 1.23227E-01 1.67099E-01 
1.20424E+00 1.65395E-01 2.03864E-01 
1.34605E+00 2.14106E-01 2.52478E-01 
1.51835E+00 2.69737E-01 3.17714E-01 
1.67505E+00 3.17760E-01 3.84246E-01 
1.72497E+00 3.32634E-01 4.06989E-01 
1.99074E+00 4.08813E-01 5.42970E-01 
2.30677E+00 4.93836E-01 7.42082E-01 
2.67940E+00 5.87655E-01 1.04114E+00 
3.11572E+00 6.90087E-01 1.50268E+00 
3.64116E+00 8.65903E-01 2.23593E+00 
4.25179E+00 9.95107E-01 3.43925E+00 
4.96735E+00 1.13317E+00 5.48632E+00 
5.80114E+00 1.27946E+00 9.09208E+00 
6.76906E+00 1.43335E+00 1.56942E+01 
7.89087E+00 1.59453E+00 2.82189E+01 
9.19838E+00 1.76435E+00 5.27205E+01 
1.07632E+01 1.95047E+00 1.01233E+02 
1.27982E+01 2.18212E+00 1.94533E+02 
1.58802E+01 2.53848E+00 3.54654E+02 
2.08526E+01 3.11457E+00 5.69912E+02 
2.74919E+01 3.82280E+00 7.70434E+02 
3.42282E+01 4.41520E+00 8.97027E+02 
8.64430E-01 4.41712E-02 8.27523E-02 
8.93092E-01 5.85559E-02 9.71499E-02 
9.48316E-01 8.31768E-02 1.15471E-01 
1.03601E+00 1.18303E-01 1.38917E-01 
1.14632E+00 1.59103E-01 1.69447E-01 
1.28201E+00 2.05977E-01 2.09844E-01 
1.44617E+00 2.59254E-01 2.64213E-01 
1.59465E+00 3.04991E-01 3.19454E-01 
1.64192E+00 3.19129E-01 3.38465E-01 
1.89274E+00 3.91276E-01 4.51638E-01 
2.18966E+00 4.71280E-01 6.17206E-01 
2.53849E+00 5.59031E-01 8.66058E-01 
2.94548E+00 6.54271E-01 1.24972E+00 
3.43610E+00 8.18200E-01 1.86019E+00 
4.00451E+00 9.36911E-01 2.86221E+00 
4.66799E+00 1.06303E+00 4.56547E+00 
5.43854E+00 1.19593E+00 7.56905E+00 
6.32993E+00 1.33494E+00 1.30659E+01 
7.35987E+00 1.47972E+00 2.34991E+01 
8.55646E+00 1.63143E+00 4.39091E+01 
9.98513E+00 1.79709E+00 8.43364E+01 
1.18407E+01 2.00339E+00 1.62095E+02 
1.46518E+01 2.32233E+00 2.95575E+02 
1.91861E+01 2.83936E+00 4.75082E+02 
2.52252E+01 3.47292E+00 6.42408E+02 
3.13199E+01 3.99731E+00 7.48169E+02 
8.17098E-01 4.10591E-02 6.87809E-02 
8.45811E-01 5.53380E-02 8.07852E-02 
9.00463E-01 7.95633E-02 9.60151E-02 
9.85381E-01 1.13690E-01 1.15477E-01 
1.09162E+00 1.53182E-01 1.40911E-01 
1.22145E+00 1.98291E-01 1.74512E-01 
1.37761E+00 2.49262E-01 2.19711E-01 
1.51834E+00 2.92817E-01 2.65714E-01 
1.56301E+00 3.06235E-01 2.81480E-01 
1.79947E+00 3.74473E-01 3.75658E-01 
2.07829E+00 4.49703E-01 5.13498E-01 
2.40461E+00 5.31736E-01 7.20576E-01 
2.78405E+00 6.20226E-01 1.04010E+00 
3.24155E+00 7.72807E-01 1.54792E+00 
3.77008E+00 8.81628E-01 2.38260E+00 
4.38468E+00 9.96590E-01 3.80043E+00 
5.09600E+00 1.11705E+00 6.30312E+00 
5.91603E+00 1.24230E+00 1.08817E+01 
6.86036E+00 1.37196E+00 1.95766E+01 
7.95425E+00 1.50709E+00 3.65882E+01 
9.25694E+00 1.65408E+00 7.02873E+01 
1.09469E+01 1.83730E+00 1.35130E+02 
1.35083E+01 2.12219E+00 2.46478E+02 
1.76389E+01 2.58536E+00 3.96264E+02 
2.31260E+01 3.15107E+00 5.35975E+02 
2.86337E+01 3.61420E+00 6.24403E+02 
7.72557E-01 3.81403E-02 5.71514E-02 
8.01247E-01 5.22993E-02 6.71575E-02 
8.55228E-01 7.61312E-02 7.98065E-02 
9.37665E-01 1.09375E-01 9.60223E-02 
1.03992E+00 1.47601E-01 1.17176E-01 
1.16413E+00 1.91012E-01 1.45181E-01 
1.31255E+00 2.39749E-01 1.82717E-01 
1.44585E+00 2.81199E-01 2.21080E-01 
1.48802E+00 2.93927E-01 2.34158E-01 
1.71076E+00 3.58398E-01 3.12521E-01 
1.97236E+00 4.29053E-01 4.27285E-01 
2.27735E+00 5.05639E-01 5.99614E-01 
2.63078E+00 5.87726E-01 8.65920E-01 
3.05707E+00 7.29510E-01 1.28894E+00 
3.54803E+00 8.29106E-01 1.98415E+00 
4.11679E+00 9.33695E-01 3.16634E+00 
4.77255E+00 1.04259E+00 5.25068E+00 
5.52605E+00 1.15512E+00 9.06919E+00 
6.39082E+00 1.27090E+00 1.63161E+01 
7.38951E+00 1.39087E+00 3.05012E+01 
8.57588E+00 1.52086E+00 5.86163E+01 
1.01130E+01 1.68308E+00 1.12710E+02 
1.24440E+01 1.93693E+00 2.05653E+02 
1.62032E+01 2.35116E+00 3.30740E+02 
2.11833E+01 2.85531E+00 4.47486E+02 
2.61544E+01 3.26332E+00 5.21481E+02 
7.30763E-01 3.54285E-02 4.75442E-02 
7.59300E-01 4.94495E-02 5.58581E-02 
8.12761E-01 7.29582E-02 6.63915E-02 
8.92750E-01 1.05361E-01 7.98852E-02 
9.91135E-01 1.42365E-01 9.74875E-02 
1.10981E+00 1.84120E-01 1.20782E-01 
1.25090E+00 2.30718E-01 1.52085E-01 
1.37698E+00 2.70121E-01 1.83973E-01 
1.41685E+00 2.82199E-01 1.94937E-01 
1.62655E+00 3.43073E-01 2.60206E-01 
1.87178E+00 4.09342E-01 3.55836E-01 
2.15650E+00 4.80675E-01 4.99347E-01 
2.48530E+00 5.56666E-01 7.21150E-01 
2.88211E+00 6.88335E-01 1.07372E+00 
3.33755E+00 7.79240E-01 1.65290E+00 
3.86329E+00 8.74146E-01 2.63876E+00 
4.46720E+00 9.72323E-01 4.37689E+00 
5.15869E+00 1.07313E+00 7.56073E+00 
5.94977E+00 1.17619E+00 1.36100E+01 
6.86027E+00 1.28230E+00 2.54473E+01 
7.93919E+00 1.39683E+00 4.89133E+01 
9.33566E+00 1.54003E+00 9.40888E+01 
1.14542E+01 1.76566E+00 1.71709E+02 
1.48716E+01 2.13534E+00 2.76239E+02 
1.93865E+01 2.58374E+00 3.73882E+02 
2.38673E+01 2.94226E+00 4.35859E+02 
6.91594E-01 3.29168E-02 3.95696E-02 
7.20036E-01 4.68552E-02 4.64848E-02 
7.73046E-01 7.01014E-02 5.52598E-02 
8.50578E-01 1.01667E-01 6.65087E-02 
9.45136E-01 1.37477E-01 8.11618E-02 
1.05842E+00 1.77619E-01 1.00543E-01 
1.19247E+00 2.22154E-01 1.26668E-01 
1.31161E+00 2.59577E-01 1.53198E-01 
1.34919E+00 2.71002E-01 1.62319E-01 
1.54644E+00 3.28413E-01 2.16739E-01 
1.77604E+00 3.90470E-01 2.96368E-01 
2.04169E+00 4.56833E-01 4.16084E-01 
2.34730E+00 5.26989E-01 6.00936E-01 
2.71627E+00 6.49106E-01 8.95071E-01 
3.13831E+00 7.31943E-01 1.37810E+00 
3.62362E+00 8.17815E-01 2.20015E+00 
4.17916E+00 9.06081E-01 3.65108E+00 
4.81286E+00 9.96073E-01 6.30726E+00 
5.53534E+00 1.08743E+00 1.13566E+01 
6.36444E+00 1.18094E+00 2.12442E+01 
7.34428E+00 1.28145E+00 4.08435E+01 
8.61116E+00 1.40740E+00 7.85920E+01 
1.05349E+01 1.60750E+00 1.43487E+02 
1.36375E+01 1.93671E+00 2.30909E+02 
1.77257E+01 2.33465E+00 3.12638E+02 
2.17594E+01 2.64881E+00 3.64602E+02 
6.54920E-01 3.06074E-02 3.29413E-02 
6.83162E-01 4.44495E-02 3.86998E-02 
7.35857E-01 6.75038E-02 4.60137E-02 
8.10900E-01 9.82614E-02 5.53826E-02 
9.01769E-01 1.32927E-01 6.76081E-02 
1.00986E+00 1.71515E-01 8.37559E-02 
1.13699E+00 2.14021E-01 1.05507E-01 
1.24956E+00 2.49543E-01 1.27654E-01 
1.28496E+00 2.60350E-01 1.35242E-01 
1.47026E+00 3.14408E-01 1.80588E-01 
1.68508E+00 3.72433E-01 2.46999E-01 
1.93264E+00 4.34051E-01 3.46855E-01 
2.21640E+00 4.98813E-01 5.01079E-01 
2.55899E+00 6.11857E-01 7.46377E-01 
2.94973E+00 6.87101E-01 1.14981E+00 
3.39718E+00 7.64571E-01 1.83591E+00 
3.90745E+00 8.43637E-01 3.04753E+00 
4.48745E+00 9.23682E-01 5.26658E+00 
5.14641E+00 1.00436E+00 9.48469E+00 
5.90016E+00 1.08638E+00 1.77451E+01 
6.78874E+00 1.17419E+00 3.41325E+01 
7.93642E+00 1.28455E+00 6.56984E+01 
9.68061E+00 1.46148E+00 1.19991E+02 
1.24947E+01 1.75405E+00 1.93180E+02 
1.61920E+01 2.10642E+00 2.61661E+02 
1.98180E+01 2.38091E+00 3.05278E+02 
6.20631E-01 2.85118E-02 2.74378E-02 
6.48664E-01 4.22721E-02 3.22449E-02 
7.00967E-01 6.51510E-02 3.83311E-02 
7.73643E-01 9.51615E-02 4.61318E-02 
8.60864E-01 1.28712E-01 5.63277E-02 
9.63955E-01 1.65791E-01 6.98153E-02 
1.08439E+00 2.06325E-01 8.79224E-02 
1.19063E+00 2.40004E-01 1.06411E-01 
1.22397E+00 2.50222E-01 1.12753E-01 
1.39791E+00 3.01065E-01 1.50587E-01 
1.59867E+00 3.55230E-01 2.06026E-01 
1.82908E+00 4.12327E-01 2.89317E-01 
2.09223E+00 4.71707E-01 4.18082E-01 
2.40997E+00 5.76318E-01 6.22822E-01 
2.77115E+00 6.44536E-01 9.59643E-01 
3.18313E+00 7.14209E-01 1.53287E+00 
3.65120E+00 7.84799E-01 2.54495E+00 
4.18135E+00 8.55716E-01 4.40065E+00 
4.78150E+00 9.26647E-01 7.92698E+00 
5.46577E+00 9.98242E-01 1.48378E+01 
6.27029E+00 1.07457E+00 2.85480E+01 
7.30851E+00 1.17087E+00 5.49718E+01 
8.88795E+00 1.32687E+00 1.00437E+02 
1.14368E+01 1.58623E+00 1.61768E+02 
1.47766E+01 1.89753E+00 2.19212E+02 
1.80313E+01 2.13659E+00 2.55864E+02 
5.88667E-01 2.66389E-02 2.28682E-02 
6.16479E-01 4.03393E-02 2.68744E-02 
6.68534E-01 6.31471E-02 3.19564E-02 
7.38785E-01 9.24027E-02 3.84732E-02 
8.22378E-01 1.24849E-01 4.69653E-02 
9.20552E-01 1.60443E-01 5.82183E-02 
1.03460E+00 1.99082E-01 7.33443E-02 
1.13470E+00 2.30964E-01 8.87595E-02 
1.16603E+00 2.40598E-01 9.40367E-02 
1.32912E+00 2.88334E-01 1.25633E-01 
1.51657E+00 3.38830E-01 1.71948E-01 
1.73076E+00 3.91615E-01 2.41499E-01 
1.97453E+00 4.46394E-01 3.49037E-01 
2.26886E+00 5.42792E-01 5.20215E-01 
2.60227E+00 6.04234E-01 8.01817E-01 
2.98109E+00 6.66664E-01 1.28113E+00 
3.40977E+00 7.29415E-01 2.12713E+00 
3.89357E+00 7.91949E-01 3.67995E+00 
4.43927E+00 8.53988E-01 6.63002E+00 
5.05944E+00 9.16131E-01 1.24164E+01 
5.78672E+00 9.82118E-01 2.38992E+01 
6.72444E+00 1.06576E+00 4.60382E+01 
8.15281E+00 1.20288E+00 8.41569E+01 
1.04585E+01 1.43224E+00 1.35605E+02 
1.34711E+01 1.70653E+00 1.83842E+02 
1.63883E+01 1.91405E+00 2.14685E+02 
5.58955E-01 2.49998E-02 1.90792E-02 
5.86587E-01 3.86926E-02 2.24226E-02 
6.38299E-01 6.14539E-02 2.66573E-02 
7.06150E-01 8.99729E-02 3.20980E-02 
7.86202E-01 1.21347E-01 3.91896E-02 
8.79570E-01 1.55494E-01 4.85839E-02 
9.87434E-01 1.92268E-01 6.12246E-02 
1.08164E+00 2.22412E-01 7.40888E-02 
1.11109E+00 2.31486E-01 7.85167E-02 
1.26376E+00 2.76222E-01 1.04888E-01 
1.43849E+00 3.23143E-01 1.43576E-01 
1.63746E+00 3.71790E-01 2.01785E-01 
1.86292E+00 4.21868E-01 2.91640E-01 
2.13513E+00 5.10767E-01 4.34753E-01 
2.44246E+00 5.66046E-01 6.70207E-01 
2.79032E+00 6.21775E-01 1.07143E+00 
3.18240E+00 6.77302E-01 1.77997E+00 
3.62316E+00 7.32164E-01 3.07970E+00 
4.11858E+00 7.86111E-01 5.55198E+00 
4.67966E+00 8.39714E-01 1.03995E+01 
5.33602E+00 8.96396E-01 2.00274E+01 
6.18167E+00 9.68675E-01 3.86002E+01 
7.47138E+00 1.08877E+00 7.05894E+01 
9.55461E+00 1.29109E+00 1.13802E+02 
1.22685E+01 1.53215E+00 1.54367E+02 
1.48790E+01 1.71162E+00 1.80357E+02 
5.31408E-01 2.36243E-02 1.59218E-02 
5.58692E-01 3.72692E-02 1.87155E-02 
6.10271E-01 6.01210E-02 2.22506E-02 
6.75656E-01 8.79040E-02 2.67962E-02 
7.52200E-01 1.18218E-01 3.27215E-02 
8.40866E-01 1.50933E-01 4.05676E-02 
9.42739E-01 1.85896E-01 5.11332E-02 
1.03131E+00 2.14343E-01 6.18971E-02 
1.05890E+00 2.22867E-01 6.55845E-02 
1.20170E+00 2.64713E-01 8.76472E-02 
1.36437E+00 3.08217E-01 1.19983E-01 
1.54884E+00 3.52994E-01 1.68653E-01 
1.75713E+00 3.98272E-01 2.43892E-01 
2.00858E+00 4.80218E-01 3.63696E-01 
2.29144E+00 5.29905E-01 5.60811E-01 
2.61027E+00 5.79401E-01 8.96744E-01 
2.96828E+00 6.28292E-01 1.49067E+00 
3.36922E+00 6.76149E-01 2.57992E+00 
3.81824E+00 7.22757E-01 4.65427E+00 
4.32498E+00 7.68657E-01 8.72116E+00 
4.91620E+00 8.16983E-01 1.68023E+01 
5.67745E+00 8.79076E-01 3.23987E+01 
6.84041E+00 9.83896E-01 5.92845E+01 
8.71995E+00 1.16185E+00 9.56311E+01 
1.11612E+01 1.37310E+00 1.29789E+02 
1.34934E+01 1.52770E+00 1.51723E+02 
5.05962E-01 2.25422E-02 1.32964E-02 
5.32686E-01 3.60809E-02 1.56301E-02 
5.84293E-01 5.91528E-02 1.85886E-02 
6.47191E-01 8.62180E-02 2.23840E-02 
7.20288E-01 1.15483E-01 2.73429E-02 
8.04382E-01 1.46792E-01 3.39062E-02 
9.00395E-01 1.79958E-01 4.27323E-02 
9.83565E-01 2.06757E-01 5.17481E-02 
1.00943E+00 2.14765E-01 5.48369E-02 
1.14278E+00 2.53809E-01 7.33058E-02 
1.29403E+00 2.94064E-01 1.00387E-01 
1.46479E+00 3.35101E-01 1.41101E-01 
1.65701E+00 3.76618E-01 2.04157E-01 
1.88885E+00 4.51548E-01 3.04599E-01 
2.14880E+00 4.95735E-01 4.69897E-01 
2.44058E+00 5.39468E-01 7.51694E-01 
2.76688E+00 5.82253E-01 1.24973E+00 
3.13091E+00 6.23708E-01 2.16392E+00 
3.53707E+00 6.63661E-01 3.90513E+00 
3.99394E+00 7.02638E-01 7.32337E+00 
4.52553E+00 7.43500E-01 1.41158E+01 
5.20963E+00 7.96499E-01 2.72331E+01 
6.25658E+00 8.87608E-01 4.98594E+01 
7.94985E+00 1.04366E+00 8.04743E+01 
1.01427E+01 1.22821E+00 1.09284E+02 
1.22228E+01 1.36084E+00 1.27830E+02 
4.82559E-01 2.17836E-02 1.11194E-02 
5.08731E-01 3.52417E-02 1.30678E-02 
5.60332E-01 5.86265E-02 1.55450E-02 
6.20734E-01 8.49606E-02 1.87196E-02 
6.90364E-01 1.13167E-01 2.28665E-02 
7.69982E-01 1.43077E-01 2.83647E-02 
8.60377E-01 1.74486E-01 3.57597E-02 
9.38296E-01 1.99664E-01 4.33006E-02 
9.62464E-01 2.07152E-01 4.58884E-02 
1.08678E+00 2.43470E-01 6.13536E-02 
1.22716E+00 2.80568E-01 8.40426E-02 
1.38513E+00 3.18063E-01 1.18209E-01 
1.56214E+00 3.55610E-01 1.71069E-01 
1.77557E+00 4.24262E-01 2.55335E-01 
2.01402E+00 4.63418E-01 3.94064E-01 
2.28058E+00 5.01832E-01 6.30653E-01 
2.57757E+00 5.39033E-01 1.04929E+00 
2.90749E+00 5.74661E-01 1.81795E+00 
3.27415E+00 6.08598E-01 3.28189E+00 
3.68517E+00 6.41360E-01 6.15691E+00 
4.16222E+00 6.75565E-01 1.18760E+01 
4.77586E+00 7.20468E-01 2.29263E+01 
5.71688E+00 7.99315E-01 4.19993E+01 
7.24020E+00 9.35729E-01 6.78312E+01 
9.20691E+00 1.09645E+00 9.21748E+01 
1.10589E+01 1.20969E+00 1.07882E+02 
4.61087E-01 2.13658E-02 9.30651E-03 
4.86809E-01 3.48085E-02 1.09371E-02 
5.38210E-01 5.85481E-02 1.30096E-02 
5.96149E-01 8.41558E-02 1.56725E-02 
6.62336E-01 1.11291E-01 1.91446E-02 
7.37542E-01 1.39803E-01 2.37475E-02 
8.22501E-01 1.69471E-01 2.99549E-02 
8.95395E-01 1.93066E-01 3.62768E-02 
9.17956E-01 2.00049E-01 3.84467E-02 
1.03367E+00 2.33729E-01 5.14245E-02 
1.16380E+00 2.67790E-01 7.04746E-02 
1.30959E+00 3.01876E-01 9.91508E-02 
1.47233E+00 3.35333E-01 1.43529E-01 
1.66844E+00 3.98192E-01 2.14275E-01 
1.88686E+00 4.32908E-01 3.30954E-01 
2.12997E+00 4.66413E-01 5.29928E-01 
2.39961E+00 4.98468E-01 8.82106E-01 
2.69804E+00 5.28807E-01 1.52914E+00 
3.02847E+00 5.57338E-01 2.76272E+00 
3.39747E+00 5.84541E-01 5.18523E+00 
3.82462E+00 6.12825E-01 1.00079E+01 
4.37398E+00 6.50539E-01 1.93323E+01 
5.21838E+00 7.18447E-01 3.54407E+01 
6.58675E+00 8.37291E-01 5.72791E+01 
8.34788E+00 9.76768E-01 7.78880E+01 
9.99369E+00 1.07297E+00 9.12197E+01 
4.41540E-01 2.13792E-02 7.79567E-03 
4.66605E-01 3.47299E-02 9.16398E-03 
5.18006E-01 5.90359E-02 1.08997E-02 
5.73344E-01 8.38564E-02 1.31339E-02 
6.36137E-01 1.09905E-01 1.60506E-02 
7.07019E-01 1.37005E-01 1.99111E-02 
7.86663E-01 1.64935E-01 2.51174E-02 
8.54731E-01 1.86968E-01 3.04266E-02 
8.75765E-01 1.93462E-01 3.22537E-02 
9.83299E-01 2.24573E-01 4.31623E-02 
1.10368E+00 2.55716E-01 5.91687E-02 
1.23802E+00 2.86531E-01 8.32757E-02 
1.38747E+00 3.16811E-01 1.20625E-01 
1.56733E+00 3.73844E-01 1.80210E-01 
1.76696E+00 4.04100E-01 2.78432E-01 
1.98820E+00 4.33082E-01 4.46113E-01 
2.23259E+00 4.60454E-01 7.42854E-01 
2.50201E+00 4.86001E-01 1.28863E+00 
2.79906E+00 5.09659E-01 2.32935E+00 
3.12964E+00 5.31912E-01 4.37617E+00 
3.51129E+00 5.54958E-01 8.45049E+00 
4.00207E+00 5.86308E-01 1.63345E+01 
4.75848E+00 6.44487E-01 2.99666E+01 
5.98564E+00 7.47632E-01 4.84662E+01 
7.56014E+00 8.68228E-01 6.59521E+01 
9.01992E+00 9.49496E-01 7.72919E+01 
4.23842E-01 2.18683E-02 6.53880E-03 
4.48080E-01 3.50555E-02 7.68808E-03 
4.99571E-01 6.01201E-02 9.14494E-03 
5.52201E-01 8.40927E-02 1.10206E-02 
6.11616E-01 1.09024E-01 1.34723E-02 
6.78288E-01 1.34700E-01 1.67195E-02 
7.52830E-01 1.60912E-01 2.10983E-02 
8.16257E-01 1.81391E-01 2.55672E-02 
8.35781E-01 1.87389E-01 2.70970E-02 
9.35488E-01 2.15986E-01 3.62698E-02 
1.04669E+00 2.44316E-01 4.97554E-02 
1.17026E+00 2.72034E-01 7.00624E-02 
1.30723E+00 2.98955E-01 1.01548E-01 
1.47186E+00 3.50796E-01 1.51788E-01 
1.65392E+00 3.76941E-01 2.34650E-01 
1.85488E+00 4.01745E-01 3.76199E-01 
2.07598E+00 4.24854E-01 6.26931E-01 
2.31859E+00 4.46055E-01 1.08815E+00 
2.58507E+00 4.65354E-01 1.96838E+00 
2.88051E+00 4.83212E-01 3.69993E+00 
3.22074E+00 5.01642E-01 7.15120E+00 
3.65828E+00 5.27391E-01 1.38329E+01 
4.33460E+00 5.76933E-01 2.53951E+01 
5.43338E+00 6.66100E-01 4.11046E+01 
6.83865E+00 7.69947E-01 5.59742E+01 
8.13089E+00 8.38184E-01 6.56431E+01 
4.07621E-01 2.28743E-02 5.48004E-03 
4.30942E-01 3.58640E-02 6.44191E-03 
4.82442E-01 6.18614E-02 7.66554E-03 
5.32354E-01 8.49407E-02 9.23721E-03 
5.88350E-01 1.08688E-01 1.12955E-02 
6.50838E-01 1.32889E-01 1.40240E-02 
7.20318E-01 1.57321E-01 1.77005E-02 
7.79236E-01 1.76240E-01 2.14603E-02 
7.97353E-01 1.81760E-01 2.27494E-02 
8.89501E-01 2.07852E-01 3.04613E-02 
9.91848E-01 2.33376E-01 4.18075E-02 
1.10516E+00 2.58052E-01 5.89180E-02 
1.23025E+00 2.81458E-01 8.54219E-02 
1.38038E+00 3.28393E-01 1.27749E-01 
1.54594E+00 3.50970E-01 1.97698E-01 
1.72781E+00 3.71886E-01 3.17131E-01 
1.92695E+00 3.91023E-01 5.28821E-01 
2.14467E+00 4.08267E-01 9.18741E-01 
2.38270E+00 4.23614E-01 1.66303E+00 
2.64560E+00 4.37528E-01 3.12797E+00 
2.94754E+00 4.51844E-01 6.05053E+00 
3.33605E+00 4.72611E-01 1.17141E+01 
3.93851E+00 5.14402E-01 2.15216E+01 
4.91906E+00 5.90977E-01 3.48621E+01 
6.16887E+00 6.79805E-01 4.75099E+01 
7.30818E+00 7.36538E-01 5.57544E+01 
3.93323E-01 2.44487E-02 4.61304E-03 
4.15903E-01 3.73220E-02 5.42325E-03 
4.66902E-01 6.41704E-02 6.45448E-03 
5.14337E-01 8.64288E-02 7.78109E-03 
5.66969E-01 1.08946E-01 9.51610E-03 
6.25409E-01 1.31638E-01 1.18195E-02 
6.90084E-01 1.54298E-01 1.49227E-02 
7.44749E-01 1.71692E-01 1.80975E-02 
7.61539E-01 1.76740E-01 1.91904E-02 
8.46644E-01 2.00404E-01 2.57158E-02 
9.40767E-01 2.23272E-01 3.53017E-02 
1.04464E+00 2.45095E-01 4.97939E-02 
1.15882E+00 2.65667E-01 7.22393E-02 
1.29566E+00 3.07833E-01 1.08152E-01 
1.44600E+00 3.26891E-01 1.67416E-01 
1.61044E+00 3.44292E-01 2.68695E-01 
1.78981E+00 3.59911E-01 4.48578E-01 
1.98491E+00 3.73636E-01 7.79757E-01 
2.19743E+00 3.85536E-01 1.41281E+00 
2.43116E+00 3.96037E-01 2.65957E+00 
2.69892E+00 4.06824E-01 5.14759E+00 
3.04363E+00 4.23304E-01 9.97285E+00 
3.58032E+00 4.58393E-01 1.83383E+01 
4.45535E+00 5.23996E-01 2.97288E+01 
5.56697E+00 5.99804E-01 4.05447E+01 
6.57122E+00 6.46741E-01 4.76108E+01 
3.80611E-01 2.66873E-02 3.88896E-03 
4.02071E-01 3.92017E-02 4.57418E-03 
4.52969E-01 6.73745E-02 5.44591E-03 
4.97616E-01 8.85680E-02 6.56689E-03 
5.46941E-01 1.09784E-01 8.03500E-03 
6.01452E-01 1.30925E-01 9.98461E-03 
6.61546E-01 1.51802E-01 1.26171E-02 
7.12102E-01 1.67646E-01 1.53021E-02 
7.27586E-01 1.72209E-01 1.62260E-02 
8.06029E-01 1.93489E-01 2.17595E-02 
8.92460E-01 2.13790E-01 2.99004E-02 
9.87403E-01 2.32881E-01 4.21840E-02 
1.09148E+00 2.50673E-01 6.12671E-02 
1.21582E+00 2.88459E-01 9.17745E-02 
1.35205E+00 3.04207E-01 1.42173E-01 
1.50046E+00 3.18403E-01 2.28450E-01 
1.66153E+00 3.30816E-01 3.81612E-01 
1.83599E+00 3.41403E-01 6.63887E-01 
2.02509E+00 3.50239E-01 1.20362E+00 
2.23234E+00 3.57759E-01 2.26784E+00 
2.46914E+00 3.65488E-01 4.39310E+00 
2.77425E+00 3.78253E-01 8.51758E+00 
3.25134E+00 4.07456E-01 1.56746E+01 
4.03083E+00 4.63370E-01 2.54306E+01 
5.01774E+00 5.27735E-01 3.47070E+01 
5.90099E+00 5.66232E-01 4.07803E+01 
3.69371E-01 2.96415E-02 3.28780E-03 
3.89577E-01 4.16844E-02 3.86702E-03 
4.40373E-01 7.14786E-02 4.60530E-03 
4.82120E-01 9.14149E-02 5.55690E-03 
5.28154E-01 1.11219E-01 6.80177E-03 
5.78827E-01 1.30730E-01 8.45606E-03 
6.34488E-01 1.49776E-01 1.06920E-02 
6.81179E-01 1.64070E-01 1.29780E-02 
6.95451E-01 1.68164E-01 1.37624E-02 
7.67552E-01 1.87071E-01 1.84659E-02 
8.46705E-01 2.04830E-01 2.53965E-02 
9.33395E-01 2.21294E-01 3.58652E-02 
1.02799E+00 2.36180E-01 5.21234E-02 
1.14067E+00 2.69885E-01 7.81298E-02 
1.26391E+00 2.82853E-01 1.21190E-01 
1.39744E+00 2.94095E-01 1.94890E-01 
1.54169E+00 3.03615E-01 3.25738E-01 
1.69724E+00 3.11403E-01 5.67187E-01 
1.86509E+00 3.17551E-01 1.02923E+00 
2.04827E+00 3.22481E-01 1.94058E+00 
2.25702E+00 3.27575E-01 3.76186E+00 
2.52639E+00 3.37141E-01 7.30031E+00 
2.94957E+00 3.61199E-01 1.34439E+01 
3.64272E+00 4.08588E-01 2.18275E+01 
4.51726E+00 4.62933E-01 2.98089E+01 
5.29227E+00 4.94194E-01 3.50437E+01 
3.59419E-01 3.33035E-02 2.78664E-03 
3.78603E-01 4.49420E-02 3.27916E-03 
4.28769E-01 7.63773E-02 3.90599E-03 
4.67659E-01 9.49262E-02 4.71662E-03 
5.10477E-01 1.13226E-01 5.77615E-03 
5.57446E-01 1.31030E-01 7.18646E-03 
6.08834E-01 1.48183E-01 9.08998E-03 
6.51835E-01 1.60904E-01 1.10422E-02 
6.64958E-01 1.64526E-01 1.17115E-02 
7.31104E-01 1.81084E-01 1.57293E-02 
8.03471E-01 1.96386E-01 2.16492E-02 
8.82411E-01 2.10306E-01 3.05993E-02 
9.68238E-01 2.22713E-01 4.45154E-02 
1.07012E+00 2.52532E-01 6.68056E-02 
1.18121E+00 2.62702E-01 1.03657E-01 
1.30103E+00 2.71258E-01 1.66854E-01 
1.42993E+00 2.78189E-01 2.79157E-01 
1.56818E+00 2.83490E-01 4.86467E-01 
1.71669E+00 2.87293E-01 8.83548E-01 
1.87804E+00 2.89987E-01 1.66724E+00 
2.06147E+00 2.92836E-01 3.23384E+00 
2.29857E+00 2.99662E-01 6.28017E+00 
2.67315E+00 3.19254E-01 1.15737E+01 
3.28836E+00 3.59169E-01 1.88033E+01 
4.06183E+00 4.04773E-01 2.56934E+01 
4.74022E+00 4.29869E-01 3.02184E+01 
3.50581E-01 3.76723E-02 2.36809E-03 
3.68524E-01 4.86806E-02 2.78840E-03 
4.17487E-01 8.15856E-02 3.32445E-03 
4.53997E-01 9.90408E-02 4.01591E-03 
4.93700E-01 1.15722E-01 4.92235E-03 
5.37105E-01 1.31740E-01 6.12835E-03 
5.84447E-01 1.46945E-01 7.76000E-03 
6.23937E-01 1.58078E-01 9.42985E-03 
6.35969E-01 1.61219E-01 1.00037E-02 
6.96526E-01 1.75451E-01 1.34486E-02 
7.62537E-01 1.88356E-01 1.85311E-02 
8.34240E-01 1.99828E-01 2.62095E-02 
9.11956E-01 2.09904E-01 3.81768E-02 
1.00370E+00 2.36069E-01 5.73329E-02 
1.10358E+00 2.43625E-01 8.90435E-02 
1.21086E+00 2.49754E-01 1.43463E-01 
1.32557E+00 2.54351E-01 2.40245E-01 
1.44807E+00 2.57469E-01 4.19013E-01 
1.57895E+00 2.59234E-01 7.61398E-01 
1.72055E+00 2.60025E-01 1.43786E+00 
1.88114E+00 2.60985E-01 2.79131E+00 
2.08914E+00 2.65486E-01 5.42339E+00 
2.41985E+00 2.81213E-01 1.00009E+01 
2.96479E+00 3.14596E-01 1.62574E+01 
3.64738E+00 3.52602E-01 2.22246E+01 
4.23956E+00 3.72468E-01 2.61460E+01 
3.42808E-01 4.27978E-02 2.02059E-03 
3.59394E-01 5.29702E-02 2.38016E-03 
4.07215E-01 8.78584E-02 2.83992E-03 
4.41013E-01 1.03660E-01 3.43369E-03 
4.77724E-01 1.18608E-01 4.21366E-03 
5.17706E-01 1.32736E-01 5.24948E-03 
5.61213E-01 1.45944E-01 6.65357E-03 
5.97428E-01 1.55478E-01 8.09217E-03 
6.08452E-01 1.58147E-01 8.58740E-03 
6.63753E-01 1.70061E-01 1.15549E-02 
7.23815E-01 1.80613E-01 1.59350E-02 
7.88868E-01 1.89750E-01 2.25721E-02 
8.59045E-01 1.97367E-01 3.28983E-02 
9.41373E-01 2.20143E-01 4.94465E-02 
1.03099E+00 2.25543E-01 7.68943E-02 
1.12667E+00 2.29478E-01 1.23979E-01 
1.22850E+00 2.32024E-01 2.07760E-01 
1.33659E+00 2.33234E-01 3.62574E-01 
1.45154E+00 2.33262E-01 6.59336E-01 
1.57531E+00 2.32460E-01 1.24583E+00 
1.71535E+00 2.31855E-01 2.42012E+00 
1.89725E+00 2.34418E-01 4.70450E+00 
2.18856E+00 2.46835E-01 8.67908E+00 
2.67029E+00 2.74543E-01 1.41142E+01 
3.27152E+00 3.05987E-01 1.93002E+01 
3.78709E+00 3.21466E-01 2.27076E+01 
3.35924E-01 4.86087E-02 1.73146E-03 
3.51391E-01 5.79626E-02 2.04223E-03 
3.97473E-01 9.47007E-02 2.43838E-03 
4.28501E-01 1.08586E-01 2.95070E-03 
4.62343E-01 1.21683E-01 3.62463E-03 
4.99131E-01 1.33854E-01 4.52165E-03 
5.39039E-01 1.45022E-01 5.73631E-03 
5.72166E-01 1.52935E-01 6.98122E-03 
5.82238E-01 1.55124E-01 7.41047E-03 
6.32671E-01 1.64762E-01 9.98365E-03 
6.87262E-01 1.73047E-01 1.37833E-02 
7.46125E-01 1.79940E-01 1.95452E-02 
8.09361E-01 1.85349E-01 2.85079E-02 
8.83012E-01 2.05022E-01 4.29045E-02 
9.63122E-01 2.08325E-01 6.67601E-02 
1.04819E+00 2.10314E-01 1.07705E-01 
1.13824E+00 2.11060E-01 1.80624E-01 
1.23332E+00 2.10646E-01 3.15439E-01 
1.33382E+00 2.09213E-01 5.73940E-01 
1.44155E+00 2.07107E-01 1.08500E+00 
1.56315E+00 2.05235E-01 2.10807E+00 
1.72168E+00 2.06209E-01 4.09976E+00 
1.97766E+00 2.15816E-01 7.56553E+00 
2.40271E+00 2.38627E-01 1.23056E+01 
2.93122E+00 2.64434E-01 1.68279E+01 
3.37892E+00 2.76270E-01 1.97963E+01 
3.29622E-01 5.47784E-02 1.49166E-03 
3.43896E-01 6.30960E-02 1.76153E-03 
3.87822E-01 1.01737E-01 2.10636E-03 
4.16339E-01 1.13633E-01 2.55177E-03 
4.47455E-01 1.24721E-01 3.13739E-03 
4.81239E-01 1.34855E-01 3.91811E-03 
5.17819E-01 1.43958E-01 4.97758E-03 
5.48097E-01 1.50262E-01 6.06272E-03 
5.57283E-01 1.51976E-01 6.43678E-03 
6.03220E-01 1.59396E-01 8.68100E-03 
6.52739E-01 1.65504E-01 1.19989E-02 
7.05932E-01 1.70310E-01 1.70298E-02 
7.62818E-01 1.73947E-01 2.48734E-02 
8.28355E-01 1.90496E-01 3.74519E-02 
8.99767E-01 1.91862E-01 5.83161E-02 
9.75183E-01 1.92144E-01 9.41399E-02 
1.05452E+00 1.91349E-01 1.57966E-01 
1.13777E+00 1.89568E-01 2.75984E-01 
1.22527E+00 1.86949E-01 5.02339E-01 
1.31859E+00 1.83803E-01 9.49760E-01 
1.42368E+00 1.80941E-01 1.84576E+00 
1.56133E+00 1.80643E-01 3.58964E+00 
1.78573E+00 1.87891E-01 6.62462E+00 
2.16011E+00 2.06506E-01 1.07747E+01 
2.62380E+00 2.27510E-01 1.47315E+01 
3.01155E+00 2.36358E-01 1.73232E+01 
3.23789E-01 6.11154E-02 1.29363E-03 
3.36867E-01 6.81306E-02 1.52926E-03 
3.77617E-01 1.07785E-01 1.83162E-03 
4.04288E-01 1.18332E-01 2.22171E-03 
4.32937E-01 1.27412E-01 2.73520E-03 
4.63954E-01 1.35468E-01 3.41996E-03 
4.97440E-01 1.42488E-01 4.34836E-03 
5.25115E-01 1.47213E-01 5.30217E-03 
5.33505E-01 1.48479E-01 5.63085E-03 
5.75295E-01 1.53745E-01 7.60251E-03 
6.20170E-01 1.57808E-01 1.05185E-02 
6.68134E-01 1.60682E-01 1.49395E-02 
7.19175E-01 1.62425E-01 2.18395E-02 
7.77241E-01 1.76208E-01 3.29081E-02 
8.40698E-01 1.76011E-01 5.12617E-02 
9.07281E-01 1.74834E-01 8.27894E-02 
9.76884E-01 1.72753E-01 1.38956E-01 
1.04945E+00 1.69863E-01 2.42836E-01 
1.12524E+00 1.66311E-01 4.42008E-01 
1.20563E+00 1.62378E-01 8.35720E-01 
1.29602E+00 1.58782E-01 1.62397E+00 
1.41505E+00 1.57494E-01 3.15766E+00 
1.61126E+00 1.62792E-01 5.82600E+00 
1.94037E+00 1.77835E-01 9.47243E+00 
2.34643E+00 1.94774E-01 1.29443E+01 
2.68135E+00 2.01203E-01 1.52108E+01 
3.18461E-01 6.75527E-02 1.13008E-03 
3.30737E-01 7.36195E-02 1.33838E-03 
3.67919E-01 1.14450E-01 1.60475E-03 
3.92328E-01 1.22421E-01 1.94953E-03 
4.18713E-01 1.29372E-01 2.40290E-03 
4.47245E-01 1.35363E-01 3.00921E-03 
4.77948E-01 1.40359E-01 3.83032E-03 
5.03228E-01 1.43552E-01 4.67349E-03 
5.10873E-01 1.44372E-01 4.96391E-03 
5.48890E-01 1.47617E-01 6.70971E-03 
5.89515E-01 1.49773E-01 9.29002E-03 
6.32720E-01 1.50873E-01 1.32090E-02 
6.78423E-01 1.50869E-01 1.93137E-02 
7.29596E-01 1.62235E-01 2.91144E-02 
7.85771E-01 1.60693E-01 4.53750E-02 
8.44315E-01 1.58302E-01 7.32819E-02 
9.05079E-01 1.55185E-01 1.23014E-01 
9.67987E-01 1.51437E-01 2.14913E-01 
1.03327E+00 1.47195E-01 3.91126E-01 
1.10211E+00 1.42712E-01 7.39211E-01 
1.17940E+00 1.38615E-01 1.43577E+00 
1.28192E+00 1.36600E-01 2.79022E+00 
1.45303E+00 1.40307E-01 5.14457E+00 
1.74189E+00 1.52345E-01 8.35881E+00 
2.09685E+00 1.65877E-01 1.14126E+01 
2.38540E+00 1.70385E-01 1.33971E+01 
3.13464E-01 7.34223E-02 9.95773E-04 
3.24694E-01 7.76538E-02 1.18151E-03 
3.57789E-01 1.19253E-01 1.41884E-03 
3.80490E-01 1.25424E-01 1.72611E-03 
4.04869E-01 1.30251E-01 2.13003E-03 
4.31149E-01 1.34194E-01 2.66954E-03 
4.59357E-01 1.37261E-01 3.40226E-03 
4.82487E-01 1.39026E-01 4.15383E-03 
4.89464E-01 1.39438E-01 4.41274E-03 
5.24061E-01 1.40839E-01 5.96891E-03 
5.60810E-01 1.41276E-01 8.27015E-03 
5.99641E-01 1.40825E-01 1.17609E-02 
6.40450E-01 1.39622E-01 1.72094E-02 
6.85275E-01 1.48562E-01 2.59354E-02 
7.34803E-01 1.45830E-01 4.04165E-02 
7.86043E-01 1.42481E-01 6.52772E-02 
8.38819E-01 1.38582E-01 1.09492E-01 
8.93067E-01 1.34221E-01 1.91249E-01 
9.48903E-01 1.29519E-01 3.47803E-01 
1.00747E+00 1.24705E-01 6.56906E-01 
1.07316E+00 1.20317E-01 1.27493E+00 
1.16104E+00 1.17806E-01 2.47516E+00 
1.30993E+00 1.20251E-01 4.55922E+00 
1.56307E+00 1.29784E-01 7.39971E+00 
1.87293E+00 1.40495E-01 1.00911E+01 
2.12094E+00 1.43508E-01 1.18292E+01 
3.08883E-01 7.84182E-02 8.86347E-04 
3.19444E-01 8.11128E-02 1.05310E-03 
3.47796E-01 1.22953E-01 1.26655E-03 
3.68871E-01 1.26721E-01 1.54253E-03 
3.91561E-01 1.29626E-01 1.90581E-03 
4.15887E-01 1.31703E-01 2.39028E-03 
4.41855E-01 1.32988E-01 3.04797E-03 
4.63055E-01 1.33457E-01 3.72351E-03 
4.69432E-01 1.33514E-01 3.95603E-03 
5.00907E-01 1.33265E-01 5.35266E-03 
5.34124E-01 1.32228E-01 7.41861E-03 
5.68958E-01 1.30468E-01 1.05494E-02 
6.05298E-01 1.28090E-01 1.54338E-02 
6.44284E-01 1.35016E-01 2.32563E-02 
6.87757E-01 1.31401E-01 3.62144E-02 
7.32350E-01 1.27361E-01 5.84523E-02 
7.77916E-01 1.22924E-01 9.80023E-02 
8.24338E-01 1.18179E-01 1.70986E-01 
8.71782E-01 1.13235E-01 3.10686E-01 
9.21222E-01 1.08286E-01 5.86125E-01 
9.76650E-01 1.03795E-01 1.13605E+00 
1.05164E+00 1.00989E-01 2.20285E+00 
1.18094E+00 1.02462E-01 4.05222E+00 
1.40253E+00 1.09935E-01 6.56732E+00 
1.67270E+00 1.18336E-01 8.94160E+00 
1.88541E+00 1.20218E-01 1.04633E+01 
3.04944E-01 8.21026E-02 7.97005E-04 
3.15296E-01 8.42317E-02 9.48410E-04 
3.38181E-01 1.24151E-01 1.14172E-03 
3.57901E-01 1.26211E-01 1.39173E-03 
3.79117E-01 1.27285E-01 1.72027E-03 
4.01743E-01 1.27684E-01 2.15942E-03 
4.25708E-01 1.27401E-01 2.75390E-03 
4.45159E-01 1.26748E-01 3.36465E-03 
4.50987E-01 1.26491E-01 3.57492E-03 
4.79623E-01 1.24853E-01 4.83670E-03 
5.09589E-01 1.22602E-01 6.70095E-03 
5.40763E-01 1.19793E-01 9.52819E-03 
5.73032E-01 1.16428E-01 1.39269E-02 
6.06668E-01 1.21626E-01 2.09713E-02 
6.44603E-01 1.17469E-01 3.26337E-02 
6.83173E-01 1.12977E-01 5.26095E-02 
7.22211E-01 1.08235E-01 8.81002E-02 
7.61626E-01 1.03319E-01 1.53510E-01 
8.01566E-01 9.83235E-02 2.78510E-01 
8.42939E-01 9.34126E-02 5.24627E-01 
8.89348E-01 8.89758E-02 1.01532E+00 
9.53056E-01 8.60502E-02 1.96531E+00 
1.06512E+00 8.67955E-02 3.60878E+00 
1.25896E+00 9.26018E-02 5.83796E+00 
1.49436E+00 9.91360E-02 7.93300E+00 
1.67654E+00 1.00190E-01 9.26396E+00 
3.01998E-01 8.43748E-02 7.23856E-04 
3.11972E-01 8.47297E-02 8.62409E-04 
3.29254E-01 1.23111E-01 1.03889E-03 
3.48047E-01 1.23653E-01 1.26688E-03 
3.67991E-01 1.23134E-01 1.56624E-03 
3.89075E-01 1.22064E-01 1.96570E-03 
4.11242E-01 1.20478E-01 2.50701E-03 
4.29080E-01 1.18913E-01 3.06161E-03 
4.34410E-01 1.18405E-01 3.25279E-03 
4.60428E-01 1.15677E-01 4.39893E-03 
4.87387E-01 1.12494E-01 6.09024E-03 
5.15175E-01 1.08916E-01 8.65026E-03 
5.43636E-01 1.04997E-01 1.26315E-02 
5.72419E-01 1.08631E-01 1.89986E-02 
6.05267E-01 1.04117E-01 2.95206E-02 
6.38356E-01 9.94054E-02 4.75247E-02 
6.71517E-01 9.45728E-02 7.94409E-02 
7.04690E-01 8.96739E-02 1.38201E-01 
7.37974E-01 8.47903E-02 2.50284E-01 
7.72235E-01 8.00600E-02 4.70564E-01 
8.10761E-01 7.58079E-02 9.08782E-01 
8.64610E-01 7.28959E-02 1.75574E+00 
9.61605E-01 7.31234E-02 3.21710E+00 
1.13114E+00 7.75979E-02 5.19287E+00 
1.33627E+00 8.26495E-02 7.04071E+00 
1.49214E+00 8.31202E-02 8.20257E+00 
3.00461E-01 8.48061E-02 6.63655E-04 
3.10191E-01 8.39248E-02 7.90904E-04 
3.21959E-01 1.20050E-01 9.52945E-04 
3.39834E-01 1.18990E-01 1.16177E-03 
3.58640E-01 1.17175E-01 1.43606E-03 
3.78306E-01 1.14970E-01 1.80104E-03 
3.98790E-01 1.12373E-01 2.29558E-03 
4.15127E-01 1.10125E-01 2.80180E-03 
4.19978E-01 1.09431E-01 2.97568E-03 
4.43518E-01 1.05916E-01 4.02016E-03 
4.67663E-01 1.02098E-01 5.55921E-03 
4.92275E-01 9.80337E-02 7.88459E-03 
5.17186E-01 9.38162E-02 1.14982E-02 
5.41520E-01 9.61684E-02 1.72617E-02 
5.69756E-01 9.14915E-02 2.67784E-02 
5.97857E-01 8.67685E-02 4.30202E-02 
6.25736E-01 8.20185E-02 7.17904E-02 
6.53292E-01 7.72908E-02 1.24611E-01 
6.80704E-01 7.26495E-02 2.25196E-01 
7.08740E-01 6.82082E-02 4.22445E-01 
7.40389E-01 6.42321E-02 8.13973E-01 
7.85705E-01 6.14434E-02 1.56888E+00 
8.69612E-01 6.13215E-02 2.86804E+00 
1.01800E+00 6.47516E-02 4.61821E+00 
1.19685E+00 6.86367E-02 6.24561E+00 
1.33019E+00 6.87152E-02 7.25746E+00 
3.00633E-01 8.34871E-02 6.12929E-04 
3.10248E-01 8.20692E-02 7.30124E-04 
3.16923E-01 1.14111E-01 8.79255E-04 
3.33804E-01 1.12355E-01 1.07120E-03 
3.51476E-01 1.09700E-01 1.32291E-03 
3.69768E-01 1.06668E-01 1.65767E-03 
3.88587E-01 1.03370E-01 2.10986E-03 
4.03464E-01 1.00662E-01 2.57296E-03 
4.07856E-01 9.98459E-02 2.73193E-03 
4.29004E-01 9.58377E-02 3.68460E-03 
4.50449E-01 9.16585E-02 5.08666E-03 
4.72037E-01 8.73544E-02 7.20240E-03 
4.93654E-01 8.29674E-02 1.04820E-02 
5.13958E-01 8.43275E-02 1.57068E-02 
5.37909E-01 7.97485E-02 2.43107E-02 
5.61487E-01 7.51755E-02 3.89780E-02 
5.84582E-01 7.06463E-02 6.48833E-02 
6.07169E-01 6.62047E-02 1.12376E-01 
6.29395E-01 6.19003E-02 2.02599E-01 
6.51985E-01 5.78166E-02 3.79140E-01 
6.77712E-01 5.41786E-02 7.28807E-01 
7.15641E-01 5.15812E-02 1.40101E+00 
7.88206E-01 5.12396E-02 2.55446E+00 
9.18218E-01 5.38593E-02 4.10227E+00 
1.07434E+00 5.68393E-02 5.53270E+00 
1.18848E+00 5.66697E-02 6.41157E+00 
3.02749E-01 8.08356E-02 5.68835E-04 
3.12175E-01 7.85095E-02 6.77024E-04 
3.14219E-01 1.07097E-01 8.14383E-04 
3.30207E-01 1.04555E-01 9.91096E-04 
3.46734E-01 1.01183E-01 1.22220E-03 
3.63612E-01 9.76191E-02 1.52924E-03 
3.80765E-01 9.39118E-02 1.94358E-03 
3.94165E-01 9.09513E-02 2.36698E-03 
3.98097E-01 9.00742E-02 2.51234E-03 
4.16916E-01 8.58355E-02 3.38212E-03 
4.35725E-01 8.15296E-02 4.65956E-03 
4.54436E-01 7.71940E-02 6.58459E-03 
4.72960E-01 7.28281E-02 9.56155E-03 
4.89623E-01 7.34354E-02 1.42958E-02 
5.09643E-01 6.90826E-02 2.20748E-02 
5.29122E-01 6.47766E-02 3.53146E-02 
5.47963E-01 6.05680E-02 5.86470E-02 
5.66161E-01 5.64831E-02 1.01323E-01 
5.83865E-01 5.25610E-02 1.82240E-01 
6.01767E-01 4.88744E-02 3.40098E-01 
6.22410E-01 4.56020E-02 6.52002E-01 
6.54042E-01 4.32320E-02 1.25013E+00 
7.16861E-01 4.27672E-02 2.27299E+00 
8.31044E-01 4.47677E-02 3.63994E+00 
9.67717E-01 4.70569E-02 4.89550E+00 
1.06562E+00 4.67423E-02 5.65726E+00 
3.06787E-01 7.68733E-02 5.28748E-04 
3.15914E-01 7.40521E-02 6.28668E-04 
3.14457E-01 9.87095E-02 7.55097E-04 
3.29096E-01 9.58629E-02 9.17557E-04 
3.44322E-01 9.21050E-02 1.12972E-03 
3.59680E-01 8.82881E-02 1.41113E-03 
3.75076E-01 8.44017E-02 1.79027E-03 
3.86983E-01 8.13620E-02 2.17707E-03 
3.90458E-01 8.04704E-02 2.30992E-03 
4.06926E-01 7.62125E-02 3.10305E-03 
4.23174E-01 7.19638E-02 4.26623E-03 
4.39128E-01 6.77518E-02 6.01458E-03 
4.54681E-01 6.36113E-02 8.71480E-03 
4.68086E-01 6.36297E-02 1.29985E-02 
4.84537E-01 5.95536E-02 2.00269E-02 
5.00313E-01 5.55883E-02 3.19565E-02 
5.15368E-01 5.17489E-02 5.29419E-02 
5.29688E-01 4.80560E-02 9.12350E-02 
5.43450E-01 4.45390E-02 1.63640E-01 
5.57323E-01 4.12529E-02 3.04639E-01 
5.73622E-01 3.83451E-02 5.82447E-01 
5.99873E-01 3.62175E-02 1.11368E+00 
6.54324E-01 3.56953E-02 2.01926E+00 
7.54860E-01 3.72239E-02 3.22445E+00 
8.74837E-01 3.89862E-02 4.32432E+00 
9.58999E-01 3.85960E-02 4.98309E+00 
3.12318E-01 7.22549E-02 4.91242E-04 
3.20886E-01 6.93283E-02 5.83172E-04 
3.16526E-01 9.02765E-02 6.99607E-04 
3.30112E-01 8.68074E-02 8.48540E-04 
3.43859E-01 8.30152E-02 1.04312E-03 
3.57558E-01 7.91486E-02 1.30066E-03 
3.71131E-01 7.52668E-02 1.64704E-03 
3.81507E-01 7.22724E-02 1.99989E-03 
3.84513E-01 7.14005E-02 2.12092E-03 
3.98644E-01 6.72708E-02 2.84319E-03 
4.12413E-01 6.32028E-02 3.90055E-03 
4.25729E-01 5.92200E-02 5.48661E-03 
4.38509E-01 5.53602E-02 7.93221E-03 
4.49010E-01 5.49585E-02 1.18041E-02 
4.62220E-01 5.12268E-02 1.81435E-02 
4.74685E-01 4.76295E-02 2.88789E-02 
4.86381E-01 4.41723E-02 4.77190E-02 
4.97332E-01 4.08720E-02 8.20282E-02 
5.07709E-01 3.77499E-02 1.46752E-01 
5.18130E-01 3.48467E-02 2.72525E-01 
5.30763E-01 3.22848E-02 5.19726E-01 
5.52440E-01 3.03935E-02 9.90897E-01 
5.99737E-01 2.98554E-02 1.79172E+00 
6.88548E-01 3.10262E-02 2.85302E+00 
7.94215E-01 3.23866E-02 3.81515E+00 
8.66797E-01 3.19651E-02 4.38404E+00 
3.18665E-01 6.74130E-02 4.55607E-04 
3.26518E-01 6.43298E-02 5.40036E-04 
3.20442E-01 8.17140E-02 6.46768E-04 
3.32500E-01 7.81688E-02 7.83342E-04 
3.44662E-01 7.43623E-02 9.61266E-04 
3.56616E-01 7.05748E-02 1.19651E-03 
3.68321E-01 6.68209E-02 1.51251E-03 
3.77151E-01 6.39543E-02 1.83406E-03 
3.79694E-01 6.31204E-02 1.94410E-03 
3.91554E-01 5.92064E-02 2.60101E-03 
4.02929E-01 5.53910E-02 3.56032E-03 
4.13754E-01 5.16923E-02 4.99764E-03 
4.24014E-01 4.81062E-02 7.20914E-03 
4.31933E-01 4.74304E-02 1.07047E-02 
4.42224E-01 4.40677E-02 1.64155E-02 
4.51763E-01 4.08365E-02 2.60699E-02 
4.60525E-01 3.77505E-02 4.29780E-02 
4.68565E-01 3.48208E-02 7.36982E-02 
4.76038E-01 3.20601E-02 1.31521E-01 
4.83554E-01 2.95103E-02 2.43607E-01 
4.93083E-01 2.72627E-02 4.63315E-01 
5.10918E-01 2.55921E-02 8.81126E-01 
5.52090E-01 2.50621E-02 1.58875E+00 
6.30806E-01 2.59612E-02 2.52259E+00 
7.24226E-01 2.70139E-02 3.36376E+00 
7.87046E-01 2.65880E-02 3.85467E+00 
3.25001E-01 6.26120E-02 4.21356E-04 
3.32049E-01 5.94320E-02 4.98903E-04 
3.25023E-01 7.34328E-02 5.96649E-04 
3.35442E-01 7.01462E-02 7.21700E-04 
3.45947E-01 6.64548E-02 8.84287E-04 
3.56135E-01 6.28276E-02 1.09910E-03 
3.65960E-01 5.92634E-02 1.38703E-03 
3.73300E-01 5.65568E-02 1.67970E-03 
3.75401E-01 5.57749E-02 1.78001E-03 
3.85087E-01 5.21161E-02 2.37704E-03 
3.94219E-01 4.85760E-02 3.24731E-03 
4.02771E-01 4.51650E-02 4.54960E-03 
4.10696E-01 4.18935E-02 6.54817E-03 
4.16393E-01 4.10139E-02 9.70341E-03 
4.24108E-01 3.79887E-02 1.48465E-02 
4.31087E-01 3.51013E-02 2.35260E-02 
4.37326E-01 3.23570E-02 3.86965E-02 
4.42872E-01 2.97638E-02 6.62008E-02 
4.47895E-01 2.73330E-02 1.17858E-01 
4.52953E-01 2.50909E-02 2.17737E-01 
4.59883E-01 2.31191E-02 4.13046E-01 
4.74463E-01 2.16459E-02 7.83479E-01 
5.10396E-01 2.11377E-02 1.40879E+00 
5.80421E-01 2.18285E-02 2.23053E+00 
6.63351E-01 2.26466E-02 2.96601E+00 
7.17920E-01 2.22309E-02 3.38949E+00 
3.30568E-01 5.81734E-02 3.89033E-04 
3.36664E-01 5.50550E-02 4.60185E-04 
3.28848E-01 6.66679E-02 5.49806E-04 
3.38160E-01 6.29799E-02 6.64210E-04 
3.46996E-01 5.94635E-02 8.12844E-04 
3.55459E-01 5.60208E-02 1.00886E-03 
3.63507E-01 5.26629E-02 1.27150E-03 
3.69437E-01 5.01258E-02 1.53794E-03 
3.71116E-01 4.93980E-02 1.62919E-03 
3.78793E-01 4.59943E-02 2.17183E-03 
3.85893E-01 4.27224E-02 2.96234E-03 
3.92382E-01 3.95919E-02 4.14149E-03 
3.98239E-01 3.66176E-02 5.95077E-03 
4.02010E-01 3.55938E-02 8.79855E-03 
4.07497E-01 3.28737E-02 1.34355E-02 
4.12269E-01 3.02920E-02 2.12418E-02 
4.16346E-01 2.78511E-02 3.48614E-02 
4.19777E-01 2.55540E-02 5.95011E-02 
4.22732E-01 2.34095E-02 1.05682E-01 
4.25730E-01 2.14370E-02 1.94755E-01 
4.30484E-01 1.97047E-02 3.68542E-01 
4.42310E-01 1.84036E-02 6.97152E-01 
4.73752E-01 1.79231E-02 1.25015E+00 
5.36280E-01 1.84539E-02 1.97380E+00 
6.10177E-01 1.90899E-02 2.61714E+00 
6.57761E-01 1.86932E-02 2.98259E+00 
3.34744E-01 5.42513E-02 3.59243E-04 
3.39928E-01 5.11429E-02 4.24595E-04 
3.32486E-01 6.00644E-02 5.06804E-04 
3.40015E-01 5.67573E-02 6.11721E-04 
3.47270E-01 5.34210E-02 7.47857E-04 
3.54122E-01 5.01590E-02 9.27024E-04 
3.60541E-01 4.69936E-02 1.16679E-03 
3.65183E-01 4.46183E-02 1.40989E-03 
3.66487E-01 4.39357E-02 1.49292E-03 
3.72358E-01 4.07659E-02 1.98676E-03 
3.77640E-01 3.77390E-02 2.70510E-03 
3.82316E-01 3.48607E-02 3.77508E-03 
3.86386E-01 3.21251E-02 5.41359E-03 
3.88508E-01 3.10219E-02 7.98927E-03 
3.92063E-01 2.85767E-02 1.21734E-02 
3.94951E-01 2.62641E-02 1.92054E-02 
3.97186E-01 2.40869E-02 3.14499E-02 
3.98827E-01 2.20463E-02 5.35538E-02 
4.00038E-01 2.01474E-02 9.48814E-02 
4.01314E-01 1.84083E-02 1.74440E-01 
4.04239E-01 1.68825E-02 3.29222E-01 
4.13726E-01 1.57301E-02 6.21154E-01 
4.41298E-01 1.52794E-02 1.11077E+00 
4.97327E-01 1.56866E-02 1.74872E+00 
5.63439E-01 1.61822E-02 2.31211E+00 
6.05051E-01 1.58072E-02 2.62746E+00 
3.37062E-01 5.08724E-02 3.32222E-04 
3.41434E-01 4.77720E-02 3.92447E-04 
3.34723E-01 5.43416E-02 4.68150E-04 
3.40502E-01 5.14666E-02 5.64501E-04 
3.46370E-01 4.82596E-02 6.89414E-04 
3.51798E-01 4.51578E-02 8.53741E-04 
3.56770E-01 4.21611E-02 1.07308E-03 
3.60295E-01 3.99229E-02 1.29524E-03 
3.61270E-01 3.92822E-02 1.37118E-03 
3.65571E-01 3.63169E-02 1.82205E-03 
3.69278E-01 3.35020E-02 2.47625E-03 
3.72392E-01 3.08396E-02 3.45006E-03 
3.74891E-01 2.83356E-02 4.93695E-03 
3.75628E-01 2.71685E-02 7.27137E-03 
3.77541E-01 2.49583E-02 1.10572E-02 
3.78819E-01 2.28787E-02 1.74038E-02 
3.79493E-01 2.09291E-02 2.84307E-02 
3.79620E-01 1.91100E-02 4.82958E-02 
3.79361E-01 1.74243E-02 8.53591E-02 
3.79180E-01 1.58836E-02 1.56515E-01 
3.80560E-01 1.45344E-02 2.94644E-01 
3.88045E-01 1.35115E-02 5.54282E-01 
4.12263E-01 1.30909E-02 9.88375E-01 
4.62629E-01 1.34022E-02 1.55148E+00 
5.21968E-01 1.37887E-02 2.04529E+00 
5.58444E-01 1.34365E-02 2.31737E+00 
3.37645E-01 4.80132E-02 3.08524E-04 
3.41293E-01 4.49193E-02 3.64230E-04 
3.35053E-01 4.98012E-02 4.34141E-04 
3.39630E-01 4.70025E-02 5.23014E-04 
3.44289E-01 4.39060E-02 6.38019E-04 
3.48501E-01 4.09247E-02 7.89091E-04 
3.52245E-01 3.80660E-02 9.90692E-04 
3.54806E-01 3.59415E-02 1.19439E-03 
3.55502E-01 3.53346E-02 1.26396E-03 
3.58449E-01 3.25410E-02 1.67666E-03 
3.60812E-01 2.99053E-02 2.27466E-03 
3.62573E-01 2.74307E-02 3.16235E-03 
3.63746E-01 2.51170E-02 4.51645E-03 
3.63290E-01 2.39162E-02 6.63724E-03 
3.63801E-01 2.19071E-02 1.00690E-02 
3.63715E-01 2.00274E-02 1.58141E-02 
3.63060E-01 1.82742E-02 2.57707E-02 
3.61899E-01 1.66458E-02 4.36640E-02 
3.60390E-01 1.51425E-02 7.69683E-02 
3.58975E-01 1.37731E-02 1.40746E-01 
3.59036E-01 1.25761E-02 2.64183E-01 
3.64809E-01 1.16644E-02 4.95656E-01 
3.86106E-01 1.12736E-02 8.81156E-01 
4.31514E-01 1.15103E-02 1.37895E+00 
4.84937E-01 1.18107E-02 1.81231E+00 
5.16995E-01 1.14830E-02 2.04726E+00 
3.36437E-01 4.55861E-02 2.87625E-04 
3.39480E-01 4.24880E-02 3.39264E-04 
3.33422E-01 4.61629E-02 4.04043E-04 
3.37334E-01 4.31701E-02 4.86213E-04 
3.40978E-01 4.01617E-02 5.92434E-04 
3.44160E-01 3.72785E-02 7.31677E-04 
3.46859E-01 3.45294E-02 9.17143E-04 
3.48601E-01 3.24992E-02 1.10443E-03 
3.49057E-01 3.19206E-02 1.16823E-03 
3.50852E-01 2.92700E-02 1.54662E-03 
3.52047E-01 2.67892E-02 2.09382E-03 
3.52648E-01 2.44761E-02 2.90477E-03 
3.52662E-01 2.23257E-02 4.13884E-03 
3.51178E-01 2.11097E-02 6.06809E-03 
3.50471E-01 1.92784E-02 9.18326E-03 
3.49193E-01 1.75752E-02 1.43844E-02 
3.47382E-01 1.59949E-02 2.33796E-02 
3.45104E-01 1.45339E-02 3.95058E-02 
3.42512E-01 1.31902E-02 6.94416E-02 
3.40027E-01 1.19713E-02 1.26627E-01 
3.38945E-01 1.09068E-02 2.36986E-01 
3.43208E-01 1.00940E-02 4.43260E-01 
3.61913E-01 9.73233E-03 7.85614E-01 
4.02897E-01 9.91040E-03 1.22559E+00 
4.51051E-01 1.01431E-02 1.60562E+00 
4.79192E-01 9.83914E-03 1.80799E+00 
3.33773E-01 4.35773E-02 2.69522E-04 
3.36334E-01 4.04483E-02 3.17576E-04 
3.30548E-01 4.30371E-02 3.77723E-04 
3.33865E-01 3.99205E-02 4.53932E-04 
3.36677E-01 3.69665E-02 5.52290E-04 
3.38999E-01 3.41537E-02 6.80982E-04 
3.40811E-01 3.14893E-02 8.52018E-04 
3.41858E-01 2.95327E-02 1.02445E-03 
3.42103E-01 2.89790E-02 1.08326E-03 
3.42906E-01 2.64462E-02 1.43102E-03 
3.43092E-01 2.40951E-02 1.93281E-03 
3.42674E-01 2.19202E-02 2.67489E-03 
3.41668E-01 1.99166E-02 3.80161E-03 
3.39289E-01 1.86959E-02 5.55940E-03 
3.37520E-01 1.70192E-02 8.39126E-03 
3.35204E-01 1.54698E-02 1.31082E-02 
3.32384E-01 1.40411E-02 2.12433E-02 
3.29134E-01 1.27268E-02 3.57929E-02 
3.25603E-01 1.15236E-02 6.27326E-02 
3.22192E-01 1.04352E-02 1.14038E-01 
3.20119E-01 9.48691E-03 2.12787E-01 
3.23059E-01 8.76094E-03 3.96692E-01 
3.39461E-01 8.42719E-03 7.00832E-01 
3.76488E-01 8.55944E-03 1.08978E+00 
4.19940E-01 8.73867E-03 1.42302E+00 
4.44623E-01 8.45784E-03 1.59710E+00 
3.29853E-01 4.18835E-02 2.53569E-04 
3.32043E-01 3.86941E-02 2.98387E-04 
3.26701E-01 4.01953E-02 3.54310E-04 
3.29309E-01 3.71296E-02 4.25102E-04 
3.31425E-01 3.42070E-02 5.16282E-04 
3.33023E-01 3.14415E-02 6.35360E-04 
3.34081E-01 2.88414E-02 7.93369E-04 
3.34529E-01 2.69439E-02 9.52281E-04 
3.34589E-01 2.64100E-02 1.00648E-03 
3.34523E-01 2.39767E-02 1.32628E-03 
3.33824E-01 2.17363E-02 1.78676E-03 
3.32507E-01 1.96825E-02 2.46620E-03 
3.30601E-01 1.78048E-02 3.49538E-03 
3.27423E-01 1.65933E-02 5.09738E-03 
3.24715E-01 1.50534E-02 7.67156E-03 
3.21482E-01 1.36407E-02 1.19492E-02 
3.17775E-01 1.23462E-02 1.93088E-02 
3.13670E-01 1.11619E-02 3.24332E-02 
3.09315E-01 1.00831E-02 5.66649E-02 
3.05098E-01 9.11040E-03 1.02680E-01 
3.02158E-01 8.26500E-03 1.90952E-01 
3.03934E-01 7.61596E-03 3.54887E-01 
3.18262E-01 7.30901E-03 6.24853E-01 
3.51700E-01 7.40526E-03 9.68345E-01 
3.90901E-01 7.54161E-03 1.26023E+00 
4.12493E-01 7.28340E-03 1.40964E+00 
3.24879E-01 4.04764E-02 2.39293E-04 
3.26806E-01 3.71968E-02 2.81076E-04 
3.21789E-01 3.78120E-02 3.33183E-04 
3.23869E-01 3.47296E-02 3.98966E-04 
3.25406E-01 3.18178E-02 4.83528E-04 
3.26381E-01 2.90828E-02 5.93791E-04 
3.26779E-01 2.65288E-02 7.39726E-04 
3.26686E-01 2.46789E-02 8.86273E-04 
3.26592E-01 2.41587E-02 9.36119E-04 
3.25746E-01 2.18068E-02 1.23026E-03 
3.24241E-01 1.96611E-02 1.65282E-03 
3.22106E-01 1.77116E-02 2.27471E-03 
3.19376E-01 1.59467E-02 3.21437E-03 
3.15481E-01 1.47507E-02 4.67366E-03 
3.11930E-01 1.33322E-02 7.01290E-03 
3.07878E-01 1.20410E-02 1.08886E-02 
3.03383E-01 1.08661E-02 1.75398E-02 
2.98524E-01 9.79784E-03 2.93663E-02 
2.93453E-01 8.82910E-03 5.11368E-02 
2.88530E-01 7.95996E-03 9.23622E-02 
2.84837E-01 7.20565E-03 1.71194E-01 
2.85578E-01 6.62573E-03 3.17085E-01 
2.98032E-01 6.34424E-03 5.56425E-01 
3.28192E-01 6.41215E-03 8.59365E-01 
3.63508E-01 6.51433E-03 1.11450E+00 
3.82321E-01 6.27761E-03 1.24237E+00 
3.18968E-01 3.93225E-02 2.26185E-04 
3.20636E-01 3.59409E-02 2.65092E-04 
3.15968E-01 3.57459E-02 3.13571E-04 
3.17544E-01 3.26572E-02 3.74675E-04 
3.18567E-01 2.97410E-02 4.53027E-04 
3.18986E-01 2.70197E-02 5.54984E-04 
3.18793E-01 2.44971E-02 6.89663E-04 
3.18218E-01 2.26828E-02 8.24691E-04 
3.17985E-01 2.21741E-02 8.70547E-04 
3.16434E-01 1.98895E-02 1.14082E-03 
3.14202E-01 1.78243E-02 1.52800E-03 
3.11328E-01 1.59662E-02 2.09643E-03 
3.07858E-01 1.43001E-02 2.95328E-03 
3.03318E-01 1.31269E-02 4.28065E-03 
2.99017E-01 1.18166E-02 6.40279E-03 
2.94238E-01 1.06341E-02 9.90962E-03 
2.89048E-01 9.56634E-03 1.59095E-02 
2.83532E-01 8.60188E-03 2.65489E-02 
2.77839E-01 7.73203E-03 4.60772E-02 
2.72313E-01 6.95489E-03 8.29430E-02 
2.67971E-01 6.28215E-03 1.53224E-01 
2.67799E-01 5.76404E-03 2.82794E-01 
2.78550E-01 5.50663E-03 4.94546E-01 
3.05690E-01 5.55223E-03 7.61152E-01 
3.37433E-01 5.62751E-03 9.83681E-01 
3.53736E-01 5.41063E-03 1.09268E+00 
3.12362E-01 3.84271E-02 2.13960E-04 
3.13788E-01 3.49384E-02 2.50191E-04 
3.09390E-01 3.40491E-02 2.95207E-04 
3.10551E-01 3.08991E-02 3.51870E-04 
3.11083E-01 2.79575E-02 4.24378E-04 
3.10974E-01 2.52308E-02 5.18501E-04 
3.10216E-01 2.27222E-02 6.42555E-04 
3.09189E-01 2.09302E-02 7.66666E-04 
3.08816E-01 2.04307E-02 8.08808E-04 
3.06598E-01 1.81970E-02 1.05656E-03 
3.03690E-01 1.61974E-02 1.41068E-03 
3.00130E-01 1.44171E-02 1.92927E-03 
2.95975E-01 1.28376E-02 2.70878E-03 
2.90854E-01 1.16910E-02 3.91357E-03 
2.85880E-01 1.04768E-02 5.83458E-03 
2.80458E-01 9.39154E-03 9.00004E-03 
2.74661E-01 8.41987E-03 1.44002E-02 
2.68578E-01 7.54848E-03 2.39493E-02 
2.62354E-01 6.76755E-03 4.14251E-02 
2.56326E-01 6.07240E-03 7.43096E-02 
2.51434E-01 5.47275E-03 1.36797E-01 
2.50465E-01 5.01022E-03 2.51602E-01 
2.59663E-01 4.77555E-03 4.38441E-01 
2.84003E-01 4.80352E-03 6.72412E-01 
3.12449E-01 4.85719E-03 8.65974E-01 
3.26479E-01 4.65927E-03 9.58513E-01 
3.04939E-01 3.77518E-02 2.02288E-04 
3.06122E-01 3.41354E-02 2.35949E-04 
3.02010E-01 3.26362E-02 2.77699E-04 
3.02785E-01 2.94204E-02 3.30150E-04 
3.02886E-01 2.64398E-02 3.97151E-04 
3.02306E-01 2.36941E-02 4.83917E-04 
3.01041E-01 2.11854E-02 5.98026E-04 
2.99597E-01 1.94058E-02 7.11933E-04 
2.99100E-01 1.89116E-02 7.50549E-04 
2.96281E-01 1.67146E-02 9.77340E-04 
2.92751E-01 1.47680E-02 1.30066E-03 
2.88569E-01 1.30532E-02 1.77279E-03 
2.83804E-01 1.15483E-02 2.48087E-03 
2.78169E-01 1.04304E-02 3.57237E-03 
2.72610E-01 9.30050E-03 5.30793E-03 
2.66636E-01 8.30107E-03 8.16076E-03 
2.60324E-01 7.41475E-03 1.30134E-02 
2.53770E-01 6.62617E-03 2.15685E-02 
2.47116E-01 5.92389E-03 3.71786E-02 
2.40677E-01 5.30220E-03 6.64582E-02 
2.35339E-01 4.76744E-03 1.21912E-01 
2.33686E-01 4.35466E-03 2.23459E-01 
2.41483E-01 4.14114E-03 3.88035E-01 
2.63253E-01 4.15540E-03 5.93022E-01 
2.88672E-01 4.19180E-03 7.61047E-01 
3.00666E-01 4.01179E-03 8.39416E-01 
2.96695E-01 3.72919E-02 1.90858E-04 
2.97614E-01 3.35198E-02 2.21988E-04 
2.93788E-01 3.14583E-02 2.60558E-04 
2.94131E-01 2.81735E-02 3.08930E-04 
2.93803E-01 2.51351E-02 3.70575E-04 
2.92765E-01 2.23537E-02 4.50239E-04 
2.91012E-01 1.98306E-02 5.54741E-04 
2.89180E-01 1.80529E-02 6.58868E-04 
2.88564E-01 1.75617E-02 6.94138E-04 
2.85186E-01 1.53895E-02 9.00859E-04 
2.81092E-01 1.34849E-02 1.19478E-03 
2.76355E-01 1.18255E-02 1.62305E-03 
2.71045E-01 1.03864E-02 2.26330E-03 
2.64966E-01 9.29870E-03 3.24815E-03 
2.58904E-01 8.24457E-03 4.81009E-03 
2.52461E-01 7.32299E-03 7.36899E-03 
2.45724E-01 6.51393E-03 1.17107E-02 
2.38787E-01 5.80057E-03 1.93416E-02 
2.31792E-01 5.16989E-03 3.32213E-02 
2.25034E-01 4.61488E-03 5.91789E-02 
2.19341E-01 4.13912E-03 1.08176E-01 
2.17100E-01 3.77177E-03 1.97580E-01 
2.23616E-01 3.57824E-03 3.41884E-01 
2.42974E-01 3.58175E-03 5.20640E-01 
2.65561E-01 3.60429E-03 6.65776E-01 
2.75700E-01 3.44132E-03 7.31719E-01 
2.87798E-01 3.70468E-02 1.79778E-04 
2.88469E-01 3.31070E-02 2.08516E-04 
2.84878E-01 3.05600E-02 2.44045E-04 
2.84831E-01 2.71670E-02 2.88514E-04 
2.84058E-01 2.40495E-02 3.45040E-04 
2.82554E-01 2.12142E-02 4.17913E-04 
2.80332E-01 1.86612E-02 5.13322E-04 
2.78132E-01 1.68758E-02 6.08168E-04 
2.77411E-01 1.63844E-02 6.40254E-04 
2.73520E-01 1.42248E-02 8.28102E-04 
2.68919E-01 1.23510E-02 1.09451E-03 
2.63685E-01 1.07371E-02 1.48156E-03 
2.57905E-01 9.35420E-03 2.05884E-03 
2.51452E-01 8.29661E-03 2.94456E-03 
2.44969E-01 7.30939E-03 4.34532E-03 
2.38149E-01 6.45683E-03 6.63424E-03 
2.31078E-01 5.71678E-03 1.05061E-02 
2.23853E-01 5.07085E-03 1.72911E-02 
2.16609E-01 4.50456E-03 2.95944E-02 
2.09627E-01 4.00922E-03 5.25341E-02 
2.03672E-01 3.58646E-03 9.56962E-02 
2.00947E-01 3.26004E-03 1.74156E-01 
2.06311E-01 3.08514E-03 3.00292E-01 
2.23443E-01 3.08046E-03 4.55688E-01 
2.43421E-01 3.09211E-03 5.80643E-01 
2.51900E-01 2.94517E-03 6.35895E-01 
2.78122E-01 3.69786E-02 1.68875E-04 
2.78504E-01 3.28530E-02 1.95298E-04 
2.75147E-01 2.98656E-02 2.27902E-04 
2.74732E-01 2.63547E-02 2.68640E-04 
2.73573E-01 2.31467E-02 3.20316E-04 
2.71663E-01 2.02458E-02 3.86778E-04 
2.69010E-01 1.76510E-02 4.73542E-04 
2.66470E-01 1.58491E-02 5.59659E-04 
2.65654E-01 1.53548E-02 5.88747E-04 
2.61294E-01 1.31969E-02 7.58760E-04 
2.56237E-01 1.13443E-02 9.99254E-04 
2.50569E-01 9.76690E-03 1.34777E-03 
2.44384E-01 8.43212E-03 1.86616E-03 
2.37626E-01 7.40433E-03 2.65963E-03 
2.30811E-01 6.47640E-03 3.91120E-03 
2.23700E-01 5.68573E-03 5.95052E-03 
2.16385E-01 5.00799E-03 9.38989E-03 
2.08962E-01 4.42283E-03 1.53999E-02 
2.01560E-01 3.91460E-03 2.62664E-02 
1.94444E-01 3.47310E-03 4.64601E-02 
1.88318E-01 3.09816E-03 8.43324E-02 
1.85203E-01 2.80881E-03 1.52937E-01 
1.89535E-01 2.65135E-03 2.62768E-01 
2.04609E-01 2.64055E-03 3.97331E-01 
2.22182E-01 2.64386E-03 5.04498E-01 
2.29180E-01 2.51196E-03 5.50545E-01 
2.67816E-01 3.70755E-02 1.58228E-04 
2.67882E-01 3.27404E-02 1.82408E-04 
2.64711E-01 2.93545E-02 2.12202E-04 
2.63916E-01 2.57124E-02 2.49376E-04 
2.62368E-01 2.23983E-02 2.96403E-04 
2.60064E-01 1.94193E-02 3.56733E-04 
2.57027E-01 1.67738E-02 4.35354E-04 
2.54194E-01 1.49487E-02 5.13198E-04 
2.53287E-01 1.44506E-02 5.39473E-04 
2.48527E-01 1.22866E-02 6.92730E-04 
2.43088E-01 1.04481E-02 9.08984E-04 
2.37064E-01 8.90091E-03 1.22155E-03 
2.30557E-01 7.60798E-03 1.68523E-03 
2.23569E-01 6.60945E-03 2.39327E-03 
2.16506E-01 5.73455E-03 3.50706E-03 
2.09195E-01 4.99960E-03 5.31678E-03 
2.01727E-01 4.37799E-03 8.36017E-03 
1.94194E-01 3.84773E-03 1.36629E-02 
1.86723E-01 3.39178E-03 2.32223E-02 
1.79557E-01 2.99901E-03 4.09296E-02 
1.73344E-01 2.66722E-03 7.40286E-02 
1.69931E-01 2.41146E-03 1.33784E-01 
1.73346E-01 2.27026E-03 2.29048E-01 
1.86529E-01 2.25511E-03 3.45119E-01 
2.01896E-01 2.25211E-03 4.36658E-01 
2.07583E-01 2.13432E-03 4.74825E-01 
2.56942E-01 3.73126E-02 1.47846E-04 
2.56672E-01 3.27514E-02 1.69878E-04 
2.53623E-01 2.90045E-02 1.96984E-04 
2.52446E-01 2.52102E-02 2.30731E-04 
2.50531E-01 2.17790E-02 2.73343E-04 
2.47875E-01 1.87139E-02 3.27895E-04 
2.44489E-01 1.60093E-02 3.98800E-04 
2.41389E-01 1.41560E-02 4.68843E-04 
2.40408E-01 1.36521E-02 4.92455E-04 
2.35300E-01 1.14759E-02 6.30018E-04 
2.29541E-01 9.64615E-03 8.23584E-04 
2.23232E-01 8.12403E-03 1.10261E-03 
2.16476E-01 6.86808E-03 1.51550E-03 
2.09329E-01 5.89844E-03 2.14444E-03 
2.02105E-01 5.07144E-03 3.13110E-03 
1.94679E-01 4.38703E-03 4.73011E-03 
1.87141E-01 3.81655E-03 7.41133E-03 
1.79584E-01 3.33620E-03 1.20691E-02 
1.72126E-01 2.92775E-03 2.04394E-02 
1.64991E-01 2.57908E-03 3.58989E-02 
1.58771E-01 2.28634E-03 6.47008E-02 
1.55144E-01 2.06111E-03 1.16512E-01 
1.57752E-01 1.93509E-03 1.98773E-01 
1.69201E-01 1.91702E-03 2.98445E-01 
1.82548E-01 1.90941E-03 3.76264E-01 
1.87081E-01 1.80488E-03 4.07707E-01 
2.45611E-01 3.76611E-02 1.37779E-04 
2.44993E-01 3.28587E-02 1.57764E-04 
2.42010E-01 2.87785E-02 1.82312E-04 
2.40478E-01 2.48238E-02 2.12825E-04 
2.38193E-01 2.12642E-02 2.51240E-04 
2.35187E-01 1.81042E-02 3.00311E-04 
2.31484E-01 1.53357E-02 3.63950E-04 
2.28153E-01 1.34512E-02 4.26703E-04 
2.27109E-01 1.29409E-02 4.47831E-04 
2.21710E-01 1.07493E-02 5.70688E-04 
2.15698E-01 8.92536E-03 7.43148E-04 
2.09172E-01 7.42512E-03 9.91114E-04 
2.02245E-01 6.20287E-03 1.35700E-03 
1.95012E-01 5.26202E-03 1.91314E-03 
1.87709E-01 4.47894E-03 2.78335E-03 
1.80252E-01 3.84093E-03 4.18930E-03 
1.72728E-01 3.31706E-03 6.54077E-03 
1.65227E-01 2.88218E-03 1.06134E-02 
1.57858E-01 2.51695E-03 1.79100E-02 
1.50829E-01 2.20817E-03 3.13454E-02 
1.44675E-01 1.95076E-03 5.62961E-02 
1.40913E-01 1.75320E-03 1.01014E-01 
1.42818E-01 1.64131E-03 1.71725E-01 
1.52688E-01 1.62152E-03 2.56922E-01 
1.64198E-01 1.61072E-03 3.22763E-01 
1.67728E-01 1.51854E-03 3.48500E-01 
2.33936E-01 3.80910E-02 1.28069E-04 
2.32961E-01 3.30359E-02 1.46115E-04 
2.29991E-01 2.86455E-02 1.68235E-04 
2.28097E-01 2.45217E-02 1.95690E-04 
2.25485E-01 2.08303E-02 2.30175E-04 
2.22153E-01 1.75715E-02 2.74097E-04 
2.18147E-01 1.47353E-02 3.30919E-04 
2.14616E-01 1.28182E-02 3.86842E-04 
2.13517E-01 1.23013E-02 4.05654E-04 
2.07884E-01 1.00932E-02 5.14863E-04 
2.01674E-01 8.27372E-03 6.67740E-04 
1.94998E-01 6.79398E-03 8.86987E-04 
1.87973E-01 5.60345E-03 1.20969E-03 
1.80723E-01 4.69159E-03 1.69905E-03 
1.73419E-01 3.94943E-03 2.46273E-03 
1.66007E-01 3.35424E-03 3.69331E-03 
1.58574E-01 2.87321E-03 5.74528E-03 
1.51202E-01 2.47987E-03 9.28921E-03 
1.43994E-01 2.15391E-03 1.56203E-02 
1.37137E-01 1.88130E-03 2.72399E-02 
1.31115E-01 1.65585E-03 4.87481E-02 
1.27290E-01 1.48333E-03 8.71624E-02 
1.28592E-01 1.38455E-03 1.47651E-01 
1.37032E-01 1.36401E-03 2.20120E-01 
1.46882E-01 1.35123E-03 2.75553E-01 
1.49549E-01 1.27049E-03 2.96468E-01 
2.22011E-01 3.85703E-02 1.18737E-04 
2.20692E-01 3.32564E-02 1.34961E-04 
2.17679E-01 2.85775E-02 1.54796E-04 
2.15429E-01 2.42780E-02 1.79366E-04 
2.12506E-01 2.04522E-02 2.10167E-04 
2.08890E-01 1.70947E-02 2.49293E-04 
2.04618E-01 1.41914E-02 2.99762E-04 
2.00905E-01 1.22418E-02 3.49327E-04 
1.99757E-01 1.17183E-02 3.65981E-04 
1.93933E-01 9.49452E-03 4.62526E-04 
1.87584E-01 7.68030E-03 5.97342E-04 
1.80825E-01 6.22120E-03 7.90182E-04 
1.73769E-01 5.06165E-03 1.07332E-03 
1.66565E-01 4.17932E-03 1.50167E-03 
1.59330E-01 3.47574E-03 2.16837E-03 
1.52033E-01 2.92053E-03 3.23985E-03 
1.44758E-01 2.47922E-03 5.02129E-03 
1.37581E-01 2.12398E-03 8.08929E-03 
1.30596E-01 1.83377E-03 1.35539E-02 
1.23970E-01 1.59396E-03 2.35515E-02 
1.18138E-01 1.39737E-03 4.19965E-02 
1.14316E-01 1.24749E-03 7.48247E-02 
1.15107E-01 1.16084E-03 1.26300E-01 
1.22261E-01 1.14032E-03 1.87620E-01 
1.30620E-01 1.12653E-03 2.34034E-01 
1.32553E-01 1.05632E-03 2.50899E-01 
2.10008E-01 3.90758E-02 1.09846E-04 
2.08325E-01 3.34941E-02 1.24352E-04 
2.05226E-01 2.85451E-02 1.42052E-04 
2.02640E-01 2.40697E-02 1.63929E-04 
1.99406E-01 2.01086E-02 1.91279E-04 
1.95534E-01 1.66553E-02 2.25949E-04 
1.91037E-01 1.36887E-02 2.70557E-04 
1.87174E-01 1.17094E-02 3.14258E-04 
1.85988E-01 1.11800E-02 3.28925E-04 
1.80014E-01 8.94349E-03 4.13813E-04 
1.73577E-01 7.13689E-03 5.32055E-04 
1.66789E-01 5.69970E-03 7.00780E-04 
1.59762E-01 4.57138E-03 9.47855E-04 
1.52660E-01 3.71944E-03 1.32085E-03 
1.45557E-01 3.05284E-03 1.89990E-03 
1.38439E-01 2.53533E-03 2.82782E-03 
1.31383E-01 2.13081E-03 4.36658E-03 
1.24459E-01 1.81057E-03 7.00869E-03 
1.17751E-01 1.55289E-03 1.17001E-02 
1.11409E-01 1.34274E-03 2.02580E-02 
1.05817E-01 1.17208E-03 3.59945E-02 
1.02055E-01 1.04260E-03 6.39013E-02 
1.02422E-01 9.67087E-04 1.07477E-01 
1.08429E-01 9.47197E-04 1.59088E-01 
1.15460E-01 9.33121E-04 1.97735E-01 
1.16780E-01 8.72577E-04 2.11228E-01 
1.98003E-01 3.95826E-02 1.01389E-04 
1.95966E-01 3.37312E-02 1.14294E-04 
1.92736E-01 2.85257E-02 1.29998E-04 
1.89813E-01 2.38741E-02 1.49356E-04 
1.86287E-01 1.97813E-02 1.73501E-04 
1.82172E-01 1.62361E-02 2.04036E-04 
1.77482E-01 1.32118E-02 2.43222E-04 
1.73501E-01 1.12072E-02 2.81525E-04 
1.72286E-01 1.06732E-02 2.94365E-04 
1.66210E-01 8.42923E-03 3.68563E-04 
1.59731E-01 6.63397E-03 4.71644E-04 
1.52960E-01 5.22109E-03 6.18352E-04 
1.46014E-01 4.12512E-03 8.32653E-04 
1.39066E-01 3.30483E-03 1.15547E-03 
1.32152E-01 2.67435E-03 1.65536E-03 
1.25269E-01 2.19274E-03 2.45429E-03 
1.18486E-01 1.82266E-03 3.77534E-03 
1.11866E-01 1.53472E-03 6.03708E-03 
1.05482E-01 1.30676E-03 1.00410E-02 
9.94657E-02 1.12341E-03 1.73223E-02 
9.41565E-02 9.76100E-04 3.06676E-02 
9.05047E-02 8.64957E-04 5.42470E-02 
9.05272E-02 7.99648E-04 9.09114E-02 
9.55188E-02 7.80840E-04 1.34083E-01 
1.01373E-01 7.67053E-04 1.66055E-01 
1.02186E-01 7.15316E-04 1.76748E-01 
1.86215E-01 4.00602E-02 9.34607E-05 
1.83850E-01 3.39445E-02 1.04899E-04 
1.80464E-01 2.84993E-02 1.18769E-04 
1.77225E-01 2.36774E-02 1.35824E-04 
1.73413E-01 1.94584E-02 1.57023E-04 
1.69072E-01 1.58286E-02 1.83776E-04 
1.64214E-01 1.27541E-02 2.18025E-04 
1.60137E-01 1.07298E-02 2.51428E-04 
1.58900E-01 1.01928E-02 2.62614E-04 
1.52765E-01 7.94807E-03 3.27148E-04 
1.46290E-01 6.16936E-03 4.16574E-04 
1.39589E-01 4.78423E-03 5.43532E-04 
1.32772E-01 3.72222E-03 7.28524E-04 
1.26019E-01 2.93465E-03 1.00658E-03 
1.19339E-01 2.33931E-03 1.43607E-03 
1.12734E-01 1.89179E-03 2.12069E-03 
1.06266E-01 1.55380E-03 3.24955E-03 
9.99880E-02 1.29539E-03 5.17677E-03 
9.39633E-02 1.09424E-03 8.57874E-03 
8.83050E-02 9.34850E-04 1.47451E-02 
8.33097E-02 8.08267E-04 2.60100E-02 
7.98091E-02 7.13344E-04 4.58438E-02 
7.95617E-02 6.57226E-04 7.65515E-02 
8.36692E-02 6.39811E-04 1.12498E-01 
8.85010E-02 6.26731E-04 1.38822E-01 
8.89097E-02 5.82873E-04 1.47229E-01 
1.74539E-01 4.04984E-02 8.59340E-05 
1.71862E-01 3.41207E-02 9.60087E-05 
1.68292E-01 2.84462E-02 1.08171E-04 
1.64763E-01 2.34611E-02 1.23094E-04 
1.60688E-01 1.91235E-02 1.41573E-04 
1.56125E-01 1.54154E-02 1.64817E-04 
1.51113E-01 1.22985E-02 1.94513E-04 
1.46960E-01 1.02607E-02 2.23409E-04 
1.45708E-01 9.72250E-03 2.33076E-04 
1.39534E-01 7.48413E-03 2.88741E-04 
1.33100E-01 5.72829E-03 3.65699E-04 
1.26512E-01 4.37568E-03 4.74705E-04 
1.19875E-01 3.35066E-03 6.33160E-04 
1.13366E-01 2.59793E-03 8.70850E-04 
1.06967E-01 2.03789E-03 1.23706E-03 
1.00685E-01 1.62355E-03 1.81921E-03 
9.45717E-02 1.31601E-03 2.77643E-03 
8.86726E-02 1.08510E-03 4.40595E-03 
8.30393E-02 9.08524E-04 7.27354E-03 
7.77684E-02 7.70844E-04 1.24555E-02 
7.31156E-02 6.62876E-04 2.18902E-02 
6.98022E-02 5.82510E-04 3.84404E-02 
6.93479E-02 5.34756E-04 6.39540E-02 
7.26805E-02 5.18952E-04 9.36406E-02 
7.66154E-02 5.06883E-04 1.15127E-01 
7.67039E-02 4.70140E-04 1.21653E-01 
1.63168E-01 4.08762E-02 7.88847E-05 
1.60184E-01 3.42409E-02 8.77026E-05 
1.56446E-01 2.83560E-02 9.83178E-05 
1.52620E-01 2.32123E-02 1.11272E-04 
1.48305E-01 1.87667E-02 1.27270E-04 
1.43551E-01 1.49920E-02 1.47333E-04 
1.38410E-01 1.18428E-02 1.72896E-04 
1.34206E-01 9.79929E-03 1.97731E-04 
1.32943E-01 9.26161E-03 2.06022E-04 
1.26762E-01 7.03815E-03 2.53695E-04 
1.20398E-01 5.31160E-03 3.19452E-04 
1.13958E-01 3.99595E-03 4.12382E-04 
1.07537E-01 3.01060E-03 5.47175E-04 
1.01302E-01 2.29437E-03 7.48961E-04 
9.52206E-02 1.76956E-03 1.05908E-03 
8.92941E-02 1.38735E-03 1.55082E-03 
8.35657E-02 1.10853E-03 2.35712E-03 
7.80710E-02 9.03017E-04 3.72570E-03 
7.28512E-02 7.48738E-04 6.12674E-03 
6.79858E-02 6.30455E-04 1.04521E-02 
6.36936E-02 5.38978E-04 1.83008E-02 
6.05945E-02 4.71460E-04 3.20173E-02 
5.99914E-02 4.31189E-04 5.30705E-02 
6.26582E-02 4.17109E-04 7.74170E-02 
6.58224E-02 4.06243E-04 9.48278E-02 
6.56680E-02 3.75808E-04 9.98321E-02 
1.52187E-01 4.11853E-02 7.23148E-05 
1.48894E-01 3.42947E-02 7.99736E-05 
1.44969E-01 2.82119E-02 8.91693E-05 
1.40901E-01 2.29258E-02 1.00354E-04 
1.36359E-01 1.83822E-02 1.14095E-04 
1.31427E-01 1.45513E-02 1.31270E-04 
1.26171E-01 1.13805E-02 1.53096E-04 
1.21932E-01 9.33893E-03 1.74267E-04 
1.20669E-01 8.80427E-03 1.81331E-04 
1.14526E-01 6.60587E-03 2.21869E-04 
1.08266E-01 4.91553E-03 2.77633E-04 
1.01998E-01 3.64146E-03 3.56254E-04 
9.58174E-02 2.69852E-03 4.70037E-04 
8.98840E-02 2.02040E-03 6.40073E-04 
8.41462E-02 1.53085E-03 9.00793E-04 
7.86006E-02 1.17986E-03 1.31310E-03 
7.32788E-02 9.28186E-04 1.98737E-03 
6.82063E-02 7.46100E-04 3.12847E-03 
6.34133E-02 6.11987E-04 5.12449E-03 
5.89648E-02 5.11009E-04 8.70837E-03 
5.50442E-02 4.34079E-04 1.51895E-02 
5.21796E-02 3.77833E-04 2.64744E-02 
5.14783E-02 3.44210E-04 4.37174E-02 
5.35792E-02 3.31892E-04 6.35331E-02 
5.60879E-02 3.22341E-04 7.75295E-02 
5.57573E-02 2.97445E-04 8.13137E-02 
1.41641E-01 4.14159E-02 6.62098E-05 
1.38054E-01 3.42766E-02 7.28107E-05 
1.33938E-01 2.80079E-02 8.07137E-05 
1.29640E-01 2.25910E-02 9.02911E-05 
1.24893E-01 1.79616E-02 1.01992E-04 
1.19810E-01 1.40876E-02 1.16567E-04 
1.14469E-01 1.09079E-02 1.35047E-04 
1.10202E-01 8.87590E-03 1.52923E-04 
1.08937E-01 8.34616E-03 1.58880E-04 
1.02841E-01 6.18117E-03 1.93025E-04 
9.67241E-02 4.53531E-03 2.39925E-04 
9.06795E-02 3.30888E-03 3.05943E-04 
8.47788E-02 2.41165E-03 4.01268E-04 
7.91702E-02 1.77325E-03 5.43438E-04 
7.37932E-02 1.31893E-03 7.60903E-04 
6.86423E-02 9.98172E-04 1.10389E-03 
6.37382E-02 7.72100E-04 1.66327E-03 
5.90961E-02 6.11594E-04 2.60721E-03 
5.47356E-02 4.95685E-04 4.25327E-03 
5.07069E-02 4.10063E-04 7.19938E-03 
4.71616E-02 3.45889E-04 1.25087E-02 
4.45449E-02 2.99477E-04 2.17181E-02 
4.37887E-02 2.71713E-04 3.57260E-02 
4.54141E-02 2.61135E-04 5.17207E-02 
4.73712E-02 2.52942E-04 6.28735E-02 
4.69214E-02 2.32868E-04 6.56898E-02 
1.31571E-01 4.15620E-02 6.05556E-05 
1.27714E-01 3.41841E-02 6.61998E-05 
1.23396E-01 2.77392E-02 7.29255E-05 
1.18893E-01 2.22044E-02 8.10534E-05 
1.13980E-01 1.75053E-02 9.09335E-05 
1.08773E-01 1.36019E-02 1.03191E-04 
1.03361E-01 1.04238E-02 1.18677E-04 
9.90855E-02 8.40929E-03 1.33626E-04 
9.78289E-02 7.88696E-03 1.38606E-04 
9.18262E-02 5.76614E-03 1.67126E-04 
8.58708E-02 4.17119E-03 2.06215E-04 
8.00506E-02 2.99603E-03 2.61105E-04 
7.44418E-02 2.14698E-03 3.40226E-04 
6.91764E-02 1.54977E-03 4.58063E-04 
6.41795E-02 1.13082E-03 6.37909E-04 
5.94372E-02 8.39488E-04 9.20849E-04 
5.49594E-02 6.37623E-04 1.38099E-03 
5.07518E-02 4.96991E-04 2.15527E-03 
4.68242E-02 3.97479E-04 3.50130E-03 
4.32121E-02 3.25418E-04 5.90256E-03 
4.00400E-02 2.72365E-04 1.02150E-02 
3.76781E-02 2.34471E-04 1.76657E-02 
3.69030E-02 2.11826E-04 2.89462E-02 
3.81346E-02 2.02921E-04 4.17418E-02 
3.96335E-02 1.96066E-04 5.05445E-02 
3.91120E-02 1.80156E-04 5.26023E-02 
1.22003E-01 4.16185E-02 5.53326E-05 
1.17897E-01 3.40120E-02 6.01124E-05 
1.13383E-01 2.74020E-02 6.57755E-05 
1.08686E-01 2.17615E-02 7.25944E-05 
1.03641E-01 1.70091E-02 8.08552E-05 
9.83283E-02 1.30882E-02 9.10398E-05 
9.28740E-02 9.92498E-03 1.03874E-04 
8.86173E-02 7.93773E-03 1.16248E-04 
8.73718E-02 7.42490E-03 1.20365E-04 
8.14790E-02 5.35692E-03 1.43927E-04 
7.57091E-02 3.81981E-03 1.76167E-04 
7.01429E-02 2.70100E-03 2.21367E-04 
6.48452E-02 1.90271E-03 2.86408E-04 
5.99350E-02 1.34784E-03 3.83151E-04 
5.53275E-02 9.64137E-04 5.30495E-04 
5.09989E-02 7.01328E-04 7.61748E-04 
4.69488E-02 5.22299E-04 1.13683E-03 
4.31725E-02 3.99928E-04 1.76610E-03 
3.96702E-02 3.15110E-04 2.85667E-03 
3.64665E-02 2.54993E-04 4.79568E-03 
3.36592E-02 2.11579E-04 8.26542E-03 
3.15535E-02 1.81009E-04 1.42367E-02 
3.07889E-02 1.62802E-04 2.32341E-02 
3.16990E-02 1.55471E-04 3.33703E-02 
3.28224E-02 1.49899E-04 4.02456E-02 
3.22678E-02 1.37551E-04 4.17164E-02 
1.12926E-01 4.15758E-02 5.05101E-05 
1.08608E-01 3.37563E-02 5.45174E-05 
1.03925E-01 2.69979E-02 5.92344E-05 
9.90572E-02 2.12650E-02 6.48847E-05 
9.39027E-02 1.64730E-02 7.17035E-05 
8.85176E-02 1.25498E-02 8.00623E-05 
8.30461E-02 9.41340E-03 9.05635E-05 
7.88237E-02 7.46118E-03 1.00675E-04 
7.75966E-02 6.96018E-03 1.04037E-04 
7.18334E-02 4.95365E-03 1.23263E-04 
6.62657E-02 3.48057E-03 1.49539E-04 
6.09749E-02 2.42234E-03 1.86353E-04 
5.60105E-02 1.67722E-03 2.39273E-04 
5.14670E-02 1.16558E-03 3.17901E-04 
4.72512E-02 8.16780E-04 4.37406E-04 
4.33348E-02 5.81500E-04 6.24509E-04 
3.97057E-02 4.23916E-04 9.27181E-04 
3.63505E-02 3.18254E-04 1.43349E-03 
3.32610E-02 2.46572E-04 2.30817E-03 
3.04503E-02 1.96896E-04 3.85808E-03 
2.79945E-02 1.61783E-04 6.62141E-03 
2.61407E-02 1.37463E-04 1.13575E-02 
2.54096E-02 1.23071E-04 1.84586E-02 
2.60615E-02 1.17192E-04 2.64018E-02 
2.68819E-02 1.12825E-04 3.17098E-02 
2.63246E-02 1.03493E-04 3.27329E-02 
1.04369E-01 4.14389E-02 4.60754E-05 
9.98734E-02 3.34222E-02 4.93959E-05 
9.50348E-02 2.65280E-02 5.32672E-05 
9.00227E-02 2.07165E-02 5.78796E-05 
8.47715E-02 1.58973E-02 6.34170E-05 
7.93569E-02 1.19878E-02 7.01842E-05 
7.39003E-02 8.89087E-03 7.86514E-05 
6.97264E-02 6.98102E-03 8.67898E-05 
6.85206E-02 6.49372E-03 8.94942E-05 
6.29137E-02 4.55711E-03 1.04972E-04 
5.75801E-02 3.15435E-03 1.26130E-04 
5.25827E-02 2.16013E-03 1.55763E-04 
4.79525E-02 1.46940E-03 1.98301E-04 
4.37717E-02 1.00118E-03 2.61453E-04 
3.99462E-02 6.86746E-04 3.57293E-04 
3.64354E-02 4.77904E-04 5.07013E-04 
3.32168E-02 3.40402E-04 7.48571E-04 
3.02682E-02 2.49982E-04 1.15148E-03 
2.75740E-02 1.89991E-04 1.84529E-03 
2.51369E-02 1.49398E-04 3.07040E-03 
2.30149E-02 1.21385E-04 5.24648E-03 
2.14045E-02 1.02360E-04 8.96017E-03 
2.07236E-02 9.12181E-05 1.44998E-02 
2.11722E-02 8.66597E-05 2.06504E-02 
2.17523E-02 8.34023E-05 2.46956E-02 
2.12152E-02 7.66012E-05 2.53830E-02 
9.63190E-02 4.12100E-02 4.19990E-05 
9.16545E-02 3.30040E-02 4.46992E-05 
8.66976E-02 2.59932E-02 4.78262E-05 
8.15674E-02 2.01173E-02 5.15209E-05 
7.62538E-02 1.52865E-02 5.59362E-05 
7.08272E-02 1.14027E-02 6.13058E-05 
6.54158E-02 8.35749E-03 6.80084E-05 
6.13168E-02 6.49829E-03 7.44474E-05 
6.01397E-02 6.02679E-03 7.65874E-05 
5.47059E-02 4.16721E-03 8.88311E-05 
4.96243E-02 2.83991E-03 1.05608E-04 
4.49296E-02 1.91245E-03 1.29108E-04 
4.06460E-02 1.27750E-03 1.62844E-04 
3.68333E-02 8.52912E-04 2.12919E-04 
3.33920E-02 5.72114E-04 2.88792E-04 
3.02754E-02 3.88535E-04 4.07080E-04 
2.74519E-02 2.69763E-04 5.97445E-04 
2.48910E-02 1.93205E-04 9.14025E-04 
2.25704E-02 1.43575E-04 1.45741E-03 
2.04848E-02 1.10862E-04 2.41339E-03 
1.86755E-02 8.88921E-05 4.10477E-03 
1.72964E-02 7.43256E-05 6.97854E-03 
1.66776E-02 6.59362E-05 1.12421E-02 
1.69690E-02 6.25654E-05 1.59385E-02 
1.73613E-02 6.03141E-05 1.89745E-02 
1.68611E-02 5.56230E-05 1.94151E-02 
8.88267E-02 4.08887E-02 3.82870E-05 
8.40181E-02 3.25091E-02 4.04398E-05 
7.89712E-02 2.53994E-02 4.29166E-05 
7.37570E-02 1.94763E-02 4.58141E-05 
6.83983E-02 1.46460E-02 4.92503E-05 
6.29972E-02 1.08032E-02 5.34247E-05 
5.76559E-02 7.82020E-03 5.86185E-05 
5.36510E-02 6.01844E-03 6.36123E-05 
5.25085E-02 5.56455E-03 6.52745E-05 
4.72776E-02 3.78906E-03 7.47986E-05 
4.24550E-02 2.54031E-03 8.78813E-05 
3.80709E-02 1.68126E-03 1.06249E-04 
3.41359E-02 1.10228E-03 1.32648E-04 
3.06860E-02 7.20598E-04 1.71856E-04 
2.76198E-02 4.72210E-04 2.31214E-04 
2.48814E-02 3.12433E-04 3.23579E-04 
2.24306E-02 2.10867E-04 4.71857E-04 
2.02310E-02 1.46726E-04 7.17697E-04 
1.82555E-02 1.06152E-04 1.13825E-03 
1.64923E-02 8.01680E-05 1.87532E-03 
1.49692E-02 6.32615E-05 3.17406E-03 
1.38039E-02 5.23883E-05 5.37044E-03 
1.32535E-02 4.62915E-05 8.61035E-03 
1.34273E-02 4.39686E-05 1.21493E-02 
1.36774E-02 4.26138E-05 1.43943E-02 
1.32243E-02 3.96501E-05 1.46589E-02 
8.17787E-02 4.04747E-02 3.48669E-05 
7.68568E-02 3.19367E-02 3.65350E-05 
7.17338E-02 2.47409E-02 3.84333E-05 
6.64763E-02 1.87897E-02 4.06379E-05 
6.11059E-02 1.39753E-02 4.32245E-05 
5.57512E-02 1.01849E-02 4.63612E-05 
5.05163E-02 7.27671E-03 5.02688E-05 
4.66208E-02 5.53864E-03 5.40263E-05 
4.55167E-02 5.10388E-03 5.52804E-05 
4.05173E-02 3.41937E-03 6.25107E-05 
3.59726E-02 2.25298E-03 7.24870E-05 
3.19046E-02 1.46373E-03 8.65416E-05 
2.83181E-02 9.40809E-04 1.06806E-04 
2.52308E-02 6.01527E-04 1.36991E-04 
2.25289E-02 3.84424E-04 1.82658E-04 
2.01509E-02 2.47095E-04 2.53590E-04 
1.80507E-02 1.61403E-04 3.67172E-04 
1.61876E-02 1.08455E-04 5.54908E-04 
1.45304E-02 7.58455E-05 8.74897E-04 
1.30630E-02 5.56496E-05 1.43355E-03 
1.18012E-02 4.30118E-05 2.41350E-03 
1.08330E-02 3.52160E-05 4.06242E-03 
1.03538E-02 3.10406E-05 6.47957E-03 
1.04409E-02 2.96475E-05 9.09535E-03 
1.05846E-02 2.90979E-05 1.07203E-02 
1.01843E-02 2.75543E-05 1.08609E-02 
7.52113E-02 3.99720E-02 3.17422E-05 
7.02131E-02 3.12964E-02 3.29891E-05 
6.50363E-02 2.40298E-02 3.43822E-05 
5.97650E-02 1.80669E-02 3.59887E-05 
5.44157E-02 1.32837E-02 3.78495E-05 
4.91341E-02 9.55785E-03 4.01043E-05 
4.40325E-02 6.73443E-03 4.29297E-05 
4.02731E-02 5.06663E-03 4.56624E-05 
3.92144E-02 4.65254E-03 4.65790E-05 
3.44560E-02 3.06274E-03 5.18937E-05 
3.02037E-02 1.98101E-03 5.93098E-05 
2.64663E-02 1.26224E-03 6.98477E-05 
2.32265E-02 7.94427E-04 8.51110E-05 
2.04828E-02 4.95789E-04 1.07913E-04 
1.81243E-02 3.08217E-04 1.42427E-04 
1.60825E-02 1.91698E-04 1.95970E-04 
1.43059E-02 1.20424E-04 2.81504E-04 
1.27499E-02 7.74116E-05 4.22434E-04 
1.13803E-02 5.17095E-05 6.61709E-04 
1.01778E-02 3.64178E-05 1.07770E-03 
9.14910E-03 2.73276E-05 1.80382E-03 
8.35788E-03 2.20590E-05 3.01882E-03 
7.94900E-03 1.94729E-05 4.78750E-03 
7.97456E-03 1.88956E-05 6.68152E-03 
8.04096E-03 1.90580E-05 7.82987E-03 
7.69518E-03 1.86687E-05 7.88713E-03 
6.90877E-02 3.93759E-02 2.88838E-05 
6.40468E-02 3.05865E-02 2.97653E-05 
5.88509E-02 2.32698E-02 3.07246E-05 
5.35914E-02 1.73113E-02 3.18166E-05 
4.82982E-02 1.25754E-02 3.30645E-05 
4.31168E-02 8.92595E-03 3.45772E-05 
3.81730E-02 6.19650E-03 3.65012E-05 
3.45686E-02 4.60442E-03 3.83884E-05 
3.35600E-02 4.21221E-03 3.90276E-05 
2.90643E-02 2.72118E-03 4.27780E-05 
2.51151E-02 1.72538E-03 4.81116E-05 
2.17076E-02 1.07645E-03 5.57967E-05 
1.88074E-02 6.62210E-04 6.70207E-05 
1.63953E-02 4.02355E-04 8.38843E-05 
1.43605E-02 2.42423E-04 1.09448E-04 
1.26299E-02 1.45004E-04 1.49074E-04 
1.11480E-02 8.66873E-05 2.12229E-04 
9.86790E-03 5.24155E-05 3.15932E-04 
8.75437E-03 3.26596E-05 4.91288E-04 
7.78508E-03 2.14917E-05 7.94602E-04 
6.96087E-03 1.53319E-05 1.32117E-03 
6.32542E-03 1.21259E-05 2.19662E-03 
5.98309E-03 1.08499E-05 3.46073E-03 
5.96652E-03 1.09883E-05 4.79781E-03 
5.97831E-03 1.17812E-05 5.58504E-03 
5.68557E-03 1.23259E-05 5.58886E-03 
6.33832E-02 3.86857E-02 2.62693E-05 
5.83359E-02 2.98107E-02 2.68381E-05 
5.31502E-02 2.24643E-02 2.74256E-05 
4.79314E-02 1.65281E-02 2.80809E-05 
4.27266E-02 1.18555E-02 2.88164E-05 
3.76746E-02 8.29452E-03 2.97141E-05 
3.29102E-02 5.66713E-03 3.08965E-05 
2.94787E-02 4.15554E-03 3.20982E-05 
2.85237E-02 3.78608E-03 3.25120E-05 
2.43096E-02 2.39686E-03 3.50058E-05 
2.06707E-02 1.48719E-03 3.86731E-05 
1.75916E-02 9.06677E-04 4.40859E-05 
1.50212E-02 5.43832E-04 5.21025E-05 
1.29244E-02 3.20504E-04 6.42628E-05 
1.11903E-02 1.86074E-04 8.27499E-05 
9.74332E-03 1.05934E-04 1.11398E-04 
8.52553E-03 5.91143E-05 1.56953E-04 
7.48938E-03 3.24461E-05 2.31469E-04 
6.59947E-03 1.77569E-05 3.56866E-04 
5.83227E-03 1.00353E-05 5.72496E-04 
5.18414E-03 6.28032E-06 9.44402E-04 
4.68315E-03 4.75047E-06 1.55791E-03 
4.40147E-03 4.55295E-06 2.43503E-03 
4.35712E-03 5.32155E-06 3.34862E-03 
4.33142E-03 6.67523E-06 3.86651E-03 
4.08787E-03 7.97480E-06 3.83827E-03 
5.80703E-02 3.79008E-02 2.38770E-05 
5.30432E-02 2.89662E-02 2.41771E-05 
4.79041E-02 2.16167E-02 2.44519E-05 
4.27547E-02 1.57213E-02 2.47403E-05 
3.76680E-02 1.11284E-02 2.50522E-05 
3.27742E-02 7.66796E-03 2.54488E-05 
2.82127E-02 5.15058E-03 2.60332E-05 
2.49681E-02 3.72321E-03 2.66873E-05 
2.40713E-02 3.37734E-03 2.69229E-05 
2.01519E-02 2.09155E-03 2.84245E-05 
1.68285E-02 1.26734E-03 3.07851E-05 
1.40727E-02 7.53077E-04 3.44208E-05 
1.18217E-02 4.39022E-04 3.99450E-05 
1.00203E-02 2.49516E-04 4.84421E-05 
8.56179E-03 1.38252E-04 6.14266E-05 
7.36920E-03 7.35069E-05 8.15551E-05 
6.38406E-03 3.67488E-05 1.13478E-04 
5.55964E-03 1.66153E-05 1.65459E-04 
4.86136E-03 6.20090E-06 2.52402E-04 
4.26599E-03 1.33810E-06 4.00828E-04 
3.76644E-03 -4.53600E-07 6.54663E-04 
3.37900E-03 -6.24827E-07 1.06917E-03 
3.15064E-03 6.76034E-08 1.65401E-03 
3.08864E-03 1.39550E-06 2.25057E-03 
3.03780E-03 3.25192E-06 2.57095E-03 
2.83806E-03 5.16275E-06 2.52552E-03 
5.31148E-02 3.70134E-02 2.16845E-05 
4.81371E-02 2.80501E-02 2.17562E-05 
4.30814E-02 2.07284E-02 2.17726E-05 
3.80345E-02 1.48960E-02 2.17591E-05 
3.30912E-02 1.03983E-02 2.17249E-05 
2.83835E-02 7.05072E-03 2.17216E-05 
2.40455E-02 4.65045E-03 2.18334E-05 
2.10001E-02 3.31038E-03 2.20604E-05 
2.01653E-02 2.98878E-03 2.21586E-05 
1.65515E-02 1.80719E-03 2.28968E-05 
1.35453E-02 1.06677E-03 2.42577E-05 
1.11051E-02 6.15840E-04 2.65371E-05 
9.15540E-03 3.47242E-04 3.01546E-05 
7.62765E-03 1.88603E-04 3.58535E-05 
6.41892E-03 9.80816E-05 4.46406E-05 
5.45166E-03 4.68529E-05 5.82791E-05 
4.66829E-03 1.87663E-05 7.98367E-05 
4.02421E-03 4.17112E-06 1.14719E-04 
3.48669E-03 -2.67687E-06 1.72564E-04 
3.03426E-03 -5.18711E-06 2.70354E-04 
2.65723E-03 -5.38327E-06 4.35570E-04 
2.36335E-03 -4.45415E-06 7.01438E-04 
2.18012E-03 -3.02335E-06 1.06928E-03 
2.10716E-03 -1.19385E-06 1.43264E-03 
2.03975E-03 1.11776E-06 1.61096E-03 
1.87755E-03 3.52569E-06 1.55823E-03 
4.84578E-02 3.60027E-02 1.96604E-05 
4.35693E-02 2.70548E-02 1.95437E-05 
3.86296E-02 1.97937E-02 1.93478E-05 
3.37196E-02 1.40504E-02 1.90903E-05 
2.89493E-02 9.66642E-03 1.87806E-05 
2.44543E-02 6.44453E-03 1.84650E-05 
2.03599E-02 4.16861E-03 1.82128E-05 
1.75249E-02 2.91851E-03 1.81157E-05 
1.67544E-02 2.62157E-03 1.81100E-05 
1.34540E-02 1.54422E-03 1.82766E-05 
1.07649E-02 8.85437E-04 1.88944E-05 
8.62983E-03 4.94456E-04 2.01633E-05 
6.96442E-03 2.67827E-04 2.23607E-05 
5.68817E-03 1.36966E-04 2.59699E-05 
4.70137E-03 6.46868E-05 3.16089E-05 
3.92948E-03 2.51223E-05 4.03785E-05 
3.31760E-03 4.40022E-06 5.41718E-05 
2.82415E-03 -5.55623E-06 7.62758E-05 
2.41898E-03 -9.45281E-06 1.12435E-04 
2.08291E-03 -1.00365E-05 1.72621E-04 
1.80481E-03 -8.93568E-06 2.72300E-04 
1.58618E-03 -7.11133E-06 4.28773E-04 
1.43979E-03 -5.06062E-06 6.37911E-04 
1.35987E-03 -2.77457E-06 8.32383E-04 
1.28151E-03 -4.52690E-08 9.10391E-04 
1.15039E-03 2.77016E-06 8.56599E-04 
4.40783E-02 3.48482E-02 1.77912E-05 
3.93229E-02 2.59727E-02 1.75251E-05 
3.45331E-02 1.88113E-02 1.71601E-05 
2.97966E-02 1.31886E-02 1.67132E-05 
2.52281E-02 8.93840E-03 1.61922E-05 
2.09703E-02 5.85526E-03 1.56433E-05 
1.71384E-02 3.71050E-03 1.51245E-05 
1.45216E-02 2.55201E-03 1.47924E-05 
1.38166E-02 2.27977E-03 1.47121E-05 
1.08335E-02 1.30542E-03 1.44725E-05 
8.45397E-03 7.24631E-04 1.45606E-05 
6.60916E-03 3.89363E-04 1.51078E-05 
5.20514E-03 2.00572E-04 1.62806E-05 
4.15379E-03 9.40806E-05 1.83720E-05 
3.36086E-03 3.74872E-05 2.17207E-05 
2.75460E-03 7.74481E-06 2.69382E-05 
2.28442E-03 -6.87798E-06 3.50637E-05 
1.91293E-03 -1.30370E-05 4.78517E-05 
1.61336E-03 -1.45352E-05 6.82497E-05 
1.36880E-03 -1.35629E-05 1.01175E-04 
1.16790E-03 -1.14168E-05 1.53549E-04 
1.00767E-03 -8.86634E-06 2.31470E-04 
8.89906E-04 -6.29360E-06 3.27392E-04 
8.05194E-04 -3.59112E-06 4.02680E-04 
7.19303E-04 -4.79440E-07 4.11879E-04 
6.13025E-04 2.66892E-06 3.60837E-04 
3.99000E-02 3.35058E-02 1.60413E-05 
3.53246E-02 2.47746E-02 1.56609E-05 
3.07264E-02 1.77649E-02 1.51672E-05 
2.62042E-02 1.23020E-02 1.45805E-05 
2.18708E-02 8.21089E-03 1.39061E-05 
1.78744E-02 5.28146E-03 1.31910E-05 
1.43237E-02 3.27556E-03 1.24883E-05 
1.19330E-02 2.21065E-03 1.19965E-05 
1.12951E-02 1.96321E-03 1.18659E-05 
8.62918E-03 1.09008E-03 1.13528E-05 
6.55082E-03 5.83503E-04 1.10830E-05 
4.97959E-03 2.99525E-04 1.11352E-05 
3.81419E-03 1.44465E-04 1.15939E-05 
2.96134E-03 5.90286E-05 1.26102E-05 
2.33394E-03 1.56492E-05 1.43208E-05 
1.86499E-03 -5.98347E-06 1.69870E-05 
1.50932E-03 -1.56373E-05 2.10367E-05 
1.23431E-03 -1.87285E-05 2.71306E-05 
1.01707E-03 -1.82953E-05 3.62405E-05 
8.42617E-04 -1.60724E-05 4.96750E-05 
7.00463E-04 -1.30842E-05 6.83943E-05 
5.84325E-04 -9.94316E-06 9.07310E-05 
4.87889E-04 -6.92767E-06 1.07141E-04 
3.99356E-04 -3.84472E-06 9.97802E-05 
3.08059E-04 -3.84060E-07 6.29942E-05 
2.21120E-04 3.03366E-06 1.67605E-05 
3.58568E-02 3.19178E-02 1.43806E-05 
3.15099E-02 2.34202E-02 1.39178E-05 
2.71544E-02 1.66321E-02 1.33353E-05 
2.28901E-02 1.13781E-02 1.26540E-05 
1.88305E-02 7.47899E-03 1.18796E-05 
1.51234E-02 4.72195E-03 1.10593E-05 
1.18733E-02 2.86412E-03 1.02445E-05 
9.71567E-03 1.89481E-03 9.65600E-06 
9.14548E-03 1.67218E-03 9.49506E-06 
6.79497E-03 8.98237E-04 8.81765E-06 
5.00639E-03 4.61637E-04 8.32676E-06 
3.68913E-03 2.24230E-04 8.06041E-06 
2.73749E-03 9.86925E-05 8.04279E-06 
2.05629E-03 3.10563E-05 8.32234E-06 
1.56699E-03 -1.44778E-06 8.89264E-06 
1.20882E-03 -1.65490E-05 9.76858E-06 
9.42778E-04 -2.22553E-05 1.09482E-05 
7.41563E-04 -2.29228E-05 1.23296E-05 
5.86234E-04 -2.09652E-05 1.35105E-05 
4.63963E-04 -1.77539E-05 1.33140E-05 
3.65120E-04 -1.40995E-05 8.61595E-06 
2.81176E-04 -1.04873E-05 -7.46222E-06 
1.99946E-04 -7.10367E-06 -4.54826E-05 
1.08132E-04 -3.68288E-06 -1.08473E-04 
1.29445E-05 8.43276E-08 -1.74620E-04 
-5.91181E-05 3.70797E-06 -2.14974E-04 
3.18608E-02 2.99963E-02 1.27718E-05 
2.77983E-02 2.18483E-02 1.22569E-05 
2.37469E-02 1.53760E-02 1.16249E-05 
1.97916E-02 1.03951E-02 1.08918E-05 
1.60517E-02 6.73165E-03 1.00675E-05 
1.26676E-02 4.17197E-03 9.19777E-06 
9.73977E-03 2.47424E-03 8.33380E-06 
7.82329E-03 1.60360E-03 7.70258E-06 
7.32187E-03 1.40597E-03 7.52810E-06 
5.28313E-03 7.29168E-04 6.77389E-06 
3.77075E-03 3.58164E-04 6.16837E-06 
2.68638E-03 1.62558E-04 5.71824E-06 
1.92280E-03 6.24119E-05 5.40264E-06 
1.38668E-03 9.50480E-06 5.19774E-06 
1.00944E-03 -1.42875E-05 4.99881E-06 
7.37792E-04 -2.42804E-05 4.65244E-06 
5.39602E-04 -2.69456E-05 3.86547E-06 
3.92942E-04 -2.57611E-05 2.02163E-06 
2.82632E-04 -2.26457E-05 -2.20382E-06 
1.97954E-04 -1.86900E-05 -1.16351E-05 
1.30069E-04 -1.45406E-05 -3.20755E-05 
6.90288E-05 -1.05802E-05 -7.36972E-05 
-1.57788E-06 -6.91529E-06 -1.47381E-04 
-9.58093E-05 -3.22112E-06 -2.45831E-04 
-1.93261E-04 7.85928E-07 -3.29092E-04 
-2.53596E-04 4.53857E-06 -3.62979E-04 
2.78156E-02 2.76287E-02 1.11735E-05 
2.41039E-02 1.99826E-02 1.06371E-05 
2.04200E-02 1.39426E-02 9.99101E-06 
1.68352E-02 9.32027E-03 9.24779E-06 
1.34694E-02 5.95043E-03 8.42136E-06 
1.04498E-02 3.62204E-03 7.55444E-06 
7.87068E-03 2.10115E-03 6.69698E-06 
6.20608E-03 1.33422E-03 6.06969E-06 
5.77477E-03 1.16211E-03 5.89570E-06 
4.04530E-03 5.81345E-04 5.13599E-06 
2.79480E-03 2.71849E-04 4.49799E-06 
1.92173E-03 1.13499E-04 3.96549E-06 
1.32111E-03 3.48829E-05 3.48538E-06 
9.05186E-04 -6.04936E-06 2.98559E-06 
6.16549E-04 -2.30653E-05 2.29893E-06 
4.10435E-04 -2.92144E-05 1.16549E-06 
2.61914E-04 -2.96536E-05 -8.89899E-07 
1.54274E-04 -2.71540E-05 -4.80219E-06 
7.57386E-05 -2.32499E-05 -1.24587E-05 
1.74382E-05 -1.88173E-05 -2.76679E-05 
-2.87739E-05 -1.43771E-05 -5.77895E-05 
-7.36358E-05 -1.02291E-05 -1.14754E-04 
-1.36268E-04 -6.41163E-06 -2.09166E-04 
-2.30811E-04 -2.55919E-06 -3.26977E-04 
-3.27827E-04 1.56821E-06 -4.17582E-04 
-3.78227E-04 5.33531E-06 -4.44704E-04 
2.36538E-02 2.47203E-02 9.55438E-06 
2.03566E-02 1.77513E-02 9.02304E-06 
1.70993E-02 1.22768E-02 8.39279E-06 
1.39499E-02 8.11681E-03 7.67769E-06 
1.10162E-02 5.11179E-03 6.89256E-06 
8.40864E-03 3.05861E-03 6.07630E-06 
6.21029E-03 1.73746E-03 5.27577E-06 
4.81142E-03 1.08199E-03 4.69293E-06 
4.45228E-03 9.36464E-04 4.53130E-06 
3.03197E-03 4.52331E-04 3.82468E-06 
2.03025E-03 2.01112E-04 3.21893E-06 
1.34800E-03 7.60722E-05 2.68242E-06 
8.87558E-04 1.56532E-05 2.14318E-06 
5.70510E-04 -1.55460E-05 1.50248E-06 
3.51348E-04 -2.74373E-05 5.64271E-07 
1.94567E-04 -3.08679E-05 -9.81156E-07 
8.22149E-05 -2.98691E-05 -3.69221E-06 
2.35031E-06 -2.66326E-05 -8.64218E-06 
-5.38672E-05 -2.23894E-05 -1.79479E-05 
-9.37622E-05 -1.78461E-05 -3.57856E-05 
-1.24759E-04 -1.34203E-05 -7.00054E-05 
-1.57765E-04 -9.34153E-06 -1.32853E-04 
-2.12683E-04 -5.59534E-06 -2.34004E-04 
-3.02934E-04 -1.80387E-06 -3.55986E-04 
-3.94562E-04 2.21808E-06 -4.44686E-04 
-4.35501E-04 5.80462E-06 -4.64997E-04 
1.94183E-02 2.12947E-02 7.92108E-06 
1.65711E-02 1.51567E-02 7.41151E-06 
1.37819E-02 1.03735E-02 6.81944E-06 
1.11155E-02 6.77621E-03 6.16169E-06 
8.65887E-03 4.20651E-03 5.45171E-06 
6.50524E-03 2.47492E-03 4.72612E-06 
4.71513E-03 1.37784E-03 4.02338E-06 
3.59452E-03 8.42821E-04 3.51806E-06 
3.30953E-03 7.25283E-04 3.37851E-06 
2.19750E-03 3.39479E-04 2.77124E-06 
1.43203E-03 1.44240E-04 2.24914E-06 
9.22185E-04 4.94131E-05 1.77369E-06 
5.83165E-04 4.63392E-06 1.27026E-06 
3.49655E-04 -1.83567E-05 6.37822E-07 
1.87561E-04 -2.64281E-05 -3.11415E-07 
7.06552E-05 -2.81400E-05 -1.87416E-06 
-1.30176E-05 -2.65285E-05 -4.58152E-06 
-7.14657E-05 -2.32730E-05 -9.44394E-06 
-1.11094E-04 -1.93247E-05 -1.84311E-05 
-1.37778E-04 -1.52304E-05 -3.53854E-05 
-1.57878E-04 -1.13088E-05 -6.74226E-05 
-1.81325E-04 -7.72533E-06 -1.25423E-04 
-2.26130E-04 -4.43547E-06 -2.17342E-04 
-3.03754E-04 -1.09590E-06 -3.26068E-04 
-3.81744E-04 2.42099E-06 -4.02392E-04 
-4.12659E-04 5.50010E-06 -4.16255E-04 
1.53375E-02 1.76078E-02 6.34867E-06 
1.29413E-02 1.23846E-02 5.87125E-06 
1.06259E-02 8.36273E-03 5.33154E-06 
8.45015E-03 5.38205E-03 4.74826E-06 
6.47996E-03 3.28590E-03 4.13444E-06 
4.78510E-03 1.89814E-03 3.52188E-06 
3.40366E-03 1.03556E-03 2.94128E-06 
2.55564E-03 6.22974E-04 2.53185E-06 
2.34233E-03 5.33367E-04 2.41986E-06 
1.52195E-03 2.43307E-04 1.93839E-06 
9.70925E-04 1.00157E-04 1.53122E-06 
6.11913E-04 3.23085E-05 1.16351E-06 
3.76914E-04 9.99682E-07 7.74312E-07 
2.15843E-04 -1.48248E-05 2.84204E-07 
1.04167E-04 -2.00369E-05 -4.48093E-07 
2.35330E-05 -2.08434E-05 -1.64476E-06 
-3.39019E-05 -1.93911E-05 -3.70112E-06 
-7.34640E-05 -1.68546E-05 -7.36603E-06 
-9.95920E-05 -1.38916E-05 -1.40919E-05 
-1.16544E-04 -1.08734E-05 -2.66981E-05 
-1.28989E-04 -8.01103E-06 -5.03739E-05 
-1.44289E-04 -5.40872E-06 -9.29806E-05 
-1.75685E-04 -3.02034E-06 -1.60060E-04 
-2.31333E-04 -5.91495E-07 -2.38708E-04 
-2.86872E-04 1.95598E-06 -2.92974E-04 
-3.07440E-04 4.16301E-06 -3.01487E-04 
---
