PdfType: replica
Format: lhagrid1
---
1.00000E-06 1.28121E-06 1.64152E-06 2.10317E-06 2.69463E-06 3.45242E-06 4.42329E-06 5.66715E-06 7.26076E-06 9.30241E-06 1.19180E-05 1.52689E-05 1.95617E-05 2.50609E-05 3.21053E-05 4.11287E-05 5.26863E-05 6.74889E-05 8.64459E-05 1.10720E-04 1.41800E-04 1.81585E-04 2.32503E-04 2.97652E-04 3.80981E-04 4.87518E-04 6.26039E-04 8.00452E-04 1.02297E-03 1.30657E-03 1.66759E-03 2.12729E-03 2.71054E-03 3.44865E-03 4.37927E-03 5.54908E-03 7.01192E-03 8.83064E-03 1.10763E-02 1.38266E-02 1.71641E-02 2.11717E-02 2.59364E-02 3.15062E-02 3.79623E-02 4.53425E-02 5.36750E-02 6.29705E-02 7.32221E-02 8.44039E-02 9.64793E-02 1.09332E-01 1.23067E-01 1.37507E-01 1.52639E-01 1.68416E-01 1.84794E-01 2.01731E-01 2.19016E-01 2.36948E-01 2.55242E-01 2.73927E-01 2.92954E-01 3.12340E-01 3.32036E-01 3.52019E-01 3.72282E-01 3.92772E-01 4.13533E-01 4.34326E-01 4.55495E-01 4.76836E-01 4.98342E-01 5.20006E-01 5.41818E-01 5.63773E-01 5.85861E-01 6.08077E-01 6.30459E-01 6.52800E-01 6.75387E-01 6.98063E-01 7.20830E-01 7.43683E-01 7.66623E-01 7.89636E-01 8.12791E-01 8.35940E-01 8.59175E-01 8.82485E-01 9.05866E-01 9.29311E-01 9.52817E-01 9.76387E-01 1.00000E+00 
1.14018E+00 1.22539E+00 1.32482E+00 1.44156E+00 1.57954E+00 1.74381E+00 1.94091E+00 2.12132E+00 2.17945E+00 2.49622E+00 2.89383E+00 3.39925E+00 4.05063E+00 4.90286E+00 6.03623E+00 7.57063E+00 9.68869E+00 1.26749E+01 1.69835E+01 2.33578E+01 3.30501E+01 4.82334E+01 7.28041E+01 1.13998E+02 1.85779E+02 3.16228E+02 
908 909 910 
7.81879E-01 4.49869E-02 3.04731E-01 
7.97659E-01 5.40060E-02 3.58184E-01 
8.32128E-01 7.03853E-02 4.25774E-01 
8.94268E-01 9.51379E-02 5.11965E-01 
9.78237E-01 1.25186E-01 6.23873E-01 
1.08791E+00 1.61305E-01 7.73147E-01 
1.22767E+00 2.04308E-01 9.73668E-01 
1.35891E+00 2.42732E-01 1.17670E+00 
1.40178E+00 2.54943E-01 1.24743E+00 
1.63449E+00 3.19061E-01 1.66394E+00 
1.92116E+00 3.94061E-01 2.27420E+00 
2.27058E+00 4.80685E-01 3.19055E+00 
2.69200E+00 5.80371E-01 4.59866E+00 
3.19528E+00 7.50366E-01 6.84399E+00 
3.79674E+00 8.90186E-01 1.05388E+01 
4.52476E+00 1.04627E+00 1.67998E+01 
5.40087E+00 1.21962E+00 2.78316E+01 
6.44914E+00 1.41060E+00 4.80002E+01 
7.70040E+00 1.62024E+00 8.61808E+01 
9.20018E+00 1.85120E+00 1.60833E+02 
1.10386E+01 2.11310E+00 3.08718E+02 
1.34615E+01 2.44077E+00 5.92284E+02 
1.71313E+01 2.93083E+00 1.07717E+03 
2.30767E+01 3.71150E+00 1.72752E+03 
3.12083E+01 4.70069E+00 2.33051E+03 
3.98511E+01 5.60122E+00 2.70958E+03 
1.45943E+00 8.34539E-02 5.12431E-01 
1.48980E+00 1.00630E-01 6.02034E-01 
1.55567E+00 1.31798E-01 7.15383E-01 
1.67393E+00 1.78903E-01 8.60772E-01 
1.83305E+00 2.35898E-01 1.05015E+00 
2.03983E+00 3.04164E-01 1.30055E+00 
2.30219E+00 3.85194E-01 1.63737E+00 
2.54842E+00 4.57518E-01 1.97959E+00 
2.62839E+00 4.80390E-01 2.09744E+00 
3.06311E+00 6.00597E-01 2.79859E+00 
3.59717E+00 7.40674E-01 3.82431E+00 
4.24645E+00 9.02173E-01 5.36527E+00 
5.02835E+00 1.08659E+00 7.73934E+00 
5.96173E+00 1.40230E+00 1.15117E+01 
7.07447E+00 1.65929E+00 1.77065E+01 
8.41915E+00 1.94577E+00 2.82311E+01 
1.00330E+01 2.26269E+00 4.67651E+01 
1.19603E+01 2.61090E+00 8.06762E+01 
1.42556E+01 2.99174E+00 1.44944E+02 
1.69996E+01 3.40978E+00 2.70537E+02 
2.03556E+01 3.88246E+00 5.18943E+02 
2.47746E+01 4.47349E+00 9.95880E+02 
3.14694E+01 5.35897E+00 1.81207E+03 
4.23060E+01 6.76981E+00 2.90561E+03 
5.71013E+01 8.55367E+00 3.92001E+03 
7.27716E+01 1.01676E+01 4.55728E+03 
1.38887E+00 7.87879E-02 4.29581E-01 
1.41902E+00 9.56108E-02 5.04583E-01 
1.48389E+00 1.26095E-01 5.99732E-01 
1.59896E+00 1.71905E-01 7.21506E-01 
1.75302E+00 2.27183E-01 8.80337E-01 
1.95225E+00 2.93181E-01 1.09014E+00 
2.20381E+00 3.71228E-01 1.37224E+00 
2.43928E+00 4.40697E-01 1.65923E+00 
2.51549E+00 4.62593E-01 1.75745E+00 
2.92941E+00 5.77529E-01 2.34504E+00 
3.43616E+00 7.10889E-01 3.20394E+00 
4.05032E+00 8.64035E-01 4.49461E+00 
4.78807E+00 1.03806E+00 6.48606E+00 
5.66936E+00 1.33592E+00 9.64634E+00 
6.71703E+00 1.57606E+00 1.48305E+01 
7.97923E+00 1.84267E+00 2.36426E+01 
9.48954E+00 2.13636E+00 3.91662E+01 
1.12877E+01 2.45766E+00 6.75556E+01 
1.34232E+01 2.80760E+00 1.21387E+02 
1.59691E+01 3.19012E+00 2.26561E+02 
1.90755E+01 3.62126E+00 4.34527E+02 
2.31594E+01 4.15971E+00 8.33739E+02 
2.93465E+01 4.96806E+00 1.51726E+03 
3.93553E+01 6.25704E+00 2.43278E+03 
5.29878E+01 7.88202E+00 3.28203E+03 
6.73636E+01 9.34111E+00 3.81539E+03 
1.31571E+00 7.40002E-02 3.58406E-01 
1.34563E+00 9.04554E-02 4.20912E-01 
1.40918E+00 1.20122E-01 5.00231E-01 
1.52080E+00 1.64511E-01 6.01742E-01 
1.66917E+00 2.17880E-01 7.33924E-01 
1.86027E+00 2.81419E-01 9.09028E-01 
2.10038E+00 3.56253E-01 1.14402E+00 
2.32445E+00 4.22653E-01 1.38336E+00 
2.39687E+00 4.43553E-01 1.46536E+00 
2.78894E+00 5.52879E-01 1.95458E+00 
3.26745E+00 6.79215E-01 2.67058E+00 
3.84533E+00 8.23630E-01 3.74509E+00 
4.53734E+00 9.86952E-01 5.40283E+00 
5.36539E+00 1.26653E+00 8.03714E+00 
6.34712E+00 1.48971E+00 1.23593E+01 
7.52547E+00 1.73632E+00 1.96959E+01 
8.93129E+00 2.00684E+00 3.26295E+01 
1.05997E+01 2.30147E+00 5.62664E+01 
1.25755E+01 2.62097E+00 1.01094E+02 
1.49247E+01 2.96879E+00 1.88664E+02 
1.77845E+01 3.35956E+00 3.61899E+02 
2.15382E+01 3.84706E+00 6.94233E+02 
2.72235E+01 4.58034E+00 1.26323E+03 
3.64169E+01 5.75093E+00 2.02548E+03 
4.89093E+01 7.22227E+00 2.73253E+03 
6.20237E+01 8.53314E+00 3.17659E+03 
1.24639E+00 6.94611E-02 2.98825E-01 
1.27621E+00 8.56122E-02 3.50934E-01 
1.33838E+00 1.14462E-01 4.16861E-01 
1.44669E+00 1.57506E-01 5.01542E-01 
1.58971E+00 2.09070E-01 6.11710E-01 
1.77282E+00 2.70200E-01 7.57284E-01 
2.00199E+00 3.41953E-01 9.52952E-01 
2.21516E+00 4.05405E-01 1.15243E+00 
2.28386E+00 4.25325E-01 1.22055E+00 
2.65526E+00 5.29299E-01 1.62820E+00 
3.10673E+00 6.48867E-01 2.22398E+00 
3.65033E+00 7.84966E-01 3.11893E+00 
4.29923E+00 9.38194E-01 4.49870E+00 
5.07631E+00 1.20045E+00 6.68885E+00 
5.99544E+00 1.40744E+00 1.02876E+01 
7.09491E+00 1.63528E+00 1.63946E+01 
8.40219E+00 1.88409E+00 2.71516E+01 
9.94927E+00 2.15389E+00 4.68314E+01 
1.17757E+01 2.44514E+00 8.41251E+01 
1.39413E+01 2.76084E+00 1.57001E+02 
1.65712E+01 3.11432E+00 3.01094E+02 
2.00193E+01 3.55508E+00 5.77753E+02 
2.52397E+01 4.21937E+00 1.05121E+03 
3.36768E+01 5.28102E+00 1.68544E+03 
4.51144E+01 6.61146E+00 2.27382E+03 
5.70676E+01 7.78737E+00 2.64345E+03 
1.18072E+00 6.51548E-02 2.48824E-01 
1.21051E+00 8.10389E-02 2.92251E-01 
1.27138E+00 1.09117E-01 3.47094E-01 
1.37637E+00 1.50849E-01 4.17453E-01 
1.51428E+00 2.00689E-01 5.09232E-01 
1.68984E+00 2.59539E-01 6.30452E-01 
1.90845E+00 3.28307E-01 7.93107E-01 
2.11107E+00 3.88901E-01 9.58950E-01 
2.17628E+00 4.07893E-01 1.01566E+00 
2.52782E+00 5.06703E-01 1.35471E+00 
2.95369E+00 6.19824E-01 1.85048E+00 
3.46464E+00 7.47949E-01 2.59452E+00 
4.07283E+00 8.91592E-01 3.74308E+00 
4.80174E+00 1.13714E+00 5.56488E+00 
5.66137E+00 1.32907E+00 8.55501E+00 
6.68659E+00 1.53936E+00 1.36379E+01 
7.90134E+00 1.76788E+00 2.25833E+01 
9.33448E+00 2.01453E+00 3.89488E+01 
1.10214E+01 2.27957E+00 6.99659E+01 
1.30161E+01 2.56561E+00 1.30586E+02 
1.54325E+01 2.88478E+00 2.50418E+02 
1.85959E+01 3.28242E+00 4.80466E+02 
2.33856E+01 3.88337E+00 8.74325E+02 
3.11230E+01 4.84506E+00 1.40194E+03 
4.15862E+01 6.04651E+00 1.89148E+03 
5.24703E+01 7.09956E+00 2.19911E+03 
1.11855E+00 6.10743E-02 2.06974E-01 
1.14813E+00 7.66491E-02 2.43057E-01 
1.20799E+00 1.04078E-01 2.88734E-01 
1.30981E+00 1.44560E-01 3.47173E-01 
1.44267E+00 1.92715E-01 4.23390E-01 
1.61091E+00 2.49354E-01 5.24129E-01 
1.81950E+00 3.15281E-01 6.59480E-01 
2.01200E+00 3.73127E-01 7.97200E-01 
2.07386E+00 3.91220E-01 8.44411E-01 
2.40650E+00 4.85084E-01 1.12625E+00 
2.80796E+00 5.92020E-01 1.53842E+00 
3.28792E+00 7.12508E-01 2.15671E+00 
3.85737E+00 8.46914E-01 3.11065E+00 
4.54081E+00 1.07687E+00 4.62616E+00 
5.34430E+00 1.25455E+00 7.11088E+00 
6.29922E+00 1.44830E+00 1.13341E+01 
7.42724E+00 1.65788E+00 1.87743E+01 
8.75355E+00 1.88298E+00 3.23701E+01 
1.03103E+01 2.12372E+00 5.81676E+01 
1.21456E+01 2.38236E+00 1.08539E+02 
1.43640E+01 2.67000E+00 2.08202E+02 
1.72638E+01 3.02814E+00 3.99483E+02 
2.16537E+01 3.57085E+00 7.26977E+02 
2.87435E+01 4.44080E+00 1.16580E+03 
3.83068E+01 5.52418E+00 1.57304E+03 
4.82078E+01 6.46566E+00 1.82913E+03 
1.05969E+00 5.72092E-02 1.72028E-01 
1.08908E+00 7.25012E-02 2.01959E-01 
1.14790E+00 9.92923E-02 2.39884E-01 
1.24678E+00 1.38609E-01 2.88498E-01 
1.37478E+00 1.85155E-01 3.51767E-01 
1.53599E+00 2.39672E-01 4.35445E-01 
1.73483E+00 3.02833E-01 5.47808E-01 
1.91773E+00 3.58047E-01 6.62332E-01 
1.97631E+00 3.75261E-01 7.01373E-01 
2.29081E+00 4.64349E-01 9.35358E-01 
2.66903E+00 5.65351E-01 1.27772E+00 
3.11968E+00 6.78598E-01 1.79150E+00 
3.65259E+00 8.04177E-01 2.58381E+00 
4.29277E+00 1.01939E+00 3.84291E+00 
5.04330E+00 1.18366E+00 5.90828E+00 
5.93202E+00 1.36190E+00 9.41598E+00 
6.97844E+00 1.55377E+00 1.55981E+01 
8.20493E+00 1.75885E+00 2.68981E+01 
9.64005E+00 1.97710E+00 4.83364E+01 
1.13272E+01 2.21049E+00 9.02098E+01 
1.33613E+01 2.46911E+00 1.73036E+02 
1.60171E+01 2.79103E+00 3.32073E+02 
2.00373E+01 3.28041E+00 6.04390E+02 
2.65274E+01 4.06618E+00 9.69339E+02 
3.52608E+01 5.04174E+00 1.30819E+03 
4.42587E+01 5.88197E+00 1.52145E+03 
1.00398E+00 5.35490E-02 1.42816E-01 
1.03335E+00 6.86323E-02 1.67690E-01 
1.09102E+00 9.47635E-02 1.99101E-01 
1.18706E+00 1.32970E-01 2.39511E-01 
1.31034E+00 1.77971E-01 2.92018E-01 
1.46480E+00 2.30450E-01 3.61563E-01 
1.65435E+00 2.90958E-01 4.54881E-01 
1.82795E+00 3.43619E-01 5.49852E-01 
1.88356E+00 3.60025E-01 5.82511E-01 
2.18080E+00 4.44544E-01 7.76775E-01 
2.53691E+00 5.39862E-01 1.06117E+00 
2.95967E+00 6.46175E-01 1.48773E+00 
3.45792E+00 7.63400E-01 2.14552E+00 
4.05709E+00 9.64527E-01 3.19128E+00 
4.75752E+00 1.11621E+00 4.90688E+00 
5.58402E+00 1.27994E+00 7.82165E+00 
6.55380E+00 1.45529E+00 1.29565E+01 
7.68689E+00 1.64176E+00 2.23490E+01 
9.00851E+00 1.83920E+00 4.01584E+01 
1.05579E+01 2.04935E+00 7.49715E+01 
1.24214E+01 2.28137E+00 1.43832E+02 
1.48508E+01 2.57010E+00 2.76034E+02 
1.85292E+01 3.01065E+00 5.02507E+02 
2.44651E+01 3.71935E+00 8.06109E+02 
3.24330E+01 4.59648E+00 1.08813E+03 
4.06015E+01 5.34491E+00 1.26578E+03 
9.51290E-01 5.00890E-02 1.18500E-01 
9.80548E-01 6.49492E-02 1.39158E-01 
1.03739E+00 9.05438E-02 1.65256E-01 
1.13048E+00 1.27645E-01 1.98752E-01 
1.24931E+00 1.71177E-01 2.42404E-01 
1.39713E+00 2.21659E-01 3.00002E-01 
1.57778E+00 2.79619E-01 3.77570E-01 
1.74250E+00 3.29830E-01 4.56379E-01 
1.79513E+00 3.45424E-01 4.83448E-01 
2.07593E+00 4.25556E-01 6.44822E-01 
2.41100E+00 5.15440E-01 8.80961E-01 
2.80739E+00 6.15169E-01 1.23527E+00 
3.27305E+00 7.24644E-01 1.78197E+00 
3.83323E+00 9.12362E-01 2.64983E+00 
4.48634E+00 1.05209E+00 4.07530E+00 
5.25421E+00 1.20221E+00 6.49665E+00 
6.15215E+00 1.36217E+00 1.07638E+01 
7.19787E+00 1.53138E+00 1.85678E+01 
8.41384E+00 1.70960E+00 3.33749E+01 
9.83497E+00 1.89833E+00 6.23056E+01 
1.15402E+01 2.10599E+00 1.19565E+02 
1.37606E+01 2.36443E+00 2.29538E+02 
1.71225E+01 2.76024E+00 4.17920E+02 
2.25468E+01 3.39847E+00 6.70565E+02 
2.98090E+01 4.18577E+00 9.05372E+02 
3.72167E+01 4.85116E+00 1.05346E+03 
9.01467E-01 4.68168E-02 9.83121E-02 
9.30544E-01 6.14488E-02 1.15426E-01 
9.86707E-01 8.65802E-02 1.37141E-01 
1.07693E+00 1.22619E-01 1.64890E-01 
1.19137E+00 1.64719E-01 2.01120E-01 
1.33295E+00 2.13316E-01 2.49016E-01 
1.50487E+00 2.68783E-01 3.13277E-01 
1.66116E+00 3.16644E-01 3.78804E-01 
1.71095E+00 3.31465E-01 4.01201E-01 
1.97595E+00 4.07354E-01 5.35096E-01 
2.29099E+00 4.92027E-01 7.31116E-01 
2.66237E+00 5.85438E-01 1.02547E+00 
3.09717E+00 6.87409E-01 1.47964E+00 
3.62066E+00 8.62472E-01 2.20104E+00 
4.22898E+00 9.91083E-01 3.38465E+00 
4.94178E+00 1.12851E+00 5.39772E+00 
5.77231E+00 1.27414E+00 8.94274E+00 
6.73641E+00 1.42734E+00 1.54319E+01 
7.85379E+00 1.58781E+00 2.77384E+01 
9.15611E+00 1.75692E+00 5.18033E+01 
1.07147E+01 1.94227E+00 9.94224E+01 
1.27416E+01 2.17300E+00 1.90915E+02 
1.58112E+01 2.52796E+00 3.47698E+02 
2.07634E+01 3.10182E+00 5.58058E+02 
2.73762E+01 3.80737E+00 7.53696E+02 
3.40863E+01 4.39768E+00 8.77232E+02 
8.54436E-01 4.37373E-02 8.15763E-02 
8.83317E-01 5.81636E-02 9.57476E-02 
9.38655E-01 8.27998E-02 1.13778E-01 
1.02631E+00 1.17890E-01 1.36850E-01 
1.13647E+00 1.58612E-01 1.66886E-01 
1.27189E+00 2.05361E-01 2.06624E-01 
1.43564E+00 2.58467E-01 2.60097E-01 
1.58371E+00 3.04038E-01 3.14418E-01 
1.63084E+00 3.18122E-01 3.33112E-01 
1.88088E+00 3.89978E-01 4.44379E-01 
2.17682E+00 4.69635E-01 6.07127E-01 
2.52445E+00 5.56988E-01 8.51694E-01 
2.92998E+00 6.51784E-01 1.22868E+00 
3.41872E+00 8.14994E-01 1.82841E+00 
3.98492E+00 9.33149E-01 2.81262E+00 
4.64580E+00 1.05868E+00 4.48527E+00 
5.41329E+00 1.19097E+00 7.43422E+00 
6.30112E+00 1.32934E+00 1.28298E+01 
7.32694E+00 1.47349E+00 2.30680E+01 
8.51875E+00 1.62455E+00 4.30889E+01 
9.94173E+00 1.78953E+00 8.27234E+01 
1.17899E+01 1.99502E+00 1.58888E+02 
1.45897E+01 2.31272E+00 2.89444E+02 
1.91060E+01 2.82775E+00 4.64696E+02 
2.51212E+01 3.45894E+00 6.27810E+02 
3.11926E+01 3.98151E+00 7.30950E+02 
8.10004E-01 4.08335E-02 6.76902E-02 
8.38882E-01 5.51406E-02 7.94874E-02 
8.93593E-01 7.93691E-02 9.44533E-02 
9.78426E-01 1.13447E-01 1.13573E-01 
1.08448E+00 1.52850E-01 1.38559E-01 
1.21399E+00 1.97824E-01 1.71561E-01 
1.36972E+00 2.48615E-01 2.15948E-01 
1.51002E+00 2.92000E-01 2.61119E-01 
1.55455E+00 3.05363E-01 2.76599E-01 
1.79023E+00 3.73309E-01 3.69056E-01 
2.06809E+00 4.48197E-01 5.04353E-01 
2.39323E+00 5.29842E-01 7.07578E-01 
2.77127E+00 6.17905E-01 1.02111E+00 
3.22695E+00 7.69800E-01 1.51932E+00 
3.75338E+00 8.78099E-01 2.33806E+00 
4.36551E+00 9.92514E-01 3.72859E+00 
5.07396E+00 1.11241E+00 6.18264E+00 
5.89067E+00 1.23708E+00 1.06713E+01 
6.83118E+00 1.36617E+00 1.91935E+01 
7.92067E+00 1.50073E+00 3.58614E+01 
9.21815E+00 1.64712E+00 6.88629E+01 
1.09014E+01 1.82962E+00 1.32309E+02 
1.34527E+01 2.11341E+00 2.41113E+02 
1.75670E+01 2.57481E+00 3.87224E+02 
2.30328E+01 3.13842E+00 5.23322E+02 
2.85196E+01 3.59997E+00 6.09516E+02 
7.68055E-01 3.81021E-02 5.61548E-02 
7.96860E-01 5.22754E-02 6.59737E-02 
8.50851E-01 7.60987E-02 7.83845E-02 
9.33151E-01 1.09281E-01 9.42927E-02 
1.03517E+00 1.47404E-01 1.15042E-01 
1.15904E+00 1.90670E-01 1.42510E-01 
1.30699E+00 2.39220E-01 1.79318E-01 
1.43986E+00 2.80495E-01 2.16935E-01 
1.48188E+00 2.93168E-01 2.29757E-01 
1.70384E+00 3.57345E-01 3.06582E-01 
1.96448E+00 4.27664E-01 4.19078E-01 
2.26833E+00 5.03872E-01 5.87975E-01 
2.62041E+00 5.85549E-01 8.48942E-01 
3.04495E+00 7.26678E-01 1.26343E+00 
3.53390E+00 8.25786E-01 1.94453E+00 
4.10033E+00 9.29867E-01 3.10255E+00 
4.75339E+00 1.03824E+00 5.14398E+00 
5.50379E+00 1.15025E+00 8.88327E+00 
6.36502E+00 1.26552E+00 1.59784E+01 
7.35966E+00 1.38498E+00 2.98624E+01 
8.54126E+00 1.51444E+00 5.73680E+01 
1.00723E+01 1.67603E+00 1.10248E+02 
1.23941E+01 1.92892E+00 2.00991E+02 
1.61388E+01 2.34157E+00 3.22921E+02 
2.10999E+01 2.84387E+00 4.36584E+02 
2.60522E+01 3.25051E+00 5.08685E+02 
7.28564E-01 3.55578E-02 4.66440E-02 
7.57169E-01 4.95792E-02 5.47905E-02 
8.10589E-01 7.30671E-02 6.51108E-02 
8.90393E-01 1.05394E-01 7.83304E-02 
9.88499E-01 1.42283E-01 9.55731E-02 
1.10680E+00 1.83883E-01 1.18389E-01 
1.24740E+00 2.30285E-01 1.49045E-01 
1.37303E+00 2.69510E-01 1.80271E-01 
1.41276E+00 2.81531E-01 1.91008E-01 
1.62167E+00 3.42113E-01 2.54914E-01 
1.86596E+00 4.08049E-01 3.48536E-01 
2.14956E+00 4.79017E-01 4.89016E-01 
2.47706E+00 5.54614E-01 7.06109E-01 
2.87218E+00 6.85658E-01 1.05116E+00 
3.32571E+00 7.76106E-01 1.61795E+00 
3.84923E+00 8.70545E-01 2.58259E+00 
4.45061E+00 9.68249E-01 4.28313E+00 
5.13921E+00 1.06859E+00 7.39772E+00 
5.92701E+00 1.17119E+00 1.33145E+01 
6.83377E+00 1.27684E+00 2.48897E+01 
7.90832E+00 1.39092E+00 4.78270E+01 
9.29927E+00 1.53357E+00 9.19534E+01 
1.14097E+01 1.75835E+00 1.67683E+02 
1.48140E+01 2.12664E+00 2.69516E+02 
1.93119E+01 2.57342E+00 3.64542E+02 
2.37761E+01 2.93076E+00 4.24922E+02 
6.91425E-01 3.31945E-02 3.87643E-02 
7.19889E-01 4.71192E-02 4.55312E-02 
7.72809E-01 7.03320E-02 5.41175E-02 
8.50111E-01 1.01808E-01 6.51235E-02 
9.44352E-01 1.37489E-01 7.94589E-02 
1.05723E+00 1.77466E-01 9.84183E-02 
1.19077E+00 2.21798E-01 1.23972E-01 
1.30945E+00 2.59039E-01 1.49920E-01 
1.34688E+00 2.70408E-01 1.58841E-01 
1.54335E+00 3.27525E-01 2.12061E-01 
1.77202E+00 3.89256E-01 2.89927E-01 
2.03658E+00 4.55264E-01 4.06983E-01 
2.34093E+00 5.25044E-01 5.87712E-01 
2.70827E+00 6.46566E-01 8.75273E-01 
3.12849E+00 7.28979E-01 1.34747E+00 
3.61170E+00 8.14419E-01 2.15105E+00 
4.16485E+00 9.02255E-01 3.56926E+00 
4.79586E+00 9.91826E-01 6.16532E+00 
5.51530E+00 1.08278E+00 1.10998E+01 
6.34096E+00 1.17589E+00 2.07608E+01 
7.31681E+00 1.27600E+00 3.99043E+01 
8.57868E+00 1.40148E+00 7.67518E+01 
1.04950E+01 1.60084E+00 1.40031E+02 
1.35861E+01 1.92882E+00 2.25162E+02 
1.76591E+01 2.32534E+00 3.04681E+02 
2.16779E+01 2.63850E+00 3.55307E+02 
6.56524E-01 3.10155E-02 3.22271E-02 
6.84746E-01 4.48299E-02 3.78550E-02 
7.37301E-01 6.78379E-02 4.50031E-02 
8.12074E-01 9.84911E-02 5.41586E-02 
9.02590E-01 1.33016E-01 6.61050E-02 
1.01024E+00 1.71428E-01 8.18829E-02 
1.13685E+00 2.13724E-01 1.03135E-01 
1.24895E+00 2.49062E-01 1.24772E-01 
1.28420E+00 2.59812E-01 1.32185E-01 
1.46870E+00 3.13578E-01 1.76484E-01 
1.68261E+00 3.71282E-01 2.41356E-01 
1.92911E+00 4.32558E-01 3.38895E-01 
2.21165E+00 4.96960E-01 4.89531E-01 
2.55267E+00 6.09439E-01 7.29122E-01 
2.94168E+00 6.84289E-01 1.12315E+00 
3.38714E+00 7.61364E-01 1.79326E+00 
3.89517E+00 8.40041E-01 2.97659E+00 
4.47266E+00 9.19709E-01 5.14377E+00 
5.12880E+00 1.00003E+00 9.26300E+00 
5.87938E+00 1.08171E+00 1.73287E+01 
6.76432E+00 1.16918E+00 3.33255E+01 
7.90747E+00 1.27913E+00 6.41223E+01 
9.64507E+00 1.45541E+00 1.17042E+02 
1.24488E+01 1.74691E+00 1.88295E+02 
1.61326E+01 2.09804E+00 2.54921E+02 
1.97455E+01 2.37168E+00 2.97422E+02 
6.23766E-01 2.90333E-02 2.68091E-02 
6.51738E-01 4.27517E-02 3.15019E-02 
7.03858E-01 6.55725E-02 3.74433E-02 
7.76221E-01 9.54631E-02 4.50581E-02 
8.63057E-01 1.28861E-01 5.50106E-02 
9.65686E-01 1.65753E-01 6.81757E-02 
1.08558E+00 2.06072E-01 8.58488E-02 
1.19133E+00 2.39564E-01 1.03894E-01 
1.22453E+00 2.49725E-01 1.10084E-01 
1.39768E+00 3.00278E-01 1.47008E-01 
1.59753E+00 3.54130E-01 2.01114E-01 
1.82691E+00 4.10896E-01 2.82400E-01 
2.08888E+00 4.69936E-01 4.08063E-01 
2.40511E+00 5.74009E-01 6.07878E-01 
2.76463E+00 6.41863E-01 9.36603E-01 
3.17474E+00 7.11174E-01 1.49606E+00 
3.64071E+00 7.81415E-01 2.48385E+00 
4.16851E+00 8.51997E-01 4.29505E+00 
4.76605E+00 9.22615E-01 7.73679E+00 
5.44742E+00 9.93917E-01 1.44813E+01 
6.24861E+00 1.06996E+00 2.78590E+01 
7.28275E+00 1.16591E+00 5.36300E+01 
8.85628E+00 1.32135E+00 9.79358E+01 
1.13959E+01 1.57978E+00 1.57640E+02 
1.47238E+01 1.89001E+00 2.13535E+02 
1.79669E+01 2.12836E+00 2.49263E+02 
5.93102E-01 2.72572E-02 2.23186E-02 
6.20814E-01 4.09012E-02 2.62255E-02 
6.72641E-01 6.36390E-02 3.11815E-02 
7.42545E-01 9.27603E-02 3.75369E-02 
8.25722E-01 1.25041E-01 4.58185E-02 
9.23412E-01 1.60440E-01 5.67922E-02 
1.03691E+00 1.98857E-01 7.15427E-02 
1.13652E+00 2.30551E-01 8.65752E-02 
1.16770E+00 2.40127E-01 9.17213E-02 
1.33000E+00 2.87577E-01 1.22533E-01 
1.51656E+00 3.37767E-01 1.67698E-01 
1.72974E+00 3.90235E-01 2.35524E-01 
1.97237E+00 4.44690E-01 3.40398E-01 
2.26526E+00 5.40579E-01 5.07349E-01 
2.59709E+00 6.01687E-01 7.82015E-01 
2.97413E+00 6.63790E-01 1.24955E+00 
3.40084E+00 7.26227E-01 2.07483E+00 
3.88246E+00 7.88468E-01 3.58972E+00 
4.42575E+00 8.50236E-01 6.46786E+00 
5.04323E+00 9.12131E-01 1.21131E+01 
5.76750E+00 9.77877E-01 2.33145E+01 
6.70153E+00 1.06123E+00 4.49030E+01 
8.12463E+00 1.19787E+00 8.20478E+01 
1.04222E+01 1.42642E+00 1.32138E+02 
1.34242E+01 1.69979E+00 1.79090E+02 
1.63312E+01 1.90671E+00 2.09173E+02 
5.64470E-01 2.56983E-02 1.86014E-02 
5.91965E-01 3.93209E-02 2.18590E-02 
6.43407E-01 6.20002E-02 2.59851E-02 
7.10877E-01 9.03706E-02 3.12866E-02 
7.90488E-01 1.21568E-01 3.81969E-02 
8.83353E-01 1.55511E-01 4.73509E-02 
9.90646E-01 1.92059E-01 5.96687E-02 
1.08437E+00 2.22013E-01 7.22045E-02 
1.11366E+00 2.31030E-01 7.65195E-02 
1.26555E+00 2.75482E-01 1.02219E-01 
1.43941E+00 3.22107E-01 1.39923E-01 
1.63739E+00 3.70452E-01 1.96654E-01 
1.86176E+00 4.20224E-01 2.84235E-01 
2.13258E+00 5.08640E-01 4.23746E-01 
2.43841E+00 5.63613E-01 6.53297E-01 
2.78460E+00 6.19048E-01 1.04451E+00 
3.17482E+00 6.74298E-01 1.73546E+00 
3.61355E+00 7.28904E-01 3.00309E+00 
4.10674E+00 7.82621E-01 5.41456E+00 
4.66537E+00 8.36016E-01 1.01432E+01 
5.31897E+00 8.92501E-01 1.95344E+01 
6.16130E+00 9.64543E-01 3.76459E+01 
7.44632E+00 1.08423E+00 6.88228E+01 
9.52231E+00 1.28585E+00 1.10909E+02 
1.22268E+01 1.52612E+00 1.50415E+02 
1.48283E+01 1.70510E+00 1.75785E+02 
5.37791E-01 2.43870E-02 1.55091E-02 
5.64904E-01 3.79481E-02 1.82290E-02 
6.16172E-01 6.07064E-02 2.16710E-02 
6.81147E-01 8.83268E-02 2.60972E-02 
7.57228E-01 1.18453E-01 3.18672E-02 
8.45376E-01 1.50956E-01 3.95080E-02 
9.46669E-01 1.85689E-01 4.97976E-02 
1.03475E+00 2.13947E-01 6.02810E-02 
1.06219E+00 2.22414E-01 6.38723E-02 
1.20421E+00 2.63982E-01 8.53620E-02 
1.36603E+00 3.07200E-01 1.16861E-01 
1.54955E+00 3.51688E-01 1.64277E-01 
1.75679E+00 3.96681E-01 2.37584E-01 
2.00691E+00 4.78171E-01 3.54335E-01 
2.28833E+00 5.27579E-01 5.46459E-01 
2.60558E+00 5.76813E-01 8.73943E-01 
2.96186E+00 6.25460E-01 1.45304E+00 
3.36091E+00 6.73097E-01 2.51529E+00 
3.80787E+00 7.19511E-01 4.53860E+00 
4.31237E+00 7.65242E-01 8.50592E+00 
4.90108E+00 8.13410E-01 1.63895E+01 
5.65934E+00 8.75311E-01 3.16021E+01 
6.81812E+00 9.79788E-01 5.78151E+01 
8.69129E+00 1.15715E+00 9.32338E+01 
1.11243E+01 1.36771E+00 1.26526E+02 
1.34487E+01 1.52193E+00 1.47959E+02 
5.13009E-01 2.33533E-02 1.29420E-02 
5.39536E-01 3.67948E-02 1.52127E-02 
5.90788E-01 5.97626E-02 1.80916E-02 
6.53253E-01 8.66514E-02 2.17854E-02 
7.25870E-01 1.15717E-01 2.66120E-02 
8.09431E-01 1.46809E-01 3.30006E-02 
9.04861E-01 1.79742E-01 4.15927E-02 
9.87539E-01 2.06353E-01 5.03703E-02 
1.01325E+00 2.14305E-01 5.33776E-02 
1.14585E+00 2.53077E-01 7.13610E-02 
1.29626E+00 2.93055E-01 9.77339E-02 
1.46610E+00 3.33819E-01 1.37389E-01 
1.65730E+00 3.75069E-01 1.98817E-01 
1.88787E+00 4.49571E-01 2.96688E-01 
2.14646E+00 4.93508E-01 4.57791E-01 
2.43675E+00 5.37008E-01 7.32503E-01 
2.76144E+00 5.79581E-01 1.21814E+00 
3.12371E+00 6.20851E-01 2.10978E+00 
3.52796E+00 6.60644E-01 3.80847E+00 
3.98278E+00 6.99487E-01 7.14394E+00 
4.51211E+00 7.40227E-01 1.37726E+01 
5.19352E+00 7.93074E-01 2.65731E+01 
6.23676E+00 8.83899E-01 4.86467E+01 
7.92441E+00 1.03944E+00 7.85036E+01 
1.01100E+01 1.22343E+00 1.06612E+02 
1.21833E+01 1.35574E+00 1.24756E+02 
4.90076E-01 2.26273E-02 1.08166E-02 
5.16025E-01 3.59752E-02 1.27116E-02 
5.67231E-01 5.92449E-02 1.51212E-02 
6.27180E-01 8.53900E-02 1.82098E-02 
6.96315E-01 1.13389E-01 2.22449E-02 
7.75393E-01 1.43076E-01 2.75954E-02 
8.65203E-01 1.74250E-01 3.47929E-02 
9.42634E-01 1.99242E-01 4.21333E-02 
9.66653E-01 2.06674E-01 4.46524E-02 
1.09022E+00 2.42728E-01 5.97094E-02 
1.22978E+00 2.79562E-01 8.18036E-02 
1.38686E+00 3.16799E-01 1.15081E-01 
1.56290E+00 3.54099E-01 1.66579E-01 
1.77512E+00 4.22350E-01 2.48697E-01 
2.01228E+00 4.61283E-01 3.83929E-01 
2.27744E+00 4.99492E-01 6.14622E-01 
2.57292E+00 5.36513E-01 1.02295E+00 
2.90122E+00 5.71987E-01 1.77293E+00 
3.26612E+00 6.05796E-01 3.20174E+00 
3.67527E+00 6.38455E-01 6.00857E+00 
4.15027E+00 6.72571E-01 1.15932E+01 
4.76151E+00 7.17359E-01 2.23842E+01 
5.69924E+00 7.95973E-01 4.10070E+01 
7.21761E+00 9.31957E-01 6.62256E+01 
9.17799E+00 1.09220E+00 9.00060E+01 
1.10239E+01 1.20520E+00 1.05397E+02 
4.68886E-01 2.22257E-02 9.04936E-03 
4.94359E-01 3.55460E-02 1.06349E-02 
5.45328E-01 5.91591E-02 1.26505E-02 
6.02799E-01 8.45669E-02 1.52410E-02 
6.68482E-01 1.11487E-01 1.86191E-02 
7.43145E-01 1.39772E-01 2.30983E-02 
8.27520E-01 1.69206E-01 2.91400E-02 
8.99931E-01 1.92616E-01 3.52941E-02 
9.22346E-01 1.99545E-01 3.74067E-02 
1.03733E+00 2.32969E-01 5.00434E-02 
1.16666E+00 2.66779E-01 6.85974E-02 
1.31159E+00 3.00624E-01 9.65345E-02 
1.47341E+00 3.33855E-01 1.39781E-01 
1.66836E+00 3.96340E-01 2.08748E-01 
1.88557E+00 4.30857E-01 3.22533E-01 
2.12736E+00 4.64187E-01 5.16643E-01 
2.39559E+00 4.96091E-01 8.60339E-01 
2.69252E+00 5.26305E-01 1.49204E+00 
3.02135E+00 5.54738E-01 2.69684E+00 
3.38863E+00 5.81868E-01 5.06370E+00 
3.81393E+00 6.10090E-01 9.77700E+00 
4.36114E+00 6.47722E-01 1.88914E+01 
5.20264E+00 7.15444E-01 3.46371E+01 
6.56666E+00 8.33929E-01 5.59847E+01 
8.32225E+00 9.73015E-01 7.61472E+01 
9.96281E+00 1.06903E+00 8.92325E+01 
4.49437E-01 2.22384E-02 7.57867E-03 
4.74236E-01 3.54556E-02 8.90917E-03 
5.25166E-01 5.96240E-02 1.05974E-02 
5.80025E-01 8.42339E-02 1.27710E-02 
6.42310E-01 1.10060E-01 1.56093E-02 
7.12649E-01 1.36932E-01 1.93669E-02 
7.91715E-01 1.64629E-01 2.44356E-02 
8.59309E-01 1.86482E-01 2.96056E-02 
8.80200E-01 1.92923E-01 3.13849E-02 
9.87019E-01 2.23788E-01 4.20108E-02 
1.10664E+00 2.54694E-01 5.76073E-02 
1.24014E+00 2.85286E-01 8.11047E-02 
1.38871E+00 3.15358E-01 1.17522E-01 
1.56747E+00 3.72045E-01 1.75645E-01 
1.76596E+00 4.02130E-01 2.71497E-01 
1.98598E+00 4.30962E-01 4.35201E-01 
2.22905E+00 4.58211E-01 7.25034E-01 
2.49708E+00 4.83661E-01 1.25834E+00 
2.79267E+00 5.07248E-01 2.27577E+00 
3.12170E+00 5.29454E-01 4.27764E+00 
3.50168E+00 5.52466E-01 8.26402E+00 
3.99054E+00 5.83762E-01 1.59799E+01 
4.74438E+00 6.41795E-01 2.93235E+01 
5.96772E+00 7.44645E-01 4.74355E+01 
7.53739E+00 8.64922E-01 6.45728E+01 
8.99260E+00 9.46061E-01 7.57246E+01 
4.31663E-01 2.27099E-02 6.35688E-03 
4.55620E-01 3.57532E-02 7.47471E-03 
5.06600E-01 6.06684E-02 8.89217E-03 
5.58749E-01 8.44210E-02 1.07177E-02 
6.17655E-01 1.09125E-01 1.31046E-02 
6.83790E-01 1.34572E-01 1.62667E-02 
7.57763E-01 1.60554E-01 2.05322E-02 
8.20727E-01 1.80859E-01 2.48865E-02 
8.40112E-01 1.86806E-01 2.63773E-02 
9.39127E-01 2.15169E-01 3.53183E-02 
1.04959E+00 2.43277E-01 4.84682E-02 
1.17237E+00 2.70789E-01 6.82775E-02 
1.30849E+00 2.97524E-01 9.90042E-02 
1.47209E+00 3.49046E-01 1.48057E-01 
1.65307E+00 3.75045E-01 2.28998E-01 
1.85288E+00 3.99727E-01 3.67336E-01 
2.07278E+00 4.22738E-01 6.12503E-01 
2.31411E+00 4.43869E-01 1.06372E+00 
2.57925E+00 4.63122E-01 1.92532E+00 
2.87329E+00 4.80956E-01 3.62109E+00 
3.21202E+00 4.99375E-01 7.00261E+00 
3.64785E+00 5.25095E-01 1.35517E+01 
4.32190E+00 5.74528E-01 2.48879E+01 
5.41733E+00 6.63456E-01 4.02963E+01 
6.81837E+00 7.67048E-01 5.48988E+01 
8.10665E+00 8.35199E-01 6.44276E+01 
4.15192E-01 2.36792E-02 5.32905E-03 
4.38223E-01 3.65160E-02 6.26515E-03 
4.89174E-01 6.23495E-02 7.45646E-03 
5.38606E-01 8.52020E-02 8.98725E-03 
5.94098E-01 1.08720E-01 1.09926E-02 
6.56059E-01 1.32692E-01 1.36519E-02 
7.24985E-01 1.56901E-01 1.72363E-02 
7.83453E-01 1.75651E-01 2.09032E-02 
8.01436E-01 1.81123E-01 2.21607E-02 
8.92917E-01 2.06994E-01 2.96853E-02 
9.94557E-01 2.32313E-01 4.07609E-02 
1.10712E+00 2.56804E-01 5.74709E-02 
1.23141E+00 2.80047E-01 8.33670E-02 
1.38057E+00 3.26690E-01 1.24746E-01 
1.54512E+00 3.49144E-01 1.93164E-01 
1.72593E+00 3.69964E-01 3.10049E-01 
1.92395E+00 3.89030E-01 5.17342E-01 
2.14050E+00 4.06227E-01 8.99386E-01 
2.37731E+00 4.21552E-01 1.62907E+00 
2.63895E+00 4.35464E-01 3.06610E+00 
2.93956E+00 4.49790E-01 5.93454E+00 
3.32656E+00 4.70550E-01 1.14959E+01 
3.92702E+00 5.12264E-01 2.11303E+01 
4.90462E+00 5.88649E-01 3.42429E+01 
6.15075E+00 6.77278E-01 4.66918E+01 
7.28664E+00 7.33964E-01 5.48361E+01 
4.00490E-01 2.51983E-02 4.48845E-03 
4.22770E-01 3.79111E-02 5.27769E-03 
4.73189E-01 6.45786E-02 6.28268E-03 
5.20149E-01 8.66062E-02 7.57614E-03 
5.72289E-01 1.08894E-01 9.26842E-03 
6.30216E-01 1.31360E-01 1.15160E-02 
6.94354E-01 1.53805E-01 1.45453E-02 
7.48587E-01 1.71038E-01 1.76455E-02 
7.65248E-01 1.76041E-01 1.87129E-02 
8.49715E-01 1.99499E-01 2.50884E-02 
9.43164E-01 2.22180E-01 3.44588E-02 
1.04632E+00 2.43838E-01 4.86326E-02 
1.15975E+00 2.64268E-01 7.05968E-02 
1.29568E+00 3.06171E-01 1.05760E-01 
1.44508E+00 3.25131E-01 1.63822E-01 
1.60854E+00 3.42460E-01 2.63110E-01 
1.78689E+00 3.58031E-01 4.39564E-01 
1.98093E+00 3.71732E-01 7.64640E-01 
2.19234E+00 3.83631E-01 1.38642E+00 
2.42493E+00 3.94150E-01 2.61178E+00 
2.69150E+00 4.04963E-01 5.05858E+00 
3.03488E+00 4.21457E-01 9.80655E+00 
3.56981E+00 4.56496E-01 1.80425E+01 
4.44225E+00 5.21952E-01 2.92644E+01 
5.55064E+00 5.97609E-01 3.99364E+01 
6.55194E+00 6.44530E-01 4.69337E+01 
3.87226E-01 2.73612E-02 3.78727E-03 
4.08387E-01 3.97100E-02 4.45563E-03 
4.58669E-01 6.76813E-02 5.30634E-03 
5.02854E-01 8.86420E-02 6.40087E-03 
5.51703E-01 1.09630E-01 7.83497E-03 
6.05720E-01 1.30553E-01 9.74026E-03 
6.65301E-01 1.51224E-01 1.23141E-02 
7.15444E-01 1.66917E-01 1.49404E-02 
7.30805E-01 1.71438E-01 1.58443E-02 
8.08641E-01 1.92530E-01 2.12600E-02 
8.94434E-01 2.12664E-01 2.92320E-02 
9.88706E-01 2.31611E-01 4.12678E-02 
1.09208E+00 2.49283E-01 5.99770E-02 
1.21557E+00 2.86832E-01 8.99059E-02 
1.35093E+00 3.02508E-01 1.39381E-01 
1.49844E+00 3.16655E-01 2.24132E-01 
1.65857E+00 3.29043E-01 3.74688E-01 
1.83207E+00 3.39628E-01 6.52349E-01 
2.02018E+00 3.48482E-01 1.18362E+00 
2.22641E+00 3.56037E-01 2.23189E+00 
2.46217E+00 3.63809E-01 4.32666E+00 
2.76610E+00 3.76603E-01 8.39455E+00 
3.24164E+00 4.05780E-01 1.54578E+01 
4.01884E+00 4.61584E-01 2.50941E+01 
5.00292E+00 5.25839E-01 3.42710E+01 
5.88362E+00 5.64346E-01 4.03007E+01 
3.75300E-01 3.02181E-02 3.20579E-03 
3.95214E-01 4.20924E-02 3.77176E-03 
4.45359E-01 7.16596E-02 4.49353E-03 
4.86665E-01 9.13642E-02 5.42440E-03 
5.32245E-01 1.10947E-01 6.64276E-03 
5.82449E-01 1.30249E-01 8.26261E-03 
6.37623E-01 1.49100E-01 1.04532E-02 
6.83924E-01 1.63256E-01 1.26937E-02 
6.98079E-01 1.67312E-01 1.34628E-02 
7.69609E-01 1.86050E-01 1.80758E-02 
8.48164E-01 2.03663E-01 2.48774E-02 
9.34226E-01 2.20006E-01 3.51575E-02 
1.02817E+00 2.34798E-01 5.11332E-02 
1.14006E+00 2.68294E-01 7.67051E-02 
1.26251E+00 2.81212E-01 1.19075E-01 
1.39521E+00 2.92427E-01 1.91643E-01 
1.53861E+00 3.01945E-01 3.20572E-01 
1.69329E+00 3.09749E-01 5.58650E-01 
1.86026E+00 3.15933E-01 1.01457E+00 
2.04254E+00 3.20913E-01 1.91448E+00 
2.25037E+00 3.26064E-01 3.71414E+00 
2.51871E+00 3.35674E-01 7.21300E+00 
2.94052E+00 3.59726E-01 1.32922E+01 
3.63164E+00 4.07038E-01 2.15954E+01 
4.50368E+00 4.61307E-01 2.95131E+01 
5.27650E+00 4.92598E-01 3.47239E+01 
3.64549E-01 3.37601E-02 2.72159E-03 
3.83451E-01 4.52294E-02 3.20391E-03 
4.32935E-01 7.64049E-02 3.81812E-03 
4.71411E-01 9.47283E-02 4.61289E-03 
5.13804E-01 1.12815E-01 5.65228E-03 
5.60333E-01 1.30424E-01 7.03652E-03 
6.11266E-01 1.47399E-01 8.90592E-03 
6.53902E-01 1.59996E-01 1.08241E-02 
6.66917E-01 1.63584E-01 1.14819E-02 
7.32531E-01 1.79994E-01 1.54324E-02 
8.04342E-01 1.95174E-01 2.12568E-02 
8.82700E-01 2.08997E-01 3.00685E-02 
9.67922E-01 2.21333E-01 4.37786E-02 
1.06909E+00 2.50971E-01 6.57538E-02 
1.17945E+00 2.61115E-01 1.02110E-01 
1.29852E+00 2.69667E-01 1.64503E-01 
1.42666E+00 2.76616E-01 2.75457E-01 
1.56414E+00 2.81952E-01 4.80425E-01 
1.71187E+00 2.85808E-01 8.73300E-01 
1.87244E+00 2.88565E-01 1.64925E+00 
2.05506E+00 2.91482E-01 3.20149E+00 
2.29126E+00 2.98364E-01 6.22203E+00 
2.66464E+00 3.17968E-01 1.14747E+01 
3.27803E+00 3.57832E-01 1.86555E+01 
4.04929E+00 4.03392E-01 2.55100E+01 
4.72580E+00 4.28532E-01 3.00261E+01 
3.54823E-01 3.79850E-02 2.31765E-03 
3.72501E-01 4.88273E-02 2.73036E-03 
4.20763E-01 8.14334E-02 3.25703E-03 
4.56886E-01 9.86712E-02 3.93685E-03 
4.96195E-01 1.15154E-01 4.82852E-03 
5.39195E-01 1.30993E-01 6.01557E-03 
5.86117E-01 1.46039E-01 7.62254E-03 
6.25271E-01 1.57064E-01 9.26798E-03 
6.37203E-01 1.60176E-01 9.83366E-03 
6.97270E-01 1.74286E-01 1.32306E-02 
7.62771E-01 1.87095E-01 1.82457E-02 
8.33941E-01 1.98495E-01 2.58276E-02 
9.11104E-01 2.08524E-01 3.76525E-02 
1.00221E+00 2.34536E-01 5.65938E-02 
1.10143E+00 2.42091E-01 8.79712E-02 
1.20804E+00 2.48238E-01 1.41856E-01 
1.32207E+00 2.52872E-01 2.37757E-01 
1.44388E+00 2.56043E-01 4.15021E-01 
1.57409E+00 2.57874E-01 7.54769E-01 
1.71501E+00 2.58741E-01 1.42649E+00 
1.87490E+00 2.59778E-01 2.77140E+00 
2.08213E+00 2.64346E-01 5.38875E+00 
2.41178E+00 2.80098E-01 9.94413E+00 
2.95509E+00 3.13455E-01 1.61765E+01 
3.63572E+00 3.51441E-01 2.21299E+01 
4.22628E+00 3.71364E-01 2.60534E+01 
3.46102E-01 4.29417E-02 1.98261E-03 
3.62449E-01 5.29555E-02 2.33681E-03 
4.09548E-01 8.74936E-02 2.78998E-03 
4.42998E-01 1.03095E-01 3.37560E-03 
4.79354E-01 1.17863E-01 4.14531E-03 
5.18969E-01 1.31833E-01 5.16816E-03 
5.62096E-01 1.44906E-01 6.55547E-03 
5.98006E-01 1.54352E-01 7.97763E-03 
6.08939E-01 1.56997E-01 8.46735E-03 
6.63796E-01 1.68816E-01 1.14031E-02 
7.23394E-01 1.79299E-01 1.57392E-02 
7.87966E-01 1.88392E-01 2.23140E-02 
8.57644E-01 1.95990E-01 3.25504E-02 
9.39395E-01 2.18640E-01 4.89655E-02 
1.02843E+00 2.24062E-01 7.62107E-02 
1.12352E+00 2.28037E-01 1.22980E-01 
1.22475E+00 2.30638E-01 2.06257E-01 
1.33225E+00 2.31917E-01 3.60242E-01 
1.44662E+00 2.32024E-01 6.55613E-01 
1.56981E+00 2.31308E-01 1.23975E+00 
1.70927E+00 2.30788E-01 2.41008E+00 
1.89051E+00 2.33425E-01 4.68834E+00 
2.18088E+00 2.45880E-01 8.65529E+00 
2.66114E+00 2.73581E-01 1.40851E+01 
3.26062E+00 3.05025E-01 1.92735E+01 
3.77480E+00 3.20570E-01 2.26909E+01 
3.38249E-01 4.85584E-02 1.70409E-03 
3.53504E-01 5.77652E-02 2.01132E-03 
3.98858E-01 9.40944E-02 2.40321E-03 
4.29584E-01 1.07802E-01 2.91031E-03 
4.63113E-01 1.20744E-01 3.57776E-03 
4.99576E-01 1.32784E-01 4.46668E-03 
5.39147E-01 1.43845E-01 5.67109E-03 
5.72002E-01 1.51691E-01 6.90616E-03 
5.81993E-01 1.53863E-01 7.33211E-03 
6.32030E-01 1.63436E-01 9.88668E-03 
6.86208E-01 1.71682E-01 1.36613E-02 
7.44642E-01 1.78561E-01 1.93888E-02 
8.07433E-01 1.83976E-01 2.83039E-02 
8.80577E-01 2.03552E-01 4.26326E-02 
9.60174E-01 2.06900E-01 6.63907E-02 
1.04473E+00 2.08949E-01 1.07195E-01 
1.13426E+00 2.09768E-01 1.79906E-01 
1.22884E+00 2.09437E-01 3.14420E-01 
1.32885E+00 2.08095E-01 5.72502E-01 
1.43610E+00 2.06082E-01 1.08304E+00 
1.55722E+00 2.04303E-01 2.10567E+00 
1.71519E+00 2.05356E-01 4.09776E+00 
1.97035E+00 2.15010E-01 7.56672E+00 
2.39408E+00 2.37830E-01 1.23154E+01 
2.92102E+00 2.63654E-01 1.68516E+01 
3.36754E+00 2.75562E-01 1.98351E+01 
3.31006E-01 5.45128E-02 1.47326E-03 
3.45104E-01 6.27000E-02 1.74111E-03 
3.88305E-01 1.00862E-01 2.08356E-03 
4.16568E-01 1.12611E-01 2.52614E-03 
4.47418E-01 1.23575E-01 3.10837E-03 
4.80922E-01 1.33610E-01 3.88498E-03 
5.17209E-01 1.42637E-01 4.93943E-03 
5.47250E-01 1.48900E-01 6.01999E-03 
5.56365E-01 1.50605E-01 6.39257E-03 
6.01954E-01 1.57993E-01 8.62872E-03 
6.51110E-01 1.64094E-01 1.19366E-02 
7.03926E-01 1.68914E-01 1.69553E-02 
7.60424E-01 1.72584E-01 2.47843E-02 
8.25525E-01 1.89065E-01 3.73462E-02 
8.96494E-01 1.90499E-01 5.81945E-02 
9.71469E-01 1.90860E-01 9.40106E-02 
1.05037E+00 1.90155E-01 1.57857E-01 
1.13320E+00 1.88469E-01 2.75975E-01 
1.22030E+00 1.85950E-01 5.02638E-01 
1.31323E+00 1.82905E-01 9.50895E-01 
1.41794E+00 1.80138E-01 1.84904E+00 
1.55514E+00 1.79923E-01 3.59806E+00 
1.77881E+00 1.87225E-01 6.64394E+00 
2.15200E+00 2.05863E-01 1.08122E+01 
2.61429E+00 2.26898E-01 1.47906E+01 
3.00104E+00 2.35819E-01 1.74004E+01 
3.24310E-01 6.06167E-02 1.28270E-03 
3.37252E-01 6.75261E-02 1.51756E-03 
3.77311E-01 1.06634E-01 1.81905E-03 
4.03765E-01 1.17061E-01 2.20822E-03 
4.32194E-01 1.26054E-01 2.72075E-03 
4.62976E-01 1.34047E-01 3.40455E-03 
4.96213E-01 1.41029E-01 4.33211E-03 
5.23685E-01 1.45740E-01 5.28544E-03 
5.32015E-01 1.47004E-01 5.61402E-03 
5.73506E-01 1.52275E-01 7.58580E-03 
6.18067E-01 1.56364E-01 1.05035E-02 
6.65705E-01 1.59283E-01 1.49291E-02 
7.16412E-01 1.61086E-01 2.18398E-02 
7.74113E-01 1.74829E-01 3.29304E-02 
8.37195E-01 1.74721E-01 5.13287E-02 
9.03408E-01 1.73641E-01 8.29476E-02 
9.72655E-01 1.71663E-01 1.39301E-01 
1.04488E+00 1.68879E-01 2.43570E-01 
1.12035E+00 1.65433E-01 4.43569E-01 
1.20044E+00 1.61605E-01 8.39076E-01 
1.29053E+00 1.58107E-01 1.63125E+00 
1.40919E+00 1.56903E-01 3.17328E+00 
1.60479E+00 1.62260E-01 5.85760E+00 
1.93282E+00 1.77336E-01 9.52836E+00 
2.33764E+00 1.94316E-01 1.30262E+01 
2.67173E+00 2.00819E-01 1.53120E+01 
3.18249E-01 6.68065E-02 1.12527E-03 
3.30424E-01 7.27897E-02 1.33376E-03 
3.66961E-01 1.12996E-01 1.60045E-03 
3.91207E-01 1.20899E-01 1.94578E-03 
4.17417E-01 1.27808E-01 2.40005E-03 
4.45757E-01 1.33778E-01 3.00778E-03 
4.76253E-01 1.38776E-01 3.83117E-03 
5.01361E-01 1.41984E-01 4.67697E-03 
5.08955E-01 1.42810E-01 4.96835E-03 
5.46718E-01 1.46099E-01 6.72035E-03 
5.87075E-01 1.48314E-01 9.31085E-03 
6.30004E-01 1.49490E-01 1.32468E-02 
6.75424E-01 1.49573E-01 1.93803E-02 
7.26300E-01 1.60926E-01 2.92304E-02 
7.82162E-01 1.59491E-01 4.55785E-02 
8.40405E-01 1.57212E-01 7.36448E-02 
9.00882E-01 1.54209E-01 1.23677E-01 
9.63525E-01 1.50575E-01 2.16159E-01 
1.02856E+00 1.46443E-01 3.93539E-01 
1.09719E+00 1.42066E-01 7.44032E-01 
1.17426E+00 1.38067E-01 1.44562E+00 
1.27649E+00 1.36135E-01 2.81033E+00 
1.44708E+00 1.39904E-01 5.18355E+00 
1.73498E+00 1.51982E-01 8.42531E+00 
2.08885E+00 1.65562E-01 1.15071E+01 
2.37672E+00 1.70141E-01 1.35106E+01 
3.12703E-01 7.24301E-02 9.95822E-04 
3.23876E-01 7.66209E-02 1.18245E-03 
3.56398E-01 1.17523E-01 1.42098E-03 
3.78975E-01 1.23668E-01 1.72987E-03 
4.03217E-01 1.28502E-01 2.13603E-03 
4.29342E-01 1.32470E-01 2.67871E-03 
4.57378E-01 1.35582E-01 3.41591E-03 
4.80363E-01 1.37393E-01 4.17228E-03 
4.87297E-01 1.37819E-01 4.43287E-03 
5.21679E-01 1.39300E-01 5.99946E-03 
5.58200E-01 1.39831E-01 8.31674E-03 
5.96797E-01 1.39483E-01 1.18328E-02 
6.37369E-01 1.38389E-01 1.73220E-02 
6.81961E-01 1.47344E-01 2.61153E-02 
7.31233E-01 1.44736E-01 4.07110E-02 
7.82232E-01 1.41510E-01 6.57737E-02 
8.34786E-01 1.37733E-01 1.10356E-01 
8.88835E-01 1.33490E-01 1.92808E-01 
9.44499E-01 1.28900E-01 3.50720E-01 
1.00292E+00 1.24189E-01 6.62556E-01 
1.06846E+00 1.19896E-01 1.28616E+00 
1.15613E+00 1.17464E-01 2.49752E+00 
1.30459E+00 1.19971E-01 4.60158E+00 
1.55688E+00 1.29550E-01 7.47049E+00 
1.86579E+00 1.40312E-01 1.01897E+01 
2.11326E+00 1.43393E-01 1.19458E+01 
3.07797E-01 7.71940E-02 8.90072E-04 
3.18331E-01 7.98899E-02 1.05820E-03 
3.46215E-01 1.20969E-01 1.27344E-03 
3.67199E-01 1.24773E-01 1.55176E-03 
3.89778E-01 1.27734E-01 1.91818E-03 
4.13974E-01 1.29883E-01 2.40694E-03 
4.39796E-01 1.31255E-01 3.07053E-03 
4.60873E-01 1.31800E-01 3.75223E-03 
4.67211E-01 1.31879E-01 3.98690E-03 
4.98500E-01 1.31746E-01 5.39654E-03 
5.31521E-01 1.30833E-01 7.48203E-03 
5.66155E-01 1.29201E-01 1.06429E-02 
6.02296E-01 1.26953E-01 1.55749E-02 
6.41107E-01 1.33918E-01 2.34743E-02 
6.84373E-01 1.30438E-01 3.65611E-02 
7.28776E-01 1.26528E-01 5.90217E-02 
7.74176E-01 1.22216E-01 9.89709E-02 
8.20458E-01 1.17589E-01 1.72695E-01 
8.67790E-01 1.12753E-01 3.13822E-01 
9.17144E-01 1.07903E-01 5.92089E-01 
9.72490E-01 1.03500E-01 1.14770E+00 
1.04734E+00 1.00767E-01 2.22568E+00 
1.17628E+00 1.02299E-01 4.09484E+00 
1.39714E+00 1.09821E-01 6.63751E+00 
1.66650E+00 1.18275E-01 9.03813E+00 
1.87881E+00 1.20217E-01 1.05760E+01 
3.03772E-01 8.06808E-02 8.03319E-04 
3.14107E-01 8.28364E-02 9.56395E-04 
3.36672E-01 1.21985E-01 1.15184E-03 
3.56314E-01 1.24131E-01 1.40460E-03 
3.77431E-01 1.25312E-01 1.73677E-03 
3.99939E-01 1.25829E-01 2.18081E-03 
4.23769E-01 1.25673E-01 2.78196E-03 
4.43107E-01 1.25122E-01 3.39957E-03 
4.48901E-01 1.24896E-01 3.61221E-03 
4.77368E-01 1.23405E-01 4.88824E-03 
5.07158E-01 1.21302E-01 6.77364E-03 
5.38156E-01 1.18641E-01 9.63300E-03 
5.70253E-01 1.15420E-01 1.40818E-02 
6.03765E-01 1.20679E-01 2.12062E-02 
6.41532E-01 1.16662E-01 3.30009E-02 
6.79957E-01 1.12302E-01 5.32030E-02 
7.18874E-01 1.07683E-01 8.90947E-02 
7.58198E-01 1.02879E-01 1.55242E-01 
7.98077E-01 9.79849E-02 2.81642E-01 
8.39414E-01 9.31638E-02 5.30509E-01 
8.85796E-01 8.88048E-02 1.02668E+00 
9.49421E-01 8.59444E-02 1.98730E+00 
1.06120E+00 8.67434E-02 3.64936E+00 
1.25443E+00 9.25982E-02 5.90407E+00 
1.48916E+00 9.91843E-02 8.02296E+00 
1.67105E+00 1.00290E-01 9.36795E+00 
3.00964E-01 8.28063E-02 7.31781E-04 
3.10921E-01 8.32405E-02 8.72130E-04 
3.28057E-01 1.20849E-01 1.05089E-03 
3.46763E-01 1.21527E-01 1.28179E-03 
3.66600E-01 1.21162E-01 1.58498E-03 
3.87561E-01 1.20250E-01 1.98952E-03 
4.09589E-01 1.18825E-01 2.53771E-03 
4.27314E-01 1.17385E-01 3.09933E-03 
4.32610E-01 1.16912E-01 3.29293E-03 
4.58462E-01 1.14356E-01 4.45350E-03 
4.85254E-01 1.11339E-01 6.16603E-03 
5.12879E-01 1.07920E-01 8.75797E-03 
5.41187E-01 1.04151E-01 1.27885E-02 
5.69887E-01 1.07864E-01 1.92339E-02 
6.02598E-01 1.03488E-01 2.98841E-02 
6.35575E-01 9.89037E-02 4.81056E-02 
6.68654E-01 9.41860E-02 8.04033E-02 
7.01775E-01 8.93894E-02 1.39859E-01 
7.35039E-01 8.45955E-02 2.53253E-01 
7.69308E-01 7.99425E-02 4.76083E-01 
8.07848E-01 7.57555E-02 9.19331E-01 
8.61663E-01 7.28977E-02 1.77598E+00 
9.58444E-01 7.31716E-02 3.25411E+00 
1.12748E+00 7.76922E-02 5.25262E+00 
1.33208E+00 8.27921E-02 7.12131E+00 
1.48778E+00 8.33043E-02 8.29493E+00 
2.99734E-01 8.31682E-02 6.72364E-04 
3.09426E-01 8.24069E-02 8.01415E-04 
3.21242E-01 1.17800E-01 9.65722E-04 
3.39002E-01 1.16924E-01 1.17744E-03 
3.57675E-01 1.15301E-01 1.45550E-03 
3.77194E-01 1.13285E-01 1.82546E-03 
3.97522E-01 1.10874E-01 2.32667E-03 
4.13735E-01 1.08765E-01 2.83969E-03 
4.18549E-01 1.08110E-01 3.01589E-03 
4.41915E-01 1.04779E-01 4.07423E-03 
4.65892E-01 1.01135E-01 5.63349E-03 
4.90346E-01 9.72323E-02 7.98907E-03 
5.15115E-01 9.31628E-02 1.16490E-02 
5.39398E-01 9.56057E-02 1.74855E-02 
5.67520E-01 9.10583E-02 2.71211E-02 
5.95537E-01 8.64506E-02 4.35629E-02 
6.23364E-01 8.18019E-02 7.26818E-02 
6.50901E-01 7.71615E-02 1.26132E-01 
6.78326E-01 7.25942E-02 2.27898E-01 
7.06403E-01 6.82144E-02 4.27424E-01 
7.38102E-01 6.42885E-02 8.23412E-01 
7.83424E-01 6.15410E-02 1.58683E+00 
8.67183E-01 6.14567E-02 2.90062E+00 
1.01518E+00 6.49282E-02 4.67040E+00 
1.19363E+00 6.88559E-02 6.31545E+00 
1.32689E+00 6.89649E-02 7.33684E+00 
3.00291E-01 8.18701E-02 6.21789E-04 
3.09825E-01 8.05946E-02 7.40706E-04 
3.16749E-01 1.12018E-01 8.91993E-04 
3.33474E-01 1.10468E-01 1.08668E-03 
3.50972E-01 1.08027E-01 1.34194E-03 
3.69081E-01 1.05202E-01 1.68137E-03 
3.87715E-01 1.02101E-01 2.13979E-03 
4.02451E-01 9.95368E-02 2.60920E-03 
4.06801E-01 9.87618E-02 2.77032E-03 
4.27760E-01 9.49388E-02 3.73577E-03 
4.49028E-01 9.09294E-02 5.15637E-03 
4.70458E-01 8.67787E-02 7.29965E-03 
4.91939E-01 8.25287E-02 1.06212E-02 
5.12219E-01 8.39855E-02 1.59119E-02 
5.36076E-01 7.95190E-02 2.46221E-02 
5.59594E-01 7.50432E-02 3.94673E-02 
5.82664E-01 7.05963E-02 6.56807E-02 
6.05259E-01 6.62230E-02 1.13727E-01 
6.27526E-01 6.19737E-02 2.04978E-01 
6.50185E-01 5.79336E-02 3.83492E-01 
6.75990E-01 5.43293E-02 7.36995E-01 
7.13961E-01 5.17591E-02 1.41646E+00 
7.86437E-01 5.14450E-02 2.58228E+00 
9.16168E-01 5.40996E-02 4.14650E+00 
1.07202E+00 5.71152E-02 5.59144E+00 
1.18616E+00 5.69650E-02 6.47780E+00 
3.02756E-01 7.93327E-02 5.77428E-04 
3.12044E-01 7.71742E-02 6.87208E-04 
3.14542E-01 1.05276E-01 8.26552E-04 
3.30312E-01 1.02954E-01 1.00578E-03 
3.46613E-01 9.98052E-02 1.24013E-03 
3.63267E-01 9.64508E-02 1.55141E-03 
3.80202E-01 9.29371E-02 1.97140E-03 
3.93441E-01 9.01157E-02 2.40049E-03 
3.97328E-01 8.92773E-02 2.54779E-03 
4.15942E-01 8.52122E-02 3.42904E-03 
4.34569E-01 8.10605E-02 4.72301E-03 
4.53123E-01 7.68605E-02 6.67247E-03 
4.71519E-01 7.26120E-02 9.68649E-03 
4.88180E-01 7.33150E-02 1.44784E-02 
5.08128E-01 6.90518E-02 2.23502E-02 
5.27571E-01 6.48199E-02 3.57443E-02 
5.46412E-01 6.06710E-02 5.93419E-02 
5.64646E-01 5.66327E-02 1.02491E-01 
5.82416E-01 5.27454E-02 1.84282E-01 
6.00410E-01 4.90834E-02 3.43804E-01 
6.21155E-01 4.58279E-02 6.58918E-01 
6.52860E-01 4.34710E-02 1.26309E+00 
7.15645E-01 4.30232E-02 2.29612E+00 
8.29645E-01 4.50512E-02 3.67644E+00 
9.66160E-01 4.73679E-02 4.94359E+00 
1.06414E+00 4.70623E-02 5.71101E+00 
3.06991E-01 7.55788E-02 5.36850E-04 
3.15917E-01 7.29318E-02 6.38212E-04 
3.15072E-01 9.72687E-02 7.66432E-04 
3.29457E-01 9.46404E-02 9.31154E-04 
3.44409E-01 9.10973E-02 1.14622E-03 
3.59506E-01 8.74758E-02 1.43141E-03 
3.74658E-01 8.37657E-02 1.81556E-03 
3.86392E-01 8.08497E-02 2.20737E-03 
3.89819E-01 7.99921E-02 2.34193E-03 
4.06074E-01 7.58837E-02 3.14513E-03 
4.22141E-01 7.17637E-02 4.32274E-03 
4.37948E-01 6.76609E-02 6.09230E-03 
4.53390E-01 6.36111E-02 8.82449E-03 
4.66814E-01 6.37183E-02 1.31577E-02 
4.83222E-01 5.97045E-02 2.02652E-02 
4.98990E-01 5.57871E-02 3.23253E-02 
5.14074E-01 5.19829E-02 5.35339E-02 
5.28457E-01 4.83137E-02 9.22220E-02 
5.42311E-01 4.48109E-02 1.65351E-01 
5.56298E-01 4.15312E-02 3.07717E-01 
5.72720E-01 3.86244E-02 5.88142E-01 
5.99071E-01 3.64968E-02 1.12425E+00 
6.53538E-01 3.59816E-02 2.03797E+00 
7.53983E-01 3.75299E-02 3.25373E+00 
8.73903E-01 3.93114E-02 4.36255E+00 
9.58203E-01 3.89208E-02 5.02540E+00 
3.12486E-01 7.12422E-02 4.98781E-04 
3.20802E-01 6.84782E-02 5.91996E-04 
3.17198E-01 8.92928E-02 7.10026E-04 
3.30470E-01 8.60256E-02 8.60956E-04 
3.43913E-01 8.24203E-02 1.05810E-03 
3.57331E-01 7.87204E-02 1.31895E-03 
3.70650E-01 7.49851E-02 1.66969E-03 
3.80852E-01 7.20906E-02 2.02689E-03 
3.83809E-01 7.12456E-02 2.14940E-03 
3.97737E-01 6.72318E-02 2.88034E-03 
4.11342E-01 6.32595E-02 3.95007E-03 
4.24535E-01 5.93535E-02 5.55417E-03 
4.37231E-01 5.55540E-02 8.02679E-03 
4.47778E-01 5.52286E-02 1.19402E-02 
4.60979E-01 5.15301E-02 1.83455E-02 
4.73472E-01 4.79541E-02 2.91890E-02 
4.85230E-01 4.45077E-02 4.82121E-02 
4.96273E-01 4.12096E-02 8.28425E-02 
5.06769E-01 3.80825E-02 1.48150E-01 
5.17326E-01 3.51692E-02 2.75015E-01 
5.30101E-01 3.25945E-02 5.24286E-01 
5.51903E-01 3.06921E-02 9.99273E-01 
5.99259E-01 3.01521E-02 1.80640E+00 
6.88057E-01 3.13349E-02 2.87575E+00 
7.93754E-01 3.27067E-02 3.84450E+00 
8.66516E-01 3.22775E-02 4.41611E+00 
3.18526E-01 6.67277E-02 4.62585E-04 
3.26096E-01 6.37882E-02 5.48142E-04 
3.20839E-01 8.12161E-02 6.56266E-04 
3.32573E-01 7.78430E-02 7.94580E-04 
3.44423E-01 7.41851E-02 9.74715E-04 
3.56101E-01 7.05250E-02 1.21281E-03 
3.67567E-01 6.68789E-02 1.53254E-03 
3.76238E-01 6.40825E-02 1.85780E-03 
3.78739E-01 6.32673E-02 1.96908E-03 
3.90427E-01 5.94300E-02 2.63332E-03 
4.01674E-01 5.56731E-02 3.60298E-03 
4.12414E-01 5.20167E-02 5.05530E-03 
4.22631E-01 4.84585E-02 7.28909E-03 
4.30626E-01 4.78436E-02 1.08186E-02 
4.40952E-01 4.44860E-02 1.65829E-02 
4.50560E-01 4.12509E-02 2.63240E-02 
4.59422E-01 3.81539E-02 4.33777E-02 
4.67585E-01 3.52073E-02 7.43508E-02 
4.75203E-01 3.24258E-02 1.32628E-01 
4.82876E-01 2.98524E-02 2.45553E-01 
4.92564E-01 2.75811E-02 4.66832E-01 
5.10543E-01 2.58906E-02 8.87502E-01 
5.51811E-01 2.53517E-02 1.59978E+00 
6.30579E-01 2.62559E-02 2.53944E+00 
7.24096E-01 2.73133E-02 3.38521E+00 
7.87120E-01 2.68741E-02 3.87771E+00 
3.24304E-01 6.22677E-02 4.27769E-04 
3.31062E-01 5.92028E-02 5.06285E-04 
3.24861E-01 7.34193E-02 6.05220E-04 
3.34976E-01 7.02534E-02 7.31752E-04 
3.45194E-01 6.66636E-02 8.96206E-04 
3.55139E-01 6.31184E-02 1.11341E-03 
3.64766E-01 5.96186E-02 1.40444E-03 
3.71982E-01 5.69508E-02 1.70018E-03 
3.74051E-01 5.61785E-02 1.80152E-03 
3.83616E-01 5.25557E-02 2.40456E-03 
3.92674E-01 4.90369E-02 3.28323E-03 
4.01197E-01 4.56347E-02 4.59760E-03 
4.09131E-01 4.23614E-02 6.61390E-03 
4.14937E-01 4.15254E-02 9.79597E-03 
4.22738E-01 3.84805E-02 1.49807E-02 
4.29830E-01 3.55680E-02 2.37271E-02 
4.36206E-01 3.27945E-02 3.90082E-02 
4.41908E-01 3.01695E-02 6.67021E-02 
4.47099E-01 2.77056E-02 1.18695E-01 
4.52333E-01 2.54304E-02 2.19184E-01 
4.59435E-01 2.34274E-02 4.15612E-01 
4.74173E-01 2.19285E-02 7.88048E-01 
5.10228E-01 2.14061E-02 1.41654E+00 
5.80352E-01 2.20964E-02 2.24217E+00 
6.63421E-01 2.29137E-02 2.98052E+00 
7.18203E-01 2.24813E-02 3.40468E+00 
3.29132E-01 5.81507E-02 3.94839E-04 
3.34966E-01 5.51112E-02 4.66794E-04 
3.27949E-01 6.70848E-02 5.57393E-04 
3.36976E-01 6.34612E-02 6.73011E-04 
3.45582E-01 5.99962E-02 8.23164E-04 
3.53864E-01 5.65893E-02 1.02111E-03 
3.61777E-01 5.32530E-02 1.28623E-03 
3.67634E-01 5.07241E-02 1.55510E-03 
3.69296E-01 4.99973E-02 1.64717E-03 
3.76923E-01 4.65916E-02 2.19450E-03 
3.84016E-01 4.33073E-02 2.99154E-03 
3.90540E-01 4.01561E-02 4.17992E-03 
3.96467E-01 3.71549E-02 6.00260E-03 
4.00380E-01 3.61574E-02 8.87036E-03 
4.06003E-01 3.33982E-02 1.35379E-02 
4.10932E-01 3.07751E-02 2.13924E-02 
4.15182E-01 2.82919E-02 3.50904E-02 
4.18795E-01 2.59528E-02 5.98615E-02 
4.21939E-01 2.37672E-02 1.06270E-01 
4.25125E-01 2.17559E-02 1.95745E-01 
4.30060E-01 1.99884E-02 3.70252E-01 
4.42050E-01 1.86586E-02 7.00110E-01 
4.73628E-01 1.81607E-02 1.25502E+00 
5.36281E-01 1.86868E-02 1.98089E+00 
6.10338E-01 1.93179E-02 2.62567E+00 
6.58125E-01 1.89031E-02 2.99109E+00 
3.32490E-01 5.45028E-02 3.64350E-04 
3.37468E-01 5.14368E-02 4.30330E-04 
3.30692E-01 6.08125E-02 5.13301E-04 
3.38035E-01 5.75268E-02 6.19160E-04 
3.45144E-01 5.41956E-02 7.56463E-04 
3.51898E-01 5.09271E-02 9.37093E-04 
3.58263E-01 4.77451E-02 1.17872E-03 
3.62893E-01 4.53512E-02 1.42363E-03 
3.64198E-01 4.46623E-02 1.50726E-03 
3.70098E-01 4.14585E-02 2.00453E-03 
3.75449E-01 3.83917E-02 2.72756E-03 
3.80226E-01 3.54696E-02 3.80406E-03 
3.84425E-01 3.26873E-02 5.45186E-03 
3.86720E-01 3.15957E-02 8.04112E-03 
3.90458E-01 2.90978E-02 1.22456E-02 
3.93540E-01 2.67332E-02 1.93086E-02 
3.95977E-01 2.45059E-02 3.16022E-02 
3.97822E-01 2.24176E-02 5.37853E-02 
3.99234E-01 2.04740E-02 9.52441E-02 
4.00704E-01 1.86940E-02 1.75023E-01 
4.03811E-01 1.71318E-02 3.30177E-01 
4.13461E-01 1.59502E-02 6.22710E-01 
4.41171E-01 1.54808E-02 1.11318E+00 
4.97331E-01 1.58805E-02 1.75197E+00 
5.63597E-01 1.63685E-02 2.31564E+00 
6.05388E-01 1.59754E-02 2.63043E+00 
3.34020E-01 5.13334E-02 3.36514E-04 
3.38260E-01 4.82411E-02 3.97193E-04 
3.32046E-01 5.53103E-02 4.73442E-04 
3.37758E-01 5.24279E-02 5.70460E-04 
3.43578E-01 4.91864E-02 6.96191E-04 
3.49000E-01 4.60430E-02 8.61528E-04 
3.54008E-01 4.29992E-02 1.08213E-03 
3.57584E-01 4.07216E-02 1.30549E-03 
3.58579E-01 4.00691E-02 1.38183E-03 
3.62989E-01 3.70456E-02 1.83494E-03 
3.66837E-01 3.41710E-02 2.49210E-03 
3.70115E-01 3.14487E-02 3.46993E-03 
3.72797E-01 2.88858E-02 4.96232E-03 
3.73730E-01 2.77180E-02 7.30450E-03 
3.75862E-01 2.54475E-02 1.11014E-02 
3.77364E-01 2.33109E-02 1.74638E-02 
3.78258E-01 2.13081E-02 2.85140E-02 
3.78600E-01 1.94398E-02 4.84130E-02 
3.78546E-01 1.77092E-02 8.55252E-02 
3.78557E-01 1.61285E-02 1.56748E-01 
3.80112E-01 1.47445E-02 2.94959E-01 
3.87751E-01 1.36936E-02 5.54665E-01 
4.12098E-01 1.32547E-02 9.88736E-01 
4.62581E-01 1.35568E-02 1.55159E+00 
5.22052E-01 1.39343E-02 2.04481E+00 
5.58672E-01 1.35653E-02 2.31599E+00 
3.33938E-01 4.86091E-02 3.11916E-04 
3.37538E-01 4.54958E-02 3.67907E-04 
3.31633E-01 5.08937E-02 4.38156E-04 
3.36241E-01 4.80605E-02 5.27439E-04 
3.40952E-01 4.48994E-02 6.42930E-04 
3.45252E-01 4.18509E-02 7.94589E-04 
3.49115E-01 3.89236E-02 9.96903E-04 
3.51789E-01 3.67457E-02 1.20125E-03 
3.52519E-01 3.61233E-02 1.27103E-03 
3.55650E-01 3.32560E-02 1.68489E-03 
3.58214E-01 3.05487E-02 2.28433E-03 
3.60191E-01 2.80053E-02 3.17380E-03 
3.61587E-01 2.56267E-02 4.53011E-03 
3.61342E-01 2.44165E-02 6.65361E-03 
3.62097E-01 2.23450E-02 1.00885E-02 
3.62250E-01 2.04078E-02 1.58367E-02 
3.61823E-01 1.86023E-02 2.57950E-02 
3.60878E-01 1.69266E-02 4.36849E-02 
3.59570E-01 1.53812E-02 7.69714E-02 
3.58338E-01 1.39748E-02 1.40693E-01 
3.58561E-01 1.27461E-02 2.63983E-01 
3.64472E-01 1.18092E-02 4.95113E-01 
3.85879E-01 1.14013E-02 8.79931E-01 
4.31377E-01 1.16283E-02 1.37668E+00 
4.84895E-01 1.19192E-02 1.80882E+00 
5.17054E-01 1.15767E-02 2.04268E+00 
3.32242E-01 4.62472E-02 2.90071E-04 
3.35321E-01 4.31110E-02 3.41840E-04 
3.29436E-01 4.73073E-02 4.06770E-04 
3.33467E-01 4.42406E-02 4.89114E-04 
3.37256E-01 4.11484E-02 5.95529E-04 
3.40611E-01 3.81823E-02 7.34982E-04 
3.43503E-01 3.53521E-02 9.20672E-04 
3.45407E-01 3.32608E-02 1.10814E-03 
3.45912E-01 3.26649E-02 1.17198E-03 
3.47947E-01 2.99333E-02 1.55059E-03 
3.49391E-01 2.73762E-02 2.09790E-03 
3.50243E-01 2.49919E-02 2.90876E-03 
3.50506E-01 2.27756E-02 4.14227E-03 
3.49238E-01 2.15449E-02 6.07009E-03 
3.48786E-01 1.96535E-02 9.18194E-03 
3.47749E-01 1.78960E-02 1.43759E-02 
3.46164E-01 1.62672E-02 2.33557E-02 
3.44093E-01 1.47632E-02 3.94494E-02 
3.41690E-01 1.33819E-02 6.93158E-02 
3.39374E-01 1.21305E-02 1.26353E-01 
3.38436E-01 1.10386E-02 2.36395E-01 
3.42817E-01 1.02041E-02 4.42026E-01 
3.61606E-01 9.82723E-03 7.83232E-01 
4.02644E-01 9.99586E-03 1.22160E+00 
4.50846E-01 1.02194E-02 1.60003E+00 
4.79046E-01 9.90285E-03 1.80123E+00 
3.29295E-01 4.42438E-02 2.71056E-04 
3.31966E-01 4.10659E-02 3.19109E-04 
3.26201E-01 4.41517E-02 3.79247E-04 
3.29717E-01 4.09371E-02 4.55434E-04 
3.32750E-01 3.78901E-02 5.53741E-04 
3.35310E-01 3.49878E-02 6.82333E-04 
3.37371E-01 3.22380E-02 8.53192E-04 
3.38616E-01 3.02185E-02 1.02541E-03 
3.38919E-01 2.96469E-02 1.08414E-03 
3.40002E-01 2.70328E-02 1.43136E-03 
3.40464E-01 2.46066E-02 1.93223E-03 
3.40317E-01 2.23632E-02 2.67275E-03 
3.39571E-01 2.02974E-02 3.79679E-03 
3.37402E-01 1.90593E-02 5.54997E-03 
3.35885E-01 1.73278E-02 8.37366E-03 
3.33803E-01 1.57298E-02 1.30758E-02 
3.31197E-01 1.42583E-02 2.11830E-02 
3.28139E-01 1.29066E-02 3.56794E-02 
3.24779E-01 1.16713E-02 6.25140E-02 
3.21517E-01 1.05556E-02 1.13607E-01 
3.19568E-01 9.58460E-03 2.11927E-01 
3.22604E-01 8.84065E-03 3.94995E-01 
3.39062E-01 8.49405E-03 6.97697E-01 
3.76104E-01 8.61760E-03 1.08471E+00 
4.19556E-01 8.78846E-03 1.41616E+00 
4.44257E-01 8.49734E-03 1.58907E+00 
3.25291E-01 4.25071E-02 2.54282E-04 
3.27648E-01 3.92635E-02 2.98996E-04 
3.22191E-01 4.12097E-02 3.54785E-04 
3.25065E-01 3.80457E-02 4.25402E-04 
3.27457E-01 3.50292E-02 5.16340E-04 
3.29338E-01 3.21750E-02 6.35079E-04 
3.30680E-01 2.94919E-02 7.92611E-04 
3.31347E-01 2.75342E-02 9.51013E-04 
3.31471E-01 2.69832E-02 1.00503E-03 
3.31703E-01 2.44735E-02 1.32374E-03 
3.31292E-01 2.21637E-02 1.78254E-03 
3.30249E-01 2.00474E-02 2.45936E-03 
3.28600E-01 1.81141E-02 3.48435E-03 
3.25619E-01 1.68849E-02 5.07952E-03 
3.23151E-01 1.52974E-02 7.64220E-03 
3.20135E-01 1.38430E-02 1.18998E-02 
3.16622E-01 1.25123E-02 1.92236E-02 
3.12689E-01 1.12971E-02 3.22815E-02 
3.08485E-01 1.01919E-02 5.63861E-02 
3.04395E-01 9.19718E-03 1.02151E-01 
3.01560E-01 8.33367E-03 1.89929E-01 
3.03409E-01 7.67033E-03 3.52924E-01 
3.17766E-01 7.35289E-03 6.21305E-01 
3.51178E-01 7.44147E-03 9.62723E-01 
3.90335E-01 7.57044E-03 1.25275E+00 
4.11910E-01 7.30415E-03 1.40106E+00 
3.20398E-01 4.10245E-02 2.39319E-04 
3.22532E-01 3.76902E-02 2.80923E-04 
3.17297E-01 3.86950E-02 3.32807E-04 
3.19684E-01 3.55179E-02 3.98304E-04 
3.21530E-01 3.25178E-02 4.82489E-04 
3.22811E-01 2.97004E-02 5.92247E-04 
3.23509E-01 2.70704E-02 7.37493E-04 
3.23642E-01 2.51660E-02 8.83331E-04 
3.23613E-01 2.46306E-02 9.32932E-04 
3.23067E-01 2.22105E-02 1.22560E-03 
3.21845E-01 2.00039E-02 1.64598E-03 
3.19974E-01 1.80003E-02 2.26456E-03 
3.17487E-01 1.61878E-02 3.19907E-03 
3.13772E-01 1.49754E-02 4.65017E-03 
3.10439E-01 1.35173E-02 6.97593E-03 
3.06582E-01 1.21918E-02 1.08287E-02 
3.02260E-01 1.09876E-02 1.74395E-02 
2.97551E-01 9.89457E-03 2.91927E-02 
2.92609E-01 8.90509E-03 5.08251E-02 
2.87793E-01 8.01885E-03 9.17840E-02 
2.84185E-01 7.25067E-03 1.70097E-01 
2.84979E-01 6.65984E-03 3.15013E-01 
2.97437E-01 6.37008E-03 5.52732E-01 
3.27537E-01 6.43143E-03 8.53590E-01 
3.62770E-01 6.52733E-03 1.10691E+00 
3.81537E-01 6.28447E-03 1.23378E+00 
3.14692E-01 3.97762E-02 2.25676E-04 
3.16588E-01 3.63443E-02 2.64356E-04 
3.11636E-01 3.64775E-02 3.12553E-04 
3.13535E-01 3.33060E-02 3.73300E-04 
3.14877E-01 3.03114E-02 4.51190E-04 
3.15607E-01 2.75180E-02 5.52538E-04 
3.15713E-01 2.49293E-02 6.86400E-04 
3.15359E-01 2.30683E-02 8.20598E-04 
3.15189E-01 2.25466E-02 8.66169E-04 
3.13925E-01 2.02041E-02 1.13475E-03 
3.11960E-01 1.80878E-02 1.51947E-03 
3.09331E-01 1.61849E-02 2.08422E-03 
3.06083E-01 1.44798E-02 2.93543E-03 
3.01702E-01 1.32927E-02 4.25394E-03 
2.97594E-01 1.19506E-02 6.36169E-03 
2.92987E-01 1.07411E-02 9.84440E-03 
2.87946E-01 9.65048E-03 1.58023E-02 
2.82558E-01 8.66700E-03 2.63664E-02 
2.76974E-01 7.78149E-03 4.57546E-02 
2.71537E-01 6.99163E-03 8.23528E-02 
2.67263E-01 6.30872E-03 1.52119E-01 
2.67129E-01 5.78261E-03 2.80730E-01 
2.77863E-01 5.51889E-03 4.90907E-01 
3.04915E-01 5.55905E-03 7.55516E-01 
3.36544E-01 5.62911E-03 9.76348E-01 
3.52780E-01 5.40773E-03 1.08447E+00 
3.08366E-01 3.87794E-02 2.13064E-04 
3.10024E-01 3.52489E-02 2.49041E-04 
3.05300E-01 3.46320E-02 2.93742E-04 
3.06790E-01 3.14098E-02 3.50012E-04 
3.07636E-01 2.84022E-02 4.22012E-04 
3.07828E-01 2.56153E-02 5.15473E-04 
3.07355E-01 2.30522E-02 6.38649E-04 
3.06535E-01 2.12219E-02 7.61874E-04 
3.06220E-01 2.07117E-02 8.03714E-04 
3.04269E-01 1.84313E-02 1.04968E-03 
3.01603E-01 1.63907E-02 1.40123E-03 
2.98263E-01 1.45748E-02 1.91601E-03 
2.94306E-01 1.29649E-02 2.68975E-03 
2.89322E-01 1.18071E-02 3.88555E-03 
2.84517E-01 1.05685E-02 5.79209E-03 
2.79242E-01 9.46278E-03 8.93349E-03 
2.73573E-01 8.47406E-03 1.42923E-02 
2.67599E-01 7.58870E-03 2.37676E-02 
2.61466E-01 6.79645E-03 4.11074E-02 
2.55511E-01 6.09227E-03 7.37342E-02 
2.50675E-01 5.48550E-03 1.35729E-01 
2.49730E-01 5.01738E-03 2.49628E-01 
2.58896E-01 4.77806E-03 4.34987E-01 
2.83127E-01 4.80160E-03 6.67104E-01 
3.11436E-01 4.85103E-03 8.59122E-01 
3.25385E-01 4.64992E-03 9.50896E-01 
3.01258E-01 3.80046E-02 2.01138E-04 
3.02669E-01 3.43559E-02 2.34535E-04 
2.98219E-01 3.30784E-02 2.75959E-04 
2.99308E-01 2.98038E-02 3.28003E-04 
2.99706E-01 2.67705E-02 3.94483E-04 
2.99406E-01 2.39770E-02 4.80574E-04 
2.98402E-01 2.14255E-02 5.93792E-04 
2.97148E-01 1.96160E-02 7.06805E-04 
2.96704E-01 1.91135E-02 7.45119E-04 
2.94124E-01 1.68803E-02 9.70125E-04 
2.90809E-01 1.49024E-02 1.29088E-03 
2.86821E-01 1.31607E-02 1.75926E-03 
2.82228E-01 1.16329E-02 2.46169E-03 
2.76711E-01 1.05067E-02 3.54444E-03 
2.71296E-01 9.35890E-03 5.26600E-03 
2.65448E-01 8.34456E-03 8.09573E-03 
2.59244E-01 7.44607E-03 1.29088E-02 
2.52782E-01 6.64767E-03 2.13941E-02 
2.46205E-01 5.93761E-03 3.68762E-02 
2.39829E-01 5.30984E-03 6.59148E-02 
2.34536E-01 4.77038E-03 1.20912E-01 
2.32898E-01 4.35391E-03 2.21621E-01 
2.40653E-01 4.13706E-03 3.84843E-01 
2.62299E-01 4.14776E-03 5.88149E-01 
2.87567E-01 4.18075E-03 7.54796E-01 
2.99473E-01 3.99858E-03 8.32513E-01 
2.93341E-01 3.74515E-02 1.89558E-04 
2.94475E-01 3.36566E-02 2.20426E-04 
2.90324E-01 3.17705E-02 2.58673E-04 
2.90954E-01 2.84429E-02 3.06642E-04 
2.90898E-01 2.53650E-02 3.67775E-04 
2.90113E-01 2.25482E-02 4.46776E-04 
2.88593E-01 1.99933E-02 5.50410E-04 
2.86928E-01 1.81937E-02 6.53670E-04 
2.86359E-01 1.76965E-02 6.88646E-04 
2.83191E-01 1.54980E-02 8.93644E-04 
2.79285E-01 1.35708E-02 1.18511E-03 
2.74714E-01 1.18922E-02 1.60979E-03 
2.69552E-01 1.04370E-02 2.24467E-03 
2.63574E-01 9.34378E-03 3.22125E-03 
2.57635E-01 8.27715E-03 4.77004E-03 
2.51299E-01 7.34538E-03 7.30735E-03 
2.44653E-01 6.52814E-03 1.16124E-02 
2.37795E-01 5.80833E-03 1.91787E-02 
2.30866E-01 5.17267E-03 3.29406E-02 
2.24161E-01 4.61392E-03 5.86781E-02 
2.18506E-01 4.13534E-03 1.07260E-01 
2.16275E-01 3.76575E-03 1.95907E-01 
2.22742E-01 3.56994E-03 3.38995E-01 
2.41969E-01 3.57062E-03 5.16255E-01 
2.64397E-01 3.59045E-03 6.60185E-01 
2.74446E-01 3.42609E-03 7.25581E-01 
2.84760E-01 3.71239E-02 1.78408E-04 
2.85626E-01 3.31713E-02 2.06893E-04 
2.81734E-01 3.07633E-02 2.42112E-04 
2.81948E-01 2.73400E-02 2.86195E-04 
2.81418E-01 2.41953E-02 3.42231E-04 
2.80137E-01 2.13356E-02 4.14473E-04 
2.78119E-01 1.87609E-02 5.09058E-04 
2.76065E-01 1.69607E-02 6.03085E-04 
2.75385E-01 1.64652E-02 6.34893E-04 
2.71675E-01 1.42878E-02 8.21119E-04 
2.67234E-01 1.23990E-02 1.08522E-03 
2.62142E-01 1.07724E-02 1.46893E-03 
2.56487E-01 9.37907E-03 2.04123E-03 
2.50122E-01 8.31838E-03 2.91929E-03 
2.43743E-01 7.32308E-03 4.30794E-03 
2.37014E-01 6.46404E-03 6.57707E-03 
2.30022E-01 5.71893E-03 1.04154E-02 
2.22864E-01 5.06914E-03 1.71418E-02 
2.15677E-01 4.50001E-03 2.93387E-02 
2.08743E-01 4.00263E-03 5.20805E-02 
2.02821E-01 3.57843E-03 9.48708E-02 
2.00102E-01 3.25084E-03 1.72657E-01 
2.05415E-01 3.07444E-03 2.97718E-01 
2.22412E-01 3.06754E-03 4.51802E-01 
2.42230E-01 3.07704E-03 5.75713E-01 
2.50620E-01 2.92928E-03 6.30511E-01 
2.75382E-01 3.69852E-02 1.67492E-04 
2.75938E-01 3.28561E-02 1.93677E-04 
2.72314E-01 2.99777E-02 2.25989E-04 
2.72130E-01 2.64485E-02 2.66364E-04 
2.71183E-01 2.32241E-02 3.17581E-04 
2.69466E-01 2.03085E-02 3.83454E-04 
2.66990E-01 1.77008E-02 4.69450E-04 
2.64574E-01 1.58901E-02 5.54807E-04 
2.63793E-01 1.53933E-02 5.83638E-04 
2.59586E-01 1.32249E-02 7.52152E-04 
2.54665E-01 1.13635E-02 9.90528E-04 
2.49119E-01 9.77887E-03 1.33598E-03 
2.43040E-01 8.43813E-03 1.84981E-03 
2.36357E-01 7.40928E-03 2.63631E-03 
2.29630E-01 6.47672E-03 3.87690E-03 
2.22598E-01 5.68245E-03 5.89834E-03 
2.15351E-01 5.00201E-03 9.30760E-03 
2.07987E-01 4.41493E-03 1.52651E-02 
2.00636E-01 3.90541E-03 2.60367E-02 
1.93563E-01 3.46312E-03 4.60548E-02 
1.87467E-01 3.08772E-03 8.35986E-02 
1.84357E-01 2.79793E-03 1.51611E-01 
1.88637E-01 2.63955E-03 2.60503E-01 
2.03577E-01 2.62701E-03 3.93928E-01 
2.20993E-01 2.62863E-03 5.00203E-01 
2.27906E-01 2.49629E-03 5.45877E-01 
2.65351E-01 3.70238E-02 1.56871E-04 
2.65570E-01 3.26933E-02 1.80830E-04 
2.62174E-01 2.93929E-02 2.10354E-04 
2.61577E-01 2.57431E-02 2.47191E-04 
2.60212E-01 2.24220E-02 2.93795E-04 
2.58073E-01 1.94366E-02 3.53584E-04 
2.55185E-01 1.67853E-02 4.31500E-04 
2.52457E-01 1.49564E-02 5.08648E-04 
2.51580E-01 1.44572E-02 5.34689E-04 
2.46949E-01 1.22887E-02 6.86579E-04 
2.41625E-01 1.04464E-02 9.00908E-04 
2.35703E-01 8.89611E-03 1.21070E-03 
2.29286E-01 7.60074E-03 1.67026E-03 
2.22363E-01 6.60280E-03 2.37203E-03 
2.15377E-01 5.72588E-03 3.47599E-03 
2.08132E-01 4.98947E-03 5.26975E-03 
2.00723E-01 4.36689E-03 8.28637E-03 
1.93243E-01 3.83609E-03 1.35426E-02 
1.85818E-01 3.37995E-03 2.30184E-02 
1.78692E-01 2.98725E-03 4.05714E-02 
1.72508E-01 2.65565E-03 7.33832E-02 
1.69098E-01 2.39996E-03 1.32623E-01 
1.72463E-01 2.25825E-03 2.27074E-01 
1.85516E-01 2.24173E-03 3.42169E-01 
2.00731E-01 2.23740E-03 4.32953E-01 
2.06338E-01 2.11945E-03 4.70817E-01 
2.54728E-01 3.72138E-02 1.46539E-04 
2.54593E-01 3.26642E-02 1.68369E-04 
2.51357E-01 2.89855E-02 1.95227E-04 
2.50351E-01 2.51922E-02 2.28667E-04 
2.48591E-01 2.17615E-02 2.70892E-04 
2.46074E-01 1.86968E-02 3.24951E-04 
2.42813E-01 1.59924E-02 3.95217E-04 
2.39802E-01 1.41391E-02 4.64632E-04 
2.38845E-01 1.36353E-02 4.88031E-04 
2.33846E-01 1.14592E-02 6.24362E-04 
2.28183E-01 9.62960E-03 8.16198E-04 
2.21959E-01 8.10766E-03 1.09273E-03 
2.15280E-01 6.85194E-03 1.50195E-03 
2.08190E-01 5.88417E-03 2.12532E-03 
2.01031E-01 5.05707E-03 3.10325E-03 
1.93663E-01 4.37274E-03 4.68816E-03 
1.86178E-01 3.80252E-03 7.34582E-03 
1.78668E-01 3.32259E-03 1.19628E-02 
1.71252E-01 2.91469E-03 2.02600E-02 
1.64153E-01 2.56665E-03 3.55853E-02 
1.57961E-01 2.27453E-03 6.41385E-02 
1.54337E-01 2.04970E-03 1.15506E-01 
1.56897E-01 1.92345E-03 1.97070E-01 
1.68222E-01 1.90431E-03 2.95912E-01 
1.81424E-01 1.89564E-03 3.73097E-01 
1.85884E-01 1.79113E-03 4.04298E-01 
2.43628E-01 3.75255E-02 1.36538E-04 
2.43126E-01 3.27407E-02 1.56339E-04 
2.39994E-01 2.87159E-02 1.80662E-04 
2.38608E-01 2.47691E-02 2.10896E-04 
2.36453E-01 2.12163E-02 2.48962E-04 
2.33563E-01 1.80620E-02 2.97589E-04 
2.29963E-01 1.52982E-02 3.60654E-04 
2.26706E-01 1.34170E-02 4.22843E-04 
2.25682E-01 1.29075E-02 4.43782E-04 
2.20373E-01 1.07196E-02 5.65538E-04 
2.14440E-01 8.89880E-03 7.36458E-04 
2.07986E-01 7.40117E-03 9.82218E-04 
2.01124E-01 6.18112E-03 1.34486E-03 
1.93941E-01 5.24310E-03 1.89608E-03 
1.86695E-01 4.46128E-03 2.75862E-03 
1.79288E-01 3.82443E-03 4.15223E-03 
1.71811E-01 3.30165E-03 6.48314E-03 
1.64353E-01 2.86782E-03 1.05203E-02 
1.57023E-01 2.50361E-03 1.77537E-02 
1.50028E-01 2.19581E-03 3.10733E-02 
1.43899E-01 1.93928E-03 5.58105E-02 
1.40142E-01 1.74231E-03 1.00149E-01 
1.42001E-01 1.63038E-03 1.70268E-01 
1.51753E-01 1.60975E-03 2.54766E-01 
1.63128E-01 1.59813E-03 3.20080E-01 
1.66591E-01 1.50609E-03 3.45626E-01 
2.32162E-01 3.79274E-02 1.26901E-04 
2.31287E-01 3.28947E-02 1.44781E-04 
2.28202E-01 2.85506E-02 1.66698E-04 
2.26429E-01 2.44403E-02 1.93903E-04 
2.23925E-01 2.07604E-02 2.28075E-04 
2.20690E-01 1.75114E-02 2.71600E-04 
2.16769E-01 1.46835E-02 3.27912E-04 
2.13298E-01 1.27720E-02 3.83334E-04 
2.12216E-01 1.22566E-02 4.01978E-04 
2.06656E-01 1.00550E-02 5.10212E-04 
2.00512E-01 8.24076E-03 6.61731E-04 
1.93897E-01 6.76541E-03 8.79036E-04 
1.86926E-01 5.57849E-03 1.19890E-03 
1.79721E-01 4.67013E-03 1.68396E-03 
1.72465E-01 3.93019E-03 2.44095E-03 
1.65098E-01 3.33687E-03 3.66082E-03 
1.57707E-01 2.85747E-03 5.69501E-03 
1.50374E-01 2.46558E-03 9.20838E-03 
1.43202E-01 2.14093E-03 1.54852E-02 
1.36377E-01 1.86949E-03 2.70058E-02 
1.30379E-01 1.64505E-03 4.83323E-02 
1.26559E-01 1.47322E-03 8.64255E-02 
1.27819E-01 1.37453E-03 1.46416E-01 
1.36148E-01 1.35334E-03 2.18301E-01 
1.45873E-01 1.33991E-03 2.73302E-01 
1.48479E-01 1.25938E-03 2.94068E-01 
2.20427E-01 3.83860E-02 1.17645E-04 
2.19192E-01 3.30983E-02 1.33721E-04 
2.16093E-01 2.84594E-02 1.53375E-04 
2.13944E-01 2.41776E-02 1.77722E-04 
2.11109E-01 2.03669E-02 2.08245E-04 
2.07571E-01 1.70224E-02 2.47020E-04 
2.03369E-01 1.41300E-02 2.97037E-04 
1.99704E-01 1.21878E-02 3.46162E-04 
1.98570E-01 1.16662E-02 3.62668E-04 
1.92805E-01 9.45086E-03 4.58358E-04 
1.86512E-01 7.64355E-03 5.91985E-04 
1.79803E-01 6.19010E-03 7.83133E-04 
1.72792E-01 5.03514E-03 1.06380E-03 
1.65628E-01 4.15681E-03 1.48842E-03 
1.58434E-01 3.45606E-03 2.14935E-03 
1.51178E-01 2.90320E-03 3.21162E-03 
1.43940E-01 2.46384E-03 4.97781E-03 
1.36800E-01 2.11028E-03 8.01971E-03 
1.29848E-01 1.82152E-03 1.34382E-02 
1.23253E-01 1.58298E-03 2.33519E-02 
1.17445E-01 1.38744E-03 4.16437E-02 
1.13628E-01 1.23830E-03 7.42025E-02 
1.14380E-01 1.15182E-03 1.25262E-01 
1.21432E-01 1.13079E-03 1.86099E-01 
1.29674E-01 1.11649E-03 2.32162E-01 
1.31553E-01 1.04653E-03 2.48914E-01 
2.08594E-01 3.88766E-02 1.08831E-04 
2.06981E-01 3.33241E-02 1.23205E-04 
2.03819E-01 2.84109E-02 1.40745E-04 
2.01314E-01 2.39563E-02 1.62425E-04 
1.98152E-01 2.00130E-02 1.89530E-04 
1.94343E-01 1.65749E-02 2.23892E-04 
1.89901E-01 1.36212E-02 2.68105E-04 
1.86077E-01 1.16505E-02 3.11422E-04 
1.84901E-01 1.11234E-02 3.25959E-04 
1.78976E-01 8.89672E-03 4.10104E-04 
1.72584E-01 7.09816E-03 5.27315E-04 
1.65837E-01 5.66750E-03 6.94578E-04 
1.58850E-01 4.54447E-03 9.39523E-04 
1.51783E-01 3.69684E-03 1.30931E-03 
1.44717E-01 3.03348E-03 1.88343E-03 
1.37635E-01 2.51859E-03 2.80348E-03 
1.30614E-01 2.11622E-03 4.32929E-03 
1.23724E-01 1.79776E-03 6.94932E-03 
1.17048E-01 1.54159E-03 1.16018E-02 
1.10734E-01 1.33272E-03 2.00894E-02 
1.05165E-01 1.16312E-03 3.56979E-02 
1.01409E-01 1.03439E-03 6.33809E-02 
1.01741E-01 9.59086E-04 1.06614E-01 
1.07655E-01 9.38806E-04 1.57831E-01 
1.14579E-01 9.24337E-04 1.96195E-01 
1.15851E-01 8.64057E-04 2.09603E-01 
1.96738E-01 3.93729E-02 1.00450E-04 
1.94760E-01 3.35528E-02 1.13239E-04 
1.91484E-01 2.83803E-02 1.28802E-04 
1.88626E-01 2.37518E-02 1.47988E-04 
1.85157E-01 1.96788E-02 1.71919E-04 
1.81091E-01 1.61505E-02 2.02186E-04 
1.76444E-01 1.31405E-02 2.41030E-04 
1.72493E-01 1.11454E-02 2.79000E-04 
1.71286E-01 1.06140E-02 2.91729E-04 
1.65250E-01 8.38084E-03 3.65286E-04 
1.58807E-01 6.59445E-03 4.67482E-04 
1.52071E-01 5.18875E-03 6.12939E-04 
1.45159E-01 4.09851E-03 8.25425E-04 
1.38242E-01 3.28276E-03 1.14552E-03 
1.31362E-01 2.65577E-03 1.64122E-03 
1.24512E-01 2.17694E-03 2.43352E-03 
1.17762E-01 1.80910E-03 3.74368E-03 
1.11174E-01 1.52298E-03 5.98692E-03 
1.04821E-01 1.29652E-03 9.95845E-03 
9.88329E-02 1.11443E-03 1.71813E-02 
9.35463E-02 9.68143E-04 3.04210E-02 
8.99013E-02 8.57718E-04 5.38166E-02 
8.98922E-02 7.92646E-04 9.02016E-02 
9.47981E-02 7.73545E-04 1.33055E-01 
1.00556E-01 7.59460E-04 1.64804E-01 
1.01327E-01 7.07990E-04 1.75435E-01 
1.85079E-01 3.98430E-02 9.25950E-05 
1.82761E-01 3.37602E-02 1.03931E-04 
1.79341E-01 2.83464E-02 1.17679E-04 
1.76153E-01 2.35492E-02 1.34584E-04 
1.72385E-01 1.93514E-02 1.55599E-04 
1.68082E-01 1.57396E-02 1.82121E-04 
1.63257E-01 1.26805E-02 2.16075E-04 
1.59203E-01 1.06663E-02 2.49193E-04 
1.57973E-01 1.01321E-02 2.60284E-04 
1.51869E-01 7.89903E-03 3.24271E-04 
1.45424E-01 6.12981E-03 4.12944E-04 
1.38753E-01 4.75231E-03 5.38842E-04 
1.31966E-01 3.69636E-03 7.22299E-04 
1.25242E-01 2.91349E-03 9.98066E-04 
1.18593E-01 2.32179E-03 1.42404E-03 
1.12020E-01 1.87712E-03 2.10311E-03 
1.05583E-01 1.54138E-03 3.22290E-03 
9.93363E-02 1.28478E-03 5.13478E-03 
9.33416E-02 1.08509E-03 8.50996E-03 
8.77114E-02 9.26902E-04 1.46284E-02 
8.27388E-02 8.01285E-04 2.58069E-02 
7.92460E-02 7.07042E-04 4.54914E-02 
7.89710E-02 6.51173E-04 7.59740E-02 
8.30010E-02 6.33542E-04 1.11667E-01 
8.77459E-02 6.20242E-04 1.37816E-01 
8.81190E-02 5.76643E-04 1.46181E-01 
1.73513E-01 4.02756E-02 8.51393E-05 
1.70873E-01 3.39318E-02 9.51257E-05 
1.67278E-01 2.82877E-02 1.07182E-04 
1.63787E-01 2.33285E-02 1.21977E-04 
1.59745E-01 1.90131E-02 1.40298E-04 
1.55209E-01 1.53240E-02 1.63346E-04 
1.50222E-01 1.22234E-02 1.92793E-04 
1.46087E-01 1.01964E-02 2.21447E-04 
1.44840E-01 9.66108E-03 2.31034E-04 
1.38691E-01 7.43500E-03 2.86238E-04 
1.32282E-01 5.68914E-03 3.62564E-04 
1.25721E-01 4.34452E-03 4.70682E-04 
1.19112E-01 3.32581E-03 6.27857E-04 
1.12630E-01 2.57789E-03 8.63641E-04 
1.06262E-01 2.02157E-03 1.22694E-03 
1.00010E-01 1.61010E-03 1.80451E-03 
9.39277E-02 1.30479E-03 2.75427E-03 
8.80592E-02 1.07564E-03 4.37124E-03 
8.24558E-02 9.00465E-04 7.21704E-03 
7.72129E-02 7.63913E-04 1.23602E-02 
7.25831E-02 6.56840E-04 2.17253E-02 
6.92789E-02 5.77104E-04 3.81562E-02 
6.88009E-02 5.29601E-04 6.34914E-02 
7.20642E-02 5.13646E-04 9.29796E-02 
7.59219E-02 5.01420E-04 1.14334E-01 
7.59807E-02 4.64922E-04 1.20832E-01 
1.62235E-01 4.06486E-02 7.81575E-05 
1.59278E-01 3.40479E-02 8.68998E-05 
1.55520E-01 2.81930E-02 9.74250E-05 
1.51722E-01 2.30762E-02 1.10271E-04 
1.47430E-01 1.86536E-02 1.26135E-04 
1.42696E-01 1.48988E-02 1.46033E-04 
1.37573E-01 1.17667E-02 1.71387E-04 
1.33382E-01 9.73444E-03 1.96020E-04 
1.32124E-01 9.19979E-03 2.04245E-04 
1.25963E-01 6.98921E-03 2.51535E-04 
1.19622E-01 5.27309E-03 3.16767E-04 
1.13207E-01 3.96574E-03 4.08963E-04 
1.06811E-01 2.98689E-03 5.42702E-04 
1.00605E-01 2.27555E-03 7.42922E-04 
9.45524E-02 1.75450E-03 1.05066E-03 
8.86563E-02 1.37515E-03 1.53867E-03 
8.29587E-02 1.09852E-03 2.33892E-03 
7.74947E-02 8.94691E-04 3.69738E-03 
7.23049E-02 7.41730E-04 6.08094E-03 
6.74677E-02 6.24492E-04 1.03753E-02 
6.31989E-02 5.33835E-04 1.81690E-02 
6.01105E-02 4.66893E-04 3.17917E-02 
5.94877E-02 4.26866E-04 5.27060E-02 
6.20933E-02 4.12688E-04 7.69005E-02 
6.51896E-02 4.01717E-04 9.42130E-02 
6.50114E-02 3.71507E-04 9.92012E-02 
1.51330E-01 4.09531E-02 7.16514E-05 
1.48056E-01 3.40976E-02 7.92463E-05 
1.44114E-01 2.80449E-02 8.83663E-05 
1.40064E-01 2.27863E-02 9.94598E-05 
1.35537E-01 1.82667E-02 1.13090E-04 
1.30619E-01 1.44565E-02 1.30127E-04 
1.25377E-01 1.13034E-02 1.51782E-04 
1.21149E-01 9.27372E-03 1.72786E-04 
1.19889E-01 8.74223E-03 1.79795E-04 
1.13764E-01 6.55726E-03 2.20019E-04 
1.07525E-01 4.87778E-03 2.75354E-04 
1.01282E-01 3.61230E-03 3.53376E-04 
9.51273E-02 2.67601E-03 4.66304E-04 
8.92218E-02 2.00284E-03 6.35072E-04 
8.35139E-02 1.51707E-03 8.93871E-04 
7.79991E-02 1.16890E-03 1.30318E-03 
7.27085E-02 9.19343E-04 1.97262E-03 
6.76671E-02 7.38859E-04 3.10569E-03 
6.29044E-02 6.05976E-04 5.08791E-03 
5.84843E-02 5.05957E-04 8.64752E-03 
5.45876E-02 4.29767E-04 1.50858E-02 
5.17349E-02 3.74039E-04 2.62985E-02 
5.10179E-02 3.40648E-04 4.34358E-02 
5.30654E-02 3.28275E-04 6.31381E-02 
5.55154E-02 3.18660E-04 7.70642E-02 
5.51664E-02 2.93965E-04 8.08410E-02 
1.40846E-01 4.11785E-02 6.56063E-05 
1.37270E-01 3.40749E-02 7.21540E-05 
1.33139E-01 2.78367E-02 7.99942E-05 
1.28853E-01 2.24481E-02 8.94963E-05 
1.24115E-01 1.78436E-02 1.01106E-04 
1.19041E-01 1.39911E-02 1.15570E-04 
1.13710E-01 1.08300E-02 1.33910E-04 
1.09454E-01 8.81039E-03 1.51652E-04 
1.08192E-01 8.28397E-03 1.57564E-04 
1.02113E-01 6.13300E-03 1.91454E-04 
9.60167E-02 4.49841E-03 2.38009E-04 
8.99965E-02 3.28081E-03 3.03547E-04 
8.41231E-02 2.39038E-03 3.98186E-04 
7.85434E-02 1.75696E-03 5.39346E-04 
7.31971E-02 1.30639E-03 7.55288E-04 
6.80778E-02 9.88407E-04 1.09592E-03 
6.32055E-02 7.64372E-04 1.65150E-03 
5.85949E-02 6.05378E-04 2.58919E-03 
5.42650E-02 4.90606E-04 4.22458E-03 
5.02648E-02 4.05852E-04 7.15206E-03 
4.67438E-02 3.42338E-04 1.24289E-02 
4.41402E-02 2.96388E-04 2.15840E-02 
4.33719E-02 2.68840E-04 3.55137E-02 
4.49517E-02 2.58241E-04 5.14267E-02 
4.68589E-02 2.50015E-04 6.25319E-02 
4.63956E-02 2.30117E-04 6.53474E-02 
1.30826E-01 4.13187E-02 6.00081E-05 
1.26974E-01 3.39770E-02 6.56087E-05 
1.22642E-01 2.75633E-02 7.22833E-05 
1.18146E-01 2.20579E-02 8.03502E-05 
1.13238E-01 1.73846E-02 9.01573E-05 
1.08038E-01 1.35037E-02 1.02325E-04 
1.02635E-01 1.03451E-02 1.17699E-04 
9.83681E-02 8.34356E-03 1.32541E-04 
9.71146E-02 7.82470E-03 1.37486E-04 
9.11295E-02 5.71850E-03 1.65805E-04 
8.51961E-02 4.13521E-03 2.04619E-04 
7.94017E-02 2.96912E-03 2.59131E-04 
7.38217E-02 2.12696E-03 3.37714E-04 
6.85865E-02 1.53474E-03 4.54759E-04 
6.36214E-02 1.11950E-03 6.33419E-04 
5.89115E-02 8.30866E-04 9.14530E-04 
5.44661E-02 6.30946E-04 1.37177E-03 
5.02903E-02 4.91727E-04 2.14128E-03 
4.63932E-02 3.93256E-04 3.47925E-03 
4.28097E-02 3.21974E-04 5.86661E-03 
3.96618E-02 2.69505E-04 1.01550E-02 
3.73139E-02 2.32015E-04 1.75663E-02 
3.65302E-02 2.09569E-04 2.87913E-02 
3.77236E-02 2.00669E-04 4.15310E-02 
3.91810E-02 1.93804E-04 5.03041E-02 
3.86505E-02 1.78042E-04 5.23660E-02 
1.21298E-01 4.13682E-02 5.48371E-05 
1.17193E-01 3.37988E-02 5.95819E-05 
1.12665E-01 2.72212E-02 6.52044E-05 
1.07971E-01 2.16110E-02 7.19750E-05 
1.02930E-01 1.68855E-02 8.01782E-05 
9.76223E-02 1.29884E-02 9.02928E-05 
9.21771E-02 9.84556E-03 1.03039E-04 
8.79304E-02 7.87190E-03 1.15330E-04 
8.66883E-02 7.36270E-03 1.19420E-04 
8.08146E-02 5.30993E-03 1.42824E-04 
7.50686E-02 3.78485E-03 1.74851E-04 
6.95302E-02 2.67530E-03 2.19759E-04 
6.42631E-02 1.88396E-03 2.84384E-04 
5.93846E-02 1.33406E-03 3.80520E-04 
5.48098E-02 9.54000E-04 5.26961E-04 
5.05143E-02 6.93788E-04 7.56833E-04 
4.64969E-02 5.16600E-04 1.12973E-03 
4.27524E-02 3.95539E-04 1.75548E-03 
3.92804E-02 3.11665E-04 2.84016E-03 
3.61048E-02 2.52241E-04 4.76915E-03 
3.33215E-02 2.09336E-04 8.22189E-03 
3.12303E-02 1.79116E-04 1.41660E-02 
3.04603E-02 1.61089E-04 2.31262E-02 
3.13391E-02 1.53779E-04 3.32272E-02 
3.24289E-02 1.48215E-04 4.00872E-02 
3.18694E-02 1.35986E-04 4.15657E-02 
1.12254E-01 4.13177E-02 5.00628E-05 
1.07933E-01 3.35362E-02 5.40427E-05 
1.03238E-01 2.68116E-02 5.87282E-05 
9.83710E-02 2.11103E-02 6.43413E-05 
9.32188E-02 1.63467E-02 7.11159E-05 
8.78400E-02 1.24484E-02 7.94211E-05 
8.23791E-02 9.33346E-03 8.98556E-05 
7.81681E-02 7.39546E-03 9.99033E-05 
7.69449E-02 6.89825E-03 1.03245E-04 
7.12033E-02 4.90749E-03 1.22351E-04 
6.56620E-02 3.44677E-03 1.48465E-04 
6.04013E-02 2.39793E-03 1.85057E-04 
5.54693E-02 1.65976E-03 2.37664E-04 
5.09588E-02 1.15303E-03 3.15838E-04 
4.67766E-02 8.07771E-04 4.34672E-04 
4.28936E-02 5.74973E-04 6.20763E-04 
3.92972E-02 4.19116E-04 9.21860E-04 
3.59733E-02 3.14658E-04 1.42565E-03 
3.29135E-02 2.43824E-04 2.29621E-03 
3.01301E-02 1.94758E-04 3.83927E-03 
2.76976E-02 1.60082E-04 6.59131E-03 
2.58587E-02 1.36062E-04 1.13100E-02 
2.51248E-02 1.21829E-04 1.83887E-02 
2.57520E-02 1.15984E-04 2.63133E-02 
2.65463E-02 1.11633E-04 3.16172E-02 
2.59876E-02 1.02392E-04 3.26504E-02 
1.03725E-01 4.11720E-02 4.56724E-05 
9.92247E-02 3.31948E-02 4.89722E-05 
9.43755E-02 2.63360E-02 5.28200E-05 
8.93630E-02 2.05578E-02 5.74046E-05 
8.41148E-02 1.57684E-02 6.29091E-05 
7.87080E-02 1.18851E-02 6.96366E-05 
7.32645E-02 8.81070E-03 7.80543E-05 
6.91041E-02 6.91570E-03 8.61454E-05 
6.79028E-02 6.43233E-03 8.88342E-05 
6.23206E-02 4.51201E-03 1.04222E-04 
5.70161E-02 3.12186E-03 1.25260E-04 
5.20510E-02 2.13710E-03 1.54729E-04 
4.74550E-02 1.45327E-03 1.97038E-04 
4.33083E-02 9.89830E-04 2.59860E-04 
3.95169E-02 6.78812E-04 3.55220E-04 
3.60394E-02 4.72319E-04 5.04227E-04 
3.28530E-02 3.36420E-04 7.44699E-04 
2.99349E-02 2.47096E-04 1.14591E-03 
2.72693E-02 1.87860E-04 1.83705E-03 
2.48584E-02 1.47796E-04 3.05787E-03 
2.27587E-02 1.20156E-04 5.22724E-03 
2.11630E-02 1.01383E-04 8.93136E-03 
2.04819E-02 9.03785E-05 1.44604E-02 
2.09118E-02 8.58604E-05 2.06056E-02 
2.14727E-02 8.26220E-05 2.46555E-02 
2.09372E-02 7.58835E-05 2.53547E-02 
9.57001E-02 4.09337E-02 4.16367E-05 
9.10290E-02 3.27688E-02 4.43220E-05 
8.60634E-02 2.57954E-02 4.74322E-05 
8.09336E-02 1.99546E-02 5.11072E-05 
7.56248E-02 1.51554E-02 5.54991E-05 
7.02085E-02 1.12992E-02 6.08404E-05 
6.48132E-02 8.27750E-03 6.75075E-05 
6.07303E-02 6.43373E-03 7.39123E-05 
5.95584E-02 5.96629E-03 7.60409E-05 
5.41525E-02 4.12344E-03 8.82201E-05 
4.91028E-02 2.80889E-03 1.04911E-04 
4.44424E-02 1.89088E-03 1.28293E-04 
4.01944E-02 1.26271E-03 1.61866E-04 
3.64165E-02 8.42748E-04 2.11712E-04 
3.30093E-02 5.65199E-04 2.87257E-04 
2.99255E-02 3.83819E-04 4.05073E-04 
2.71334E-02 2.66520E-04 5.94747E-04 
2.46018E-02 1.90947E-04 9.10301E-04 
2.23084E-02 1.41981E-04 1.45216E-03 
2.02474E-02 1.09723E-04 2.40591E-03 
1.84591E-02 8.80658E-05 4.09426E-03 
1.70944E-02 7.37073E-05 6.96478E-03 
1.64774E-02 6.54343E-05 1.12272E-02 
1.67559E-02 6.21048E-05 1.59286E-02 
1.71354E-02 5.98704E-05 1.89760E-02 
1.66394E-02 5.52141E-05 1.94296E-02 
8.82295E-02 4.06027E-02 3.79616E-05 
8.34145E-02 3.22662E-02 4.01044E-05 
7.83612E-02 2.51962E-02 4.25701E-05 
7.31492E-02 1.93102E-02 4.54544E-05 
6.77980E-02 1.45131E-02 4.88749E-05 
6.24104E-02 1.06993E-02 5.30299E-05 
5.70886E-02 7.74086E-03 5.81991E-05 
5.31023E-02 5.95504E-03 6.31690E-05 
5.19659E-02 5.50532E-03 6.48232E-05 
4.67660E-02 3.74687E-03 7.43018E-05 
4.19776E-02 2.51093E-03 8.73235E-05 
3.76297E-02 1.66122E-03 1.05609E-04 
3.37311E-02 1.08884E-03 1.31899E-04 
3.03162E-02 7.11574E-04 1.70956E-04 
2.72836E-02 4.66247E-04 2.30107E-04 
2.45773E-02 3.08504E-04 3.22193E-04 
2.21565E-02 2.08275E-04 4.70093E-04 
1.99847E-02 1.45011E-04 7.15436E-04 
1.80347E-02 1.05016E-04 1.13538E-03 
1.62944E-02 7.94179E-05 1.87186E-03 
1.47908E-02 6.27702E-05 3.17050E-03 
1.36394E-02 5.20655E-05 5.36865E-03 
1.30926E-02 4.60644E-05 8.61491E-03 
1.32588E-02 4.37789E-05 1.21670E-02 
1.35020E-02 4.24340E-05 1.44288E-02 
1.30552E-02 3.94783E-05 1.47071E-02 
8.12022E-02 4.01788E-02 3.45752E-05 
7.62749E-02 3.16863E-02 3.62375E-05 
7.11484E-02 2.45326E-02 3.81293E-05 
6.58955E-02 1.86206E-02 4.03260E-05 
6.05360E-02 1.38413E-02 4.29030E-05 
5.51982E-02 1.00813E-02 4.60274E-05 
4.99864E-02 7.19853E-03 4.99187E-05 
4.61120E-02 5.47682E-03 5.36601E-05 
4.50146E-02 5.04632E-03 5.49087E-05 
4.00490E-02 3.37903E-03 6.21079E-05 
3.55407E-02 2.22540E-03 7.20431E-05 
3.15100E-02 1.44529E-03 8.60443E-05 
2.79604E-02 9.28719E-04 1.06241E-04 
2.49078E-02 5.93607E-04 1.36337E-04 
2.22388E-02 3.79351E-04 1.81894E-04 
1.98916E-02 2.43880E-04 2.52702E-04 
1.78199E-02 1.59388E-04 3.66159E-04 
1.59829E-02 1.07211E-04 5.53828E-04 
1.43493E-02 7.50979E-05 8.73958E-04 
1.29029E-02 5.52248E-05 1.43336E-03 
1.16589E-02 4.27970E-05 2.41560E-03 
1.07039E-02 3.51342E-05 4.07037E-03 
1.02301E-02 3.10338E-05 6.49994E-03 
1.03145E-02 2.96697E-05 9.13551E-03 
1.04567E-02 2.91183E-05 1.07815E-02 
1.00646E-02 2.75565E-05 1.09362E-02 
7.46550E-02 3.96665E-02 3.14811E-05 
6.96531E-02 3.10390E-02 3.27255E-05 
6.44760E-02 2.38172E-02 3.41158E-05 
5.92124E-02 1.78957E-02 3.57186E-05 
5.38775E-02 1.31493E-02 3.75744E-05 
4.86164E-02 9.45510E-03 3.98220E-05 
4.35411E-02 6.65791E-03 4.26370E-05 
3.98052E-02 5.00679E-03 4.53592E-05 
3.87537E-02 4.59701E-03 4.62722E-05 
3.40315E-02 3.02448E-03 5.15665E-05 
2.98170E-02 1.95534E-03 5.89562E-05 
2.61176E-02 1.24543E-03 6.94620E-05 
2.29146E-02 7.83664E-04 8.46894E-05 
2.02050E-02 4.88917E-04 1.07453E-04 
1.78784E-02 3.03963E-04 1.41936E-04 
1.58660E-02 1.89121E-04 1.95479E-04 
1.41162E-02 1.18908E-04 2.81096E-04 
1.25843E-02 7.65640E-05 4.22312E-04 
1.12364E-02 5.12827E-05 6.62346E-04 
1.00530E-02 3.62570E-05 1.08019E-03 
9.04050E-03 2.73338E-05 1.81058E-03 
8.26168E-03 2.21666E-05 3.03481E-03 
7.85969E-03 1.96349E-05 4.82093E-03 
7.88722E-03 1.90739E-05 6.74022E-03 
7.95720E-03 1.92185E-05 7.91300E-03 
7.62119E-03 1.87859E-05 7.98469E-03 
6.85517E-02 3.90614E-02 2.86502E-05 
6.35092E-02 3.03230E-02 2.95319E-05 
5.83166E-02 2.30536E-02 3.04914E-05 
5.30680E-02 1.71387E-02 3.15828E-05 
4.77926E-02 1.24414E-02 3.28288E-05 
4.26353E-02 8.82473E-03 3.43379E-05 
3.77206E-02 6.12211E-03 3.62556E-05 
3.41415E-02 4.54689E-03 3.81362E-05 
3.31406E-02 4.15901E-03 3.87730E-05 
2.86829E-02 2.68517E-03 4.25103E-05 
2.47724E-02 1.70168E-03 4.78285E-05 
2.14029E-02 1.06127E-03 5.54982E-05 
1.85392E-02 6.52736E-04 6.67119E-05 
1.61602E-02 3.96469E-04 8.35773E-05 
1.41561E-02 2.38915E-04 1.09175E-04 
1.24534E-02 1.42990E-04 1.48906E-04 
1.09965E-02 8.55988E-05 2.12321E-04 
9.73875E-03 5.18972E-05 3.16610E-04 
8.64491E-03 3.24921E-05 4.93252E-04 
7.69280E-03 2.15395E-05 7.99358E-04 
6.88320E-03 1.55093E-05 1.33190E-03 
6.25940E-03 1.23765E-05 2.21948E-03 
5.92539E-03 1.11343E-05 3.50532E-03 
5.91521E-03 1.12721E-05 4.87234E-03 
5.93527E-03 1.20273E-05 5.68682E-03 
5.65354E-03 1.25046E-05 5.70512E-03 
6.28680E-02 3.83631E-02 2.60604E-05 
5.78216E-02 2.95420E-02 2.66316E-05 
5.26427E-02 2.22457E-02 2.72214E-05 
4.74382E-02 1.63552E-02 2.78781E-05 
4.22544E-02 1.17227E-02 2.86140E-05 
3.72294E-02 8.19543E-03 2.95103E-05 
3.24966E-02 5.59529E-03 3.06889E-05 
2.90917E-02 4.10063E-03 3.18863E-05 
2.81448E-02 3.73547E-03 3.22985E-05 
2.39697E-02 2.36320E-03 3.47844E-05 
2.03698E-02 1.46548E-03 3.84445E-05 
1.73286E-02 8.93097E-04 4.38552E-05 
1.47939E-02 5.35591E-04 5.18833E-05 
1.27293E-02 3.15536E-04 6.40804E-05 
1.10246E-02 1.83241E-04 8.26586E-05 
9.60394E-03 1.04411E-04 1.11506E-04 
8.40950E-03 5.83859E-05 1.57477E-04 
7.39382E-03 3.21956E-05 2.32847E-04 
6.52171E-03 1.77931E-05 3.60003E-04 
5.76983E-03 1.02419E-05 5.79273E-04 
5.13473E-03 6.58393E-06 9.58659E-04 
4.64468E-03 5.10262E-06 1.58689E-03 
4.37269E-03 4.91823E-06 2.48957E-03 
4.33891E-03 5.66519E-06 3.43721E-03 
4.32581E-03 6.95754E-06 3.98476E-03 
4.09422E-03 8.16658E-06 3.97083E-03 
5.75765E-02 3.75713E-02 2.36903E-05 
5.25531E-02 2.86934E-02 2.39943E-05 
4.74240E-02 2.13967E-02 2.42729E-05 
4.22921E-02 1.55491E-02 2.45641E-05 
3.72294E-02 1.09975E-02 2.48775E-05 
3.23650E-02 7.57153E-03 2.52738E-05 
2.78368E-02 5.08163E-03 2.58558E-05 
2.46197E-02 3.67109E-03 2.65069E-05 
2.37311E-02 3.32949E-03 2.67414E-05 
1.98511E-02 2.06032E-03 2.82387E-05 
1.65666E-02 1.24763E-03 3.05986E-05 
1.38481E-02 7.41050E-04 3.42439E-05 
1.16321E-02 4.31950E-04 3.97993E-05 
9.86189E-03 2.45396E-04 4.83660E-05 
8.43156E-03 1.36024E-04 6.14952E-05 
7.26393E-03 7.24106E-05 8.19116E-05 
6.30057E-03 3.63195E-05 1.14399E-04 
5.49490E-03 1.65771E-05 1.67488E-04 
4.81264E-03 6.39104E-06 2.56636E-04 
4.23083E-03 1.65904E-06 4.09497E-04 
3.74279E-03 -6.36183E-08 6.72231E-04 
3.36562E-03 -2.08161E-07 1.10387E-03 
3.14828E-03 4.76400E-07 1.71781E-03 
3.10078E-03 1.75786E-06 2.35216E-03 
3.06651E-03 3.52590E-06 2.70426E-03 
2.87939E-03 5.32425E-06 2.67273E-03 
5.26434E-02 3.66786E-02 2.15178E-05 
4.76720E-02 2.77749E-02 2.15944E-05 
4.26295E-02 2.05082E-02 2.16154E-05 
3.76027E-02 1.47253E-02 2.16054E-05 
3.26858E-02 1.02701E-02 2.15732E-05 
2.80094E-02 6.95741E-03 2.15698E-05 
2.37057E-02 4.58463E-03 2.16795E-05 
2.06882E-02 3.26121E-03 2.19042E-05 
1.98616E-02 2.94379E-03 2.20017E-05 
1.62870E-02 1.77837E-03 2.27383E-05 
1.33194E-02 1.04900E-03 2.41045E-05 
1.09159E-02 6.05303E-04 2.64047E-05 
9.00034E-03 3.41272E-04 3.00732E-05 
7.50285E-03 1.85265E-04 3.58747E-05 
6.32127E-03 9.63965E-05 4.48604E-05 
5.37773E-03 4.61235E-05 5.88755E-05 
4.61469E-03 1.85814E-05 8.11449E-05 
3.98778E-03 4.29539E-06 1.17388E-04 
3.46459E-03 -2.37746E-06 1.77875E-04 
3.02405E-03 -4.79160E-06 2.80878E-04 
2.65710E-03 -4.94253E-06 4.56369E-04 
2.37285E-03 -4.00601E-06 7.41684E-04 
2.20189E-03 -2.60441E-06 1.14197E-03 
2.14709E-03 -8.49629E-07 1.54657E-03 
2.09981E-03 1.34360E-06 1.75833E-03 
1.95057E-03 3.61840E-06 1.71885E-03 
4.80099E-02 3.56645E-02 1.95115E-05 
4.31302E-02 2.67788E-02 1.94005E-05 
3.82062E-02 1.95747E-02 1.92095E-05 
3.33188E-02 1.38823E-02 1.89556E-05 
2.85765E-02 9.54152E-03 1.86477E-05 
2.41139E-02 6.35474E-03 1.83317E-05 
2.00542E-02 4.10612E-03 1.80772E-05 
1.72470E-02 2.87235E-03 1.79781E-05 
1.64846E-02 2.57949E-03 1.79720E-05 
1.32230E-02 1.51780E-03 1.81394E-05 
1.05718E-02 8.69541E-04 1.87687E-05 
8.47279E-03 4.85347E-04 2.00705E-05 
6.84094E-03 2.62899E-04 2.23401E-05 
5.59425E-03 1.34353E-04 2.60871E-05 
4.63378E-03 6.34904E-05 3.19819E-05 
3.88455E-03 2.47089E-05 4.12209E-05 
3.29171E-03 4.41217E-06 5.58790E-05 
2.81395E-03 -5.31318E-06 7.96008E-05 
2.42150E-03 -9.08366E-06 1.18847E-04 
2.09570E-03 -9.60179E-06 1.85023E-04 
1.82628E-03 -8.47591E-06 2.96335E-04 
1.61662E-03 -6.66118E-06 4.74507E-04 
1.48364E-03 -4.66136E-06 7.19275E-04 
1.42525E-03 -2.48143E-06 9.58164E-04 
1.37011E-03 9.70721E-08 1.07101E-03 
1.25193E-03 2.76024E-06 1.02949E-03 
4.36552E-02 3.45092E-02 1.76584E-05 
3.89107E-02 2.56977E-02 1.73981E-05 
3.41388E-02 1.85951E-02 1.70381E-05 
2.94264E-02 1.30241E-02 1.65945E-05 
2.48871E-02 8.81748E-03 1.60747E-05 
2.06619E-02 5.76932E-03 1.55245E-05 
1.68646E-02 3.65145E-03 1.50030E-05 
1.42750E-02 2.50889E-03 1.46691E-05 
1.35781E-02 2.24060E-03 1.45886E-05 
1.06329E-02 1.28133E-03 1.43528E-05 
8.29056E-03 7.10545E-04 1.44593E-05 
6.48134E-03 3.81616E-04 1.50529E-05 
5.11049E-03 1.96630E-04 1.63215E-05 
4.08827E-03 9.21439E-05 1.85889E-05 
3.32106E-03 3.67324E-05 2.22547E-05 
2.73656E-03 7.60235E-06 2.80395E-05 
2.28423E-03 -6.71172E-06 3.71885E-05 
1.92702E-03 -1.27144E-05 5.18577E-05 
1.63860E-03 -1.41319E-05 7.57900E-05 
1.40272E-03 -1.31206E-05 1.15477E-04 
1.20909E-03 -1.09663E-05 1.80810E-04 
1.05715E-03 -8.44028E-06 2.82583E-04 
9.53749E-04 -5.94011E-06 4.17105E-04 
8.93500E-04 -3.37736E-06 5.39614E-04 
8.33368E-04 -4.50255E-07 5.84605E-04 
7.39581E-04 2.52873E-06 5.44519E-04 
3.95033E-02 3.31691E-02 1.59230E-05 
3.49405E-02 2.45033E-02 1.55484E-05 
3.03616E-02 1.75531E-02 1.50594E-05 
2.58645E-02 1.21423E-02 1.44754E-05 
2.15606E-02 8.09466E-03 1.38012E-05 
1.75965E-02 5.19971E-03 1.30839E-05 
1.40796E-02 3.22008E-03 1.23780E-05 
1.17153E-02 2.17058E-03 1.18847E-05 
1.10852E-02 1.92694E-03 1.17542E-05 
8.45622E-03 1.06826E-03 1.12483E-05 
6.41440E-03 5.71172E-04 1.10051E-05 
4.87848E-03 2.93094E-04 1.11192E-05 
3.74612E-03 1.41470E-04 1.16997E-05 
2.92221E-03 5.77314E-05 1.29337E-05 
2.32009E-03 1.52996E-05 1.50267E-05 
1.87213E-03 -5.89188E-06 1.83624E-05 
1.53317E-03 -1.53529E-05 2.35982E-05 
1.27102E-03 -1.83605E-05 3.18383E-05 
1.06334E-03 -1.78889E-05 4.49243E-05 
8.95947E-04 -1.56505E-05 6.58685E-05 
7.59621E-04 -1.26678E-05 9.88024E-05 
6.50982E-04 -9.56394E-06 1.46978E-04 
5.69628E-04 -6.64232E-06 2.04620E-04 
5.07959E-04 -3.73393E-06 2.46766E-04 
4.44292E-04 -4.91911E-07 2.46188E-04 
3.68951E-04 2.74182E-06 2.09227E-04 
3.54887E-02 3.15874E-02 1.42757E-05 
3.11555E-02 2.31556E-02 1.38183E-05 
2.68202E-02 1.64270E-02 1.32400E-05 
2.25810E-02 1.12247E-02 1.25606E-05 
1.85506E-02 7.36829E-03 1.17853E-05 
1.48747E-02 4.64483E-03 1.09619E-05 
1.16569E-02 2.81235E-03 1.01434E-05 
9.52466E-03 1.85784E-03 9.55416E-06 
8.96193E-03 1.63886E-03 9.39375E-06 
6.64724E-03 8.78669E-04 8.72768E-06 
4.89461E-03 4.51021E-04 8.27268E-06 
3.61253E-03 2.19081E-04 8.08534E-06 
2.69399E-03 9.66154E-05 8.21755E-06 
2.04168E-03 3.03694E-05 8.75841E-06 
1.57732E-03 -1.42355E-06 9.77765E-06 
1.23936E-03 -1.62558E-05 1.14251E-05 
9.88888E-04 -2.18847E-05 1.39494E-05 
7.99066E-04 -2.25393E-05 1.77294E-05 
6.51658E-04 -2.05829E-05 2.32974E-05 
5.34754E-04 -1.73764E-05 3.12882E-05 
4.40226E-04 -1.37385E-05 4.19075E-05 
3.62863E-04 -1.01739E-05 5.33400E-05 
2.97085E-04 -6.90428E-06 5.86244E-05 
2.33845E-04 -3.69233E-06 4.66627E-05 
1.67354E-04 -1.76276E-07 1.64556E-05 
1.05529E-04 3.25209E-06 -1.66629E-05 
3.15244E-02 2.96775E-02 1.26794E-05 
2.74761E-02 2.15944E-02 1.21695E-05 
2.34448E-02 1.51805E-02 1.15410E-05 
1.95140E-02 1.02499E-02 1.08088E-05 
1.58019E-02 6.62762E-03 9.98266E-06 
1.24473E-02 4.10009E-03 9.10902E-06 
9.54982E-03 2.42648E-03 8.24128E-06 
7.65732E-03 1.56986E-03 7.61022E-06 
7.16299E-03 1.37568E-03 7.43681E-06 
5.15869E-03 7.11862E-04 6.69865E-06 
3.68156E-03 3.49246E-04 6.13893E-06 
2.63221E-03 1.58662E-04 5.78521E-06 
1.90177E-03 6.12183E-05 5.64713E-06 
1.39445E-03 9.39501E-06 5.74553E-06 
1.04171E-03 -1.39230E-05 6.05776E-06 
7.89408E-04 -2.38179E-05 6.57517E-06 
6.05519E-04 -2.65184E-05 7.27198E-06 
4.68692E-04 -2.53885E-05 8.04041E-06 
3.64581E-04 -2.23104E-05 8.53675E-06 
2.83530E-04 -1.83766E-05 7.81964E-06 
2.18389E-04 -1.42516E-05 3.50367E-06 
1.62858E-04 -1.03468E-05 -9.48846E-06 
1.07620E-04 -6.81336E-06 -3.87030E-05 
4.27721E-05 -3.35893E-06 -8.57281E-05 
-2.58931E-05 3.68927E-07 -1.34186E-04 
-7.77966E-05 3.91960E-06 -1.63157E-04 
2.75147E-02 2.73285E-02 1.10932E-05 
2.38172E-02 1.97447E-02 1.05612E-05 
2.01526E-02 1.37604E-02 9.91781E-06 
1.65909E-02 9.18578E-03 9.17473E-06 
1.32507E-02 5.85470E-03 8.34573E-06 
1.02581E-02 3.55637E-03 7.47438E-06 
7.70673E-03 2.05792E-03 6.61340E-06 
6.06430E-03 1.30401E-03 5.98741E-06 
5.63961E-03 1.13510E-03 5.81505E-06 
3.94270E-03 5.66377E-04 5.07602E-06 
2.72629E-03 2.64614E-04 4.49278E-06 
1.88760E-03 1.10801E-04 4.07169E-06 
1.31968E-03 3.45071E-05 3.79202E-06 
9.32050E-04 -5.64137E-06 3.62866E-06 
6.67117E-04 -2.24110E-05 3.49983E-06 
4.79200E-04 -2.86225E-05 3.29526E-06 
3.43523E-04 -2.92001E-05 2.81485E-06 
2.44049E-04 -2.68150E-05 1.64332E-06 
1.69956E-04 -2.29787E-05 -1.11199E-06 
1.13554E-04 -1.85813E-05 -7.36801E-06 
6.85206E-05 -1.41706E-05 -2.10909E-05 
2.79514E-05 -1.00826E-05 -4.92526E-05 
-1.99862E-05 -6.40896E-06 -9.94934E-05 
-8.55498E-05 -2.81880E-06 -1.67162E-04 
-1.54894E-04 1.01093E-06 -2.25212E-04 
-1.99021E-04 4.57622E-06 -2.49855E-04 
2.33930E-02 2.44469E-02 9.48590E-06 
2.01094E-02 1.75359E-02 8.95846E-06 
1.68700E-02 1.21128E-02 8.33033E-06 
1.37414E-02 7.99651E-03 7.61485E-06 
1.08306E-02 5.02667E-03 6.82679E-06 
8.24694E-03 3.00062E-03 6.00612E-06 
6.07310E-03 1.69961E-03 5.20269E-06 
4.69402E-03 1.05583E-03 4.62227E-06 
4.34084E-03 9.13178E-04 4.46274E-06 
2.95025E-03 4.39845E-04 3.77999E-06 
1.98030E-03 1.95524E-04 3.23423E-06 
1.33049E-03 7.44483E-05 2.81666E-06 
9.01046E-04 1.59470E-05 2.48755E-06 
6.10682E-04 -1.47444E-05 2.19460E-06 
4.13571E-04 -2.65864E-05 1.82519E-06 
2.73268E-04 -3.02077E-05 1.21527E-06 
1.71996E-04 -2.94253E-05 7.30692E-08 
9.85400E-05 -2.63463E-05 -2.17413E-06 
4.50851E-05 -2.21917E-05 -6.69125E-06 
5.54444E-06 -1.76914E-05 -1.58595E-05 
-2.56628E-05 -1.32964E-05 -3.43427E-05 
-5.56670E-05 -9.27749E-06 -6.98184E-05 
-9.73524E-05 -5.67753E-06 -1.29480E-04 
-1.60731E-04 -2.15351E-06 -2.05173E-04 
-2.27347E-04 1.57097E-06 -2.65037E-04 
-2.64295E-04 4.96682E-06 -2.85095E-04 
1.92014E-02 2.10564E-02 7.86439E-06 
1.63669E-02 1.49704E-02 7.35824E-06 
1.35940E-02 1.02329E-02 6.76796E-06 
1.09459E-02 6.67385E-03 6.10974E-06 
8.50906E-03 4.13470E-03 5.39714E-06 
6.37567E-03 2.42643E-03 4.66782E-06 
4.60630E-03 1.34654E-03 3.96319E-06 
3.50243E-03 8.21440E-04 3.46104E-06 
3.22250E-03 7.06334E-04 3.32375E-06 
2.13590E-03 3.29654E-04 2.74044E-06 
1.39783E-03 1.40186E-04 2.27593E-06 
9.16105E-04 4.86032E-05 1.91216E-06 
6.03880E-04 5.30666E-06 1.60283E-06 
3.93293E-04 -1.73974E-05 1.28768E-06 
2.49912E-04 -2.55470E-05 8.51768E-07 
1.46676E-04 -2.75103E-05 1.25248E-07 
7.17929E-05 -2.61415E-05 -1.19183E-06 
1.79457E-05 -2.30538E-05 -3.67745E-06 
-2.03029E-05 -1.91975E-05 -8.48365E-06 
-4.76760E-05 -1.51459E-05 -1.79209E-05 
-6.88745E-05 -1.12520E-05 -3.64097E-05 
-9.05166E-05 -7.72128E-06 -7.10253E-05 
-1.24566E-04 -4.56285E-06 -1.27830E-04 
-1.79780E-04 -1.46442E-06 -1.97942E-04 
-2.37377E-04 1.78808E-06 -2.51059E-04 
-2.66275E-04 4.70486E-06 -2.66133E-04 
1.51649E-02 1.74095E-02 6.30323E-06 
1.27806E-02 1.22314E-02 5.82889E-06 
1.04798E-02 8.24849E-03 5.29088E-06 
8.31988E-03 5.29999E-03 4.70749E-06 
6.36629E-03 3.22913E-03 4.09190E-06 
4.68808E-03 1.86034E-03 3.47689E-06 
3.32339E-03 1.01156E-03 2.89561E-06 
2.48866E-03 6.06825E-04 2.48952E-06 
2.27935E-03 5.19127E-04 2.37959E-06 
1.47880E-03 2.36155E-04 1.91833E-06 
9.48759E-04 9.73918E-05 1.55723E-06 
6.10881E-04 3.19375E-05 1.27617E-06 
3.95663E-04 1.66696E-06 1.03450E-06 
2.51230E-04 -1.40099E-05 7.81949E-07 
1.52884E-04 -1.93323E-05 4.29386E-07 
8.17580E-05 -2.03601E-05 -1.54008E-07 
3.02093E-05 -1.91084E-05 -1.19711E-06 
-6.53274E-06 -1.67072E-05 -3.13823E-06 
-3.21605E-05 -1.38174E-05 -6.84434E-06 
-5.00685E-05 -1.08324E-05 -1.40428E-05 
-6.37143E-05 -7.99048E-06 -2.80108E-05 
-7.80650E-05 -5.42650E-06 -5.39362E-05 
-1.02043E-04 -3.13463E-06 -9.61039E-05 
-1.41966E-04 -8.83205E-07 -1.47588E-04 
-1.83397E-04 1.47128E-06 -1.85889E-04 
-2.03125E-04 3.56264E-06 -1.95855E-04 
---
