PdfType: replica
Format: lhagrid1
---
1.00000E-06 1.28121E-06 1.64152E-06 2.10317E-06 2.69463E-06 3.45242E-06 4.42329E-06 5.66715E-06 7.26076E-06 9.30241E-06 1.19180E-05 1.52689E-05 1.95617E-05 2.50609E-05 3.21053E-05 4.11287E-05 5.26863E-05 6.74889E-05 8.64459E-05 1.10720E-04 1.41800E-04 1.81585E-04 2.32503E-04 2.97652E-04 3.80981E-04 4.87518E-04 6.26039E-04 8.00452E-04 1.02297E-03 1.30657E-03 1.66759E-03 2.12729E-03 2.71054E-03 3.44865E-03 4.37927E-03 5.54908E-03 7.01192E-03 8.83064E-03 1.10763E-02 1.38266E-02 1.71641E-02 2.11717E-02 2.59364E-02 3.15062E-02 3.79623E-02 4.53425E-02 5.36750E-02 6.29705E-02 7.32221E-02 8.44039E-02 9.64793E-02 1.09332E-01 1.23067E-01 1.37507E-01 1.52639E-01 1.68416E-01 1.84794E-01 2.01731E-01 2.19016E-01 2.36948E-01 2.55242E-01 2.73927E-01 2.92954E-01 3.12340E-01 3.32036E-01 3.52019E-01 3.72282E-01 3.92772E-01 4.13533E-01 4.34326E-01 4.55495E-01 4.76836E-01 4.98342E-01 5.20006E-01 5.41818E-01 5.63773E-01 5.85861E-01 6.08077E-01 6.30459E-01 6.52800E-01 6.75387E-01 6.98063E-01 7.20830E-01 7.43683E-01 7.66623E-01 7.89636E-01 8.12791E-01 8.35940E-01 8.59175E-01 8.82485E-01 9.05866E-01 9.29311E-01 9.52817E-01 9.76387E-01 1.00000E+00 
1.14018E+00 1.22539E+00 1.32482E+00 1.44156E+00 1.57954E+00 1.74381E+00 1.94091E+00 2.12132E+00 2.17945E+00 2.49622E+00 2.89383E+00 3.39925E+00 4.05063E+00 4.90286E+00 6.03623E+00 7.57063E+00 9.68869E+00 1.26749E+01 1.69835E+01 2.33578E+01 3.30501E+01 4.82334E+01 7.28041E+01 1.13998E+02 1.85779E+02 3.16228E+02 
908 909 910 
8.20655E-01 4.75740E-02 2.51605E-01 
8.36083E-01 5.65687E-02 2.96214E-01 
8.70267E-01 7.29749E-02 3.52696E-01 
9.32214E-01 9.77954E-02 4.24836E-01 
1.01605E+00 1.27912E-01 5.18624E-01 
1.12565E+00 1.64099E-01 6.43835E-01 
1.26541E+00 2.07171E-01 8.12296E-01 
1.39670E+00 2.45650E-01 9.83072E-01 
1.43960E+00 2.57878E-01 1.04258E+00 
1.67248E+00 3.22077E-01 1.39356E+00 
1.95945E+00 3.97162E-01 1.90852E+00 
2.30926E+00 4.83877E-01 2.68317E+00 
2.73119E+00 5.83661E-01 3.87564E+00 
3.23514E+00 7.53956E-01 5.78024E+00 
3.83750E+00 8.93911E-01 8.92019E+00 
4.56658E+00 1.05014E+00 1.42517E+01 
5.44398E+00 1.22364E+00 2.36641E+01 
6.49376E+00 1.41478E+00 4.09082E+01 
7.74682E+00 1.62458E+00 7.36201E+01 
9.24876E+00 1.85572E+00 1.37714E+02 
1.10900E+01 2.11784E+00 2.64966E+02 
1.35171E+01 2.44582E+00 5.09569E+02 
1.71947E+01 2.93646E+00 9.28969E+02 
2.31537E+01 3.71814E+00 1.49342E+03 
3.13027E+01 4.70856E+00 2.01964E+03 
3.99606E+01 5.61001E+00 2.35403E+03 
1.52889E+00 8.80791E-02 4.26257E-01 
1.55860E+00 1.05203E-01 5.01604E-01 
1.62395E+00 1.36411E-01 5.97036E-01 
1.74184E+00 1.83629E-01 7.19603E-01 
1.90069E+00 2.40736E-01 8.79455E-01 
2.10732E+00 3.09115E-01 1.09108E+00 
2.36965E+00 3.90261E-01 1.37612E+00 
2.61595E+00 4.62678E-01 1.66610E+00 
2.69596E+00 4.85578E-01 1.76600E+00 
3.13096E+00 6.05924E-01 2.36108E+00 
3.66548E+00 7.46147E-01 3.23300E+00 
4.31544E+00 9.07806E-01 4.54505E+00 
5.09823E+00 1.09240E+00 6.56991E+00 
6.03276E+00 1.40863E+00 9.79314E+00 
7.14704E+00 1.66586E+00 1.50960E+01 
8.49359E+00 1.95260E+00 2.41222E+01 
1.01097E+01 2.26979E+00 4.00486E+01 
1.20397E+01 2.61827E+00 6.92467E+01 
1.43381E+01 2.99942E+00 1.24696E+02 
1.70859E+01 3.41777E+00 2.33285E+02 
2.04467E+01 3.89083E+00 4.48537E+02 
2.48732E+01 4.48241E+00 8.62797E+02 
3.15817E+01 5.36890E+00 1.57364E+03 
4.24424E+01 6.78152E+00 2.52933E+03 
5.72683E+01 8.56753E+00 3.42065E+03 
7.29653E+01 1.01831E+01 3.98655E+03 
1.45154E+00 8.29496E-02 3.60671E-01 
1.48108E+00 9.97169E-02 4.24320E-01 
1.54546E+00 1.30229E-01 5.05150E-01 
1.66016E+00 1.76129E-01 6.08737E-01 
1.81395E+00 2.31498E-01 7.44003E-01 
2.01301E+00 2.97588E-01 9.22912E-01 
2.26452E+00 3.75732E-01 1.16378E+00 
2.50003E+00 4.45280E-01 1.40912E+00 
2.57626E+00 4.67200E-01 1.49314E+00 
2.99040E+00 5.82255E-01 1.99626E+00 
3.49753E+00 7.15743E-01 2.73284E+00 
4.11226E+00 8.69030E-01 3.84142E+00 
4.85077E+00 1.04321E+00 5.55471E+00 
5.73305E+00 1.34153E+00 8.27855E+00 
6.78207E+00 1.58189E+00 1.27549E+01 
8.04590E+00 1.84873E+00 2.03777E+01 
9.55817E+00 2.14266E+00 3.38317E+01 
1.13586E+01 2.46421E+00 5.84841E+01 
1.34969E+01 2.81442E+00 1.05323E+02 
1.60462E+01 3.19722E+00 1.97028E+02 
1.91569E+01 3.62869E+00 3.78755E+02 
2.32474E+01 4.16763E+00 7.28413E+02 
2.94466E+01 4.97687E+00 1.32868E+03 
3.94768E+01 6.26742E+00 2.13544E+03 
5.31365E+01 7.89430E+00 2.88780E+03 
6.75359E+01 9.35480E+00 3.36522E+03 
1.37182E+00 7.77133E-02 3.03700E-01 
1.40117E+00 9.41114E-02 3.57220E-01 
1.46425E+00 1.23796E-01 4.25202E-01 
1.57552E+00 1.68256E-01 5.12318E-01 
1.72362E+00 2.21697E-01 6.25894E-01 
1.91455E+00 2.85312E-01 7.76519E-01 
2.15459E+00 3.60227E-01 9.78925E-01 
2.37867E+00 4.26693E-01 1.18531E+00 
2.45111E+00 4.47613E-01 1.25607E+00 
2.84335E+00 5.57041E-01 1.67861E+00 
3.32216E+00 6.83490E-01 2.29795E+00 
3.90051E+00 8.28029E-01 3.22884E+00 
4.59318E+00 9.91488E-01 4.66733E+00 
5.42209E+00 1.27148E+00 6.95715E+00 
6.40498E+00 1.49486E+00 1.07208E+01 
7.58475E+00 1.74166E+00 1.71209E+01 
8.99228E+00 2.01240E+00 2.84245E+01 
1.06627E+01 2.30726E+00 4.91221E+01 
1.26409E+01 2.62699E+00 8.84526E+01 
1.49930E+01 2.97507E+00 1.65441E+02 
1.78567E+01 3.36613E+00 3.18069E+02 
2.16162E+01 3.85406E+00 6.11547E+02 
2.73122E+01 4.58812E+00 1.11535E+03 
3.65245E+01 5.76009E+00 1.79253E+03 
4.90408E+01 7.23309E+00 2.42397E+03 
6.21759E+01 8.54519E+00 2.82459E+03 
1.29645E+00 7.27603E-02 2.55495E-01 
1.32574E+00 8.88544E-02 3.00496E-01 
1.38748E+00 1.17715E-01 3.57494E-01 
1.49545E+00 1.60814E-01 4.30787E-01 
1.63822E+00 2.12436E-01 5.26254E-01 
1.82115E+00 2.73627E-01 6.52558E-01 
2.05023E+00 3.45448E-01 8.22533E-01 
2.26340E+00 4.08956E-01 9.95997E-01 
2.33211E+00 4.28894E-01 1.05529E+00 
2.70363E+00 5.32957E-01 1.41033E+00 
3.15535E+00 6.52624E-01 1.93003E+00 
3.69935E+00 7.88835E-01 2.71186E+00 
4.34881E+00 9.42185E-01 3.91915E+00 
5.12663E+00 1.20480E+00 5.83879E+00 
6.04677E+00 1.41197E+00 8.99842E+00 
7.14748E+00 1.64000E+00 1.43699E+01 
8.45625E+00 1.88900E+00 2.38485E+01 
1.00051E+01 2.15900E+00 4.12221E+01 
1.18336E+01 2.45046E+00 7.42092E+01 
1.40019E+01 2.76639E+00 1.38799E+02 
1.66351E+01 3.12013E+00 2.66779E+02 
2.00883E+01 3.56126E+00 5.13056E+02 
2.53181E+01 4.22624E+00 9.35630E+02 
3.37718E+01 5.28911E+00 1.50359E+03 
4.52305E+01 6.62099E+00 2.03323E+03 
5.72019E+01 7.79797E+00 2.36928E+03 
1.22522E+00 6.80728E-02 2.14595E-01 
1.25452E+00 8.39011E-02 2.52409E-01 
1.31499E+00 1.11985E-01 3.00221E-01 
1.41966E+00 1.53759E-01 3.61631E-01 
1.55733E+00 2.03645E-01 4.41820E-01 
1.73271E+00 2.62545E-01 5.47863E-01 
1.95123E+00 3.31371E-01 6.90332E-01 
2.15383E+00 3.92014E-01 8.35740E-01 
2.21904E+00 4.11021E-01 8.85506E-01 
2.57068E+00 5.09910E-01 1.18324E+00 
2.99676E+00 6.23120E-01 1.61923E+00 
3.50804E+00 7.51346E-01 2.27454E+00 
4.11670E+00 8.95100E-01 3.28768E+00 
4.84626E+00 1.14098E+00 4.89743E+00 
5.70677E+00 1.33306E+00 7.54400E+00 
6.73308E+00 1.54352E+00 1.20506E+01 
7.94914E+00 1.77222E+00 1.99963E+01 
9.38384E+00 2.01905E+00 3.45596E+01 
1.10726E+01 2.28428E+00 6.22136E+01 
1.30696E+01 2.57052E+00 1.16368E+02 
1.54890E+01 2.88991E+00 2.23642E+02 
1.86569E+01 3.28788E+00 4.30047E+02 
2.34548E+01 3.88944E+00 7.84343E+02 
3.12068E+01 4.85219E+00 1.26054E+03 
4.16886E+01 6.05491E+00 1.70465E+03 
5.25886E+01 7.10889E+00 1.98646E+03 
1.15793E+00 6.36416E-02 1.80000E-01 
1.18705E+00 7.91623E-02 2.11678E-01 
1.24655E+00 1.06594E-01 2.51819E-01 
1.34808E+00 1.47109E-01 3.03241E-01 
1.48070E+00 1.95301E-01 3.70376E-01 
1.64878E+00 2.51982E-01 4.59214E-01 
1.85727E+00 3.17958E-01 5.78720E-01 
2.04975E+00 3.75847E-01 7.00449E-01 
2.11160E+00 3.93953E-01 7.42203E-01 
2.44432E+00 4.87889E-01 9.91683E-01 
2.84595E+00 5.94906E-01 1.35706E+00 
3.32619E+00 7.15486E-01 1.90598E+00 
3.89605E+00 8.49995E-01 2.75418E+00 
4.58006E+00 1.08025E+00 4.10389E+00 
5.38432E+00 1.25807E+00 6.32056E+00 
6.34019E+00 1.45197E+00 1.00946E+01 
7.46936E+00 1.66170E+00 1.67553E+01 
8.79705E+00 1.88697E+00 2.89489E+01 
1.03555E+01 2.12789E+00 5.21295E+01 
1.21927E+01 2.38670E+00 9.74797E+01 
1.44137E+01 2.67454E+00 1.87393E+02 
1.73175E+01 3.03296E+00 3.60349E+02 
2.17147E+01 3.57620E+00 6.57232E+02 
2.88173E+01 4.44709E+00 1.05636E+03 
3.83969E+01 5.53158E+00 1.42863E+03 
4.83119E+01 6.47385E+00 1.66500E+03 
1.09436E+00 5.94544E-02 1.50827E-01 
1.12334E+00 7.46949E-02 1.77315E-01 
1.18184E+00 1.01488E-01 2.10910E-01 
1.28044E+00 1.40830E-01 2.54023E-01 
1.40823E+00 1.87407E-01 3.10198E-01 
1.56928E+00 2.41960E-01 3.84577E-01 
1.76802E+00 3.05164E-01 4.84571E-01 
1.95090E+00 3.60417E-01 5.86593E-01 
2.00948E+00 3.77643E-01 6.21403E-01 
2.32403E+00 4.66796E-01 8.30161E-01 
2.70240E+00 5.67873E-01 1.13605E+00 
3.15329E+00 6.81205E-01 1.59576E+00 
3.68655E+00 8.06880E-01 2.30576E+00 
4.32723E+00 1.02236E+00 3.43590E+00 
5.07844E+00 1.18676E+00 5.29282E+00 
5.96801E+00 1.36514E+00 8.45189E+00 
7.01544E+00 1.55715E+00 1.40293E+01 
8.24315E+00 1.76238E+00 2.42424E+01 
9.67971E+00 1.98078E+00 4.36548E+01 
1.13686E+01 2.21433E+00 8.16447E+01 
1.34050E+01 2.47312E+00 1.56943E+02 
1.60642E+01 2.79530E+00 3.01846E+02 
2.00909E+01 3.28514E+00 5.50599E+02 
2.65922E+01 4.07172E+00 8.85069E+02 
3.53399E+01 5.04825E+00 1.19717E+03 
4.43500E+01 5.88917E+00 1.39546E+03 
1.03434E+00 5.54989E-02 1.26216E-01 
1.06333E+00 7.05347E-02 1.48400E-01 
1.12071E+00 9.66692E-02 1.76446E-01 
1.21651E+00 1.34895E-01 2.12562E-01 
1.33959E+00 1.79922E-01 2.59546E-01 
1.49390E+00 2.32433E-01 3.21843E-01 
1.68337E+00 2.92980E-01 4.05538E-01 
1.85694E+00 3.45677E-01 4.90807E-01 
1.91255E+00 3.62095E-01 5.20143E-01 
2.20983E+00 4.46674E-01 6.94817E-01 
2.56606E+00 5.42063E-01 9.50882E-01 
2.98904E+00 6.48456E-01 1.33552E+00 
3.48760E+00 7.65770E-01 1.92956E+00 
4.08721E+00 9.67137E-01 2.87547E+00 
4.78825E+00 1.11895E+00 4.42983E+00 
5.61550E+00 1.28279E+00 7.07512E+00 
6.58617E+00 1.45828E+00 1.17433E+01 
7.72035E+00 1.64489E+00 2.02975E+01 
9.04325E+00 1.84246E+00 3.65472E+01 
1.05942E+01 2.05274E+00 6.83724E+01 
1.24597E+01 2.28493E+00 1.31450E+02 
1.48921E+01 2.57388E+00 2.52818E+02 
1.85761E+01 3.01482E+00 4.61262E+02 
2.45219E+01 3.72425E+00 7.41609E+02 
3.25023E+01 4.60221E+00 1.00331E+03 
4.06815E+01 5.35124E+00 1.16970E+03 
9.77697E-01 5.17688E-02 1.05551E-01 
1.00661E+00 6.65858E-02 1.24116E-01 
1.06321E+00 9.21872E-02 1.47599E-01 
1.15607E+00 1.29304E-01 1.77771E-01 
1.27473E+00 1.72859E-01 2.17132E-01 
1.42241E+00 2.23370E-01 2.69133E-01 
1.60299E+00 2.81367E-01 3.39236E-01 
1.76769E+00 3.31613E-01 4.10543E-01 
1.82031E+00 3.47217E-01 4.35046E-01 
2.10115E+00 4.27406E-01 5.81264E-01 
2.43633E+00 5.17358E-01 7.95526E-01 
2.83291E+00 6.17163E-01 1.11747E+00 
3.29884E+00 7.26723E-01 1.61497E+00 
3.85942E+00 9.14659E-01 2.40601E+00 
4.51308E+00 1.05450E+00 3.70740E+00 
5.28161E+00 1.20473E+00 5.92169E+00 
6.18036E+00 1.36481E+00 9.83057E+00 
7.22704E+00 1.53414E+00 1.69921E+01 
8.44415E+00 1.71249E+00 3.06050E+01 
9.86665E+00 1.90134E+00 5.72529E+01 
1.15737E+01 2.10914E+00 1.10099E+02 
1.37968E+01 2.36777E+00 2.11819E+02 
1.71636E+01 2.76393E+00 3.86504E+02 
2.25965E+01 3.40278E+00 6.21541E+02 
2.98696E+01 4.19082E+00 8.41045E+02 
3.72865E+01 4.85671E+00 9.80745E+02 
9.24263E-01 4.82504E-02 8.82516E-02 
9.53032E-01 6.28437E-02 1.03754E-01 
1.00899E+00 8.79870E-02 1.23441E-01 
1.09901E+00 1.24040E-01 1.48631E-01 
1.21330E+00 1.66162E-01 1.81552E-01 
1.35476E+00 2.14787E-01 2.25124E-01 
1.52662E+00 2.70289E-01 2.83654E-01 
1.68289E+00 3.18183E-01 3.43396E-01 
1.73267E+00 3.33015E-01 3.63831E-01 
1.99771E+00 4.08959E-01 4.86089E-01 
2.31285E+00 4.93697E-01 6.65312E-01 
2.68440E+00 5.87181E-01 9.34828E-01 
3.11945E+00 6.89233E-01 1.35129E+00 
3.64331E+00 8.64495E-01 2.01384E+00 
4.25212E+00 9.93210E-01 3.10267E+00 
4.96552E+00 1.13075E+00 4.95758E+00 
5.79677E+00 1.27648E+00 8.22961E+00 
6.76173E+00 1.42979E+00 1.42295E+01 
7.88012E+00 1.59037E+00 2.56287E+01 
9.18366E+00 1.75959E+00 4.79610E+01 
1.07438E+01 1.94506E+00 9.22391E+01 
1.27731E+01 2.17596E+00 1.77496E+02 
1.58469E+01 2.53123E+00 3.23960E+02 
2.08067E+01 3.10562E+00 5.21103E+02 
2.74289E+01 3.81181E+00 7.05326E+02 
3.41472E+01 4.40256E+00 8.22683E+02 
8.73935E-01 4.49471E-02 7.37981E-02 
9.02540E-01 5.93400E-02 8.67342E-02 
9.57708E-01 8.39950E-02 1.03207E-01 
1.04519E+00 1.19099E-01 1.24312E-01 
1.15522E+00 1.59842E-01 1.51817E-01 
1.29054E+00 2.06619E-01 1.88245E-01 
1.45424E+00 2.59760E-01 2.37320E-01 
1.60229E+00 3.05364E-01 2.87230E-01 
1.64943E+00 3.19458E-01 3.04412E-01 
1.89951E+00 3.91368E-01 4.06784E-01 
2.19554E+00 4.71088E-01 5.56729E-01 
2.54333E+00 5.58512E-01 7.82374E-01 
2.94908E+00 6.53385E-01 1.13070E+00 
3.43817E+00 8.16780E-01 1.68569E+00 
4.00482E+00 9.35030E-01 2.59794E+00 
4.66624E+00 1.06066E+00 4.15082E+00 
5.43438E+00 1.19305E+00 6.89318E+00 
6.32298E+00 1.33152E+00 1.19195E+01 
7.34971E+00 1.47576E+00 2.14736E+01 
8.54260E+00 1.62692E+00 4.01914E+01 
9.96696E+00 1.79200E+00 7.73182E+01 
1.18172E+01 1.99764E+00 1.48816E+02 
1.46208E+01 2.31560E+00 2.71674E+02 
1.91436E+01 2.83111E+00 4.37112E+02 
2.51670E+01 3.46285E+00 5.91812E+02 
3.12454E+01 3.98579E+00 6.90470E+02 
8.26500E-01 4.18408E-02 6.17123E-02 
8.55137E-01 5.61206E-02 7.25631E-02 
9.09712E-01 8.03751E-02 8.63403E-02 
9.94401E-01 1.14468E-01 1.03967E-01 
1.10034E+00 1.53892E-01 1.27022E-01 
1.22978E+00 1.98895E-01 1.57509E-01 
1.38547E+00 2.49722E-01 1.98558E-01 
1.52576E+00 2.93140E-01 2.40376E-01 
1.57029E+00 3.06513E-01 2.54716E-01 
1.80602E+00 3.74514E-01 3.40430E-01 
2.08397E+00 4.49463E-01 4.66035E-01 
2.40926E+00 5.31177E-01 6.54962E-01 
2.78751E+00 6.19313E-01 9.46850E-01 
3.24352E+00 7.71379E-01 1.41139E+00 
3.77036E+00 8.79767E-01 2.17599E+00 
4.38299E+00 9.94273E-01 3.47665E+00 
5.09203E+00 1.11425E+00 5.77583E+00 
5.90944E+00 1.23902E+00 9.98834E+00 
6.85076E+00 1.36820E+00 1.80001E+01 
7.94122E+00 1.50284E+00 3.36980E+01 
9.23992E+00 1.64932E+00 6.48382E+01 
1.09250E+01 1.83194E+00 1.24831E+02 
1.34795E+01 2.11596E+00 2.27961E+02 
1.75995E+01 2.57777E+00 3.66880E+02 
2.30724E+01 3.14185E+00 4.96868E+02 
2.85653E+01 3.60371E+00 5.79871E+02 
7.81823E-01 3.89273E-02 5.15944E-02 
8.10419E-01 5.30792E-02 6.06946E-02 
8.64307E-01 7.69380E-02 7.22093E-02 
9.46490E-01 1.10137E-01 8.69864E-02 
1.04842E+00 1.48282E-01 1.06280E-01 
1.17223E+00 1.91579E-01 1.31847E-01 
1.32016E+00 2.40165E-01 1.66150E-01 
1.45303E+00 2.81474E-01 2.01237E-01 
1.49506E+00 2.94157E-01 2.13208E-01 
1.71707E+00 3.58389E-01 2.84975E-01 
1.97781E+00 4.28768E-01 3.90202E-01 
2.28180E+00 5.05043E-01 5.48405E-01 
2.63409E+00 5.86790E-01 7.93190E-01 
3.05893E+00 7.28079E-01 1.18257E+00 
3.54827E+00 8.27269E-01 1.82338E+00 
4.11515E+00 9.31434E-01 2.91461E+00 
4.76876E+00 1.03989E+00 4.84140E+00 
5.51979E+00 1.15198E+00 8.37650E+00 
6.38176E+00 1.26732E+00 1.50956E+01 
7.37726E+00 1.38686E+00 2.82668E+01 
8.55995E+00 1.51640E+00 5.44088E+01 
1.00925E+01 1.67809E+00 1.04770E+02 
1.24172E+01 1.93117E+00 1.91393E+02 
1.61668E+01 2.34418E+00 3.08137E+02 
2.11340E+01 2.84689E+00 4.17445E+02 
2.60916E+01 3.25380E+00 4.87330E+02 
7.39863E-01 3.62203E-02 4.31889E-02 
7.68287E-01 5.02262E-02 5.07978E-02 
8.21640E-01 7.37605E-02 6.04466E-02 
9.01352E-01 1.06106E-01 7.28198E-02 
9.99393E-01 1.43020E-01 8.89750E-02 
1.11766E+00 1.84651E-01 1.10375E-01 
1.25825E+00 2.31092E-01 1.39160E-01 
1.38389E+00 2.70351E-01 1.68511E-01 
1.42363E+00 2.82382E-01 1.78607E-01 
1.63260E+00 3.43018E-01 2.38757E-01 
1.87700E+00 4.09014E-01 3.26989E-01 
2.16074E+00 4.80047E-01 4.59565E-01 
2.48843E+00 5.55712E-01 6.64724E-01 
2.88385E+00 6.86905E-01 9.91285E-01 
3.33774E+00 7.77430E-01 1.52850E+00 
3.86169E+00 8.71945E-01 2.44420E+00 
4.46357E+00 9.69724E-01 4.06099E+00 
5.15275E+00 1.07013E+00 7.02693E+00 
5.94122E+00 1.17280E+00 1.26705E+01 
6.84876E+00 1.27852E+00 2.37303E+01 
7.92428E+00 1.39266E+00 4.56854E+01 
9.31663E+00 1.53540E+00 8.80055E+01 
1.14295E+01 1.76035E+00 1.60802E+02 
1.48380E+01 2.12895E+00 2.58975E+02 
1.93412E+01 2.57607E+00 3.50972E+02 
2.38099E+01 2.93363E+00 4.09865E+02 
7.00496E-01 3.37128E-02 3.61714E-02 
7.28808E-01 4.76283E-02 4.25402E-02 
7.81692E-01 7.08984E-02 5.06288E-02 
8.58928E-01 1.02396E-01 6.10086E-02 
9.53127E-01 1.38105E-01 7.45422E-02 
1.06599E+00 1.78115E-01 9.24603E-02 
1.19954E+00 2.22487E-01 1.16634E-01 
1.31824E+00 2.59762E-01 1.41209E-01 
1.35568E+00 2.71142E-01 1.49660E-01 
1.55222E+00 3.28314E-01 2.00127E-01 
1.78100E+00 3.90104E-01 2.74061E-01 
2.04571E+00 4.56175E-01 3.85352E-01 
2.35025E+00 5.26020E-01 5.57409E-01 
2.71788E+00 6.47682E-01 8.31561E-01 
3.13844E+00 7.30165E-01 1.28240E+00 
3.62205E+00 8.15676E-01 2.05075E+00 
4.17567E+00 9.03578E-01 3.40883E+00 
4.80721E+00 9.93212E-01 5.89870E+00 
5.52726E+00 1.08422E+00 1.06388E+01 
6.35363E+00 1.17739E+00 1.99344E+01 
7.33034E+00 1.27756E+00 3.83859E+01 
8.59344E+00 1.40311E+00 7.39687E+01 
1.05119E+01 1.60261E+00 1.35211E+02 
1.36066E+01 1.93085E+00 2.17831E+02 
1.76841E+01 2.32767E+00 2.95315E+02 
2.17069E+01 2.64102E+00 3.44992E+02 
6.63596E-01 3.14076E-02 3.03042E-02 
6.91691E-01 4.52186E-02 3.56415E-02 
7.44242E-01 6.82965E-02 4.24256E-02 
8.18972E-01 9.89744E-02 5.11260E-02 
9.09468E-01 1.33529E-01 6.24887E-02 
1.01712E+00 1.71977E-01 7.75119E-02 
1.14376E+00 2.14314E-01 9.77680E-02 
1.25589E+00 2.49687E-01 1.18411E-01 
1.29115E+00 2.60447E-01 1.25488E-01 
1.47574E+00 3.14268E-01 1.67807E-01 
1.68977E+00 3.72031E-01 2.29859E-01 
1.93641E+00 4.33368E-01 3.23273E-01 
2.21914E+00 4.97832E-01 4.67729E-01 
2.56045E+00 6.10442E-01 6.97805E-01 
2.94978E+00 6.85358E-01 1.07671E+00 
3.39563E+00 7.62495E-01 1.72201E+00 
3.90409E+00 8.41232E-01 2.86320E+00 
4.48207E+00 9.20955E-01 4.95629E+00 
5.13877E+00 1.00132E+00 8.94076E+00 
5.89000E+00 1.08305E+00 1.67548E+01 
6.77572E+00 1.17056E+00 3.22780E+01 
7.91994E+00 1.28058E+00 6.22172E+01 
9.65936E+00 1.45698E+00 1.13771E+02 
1.24662E+01 1.74870E+00 1.83369E+02 
1.61539E+01 2.10009E+00 2.48695E+02 
1.97700E+01 2.37388E+00 2.90639E+02 
6.29050E-01 2.93166E-02 2.54033E-02 
6.56921E-01 4.30368E-02 2.98871E-02 
7.09065E-01 6.59421E-02 3.55691E-02 
7.81409E-01 9.58594E-02 4.28595E-02 
8.68246E-01 1.29289E-01 5.23962E-02 
9.70895E-01 1.66220E-01 6.50238E-02 
1.09083E+00 2.06580E-01 8.19944E-02 
1.19663E+00 2.40108E-01 9.93371E-02 
1.22984E+00 2.50280E-01 1.05288E-01 
1.40309E+00 3.00887E-01 1.40821E-01 
1.60307E+00 3.54795E-01 1.92949E-01 
1.83260E+00 4.11621E-01 2.71361E-01 
2.09476E+00 4.70719E-01 3.92734E-01 
2.41128E+00 5.74916E-01 5.85979E-01 
2.77111E+00 6.42829E-01 9.04315E-01 
3.18158E+00 7.12198E-01 1.44683E+00 
3.64796E+00 7.82491E-01 2.40603E+00 
4.17623E+00 8.53121E-01 4.16726E+00 
4.77428E+00 9.23781E-01 7.51889E+00 
5.45623E+00 9.95119E-01 1.40966E+01 
6.25812E+00 1.07120E+00 2.71637E+01 
7.29320E+00 1.16720E+00 5.23795E+01 
8.86829E+00 1.32274E+00 9.58170E+01 
1.14106E+01 1.58136E+00 1.54497E+02 
1.47417E+01 1.89181E+00 2.09627E+02 
1.79876E+01 2.13027E+00 2.45077E+02 
5.96800E-01 2.74481E-02 2.13094E-02 
6.24434E-01 4.10994E-02 2.50702E-02 
6.76313E-01 6.39351E-02 2.98450E-02 
7.46219E-01 9.30861E-02 3.59739E-02 
8.29418E-01 1.25401E-01 4.39682E-02 
9.27147E-01 1.60839E-01 5.45712E-02 
1.04070E+00 1.99299E-01 6.88374E-02 
1.14037E+00 2.31029E-01 8.33894E-02 
1.17157E+00 2.40617E-01 8.83739E-02 
1.33398E+00 2.88119E-01 1.18237E-01 
1.52067E+00 3.38365E-01 1.62061E-01 
1.73401E+00 3.90889E-01 2.27953E-01 
1.97684E+00 4.45400E-01 3.29955E-01 
2.27000E+00 5.41405E-01 4.92535E-01 
2.60214E+00 6.02567E-01 7.60349E-01 
2.97953E+00 6.64720E-01 1.21681E+00 
3.40663E+00 7.27203E-01 2.02358E+00 
3.88868E+00 7.89485E-01 3.50646E+00 
4.43244E+00 8.51287E-01 6.32759E+00 
5.05047E+00 9.13211E-01 1.18687E+01 
5.77536E+00 9.78984E-01 2.28795E+01 
6.71022E+00 1.06237E+00 4.41344E+01 
8.13465E+00 1.19910E+00 8.07731E+01 
1.04344E+01 1.42782E+00 1.30295E+02 
1.34392E+01 1.70136E+00 1.76864E+02 
1.63485E+01 1.90838E+00 2.06864E+02 
5.66771E-01 2.58126E-02 1.78939E-02 
5.94214E-01 3.94481E-02 2.10525E-02 
6.45729E-01 6.22381E-02 2.50569E-02 
7.13224E-01 9.06414E-02 3.02066E-02 
7.92875E-01 1.21875E-01 3.69251E-02 
8.85796E-01 1.55858E-01 4.58331E-02 
9.93164E-01 1.92450E-01 5.78311E-02 
1.08695E+00 2.22440E-01 7.00525E-02 
1.11627E+00 2.31467E-01 7.42606E-02 
1.26828E+00 2.75972E-01 9.93438E-02 
1.44228E+00 3.22650E-01 1.36184E-01 
1.64043E+00 3.71047E-01 1.91675E-01 
1.86500E+00 4.20872E-01 2.77441E-01 
2.13609E+00 5.09397E-01 4.14217E-01 
2.44222E+00 5.64419E-01 6.39533E-01 
2.78874E+00 6.19898E-01 1.02399E+00 
3.17934E+00 6.75187E-01 1.70382E+00 
3.61848E+00 7.29827E-01 2.95260E+00 
4.11211E+00 7.83571E-01 5.33117E+00 
4.67123E+00 8.36988E-01 1.00013E+01 
5.32540E+00 8.93493E-01 1.92886E+01 
6.16846E+00 9.65564E-01 3.72262E+01 
7.45461E+00 1.08532E+00 6.81561E+01 
9.53244E+00 1.28707E+00 1.09997E+02 
1.22393E+01 1.52749E+00 1.49387E+02 
1.48428E+01 1.70655E+00 1.74803E+02 
5.38877E-01 2.44402E-02 1.50297E-02 
5.65959E-01 3.80186E-02 1.76859E-02 
6.17321E-01 6.09014E-02 2.10502E-02 
6.82341E-01 8.85566E-02 2.53801E-02 
7.58481E-01 1.18720E-01 3.10294E-02 
8.46702E-01 1.51265E-01 3.85168E-02 
9.48084E-01 1.86041E-01 4.86088E-02 
1.03625E+00 2.14334E-01 5.88993E-02 
1.06371E+00 2.22811E-01 6.24264E-02 
1.20586E+00 2.64429E-01 8.35432E-02 
1.36783E+00 3.07698E-01 1.14528E-01 
1.55153E+00 3.52236E-01 1.61217E-01 
1.75896E+00 3.97276E-01 2.33479E-01 
2.00935E+00 4.78869E-01 3.48685E-01 
2.29108E+00 5.28320E-01 5.38476E-01 
2.60865E+00 5.77592E-01 8.62336E-01 
2.96529E+00 6.26272E-01 1.43566E+00 
3.36472E+00 6.73936E-01 2.48850E+00 
3.81210E+00 7.20371E-01 4.49615E+00 
4.31705E+00 7.66117E-01 8.43736E+00 
4.90628E+00 8.14299E-01 1.62786E+01 
5.66518E+00 8.76221E-01 3.14295E+01 
6.82492E+00 9.80754E-01 5.75760E+01 
8.69961E+00 1.15822E+00 9.29715E+01 
1.11346E+01 1.36891E+00 1.26327E+02 
1.34606E+01 1.52318E+00 1.47889E+02 
5.13052E-01 2.33600E-02 1.26329E-02 
5.39565E-01 3.68212E-02 1.48661E-02 
5.90933E-01 5.99289E-02 1.76995E-02 
6.53460E-01 8.68526E-02 2.13379E-02 
7.26153E-01 1.15957E-01 2.60957E-02 
8.09804E-01 1.47090E-01 3.23986E-02 
9.05336E-01 1.80065E-01 4.08825E-02 
9.88104E-01 2.06710E-01 4.95555E-02 
1.01384E+00 2.14672E-01 5.25287E-02 
1.14658E+00 2.53492E-01 7.03162E-02 
1.29715E+00 2.93518E-01 9.64269E-02 
1.46718E+00 3.34328E-01 1.35727E-01 
1.65858E+00 3.75622E-01 1.96660E-01 
1.88942E+00 4.50220E-01 2.93838E-01 
2.14830E+00 4.94193E-01 4.53955E-01 
2.43891E+00 5.37725E-01 7.27263E-01 
2.76393E+00 5.80325E-01 1.21090E+00 
3.12657E+00 6.21616E-01 2.09975E+00 
3.53122E+00 6.61424E-01 3.79484E+00 
3.98646E+00 7.00276E-01 7.12665E+00 
4.51625E+00 7.41023E-01 1.37552E+01 
5.19823E+00 7.93885E-01 2.65702E+01 
6.24228E+00 8.84754E-01 4.86985E+01 
7.93118E+00 1.04039E+00 7.86786E+01 
1.01184E+01 1.22447E+00 1.06964E+02 
1.21930E+01 1.35683E+00 1.25285E+02 
4.89238E-01 2.26010E-02 1.06329E-02 
5.15193E-01 3.59710E-02 1.25093E-02 
5.66529E-01 5.93927E-02 1.48967E-02 
6.26558E-01 8.55739E-02 1.79593E-02 
6.95786E-01 1.13611E-01 2.19632E-02 
7.74968E-01 1.43338E-01 2.72763E-02 
8.64894E-01 1.74554E-01 3.44289E-02 
9.42424E-01 1.99579E-01 4.17286E-02 
9.66473E-01 2.07020E-01 4.42347E-02 
1.09019E+00 2.43119E-01 5.92219E-02 
1.22993E+00 2.79997E-01 8.12327E-02 
1.38719E+00 3.17276E-01 1.14412E-01 
1.56344E+00 3.54615E-01 1.65803E-01 
1.77592E+00 4.22955E-01 2.47820E-01 
2.01338E+00 4.61919E-01 3.83004E-01 
2.27884E+00 5.00155E-01 6.13816E-01 
2.57465E+00 5.37196E-01 1.02271E+00 
2.90329E+00 5.72685E-01 1.77439E+00 
3.26857E+00 6.06504E-01 3.20768E+00 
3.67811E+00 6.39167E-01 6.02578E+00 
4.15353E+00 6.73285E-01 1.16380E+01 
4.76527E+00 7.18081E-01 2.24929E+01 
5.70367E+00 7.96728E-01 4.12475E+01 
7.22307E+00 9.32787E-01 6.66794E+01 
9.18473E+00 1.09311E+00 9.07034E+01 
1.10318E+01 1.20614E+00 1.06294E+02 
4.67325E-01 2.21784E-02 8.95662E-03 
4.92823E-01 3.55238E-02 1.05369E-02 
5.43932E-01 5.92975E-02 1.25469E-02 
6.01501E-01 8.47424E-02 1.51318E-02 
6.67291E-01 1.11700E-01 1.85050E-02 
7.42071E-01 1.40024E-01 2.29807E-02 
8.26576E-01 1.69497E-01 2.90215E-02 
8.99094E-01 1.92938E-01 3.51787E-02 
9.21541E-01 1.99876E-01 3.72931E-02 
1.03669E+00 2.33342E-01 4.99461E-02 
1.16620E+00 2.67192E-01 6.85381E-02 
1.31133E+00 3.01075E-01 9.65535E-02 
1.47335E+00 3.34340E-01 1.39955E-01 
1.66857E+00 3.96907E-01 2.09218E-01 
1.88606E+00 4.31450E-01 3.23575E-01 
2.12815E+00 4.64800E-01 5.18803E-01 
2.39669E+00 4.96720E-01 8.64742E-01 
2.69396E+00 5.26944E-01 1.50102E+00 
3.02313E+00 5.55381E-01 2.71542E+00 
3.39078E+00 5.82510E-01 5.10288E+00 
3.81647E+00 6.10730E-01 9.86074E+00 
4.36411E+00 6.48364E-01 1.90687E+01 
5.20618E+00 7.16110E-01 3.49905E+01 
6.57102E+00 8.34654E-01 5.66003E+01 
8.32764E+00 9.73801E-01 7.70381E+01 
9.96916E+00 1.06984E+00 9.03273E+01 
4.47305E-01 2.21816E-02 7.55046E-03 
4.72145E-01 3.54248E-02 8.88476E-03 
5.23223E-01 5.97626E-02 1.05787E-02 
5.78195E-01 8.44081E-02 1.27608E-02 
6.40600E-01 1.10271E-01 1.56117E-02 
7.11070E-01 1.37179E-01 1.93884E-02 
7.90276E-01 1.64913E-01 2.44858E-02 
8.57986E-01 1.86794E-01 2.96878E-02 
8.78911E-01 1.93244E-01 3.14786E-02 
9.85905E-01 2.24147E-01 4.21774E-02 
1.10571E+00 2.55089E-01 5.78913E-02 
1.23941E+00 2.85714E-01 8.15808E-02 
1.38819E+00 3.15816E-01 1.18319E-01 
1.56722E+00 3.72579E-01 1.76987E-01 
1.76598E+00 4.02683E-01 2.73795E-01 
1.98629E+00 4.31531E-01 4.39235E-01 
2.22967E+00 4.58790E-01 7.32313E-01 
2.49802E+00 4.84245E-01 1.27189E+00 
2.79393E+00 5.07833E-01 2.30187E+00 
3.12330E+00 5.30034E-01 4.32953E+00 
3.50363E+00 5.53038E-01 8.36957E+00 
3.99288E+00 5.84332E-01 1.61941E+01 
4.74719E+00 6.42382E-01 2.97346E+01 
5.97119E+00 7.45277E-01 4.81284E+01 
7.54167E+00 8.65601E-01 6.55482E+01 
8.99766E+00 9.46746E-01 7.68967E+01 
4.29103E-01 2.26529E-02 6.37301E-03 
4.53118E-01 3.57219E-02 7.50061E-03 
5.04252E-01 6.08133E-02 8.93108E-03 
5.56526E-01 8.45984E-02 1.07741E-02 
6.15566E-01 1.09337E-01 1.31849E-02 
6.81843E-01 1.34817E-01 1.63804E-02 
7.55967E-01 1.60835E-01 2.06929E-02 
8.19053E-01 1.81165E-01 2.50971E-02 
8.38475E-01 1.87120E-01 2.66056E-02 
9.37671E-01 2.15517E-01 3.56543E-02 
1.04833E+00 2.43657E-01 4.89690E-02 
1.17131E+00 2.71198E-01 6.90373E-02 
1.30765E+00 2.97957E-01 1.00180E-01 
1.47150E+00 3.49549E-01 1.49919E-01 
1.65275E+00 3.75562E-01 2.32032E-01 
1.85285E+00 4.00255E-01 3.72431E-01 
2.07303E+00 4.23272E-01 6.21357E-01 
2.31467E+00 4.44403E-01 1.07968E+00 
2.58012E+00 4.63652E-01 1.95518E+00 
2.87447E+00 4.81478E-01 3.67896E+00 
3.21353E+00 4.99887E-01 7.11760E+00 
3.64970E+00 5.25600E-01 1.37800E+01 
4.32414E+00 5.75043E-01 2.53172E+01 
5.42009E+00 6.64005E-01 4.10065E+01 
6.82177E+00 7.67631E-01 5.58819E+01 
8.11068E+00 8.35781E-01 6.55927E+01 
4.12344E-01 2.36287E-02 5.37466E-03 
4.35447E-01 3.64905E-02 6.32419E-03 
4.86552E-01 6.25014E-02 7.53287E-03 
5.36123E-01 8.53848E-02 9.08650E-03 
5.91760E-01 1.08935E-01 1.11224E-02 
6.53873E-01 1.32939E-01 1.38233E-02 
7.22959E-01 1.57178E-01 1.74651E-02 
7.81556E-01 1.75952E-01 2.11917E-02 
7.99576E-01 1.81431E-01 2.24700E-02 
8.91246E-01 2.07332E-01 3.01207E-02 
9.93082E-01 2.32679E-01 4.13859E-02 
1.10585E+00 2.57194E-01 5.83879E-02 
1.23035E+00 2.80457E-01 8.47459E-02 
1.37977E+00 3.27162E-01 1.26874E-01 
1.54459E+00 3.49627E-01 1.96550E-01 
1.72566E+00 3.70453E-01 3.15617E-01 
1.92397E+00 3.89520E-01 5.26834E-01 
2.14081E+00 4.06714E-01 9.16197E-01 
2.37791E+00 4.22032E-01 1.66001E+00 
2.63984E+00 4.35933E-01 3.12514E+00 
2.94074E+00 4.50245E-01 6.05019E+00 
3.32804E+00 4.70996E-01 1.17223E+01 
3.92883E+00 5.12714E-01 2.15504E+01 
4.90683E+00 5.89124E-01 3.49286E+01 
6.15346E+00 6.77776E-01 4.76298E+01 
7.28985E+00 7.34455E-01 5.59363E+01 
3.97494E-01 2.51589E-02 4.55171E-03 
4.19862E-01 3.78970E-02 5.35618E-03 
4.70431E-01 6.47350E-02 6.38066E-03 
5.17540E-01 8.67940E-02 7.69945E-03 
5.69836E-01 1.09111E-01 9.42528E-03 
6.27924E-01 1.31606E-01 1.17180E-02 
6.92229E-01 1.54079E-01 1.48088E-02 
7.46595E-01 1.71333E-01 1.79726E-02 
7.63295E-01 1.76342E-01 1.90620E-02 
8.47955E-01 1.99827E-01 2.55699E-02 
9.41604E-01 2.22532E-01 3.51372E-02 
1.04497E+00 2.44210E-01 4.96111E-02 
1.15861E+00 2.64657E-01 7.20451E-02 
1.29478E+00 3.06614E-01 1.07963E-01 
1.44445E+00 3.25581E-01 1.67279E-01 
1.60817E+00 3.42913E-01 2.68722E-01 
1.78678E+00 3.58482E-01 4.49018E-01 
1.98109E+00 3.72177E-01 7.81189E-01 
2.19278E+00 3.84066E-01 1.41655E+00 
2.42564E+00 3.94571E-01 2.66868E+00 
2.69248E+00 4.05370E-01 5.16889E+00 
3.03613E+00 4.21851E-01 1.00203E+01 
3.57133E+00 4.56890E-01 1.84351E+01 
4.44408E+00 5.22362E-01 2.98989E+01 
5.55285E+00 5.98033E-01 4.07965E+01 
6.55455E+00 6.44942E-01 4.79344E+01 
3.84214E-01 2.73354E-02 3.85982E-03 
4.05475E-01 3.97077E-02 4.54398E-03 
4.55901E-01 6.78423E-02 5.41474E-03 
5.00245E-01 8.88317E-02 6.53515E-03 
5.49258E-01 1.09847E-01 8.00327E-03 
6.03443E-01 1.30797E-01 9.95396E-03 
6.63196E-01 1.51493E-01 1.25893E-02 
7.13475E-01 1.67205E-01 1.52788E-02 
7.28877E-01 1.71732E-01 1.62044E-02 
8.06908E-01 1.92847E-01 2.17505E-02 
8.92902E-01 2.13001E-01 2.99149E-02 
9.87380E-01 2.31965E-01 4.22418E-02 
1.09096E+00 2.49651E-01 6.14032E-02 
1.21469E+00 2.87248E-01 9.20538E-02 
1.35030E+00 3.02927E-01 1.42720E-01 
1.49806E+00 3.17074E-01 2.29502E-01 
1.65845E+00 3.29457E-01 3.83652E-01 
1.83220E+00 3.40034E-01 6.67905E-01 
2.02057E+00 3.48875E-01 1.21170E+00 
2.22705E+00 3.56415E-01 2.28448E+00 
2.46305E+00 3.64171E-01 4.42779E+00 
2.76721E+00 3.76951E-01 8.58889E+00 
3.24298E+00 4.06124E-01 1.58118E+01 
4.02042E+00 4.61937E-01 2.56614E+01 
5.00479E+00 5.26200E-01 3.50340E+01 
5.88580E+00 5.64691E-01 4.11822E+01 
3.72398E-01 3.02054E-02 3.28160E-03 
3.92422E-01 4.21015E-02 3.86300E-03 
4.42705E-01 7.18209E-02 4.60430E-03 
4.84177E-01 9.15514E-02 5.56020E-03 
5.29927E-01 1.11160E-01 6.81129E-03 
5.80304E-01 1.30487E-01 8.47459E-03 
6.35653E-01 1.49362E-01 1.07237E-02 
6.82092E-01 1.63535E-01 1.30241E-02 
6.96287E-01 1.67596E-01 1.38137E-02 
7.68013E-01 1.86354E-01 1.85494E-02 
8.46767E-01 2.03985E-01 2.55310E-02 
9.33032E-01 2.20343E-01 3.60818E-02 
1.02718E+00 2.35144E-01 5.24755E-02 
1.13931E+00 2.68682E-01 7.87102E-02 
1.26198E+00 2.81602E-01 1.22168E-01 
1.39492E+00 2.92815E-01 1.96581E-01 
1.53857E+00 3.02325E-01 3.28753E-01 
1.69349E+00 3.10119E-01 5.72743E-01 
1.86069E+00 3.16290E-01 1.03983E+00 
2.04320E+00 3.21254E-01 1.96145E+00 
2.25126E+00 3.26387E-01 3.80382E+00 
2.51980E+00 3.35981E-01 7.38410E+00 
2.94180E+00 3.60026E-01 1.36014E+01 
3.63310E+00 4.07342E-01 2.20873E+01 
4.50536E+00 4.61613E-01 3.01698E+01 
5.27842E+00 4.92886E-01 3.54777E+01 
3.61876E-01 3.37578E-02 2.79635E-03 
3.80898E-01 4.52493E-02 3.29311E-03 
4.30512E-01 7.65590E-02 3.92553E-03 
4.69160E-01 9.49076E-02 4.74355E-03 
5.11725E-01 1.13020E-01 5.81321E-03 
5.58428E-01 1.30653E-01 7.23745E-03 
6.09537E-01 1.47651E-01 9.16048E-03 
6.52310E-01 1.60264E-01 1.11332E-02 
6.65365E-01 1.63856E-01 1.18097E-02 
7.31171E-01 1.80285E-01 1.58715E-02 
8.03178E-01 1.95481E-01 2.18583E-02 
8.81733E-01 2.09317E-01 3.09128E-02 
9.67153E-01 2.21661E-01 4.49962E-02 
1.06854E+00 2.51335E-01 6.75608E-02 
1.17912E+00 2.61478E-01 1.04877E-01 
1.29842E+00 2.70026E-01 1.68893E-01 
1.42678E+00 2.76966E-01 2.82680E-01 
1.56447E+00 2.82291E-01 4.92788E-01 
1.71243E+00 2.86132E-01 8.95315E-01 
1.87320E+00 2.88872E-01 1.68992E+00 
2.05602E+00 2.91771E-01 3.27860E+00 
2.29240E+00 2.98637E-01 6.36816E+00 
2.66594E+00 3.18231E-01 1.17370E+01 
3.27948E+00 3.58095E-01 1.90695E+01 
4.05090E+00 4.03651E-01 2.60587E+01 
4.72761E+00 4.28772E-01 3.06521E+01 
3.52492E-01 3.79895E-02 2.38832E-03 
3.70297E-01 4.88541E-02 2.81408E-03 
4.18683E-01 8.15719E-02 3.35716E-03 
4.54977E-01 9.88378E-02 4.05784E-03 
4.94459E-01 1.15347E-01 4.97654E-03 
5.37631E-01 1.31210E-01 6.19915E-03 
5.84726E-01 1.46280E-01 7.85364E-03 
6.24013E-01 1.57321E-01 9.54719E-03 
6.35984E-01 1.60437E-01 1.01293E-02 
6.96238E-01 1.74566E-01 1.36239E-02 
7.61925E-01 1.87389E-01 1.87809E-02 
8.33283E-01 1.98800E-01 2.65737E-02 
9.10634E-01 2.08836E-01 3.87215E-02 
1.00194E+00 2.34879E-01 5.81695E-02 
1.10137E+00 2.42432E-01 9.03692E-02 
1.20818E+00 2.48574E-01 1.45635E-01 
1.32242E+00 2.53198E-01 2.43937E-01 
1.44443E+00 2.56356E-01 4.25531E-01 
1.57483E+00 2.58171E-01 7.73361E-01 
1.71594E+00 2.59021E-01 1.46062E+00 
1.87601E+00 2.60039E-01 2.83569E+00 
2.08340E+00 2.64589E-01 5.50973E+00 
2.41318E+00 2.80330E-01 1.01597E+01 
2.95661E+00 3.13683E-01 1.65142E+01 
3.63737E+00 3.51662E-01 2.25742E+01 
4.22808E+00 3.71564E-01 2.65570E+01 
3.44214E-01 4.29495E-02 2.04717E-03 
3.60689E-01 5.29869E-02 2.41278E-03 
4.07911E-01 8.76150E-02 2.88023E-03 
4.41529E-01 1.03247E-01 3.48397E-03 
4.78052E-01 1.18044E-01 4.27707E-03 
5.17834E-01 1.32041E-01 5.33050E-03 
5.61125E-01 1.45137E-01 6.75853E-03 
5.97162E-01 1.54600E-01 8.22178E-03 
6.08132E-01 1.57249E-01 8.72553E-03 
6.63165E-01 1.69087E-01 1.17442E-02 
7.22939E-01 1.79584E-01 1.62002E-02 
7.87685E-01 1.88687E-01 2.29526E-02 
8.57537E-01 1.96290E-01 3.34589E-02 
9.39473E-01 2.18968E-01 5.02958E-02 
1.02869E+00 2.24386E-01 7.82228E-02 
1.12397E+00 2.28354E-01 1.26130E-01 
1.22539E+00 2.30944E-01 2.11374E-01 
1.33307E+00 2.32210E-01 3.68887E-01 
1.44761E+00 2.32300E-01 6.70808E-01 
1.57096E+00 2.31565E-01 1.26746E+00 
1.71057E+00 2.31026E-01 2.46193E+00 
1.89195E+00 2.33645E-01 4.78520E+00 
2.18243E+00 2.46087E-01 8.82648E+00 
2.66280E+00 2.73781E-01 1.43511E+01 
3.26238E+00 3.05215E-01 1.96207E+01 
3.77668E+00 3.20738E-01 2.30819E+01 
3.36889E-01 4.85685E-02 1.76125E-03 
3.52271E-01 5.78018E-02 2.07812E-03 
3.97750E-01 9.42016E-02 2.48202E-03 
4.28635E-01 1.07944E-01 3.00430E-03 
4.62321E-01 1.20918E-01 3.69127E-03 
4.98939E-01 1.32987E-01 4.60565E-03 
5.38662E-01 1.44073E-01 5.84376E-03 
5.71634E-01 1.51936E-01 7.11268E-03 
5.81659E-01 1.54113E-01 7.55015E-03 
6.31855E-01 1.63705E-01 1.01727E-02 
6.86193E-01 1.71965E-01 1.40451E-02 
7.44784E-01 1.78852E-01 1.99167E-02 
8.07732E-01 1.84271E-01 2.90495E-02 
8.81042E-01 2.03871E-01 4.37173E-02 
9.60807E-01 2.07214E-01 6.80195E-02 
1.04553E+00 2.09254E-01 1.09727E-01 
1.13522E+00 2.10061E-01 1.83992E-01 
1.22995E+00 2.09715E-01 3.21274E-01 
1.33011E+00 2.08355E-01 5.84464E-01 
1.43750E+00 2.06323E-01 1.10470E+00 
1.55875E+00 2.04523E-01 2.14589E+00 
1.71684E+00 2.05558E-01 4.17233E+00 
1.97210E+00 2.15197E-01 7.69737E+00 
2.39591E+00 2.38007E-01 1.25165E+01 
2.92292E+00 2.63819E-01 1.71118E+01 
3.36953E+00 2.75704E-01 2.01260E+01 
3.30240E-01 5.45284E-02 1.52226E-03 
3.44455E-01 6.27458E-02 1.79794E-03 
3.87792E-01 1.00965E-01 2.15012E-03 
4.16199E-01 1.12754E-01 2.60493E-03 
4.47188E-01 1.23754E-01 3.20281E-03 
4.80829E-01 1.33820E-01 3.99974E-03 
5.17250E-01 1.42874E-01 5.08101E-03 
5.47393E-01 1.49154E-01 6.18835E-03 
5.56538E-01 1.50863E-01 6.57000E-03 
6.02267E-01 1.58270E-01 8.85965E-03 
6.51561E-01 1.64384E-01 1.22440E-02 
7.04514E-01 1.69211E-01 1.73747E-02 
7.61147E-01 1.72883E-01 2.53721E-02 
8.26394E-01 1.89385E-01 3.81945E-02 
8.97506E-01 1.90811E-01 5.94584E-02 
9.72622E-01 1.91161E-01 9.59600E-02 
1.05166E+00 1.90442E-01 1.60978E-01 
1.13462E+00 1.88739E-01 2.81170E-01 
1.22185E+00 1.86199E-01 5.11635E-01 
1.31489E+00 1.83133E-01 9.67054E-01 
1.41971E+00 1.80346E-01 1.87880E+00 
1.55700E+00 1.80110E-01 3.65272E+00 
1.78076E+00 1.87397E-01 6.73875E+00 
2.15400E+00 2.06022E-01 1.09565E+01 
2.61636E+00 2.27041E-01 1.49754E+01 
3.00316E+00 2.35940E-01 1.76053E+01 
3.24172E-01 6.06482E-02 1.32319E-03 
3.37216E-01 6.75911E-02 1.56408E-03 
3.77429E-01 1.06754E-01 1.87307E-03 
4.04004E-01 1.17225E-01 2.27162E-03 
4.32548E-01 1.26257E-01 2.79610E-03 
4.63443E-01 1.34283E-01 3.49532E-03 
4.96790E-01 1.41292E-01 4.44307E-03 
5.24346E-01 1.46019E-01 5.41654E-03 
5.32700E-01 1.47288E-01 5.75194E-03 
5.74306E-01 1.52575E-01 7.76358E-03 
6.18980E-01 1.56674E-01 1.07378E-02 
6.66732E-01 1.59597E-01 1.52458E-02 
7.17551E-01 1.61399E-01 2.22795E-02 
7.75374E-01 1.75159E-01 3.35591E-02 
8.38574E-01 1.75040E-01 5.22569E-02 
9.04903E-01 1.73946E-01 8.43662E-02 
9.74262E-01 1.71950E-01 1.41551E-01 
1.04660E+00 1.69145E-01 2.47282E-01 
1.12217E+00 1.65677E-01 4.49937E-01 
1.20235E+00 1.61826E-01 8.50407E-01 
1.29252E+00 1.58304E-01 1.65191E+00 
1.41126E+00 1.57079E-01 3.21083E+00 
1.60691E+00 1.62418E-01 5.92189E+00 
1.93499E+00 1.77479E-01 9.62481E+00 
2.33985E+00 1.94442E-01 1.31482E+01 
2.67395E+00 2.00920E-01 1.54461E+01 
3.18738E-01 6.68730E-02 1.15720E-03 
3.30992E-01 7.28932E-02 1.37004E-03 
3.67711E-01 1.13168E-01 1.64211E-03 
3.92044E-01 1.21115E-01 1.99416E-03 
4.18339E-01 1.28062E-01 2.45694E-03 
4.46761E-01 1.34064E-01 3.07559E-03 
4.77338E-01 1.39087E-01 3.91316E-03 
5.02509E-01 1.42309E-01 4.77298E-03 
5.10121E-01 1.43139E-01 5.06909E-03 
5.47969E-01 1.46439E-01 6.84866E-03 
5.88413E-01 1.48659E-01 9.47797E-03 
6.31428E-01 1.49833E-01 1.34699E-02 
6.76935E-01 1.49910E-01 1.96862E-02 
7.27911E-01 1.61275E-01 2.96628E-02 
7.83866E-01 1.59824E-01 4.62096E-02 
8.42199E-01 1.57525E-01 7.45979E-02 
9.02764E-01 1.54499E-01 1.25172E-01 
9.65490E-01 1.50841E-01 2.18594E-01 
1.03061E+00 1.46683E-01 3.97671E-01 
1.09930E+00 1.42280E-01 7.51297E-01 
1.17644E+00 1.38255E-01 1.45871E+00 
1.27872E+00 1.36300E-01 2.83377E+00 
1.44934E+00 1.40049E-01 5.22299E+00 
1.73726E+00 1.52110E-01 8.48329E+00 
2.09114E+00 1.65670E-01 1.15791E+01 
2.37899E+00 1.70224E-01 1.35890E+01 
3.13767E-01 7.25586E-02 1.01940E-03 
3.24984E-01 7.67852E-02 1.20886E-03 
3.57721E-01 1.17785E-01 1.45086E-03 
3.80350E-01 1.23974E-01 1.76408E-03 
4.04640E-01 1.28841E-01 2.17566E-03 
4.30813E-01 1.32835E-01 2.72522E-03 
4.58898E-01 1.35964E-01 3.47132E-03 
4.81923E-01 1.37783E-01 4.23638E-03 
4.88868E-01 1.38212E-01 4.49989E-03 
5.23307E-01 1.39696E-01 6.08340E-03 
5.59887E-01 1.40223E-01 8.42419E-03 
5.98544E-01 1.39865E-01 1.19737E-02 
6.39179E-01 1.38757E-01 1.75120E-02 
6.83848E-01 1.47718E-01 2.63791E-02 
7.33190E-01 1.45086E-01 4.10895E-02 
7.84257E-01 1.41834E-01 6.63358E-02 
8.36876E-01 1.38029E-01 1.11223E-01 
8.90987E-01 1.33755E-01 1.94198E-01 
9.46708E-01 1.29136E-01 3.53039E-01 
1.00518E+00 1.24395E-01 6.66567E-01 
1.07076E+00 1.20074E-01 1.29327E+00 
1.15846E+00 1.17617E-01 2.50997E+00 
1.30693E+00 1.20101E-01 4.62194E+00 
1.55921E+00 1.29660E-01 7.49939E+00 
1.86809E+00 1.40401E-01 1.02246E+01 
2.11552E+00 1.43456E-01 1.19834E+01 
3.09331E-01 7.74176E-02 9.05784E-04 
3.19871E-01 8.01438E-02 1.07540E-03 
3.48002E-01 1.21368E-01 1.29248E-03 
3.68995E-01 1.25205E-01 1.57306E-03 
3.91586E-01 1.28188E-01 1.94228E-03 
4.15796E-01 1.30351E-01 2.43453E-03 
4.41636E-01 1.31729E-01 3.10256E-03 
4.62730E-01 1.32273E-01 3.78855E-03 
4.69074E-01 1.32351E-01 4.02463E-03 
5.00393E-01 1.32209E-01 5.44237E-03 
5.33448E-01 1.31280E-01 7.53893E-03 
5.68121E-01 1.29626E-01 1.07151E-02 
6.04304E-01 1.27352E-01 1.56691E-02 
6.43171E-01 1.34316E-01 2.36008E-02 
6.86488E-01 1.30804E-01 3.67367E-02 
7.30942E-01 1.26859E-01 5.92739E-02 
7.76389E-01 1.22512E-01 9.93472E-02 
8.22716E-01 1.17849E-01 1.73280E-01 
8.70088E-01 1.12979E-01 3.14768E-01 
9.19474E-01 1.08097E-01 5.93677E-01 
9.74844E-01 1.03663E-01 1.15041E+00 
1.04971E+00 1.00903E-01 2.23023E+00 
1.17863E+00 1.02411E-01 4.10176E+00 
1.39945E+00 1.09911E-01 6.64642E+00 
1.66873E+00 1.18340E-01 9.04805E+00 
1.88097E+00 1.20258E-01 1.05869E+01 
3.05615E-01 8.10316E-02 8.11888E-04 
3.15925E-01 8.32105E-02 9.65366E-04 
3.38746E-01 1.22556E-01 1.16130E-03 
3.58363E-01 1.24719E-01 1.41466E-03 
3.79458E-01 1.25903E-01 1.74755E-03 
4.01952E-01 1.26417E-01 2.19242E-03 
4.25776E-01 1.26248E-01 2.79451E-03 
4.45115E-01 1.25683E-01 3.41297E-03 
4.50910E-01 1.25453E-01 3.62587E-03 
4.79387E-01 1.23935E-01 4.90330E-03 
5.09194E-01 1.21800E-01 6.79029E-03 
5.40216E-01 1.19103E-01 9.65151E-03 
5.72343E-01 1.15844E-01 1.41023E-02 
6.05896E-01 1.21093E-01 2.12292E-02 
6.43701E-01 1.17033E-01 3.30264E-02 
6.82165E-01 1.12631E-01 5.32306E-02 
7.21119E-01 1.07969E-01 8.91226E-02 
7.60475E-01 1.03125E-01 1.55265E-01 
8.00381E-01 9.81931E-02 2.81653E-01 
8.41738E-01 9.33369E-02 5.30484E-01 
8.88128E-01 8.89459E-02 1.02655E+00 
9.51745E-01 8.60572E-02 1.98688E+00 
1.06348E+00 8.68312E-02 3.64812E+00 
1.25663E+00 9.26621E-02 5.90132E+00 
1.49125E+00 9.92229E-02 8.01898E+00 
1.67303E+00 1.00305E-01 9.36450E+00 
3.02912E-01 8.33089E-02 7.34202E-04 
3.12814E-01 8.37459E-02 8.74150E-04 
3.30199E-01 1.21613E-01 1.05241E-03 
3.48855E-01 1.22280E-01 1.28271E-03 
3.68651E-01 1.21895E-01 1.58508E-03 
3.89581E-01 1.20955E-01 1.98854E-03 
4.11592E-01 1.19495E-01 2.53524E-03 
4.29310E-01 1.18025E-01 3.09532E-03 
4.34605E-01 1.17543E-01 3.28840E-03 
4.60460E-01 1.14940E-01 4.44582E-03 
4.87265E-01 1.11873E-01 6.15370E-03 
5.14911E-01 1.08403E-01 8.73871E-03 
5.43246E-01 1.04583E-01 1.27587E-02 
5.71976E-01 1.08276E-01 1.91879E-02 
6.04723E-01 1.03848E-01 2.98123E-02 
6.37735E-01 9.92136E-02 4.79918E-02 
6.70845E-01 9.44486E-02 8.02198E-02 
7.03993E-01 8.96083E-02 1.39556E-01 
7.37276E-01 8.47743E-02 2.52741E-01 
7.71555E-01 8.00852E-02 4.75200E-01 
8.10094E-01 7.58664E-02 9.17779E-01 
8.63886E-01 7.29808E-02 1.77322E+00 
9.60607E-01 7.32299E-02 3.24938E+00 
1.12953E+00 7.77259E-02 5.24545E+00 
1.33398E+00 8.28005E-02 7.11282E+00 
1.48954E+00 8.32903E-02 8.28763E+00 
3.01567E-01 8.38263E-02 6.69920E-04 
3.11191E-01 8.30444E-02 7.98058E-04 
3.23216E-01 1.18745E-01 9.61264E-04 
3.40920E-01 1.17826E-01 1.17162E-03 
3.59551E-01 1.16152E-01 1.44797E-03 
3.79044E-01 1.14081E-01 1.81570E-03 
3.99360E-01 1.11610E-01 2.31405E-03 
4.15572E-01 1.09454E-01 2.82422E-03 
4.20387E-01 1.08786E-01 2.99945E-03 
4.43767E-01 1.05389E-01 4.05221E-03 
4.67766E-01 1.01678E-01 5.60364E-03 
4.92250E-01 9.77103E-02 7.94804E-03 
5.17054E-01 9.35785E-02 1.15917E-02 
5.41364E-01 9.59898E-02 1.74039E-02 
5.69528E-01 9.13837E-02 2.70024E-02 
5.97583E-01 8.67217E-02 4.33864E-02 
6.25442E-01 8.20232E-02 7.24131E-02 
6.53005E-01 7.73381E-02 1.25713E-01 
6.80446E-01 7.27313E-02 2.27229E-01 
7.08528E-01 6.83170E-02 4.26337E-01 
7.40217E-01 6.43614E-02 8.21629E-01 
7.85506E-01 6.15884E-02 1.58395E+00 
8.69188E-01 6.14810E-02 2.89620E+00 
1.01705E+00 6.49287E-02 4.66459E+00 
1.19533E+00 6.88324E-02 6.30977E+00 
1.32844E+00 6.89224E-02 7.33361E+00 
3.01816E-01 8.26632E-02 6.15991E-04 
3.11300E-01 8.13436E-02 7.33780E-04 
3.18342E-01 1.13088E-01 8.83721E-04 
3.35036E-01 1.11467E-01 1.07675E-03 
3.52517E-01 1.08946E-01 1.32997E-03 
3.70626E-01 1.06038E-01 1.66682E-03 
3.89275E-01 1.02856E-01 2.12196E-03 
4.04030E-01 1.00230E-01 2.58819E-03 
4.08388E-01 9.94364E-02 2.74825E-03 
4.29386E-01 9.55301E-02 3.70763E-03 
4.50702E-01 9.14410E-02 5.11998E-03 
4.72184E-01 8.72155E-02 7.25182E-03 
4.93719E-01 8.28963E-02 1.05573E-02 
5.14027E-01 8.43118E-02 1.58247E-02 
5.37937E-01 7.97845E-02 2.45011E-02 
5.61501E-01 7.52540E-02 3.92959E-02 
5.84608E-01 7.07589E-02 6.54334E-02 
6.07230E-01 6.63437E-02 1.13366E-01 
6.29512E-01 6.20585E-02 2.04446E-01 
6.52171E-01 5.79882E-02 3.82715E-01 
6.77960E-01 5.43588E-02 7.35902E-01 
7.15890E-01 5.17674E-02 1.41508E+00 
7.88280E-01 5.14335E-02 2.58092E+00 
9.17864E-01 5.40667E-02 4.14609E+00 
1.07354E+00 5.70611E-02 5.59351E+00 
1.18753E+00 5.68964E-02 6.48379E+00 
3.03863E-01 8.02129E-02 5.69919E-04 
3.13138E-01 7.79823E-02 6.78630E-04 
3.15631E-01 1.06394E-01 8.16722E-04 
3.31424E-01 1.03972E-01 9.94415E-04 
3.47758E-01 1.00716E-01 1.22690E-03 
3.64460E-01 9.72590E-02 1.53591E-03 
3.81454E-01 9.36471E-02 1.95304E-03 
3.94745E-01 9.07529E-02 2.37944E-03 
3.98648E-01 8.98940E-02 2.52586E-03 
4.17340E-01 8.57352E-02 3.40216E-03 
4.36049E-01 8.14975E-02 4.68967E-03 
4.54684E-01 7.72193E-02 6.63062E-03 
4.73157E-01 7.29007E-02 9.63325E-03 
4.89849E-01 7.35558E-02 1.44100E-02 
5.09863E-01 6.92351E-02 2.22614E-02 
5.29360E-01 6.49533E-02 3.56292E-02 
5.48243E-01 6.07620E-02 5.91949E-02 
5.66502E-01 5.66882E-02 1.02312E-01 
5.84284E-01 5.27719E-02 1.84089E-01 
6.02272E-01 4.90867E-02 3.43678E-01 
6.22994E-01 4.58128E-02 6.59102E-01 
6.54651E-01 4.34407E-02 1.26419E+00 
7.17351E-01 4.29780E-02 2.29938E+00 
8.31215E-01 4.49882E-02 3.68355E+00 
9.67569E-01 4.72879E-02 4.95582E+00 
1.06541E+00 4.69730E-02 5.72850E+00 
3.07688E-01 7.64726E-02 5.29236E-04 
3.16665E-01 7.37326E-02 6.29805E-04 
3.15681E-01 9.83268E-02 7.57116E-04 
3.30146E-01 9.55803E-02 9.20733E-04 
3.45198E-01 9.19149E-02 1.13452E-03 
3.60405E-01 8.81792E-02 1.41820E-03 
3.75671E-01 8.43636E-02 1.80056E-03 
3.87493E-01 8.13717E-02 2.19077E-03 
3.90946E-01 8.04931E-02 2.32481E-03 
4.07323E-01 7.62901E-02 3.12533E-03 
4.23506E-01 7.20862E-02 4.29980E-03 
4.39420E-01 6.79097E-02 6.06583E-03 
4.54958E-01 6.37961E-02 8.79444E-03 
4.68417E-01 6.38528E-02 1.31245E-02 
4.84897E-01 5.97907E-02 2.02316E-02 
5.00721E-01 5.58331E-02 3.22990E-02 
5.15842E-01 5.19964E-02 5.35336E-02 
5.30245E-01 4.83016E-02 9.22936E-02 
5.44100E-01 4.47793E-02 1.65603E-01 
5.58071E-01 4.14853E-02 3.08405E-01 
5.74460E-01 3.85682E-02 5.89848E-01 
6.00759E-01 3.64325E-02 1.12821E+00 
6.55147E-01 3.59081E-02 2.04631E+00 
7.55483E-01 3.74433E-02 3.26879E+00 
8.75278E-01 3.92128E-02 4.38510E+00 
9.59462E-01 3.88185E-02 5.05417E+00 
3.12918E-01 7.20667E-02 4.92455E-04 
3.21359E-01 6.92011E-02 5.85290E-04 
3.17456E-01 9.01874E-02 7.02902E-04 
3.30894E-01 8.67909E-02 8.53370E-04 
3.44507E-01 8.30625E-02 1.05004E-03 
3.58094E-01 7.92502E-02 1.31044E-03 
3.71578E-01 7.54136E-02 1.66079E-03 
3.81901E-01 7.24485E-02 2.01779E-03 
3.84893E-01 7.15841E-02 2.14027E-03 
3.98977E-01 6.74854E-02 2.87135E-03 
4.12722E-01 6.34401E-02 3.94197E-03 
4.26038E-01 5.94727E-02 5.54849E-03 
4.38837E-01 5.56221E-02 8.02643E-03 
4.49411E-01 5.52487E-02 1.19505E-02 
4.62680E-01 5.15156E-02 1.83773E-02 
4.75217E-01 4.79130E-02 2.92635E-02 
4.87000E-01 4.44470E-02 4.83730E-02 
4.98046E-01 4.11352E-02 8.31806E-02 
5.08526E-01 3.79996E-02 1.48859E-01 
5.19051E-01 3.50818E-02 2.76511E-01 
5.31780E-01 3.25055E-02 5.27458E-01 
5.53522E-01 3.06022E-02 1.00589E+00 
6.00813E-01 3.00588E-02 1.81930E+00 
6.89542E-01 3.12338E-02 2.89771E+00 
7.95163E-01 3.25987E-02 3.87570E+00 
8.67837E-01 3.21708E-02 4.45401E+00 
3.18948E-01 6.74056E-02 4.58543E-04 
3.26707E-01 6.43645E-02 5.44180E-04 
3.21031E-01 8.18570E-02 6.52449E-04 
3.32989E-01 7.83602E-02 7.91000E-04 
3.45065E-01 7.45911E-02 9.71547E-04 
3.56955E-01 7.08332E-02 1.21032E-03 
3.68616E-01 6.71017E-02 1.53112E-03 
3.77427E-01 6.42476E-02 1.85763E-03 
3.79966E-01 6.34168E-02 1.96938E-03 
3.91822E-01 5.95133E-02 2.63659E-03 
4.03213E-01 5.57023E-02 3.61116E-03 
4.14071E-01 5.20028E-02 5.07165E-03 
4.24380E-01 4.84114E-02 7.31919E-03 
4.32386E-01 4.77550E-02 1.08721E-02 
4.42756E-01 4.43798E-02 1.66776E-02 
4.52385E-01 4.11336E-02 2.64933E-02 
4.61244E-01 3.80309E-02 4.36857E-02 
4.69385E-01 3.50833E-02 7.49247E-02 
4.76963E-01 3.23041E-02 1.33728E-01 
4.84581E-01 2.97356E-02 2.47720E-01 
4.94205E-01 2.74705E-02 4.71178E-01 
5.12118E-01 2.57857E-02 8.96166E-01 
5.53336E-01 2.52488E-02 1.61607E+00 
6.32080E-01 2.61501E-02 2.56631E+00 
7.25574E-01 2.72053E-02 3.42229E+00 
7.88540E-01 2.67715E-02 3.92145E+00 
3.25018E-01 6.27411E-02 4.26514E-04 
3.32008E-01 5.95856E-02 5.05541E-04 
3.25298E-01 7.37458E-02 6.05147E-04 
3.35672E-01 7.04824E-02 7.32557E-04 
3.46141E-01 6.68060E-02 8.98224E-04 
3.56312E-01 6.31879E-02 1.11711E-03 
3.66136E-01 5.96276E-02 1.41053E-03 
3.73487E-01 5.69208E-02 1.70878E-03 
3.75592E-01 5.61383E-02 1.81100E-03 
3.85310E-01 5.24742E-02 2.41945E-03 
3.94488E-01 4.89249E-02 3.30638E-03 
4.03099E-01 4.55013E-02 4.63360E-03 
4.11093E-01 4.22146E-02 6.67046E-03 
4.16881E-01 4.13469E-02 9.88593E-03 
4.24689E-01 3.83018E-02 1.51270E-02 
4.31764E-01 3.53935E-02 2.39713E-02 
4.38102E-01 3.26277E-02 3.94285E-02 
4.43747E-01 3.00129E-02 6.74497E-02 
4.48869E-01 2.75609E-02 1.20072E-01 
4.54022E-01 2.52984E-02 2.21803E-01 
4.61042E-01 2.33080E-02 4.20711E-01 
4.75707E-01 2.18198E-02 7.97945E-01 
5.11727E-01 2.13037E-02 1.43473E+00 
5.81870E-01 2.19951E-02 2.27155E+00 
6.64966E-01 2.28142E-02 3.02025E+00 
7.19717E-01 2.23899E-02 3.45063E+00 
3.30405E-01 5.83931E-02 3.96366E-04 
3.36478E-01 5.52849E-02 4.69176E-04 
3.28898E-01 6.70898E-02 5.60853E-04 
3.38201E-01 6.34025E-02 6.77857E-04 
3.47042E-01 5.98842E-02 8.29839E-04 
3.55525E-01 5.64356E-02 1.03024E-03 
3.63604E-01 5.30684E-02 1.29870E-03 
3.69566E-01 5.05221E-02 1.57101E-03 
3.71256E-01 4.97911E-02 1.66426E-03 
3.78989E-01 4.63713E-02 2.21874E-03 
3.86154E-01 4.30810E-02 3.02634E-03 
3.92717E-01 3.99304E-02 4.23074E-03 
3.98653E-01 3.69350E-02 6.07834E-03 
4.02512E-01 3.59172E-02 8.98579E-03 
4.08093E-01 3.31731E-02 1.37186E-02 
4.12960E-01 3.05674E-02 2.16844E-02 
4.17132E-01 2.81027E-02 3.55781E-02 
4.20654E-01 2.57826E-02 6.07064E-02 
4.23698E-01 2.36161E-02 1.07788E-01 
4.26781E-01 2.16229E-02 1.98572E-01 
4.31617E-01 1.98721E-02 3.75646E-01 
4.43529E-01 1.85561E-02 7.10391E-01 
4.75085E-01 1.80674E-02 1.27360E+00 
5.37791E-01 1.85976E-02 2.01045E+00 
6.11914E-01 1.92330E-02 2.66506E+00 
6.59690E-01 1.88277E-02 3.03597E+00 
3.34483E-01 5.45223E-02 3.68240E-04 
3.39668E-01 5.14141E-02 4.35297E-04 
3.32375E-01 6.05355E-02 5.19605E-04 
3.39930E-01 5.72203E-02 6.27169E-04 
3.47218E-01 5.38710E-02 7.66681E-04 
3.54114E-01 5.05934E-02 9.50225E-04 
3.60583E-01 4.74101E-02 1.19575E-03 
3.65269E-01 4.50197E-02 1.44461E-03 
3.66587E-01 4.43325E-02 1.52960E-03 
3.72526E-01 4.11400E-02 2.03493E-03 
3.77883E-01 3.80894E-02 2.76969E-03 
3.82636E-01 3.51868E-02 3.86368E-03 
3.86786E-01 3.24265E-02 5.53825E-03 
3.88988E-01 3.13255E-02 8.16955E-03 
3.92634E-01 2.88545E-02 1.24423E-02 
3.95610E-01 2.65166E-02 1.96197E-02 
3.97931E-01 2.43152E-02 3.21120E-02 
3.99655E-01 2.22516E-02 5.46527E-02 
4.00943E-01 2.03311E-02 9.67774E-02 
4.02293E-01 1.85720E-02 1.77833E-01 
4.05291E-01 1.70284E-02 3.35459E-01 
4.14861E-01 1.58618E-02 6.32642E-01 
4.42560E-01 1.54028E-02 1.13090E+00 
4.98796E-01 1.58083E-02 1.77983E+00 
5.65154E-01 1.63021E-02 2.35233E+00 
6.06950E-01 1.59185E-02 2.67175E+00 
3.36746E-01 5.11671E-02 3.42093E-04 
3.41130E-01 4.80601E-02 4.03942E-04 
3.34502E-01 5.48251E-02 4.81637E-04 
3.40325E-01 5.19402E-02 5.80490E-04 
3.46242E-01 4.87132E-02 7.08570E-04 
3.51723E-01 4.55899E-02 8.76971E-04 
3.56754E-01 4.25703E-02 1.10163E-03 
3.60327E-01 4.03137E-02 1.32909E-03 
3.61317E-01 3.96675E-02 1.40682E-03 
3.65689E-01 3.66759E-02 1.86814E-03 
3.69471E-01 3.38344E-02 2.53714E-03 
3.72661E-01 3.11456E-02 3.53241E-03 
3.75237E-01 2.86157E-02 5.05122E-03 
3.76046E-01 2.74479E-02 7.43449E-03 
3.78043E-01 2.52115E-02 1.12974E-02 
3.79403E-01 2.31068E-02 1.77693E-02 
3.80154E-01 2.11335E-02 2.90076E-02 
3.80354E-01 1.92921E-02 4.92416E-02 
3.80164E-01 1.75857E-02 8.69713E-02 
3.80048E-01 1.60262E-02 1.59366E-01 
3.81492E-01 1.46604E-02 2.99826E-01 
3.89056E-01 1.36242E-02 5.63717E-01 
4.13399E-01 1.31954E-02 1.00473E+00 
4.63971E-01 1.35039E-02 1.57649E+00 
5.23546E-01 1.38875E-02 2.07727E+00 
5.60184E-01 1.35272E-02 2.35222E+00 
3.37272E-01 4.83149E-02 3.18422E-04 
3.40934E-01 4.52106E-02 3.75571E-04 
3.34736E-01 5.02827E-02 4.47246E-04 
3.39361E-01 4.74709E-02 5.38330E-04 
3.44073E-01 4.43502E-02 6.56113E-04 
3.48341E-01 4.13438E-02 8.10740E-04 
3.52145E-01 3.84594E-02 1.01696E-03 
3.54755E-01 3.63146E-02 1.22522E-03 
3.55466E-01 3.57018E-02 1.29633E-03 
3.58484E-01 3.28800E-02 1.71797E-03 
3.60919E-01 3.02164E-02 2.32852E-03 
3.62754E-01 2.77146E-02 3.23425E-03 
3.64000E-01 2.53747E-02 4.61499E-03 
3.63611E-01 2.41711E-02 6.77622E-03 
3.64202E-01 2.21361E-02 1.02712E-02 
3.64192E-01 2.02320E-02 1.61183E-02 
3.63609E-01 1.84560E-02 2.62452E-02 
3.62516E-01 1.68064E-02 4.44329E-02 
3.61071E-01 1.52837E-02 7.82641E-02 
3.59715E-01 1.38969E-02 1.43012E-01 
3.59835E-01 1.26845E-02 2.68253E-01 
3.65680E-01 1.17604E-02 5.02987E-01 
3.87091E-01 1.13616E-02 8.93727E-01 
4.32682E-01 1.15946E-02 1.39799E+00 
4.86308E-01 1.18913E-02 1.83640E+00 
5.18494E-01 1.15559E-02 2.07322E+00 
3.35969E-01 4.58880E-02 2.96818E-04 
3.39026E-01 4.27772E-02 3.49654E-04 
3.32986E-01 4.66417E-02 4.15899E-04 
3.36947E-01 4.36266E-02 4.99891E-04 
3.40644E-01 4.05913E-02 6.08397E-04 
3.43885E-01 3.76808E-02 7.50548E-04 
3.46644E-01 3.49041E-02 9.39770E-04 
3.48436E-01 3.28526E-02 1.13075E-03 
3.48906E-01 3.22679E-02 1.19578E-03 
3.50772E-01 2.95880E-02 1.58135E-03 
3.52041E-01 2.70788E-02 2.13854E-03 
3.52715E-01 2.47382E-02 2.96376E-03 
3.52802E-01 2.25616E-02 4.21871E-03 
3.51384E-01 2.13411E-02 6.17944E-03 
3.50756E-01 1.94847E-02 9.34340E-03 
3.49553E-01 1.77580E-02 1.46226E-02 
3.47813E-01 1.61561E-02 2.37467E-02 
3.45601E-01 1.46751E-02 4.00939E-02 
3.43071E-01 1.33134E-02 7.04209E-02 
3.40644E-01 1.20783E-02 1.28319E-01 
3.39619E-01 1.09997E-02 2.39991E-01 
3.43946E-01 1.01755E-02 4.48612E-01 
3.62747E-01 9.80601E-03 7.94693E-01 
4.03878E-01 9.97973E-03 1.23919E+00 
4.52187E-01 1.02081E-02 1.62266E+00 
4.80422E-01 9.89686E-03 1.82613E+00 
3.33168E-01 4.38778E-02 2.77508E-04 
3.35745E-01 4.07348E-02 3.26491E-04 
3.29968E-01 4.35093E-02 3.87776E-04 
3.33336E-01 4.03635E-02 4.65396E-04 
3.36204E-01 3.73806E-02 5.65519E-04 
3.38586E-01 3.45388E-02 6.96442E-04 
3.40463E-01 3.18455E-02 8.70342E-04 
3.41563E-01 2.98668E-02 1.04558E-03 
3.41823E-01 2.93067E-02 1.10533E-03 
3.42703E-01 2.67440E-02 1.45849E-03 
3.42966E-01 2.43641E-02 1.96776E-03 
3.42627E-01 2.21618E-02 2.72044E-03 
3.41699E-01 2.01324E-02 3.86254E-03 
3.39388E-01 1.89056E-02 5.64334E-03 
3.37700E-01 1.72046E-02 8.51055E-03 
3.35462E-01 1.56329E-02 1.32835E-02 
3.32716E-01 1.41837E-02 2.15101E-02 
3.29534E-01 1.28507E-02 3.62150E-02 
3.26065E-01 1.16308E-02 6.34267E-02 
3.22712E-01 1.05276E-02 1.15222E-01 
3.20694E-01 9.56640E-03 2.14863E-01 
3.23692E-01 8.82993E-03 4.00342E-01 
3.40169E-01 8.48867E-03 7.06955E-01 
3.77300E-01 8.61612E-03 1.09885E+00 
4.20857E-01 8.79059E-03 1.43426E+00 
4.45601E-01 8.50304E-03 1.60890E+00 
3.29087E-01 4.21821E-02 2.60093E-04 
3.31300E-01 3.89769E-02 3.05582E-04 
3.25967E-01 4.06548E-02 3.62328E-04 
3.28632E-01 3.75586E-02 4.34142E-04 
3.30812E-01 3.46053E-02 5.26593E-04 
3.32479E-01 3.18093E-02 6.47269E-04 
3.33610E-01 2.91792E-02 8.07324E-04 
3.34117E-01 2.72590E-02 9.68221E-04 
3.34195E-01 2.67185E-02 1.02308E-03 
3.34215E-01 2.42550E-02 1.34669E-03 
3.33603E-01 2.19856E-02 1.81240E-03 
3.32373E-01 1.99046E-02 2.49917E-03 
3.30552E-01 1.80015E-02 3.53890E-03 
3.27448E-01 1.67827E-02 5.15653E-03 
3.24827E-01 1.52195E-02 7.75449E-03 
3.21676E-01 1.37856E-02 1.20693E-02 
3.18045E-01 1.24717E-02 1.94892E-02 
3.14011E-01 1.12702E-02 3.27144E-02 
3.09720E-01 1.01759E-02 5.71204E-02 
3.05561E-01 9.18972E-03 1.03444E-01 
3.02673E-01 8.33268E-03 1.92271E-01 
3.04499E-01 7.67407E-03 3.57172E-01 
3.18881E-01 7.36000E-03 6.28631E-01 
3.52382E-01 7.45123E-03 9.73871E-01 
3.91640E-01 7.58264E-03 1.26697E+00 
4.13264E-01 7.31830E-03 1.41658E+00 
3.23961E-01 4.07724E-02 2.44319E-04 
3.25925E-01 3.74750E-02 2.86551E-04 
3.20918E-01 3.82585E-02 3.39208E-04 
3.23068E-01 3.51434E-02 4.05673E-04 
3.24682E-01 3.21993E-02 4.91080E-04 
3.25739E-01 2.94325E-02 6.02403E-04 
3.26223E-01 2.68477E-02 7.49682E-04 
3.26199E-01 2.49746E-02 8.97526E-04 
3.26126E-01 2.44478E-02 9.47803E-04 
3.25377E-01 2.20653E-02 1.24441E-03 
3.23971E-01 1.98909E-02 1.67032E-03 
3.21933E-01 1.79146E-02 2.29686E-03 
3.19297E-01 1.61249E-02 3.24313E-03 
3.15481E-01 1.49205E-02 4.71212E-03 
3.12022E-01 1.34800E-02 7.06591E-03 
3.08055E-01 1.21688E-02 1.09641E-02 
3.03639E-01 1.09759E-02 1.76508E-02 
2.98852E-01 9.89170E-03 2.95358E-02 
2.93844E-01 8.90892E-03 5.14052E-02 
2.88977E-01 8.02756E-03 9.28028E-02 
2.85332E-01 7.26280E-03 1.71936E-01 
2.86114E-01 6.67427E-03 3.18342E-01 
2.98602E-01 6.38615E-03 5.58459E-01 
3.28788E-01 6.44900E-03 8.62283E-01 
3.64120E-01 6.54627E-03 1.11798E+00 
3.82939E-01 6.30403E-03 1.24584E+00 
3.17943E-01 3.96139E-02 2.29834E-04 
3.19666E-01 3.62128E-02 2.69008E-04 
3.15009E-01 3.61747E-02 3.17817E-04 
3.16672E-01 3.30527E-02 3.79330E-04 
3.17788E-01 3.01031E-02 4.58187E-04 
3.18305E-01 2.73493E-02 5.60772E-04 
3.18213E-01 2.47953E-02 6.96241E-04 
3.17718E-01 2.29578E-02 8.32027E-04 
3.17507E-01 2.24425E-02 8.78132E-04 
3.16067E-01 2.01274E-02 1.14983E-03 
3.13944E-01 1.80339E-02 1.53890E-03 
3.11176E-01 1.61498E-02 2.10993E-03 
3.07806E-01 1.44599E-02 2.97039E-03 
3.03349E-01 1.32776E-02 4.30296E-03 
2.99141E-01 1.19465E-02 6.43271E-03 
2.94448E-01 1.07455E-02 9.95095E-03 
2.89336E-01 9.66124E-03 1.59683E-02 
2.83888E-01 8.68230E-03 2.66355E-02 
2.78255E-01 7.79983E-03 4.62087E-02 
2.72780E-01 7.01181E-03 8.31491E-02 
2.68480E-01 6.32983E-03 1.53555E-01 
2.68338E-01 5.80407E-03 2.83324E-01 
2.79104E-01 5.54060E-03 4.95363E-01 
3.06239E-01 5.58128E-03 7.62274E-01 
3.37965E-01 5.65182E-03 9.84939E-01 
3.54253E-01 5.43007E-03 1.09381E+00 
3.11301E-01 3.87108E-02 2.16441E-04 
3.12802E-01 3.52019E-02 2.52803E-04 
3.08410E-01 3.44578E-02 2.97982E-04 
3.09678E-01 3.12725E-02 3.54850E-04 
3.10320E-01 2.82969E-02 4.27607E-04 
3.10325E-01 2.55374E-02 5.22037E-04 
3.09682E-01 2.29976E-02 6.46471E-04 
3.08743E-01 2.11826E-02 7.70939E-04 
3.08395E-01 2.06765E-02 8.13199E-04 
3.06299E-01 1.84132E-02 1.06160E-03 
3.03506E-01 1.63862E-02 1.41656E-03 
3.00056E-01 1.45809E-02 1.93626E-03 
2.96004E-01 1.29790E-02 2.71724E-03 
2.90964E-01 1.18228E-02 3.92405E-03 
2.86081E-01 1.05893E-02 5.84781E-03 
2.80741E-01 9.48717E-03 9.01700E-03 
2.75016E-01 8.50062E-03 1.44223E-02 
2.68995E-01 7.61631E-03 2.39782E-02 
2.62823E-01 6.82422E-03 4.14627E-02 
2.56837E-01 6.11955E-03 7.43567E-02 
2.51977E-01 5.51185E-03 1.36851E-01 
2.51027E-01 5.04266E-03 2.51653E-01 
2.60222E-01 4.80254E-03 4.38467E-01 
2.84532E-01 4.82588E-03 6.72380E-01 
3.12935E-01 4.87510E-03 8.65829E-01 
3.26931E-01 4.67294E-03 9.58192E-01 
3.03923E-01 3.80246E-02 2.03846E-04 
3.05202E-01 3.43874E-02 2.37542E-04 
3.01086E-01 3.30195E-02 2.79339E-04 
3.01984E-01 2.97680E-02 3.31851E-04 
3.02211E-01 2.67535E-02 3.98925E-04 
3.01757E-01 2.39754E-02 4.85776E-04 
3.00617E-01 2.14361E-02 5.99982E-04 
2.99268E-01 1.96341E-02 7.13972E-04 
2.98798E-01 1.91336E-02 7.52615E-04 
2.96104E-01 1.69080E-02 9.79536E-04 
2.92691E-01 1.49354E-02 1.30298E-03 
2.88618E-01 1.31971E-02 1.77523E-03 
2.83952E-01 1.16713E-02 2.48337E-03 
2.78391E-01 1.05436E-02 3.57479E-03 
2.72916E-01 9.39641E-03 5.30992E-03 
2.67014E-01 8.38176E-03 8.16158E-03 
2.60764E-01 7.48226E-03 1.30114E-02 
2.54261E-01 6.68234E-03 2.15602E-02 
2.47648E-01 5.97039E-03 3.71565E-02 
2.41240E-01 5.34052E-03 6.64062E-02 
2.35922E-01 4.79888E-03 1.21797E-01 
2.34274E-01 4.38039E-03 2.23222E-01 
2.42054E-01 4.16208E-03 3.87593E-01 
2.63773E-01 4.17205E-03 5.92319E-01 
2.89129E-01 4.20436E-03 7.60100E-01 
3.01074E-01 4.02073E-03 8.38285E-01 
2.95802E-01 3.75509E-02 1.91712E-04 
2.96834E-01 3.37576E-02 2.22814E-04 
2.92992E-01 3.18107E-02 2.61354E-04 
2.93471E-01 2.84917E-02 3.09692E-04 
2.93279E-01 2.54202E-02 3.71291E-04 
2.92375E-01 2.26075E-02 4.50893E-04 
2.90751E-01 2.00548E-02 5.55308E-04 
2.89014E-01 1.82558E-02 6.59341E-04 
2.88425E-01 1.77586E-02 6.94579E-04 
2.85170E-01 1.55594E-02 9.01093E-04 
2.81189E-01 1.36305E-02 1.19469E-03 
2.76553E-01 1.19494E-02 1.62245E-03 
2.71332E-01 1.04912E-02 2.26186E-03 
2.65317E-01 9.39395E-03 3.24534E-03 
2.59325E-01 8.32439E-03 4.80493E-03 
2.52941E-01 7.38946E-03 7.35969E-03 
2.46251E-01 6.56898E-03 1.16939E-02 
2.39352E-01 5.84589E-03 1.93110E-02 
2.32384E-01 5.20701E-03 3.31641E-02 
2.25643E-01 4.64514E-03 5.90702E-02 
2.19956E-01 4.16364E-03 1.07967E-01 
2.17708E-01 3.79152E-03 1.97186E-01 
2.24191E-01 3.59385E-03 3.41195E-01 
2.43484E-01 3.59348E-03 5.19593E-01 
2.65991E-01 3.61235E-03 6.64431E-01 
2.76068E-01 3.44633E-03 7.30204E-01 
2.87090E-01 3.72906E-02 1.80129E-04 
2.87885E-01 3.33297E-02 2.08801E-04 
2.84262E-01 3.08810E-02 2.44253E-04 
2.84360E-01 2.74544E-02 2.88631E-04 
2.83727E-01 2.43050E-02 3.45041E-04 
2.82358E-01 2.14396E-02 4.17765E-04 
2.80262E-01 1.88586E-02 5.12978E-04 
2.78154E-01 1.70532E-02 6.07626E-04 
2.77458E-01 1.65561E-02 6.39645E-04 
2.73682E-01 1.43714E-02 8.27093E-04 
2.69182E-01 1.24752E-02 1.09292E-03 
2.64036E-01 1.08416E-02 1.47911E-03 
2.58330E-01 9.44155E-03 2.05507E-03 
2.51926E-01 8.37491E-03 2.93871E-03 
2.45497E-01 7.37424E-03 4.33611E-03 
2.38719E-01 6.51021E-03 6.61939E-03 
2.31680E-01 5.76046E-03 1.04815E-02 
2.24475E-01 5.10639E-03 1.72490E-02 
2.17243E-01 4.53331E-03 2.95200E-02 
2.10264E-01 4.03234E-03 5.23988E-02 
2.04303E-01 3.60492E-03 9.54456E-02 
2.01557E-01 3.27459E-03 1.73697E-01 
2.06876E-01 3.09619E-03 2.99508E-01 
2.23929E-01 3.08806E-03 4.54518E-01 
2.43814E-01 3.09646E-03 5.79170E-01 
2.52221E-01 2.94701E-03 6.34276E-01 
2.77639E-01 3.72071E-02 1.68881E-04 
2.78149E-01 3.30607E-02 1.95218E-04 
2.74745E-01 3.01541E-02 2.27720E-04 
2.74476E-01 2.66110E-02 2.68336E-04 
2.73455E-01 2.33726E-02 3.19859E-04 
2.71673E-01 2.04432E-02 3.86127E-04 
2.69138E-01 1.78222E-02 4.72639E-04 
2.66681E-01 1.60017E-02 5.58507E-04 
2.65887E-01 1.55021E-02 5.87509E-04 
2.61627E-01 1.33211E-02 7.57028E-04 
2.56655E-01 1.14481E-02 9.96819E-04 
2.51057E-01 9.85311E-03 1.34431E-03 
2.44929E-01 8.50320E-03 1.86116E-03 
2.38201E-01 7.46702E-03 2.65226E-03 
2.31421E-01 6.52761E-03 3.90006E-03 
2.24335E-01 5.72729E-03 5.93318E-03 
2.17034E-01 5.04152E-03 9.36202E-03 
2.09616E-01 4.44971E-03 1.53535E-02 
2.02211E-01 3.93600E-03 2.61864E-02 
1.95084E-01 3.49002E-03 4.63177E-02 
1.88940E-01 3.11139E-03 8.40736E-02 
1.85793E-01 2.81891E-03 1.52471E-01 
1.90070E-01 2.65855E-03 2.61982E-01 
2.05055E-01 2.64474E-03 3.96174E-01 
2.22524E-01 2.64520E-03 5.03061E-01 
2.29441E-01 2.51126E-03 5.48989E-01 
2.67573E-01 3.72898E-02 1.58009E-04 
2.67766E-01 3.29338E-02 1.82096E-04 
2.64535E-01 2.96112E-02 2.11778E-04 
2.63878E-01 2.59388E-02 2.48817E-04 
2.62460E-01 2.25960E-02 2.95677E-04 
2.60272E-01 1.95903E-02 3.55796E-04 
2.57337E-01 1.69202E-02 4.34144E-04 
2.54574E-01 1.50779E-02 5.11720E-04 
2.53687E-01 1.45750E-02 5.37905E-04 
2.49007E-01 1.23900E-02 6.90637E-04 
2.43633E-01 1.05332E-02 9.06153E-04 
2.37659E-01 8.97037E-03 1.21765E-03 
2.31187E-01 7.66428E-03 1.67975E-03 
2.24211E-01 6.65816E-03 2.38538E-03 
2.17166E-01 5.77365E-03 3.49539E-03 
2.09861E-01 5.03077E-03 5.29895E-03 
2.02391E-01 4.40267E-03 8.33200E-03 
1.94848E-01 3.86712E-03 1.36168E-02 
1.87361E-01 3.40689E-03 2.31439E-02 
1.80173E-01 3.01066E-03 4.07920E-02 
1.73931E-01 2.67604E-03 7.37818E-02 
1.70477E-01 2.41786E-03 1.33345E-01 
1.73830E-01 2.27429E-03 2.28315E-01 
1.86915E-01 2.25654E-03 3.44051E-01 
2.02170E-01 2.25109E-03 4.35346E-01 
2.07770E-01 2.13168E-03 4.73422E-01 
2.56933E-01 3.75147E-02 1.47490E-04 
2.56783E-01 3.29320E-02 1.69428E-04 
2.53660E-01 2.92323E-02 1.96422E-04 
2.52610E-01 2.54090E-02 2.30034E-04 
2.50809E-01 2.19505E-02 2.72478E-04 
2.48252E-01 1.88604E-02 3.26819E-04 
2.44950E-01 1.61330E-02 3.97453E-04 
2.41906E-01 1.42638E-02 4.67232E-04 
2.40939E-01 1.37555E-02 4.90755E-04 
2.35889E-01 1.15603E-02 6.27804E-04 
2.30173E-01 9.71426E-03 8.20652E-04 
2.23892E-01 8.17850E-03 1.09864E-03 
2.17153E-01 6.91127E-03 1.51002E-03 
2.10001E-01 5.93491E-03 2.13667E-03 
2.02776E-01 5.10004E-03 3.11976E-03 
1.95341E-01 4.40927E-03 4.71301E-03 
1.87786E-01 3.83369E-03 7.38465E-03 
1.80207E-01 3.34927E-03 1.20259E-02 
1.72722E-01 2.93759E-03 2.03668E-02 
1.65555E-01 2.58635E-03 3.57729E-02 
1.59299E-01 2.29154E-03 6.44770E-02 
1.55625E-01 2.06449E-03 1.16118E-01 
1.58164E-01 1.93658E-03 1.98122E-01 
1.69508E-01 1.91629E-03 2.97506E-01 
1.82737E-01 1.90658E-03 3.75121E-01 
1.87181E-01 1.80080E-03 4.06498E-01 
2.45812E-01 3.78531E-02 1.37347E-04 
2.45300E-01 3.30285E-02 1.57242E-04 
2.42233E-01 2.89802E-02 1.81684E-04 
2.40812E-01 2.49977E-02 2.12068E-04 
2.38622E-01 2.14122E-02 2.50324E-04 
2.35694E-01 1.82286E-02 2.99195E-04 
2.32053E-01 1.54389E-02 3.62579E-04 
2.28761E-01 1.35399E-02 4.25083E-04 
2.27727E-01 1.30255E-02 4.46129E-04 
2.22363E-01 1.08168E-02 5.68506E-04 
2.16372E-01 8.97849E-03 7.40299E-04 
2.09854E-01 7.46647E-03 9.87319E-04 
2.02924E-01 6.23469E-03 1.35182E-03 
1.95671E-01 5.28805E-03 1.90587E-03 
1.88353E-01 4.49866E-03 2.77285E-03 
1.80873E-01 3.85570E-03 4.17363E-03 
1.73322E-01 3.32796E-03 6.51656E-03 
1.65789E-01 2.89007E-03 1.05746E-02 
1.58386E-01 2.52251E-03 1.78454E-02 
1.51320E-01 2.21192E-03 3.12343E-02 
1.45125E-01 1.95306E-03 5.61006E-02 
1.41312E-01 1.75420E-03 1.00673E-01 
1.43145E-01 1.64083E-03 1.71167E-01 
1.52906E-01 1.61917E-03 2.56125E-01 
1.64294E-01 1.60660E-03 3.21804E-01 
1.67733E-01 1.51347E-03 3.47496E-01 
2.34311E-01 3.82749E-02 1.27602E-04 
2.33425E-01 3.31964E-02 1.45565E-04 
2.30363E-01 2.88241E-02 1.67587E-04 
2.28558E-01 2.46735E-02 1.94924E-04 
2.26019E-01 2.09573E-02 2.29262E-04 
2.22744E-01 1.76762E-02 2.73002E-04 
2.18777E-01 1.48203E-02 3.29594E-04 
2.15268E-01 1.28898E-02 3.85292E-04 
2.14174E-01 1.23694E-02 4.04029E-04 
2.08554E-01 1.01459E-02 5.12805E-04 
2.02344E-01 8.31384E-03 6.65086E-04 
1.95658E-01 6.82405E-03 8.83488E-04 
1.88614E-01 5.62563E-03 1.20497E-03 
1.81333E-01 4.70890E-03 1.69249E-03 
1.74001E-01 3.96185E-03 2.45333E-03 
1.66558E-01 3.36292E-03 3.67942E-03 
1.59090E-01 2.87908E-03 5.72401E-03 
1.51681E-01 2.48363E-03 9.25540E-03 
1.44434E-01 2.15610E-03 1.55645E-02 
1.37537E-01 1.88231E-03 2.71448E-02 
1.31473E-01 1.65593E-03 4.85824E-02 
1.27597E-01 1.48253E-03 8.68761E-02 
1.28824E-01 1.38262E-03 1.47187E-01 
1.37153E-01 1.36051E-03 2.19465E-01 
1.46880E-01 1.34626E-03 2.74775E-01 
1.49457E-01 1.26482E-03 2.95663E-01 
2.22518E-01 3.87476E-02 1.18262E-04 
2.21267E-01 3.34087E-02 1.34412E-04 
2.18156E-01 2.87358E-02 1.54160E-04 
2.15973E-01 2.44101E-02 1.78624E-04 
2.13099E-01 2.05605E-02 2.09294E-04 
2.09516E-01 1.71820E-02 2.48259E-04 
2.05262E-01 1.42603E-02 2.98523E-04 
2.01554E-01 1.22985E-02 3.47890E-04 
2.00407E-01 1.17717E-02 3.64478E-04 
1.94575E-01 9.53430E-03 4.60645E-04 
1.88210E-01 7.70923E-03 5.94940E-04 
1.81425E-01 6.24171E-03 7.87048E-04 
1.74337E-01 5.07577E-03 1.06913E-03 
1.67093E-01 4.18951E-03 1.49590E-03 
1.59823E-01 3.48227E-03 2.16018E-03 
1.52489E-01 2.92440E-03 3.22786E-03 
1.45175E-01 2.48117E-03 5.00308E-03 
1.37959E-01 2.12457E-03 8.06061E-03 
1.30935E-01 1.83341E-03 1.35071E-02 
1.24270E-01 1.59293E-03 2.34723E-02 
1.18397E-01 1.39581E-03 4.18599E-02 
1.14525E-01 1.24540E-03 7.45913E-02 
1.15242E-01 1.15791E-03 1.25926E-01 
1.22285E-01 1.13610E-03 1.87099E-01 
1.30521E-01 1.12108E-03 2.33424E-01 
1.32368E-01 1.05037E-03 2.50277E-01 
2.10602E-01 3.92470E-02 1.09382E-04 
2.08965E-01 3.36385E-02 1.23823E-04 
2.05763E-01 2.86853E-02 1.41446E-04 
2.03220E-01 2.41842E-02 1.63230E-04 
2.00012E-01 2.02001E-02 1.90467E-04 
1.96151E-01 1.67267E-02 2.24996E-04 
1.91652E-01 1.37432E-02 2.69427E-04 
1.87780E-01 1.17528E-02 3.12959E-04 
1.86589E-01 1.12205E-02 3.27569E-04 
1.80591E-01 8.97204E-03 4.12133E-04 
1.74123E-01 7.15624E-03 5.29932E-04 
1.67298E-01 5.71219E-03 6.98038E-04 
1.60232E-01 4.57889E-03 9.44223E-04 
1.53086E-01 3.72393E-03 1.31589E-03 
1.45943E-01 3.05476E-03 1.89294E-03 
1.38785E-01 2.53550E-03 2.81771E-03 
1.31690E-01 2.12982E-03 4.35138E-03 
1.24728E-01 1.80883E-03 6.98497E-03 
1.17983E-01 1.55070E-03 1.16617E-02 
1.11604E-01 1.34027E-03 2.01938E-02 
1.05974E-01 1.16941E-03 3.58850E-02 
1.02166E-01 1.03966E-03 6.37166E-02 
1.02463E-01 9.63538E-04 1.07186E-01 
1.08362E-01 9.42589E-04 1.58690E-01 
1.15273E-01 9.27502E-04 1.97277E-01 
1.16511E-01 8.66615E-04 2.10769E-01 
1.98642E-01 3.97474E-02 1.00946E-04 
1.96629E-01 3.38672E-02 1.13795E-04 
1.93292E-01 2.86490E-02 1.29433E-04 
1.90388E-01 2.39721E-02 1.48712E-04 
1.86867E-01 1.98571E-02 1.72760E-04 
1.82742E-01 1.62931E-02 2.03176E-04 
1.78032E-01 1.32532E-02 2.42213E-04 
1.74029E-01 1.12387E-02 2.80373E-04 
1.72807E-01 1.07022E-02 2.93166E-04 
1.66694E-01 8.44791E-03 3.67094E-04 
1.60173E-01 6.64510E-03 4.69807E-04 
1.53357E-01 5.22687E-03 6.16003E-04 
1.46367E-01 4.12724E-03 8.29574E-04 
1.39373E-01 3.30484E-03 1.15132E-03 
1.32419E-01 2.67276E-03 1.64957E-03 
1.25498E-01 2.19018E-03 2.44598E-03 
1.18678E-01 1.81957E-03 3.76297E-03 
1.12024E-01 1.53137E-03 6.01799E-03 
1.05608E-01 1.30334E-03 1.00105E-02 
9.95597E-02 1.12002E-03 1.72719E-02 
9.42180E-02 9.72743E-04 3.05828E-02 
9.05254E-02 8.61520E-04 5.41061E-02 
9.04819E-02 7.95791E-04 9.06936E-02 
9.53686E-02 7.76124E-04 1.33792E-01 
1.01109E-01 7.61511E-04 1.65729E-01 
1.01848E-01 7.09549E-04 1.76430E-01 
1.86861E-01 4.02175E-02 9.30453E-05 
1.84499E-01 3.40711E-02 1.04436E-04 
1.81003E-01 2.86065E-02 1.18250E-04 
1.77761E-01 2.37597E-02 1.35238E-04 
1.73933E-01 1.95194E-02 1.56357E-04 
1.69566E-01 1.58719E-02 1.83012E-04 
1.64673E-01 1.27834E-02 2.17138E-04 
1.60565E-01 1.07504E-02 2.50423E-04 
1.59319E-01 1.02113E-02 2.61571E-04 
1.53136E-01 7.95807E-03 3.25884E-04 
1.46613E-01 6.17348E-03 4.15012E-04 
1.39864E-01 4.78447E-03 5.41558E-04 
1.33001E-01 3.72005E-03 7.25966E-04 
1.26204E-01 2.93125E-03 1.00317E-03 
1.19487E-01 2.33515E-03 1.43137E-03 
1.12848E-01 1.88732E-03 2.11402E-03 
1.06348E-01 1.54930E-03 3.23975E-03 
1.00041E-01 1.29103E-03 5.16183E-03 
9.39898E-02 1.09010E-03 8.55517E-03 
8.83065E-02 9.30951E-04 1.47068E-02 
8.32851E-02 8.04573E-04 2.59467E-02 
7.97498E-02 7.09709E-04 4.57409E-02 
7.94421E-02 6.53313E-04 7.63968E-02 
8.34503E-02 6.35204E-04 1.12298E-01 
8.81742E-02 6.21451E-04 1.38608E-01 
8.85165E-02 5.77451E-04 1.47029E-01 
1.75160E-01 4.06462E-02 8.55502E-05 
1.72466E-01 3.42359E-02 9.55855E-05 
1.68783E-01 2.85370E-02 1.07702E-04 
1.65233E-01 2.35275E-02 1.22571E-04 
1.61126E-01 1.91696E-02 1.40984E-04 
1.56522E-01 1.54454E-02 1.64149E-04 
1.51463E-01 1.23163E-02 1.93747E-04 
1.47271E-01 1.02713E-02 2.22549E-04 
1.46009E-01 9.73130E-03 2.32185E-04 
1.39782E-01 7.48631E-03 2.87675E-04 
1.33296E-01 5.72628E-03 3.64399E-04 
1.26661E-01 4.37126E-03 4.73083E-04 
1.19980E-01 3.34505E-03 6.31086E-04 
1.13431E-01 2.59196E-03 8.68118E-04 
1.07001E-01 2.03191E-03 1.23335E-03 
1.00690E-01 1.61783E-03 1.81402E-03 
9.45512E-02 1.31067E-03 2.76892E-03 
8.86301E-02 1.08020E-03 4.39470E-03 
8.29774E-02 9.04056E-04 7.25613E-03 
7.76886E-02 7.66769E-04 1.24278E-02 
7.30166E-02 6.59116E-04 2.18456E-02 
6.96751E-02 5.78901E-04 3.83703E-02 
6.91670E-02 5.30976E-04 6.38533E-02 
7.24073E-02 5.14616E-04 9.35189E-02 
7.62425E-02 5.01999E-04 1.15008E-01 
7.62730E-02 4.65170E-04 1.21553E-01 
1.63739E-01 4.10119E-02 7.85340E-05 
1.60721E-01 3.43425E-02 8.73200E-05 
1.56869E-01 2.84298E-02 9.78985E-05 
1.53005E-01 2.32626E-02 1.10810E-04 
1.48644E-01 1.87981E-02 1.26756E-04 
1.43838E-01 1.50091E-02 1.46757E-04 
1.38643E-01 1.18496E-02 1.72244E-04 
1.34396E-01 9.80036E-03 1.97005E-04 
1.33121E-01 9.26135E-03 2.05273E-04 
1.26884E-01 7.03327E-03 2.52813E-04 
1.20470E-01 5.30430E-03 3.18391E-04 
1.13985E-01 3.98770E-03 4.11079E-04 
1.07525E-01 3.00231E-03 5.45536E-04 
1.01258E-01 2.28654E-03 7.46837E-04 
9.51502E-02 1.76239E-03 1.05625E-03 
8.92022E-02 1.38091E-03 1.54693E-03 
8.34562E-02 1.10281E-03 2.35160E-03 
7.79470E-02 8.97956E-04 3.71764E-03 
7.27152E-02 7.44255E-04 6.11460E-03 
6.78391E-02 6.26459E-04 1.04334E-02 
6.35347E-02 5.35361E-04 1.82720E-02 
6.04143E-02 4.68048E-04 3.19747E-02 
5.97643E-02 4.27680E-04 5.30147E-02 
6.23469E-02 4.13156E-04 7.73595E-02 
6.54203E-02 4.01842E-04 9.47852E-02 
6.52167E-02 3.71351E-04 9.98118E-02 
1.52691E-01 4.13062E-02 7.19972E-05 
1.49349E-01 3.43804E-02 7.96311E-05 
1.45309E-01 2.82678E-02 8.87984E-05 
1.41190E-01 2.29594E-02 9.99499E-05 
1.36591E-01 1.83987E-02 1.13652E-04 
1.31600E-01 1.45556E-02 1.30780E-04 
1.26286E-01 1.13766E-02 1.52549E-04 
1.22003E-01 9.33107E-03 1.73666E-04 
1.20727E-01 8.79555E-03 1.80712E-04 
1.14530E-01 6.59462E-03 2.21152E-04 
1.08222E-01 4.90364E-03 2.76786E-04 
1.01915E-01 3.63007E-03 3.55233E-04 
9.57025E-02 2.68818E-03 4.68779E-04 
8.97437E-02 2.01131E-03 6.38477E-04 
8.39874E-02 1.52300E-03 8.98714E-04 
7.84281E-02 1.17313E-03 1.31032E-03 
7.30964E-02 9.22437E-04 1.98355E-03 
6.80170E-02 7.41167E-04 3.12309E-03 
6.32193E-02 6.07724E-04 5.11676E-03 
5.87670E-02 5.07282E-04 8.69721E-03 
5.48407E-02 4.30754E-04 1.51738E-02 
5.19613E-02 3.74735E-04 2.64543E-02 
5.12201E-02 3.41064E-04 4.36982E-02 
5.32453E-02 3.28389E-04 6.35274E-02 
5.56731E-02 3.18467E-04 7.75486E-02 
5.53018E-02 2.93525E-04 8.13570E-02 
1.42067E-01 4.15190E-02 6.59246E-05 
1.38417E-01 3.43442E-02 7.25068E-05 
1.34188E-01 2.80449E-02 8.03887E-05 
1.29830E-01 2.26073E-02 8.99418E-05 
1.25019E-01 1.79630E-02 1.01614E-04 
1.19873E-01 1.40792E-02 1.16156E-04 
1.14472E-01 1.08938E-02 1.34595E-04 
1.10162E-01 8.85965E-03 1.52434E-04 
1.08886E-01 8.32955E-03 1.58379E-04 
1.02739E-01 6.16421E-03 1.92454E-04 
9.65797E-02 4.51950E-03 2.39266E-04 
9.05023E-02 3.29495E-03 3.05167E-04 
8.45772E-02 2.39982E-03 4.00334E-04 
7.89514E-02 1.76339E-03 5.42289E-04 
7.35638E-02 1.31080E-03 7.59456E-04 
6.84069E-02 9.91493E-04 1.10204E-03 
6.35004E-02 7.66587E-04 1.66085E-03 
5.88585E-02 6.07002E-04 2.60404E-03 
5.45000E-02 4.91808E-04 4.24916E-03 
5.04736E-02 4.06732E-04 7.19432E-03 
4.69286E-02 3.42955E-04 1.25036E-02 
4.43028E-02 2.96769E-04 2.17161E-02 
4.35135E-02 2.68984E-04 3.57359E-02 
4.50724E-02 2.58114E-04 5.17559E-02 
4.69587E-02 2.49605E-04 6.29409E-02 
4.64763E-02 2.29480E-04 6.57826E-02 
1.31912E-01 4.16447E-02 6.03014E-05 
1.27984E-01 3.42315E-02 6.59324E-05 
1.23555E-01 2.77563E-02 7.26435E-05 
1.18985E-01 2.22031E-02 8.07546E-05 
1.14005E-01 1.74916E-02 9.06157E-05 
1.08734E-01 1.35812E-02 1.02850E-04 
1.03263E-01 1.04001E-02 1.18310E-04 
9.89475E-02 8.38527E-03 1.33234E-04 
9.76801E-02 7.86310E-03 1.38206E-04 
9.16323E-02 5.74415E-03 1.66682E-04 
8.56421E-02 4.15210E-03 2.05714E-04 
7.97971E-02 2.98015E-03 2.60533E-04 
7.41721E-02 2.13413E-03 3.39563E-04 
6.88977E-02 1.53954E-03 4.57280E-04 
6.38979E-02 1.12274E-03 6.36978E-04 
5.91570E-02 8.33107E-04 9.19742E-04 
5.46836E-02 6.32542E-04 1.37971E-03 
5.04825E-02 4.92887E-04 2.15387E-03 
4.65625E-02 3.94099E-04 3.50006E-03 
4.29581E-02 3.22567E-04 5.90235E-03 
3.97911E-02 2.69882E-04 1.02181E-02 
3.74253E-02 2.32193E-04 1.76779E-02 
3.66236E-02 2.09536E-04 2.89788E-02 
3.77978E-02 2.00385E-04 4.18087E-02 
3.92360E-02 1.93251E-04 5.06490E-02 
3.86896E-02 1.77272E-04 5.27327E-02 
1.22258E-01 4.16784E-02 5.51075E-05 
1.18075E-01 3.40375E-02 5.98789E-05 
1.13453E-01 2.73986E-02 6.55329E-05 
1.08686E-01 2.17423E-02 7.23415E-05 
1.03574E-01 1.69805E-02 8.05907E-05 
9.81983E-02 1.30556E-02 9.07619E-05 
9.26894E-02 9.89222E-03 1.03580E-04 
8.83967E-02 7.90663E-03 1.15940E-04 
8.71419E-02 7.39449E-03 1.20052E-04 
8.12111E-02 5.33056E-03 1.43589E-04 
7.54146E-02 3.79805E-03 1.75797E-04 
6.98320E-02 2.68368E-03 2.20961E-04 
6.45263E-02 1.88927E-03 2.85961E-04 
5.96150E-02 1.33758E-03 3.82660E-04 
5.50116E-02 9.56362E-04 5.29971E-04 
5.06909E-02 6.95435E-04 7.61229E-04 
4.66511E-02 5.17787E-04 1.13642E-03 
4.28866E-02 3.96409E-04 1.76608E-03 
3.93967E-02 3.12294E-04 2.85767E-03 
3.62048E-02 2.52666E-04 4.79922E-03 
3.34066E-02 2.09574E-04 8.27502E-03 
3.13011E-02 1.79172E-04 1.42599E-02 
3.05160E-02 1.60948E-04 2.32842E-02 
3.13776E-02 1.53398E-04 3.34613E-02 
3.24506E-02 1.47569E-04 4.03782E-02 
3.18780E-02 1.35123E-04 4.18751E-02 
1.13098E-01 4.16109E-02 5.03121E-05 
1.08699E-01 3.37586E-02 5.43150E-05 
1.03912E-01 2.69736E-02 5.90274E-05 
9.89744E-02 2.12279E-02 6.46726E-05 
9.37540E-02 1.64300E-02 7.14857E-05 
8.83107E-02 1.25060E-02 7.98380E-05 
8.27903E-02 9.37237E-03 9.03314E-05 
7.85372E-02 7.42378E-03 1.00436E-04 
7.73024E-02 6.92399E-03 1.03796E-04 
7.15094E-02 4.92364E-03 1.23010E-04 
6.59236E-02 3.45675E-03 1.49273E-04 
6.06247E-02 2.40406E-03 1.86077E-04 
5.56603E-02 1.66356E-03 2.38992E-04 
5.11227E-02 1.15557E-03 3.17633E-04 
4.69173E-02 8.09508E-04 4.37189E-04 
4.30143E-02 5.76230E-04 6.24433E-04 
3.94004E-02 4.20063E-04 9.27439E-04 
3.60611E-02 3.15378E-04 1.43450E-03 
3.29875E-02 2.44353E-04 2.31086E-03 
3.01918E-02 1.95107E-04 3.86447E-03 
2.77480E-02 1.60256E-04 6.63590E-03 
2.58980E-02 1.36059E-04 1.13891E-02 
2.51517E-02 1.21631E-04 1.85219E-02 
2.57641E-02 1.15547E-04 2.65111E-02 
2.65440E-02 1.10926E-04 3.18634E-02 
2.59750E-02 1.01460E-04 3.29127E-02 
1.04463E-01 4.14477E-02 4.59022E-05 
9.98854E-02 3.34006E-02 4.92215E-05 
9.49488E-02 2.64828E-02 5.30920E-05 
8.98680E-02 2.06621E-02 5.77032E-05 
8.45549E-02 1.58406E-02 6.32392E-05 
7.90877E-02 1.19337E-02 7.00047E-05 
7.35892E-02 8.84244E-03 7.84697E-05 
6.93905E-02 6.93816E-03 8.66060E-05 
6.81787E-02 6.45258E-03 8.93098E-05 
6.25507E-02 4.52417E-03 1.04784E-04 
5.72073E-02 3.12904E-03 1.25942E-04 
5.22096E-02 2.14134E-03 1.55582E-04 
4.75865E-02 1.45584E-03 1.98141E-04 
4.34179E-02 9.91632E-04 2.61344E-04 
3.96081E-02 6.80128E-04 3.57297E-04 
3.61152E-02 4.73353E-04 5.07256E-04 
3.29155E-02 3.37262E-04 7.49313E-04 
2.99859E-02 2.47774E-04 1.15325E-03 
2.73103E-02 1.88375E-04 1.84924E-03 
2.48904E-02 1.48140E-04 3.07893E-03 
2.27824E-02 1.20321E-04 5.26467E-03 
2.11784E-02 1.01364E-04 8.99803E-03 
2.04874E-02 9.01580E-05 1.45732E-02 
2.09050E-02 8.53924E-05 2.07737E-02 
2.14541E-02 8.18723E-05 2.48654E-02 
2.09110E-02 7.48944E-05 2.55790E-02 
9.63417E-02 4.11915E-02 4.18484E-05 
9.15960E-02 3.29582E-02 4.45501E-05 
8.65475E-02 2.59274E-02 4.76788E-05 
8.13524E-02 2.00462E-02 5.13752E-05 
7.59824E-02 1.52169E-02 5.57920E-05 
7.05099E-02 1.13392E-02 6.11629E-05 
6.50643E-02 8.30261E-03 6.78665E-05 
6.09467E-02 6.45084E-03 7.43061E-05 
5.97654E-02 5.98153E-03 7.64463E-05 
5.43190E-02 4.13203E-03 8.86922E-05 
4.92355E-02 2.81364E-03 1.05476E-04 
4.45476E-02 1.89354E-03 1.28993E-04 
4.02773E-02 1.26432E-03 1.62766E-04 
3.64821E-02 8.44027E-04 2.12918E-04 
3.30608E-02 5.66263E-04 2.88946E-04 
2.99655E-02 3.84765E-04 4.07544E-04 
2.71638E-02 2.67364E-04 5.98529E-04 
2.46241E-02 1.91668E-04 9.16357E-04 
2.23237E-02 1.42549E-04 1.46229E-03 
2.02566E-02 1.10113E-04 2.42354E-03 
1.84627E-02 8.82624E-05 4.12583E-03 
1.70920E-02 7.37029E-05 7.02139E-03 
1.64676E-02 6.52123E-05 1.13236E-02 
1.67364E-02 6.16190E-05 1.60731E-02 
1.71070E-02 5.90830E-05 1.91574E-02 
1.66060E-02 5.41676E-05 1.96242E-02 
8.87863E-02 4.08427E-02 3.81565E-05 
8.38992E-02 3.24395E-02 4.03127E-05 
7.87678E-02 2.53138E-02 4.27931E-05 
7.34938E-02 1.93896E-02 4.56940E-05 
6.80853E-02 1.45647E-02 4.91332E-05 
6.26457E-02 1.07314E-02 5.33101E-05 
5.72779E-02 7.75990E-03 5.85059E-05 
5.32604E-02 5.96730E-03 6.35011E-05 
5.21155E-02 5.51604E-03 6.51638E-05 
4.68798E-02 3.75231E-03 7.46915E-05 
4.20624E-02 2.51359E-03 8.77832E-05 
3.76914E-02 1.66258E-03 1.06172E-04 
3.37749E-02 1.08970E-03 1.32618E-04 
3.03467E-02 7.12509E-04 1.71920E-04 
2.73037E-02 4.67201E-04 2.31462E-04 
2.45893E-02 3.09475E-04 3.24191E-04 
2.21621E-02 2.09209E-04 4.73183E-04 
1.99851E-02 1.45842E-04 7.20439E-04 
1.80308E-02 1.05688E-04 1.14385E-03 
1.62868E-02 7.98913E-05 1.88677E-03 
1.47798E-02 6.30247E-05 3.19749E-03 
1.36246E-02 5.20936E-05 5.41752E-03 
1.30727E-02 4.58517E-05 8.69883E-03 
1.32320E-02 4.32784E-05 1.22938E-02 
1.34691E-02 4.16051E-05 1.45890E-02 
1.30197E-02 3.83665E-05 1.48798E-02 
8.16834E-02 4.04010E-02 3.47544E-05 
7.66869E-02 3.18437E-02 3.64271E-05 
7.14871E-02 2.46364E-02 3.83301E-05 
6.61758E-02 1.86884E-02 4.05388E-05 
6.07627E-02 1.38834E-02 4.31288E-05 
5.53770E-02 1.01060E-02 4.62678E-05 
5.01233E-02 7.21191E-03 5.01766E-05 
4.62209E-02 5.48461E-03 5.39347E-05 
4.51159E-02 5.05288E-03 5.51889E-05 
4.01188E-02 3.38162E-03 6.24215E-05 
3.55855E-02 2.22622E-03 7.24063E-05 
3.15358E-02 1.44555E-03 8.64836E-05 
2.79721E-02 9.29002E-04 1.06800E-04 
2.49099E-02 5.94343E-04 1.37090E-04 
2.22338E-02 3.80312E-04 1.82965E-04 
1.98816E-02 2.44967E-04 2.54305E-04 
1.78064E-02 1.60481E-04 3.68683E-04 
1.59668E-02 1.08204E-04 5.57990E-04 
1.43312E-02 7.59110E-05 8.81129E-04 
1.28832E-02 5.58077E-05 1.44619E-03 
1.16378E-02 4.31263E-05 2.43916E-03 
1.06809E-02 3.52043E-05 4.11356E-03 
1.02042E-02 3.08327E-05 6.57491E-03 
1.02847E-02 2.91493E-05 9.24977E-03 
1.04240E-02 2.82358E-05 1.09268E-02 
1.00315E-02 2.63638E-05 1.10936E-02 
7.50696E-02 3.98714E-02 3.16455E-05 
7.00019E-02 3.11811E-02 3.28977E-05 
6.47560E-02 2.39077E-02 3.42958E-05 
5.94375E-02 1.79525E-02 3.59063E-05 
5.40527E-02 1.31826E-02 3.77697E-05 
4.87475E-02 9.47285E-03 4.00253E-05 
4.36340E-02 6.66605E-03 4.28496E-05 
3.98727E-02 5.01046E-03 4.55808E-05 
3.88145E-02 4.59975E-03 4.64969E-05 
3.40646E-02 3.02450E-03 5.18108E-05 
2.98287E-02 1.95454E-03 5.92328E-05 
2.61138E-02 1.24478E-03 6.97927E-05 
2.29003E-02 7.83525E-04 8.51114E-05 
2.01844E-02 4.89582E-04 1.08029E-04 
1.78538E-02 3.05033E-04 1.42774E-04 
1.58392E-02 1.90401E-04 1.96770E-04 
1.40885E-02 1.20218E-04 2.83186E-04 
1.25564E-02 7.77591E-05 4.25851E-04 
1.12086E-02 5.22635E-05 6.68586E-04 
1.00255E-02 3.69653E-05 1.09157E-03 
9.01317E-03 2.77460E-05 1.83184E-03 
8.23421E-03 2.22799E-05 3.07433E-03 
7.83153E-03 1.94404E-05 4.89027E-03 
7.85829E-03 1.85214E-05 6.84683E-03 
7.92866E-03 1.82641E-05 8.04943E-03 
7.59435E-03 1.74909E-05 8.13300E-03 
6.89078E-02 3.92494E-02 2.88008E-05 
6.38030E-02 3.04503E-02 2.96878E-05 
5.85458E-02 2.31315E-02 3.06519E-05 
5.32458E-02 1.71851E-02 3.17470E-05 
4.79240E-02 1.24663E-02 3.29958E-05 
4.27259E-02 8.83595E-03 3.45067E-05 
3.77763E-02 6.12535E-03 3.64263E-05 
3.41743E-02 4.54674E-03 3.83090E-05 
3.31674E-02 4.15821E-03 3.89467E-05 
2.86851E-02 2.68284E-03 4.26922E-05 
2.47565E-02 1.69946E-03 4.80285E-05 
2.13748E-02 1.05987E-03 5.57352E-05 
1.85038E-02 6.52306E-04 6.70190E-05 
1.61216E-02 3.97173E-04 8.40105E-05 
1.41165E-02 2.40180E-04 1.09834E-04 
1.24143E-02 1.44529E-04 1.49966E-04 
1.09589E-02 8.71707E-05 2.14108E-04 
9.70304E-03 5.33242E-05 3.19738E-04 
8.61120E-03 3.36579E-05 4.98919E-04 
7.66100E-03 2.23810E-05 8.09921E-04 
6.85310E-03 1.60045E-05 1.35194E-03 
6.23077E-03 1.25277E-05 2.25720E-03 
5.89830E-03 1.09350E-05 3.57213E-03 
5.89061E-03 1.06692E-05 4.97572E-03 
5.91445E-03 1.09768E-05 5.81966E-03 
5.63641E-03 1.10815E-05 5.84972E-03 
6.31729E-02 3.85347E-02 2.61981E-05 
5.80677E-02 2.96552E-02 2.67722E-05 
5.28282E-02 2.23114E-02 2.73636E-05 
4.75755E-02 1.63916E-02 2.80205E-05 
4.23485E-02 1.17397E-02 2.87544E-05 
3.72857E-02 8.20048E-03 2.96471E-05 
3.25207E-02 5.59390E-03 3.08210E-05 
2.90950E-02 4.09687E-03 3.20147E-05 
2.81427E-02 3.73134E-03 3.24261E-05 
2.39458E-02 2.35871E-03 3.49106E-05 
2.03308E-02 1.46198E-03 3.85781E-05 
1.72803E-02 8.91075E-04 4.40137E-05 
1.47413E-02 5.34983E-04 5.20982E-05 
1.26767E-02 3.16378E-04 6.44056E-05 
1.09737E-02 1.84777E-04 8.31900E-05 
9.55629E-03 1.06264E-04 1.12417E-04 
8.36569E-03 6.02567E-05 1.59089E-04 
7.35395E-03 3.38756E-05 2.35773E-04 
6.48558E-03 1.91529E-05 3.65442E-04 
5.73709E-03 1.12165E-05 5.89595E-04 
5.10502E-03 7.15574E-06 9.78496E-04 
4.61793E-03 5.28009E-06 1.62455E-03 
4.34972E-03 4.69730E-06 2.55665E-03 
4.32185E-03 4.98863E-06 3.54132E-03 
4.31601E-03 5.78229E-06 4.11863E-03 
4.08991E-03 6.58547E-06 4.11634E-03 
5.78367E-02 3.77271E-02 2.38157E-05 
5.27579E-02 2.87931E-02 2.41205E-05 
4.75720E-02 2.14509E-02 2.43980E-05 
4.23949E-02 1.55760E-02 2.46859E-05 
3.72917E-02 1.10069E-02 2.49934E-05 
3.23921E-02 7.57070E-03 2.53810E-05 
2.78341E-02 5.07582E-03 2.59526E-05 
2.45978E-02 3.66392E-03 2.65953E-05 
2.37043E-02 3.32221E-03 2.68276E-05 
1.98051E-02 2.05379E-03 2.83162E-05 
1.65081E-02 1.24298E-03 3.06762E-05 
1.37832E-02 7.38525E-04 3.43395E-05 
1.15659E-02 4.31268E-04 3.99455E-05 
9.79880E-03 2.46465E-04 4.86182E-05 
8.37310E-03 1.37900E-04 6.19530E-05 
7.21130E-03 7.46244E-05 8.27552E-05 
6.25408E-03 3.85181E-05 1.15963E-04 
5.45431E-03 1.85234E-05 1.70413E-04 
4.77739E-03 7.94629E-06 2.62173E-04 
4.20030E-03 2.75981E-06 4.20128E-04 
3.71648E-03 5.72069E-07 6.92795E-04 
3.34364E-03 -2.15357E-08 1.14304E-03 
3.13230E-03 2.12033E-07 1.78763E-03 
3.09426E-03 9.79780E-07 2.46042E-03 
3.07079E-03 2.19334E-06 2.84308E-03 
2.89076E-03 3.55241E-06 2.82295E-03 
5.28646E-02 3.68191E-02 2.16316E-05 
4.78411E-02 2.78616E-02 2.17071E-05 
4.27451E-02 2.05515E-02 2.17245E-05 
3.76759E-02 1.47433E-02 2.17081E-05 
3.27209E-02 1.02723E-02 2.16662E-05 
2.80114E-02 6.95096E-03 2.16500E-05 
2.36799E-02 4.57460E-03 2.17445E-05 
2.06447E-02 3.25076E-03 2.19570E-05 
1.98137E-02 2.93350E-03 2.20511E-05 
1.62221E-02 1.76993E-03 2.27742E-05 
1.32445E-02 1.04332E-03 2.41365E-05 
1.08374E-02 6.02384E-04 2.64530E-05 
8.92367E-03 3.40615E-04 3.01741E-05 
7.43254E-03 1.86646E-04 3.60890E-05 
6.25857E-03 9.86756E-05 4.52972E-05 
5.32355E-03 4.87399E-05 5.97315E-05 
4.56897E-03 2.11291E-05 8.27841E-05 
3.94983E-03 6.51365E-06 1.20503E-04 
3.43349E-03 -6.32649E-07 1.83819E-04 
2.99884E-03 -3.57835E-06 2.92321E-04 
2.63713E-03 -4.26159E-06 4.78495E-04 
2.35844E-03 -3.83232E-06 7.83726E-04 
2.19569E-03 -2.93821E-06 1.21665E-03 
2.15398E-03 -1.76052E-06 1.66182E-03 
2.12103E-03 -1.81372E-07 1.90525E-03 
1.98021E-03 1.62151E-06 1.87668E-03 
4.81970E-02 3.57904E-02 1.96145E-05 
4.32684E-02 2.68532E-02 1.95003E-05 
3.82941E-02 1.96075E-02 1.93036E-05 
3.33666E-02 1.38917E-02 1.90405E-05 
2.85885E-02 9.53683E-03 1.87197E-05 
2.40945E-02 6.34288E-03 1.83873E-05 
2.00086E-02 4.09201E-03 1.81139E-05 
1.71851E-02 2.85876E-03 1.79998E-05 
1.64186E-02 2.56630E-03 1.79895E-05 
1.31419E-02 1.50756E-03 1.81407E-05 
1.04832E-02 8.62935E-04 1.87658E-05 
8.38352E-03 4.82140E-04 2.00873E-05 
6.75676E-03 2.62365E-04 2.24190E-05 
5.51986E-03 1.36130E-04 2.62980E-05 
4.57016E-03 6.62330E-05 3.24489E-05 
3.83227E-03 2.77641E-05 4.21656E-05 
3.25023E-03 7.32421E-06 5.77081E-05 
2.78210E-03 -2.82428E-06 8.30838E-05 
2.39786E-03 -7.16208E-06 1.25475E-04 
2.07896E-03 -8.29603E-06 1.97722E-04 
1.81560E-03 -7.77377E-06 3.20744E-04 
1.61258E-03 -6.52703E-06 5.20579E-04 
1.48995E-03 -5.09427E-06 8.00535E-04 
1.44831E-03 -3.55922E-06 1.08261E-03 
1.41093E-03 -1.65722E-06 1.22831E-03 
1.30214E-03 5.03276E-07 1.19692E-03 
4.38126E-02 3.46211E-02 1.77510E-05 
3.90223E-02 2.57605E-02 1.74861E-05 
3.42030E-02 1.86180E-02 1.71182E-05 
2.94528E-02 1.30255E-02 1.66631E-05 
2.48794E-02 8.80629E-03 1.61277E-05 
2.06244E-02 5.75234E-03 1.55581E-05 
1.68022E-02 3.63346E-03 1.50149E-05 
1.41973E-02 2.49231E-03 1.46644E-05 
1.34966E-02 2.22468E-03 1.45794E-05 
1.05384E-02 1.26942E-03 1.43269E-05 
8.19086E-03 7.03134E-04 1.44321E-05 
6.38404E-03 3.78235E-04 1.50537E-05 
5.02175E-03 1.96316E-04 1.64010E-05 
4.01298E-03 9.43931E-05 1.88293E-05 
3.25989E-03 3.99896E-05 2.27994E-05 
2.68967E-03 1.11218E-05 2.91418E-05 
2.25053E-03 -3.43140E-06 3.93091E-05 
1.90471E-03 -9.96657E-06 5.58597E-05 
1.62573E-03 -1.20552E-05 8.33322E-05 
1.39755E-03 -1.17494E-05 1.29787E-04 
1.21057E-03 -1.02720E-05 2.08052E-04 
1.06614E-03 -8.37544E-06 3.33515E-04 
9.75097E-04 -6.50305E-06 5.06094E-04 
9.35142E-04 -4.65533E-06 6.74598E-04 
8.95980E-04 -2.46782E-06 7.53532E-04 
8.12122E-04 -1.88181E-08 7.22425E-04 
3.96348E-02 3.32674E-02 1.60057E-05 
3.50293E-02 2.45550E-02 1.56251E-05 
3.04058E-02 1.75669E-02 1.51266E-05 
2.58728E-02 1.21362E-02 1.45291E-05 
2.15365E-02 8.07742E-03 1.38371E-05 
1.75438E-02 5.17794E-03 1.30983E-05 
1.40032E-02 3.19847E-03 1.23689E-05 
1.16246E-02 2.15121E-03 1.18584E-05 
1.09910E-02 1.90847E-03 1.17234E-05 
8.35074E-03 1.05484E-03 1.12025E-05 
6.30629E-03 5.63095E-04 1.09640E-05 
4.77593E-03 2.89659E-04 1.11188E-05 
3.65578E-03 1.41475E-04 1.18007E-05 
2.84922E-03 6.05252E-05 1.32331E-05 
2.26477E-03 1.91136E-05 1.56907E-05 
1.83416E-03 -1.89307E-06 1.96811E-05 
1.51080E-03 -1.17108E-05 2.60934E-05 
1.26174E-03 -1.53750E-05 3.64782E-05 
1.06455E-03 -1.56868E-05 5.35523E-05 
9.05411E-04 -1.42468E-05 8.20376E-05 
7.76071E-04 -1.20146E-05 1.29230E-04 
6.75533E-04 -9.60015E-06 2.03243E-04 
6.08315E-04 -7.36618E-06 3.01881E-04 
5.70265E-04 -5.24298E-06 3.92733E-04 
5.30404E-04 -2.80201E-06 4.26871E-04 
4.65012E-04 -1.20444E-07 3.97326E-04 
3.55976E-02 3.16729E-02 1.43490E-05 
3.12248E-02 2.31971E-02 1.38845E-05 
2.68476E-02 1.64325E-02 1.32954E-05 
2.25746E-02 1.12118E-02 1.26010E-05 
1.85133E-02 7.34563E-03 1.18064E-05 
1.48100E-02 4.61879E-03 1.09599E-05 
1.15696E-02 2.78752E-03 1.01173E-05 
9.42390E-03 1.83602E-03 9.51110E-06 
8.85802E-03 1.61815E-03 9.34650E-06 
6.53376E-03 8.63967E-04 8.66914E-06 
4.78100E-03 4.42455E-04 8.22747E-06 
3.50769E-03 2.15723E-04 8.09691E-06 
2.60511E-03 9.70310E-05 8.35768E-06 
1.97421E-03 3.37607E-05 9.14023E-06 
1.53120E-03 2.96755E-06 1.05922E-05 
1.21376E-03 -1.17837E-05 1.30012E-05 
9.81274E-04 -1.79058E-05 1.68723E-05 
8.06118E-04 -1.93522E-05 2.30744E-05 
6.70030E-04 -1.82957E-05 3.30924E-05 
5.61651E-04 -1.59796E-05 4.94039E-05 
4.74111E-04 -1.31618E-05 7.55859E-05 
4.05117E-04 -1.03418E-05 1.14904E-04 
3.54900E-04 -7.81510E-06 1.63865E-04 
3.18164E-04 -5.45427E-06 2.02856E-04 
2.77741E-04 -2.79491E-06 2.07598E-04 
2.25282E-04 6.66347E-08 1.79926E-04 
3.16135E-02 2.97508E-02 1.27436E-05 
2.75290E-02 2.16266E-02 1.22259E-05 
2.34587E-02 1.51788E-02 1.15857E-05 
1.94963E-02 1.02314E-02 1.08376E-05 
1.57549E-02 6.60054E-03 9.99123E-06 
1.23742E-02 4.07062E-03 9.09409E-06 
9.45517E-03 2.39910E-03 8.20242E-06 
7.55013E-03 1.54614E-03 7.55568E-06 
7.05295E-03 1.35325E-03 7.37869E-06 
5.04077E-03 6.96241E-04 6.63432E-06 
3.56588E-03 3.40426E-04 6.09813E-06 
2.52837E-03 1.55521E-04 5.81900E-06 
1.81752E-03 6.21132E-05 5.83836E-06 
1.33557E-03 1.33933E-05 6.22317E-06 
1.00787E-03 -8.97927E-06 7.03645E-06 
7.79207E-04 -1.89187E-05 8.42015E-06 
6.15590E-04 -2.22601E-05 1.06263E-05 
4.94795E-04 -2.20593E-05 1.40748E-05 
4.02539E-04 -1.99928E-05 1.94391E-05 
3.29932E-04 -1.70325E-05 2.77261E-05 
2.71391E-04 -1.37864E-05 4.00731E-05 
2.24074E-04 -1.06702E-05 5.66076E-05 
1.85290E-04 -7.92417E-06 7.30389E-05 
1.49088E-04 -5.37513E-06 7.82773E-05 
1.07901E-04 -2.54677E-06 6.42097E-05 
6.41163E-05 4.33522E-07 3.83785E-05 
2.75867E-02 2.73903E-02 1.11484E-05 
2.38565E-02 1.97687E-02 1.06083E-05 
2.01563E-02 1.37531E-02 9.95305E-06 
1.65655E-02 9.16330E-03 9.19388E-06 
1.31982E-02 5.82474E-03 8.34467E-06 
1.01811E-02 3.52483E-03 7.45033E-06 
7.60952E-03 2.02912E-03 6.56674E-06 
5.95557E-03 1.27930E-03 5.92708E-06 
5.52833E-03 1.11181E-03 5.75195E-06 
3.82514E-03 5.50415E-04 5.01246E-06 
2.61298E-03 2.55871E-04 4.46287E-06 
1.78867E-03 1.08017E-04 4.13290E-06 
1.24334E-03 3.58920E-05 4.03611E-06 
8.84434E-04 -1.12019E-06 4.19716E-06 
6.47783E-04 -1.70324E-05 4.62525E-06 
4.86268E-04 -2.34223E-05 5.36903E-06 
3.72789E-04 -2.47805E-05 6.51973E-06 
2.90311E-04 -2.34440E-05 8.21169E-06 
2.28175E-04 -2.07080E-05 1.06033E-05 
1.79695E-04 -1.73424E-05 1.37727E-05 
1.40427E-04 -1.38452E-05 1.73189E-05 
1.07393E-04 -1.05676E-05 1.94351E-05 
7.60009E-05 -7.70341E-06 1.54133E-05 
4.00036E-05 -5.04754E-06 -3.12035E-07 
-1.70479E-06 -2.13466E-06 -2.56406E-05 
-3.96128E-05 8.73669E-07 -4.96062E-05 
2.34502E-02 2.44981E-02 9.53247E-06 
2.01379E-02 1.75532E-02 8.99701E-06 
1.68671E-02 1.21019E-02 8.35740E-06 
1.37127E-02 7.97231E-03 7.62657E-06 
1.07775E-02 4.99613E-03 6.81948E-06 
8.17184E-03 2.96915E-03 5.97756E-06 
5.97980E-03 1.67120E-03 5.15398E-06 
4.59052E-03 1.03164E-03 4.56246E-06 
4.23516E-03 8.90421E-04 4.40103E-06 
2.83982E-03 4.24461E-04 3.72305E-06 
1.87547E-03 1.87330E-04 3.21824E-06 
1.24137E-03 7.21415E-05 2.90180E-06 
8.35976E-04 1.77133E-05 2.76885E-06 
5.76041E-04 -9.96928E-06 2.81741E-06 
4.09030E-04 -2.10752E-05 3.02578E-06 
2.96651E-04 -2.49896E-05 3.38782E-06 
2.18453E-04 -2.50801E-05 3.89967E-06 
1.62081E-04 -2.31103E-05 4.52818E-06 
1.19978E-04 -2.00839E-05 5.13354E-06 
8.72887E-05 -1.66174E-05 5.26462E-06 
6.05458E-05 -1.31211E-05 3.66970E-06 
3.67959E-05 -9.89055E-06 -2.47715E-06 
1.05762E-05 -7.07829E-06 -1.78827E-05 
-2.42989E-05 -4.46659E-06 -4.47015E-05 
-6.49564E-05 -1.62757E-06 -7.50854E-05 
-9.80447E-05 1.25208E-06 -9.66921E-05 
1.92460E-02 2.10980E-02 7.90252E-06 
1.63874E-02 1.49827E-02 7.38898E-06 
1.35880E-02 1.02209E-02 6.78833E-06 
1.09183E-02 6.65072E-03 6.11650E-06 
8.46102E-03 4.10648E-03 5.38729E-06 
6.30924E-03 2.39782E-03 4.63986E-06 
4.52484E-03 1.32100E-03 3.91873E-06 
3.41276E-03 7.99861E-04 3.40837E-06 
3.13112E-03 6.86079E-04 3.27001E-06 
2.04144E-03 3.16147E-04 2.69466E-06 
1.30943E-03 1.33169E-04 2.27197E-06 
8.42781E-04 4.68495E-05 2.00563E-06 
5.53261E-04 7.15231E-06 1.88053E-06 
3.71327E-04 -1.29380E-05 1.88148E-06 
2.56465E-04 -2.05122E-05 1.97448E-06 
1.79577E-04 -2.28206E-05 2.12967E-06 
1.26133E-04 -2.23023E-05 2.30093E-06 
8.76521E-05 -2.02529E-05 2.38413E-06 
5.90290E-05 -1.74271E-05 2.12228E-06 
3.68615E-05 -1.43018E-05 8.79289E-07 
1.85467E-05 -1.12008E-05 -2.82993E-06 
1.38905E-06 -8.35875E-06 -1.19727E-05 
-1.98289E-05 -5.88829E-06 -3.06960E-05 
-5.05883E-05 -3.58886E-06 -5.93527E-05 
-8.64289E-05 -1.10506E-06 -8.83923E-05 
-1.13704E-04 1.37881E-06 -1.06328E-04 
1.51992E-02 1.74429E-02 6.33354E-06 
1.27954E-02 1.22404E-02 5.85278E-06 
1.04736E-02 8.23768E-03 5.30606E-06 
8.29685E-03 5.28039E-03 4.71153E-06 
6.32766E-03 3.20579E-03 4.08275E-06 
4.63574E-03 1.83710E-03 3.45379E-06 
3.26025E-03 9.91146E-04 2.86044E-06 
2.41995E-03 5.89790E-04 2.44901E-06 
2.20958E-03 5.03197E-04 2.33861E-06 
1.40788E-03 2.25732E-04 1.88566E-06 
8.83590E-04 9.21110E-05 1.55922E-06 
5.58149E-04 3.07226E-05 1.35496E-06 
3.60918E-04 3.16728E-06 1.25484E-06 
2.38797E-04 -1.05885E-05 1.24123E-06 
1.62516E-04 -1.55342E-05 1.28365E-06 
1.11555E-04 -1.68705E-05 1.35314E-06 
7.61476E-05 -1.62893E-05 1.40544E-06 
5.06662E-05 -1.46809E-05 1.34595E-06 
3.17661E-05 -1.25625E-05 9.54933E-07 
1.71642E-05 -1.02608E-05 -2.88839E-07 
5.04996E-06 -7.99722E-06 -3.55866E-06 
-6.57990E-06 -5.93214E-06 -1.11257E-05 
-2.16599E-05 -4.13827E-06 -2.59960E-05 
-4.41739E-05 -2.46605E-06 -4.80193E-05 
-7.03494E-05 -6.65987E-07 -6.96041E-05 
-8.97244E-05 1.11958E-06 -8.22666E-05 
---
