PdfType: replica
Format: lhagrid1
---
1.00000E-06 1.28121E-06 1.64152E-06 2.10317E-06 2.69463E-06 3.45242E-06 4.42329E-06 5.66715E-06 7.26076E-06 9.30241E-06 1.19180E-05 1.52689E-05 1.95617E-05 2.50609E-05 3.21053E-05 4.11287E-05 5.26863E-05 6.74889E-05 8.64459E-05 1.10720E-04 1.41800E-04 1.81585E-04 2.32503E-04 2.97652E-04 3.80981E-04 4.87518E-04 6.26039E-04 8.00452E-04 1.02297E-03 1.30657E-03 1.66759E-03 2.12729E-03 2.71054E-03 3.44865E-03 4.37927E-03 5.54908E-03 7.01192E-03 8.83064E-03 1.10763E-02 1.38266E-02 1.71641E-02 2.11717E-02 2.59364E-02 3.15062E-02 3.79623E-02 4.53425E-02 5.36750E-02 6.29705E-02 7.32221E-02 8.44039E-02 9.64793E-02 1.09332E-01 1.23067E-01 1.37507E-01 1.52639E-01 1.68416E-01 1.84794E-01 2.01731E-01 2.19016E-01 2.36948E-01 2.55242E-01 2.73927E-01 2.92954E-01 3.12340E-01 3.32036E-01 3.52019E-01 3.72282E-01 3.92772E-01 4.13533E-01 4.34326E-01 4.55495E-01 4.76836E-01 4.98342E-01 5.20006E-01 5.41818E-01 5.63773E-01 5.85861E-01 6.08077E-01 6.30459E-01 6.52800E-01 6.75387E-01 6.98063E-01 7.20830E-01 7.43683E-01 7.66623E-01 7.89636E-01 8.12791E-01 8.35940E-01 8.59175E-01 8.82485E-01 9.05866E-01 9.29311E-01 9.52817E-01 9.76387E-01 1.00000E+00 
1.14018E+00 1.22539E+00 1.32482E+00 1.44156E+00 1.57954E+00 1.74381E+00 1.94091E+00 2.12132E+00 2.17945E+00 2.49622E+00 2.89383E+00 3.39925E+00 4.05063E+00 4.90286E+00 6.03623E+00 7.57063E+00 9.68869E+00 1.26749E+01 1.69835E+01 2.33578E+01 3.30501E+01 4.82334E+01 7.28041E+01 1.13998E+02 1.85779E+02 3.16228E+02 
908 909 910 
8.10616E-01 4.69621E-02 2.36514E-01 
8.25896E-01 5.58696E-02 2.78744E-01 
8.59778E-01 7.21238E-02 3.32266E-01 
9.21229E-01 9.67271E-02 4.00700E-01 
1.00444E+00 1.26596E-01 4.89753E-01 
1.11329E+00 1.62506E-01 6.08711E-01 
1.25215E+00 2.05269E-01 7.68933E-01 
1.38263E+00 2.43487E-01 9.31494E-01 
1.42527E+00 2.55636E-01 9.88150E-01 
1.65682E+00 3.19435E-01 1.32266E+00 
1.94223E+00 3.94089E-01 1.81394E+00 
2.29025E+00 4.80345E-01 2.55387E+00 
2.71014E+00 5.79645E-01 3.69427E+00 
3.21156E+00 7.49097E-01 5.51779E+00 
3.81102E+00 8.88508E-01 8.52789E+00 
4.53683E+00 1.04419E+00 1.36459E+01 
5.41052E+00 1.21714E+00 2.26934E+01 
6.45616E+00 1.40774E+00 3.92929E+01 
7.70458E+00 1.61703E+00 7.08262E+01 
9.20129E+00 1.84766E+00 1.32699E+02 
1.10364E+01 2.10927E+00 2.55726E+02 
1.34557E+01 2.43661E+00 4.92598E+02 
1.71212E+01 2.92619E+00 8.99480E+02 
2.30607E+01 3.70611E+00 1.44835E+03 
3.11847E+01 4.69451E+00 1.96189E+03 
3.98194E+01 5.59460E+00 2.29053E+03 
1.51023E+00 8.69463E-02 4.02689E-01 
1.53966E+00 1.03905E-01 4.74378E-01 
1.60443E+00 1.34825E-01 5.65258E-01 
1.72138E+00 1.81632E-01 6.82084E-01 
1.87907E+00 2.38274E-01 8.34580E-01 
2.08428E+00 3.06133E-01 1.03665E+00 
2.34493E+00 3.86702E-01 1.30906E+00 
2.58973E+00 4.58635E-01 1.58643E+00 
2.66927E+00 4.81388E-01 1.68203E+00 
3.10180E+00 6.00994E-01 2.25188E+00 
3.63348E+00 7.40424E-01 3.08775E+00 
4.28015E+00 9.01241E-01 4.34695E+00 
5.05921E+00 1.08495E+00 6.29255E+00 
5.98912E+00 1.39965E+00 9.39342E+00 
7.09813E+00 1.65590E+00 1.45014E+01 
8.43873E+00 1.94166E+00 2.32072E+01 
1.00481E+01 2.25788E+00 3.85884E+01 
1.19706E+01 2.60542E+00 6.68256E+01 
1.42607E+01 2.98566E+00 1.20525E+02 
1.69991E+01 3.40315E+00 2.25837E+02 
2.03491E+01 3.87533E+00 4.34904E+02 
2.47615E+01 4.46583E+00 8.37903E+02 
3.14484E+01 5.35050E+00 1.53067E+03 
4.22742E+01 6.76004E+00 2.46418E+03 
5.70554E+01 8.54253E+00 3.33792E+03 
7.27113E+01 1.01558E+01 3.89650E+03 
1.43388E+00 8.18829E-02 3.42817E-01 
1.46314E+00 9.84894E-02 4.03745E-01 
1.52695E+00 1.28721E-01 4.81174E-01 
1.64075E+00 1.74226E-01 5.80498E-01 
1.79342E+00 2.29148E-01 7.10302E-01 
1.99114E+00 2.94741E-01 8.82144E-01 
2.24105E+00 3.72336E-01 1.11370E+00 
2.47516E+00 4.41426E-01 1.34976E+00 
2.55095E+00 4.63207E-01 1.43064E+00 
2.96277E+00 5.77566E-01 1.91524E+00 
3.46724E+00 7.10312E-01 2.62550E+00 
4.07892E+00 8.62818E-01 3.69561E+00 
4.81397E+00 1.03619E+00 5.35134E+00 
5.69198E+00 1.33309E+00 7.98692E+00 
6.73613E+00 1.57256E+00 1.23236E+01 
7.99449E+00 1.83852E+00 1.97178E+01 
9.50063E+00 2.13159E+00 3.27852E+01 
1.12943E+01 2.45232E+00 5.67610E+01 
1.34250E+01 2.80174E+00 1.02376E+02 
1.59658E+01 3.18381E+00 1.91811E+02 
1.90667E+01 3.61454E+00 3.69300E+02 
2.31445E+01 4.15256E+00 7.11335E+02 
2.93243E+01 4.96023E+00 1.29955E+03 
3.93230E+01 6.24809E+00 2.09190E+03 
5.29426E+01 7.87193E+00 2.83339E+03 
6.73052E+01 9.33053E+00 3.30708E+03 
1.35519E+00 7.67143E-02 2.90427E-01 
1.38426E+00 9.29559E-02 3.41961E-01 
1.44679E+00 1.22369E-01 4.07469E-01 
1.55718E+00 1.66448E-01 4.91494E-01 
1.70422E+00 2.19463E-01 6.01131E-01 
1.89388E+00 2.82604E-01 7.46649E-01 
2.13242E+00 3.57000E-01 9.42373E-01 
2.35518E+00 4.23034E-01 1.14210E+00 
2.42721E+00 4.43823E-01 1.21061E+00 
2.81729E+00 5.52601E-01 1.61998E+00 
3.29363E+00 6.78361E-01 2.22063E+00 
3.86917E+00 8.22180E-01 3.12442E+00 
4.55865E+00 9.84900E-01 4.52257E+00 
5.38362E+00 1.26358E+00 6.75080E+00 
6.36205E+00 1.48617E+00 1.04176E+01 
7.53682E+00 1.73219E+00 1.66610E+01 
8.93878E+00 2.00217E+00 2.77014E+01 
1.06031E+01 2.29631E+00 4.79437E+01 
1.25744E+01 2.61538E+00 8.64600E+01 
1.49189E+01 2.96284E+00 1.61958E+02 
1.77738E+01 3.35329E+00 3.11846E+02 
2.15220E+01 3.84045E+00 6.00497E+02 
2.72006E+01 4.57316E+00 1.09687E+03 
3.63846E+01 5.74282E+00 1.76554E+03 
4.88651E+01 7.21322E+00 2.39117E+03 
6.19678E+01 8.52376E+00 2.79070E+03 
1.28079E+00 7.18254E-02 2.45797E-01 
1.30981E+00 8.77668E-02 2.89381E-01 
1.37100E+00 1.16364E-01 3.44629E-01 
1.47814E+00 1.59097E-01 4.15729E-01 
1.61989E+00 2.10311E-01 5.08418E-01 
1.80162E+00 2.71052E-01 6.31151E-01 
2.02929E+00 3.42380E-01 7.96462E-01 
2.24122E+00 4.05483E-01 9.65288E-01 
2.30954E+00 4.25298E-01 1.02303E+00 
2.67905E+00 5.28753E-01 1.36897E+00 
3.12849E+00 6.47781E-01 1.87587E+00 
3.66989E+00 7.83329E-01 2.63925E+00 
4.31643E+00 9.36005E-01 3.81934E+00 
5.09063E+00 1.19742E+00 5.69791E+00 
6.00668E+00 1.40389E+00 8.79355E+00 
7.10283E+00 1.63122E+00 1.40626E+01 
8.40655E+00 1.87956E+00 2.33721E+01 
9.94983E+00 2.14895E+00 4.04572E+01 
1.17722E+01 2.43984E+00 7.29389E+01 
1.39336E+01 2.75526E+00 1.36624E+02 
1.65591E+01 3.10850E+00 2.62989E+02 
2.00022E+01 3.54899E+00 5.06521E+02 
2.52164E+01 4.21283E+00 9.25097E+02 
3.36449E+01 5.27371E+00 1.48890E+03 
4.50716E+01 6.60338E+00 2.01641E+03 
5.70144E+01 7.77910E+00 2.35324E+03 
1.21048E+00 6.71988E-02 2.07672E-01 
1.23950E+00 8.28776E-02 2.44505E-01 
1.29944E+00 1.10705E-01 2.91116E-01 
1.40331E+00 1.52128E-01 3.51033E-01 
1.54001E+00 2.01622E-01 4.29331E-01 
1.71426E+00 2.60094E-01 5.32963E-01 
1.93145E+00 3.28455E-01 6.72314E-01 
2.13289E+00 3.88716E-01 8.14641E-01 
2.19774E+00 4.07608E-01 8.63381E-01 
2.54751E+00 5.05930E-01 1.15512E+00 
2.97147E+00 6.18548E-01 1.58277E+00 
3.48036E+00 7.46165E-01 2.22621E+00 
4.08634E+00 8.89305E-01 3.22203E+00 
4.81258E+00 1.13408E+00 4.80612E+00 
5.66935E+00 1.32554E+00 7.41347E+00 
6.69151E+00 1.53539E+00 1.18585E+01 
7.90299E+00 1.76351E+00 1.97051E+01 
9.33267E+00 2.00982E+00 3.41046E+01 
1.10159E+01 2.27457E+00 6.14823E+01 
1.30068E+01 2.56040E+00 1.15166E+02 
1.54192E+01 2.87939E+00 2.21652E+02 
1.85782E+01 3.27685E+00 4.26842E+02 
2.33623E+01 3.87745E+00 7.79636E+02 
3.10917E+01 4.83851E+00 1.25482E+03 
4.15450E+01 6.03935E+00 1.69941E+03 
5.24199E+01 7.09232E+00 1.98327E+03 
1.14406E+00 6.28254E-02 1.75210E-01 
1.17292E+00 7.81999E-02 2.06243E-01 
1.23189E+00 1.05382E-01 2.45597E-01 
1.33265E+00 1.45558E-01 2.96055E-01 
1.46435E+00 1.93376E-01 3.61980E-01 
1.63134E+00 2.49649E-01 4.49287E-01 
1.83860E+00 3.15185E-01 5.66833E-01 
2.02999E+00 3.72715E-01 6.86657E-01 
2.09151E+00 3.90713E-01 7.27774E-01 
2.42249E+00 4.84120E-01 9.73598E-01 
2.82217E+00 5.90590E-01 1.33398E+00 
3.30021E+00 7.10613E-01 1.87595E+00 
3.86761E+00 8.44564E-01 2.71429E+00 
4.54857E+00 1.07381E+00 4.04974E+00 
5.34942E+00 1.25108E+00 6.24552E+00 
6.30152E+00 1.44444E+00 9.98826E+00 
7.42656E+00 1.65369E+00 1.66015E+01 
8.74972E+00 1.87851E+00 2.87228E+01 
1.03032E+01 2.11903E+00 5.17943E+01 
1.21350E+01 2.37751E+00 9.69888E+01 
1.43498E+01 2.66504E+00 1.86712E+02 
1.72457E+01 3.02306E+00 3.59549E+02 
2.16305E+01 3.56551E+00 6.56707E+02 
2.87130E+01 4.43495E+00 1.05703E+03 
3.82674E+01 5.51787E+00 1.43159E+03 
4.81604E+01 6.45937E+00 1.67080E+03 
1.08133E+00 5.86930E-02 1.47661E-01 
1.11004E+00 7.37905E-02 1.73757E-01 
1.16802E+00 1.00339E-01 2.06879E-01 
1.26588E+00 1.39355E-01 2.49420E-01 
1.39279E+00 1.85573E-01 3.04894E-01 
1.55283E+00 2.39737E-01 3.78401E-01 
1.75040E+00 3.02526E-01 4.77304E-01 
1.93227E+00 3.57442E-01 5.78283E-01 
1.99053E+00 3.74567E-01 6.12758E-01 
2.30348E+00 4.63229E-01 8.19597E-01 
2.68003E+00 5.63800E-01 1.12297E+00 
3.12890E+00 6.76623E-01 1.57935E+00 
3.65992E+00 8.01794E-01 2.28492E+00 
4.29781E+00 1.01636E+00 3.40921E+00 
5.04591E+00 1.18027E+00 5.25854E+00 
5.93206E+00 1.35818E+00 8.40825E+00 
6.97576E+00 1.54978E+00 1.39755E+01 
8.19942E+00 1.75463E+00 2.41818E+01 
9.63159E+00 1.97271E+00 4.36045E+01 
1.13157E+01 2.20601E+00 8.16617E+01 
1.33466E+01 2.46457E+00 1.57190E+02 
1.59988E+01 2.78643E+00 3.02737E+02 
2.00145E+01 3.27562E+00 5.52989E+02 
2.64980E+01 4.06099E+00 8.90148E+02 
3.52233E+01 5.03621E+00 1.20571E+03 
4.42142E+01 5.87656E+00 1.40732E+03 
1.02210E+00 5.47896E-02 1.24275E-01 
1.05082E+00 6.96846E-02 1.46253E-01 
1.10769E+00 9.55794E-02 1.74061E-01 
1.20277E+00 1.33491E-01 2.09895E-01 
1.32502E+00 1.78174E-01 2.56550E-01 
1.47837E+00 2.30316E-01 3.18456E-01 
1.66675E+00 2.90471E-01 4.01694E-01 
1.83937E+00 3.42851E-01 4.86559E-01 
1.89470E+00 3.59174E-01 5.15766E-01 
2.19048E+00 4.43296E-01 6.89785E-01 
2.54505E+00 5.38220E-01 9.45126E-01 
2.96617E+00 6.44149E-01 1.32905E+00 
3.46268E+00 7.61009E-01 1.92258E+00 
4.05975E+00 9.61544E-01 2.86864E+00 
4.75796E+00 1.11292E+00 4.42491E+00 
5.58212E+00 1.27637E+00 7.07630E+00 
6.54944E+00 1.45150E+00 1.17605E+01 
7.67999E+00 1.63780E+00 2.03535E+01 
8.99898E+00 1.83513E+00 3.66961E+01 
1.05457E+01 2.04522E+00 6.87410E+01 
1.24063E+01 2.27724E+00 1.32333E+02 
1.48326E+01 2.56595E+00 2.54855E+02 
1.85069E+01 3.00637E+00 4.65599E+02 
2.44368E+01 3.71479E+00 7.49588E+02 
3.23975E+01 4.59168E+00 1.01546E+03 
4.05599E+01 5.34029E+00 1.18539E+03 
9.66209E-01 5.11091E-02 1.04519E-01 
9.94862E-01 6.57874E-02 1.23014E-01 
1.05095E+00 9.11523E-02 1.46425E-01 
1.14313E+00 1.27966E-01 1.76528E-01 
1.26099E+00 1.71191E-01 2.15827E-01 
1.40777E+00 2.21351E-01 2.67787E-01 
1.58732E+00 2.78977E-01 3.37886E-01 
1.75114E+00 3.28927E-01 4.09244E-01 
1.80349E+00 3.44443E-01 4.33770E-01 
2.08295E+00 4.24208E-01 5.80226E-01 
2.41660E+00 5.13732E-01 7.95033E-01 
2.81149E+00 6.13116E-01 1.11810E+00 
3.27555E+00 7.22268E-01 1.61782E+00 
3.83381E+00 9.09450E-01 2.41317E+00 
4.48490E+00 1.04892E+00 3.72299E+00 
5.25065E+00 1.19881E+00 5.95394E+00 
6.14639E+00 1.35859E+00 9.89643E+00 
7.18983E+00 1.52768E+00 1.71274E+01 
8.40347E+00 1.70583E+00 3.08875E+01 
9.82222E+00 1.89455E+00 5.78543E+01 
1.15250E+01 2.10224E+00 1.11397E+02 
1.37427E+01 2.36071E+00 2.14588E+02 
1.71009E+01 2.75646E+00 3.92058E+02 
2.25198E+01 3.39448E+00 6.31284E+02 
2.97755E+01 4.18165E+00 8.55315E+02 
3.71780E+01 4.84726E+00 9.98611E+02 
9.13492E-01 4.76376E-02 8.78819E-02 
9.42002E-01 6.20944E-02 1.03411E-01 
9.97444E-01 8.70031E-02 1.23145E-01 
1.08681E+00 1.22763E-01 1.48416E-01 
1.20035E+00 1.64569E-01 1.81463E-01 
1.34096E+00 2.12860E-01 2.25235E-01 
1.51186E+00 2.68013E-01 2.84080E-01 
1.66731E+00 3.15630E-01 3.44181E-01 
1.71685E+00 3.30379E-01 3.64749E-01 
1.98061E+00 4.05930E-01 4.87862E-01 
2.29434E+00 4.90277E-01 6.68493E-01 
2.66435E+00 5.83379E-01 9.40372E-01 
3.09770E+00 6.85067E-01 1.36087E+00 
3.61945E+00 8.59647E-01 2.03050E+00 
4.22594E+00 9.88038E-01 3.13202E+00 
4.93682E+00 1.12529E+00 5.01042E+00 
5.76539E+00 1.27078E+00 8.32727E+00 
6.72747E+00 1.42390E+00 1.44157E+01 
7.84280E+00 1.58434E+00 2.59952E+01 
9.14304E+00 1.75347E+00 4.87054E+01 
1.06995E+01 1.93889E+00 9.37839E+01 
1.27240E+01 2.16969E+00 1.80688E+02 
1.57903E+01 2.52463E+00 3.30187E+02 
2.07377E+01 3.09835E+00 5.31771E+02 
2.73447E+01 3.80386E+00 7.20631E+02 
3.40504E+01 4.39444E+00 8.41504E+02 
8.63850E-01 4.43788E-02 7.38998E-02 
8.92200E-01 5.86368E-02 8.69294E-02 
9.46856E-01 8.30583E-02 1.03530E-01 
1.03371E+00 1.17879E-01 1.24815E-01 
1.14303E+00 1.58319E-01 1.52575E-01 
1.27754E+00 2.04778E-01 1.89366E-01 
1.44035E+00 2.57591E-01 2.38964E-01 
1.58765E+00 3.02935E-01 2.89441E-01 
1.63455E+00 3.16953E-01 3.06823E-01 
1.88345E+00 3.88500E-01 4.10448E-01 
2.17820E+00 4.67863E-01 5.62360E-01 
2.52458E+00 5.54943E-01 7.91161E-01 
2.92879E+00 6.49492E-01 1.14467E+00 
3.41596E+00 8.12271E-01 1.70843E+00 
3.98052E+00 9.30244E-01 2.63596E+00 
4.63968E+00 1.05564E+00 4.21634E+00 
5.40543E+00 1.18783E+00 7.00995E+00 
6.29148E+00 1.32616E+00 1.21352E+01 
7.31551E+00 1.47031E+00 2.18872E+01 
8.50553E+00 1.62143E+00 4.10123E+01 
9.92667E+00 1.78650E+00 7.89873E+01 
1.17728E+01 1.99208E+00 1.52202E+02 
1.45697E+01 2.30981E+00 2.78177E+02 
1.90816E+01 2.82478E+00 4.48092E+02 
2.50918E+01 3.45598E+00 6.07362E+02 
3.11594E+01 3.97886E+00 7.09371E+02 
8.17072E-01 4.13144E-02 6.21388E-02 
8.45456E-01 5.54601E-02 7.31255E-02 
8.99521E-01 7.94814E-02 8.70828E-02 
9.83609E-01 1.13300E-01 1.04956E-01 
1.08887E+00 1.52434E-01 1.28345E-01 
1.21756E+00 1.97135E-01 1.59296E-01 
1.37241E+00 2.47652E-01 2.00999E-01 
1.51201E+00 2.90828E-01 2.43510E-01 
1.55632E+00 3.04131E-01 2.58094E-01 
1.79097E+00 3.71796E-01 3.45300E-01 
2.06774E+00 4.46420E-01 4.73201E-01 
2.39175E+00 5.27826E-01 6.65735E-01 
2.76861E+00 6.15677E-01 9.63448E-01 
3.22288E+00 7.67188E-01 1.43767E+00 
3.74784E+00 8.75343E-01 2.21887E+00 
4.35845E+00 9.89655E-01 3.54897E+00 
5.06536E+00 1.10949E+00 5.90232E+00 
5.88052E+00 1.23415E+00 1.02181E+01 
6.81948E+00 1.36328E+00 1.84338E+01 
7.90744E+00 1.49792E+00 3.45468E+01 
9.20335E+00 1.64442E+00 6.65422E+01 
1.08848E+01 1.82704E+00 1.28249E+02 
1.34336E+01 2.11089E+00 2.34455E+02 
1.75440E+01 2.57228E+00 3.77739E+02 
2.30053E+01 3.13597E+00 5.12108E+02 
2.84890E+01 3.59784E+00 5.98243E+02 
7.73025E-01 3.84402E-02 5.22339E-02 
8.01372E-01 5.24590E-02 6.14959E-02 
8.54748E-01 7.60828E-02 7.32227E-02 
9.36357E-01 1.09016E-01 8.82828E-02 
1.03765E+00 1.46884E-01 1.07957E-01 
1.16075E+00 1.89894E-01 1.34045E-01 
1.30791E+00 2.38189E-01 1.69073E-01 
1.44013E+00 2.79272E-01 2.04919E-01 
1.48196E+00 2.91890E-01 2.17155E-01 
1.70298E+00 3.55814E-01 2.90538E-01 
1.96265E+00 4.25899E-01 3.98216E-01 
2.26547E+00 5.01898E-01 5.60232E-01 
2.61650E+00 5.83395E-01 8.11110E-01 
3.03978E+00 7.24187E-01 1.21050E+00 
3.52742E+00 8.23184E-01 1.86833E+00 
4.09252E+00 9.27195E-01 2.98947E+00 
4.74424E+00 1.03554E+00 4.97076E+00 
5.49330E+00 1.14757E+00 8.60894E+00 
6.35320E+00 1.26289E+00 1.55300E+01 
7.34654E+00 1.38246E+00 2.91088E+01 
8.52682E+00 1.51206E+00 5.60849E+01 
1.00563E+01 1.67378E+00 1.08104E+02 
1.23760E+01 1.92675E+00 1.97680E+02 
1.61172E+01 2.33945E+00 3.18577E+02 
2.10744E+01 2.84187E+00 4.31999E+02 
2.60242E+01 3.24885E+00 5.04766E+02 
7.31669E-01 3.57697E-02 4.39571E-02 
7.59851E-01 4.96435E-02 5.17411E-02 
8.12687E-01 7.29394E-02 6.16176E-02 
8.91853E-01 1.05028E-01 7.42908E-02 
9.89291E-01 1.41675E-01 9.08472E-02 
1.10689E+00 1.83035E-01 1.12792E-01 
1.24677E+00 2.29203E-01 1.42329E-01 
1.37182E+00 2.68252E-01 1.72462E-01 
1.41137E+00 2.80223E-01 1.82830E-01 
1.61943E+00 3.40577E-01 2.44633E-01 
1.86285E+00 4.06307E-01 3.35351E-01 
2.14554E+00 4.77096E-01 4.71766E-01 
2.47211E+00 5.52544E-01 6.83019E-01 
2.86612E+00 6.83295E-01 1.01953E+00 
3.31849E+00 7.73663E-01 1.57352E+00 
3.84085E+00 8.68059E-01 2.51854E+00 
4.44106E+00 9.65763E-01 4.18841E+00 
5.12852E+00 1.06614E+00 7.25409E+00 
5.91520E+00 1.16882E+00 1.30921E+01 
6.82087E+00 1.27460E+00 2.45420E+01 
7.89434E+00 1.38882E+00 4.72906E+01 
9.28403E+00 1.53162E+00 9.11793E+01 
1.13925E+01 1.75652E+00 1.66752E+02 
1.47938E+01 2.12489E+00 2.68801E+02 
1.92883E+01 2.57182E+00 3.64600E+02 
2.37505E+01 2.92951E+00 4.26110E+02 
6.92886E-01 3.32959E-02 3.70061E-02 
7.20961E-01 4.70796E-02 4.35538E-02 
7.73326E-01 7.01067E-02 5.18737E-02 
8.50041E-01 1.01355E-01 6.25569E-02 
9.43673E-01 1.36809E-01 7.64938E-02 
1.05592E+00 1.76561E-01 9.49566E-02 
1.18880E+00 2.20678E-01 1.19879E-01 
1.30696E+00 2.57759E-01 1.45228E-01 
1.34423E+00 2.69083E-01 1.53948E-01 
1.53994E+00 3.25998E-01 2.06042E-01 
1.76783E+00 3.87550E-01 2.82411E-01 
2.03159E+00 4.53406E-01 3.97445E-01 
2.33512E+00 5.23065E-01 5.75408E-01 
2.70148E+00 6.44334E-01 8.59157E-01 
3.12070E+00 7.26694E-01 1.32610E+00 
3.60291E+00 8.12119E-01 2.12246E+00 
4.15507E+00 8.99977E-01 3.53101E+00 
4.78511E+00 9.89610E-01 6.11524E+00 
5.50361E+00 1.08066E+00 1.10385E+01 
6.32839E+00 1.17390E+00 2.07001E+01 
7.30335E+00 1.27418E+00 3.98922E+01 
8.56420E+00 1.39982E+00 7.69330E+01 
1.04789E+01 1.59930E+00 1.40743E+02 
1.35673E+01 1.92740E+00 2.26926E+02 
1.76374E+01 2.32410E+00 3.07876E+02 
2.16547E+01 2.63762E+00 3.59905E+02 
6.56549E-01 3.10211E-02 3.11601E-02 
6.84415E-01 4.47008E-02 3.66737E-02 
7.36441E-01 6.75287E-02 4.36844E-02 
8.10677E-01 9.79655E-02 5.26813E-02 
9.00641E-01 1.32276E-01 6.44368E-02 
1.00772E+00 1.70480E-01 7.99880E-02 
1.13374E+00 2.12579E-01 1.00967E-01 
1.24537E+00 2.47772E-01 1.22357E-01 
1.28048E+00 2.58482E-01 1.29692E-01 
1.46432E+00 3.12070E-01 1.73570E-01 
1.67754E+00 3.69620E-01 2.37948E-01 
1.92334E+00 4.30770E-01 3.34922E-01 
2.20516E+00 4.95077E-01 4.84977E-01 
2.54534E+00 6.07340E-01 7.24109E-01 
2.93348E+00 6.82162E-01 1.11816E+00 
3.37808E+00 7.59244E-01 1.78970E+00 
3.88528E+00 8.37964E-01 2.97799E+00 
4.46196E+00 9.17711E-01 5.15884E+00 
5.11734E+00 9.98145E-01 9.31295E+00 
5.86722E+00 1.07997E+00 1.74647E+01 
6.75146E+00 1.16760E+00 3.36692E+01 
7.89378E+00 1.27772E+00 6.49442E+01 
9.63000E+00 1.45415E+00 1.18841E+02 
1.24314E+01 1.74578E+00 1.91675E+02 
1.61128E+01 2.09713E+00 2.60125E+02 
1.97244E+01 2.37111E+00 3.04162E+02 
6.22549E-01 2.89564E-02 2.62480E-02 
6.50199E-01 4.25460E-02 3.09010E-02 
7.01810E-01 6.51912E-02 3.68000E-02 
7.73690E-01 9.48761E-02 4.43728E-02 
8.60028E-01 1.28073E-01 5.42829E-02 
9.62147E-01 1.64773E-01 6.74113E-02 
1.08152E+00 2.04911E-01 8.50644E-02 
1.18686E+00 2.38275E-01 1.03111E-01 
1.21993E+00 2.48400E-01 1.09306E-01 
1.39250E+00 2.98797E-01 1.46304E-01 
1.59175E+00 3.52519E-01 2.00611E-01 
1.82052E+00 4.09183E-01 2.82347E-01 
2.08188E+00 4.68153E-01 4.08934E-01 
2.39739E+00 5.72044E-01 6.10581E-01 
2.75617E+00 6.39891E-01 9.42934E-01 
3.16555E+00 7.09231E-01 1.50964E+00 
3.63082E+00 7.79532E-01 2.51215E+00 
4.15797E+00 8.50208E-01 4.35386E+00 
4.75491E+00 9.20950E-01 7.86048E+00 
5.43573E+00 9.92401E-01 1.47460E+01 
6.23640E+00 1.06861E+00 2.84319E+01 
7.26988E+00 1.16474E+00 5.48571E+01 
8.84226E+00 1.32033E+00 1.00409E+02 
1.13799E+01 1.57892E+00 1.61994E+02 
1.47057E+01 1.88937E+00 2.19914E+02 
1.79479E+01 2.12806E+00 2.57212E+02 
5.90829E-01 2.71101E-02 2.21209E-02 
6.18252E-01 4.06311E-02 2.60407E-02 
6.69590E-01 6.31951E-02 3.10193E-02 
7.39060E-01 9.21214E-02 3.74124E-02 
8.21795E-01 1.24215E-01 4.57551E-02 
9.19034E-01 1.59436E-01 5.68247E-02 
1.03207E+00 1.97690E-01 7.17250E-02 
1.13132E+00 2.29270E-01 8.69301E-02 
1.16239E+00 2.38815E-01 9.21396E-02 
1.32419E+00 2.86130E-01 1.23358E-01 
1.51023E+00 3.36213E-01 1.69193E-01 
1.72289E+00 3.88601E-01 2.38143E-01 
1.96501E+00 4.43007E-01 3.44929E-01 
2.25728E+00 5.38746E-01 5.15204E-01 
2.58849E+00 5.99868E-01 7.95819E-01 
2.96493E+00 6.62016E-01 1.27431E+00 
3.39108E+00 7.24529E-01 2.12040E+00 
3.87218E+00 7.86875E-01 3.67620E+00 
4.41500E+00 8.48775E-01 6.63734E+00 
5.03209E+00 9.10825E-01 1.24558E+01 
5.75597E+00 9.76741E-01 2.40228E+01 
6.68951E+00 1.06027E+00 4.63616E+01 
8.11166E+00 1.19707E+00 8.48893E+01 
1.04075E+01 1.42579E+00 1.36998E+02 
1.34078E+01 1.69940E+00 1.86036E+02 
1.63142E+01 1.90665E+00 2.17655E+02 
5.61317E-01 2.54920E-02 1.86579E-02 
5.88557E-01 3.89965E-02 2.19637E-02 
6.39527E-01 6.15020E-02 2.61560E-02 
7.06612E-01 8.96880E-02 3.15493E-02 
7.85834E-01 1.20710E-01 3.85883E-02 
8.78306E-01 1.54491E-01 4.79246E-02 
9.85202E-01 1.90893E-01 6.05043E-02 
1.07861E+00 2.20748E-01 7.33228E-02 
1.10781E+00 2.29737E-01 7.77370E-02 
1.25927E+00 2.74076E-01 1.04057E-01 
1.43269E+00 3.20613E-01 1.42728E-01 
1.63024E+00 3.68899E-01 2.01001E-01 
1.85417E+00 4.18643E-01 2.91105E-01 
2.12449E+00 5.06938E-01 4.34843E-01 
2.42980E+00 5.61942E-01 6.71713E-01 
2.77551E+00 6.17437E-01 1.07602E+00 
3.16528E+00 6.72775E-01 1.79121E+00 
3.60362E+00 7.27496E-01 3.10536E+00 
4.09647E+00 7.81350E-01 5.60922E+00 
4.65482E+00 8.34902E-01 1.05269E+01 
5.30818E+00 8.91557E-01 2.03094E+01 
6.15016E+00 9.63771E-01 3.92099E+01 
7.43441E+00 1.08363E+00 7.18129E+01 
9.50897E+00 1.28542E+00 1.15937E+02 
1.22121E+01 1.52593E+00 1.57496E+02 
1.48132E+01 1.70523E+00 1.84320E+02 
5.33928E-01 2.41308E-02 1.57373E-02 
5.60818E-01 3.75786E-02 1.85279E-02 
6.11628E-01 6.01595E-02 2.20635E-02 
6.76267E-01 8.76063E-02 2.66153E-02 
7.52011E-01 1.17570E-01 3.25559E-02 
8.39821E-01 1.49927E-01 4.04318E-02 
9.40776E-01 1.84530E-01 5.10508E-02 
1.02860E+00 2.12700E-01 6.18816E-02 
1.05595E+00 2.21144E-01 6.55947E-02 
1.19762E+00 2.62618E-01 8.78285E-02 
1.35907E+00 3.05768E-01 1.20463E-01 
1.54223E+00 3.50217E-01 1.69653E-01 
1.74912E+00 3.95200E-01 2.45811E-01 
1.99882E+00 4.76595E-01 3.67255E-01 
2.27983E+00 5.26049E-01 5.67377E-01 
2.59670E+00 5.75356E-01 9.08948E-01 
2.95264E+00 6.24102E-01 1.51377E+00 
3.35141E+00 6.71861E-01 2.62470E+00 
3.79814E+00 7.18416E-01 4.74353E+00 
4.30247E+00 7.64304E-01 8.90379E+00 
4.89105E+00 8.12640E-01 1.71823E+01 
5.64909E+00 8.74711E-01 3.31816E+01 
6.80727E+00 9.79354E-01 6.07988E+01 
8.67925E+00 1.15690E+00 9.81952E+01 
1.11111E+01 1.36771E+00 1.33441E+02 
1.34354E+01 1.52222E+00 1.56220E+02 
5.08596E-01 2.30546E-02 1.32795E-02 
5.34933E-01 3.63878E-02 1.56342E-02 
5.85738E-01 5.91705E-02 1.86223E-02 
6.47915E-01 8.58963E-02 2.24603E-02 
7.20245E-01 1.14813E-01 2.74803E-02 
8.03523E-01 1.45772E-01 3.41323E-02 
8.98669E-01 1.78591E-01 4.30884E-02 
9.81130E-01 2.05128E-01 5.22459E-02 
1.00678E+00 2.13061E-01 5.53857E-02 
1.13908E+00 2.51757E-01 7.41724E-02 
1.28919E+00 2.91686E-01 1.01757E-01 
1.45874E+00 3.32429E-01 1.43285E-01 
1.64966E+00 3.73684E-01 2.07686E-01 
1.87990E+00 4.48117E-01 3.10407E-01 
2.13818E+00 4.92113E-01 4.79684E-01 
2.42818E+00 5.35698E-01 7.68673E-01 
2.75262E+00 5.78378E-01 1.28012E+00 
3.11471E+00 6.19773E-01 2.22019E+00 
3.51883E+00 6.59710E-01 4.01309E+00 
3.97358E+00 6.98709E-01 7.53738E+00 
4.50288E+00 7.39613E-01 1.45492E+01 
5.18418E+00 7.92626E-01 2.81063E+01 
6.22697E+00 8.83616E-01 5.15180E+01 
7.91365E+00 1.03934E+00 8.32390E+01 
1.00984E+01 1.22357E+00 1.13162E+02 
1.21717E+01 1.35617E+00 1.32527E+02 
4.85266E-01 2.22911E-02 1.12174E-02 
5.11059E-01 3.55358E-02 1.32025E-02 
5.61827E-01 5.86082E-02 1.57282E-02 
6.21534E-01 8.46012E-02 1.89690E-02 
6.90433E-01 1.12463E-01 2.32065E-02 
7.69277E-01 1.42033E-01 2.88306E-02 
8.58857E-01 1.73109E-01 3.64033E-02 
9.36113E-01 1.98039E-01 4.41330E-02 
9.60081E-01 2.05456E-01 4.67868E-02 
1.08341E+00 2.41452E-01 6.26598E-02 
1.22274E+00 2.78255E-01 8.59750E-02 
1.37959E+00 3.15488E-01 1.21126E-01 
1.55542E+00 3.52808E-01 1.75577E-01 
1.76739E+00 4.21011E-01 2.62479E-01 
2.00432E+00 4.60016E-01 4.05723E-01 
2.26927E+00 4.98319E-01 6.50305E-01 
2.56459E+00 5.35452E-01 1.08359E+00 
2.89278E+00 5.71056E-01 1.88012E+00 
3.25765E+00 6.05009E-01 3.39886E+00 
3.66681E+00 6.37822E-01 6.38477E+00 
4.14186E+00 6.72098E-01 1.23307E+01 
4.75308E+00 7.17045E-01 2.38303E+01 
5.69049E+00 7.95820E-01 4.36973E+01 
7.20810E+00 9.31990E-01 7.06341E+01 
9.16783E+00 1.09247E+00 9.60677E+01 
1.10140E+01 1.20573E+00 1.12548E+02 
4.63829E-01 2.18554E-02 9.47996E-03 
4.89177E-01 3.50764E-02 1.11565E-02 
5.39719E-01 5.84761E-02 1.32892E-02 
5.96991E-01 8.37423E-02 1.60320E-02 
6.62484E-01 1.10539E-01 1.96117E-02 
7.36962E-01 1.38721E-01 2.43618E-02 
8.21157E-01 1.68072E-01 3.07737E-02 
8.93432E-01 1.91434E-01 3.73097E-02 
9.15808E-01 1.98351E-01 3.95544E-02 
1.03061E+00 2.31735E-01 5.29871E-02 
1.15977E+00 2.65531E-01 7.27260E-02 
1.30453E+00 2.99388E-01 1.02471E-01 
1.46619E+00 3.32655E-01 1.48554E-01 
1.66097E+00 3.95111E-01 2.22088E-01 
1.87801E+00 4.29710E-01 3.43490E-01 
2.11967E+00 4.63141E-01 5.50730E-01 
2.38782E+00 4.95163E-01 9.17914E-01 
2.68471E+00 5.25509E-01 1.59317E+00 
3.01357E+00 5.54086E-01 2.88176E+00 
3.38095E+00 5.81365E-01 5.41459E+00 
3.80636E+00 6.09741E-01 1.04611E+01 
4.35364E+00 6.47525E-01 2.02254E+01 
5.19494E+00 7.15404E-01 3.71054E+01 
6.55838E+00 8.34072E-01 6.00080E+01 
8.31353E+00 9.73386E-01 8.16514E+01 
9.95448E+00 1.06965E+00 9.56951E+01 
4.44274E-01 2.18333E-02 8.01492E-03 
4.68979E-01 3.49560E-02 9.43416E-03 
5.19488E-01 5.88873E-02 1.12359E-02 
5.74194E-01 8.33684E-02 1.35568E-02 
6.36333E-01 1.09086E-01 1.65891E-02 
7.06534E-01 1.35870E-01 2.06065E-02 
7.85465E-01 1.63500E-01 2.60287E-02 
8.52960E-01 1.85317E-01 3.15624E-02 
8.73822E-01 1.91750E-01 3.34672E-02 
9.80510E-01 2.22593E-01 4.48478E-02 
1.10001E+00 2.53501E-01 6.15628E-02 
1.23340E+00 2.84119E-01 8.67601E-02 
1.38186E+00 3.14241E-01 1.25834E-01 
1.56051E+00 3.70918E-01 1.88218E-01 
1.75889E+00 4.01093E-01 2.91138E-01 
1.97884E+00 4.30034E-01 4.66992E-01 
2.22190E+00 4.57405E-01 7.78445E-01 
2.48996E+00 4.82988E-01 1.35171E+00 
2.78563E+00 5.06717E-01 2.44564E+00 
3.11481E+00 5.29068E-01 4.59853E+00 
3.49497E+00 5.52225E-01 8.88657E+00 
3.98397E+00 5.83667E-01 1.71883E+01 
4.73771E+00 6.41851E-01 3.15491E+01 
5.96065E+00 7.44879E-01 5.10465E+01 
7.53006E+00 8.65375E-01 6.94913E+01 
8.98579E+00 9.46740E-01 8.14753E+01 
4.26526E-01 2.22661E-02 6.78205E-03 
4.50423E-01 3.52214E-02 7.98403E-03 
5.00986E-01 5.98681E-02 9.50873E-03 
5.53027E-01 8.35069E-02 1.14729E-02 
6.11831E-01 1.08118E-01 1.40420E-02 
6.77869E-01 1.33492E-01 1.74473E-02 
7.51750E-01 1.59425E-01 2.20425E-02 
8.14647E-01 1.79707E-01 2.67353E-02 
8.34013E-01 1.85650E-01 2.83425E-02 
9.32942E-01 2.14007E-01 3.79830E-02 
1.04333E+00 2.42134E-01 5.21664E-02 
1.16604E+00 2.69688E-01 7.35408E-02 
1.30211E+00 2.96484E-01 1.06704E-01 
1.46564E+00 3.48012E-01 1.59653E-01 
1.64657E+00 3.74111E-01 2.47039E-01 
1.84638E+00 3.98907E-01 3.96407E-01 
2.06630E+00 4.22043E-01 6.61141E-01 
2.30772E+00 4.43307E-01 1.14837E+00 
2.57299E+00 4.62698E-01 2.07871E+00 
2.86722E+00 4.80673E-01 3.90961E+00 
3.20619E+00 4.99231E-01 7.56016E+00 
3.64221E+00 5.25088E-01 1.46295E+01 
4.31626E+00 5.74665E-01 2.68646E+01 
5.41144E+00 6.63765E-01 4.34905E+01 
6.81241E+00 7.67565E-01 5.92318E+01 
8.10130E+00 8.35923E-01 6.94745E+01 
4.10216E-01 2.31894E-02 5.73177E-03 
4.33218E-01 3.59459E-02 6.74573E-03 
4.83761E-01 6.14727E-02 8.03615E-03 
5.33125E-01 8.42273E-02 9.69450E-03 
5.88554E-01 1.07669E-01 1.18674E-02 
6.50456E-01 1.31587E-01 1.47495E-02 
7.19329E-01 1.55764E-01 1.86353E-02 
7.77760E-01 1.74505E-01 2.26108E-02 
7.95732E-01 1.79977E-01 2.39744E-02 
8.87167E-01 2.05861E-01 3.21346E-02 
9.88768E-01 2.31216E-01 4.41469E-02 
1.10130E+00 2.55763E-01 6.22716E-02 
1.22558E+00 2.79082E-01 9.03618E-02 
1.37472E+00 3.25745E-01 1.35238E-01 
1.53927E+00 3.48307E-01 2.09429E-01 
1.72011E+00 3.69245E-01 3.36154E-01 
1.91821E+00 3.88438E-01 5.60850E-01 
2.13489E+00 4.05768E-01 9.74842E-01 
2.37188E+00 4.21228E-01 1.76526E+00 
2.63374E+00 4.35275E-01 3.32127E+00 
2.93461E+00 4.49731E-01 6.42578E+00 
3.32185E+00 4.70620E-01 1.24419E+01 
3.92241E+00 5.12470E-01 2.28587E+01 
4.89991E+00 5.89020E-01 3.70248E+01 
6.14612E+00 6.77845E-01 5.04511E+01 
7.28271E+00 7.34718E-01 5.91984E+01 
3.95793E-01 2.46527E-02 4.86211E-03 
4.18071E-01 3.72915E-02 5.72227E-03 
4.68101E-01 6.36147E-02 6.81732E-03 
5.15023E-01 8.55582E-02 8.22652E-03 
5.67135E-01 1.07789E-01 1.00703E-02 
6.25038E-01 1.30221E-01 1.25191E-02 
6.89156E-01 1.52654E-01 1.58197E-02 
7.43375E-01 1.69892E-01 1.91974E-02 
7.60032E-01 1.74898E-01 2.03602E-02 
8.44487E-01 1.98388E-01 2.73057E-02 
9.37930E-01 2.21123E-01 3.75128E-02 
1.04109E+00 2.42851E-01 5.29486E-02 
1.15454E+00 2.63369E-01 7.68637E-02 
1.29048E+00 3.05305E-01 1.15132E-01 
1.43993E+00 3.24381E-01 1.78293E-01 
1.60345E+00 3.41833E-01 2.86253E-01 
1.78191E+00 3.57533E-01 4.78014E-01 
1.97610E+00 3.71366E-01 8.31077E-01 
2.18772E+00 3.83395E-01 1.50594E+00 
2.42057E+00 3.94042E-01 2.83493E+00 
2.68743E+00 4.04979E-01 5.48660E+00 
3.03109E+00 4.21593E-01 1.06278E+01 
3.56618E+00 4.56760E-01 1.95375E+01 
4.43866E+00 5.22372E-01 3.16618E+01 
5.54728E+00 5.98213E-01 4.31644E+01 
6.54934E+00 6.45301E-01 5.06661E+01 
3.82918E-01 2.67455E-02 4.12789E-03 
4.04105E-01 3.90329E-02 4.86001E-03 
4.54012E-01 6.66079E-02 5.79143E-03 
4.98192E-01 8.75071E-02 6.98937E-03 
5.47045E-01 1.08461E-01 8.55861E-03 
6.01067E-01 1.29371E-01 1.06430E-02 
6.60654E-01 1.50051E-01 1.34581E-02 
7.10803E-01 1.65765E-01 1.63301E-02 
7.26166E-01 1.70294E-01 1.73184E-02 
8.04015E-01 1.91437E-01 2.32382E-02 
8.89828E-01 2.11642E-01 3.19487E-02 
9.84128E-01 2.30674E-01 4.50936E-02 
1.08754E+00 2.48445E-01 6.55154E-02 
1.21108E+00 2.86042E-01 9.81601E-02 
1.34650E+00 3.01839E-01 1.52087E-01 
1.49411E+00 3.16114E-01 2.44391E-01 
1.65438E+00 3.28632E-01 4.08227E-01 
1.82805E+00 3.39346E-01 7.10109E-01 
2.01639E+00 3.48326E-01 1.28716E+00 
2.22290E+00 3.56003E-01 2.42457E+00 
2.45896E+00 3.63890E-01 4.69496E+00 
2.76319E+00 3.76795E-01 9.09870E+00 
3.23896E+00 4.06091E-01 1.67350E+01 
4.01632E+00 4.62043E-01 2.71348E+01 
5.00077E+00 5.26470E-01 3.70087E+01 
5.88229E+00 5.65125E-01 4.34548E+01 
3.71481E-01 2.95155E-02 3.51197E-03 
3.91446E-01 4.13447E-02 4.13433E-03 
4.41233E-01 7.04554E-02 4.92745E-03 
4.82566E-01 9.01280E-02 5.94961E-03 
5.28174E-01 1.09701E-01 7.28690E-03 
5.78405E-01 1.29016E-01 9.06412E-03 
6.33606E-01 1.47900E-01 1.14662E-02 
6.79928E-01 1.62094E-01 1.39221E-02 
6.94089E-01 1.66162E-01 1.47648E-02 
7.65651E-01 1.84972E-01 1.98177E-02 
8.44242E-01 2.02674E-01 2.72625E-02 
9.30350E-01 2.19118E-01 3.85067E-02 
1.02435E+00 2.34021E-01 5.59661E-02 
1.13632E+00 2.67576E-01 8.38841E-02 
1.25884E+00 2.80622E-01 1.30094E-01 
1.39166E+00 2.91969E-01 2.09156E-01 
1.53522E+00 3.01616E-01 3.49465E-01 
1.69009E+00 3.09547E-01 6.08243E-01 
1.85730E+00 3.15852E-01 1.10318E+00 
2.03986E+00 3.20947E-01 2.07878E+00 
2.24801E+00 3.26204E-01 4.02710E+00 
2.51667E+00 3.35916E-01 7.80928E+00 
2.93877E+00 3.60077E-01 1.43697E+01 
3.63016E+00 4.07528E-01 2.33107E+01 
4.50268E+00 4.61956E-01 3.18055E+01 
5.27637E+00 4.93379E-01 3.73553E+01 
3.61303E-01 3.29544E-02 2.99332E-03 
3.80272E-01 4.43946E-02 3.52497E-03 
4.29433E-01 7.50558E-02 4.20143E-03 
4.67959E-01 9.33807E-02 5.07580E-03 
5.10397E-01 1.11488E-01 6.21862E-03 
5.56968E-01 1.29137E-01 7.73949E-03 
6.07940E-01 1.46170E-01 9.79192E-03 
6.50606E-01 1.58823E-01 1.18963E-02 
6.63630E-01 1.62428E-01 1.26178E-02 
7.29285E-01 1.78933E-01 1.69477E-02 
8.01143E-01 1.94220E-01 2.33254E-02 
8.79555E-01 2.08160E-01 3.29639E-02 
9.64841E-01 2.20617E-01 4.79442E-02 
1.06610E+00 2.50327E-01 7.19242E-02 
1.17656E+00 2.60605E-01 1.11546E-01 
1.29575E+00 2.69290E-01 1.79452E-01 
1.42405E+00 2.76367E-01 3.00040E-01 
1.56173E+00 2.81827E-01 5.22476E-01 
1.70971E+00 2.85798E-01 9.48175E-01 
1.87055E+00 2.88662E-01 1.78761E+00 
2.05350E+00 2.91676E-01 3.46402E+00 
2.29004E+00 2.98650E-01 6.72039E+00 
2.66375E+00 3.18355E-01 1.23719E+01 
3.27752E+00 3.58348E-01 2.00781E+01 
4.04937E+00 4.04053E-01 2.74038E+01 
4.72678E+00 4.29308E-01 3.21914E+01 
3.52218E-01 3.70626E-02 2.55588E-03 
3.69975E-01 4.78982E-02 3.01126E-03 
4.17969E-01 7.99467E-02 3.59168E-03 
4.54147E-01 9.72098E-02 4.33995E-03 
4.93510E-01 1.13746E-01 5.32049E-03 
5.36557E-01 1.29655E-01 6.62462E-03 
5.83524E-01 1.44787E-01 8.38830E-03 
6.22709E-01 1.55887E-01 1.01926E-02 
6.34651E-01 1.59022E-01 1.08125E-02 
6.94762E-01 1.73249E-01 1.45325E-02 
7.60310E-01 1.86183E-01 2.00177E-02 
8.31535E-01 1.97714E-01 2.82996E-02 
9.08764E-01 2.07876E-01 4.11981E-02 
9.99968E-01 2.33971E-01 6.18274E-02 
1.09929E+00 2.41664E-01 9.59482E-02 
1.20603E+00 2.47945E-01 1.54451E-01 
1.32022E+00 2.52706E-01 2.58397E-01 
1.44224E+00 2.55995E-01 4.50204E-01 
1.57268E+00 2.57934E-01 8.17168E-01 
1.71388E+00 2.58899E-01 1.54137E+00 
1.87409E+00 2.60024E-01 2.98858E+00 
2.08167E+00 2.64673E-01 5.79933E+00 
2.41169E+00 2.80517E-01 1.06803E+01 
2.95547E+00 3.13993E-01 1.73389E+01 
3.63679E+00 3.52111E-01 2.36708E+01 
4.22827E+00 3.72132E-01 2.78078E+01 
3.44181E-01 4.18917E-02 2.18921E-03 
3.60610E-01 5.19277E-02 2.57979E-03 
4.07507E-01 8.58602E-02 3.07872E-03 
4.41014E-01 1.01527E-01 3.72257E-03 
4.77422E-01 1.16385E-01 4.56777E-03 
5.17082E-01 1.30457E-01 5.68960E-03 
5.60247E-01 1.43644E-01 7.20924E-03 
5.96185E-01 1.53185E-01 8.76532E-03 
6.07126E-01 1.55858E-01 9.30082E-03 
6.62020E-01 1.67817E-01 1.25080E-02 
7.21659E-01 1.78443E-01 1.72377E-02 
7.86279E-01 1.87680E-01 2.43983E-02 
8.56016E-01 1.95420E-01 3.55286E-02 
9.37877E-01 2.18165E-01 5.33456E-02 
1.02700E+00 2.23727E-01 8.28657E-02 
1.12222E+00 2.27834E-01 1.33448E-01 
1.22361E+00 2.30558E-01 2.23345E-01 
1.33131E+00 2.31949E-01 3.89252E-01 
1.44591E+00 2.32156E-01 7.06867E-01 
1.56937E+00 2.31527E-01 1.33372E+00 
1.70913E+00 2.31084E-01 2.58701E+00 
1.89073E+00 2.33792E-01 5.02138E+00 
2.18150E+00 2.46327E-01 9.24974E+00 
2.66232E+00 2.74138E-01 1.50194E+01 
3.26257E+00 3.05700E-01 2.05063E+01 
3.77768E+00 3.21326E-01 2.40879E+01 
3.37023E-01 4.73803E-02 1.88127E-03 
3.52352E-01 5.66371E-02 2.21920E-03 
3.97590E-01 9.23322E-02 2.64952E-03 
4.28366E-01 1.06154E-01 3.20542E-03 
4.61934E-01 1.19221E-01 3.93602E-03 
4.98428E-01 1.31397E-01 4.90770E-03 
5.38023E-01 1.42600E-01 6.22226E-03 
5.70894E-01 1.50560E-01 7.56850E-03 
5.80889E-01 1.52766E-01 8.03243E-03 
6.30948E-01 1.62499E-01 1.08119E-02 
6.85152E-01 1.70904E-01 1.49117E-02 
7.43620E-01 1.77937E-01 2.11215E-02 
8.06459E-01 1.83501E-01 3.07698E-02 
8.79715E-01 2.03182E-01 4.62470E-02 
9.59400E-01 2.06669E-01 7.18591E-02 
1.04407E+00 2.08846E-01 1.15760E-01 
1.13376E+00 2.09781E-01 1.93831E-01 
1.22852E+00 2.09552E-01 3.37962E-01 
1.32875E+00 2.08299E-01 6.13910E-01 
1.43626E+00 2.06363E-01 1.15862E+00 
1.55767E+00 2.04648E-01 2.24728E+00 
1.71600E+00 2.05760E-01 4.36308E+00 
1.97159E+00 2.15484E-01 8.03793E+00 
2.39593E+00 2.38402E-01 1.30522E+01 
2.92371E+00 2.64331E-01 1.78186E+01 
3.37116E+00 2.76304E-01 2.09251E+01 
3.30451E-01 5.32251E-02 1.62344E-03 
3.44603E-01 6.14951E-02 1.91679E-03 
3.87799E-01 9.90173E-02 2.29114E-03 
4.16089E-01 1.10925E-01 2.77403E-03 
4.46953E-01 1.22053E-01 3.40826E-03 
4.80463E-01 1.32255E-01 4.25286E-03 
5.16749E-01 1.41451E-01 5.39774E-03 
5.46788E-01 1.47843E-01 6.56920E-03 
5.55903E-01 1.49586E-01 6.97275E-03 
6.01491E-01 1.57152E-01 9.39213E-03 
6.50651E-01 1.63422E-01 1.29642E-02 
7.03482E-01 1.68404E-01 1.83732E-02 
7.60011E-01 1.72224E-01 2.67944E-02 
8.25223E-01 1.88820E-01 4.02787E-02 
8.96269E-01 1.90387E-01 6.26115E-02 
9.71352E-01 1.90869E-01 1.00897E-01 
1.05039E+00 1.90269E-01 1.69002E-01 
1.13340E+00 1.88674E-01 2.94723E-01 
1.22071E+00 1.86230E-01 5.35453E-01 
1.31388E+00 1.83247E-01 1.01048E+00 
1.41887E+00 1.80532E-01 1.96009E+00 
1.55641E+00 1.80363E-01 3.80495E+00 
1.78054E+00 1.87724E-01 7.00928E+00 
2.15438E+00 2.06447E-01 1.13801E+01 
2.61756E+00 2.27572E-01 1.55313E+01 
3.00523E+00 2.36543E-01 1.82301E+01 
3.24355E-01 5.92564E-02 1.40840E-03 
3.37317E-01 6.62837E-02 1.66402E-03 
3.77504E-01 1.04798E-01 1.99152E-03 
4.03951E-01 1.15407E-01 2.41341E-03 
4.32358E-01 1.24596E-01 2.96807E-03 
4.63111E-01 1.32783E-01 3.70675E-03 
4.96315E-01 1.39955E-01 4.70692E-03 
5.23761E-01 1.44808E-01 5.73329E-03 
5.32083E-01 1.46113E-01 6.08675E-03 
5.73543E-01 1.51571E-01 8.20493E-03 
6.18084E-01 1.55836E-01 1.13329E-02 
6.65716E-01 1.58916E-01 1.60679E-02 
7.16436E-01 1.60866E-01 2.34463E-02 
7.74245E-01 1.74731E-01 3.52625E-02 
8.37392E-01 1.74746E-01 5.48233E-02 
9.03702E-01 1.73774E-01 8.83678E-02 
9.73079E-01 1.71887E-01 1.48024E-01 
1.04547E+00 1.69178E-01 2.58164E-01 
1.12114E+00 1.65792E-01 4.68962E-01 
1.20146E+00 1.62010E-01 8.84907E-01 
1.29182E+00 1.58547E-01 1.71614E+00 
1.41081E+00 1.57376E-01 3.33040E+00 
1.60686E+00 1.62778E-01 6.13315E+00 
1.93559E+00 1.77927E-01 9.95355E+00 
2.34131E+00 1.94982E-01 1.35768E+01 
2.67628E+00 2.01519E-01 1.59242E+01 
3.18772E-01 6.54288E-02 1.22888E-03 
3.30926E-01 7.15551E-02 1.45399E-03 
3.67749E-01 1.11243E-01 1.74135E-03 
3.91931E-01 1.19368E-01 2.11271E-03 
4.18072E-01 1.26498E-01 2.60033E-03 
4.46340E-01 1.32681E-01 3.25148E-03 
4.76763E-01 1.37881E-01 4.13200E-03 
5.01819E-01 1.41237E-01 5.03498E-03 
5.09398E-01 1.42105E-01 5.34577E-03 
5.47099E-01 1.45583E-01 7.21207E-03 
5.87409E-01 1.47971E-01 9.96591E-03 
6.30310E-01 1.49300E-01 1.41414E-02 
6.75725E-01 1.49520E-01 2.06344E-02 
7.26708E-01 1.60996E-01 3.10406E-02 
7.82627E-01 1.59668E-01 4.82753E-02 
8.40958E-01 1.57478E-01 7.78007E-02 
9.01558E-01 1.54547E-01 1.30323E-01 
9.64356E-01 1.50969E-01 2.27199E-01 
1.02958E+00 1.46878E-01 4.12618E-01 
1.09843E+00 1.42529E-01 7.78212E-01 
1.17576E+00 1.38549E-01 1.50845E+00 
1.27831E+00 1.36635E-01 2.92569E+00 
1.44935E+00 1.40435E-01 5.38413E+00 
1.73795E+00 1.52572E-01 8.73203E+00 
2.09272E+00 1.66212E-01 1.19005E+01 
2.38144E+00 1.70810E-01 1.39439E+01 
3.13516E-01 7.11172E-02 1.07966E-03 
3.24604E-01 7.54809E-02 1.27922E-03 
3.57582E-01 1.15981E-01 1.53380E-03 
3.80047E-01 1.22369E-01 1.86285E-03 
4.04167E-01 1.27436E-01 2.29468E-03 
4.30172E-01 1.31624E-01 2.87059E-03 
4.58096E-01 1.34938E-01 3.65152E-03 
4.81004E-01 1.36894E-01 4.45139E-03 
4.87915E-01 1.37361E-01 4.72672E-03 
5.22206E-01 1.39022E-01 6.37984E-03 
5.58658E-01 1.39711E-01 8.82014E-03 
5.97210E-01 1.39500E-01 1.25153E-02 
6.37768E-01 1.38523E-01 1.82726E-02 
6.82468E-01 1.47598E-01 2.74770E-02 
7.31794E-01 1.45074E-01 4.27244E-02 
7.82880E-01 1.41914E-01 6.88534E-02 
8.35555E-01 1.38186E-01 1.15239E-01 
8.89757E-01 1.33975E-01 2.00856E-01 
9.45605E-01 1.29405E-01 3.64502E-01 
1.00424E+00 1.24703E-01 6.87023E-01 
1.07003E+00 1.20410E-01 1.33071E+00 
1.15801E+00 1.17981E-01 2.57844E+00 
1.30690E+00 1.20505E-01 4.74071E+00 
1.55989E+00 1.30129E-01 7.68067E+00 
1.86967E+00 1.40935E-01 1.04560E+01 
2.11794E+00 1.44020E-01 1.22352E+01 
3.08658E-01 7.60455E-02 9.56326E-04 
3.19042E-01 7.89268E-02 1.13417E-03 
3.47560E-01 1.19770E-01 1.36144E-03 
3.68365E-01 1.23822E-01 1.65479E-03 
3.90772E-01 1.27012E-01 2.04031E-03 
4.14807E-01 1.29371E-01 2.55361E-03 
4.40483E-01 1.30931E-01 3.24932E-03 
4.61460E-01 1.31607E-01 3.96290E-03 
4.67772E-01 1.31722E-01 4.20832E-03 
4.98951E-01 1.31746E-01 5.68079E-03 
5.31890E-01 1.30966E-01 7.85513E-03 
5.66475E-01 1.29444E-01 1.11443E-02 
6.02600E-01 1.27285E-01 1.62669E-02 
6.41526E-01 1.34361E-01 2.44566E-02 
6.84853E-01 1.30936E-01 3.79993E-02 
7.29352E-01 1.27063E-01 6.11995E-02 
7.74880E-01 1.22773E-01 1.02389E-01 
8.21321E-01 1.18154E-01 1.78265E-01 
8.68840E-01 1.13315E-01 3.23251E-01 
9.18405E-01 1.08454E-01 6.08619E-01 
9.73993E-01 1.04033E-01 1.17739E+00 
1.04914E+00 1.01288E-01 2.27884E+00 
1.17851E+00 1.02823E-01 4.18475E+00 
1.40003E+00 1.10375E-01 6.77095E+00 
1.67021E+00 1.18857E-01 9.20393E+00 
1.88324E+00 1.20791E-01 1.07528E+01 
3.04384E-01 7.98008E-02 8.54035E-04 
3.14531E-01 8.21349E-02 1.01407E-03 
3.37850E-01 1.21256E-01 1.21809E-03 
3.57274E-01 1.23633E-01 1.48152E-03 
3.78179E-01 1.25019E-01 1.82717E-03 
4.00497E-01 1.25718E-01 2.28849E-03 
4.24163E-01 1.25719E-01 2.91196E-03 
4.43393E-01 1.25275E-01 3.55164E-03 
4.49158E-01 1.25077E-01 3.77170E-03 
4.77512E-01 1.23707E-01 5.09082E-03 
5.07225E-01 1.21701E-01 7.03651E-03 
5.38185E-01 1.19113E-01 9.98234E-03 
5.70281E-01 1.15946E-01 1.45579E-02 
6.03924E-01 1.21301E-01 2.18739E-02 
6.41773E-01 1.17304E-01 3.39662E-02 
6.80314E-01 1.12950E-01 5.46441E-02 
7.19378E-01 1.08324E-01 9.13224E-02 
7.58875E-01 1.03502E-01 1.58812E-01 
7.98951E-01 9.85832E-02 2.87580E-01 
8.40505E-01 9.37311E-02 5.40721E-01 
8.87126E-01 8.93391E-02 1.04464E+00 
9.51036E-01 8.64513E-02 2.01869E+00 
1.06321E+00 8.72412E-02 3.70102E+00 
1.25705E+00 9.31117E-02 5.97836E+00 
1.49253E+00 9.97118E-02 8.11206E+00 
1.67506E+00 1.00798E-01 9.45932E+00 
3.01009E-01 8.22889E-02 7.68890E-04 
3.10725E-01 8.28828E-02 9.13894E-04 
3.28728E-01 1.20690E-01 1.09834E-03 
3.47190E-01 1.21554E-01 1.33629E-03 
3.66800E-01 1.21351E-01 1.64829E-03 
3.87565E-01 1.20576E-01 2.06402E-03 
4.09435E-01 1.19263E-01 2.62657E-03 
4.27061E-01 1.17894E-01 3.20217E-03 
4.32332E-01 1.17440E-01 3.40048E-03 
4.58093E-01 1.14957E-01 4.58811E-03 
4.84837E-01 1.11991E-01 6.33792E-03 
5.12456E-01 1.08603E-01 8.98250E-03 
5.40798E-01 1.04848E-01 1.30890E-02 
5.69651E-01 1.08635E-01 1.96474E-02 
6.02482E-01 1.04244E-01 3.04692E-02 
6.35608E-01 9.96331E-02 4.89593E-02 
6.68862E-01 9.48804E-02 8.16894E-02 
7.02180E-01 9.00425E-02 1.41864E-01 
7.35658E-01 8.52028E-02 2.56483E-01 
7.70152E-01 8.05020E-02 4.81438E-01 
8.08933E-01 7.62685E-02 9.28354E-01 
8.63021E-01 7.33720E-02 1.79095E+00 
9.60168E-01 7.36259E-02 3.27720E+00 
1.12975E+00 7.81492E-02 5.28320E+00 
1.33500E+00 8.32501E-02 7.15437E+00 
1.49124E+00 8.37343E-02 8.32466E+00 
2.98902E-01 8.30756E-02 6.97788E-04 
3.08340E-01 8.24397E-02 8.29598E-04 
3.21071E-01 1.18247E-01 9.97257E-04 
3.38590E-01 1.17500E-01 1.21308E-03 
3.57054E-01 1.15978E-01 1.49621E-03 
3.76409E-01 1.14039E-01 1.87248E-03 
3.96614E-01 1.11683E-01 2.38170E-03 
4.12761E-01 1.09604E-01 2.90237E-03 
4.17561E-01 1.08956E-01 3.08109E-03 
4.40889E-01 1.05644E-01 4.15383E-03 
4.64871E-01 1.02000E-01 5.73245E-03 
4.89374E-01 9.80835E-02 8.11452E-03 
5.14231E-01 9.39873E-02 1.18113E-02 
5.38700E-01 9.64778E-02 1.77005E-02 
5.66990E-01 9.18810E-02 2.74126E-02 
5.95201E-01 8.72182E-02 4.39672E-02 
6.23239E-01 8.25101E-02 7.32562E-02 
6.51002E-01 7.78082E-02 1.26963E-01 
6.78661E-01 7.31792E-02 2.29119E-01 
7.06975E-01 6.87392E-02 4.29217E-01 
7.38915E-01 6.47574E-02 8.25951E-01 
7.84498E-01 6.19635E-02 1.59006E+00 
8.68582E-01 6.18511E-02 2.90354E+00 
1.01704E+00 6.53147E-02 4.67056E+00 
1.19603E+00 6.92329E-02 6.31006E+00 
1.32975E+00 6.93092E-02 7.32492E+00 
2.98350E-01 8.22214E-02 6.37417E-04 
3.07674E-01 8.10235E-02 7.57605E-04 
3.15439E-01 1.13036E-01 9.10415E-04 
3.31990E-01 1.11549E-01 1.10693E-03 
3.49345E-01 1.09139E-01 1.36437E-03 
3.67358E-01 1.06325E-01 1.70640E-03 
3.85943E-01 1.03218E-01 2.16793E-03 
4.00670E-01 1.00639E-01 2.64021E-03 
4.05024E-01 9.98579E-02 2.80224E-03 
4.26024E-01 9.59988E-02 3.77258E-03 
4.47377E-01 9.19411E-02 5.19919E-03 
4.68931E-01 8.77332E-02 7.34961E-03 
4.90570E-01 8.34194E-02 1.06795E-02 
5.11072E-01 8.48963E-02 1.59793E-02 
5.35155E-01 8.03526E-02 2.46980E-02 
5.58915E-01 7.57987E-02 3.95460E-02 
5.82235E-01 7.12746E-02 6.57443E-02 
6.05085E-01 6.68260E-02 1.13729E-01 
6.27604E-01 6.25049E-02 2.04800E-01 
6.50509E-01 5.83979E-02 3.82838E-01 
6.76552E-01 5.47334E-02 7.35162E-01 
7.14765E-01 5.21136E-02 1.41188E+00 
7.87521E-01 5.17667E-02 2.57206E+00 
9.17625E-01 5.44056E-02 4.12725E+00 
1.07390E+00 5.74043E-02 5.56205E+00 
1.18840E+00 5.72202E-02 6.44048E+00 
2.99620E-01 8.00899E-02 5.85182E-04 
3.08764E-01 7.79499E-02 6.95143E-04 
3.11977E-01 1.06773E-01 8.34675E-04 
3.27677E-01 1.04434E-01 1.01408E-03 
3.43938E-01 1.01244E-01 1.24851E-03 
3.60601E-01 9.78351E-02 1.55973E-03 
3.77590E-01 9.42574E-02 1.97939E-03 
3.90900E-01 9.13798E-02 2.40793E-03 
3.94812E-01 9.05244E-02 2.55500E-03 
4.13569E-01 8.63742E-02 3.43456E-03 
4.32376E-01 8.21328E-02 4.72525E-03 
4.51140E-01 7.78407E-02 6.66870E-03 
4.69769E-01 7.34996E-02 9.67168E-03 
4.86687E-01 7.41970E-02 1.44439E-02 
5.06917E-01 6.98381E-02 2.22790E-02 
5.26646E-01 6.55140E-02 3.56044E-02 
5.45771E-01 6.12779E-02 5.90697E-02 
5.64279E-01 5.71583E-02 1.01958E-01 
5.82312E-01 5.31962E-02 1.83219E-01 
6.00551E-01 4.94668E-02 3.41639E-01 
6.21524E-01 4.61521E-02 6.54448E-01 
6.53444E-01 4.37469E-02 1.25393E+00 
7.16459E-01 4.32654E-02 2.27844E+00 
8.30742E-01 4.52732E-02 3.64655E+00 
9.67571E-01 4.75690E-02 4.90160E+00 
1.06580E+00 4.72313E-02 5.66095E+00 
3.02745E-01 7.66467E-02 5.38588E-04 
3.11642E-01 7.39604E-02 6.39402E-04 
3.11318E-01 9.90637E-02 7.66915E-04 
3.25762E-01 9.63635E-02 9.30679E-04 
3.40809E-01 9.27153E-02 1.14444E-03 
3.56047E-01 8.89839E-02 1.42783E-03 
3.71376E-01 8.51613E-02 1.80941E-03 
3.83268E-01 8.21574E-02 2.19850E-03 
3.86744E-01 8.12744E-02 2.33209E-03 
4.03254E-01 7.70439E-02 3.12943E-03 
4.19598E-01 7.28050E-02 4.29801E-03 
4.35697E-01 6.85875E-02 6.05348E-03 
4.51441E-01 6.44285E-02 8.76312E-03 
4.65148E-01 6.45090E-02 1.30594E-02 
4.81880E-01 6.03913E-02 2.01045E-02 
4.97964E-01 5.63776E-02 3.20558E-02 
5.13349E-01 5.24853E-02 5.30682E-02 
5.28012E-01 4.87367E-02 9.13897E-02 
5.42123E-01 4.51630E-02 1.63811E-01 
5.56342E-01 4.18210E-02 3.04773E-01 
5.72968E-01 3.88610E-02 5.82376E-01 
5.99500E-01 3.66902E-02 1.11298E+00 
6.54141E-01 3.61437E-02 2.01709E+00 
7.54780E-01 3.76702E-02 3.21971E+00 
8.74906E-01 3.94299E-02 4.31626E+00 
9.59362E-01 3.90118E-02 4.97168E+00 
3.07420E-01 7.24899E-02 4.96287E-04 
3.15850E-01 6.96436E-02 5.88516E-04 
3.12503E-01 9.12153E-02 7.05316E-04 
3.25990E-01 8.78076E-02 8.54643E-04 
3.39679E-01 8.40530E-02 1.04969E-03 
3.53373E-01 8.02053E-02 1.30774E-03 
3.66991E-01 7.63256E-02 1.65467E-03 
3.77436E-01 7.33237E-02 2.00797E-03 
3.80466E-01 7.24478E-02 2.12914E-03 
3.94748E-01 6.82922E-02 2.85199E-03 
4.08710E-01 6.41869E-02 3.90977E-03 
4.22260E-01 6.01575E-02 5.49583E-03 
4.35306E-01 5.62452E-02 7.94037E-03 
4.46142E-01 5.58791E-02 1.18092E-02 
4.59688E-01 5.20792E-02 1.81410E-02 
4.72502E-01 4.84125E-02 2.88595E-02 
4.84555E-01 4.48856E-02 4.76625E-02 
4.95863E-01 4.15167E-02 8.18914E-02 
5.06592E-01 3.83282E-02 1.46441E-01 
5.17349E-01 3.53626E-02 2.71830E-01 
5.30292E-01 3.27441E-02 5.18200E-01 
5.52230E-01 3.08065E-02 9.87640E-01 
5.99702E-01 3.02399E-02 1.78531E+00 
6.88611E-01 3.14023E-02 2.84207E+00 
7.94411E-01 3.27538E-02 3.79950E+00 
8.67240E-01 3.23029E-02 4.36472E+00 
3.13088E-01 6.80100E-02 4.57467E-04 
3.20906E-01 6.49557E-02 5.41842E-04 
3.15653E-01 8.30553E-02 6.48494E-04 
3.27738E-01 7.95112E-02 7.84934E-04 
3.39968E-01 7.56783E-02 9.62643E-04 
3.52037E-01 7.18528E-02 1.19754E-03 
3.63899E-01 6.80509E-02 1.51300E-03 
3.72879E-01 6.51409E-02 1.83394E-03 
3.75468E-01 6.42939E-02 1.94373E-03 
3.87576E-01 6.03125E-02 2.59917E-03 
3.99231E-01 5.64244E-02 3.55605E-03 
4.10359E-01 5.26499E-02 4.98931E-03 
4.20941E-01 4.89862E-02 7.19395E-03 
4.29209E-01 4.83245E-02 1.06777E-02 
4.39868E-01 4.48782E-02 1.63678E-02 
4.49775E-01 4.15656E-02 2.59844E-02 
4.58899E-01 3.84017E-02 4.28217E-02 
4.67289E-01 3.53981E-02 7.34053E-02 
4.75096E-01 3.25685E-02 1.30955E-01 
4.82922E-01 2.99554E-02 2.42487E-01 
4.92729E-01 2.76517E-02 4.61058E-01 
5.10792E-01 2.59355E-02 8.76625E-01 
5.52115E-01 2.53763E-02 1.58033E+00 
6.30916E-01 2.62630E-02 2.50880E+00 
7.24446E-01 2.73033E-02 3.34477E+00 
7.87456E-01 2.68489E-02 3.83202E+00 
3.19018E-01 6.34450E-02 4.21347E-04 
3.26134E-01 6.02486E-02 4.98662E-04 
3.19681E-01 7.50044E-02 5.96100E-04 
3.30266E-01 7.16659E-02 7.20745E-04 
3.40960E-01 6.78991E-02 8.82772E-04 
3.51373E-01 6.41908E-02 1.09681E-03 
3.61452E-01 6.05420E-02 1.38364E-03 
3.69006E-01 5.77681E-02 1.67515E-03 
3.71172E-01 5.69664E-02 1.77505E-03 
3.81180E-01 5.32125E-02 2.36958E-03 
3.90650E-01 4.95777E-02 3.23601E-03 
3.99551E-01 4.60738E-02 4.53230E-03 
4.07827E-01 4.27121E-02 6.52125E-03 
4.13865E-01 4.18304E-02 9.66069E-03 
4.21954E-01 3.87155E-02 1.47769E-02 
4.29294E-01 3.57435E-02 2.34093E-02 
4.35878E-01 3.29204E-02 3.84944E-02 
4.41747E-01 3.02546E-02 6.58383E-02 
4.47069E-01 2.77576E-02 1.17184E-01 
4.52397E-01 2.54560E-02 2.16442E-01 
4.59561E-01 2.34324E-02 4.10504E-01 
4.74327E-01 2.19175E-02 7.78519E-01 
5.10379E-01 2.13815E-02 1.39967E+00 
5.80465E-01 2.20582E-02 2.21585E+00 
6.63466E-01 2.28624E-02 2.94609E+00 
7.18163E-01 2.24208E-02 3.36609E+00 
3.24492E-01 5.91166E-02 3.88117E-04 
3.30747E-01 5.59504E-02 4.58957E-04 
3.23258E-01 6.83277E-02 5.48177E-04 
3.32833E-01 6.45272E-02 6.62053E-04 
3.41953E-01 6.09036E-02 8.09980E-04 
3.50723E-01 5.73538E-02 1.00503E-03 
3.59092E-01 5.38897E-02 1.26635E-03 
3.65278E-01 5.12722E-02 1.53140E-03 
3.67034E-01 5.05208E-02 1.62218E-03 
3.75076E-01 4.70084E-02 2.16189E-03 
3.82541E-01 4.36323E-02 2.94801E-03 
3.89392E-01 4.04030E-02 4.12041E-03 
3.95602E-01 3.73364E-02 5.91900E-03 
3.99685E-01 3.62997E-02 8.74949E-03 
4.05525E-01 3.34918E-02 1.33574E-02 
4.10631E-01 3.08292E-02 2.11136E-02 
4.15016E-01 2.83145E-02 3.46434E-02 
4.18728E-01 2.59507E-02 5.91163E-02 
4.21935E-01 2.37466E-02 1.04977E-01 
4.25154E-01 2.17215E-02 1.93417E-01 
4.30093E-01 1.99440E-02 3.65945E-01 
4.42058E-01 1.86068E-02 6.92136E-01 
4.73578E-01 1.81015E-02 1.24101E+00 
5.36130E-01 1.86181E-02 1.95919E+00 
6.10049E-01 1.92400E-02 2.59747E+00 
6.57692E-01 1.88212E-02 2.95966E+00 
3.28854E-01 5.51957E-02 3.57990E-04 
3.34258E-01 5.20194E-02 4.23002E-04 
3.26906E-01 6.16376E-02 5.04778E-04 
3.34767E-01 5.82139E-02 6.09122E-04 
3.42366E-01 5.47563E-02 7.44500E-04 
3.49570E-01 5.13764E-02 9.22639E-04 
3.56342E-01 4.80973E-02 1.16100E-03 
3.61257E-01 4.56376E-02 1.40264E-03 
3.62641E-01 4.49309E-02 1.48517E-03 
3.68884E-01 4.16507E-02 1.97595E-03 
3.74528E-01 3.85206E-02 2.68973E-03 
3.79550E-01 3.55467E-02 3.75274E-03 
3.83949E-01 3.27228E-02 5.38030E-03 
3.86338E-01 3.16022E-02 7.93838E-03 
3.90209E-01 2.90769E-02 1.20933E-02 
3.93385E-01 2.66916E-02 1.90748E-02 
3.95879E-01 2.44493E-02 3.12295E-02 
3.97752E-01 2.23510E-02 5.31676E-02 
3.99163E-01 2.04012E-02 9.41785E-02 
4.00608E-01 1.86179E-02 1.73115E-01 
4.03669E-01 1.70546E-02 3.26666E-01 
4.13249E-01 1.58724E-02 6.16244E-01 
4.40856E-01 1.54007E-02 1.10187E+00 
4.96859E-01 1.57946E-02 1.73456E+00 
5.62931E-01 1.62770E-02 2.29312E+00 
6.04534E-01 1.58838E-02 2.60545E+00 
3.31544E-01 5.17364E-02 3.30879E-04 
3.36162E-01 4.85596E-02 3.90751E-04 
3.29352E-01 5.57310E-02 4.66001E-04 
3.35484E-01 5.27565E-02 5.61762E-04 
3.41717E-01 4.94263E-02 6.85894E-04 
3.47504E-01 4.62077E-02 8.49168E-04 
3.52827E-01 4.31008E-02 1.06706E-03 
3.56616E-01 4.07819E-02 1.28774E-03 
3.57668E-01 4.01185E-02 1.36317E-03 
3.62319E-01 3.70498E-02 1.81094E-03 
3.66357E-01 3.41399E-02 2.46052E-03 
3.69782E-01 3.13909E-02 3.42731E-03 
3.72567E-01 2.88088E-02 4.90323E-03 
3.73521E-01 2.76233E-02 7.22007E-03 
3.75699E-01 2.53437E-02 1.09768E-02 
3.77215E-01 2.32023E-02 1.72734E-02 
3.78097E-01 2.11981E-02 2.82119E-02 
3.78404E-01 1.93312E-02 4.79144E-02 
3.78297E-01 1.76040E-02 8.46683E-02 
3.78239E-01 1.60279E-02 1.55219E-01 
3.79711E-01 1.46491E-02 2.92157E-01 
3.87249E-01 1.36026E-02 5.49525E-01 
4.11458E-01 1.31650E-02 9.79785E-01 
4.61742E-01 1.34644E-02 1.53785E+00 
5.20973E-01 1.38391E-02 2.02710E+00 
5.57378E-01 1.34725E-02 2.29639E+00 
3.32563E-01 4.87453E-02 3.07130E-04 
3.36451E-01 4.55769E-02 3.62466E-04 
3.29972E-01 5.09779E-02 4.31905E-04 
3.34886E-01 4.80876E-02 5.20168E-04 
3.39896E-01 4.48760E-02 6.34366E-04 
3.44446E-01 4.17872E-02 7.84355E-04 
3.48513E-01 3.88286E-02 9.84483E-04 
3.51313E-01 3.66320E-02 1.18666E-03 
3.52077E-01 3.60049E-02 1.25571E-03 
3.55334E-01 3.31202E-02 1.66527E-03 
3.57983E-01 3.04019E-02 2.25861E-03 
3.60007E-01 2.78533E-02 3.13924E-03 
3.61418E-01 2.54736E-02 4.48236E-03 
3.61131E-01 2.42562E-02 6.58563E-03 
3.61857E-01 2.21897E-02 9.98854E-03 
3.61959E-01 2.02596E-02 1.56843E-02 
3.61466E-01 1.84625E-02 2.55539E-02 
3.60442E-01 1.67961E-02 4.32880E-02 
3.59045E-01 1.52605E-02 7.62912E-02 
3.57717E-01 1.38639E-02 1.39483E-01 
3.57838E-01 1.26444E-02 2.61769E-01 
3.63632E-01 1.17148E-02 4.91060E-01 
3.84882E-01 1.13107E-02 8.72891E-01 
4.30151E-01 1.15371E-02 1.36589E+00 
4.83398E-01 1.18272E-02 1.79495E+00 
5.15332E-01 1.14886E-02 2.02734E+00 
3.31745E-01 4.61619E-02 2.86122E-04 
3.34999E-01 4.29984E-02 3.37370E-04 
3.28591E-01 4.71294E-02 4.01652E-04 
3.32823E-01 4.40390E-02 4.83183E-04 
3.36781E-01 4.09301E-02 5.88566E-04 
3.40262E-01 3.79539E-02 7.26689E-04 
3.43241E-01 3.51193E-02 9.10639E-04 
3.45187E-01 3.30280E-02 1.09637E-03 
3.45701E-01 3.24323E-02 1.15963E-03 
3.47756E-01 2.97055E-02 1.53483E-03 
3.49189E-01 2.71565E-02 2.07731E-03 
3.50004E-01 2.47829E-02 2.88116E-03 
3.50209E-01 2.25791E-02 4.10423E-03 
3.48852E-01 2.13500E-02 6.01603E-03 
3.48317E-01 1.94732E-02 9.10257E-03 
3.47187E-01 1.77305E-02 1.42552E-02 
3.45502E-01 1.61164E-02 2.31650E-02 
3.43329E-01 1.46266E-02 3.91361E-02 
3.40822E-01 1.32587E-02 6.87796E-02 
3.38402E-01 1.20197E-02 1.25399E-01 
3.37360E-01 1.09389E-02 2.34653E-01 
3.41623E-01 1.01133E-02 4.38842E-01 
3.60249E-01 9.74154E-03 7.77704E-01 
4.01042E-01 9.91096E-03 1.21314E+00 
4.48959E-01 1.01350E-02 1.58915E+00 
4.76938E-01 9.82304E-03 1.78920E+00 
3.29346E-01 4.39957E-02 2.67844E-04 
3.32075E-01 4.08136E-02 3.15484E-04 
3.25882E-01 4.37957E-02 3.75109E-04 
3.29485E-01 4.05860E-02 4.50651E-04 
3.32565E-01 3.75483E-02 5.48138E-04 
3.35137E-01 3.46588E-02 6.75674E-04 
3.37183E-01 3.19246E-02 8.45155E-04 
3.38400E-01 2.99185E-02 1.01601E-03 
3.38691E-01 2.93510E-02 1.07427E-03 
3.39709E-01 2.67571E-02 1.41878E-03 
3.40088E-01 2.43520E-02 1.91583E-03 
3.39844E-01 2.21298E-02 2.65079E-03 
3.38993E-01 2.00849E-02 3.76657E-03 
3.36713E-01 1.88548E-02 5.50709E-03 
3.35084E-01 1.71434E-02 8.31076E-03 
3.32889E-01 1.55643E-02 1.29802E-02 
3.30173E-01 1.41104E-02 2.10322E-02 
3.27009E-01 1.27750E-02 3.54316E-02 
3.23550E-01 1.15545E-02 6.20899E-02 
3.20193E-01 1.04521E-02 1.12853E-01 
3.18153E-01 9.49254E-03 2.10550E-01 
3.21084E-01 8.75773E-03 3.92478E-01 
3.37386E-01 8.41665E-03 6.93325E-01 
3.74180E-01 8.54179E-03 1.07802E+00 
4.17348E-01 8.71389E-03 1.40754E+00 
4.41845E-01 8.42740E-03 1.57954E+00 
3.25539E-01 4.21538E-02 2.51686E-04 
3.27856E-01 3.89239E-02 2.96072E-04 
3.22099E-01 4.07527E-02 3.51454E-04 
3.24943E-01 3.76146E-02 4.21560E-04 
3.27280E-01 3.46255E-02 5.11847E-04 
3.29085E-01 3.17995E-02 6.29749E-04 
3.30336E-01 2.91449E-02 7.86186E-04 
3.30923E-01 2.72090E-02 9.43502E-04 
3.31022E-01 2.66645E-02 9.97153E-04 
3.31133E-01 2.41845E-02 1.31371E-03 
3.30595E-01 2.19031E-02 1.76948E-03 
3.29423E-01 1.98137E-02 2.44188E-03 
3.27648E-01 1.79055E-02 3.46031E-03 
3.24555E-01 1.66885E-02 5.04541E-03 
3.21969E-01 1.51230E-02 7.59220E-03 
3.18844E-01 1.36887E-02 1.18238E-02 
3.15230E-01 1.23762E-02 1.91036E-02 
3.11206E-01 1.11773E-02 3.20843E-02 
3.06922E-01 1.00867E-02 5.60484E-02 
3.02760E-01 9.10468E-03 1.01551E-01 
2.99856E-01 8.25209E-03 1.88832E-01 
3.01622E-01 7.59739E-03 3.50914E-01 
3.15840E-01 7.28532E-03 6.17811E-01 
3.49015E-01 7.37584E-03 9.57365E-01 
3.87900E-01 7.50638E-03 1.24584E+00 
4.09299E-01 7.24442E-03 1.39340E+00 
3.20538E-01 4.06150E-02 2.37222E-04 
3.22560E-01 3.73068E-02 2.78566E-04 
3.17143E-01 3.81995E-02 3.30126E-04 
3.19417E-01 3.50611E-02 3.95217E-04 
3.21138E-01 3.20991E-02 4.78884E-04 
3.22286E-01 2.93187E-02 5.87974E-04 
3.22846E-01 2.67242E-02 7.32348E-04 
3.22871E-01 2.48460E-02 8.77319E-04 
3.22811E-01 2.43181E-02 9.26628E-04 
3.22116E-01 2.19320E-02 1.21759E-03 
3.20753E-01 1.97568E-02 1.63554E-03 
3.18748E-01 1.77820E-02 2.25059E-03 
3.16138E-01 1.59956E-02 3.17986E-03 
3.12326E-01 1.47975E-02 4.62290E-03 
3.08890E-01 1.33611E-02 6.93592E-03 
3.04943E-01 1.20549E-02 1.07679E-02 
3.00544E-01 1.08678E-02 1.73434E-02 
2.95771E-01 9.78996E-03 2.90345E-02 
2.90776E-01 8.81373E-03 5.05538E-02 
2.85918E-01 7.93900E-03 9.13007E-02 
2.82270E-01 7.18056E-03 1.69211E-01 
2.83008E-01 6.59741E-03 3.13389E-01 
2.95350E-01 6.31254E-03 5.49902E-01 
3.25233E-01 6.37591E-03 8.49239E-01 
3.60218E-01 6.47346E-03 1.10129E+00 
3.78840E-01 6.23445E-03 1.22753E+00 
3.14506E-01 3.93467E-02 2.23981E-04 
3.16246E-01 3.59487E-02 2.62454E-04 
3.11216E-01 3.59881E-02 3.10393E-04 
3.12953E-01 3.28610E-02 3.70816E-04 
3.14132E-01 2.99093E-02 4.48292E-04 
3.14700E-01 2.71565E-02 5.49107E-04 
3.14650E-01 2.46058E-02 6.82270E-04 
3.14182E-01 2.27723E-02 8.15774E-04 
3.13979E-01 2.22582E-02 8.61111E-04 
3.12568E-01 1.99505E-02 1.12832E-03 
3.10470E-01 1.78655E-02 1.51108E-03 
3.07723E-01 1.59907E-02 2.07300E-03 
3.04372E-01 1.43106E-02 2.91998E-03 
2.99922E-01 1.31383E-02 4.23198E-03 
2.95739E-01 1.18161E-02 6.32943E-03 
2.91071E-01 1.06240E-02 9.79524E-03 
2.85985E-01 9.54860E-03 1.57245E-02 
2.80564E-01 8.57837E-03 2.62380E-02 
2.74959E-01 7.70433E-03 4.55340E-02 
2.69511E-01 6.92435E-03 8.19589E-02 
2.65227E-01 6.24976E-03 1.51395E-01 
2.65065E-01 5.73022E-03 2.79399E-01 
2.75708E-01 5.47076E-03 4.88578E-01 
3.02569E-01 5.51284E-03 7.51924E-01 
3.33981E-01 5.58451E-03 9.71689E-01 
3.50105E-01 5.36642E-03 1.07927E+00 
3.07738E-01 3.83532E-02 2.11693E-04 
3.09221E-01 3.48606E-02 2.47506E-04 
3.04503E-01 3.41734E-02 2.92002E-04 
3.05810E-01 3.09980E-02 3.48012E-04 
3.06483E-01 2.80343E-02 4.19681E-04 
3.06512E-01 2.52881E-02 5.12713E-04 
3.05890E-01 2.27626E-02 6.35327E-04 
3.04965E-01 2.09590E-02 7.57992E-04 
3.04621E-01 2.04562E-02 7.99643E-04 
3.02543E-01 1.82090E-02 1.04450E-03 
2.99770E-01 1.61978E-02 1.39446E-03 
2.96340E-01 1.44078E-02 1.90695E-03 
2.92313E-01 1.28205E-02 2.67724E-03 
2.87292E-01 1.16772E-02 3.86773E-03 
2.82445E-01 1.04558E-02 5.76583E-03 
2.77144E-01 9.36512E-03 8.89337E-03 
2.71461E-01 8.38936E-03 1.42285E-02 
2.65487E-01 7.51515E-03 2.36622E-02 
2.59364E-01 6.73250E-03 4.09255E-02 
2.53426E-01 6.03651E-03 7.34083E-02 
2.48606E-01 5.43664E-03 1.35128E-01 
2.47659E-01 4.97397E-03 2.48517E-01 
2.56759E-01 4.73826E-03 4.33038E-01 
2.80829E-01 4.76357E-03 6.64085E-01 
3.08956E-01 4.81447E-03 8.55190E-01 
3.22824E-01 4.61613E-03 9.46498E-01 
3.00168E-01 3.75943E-02 2.00031E-04 
3.01408E-01 3.39854E-02 2.33297E-04 
2.97022E-01 3.26625E-02 2.74557E-04 
2.97933E-01 2.94341E-02 3.26392E-04 
2.98170E-01 2.64432E-02 3.92605E-04 
2.97725E-01 2.36887E-02 4.78349E-04 
2.96595E-01 2.11726E-02 5.91111E-04 
2.95255E-01 1.93880E-02 7.03668E-04 
2.94789E-01 1.88924E-02 7.41828E-04 
2.92113E-01 1.66897E-02 9.65925E-04 
2.88725E-01 1.47384E-02 1.28539E-03 
2.84683E-01 1.30198E-02 1.75187E-03 
2.80054E-01 1.15119E-02 2.45145E-03 
2.74533E-01 1.03992E-02 3.52980E-03 
2.69109E-01 9.26607E-03 5.24434E-03 
2.63266E-01 8.26430E-03 8.06250E-03 
2.57080E-01 7.37654E-03 1.28558E-02 
2.50645E-01 6.58730E-03 2.13060E-02 
2.44103E-01 5.88507E-03 3.67235E-02 
2.37767E-01 5.26398E-03 6.56400E-02 
2.32512E-01 4.73013E-03 1.20403E-01 
2.30891E-01 4.31812E-03 2.20677E-01 
2.38604E-01 4.10429E-03 3.83177E-01 
2.60119E-01 4.11657E-03 5.85555E-01 
2.85239E-01 4.15090E-03 7.51405E-01 
2.97091E-01 3.97103E-03 8.28708E-01 
2.91830E-01 3.70616E-02 1.88671E-04 
2.92812E-01 3.33076E-02 2.19435E-04 
2.88761E-01 3.14006E-02 2.57550E-04 
2.89237E-01 2.81163E-02 3.05351E-04 
2.89045E-01 2.50783E-02 3.66267E-04 
2.88146E-01 2.22978E-02 4.44986E-04 
2.86532E-01 1.97757E-02 5.48246E-04 
2.84808E-01 1.79988E-02 6.51131E-04 
2.84224E-01 1.75079E-02 6.85980E-04 
2.80997E-01 1.53368E-02 8.90227E-04 
2.77053E-01 1.34333E-02 1.18062E-03 
2.72464E-01 1.17749E-02 1.60371E-03 
2.67299E-01 1.03369E-02 2.23621E-03 
2.61346E-01 9.25589E-03 3.20908E-03 
2.55427E-01 8.20150E-03 4.75193E-03 
2.49124E-01 7.28005E-03 7.27940E-03 
2.42520E-01 6.47155E-03 1.15675E-02 
2.35710E-01 5.75914E-03 1.91037E-02 
2.28836E-01 5.12978E-03 3.28101E-02 
2.22188E-01 4.57639E-03 5.84419E-02 
2.16586E-01 4.10232E-03 1.06820E-01 
2.14387E-01 3.73634E-03 1.95087E-01 
2.20832E-01 3.54304E-03 3.37542E-01 
2.39957E-01 3.54514E-03 5.13984E-01 
2.62269E-01 3.56617E-03 6.57203E-01 
2.72286E-01 3.40373E-03 7.22225E-01 
2.82919E-01 3.67539E-02 1.77702E-04 
2.83663E-01 3.28425E-02 2.06103E-04 
2.79889E-01 3.04340E-02 2.41215E-04 
2.79979E-01 2.70517E-02 2.85160E-04 
2.79348E-01 2.39444E-02 3.41018E-04 
2.77987E-01 2.11184E-02 4.13026E-04 
2.75910E-01 1.85737E-02 5.07299E-04 
2.73823E-01 1.67942E-02 6.01012E-04 
2.73135E-01 1.63043E-02 6.32714E-04 
2.69403E-01 1.41516E-02 8.18305E-04 
2.64958E-01 1.22837E-02 1.08150E-03 
2.59878E-01 1.06748E-02 1.46385E-03 
2.54250E-01 9.29624E-03 2.03410E-03 
2.47931E-01 8.24653E-03 2.90896E-03 
2.41596E-01 7.26138E-03 4.29246E-03 
2.34919E-01 6.41081E-03 6.55302E-03 
2.27986E-01 5.67278E-03 1.03766E-02 
2.20891E-01 5.02896E-03 1.70765E-02 
2.13772E-01 4.46488E-03 2.92244E-02 
2.06904E-01 3.97181E-03 5.18724E-02 
2.01045E-01 3.55124E-03 9.44817E-02 
1.98368E-01 3.22658E-03 1.71929E-01 
2.03674E-01 3.05228E-03 2.96422E-01 
2.20594E-01 3.04665E-03 4.49767E-01 
2.40325E-01 3.05725E-03 5.73034E-01 
2.48701E-01 2.91109E-03 6.27489E-01 
2.73319E-01 3.66320E-02 1.66934E-04 
2.73785E-01 3.25446E-02 1.93050E-04 
2.70283E-01 2.96824E-02 2.25273E-04 
2.70011E-01 2.61919E-02 2.65533E-04 
2.68998E-01 2.30026E-02 3.16599E-04 
2.67235E-01 2.01184E-02 3.82274E-04 
2.64733E-01 1.75384E-02 4.68004E-04 
2.62309E-01 1.57467E-02 5.53090E-04 
2.61527E-01 1.52550E-02 5.81828E-04 
2.57328E-01 1.31089E-02 7.49791E-04 
2.52431E-01 1.12662E-02 9.87368E-04 
2.46921E-01 9.69705E-03 1.33163E-03 
2.40890E-01 8.36911E-03 1.84366E-03 
2.34269E-01 7.35010E-03 2.62732E-03 
2.27601E-01 6.42603E-03 3.86332E-03 
2.20634E-01 5.63875E-03 5.87709E-03 
2.13457E-01 4.96411E-03 9.27307E-03 
2.06164E-01 4.38187E-03 1.52067E-02 
1.98886E-01 3.87645E-03 2.59340E-02 
1.91885E-01 3.43763E-03 4.58669E-02 
1.85855E-01 3.06518E-03 8.32459E-02 
1.82793E-01 2.77780E-03 1.50948E-01 
1.87077E-01 2.62120E-03 2.59319E-01 
2.01963E-01 2.60980E-03 3.92067E-01 
2.19315E-01 2.61242E-03 4.97749E-01 
2.26228E-01 2.48144E-03 5.43106E-01 
2.63172E-01 3.66837E-02 1.56429E-04 
2.63334E-01 3.23957E-02 1.80330E-04 
2.60054E-01 2.91239E-02 2.09778E-04 
2.59404E-01 2.55112E-02 2.46516E-04 
2.58005E-01 2.22234E-02 2.92989E-04 
2.55851E-01 1.92676E-02 3.52602E-04 
2.52965E-01 1.66422E-02 4.30282E-04 
2.50248E-01 1.48309E-02 5.07189E-04 
2.49376E-01 1.43365E-02 5.33146E-04 
2.44777E-01 1.21883E-02 6.84542E-04 
2.39497E-01 1.03630E-02 8.98150E-04 
2.33629E-01 8.82652E-03 1.20686E-03 
2.27273E-01 7.54244E-03 1.66478E-03 
2.20421E-01 6.55337E-03 2.36396E-03 
2.13503E-01 5.68367E-03 3.46370E-03 
2.06331E-01 4.95314E-03 5.25041E-03 
1.98995E-01 4.33539E-03 8.25478E-03 
1.91590E-01 3.80859E-03 1.34889E-02 
1.84239E-01 3.35581E-03 2.29235E-02 
1.77184E-01 2.96597E-03 4.03975E-02 
1.71065E-01 2.63680E-03 7.30560E-02 
1.67705E-01 2.38312E-03 1.32007E-01 
1.71083E-01 2.24294E-03 2.25973E-01 
1.84099E-01 2.22747E-03 3.40436E-01 
1.99271E-01 2.22405E-03 4.30666E-01 
2.04887E-01 2.10726E-03 4.68237E-01 
2.52526E-01 3.68835E-02 1.46189E-04 
2.52363E-01 3.23774E-02 1.67966E-04 
2.49232E-01 2.87359E-02 1.94756E-04 
2.48203E-01 2.49786E-02 2.28106E-04 
2.46438E-01 2.15802E-02 2.70212E-04 
2.43930E-01 1.85438E-02 3.24110E-04 
2.40692E-01 1.58640E-02 3.94158E-04 
2.37707E-01 1.40273E-02 4.63349E-04 
2.36760E-01 1.35279E-02 4.86671E-04 
2.31808E-01 1.13708E-02 6.22542E-04 
2.26203E-01 9.55674E-03 8.13704E-04 
2.20043E-01 8.04742E-03 1.08923E-03 
2.13433E-01 6.80185E-03 1.49690E-03 
2.06417E-01 5.84214E-03 2.11783E-03 
1.99330E-01 5.02134E-03 3.09179E-03 
1.92035E-01 4.34208E-03 4.67004E-03 
1.84624E-01 3.77596E-03 7.31611E-03 
1.77187E-01 3.29942E-03 1.19122E-02 
1.69843E-01 2.89435E-03 2.01705E-02 
1.62813E-01 2.54871E-03 3.54210E-02 
1.56683E-01 2.25863E-03 6.38290E-02 
1.53108E-01 2.03550E-03 1.14923E-01 
1.55685E-01 1.91058E-03 1.96029E-01 
1.66988E-01 1.89240E-03 2.94275E-01 
1.80164E-01 1.88458E-03 3.70940E-01 
1.84639E-01 1.78107E-03 4.01868E-01 
2.41475E-01 3.72023E-02 1.36254E-04 
2.40969E-01 3.24621E-02 1.56006E-04 
2.37929E-01 2.84801E-02 1.80265E-04 
2.36544E-01 2.45689E-02 2.10414E-04 
2.34405E-01 2.10476E-02 2.48366E-04 
2.31543E-01 1.79208E-02 2.96840E-04 
2.27983E-01 1.51808E-02 3.59695E-04 
2.24761E-01 1.33154E-02 4.21668E-04 
2.23749E-01 1.28101E-02 4.42533E-04 
2.18498E-01 1.06402E-02 5.63845E-04 
2.12630E-01 8.83395E-03 7.34115E-04 
2.06245E-01 7.34803E-03 9.78901E-04 
1.99453E-01 6.13729E-03 1.34004E-03 
1.92343E-01 5.20668E-03 1.88891E-03 
1.85168E-01 4.43050E-03 2.74763E-03 
1.77833E-01 3.79813E-03 4.13480E-03 
1.70426E-01 3.27895E-03 6.45454E-03 
1.63037E-01 2.84806E-03 1.04716E-02 
1.55775E-01 2.48628E-03 1.76675E-02 
1.48843E-01 2.18054E-03 3.09153E-02 
1.42773E-01 1.92576E-03 5.55134E-02 
1.39061E-01 1.73025E-03 9.95903E-02 
1.40942E-01 1.61950E-03 1.69273E-01 
1.50684E-01 1.59975E-03 2.53204E-01 
1.62044E-01 1.58891E-03 3.18029E-01 
1.65527E-01 1.49773E-03 3.43321E-01 
2.30109E-01 3.76095E-02 1.26663E-04 
2.29249E-01 3.26227E-02 1.44495E-04 
2.26243E-01 2.83245E-02 1.66349E-04 
2.24490E-01 2.42497E-02 1.93469E-04 
2.22017E-01 2.06010E-02 2.27528E-04 
2.18822E-01 1.73791E-02 2.70901E-04 
2.14949E-01 1.45743E-02 3.27004E-04 
2.11520E-01 1.26781E-02 3.82212E-04 
2.10450E-01 1.21668E-02 4.00783E-04 
2.04954E-01 9.98232E-03 5.08578E-04 
1.98877E-01 8.18201E-03 6.59454E-04 
1.92329E-01 6.71770E-03 8.75798E-04 
1.85429E-01 5.53948E-03 1.19419E-03 
1.78292E-01 4.63804E-03 1.67693E-03 
1.71104E-01 3.90325E-03 2.43017E-03 
1.63805E-01 3.31400E-03 3.64375E-03 
1.56479E-01 2.83783E-03 5.66702E-03 
1.49210E-01 2.44854E-03 9.16080E-03 
1.42099E-01 2.12603E-03 1.54012E-02 
1.35332E-01 1.85639E-03 2.68522E-02 
1.29388E-01 1.63347E-03 4.80443E-02 
1.25611E-01 1.46292E-03 8.58860E-02 
1.26894E-01 1.36528E-03 1.45458E-01 
1.35222E-01 1.34490E-03 2.16803E-01 
1.44942E-01 1.33219E-03 2.71341E-01 
1.47569E-01 1.25241E-03 2.91874E-01 
2.18505E-01 3.80724E-02 1.17436E-04 
2.17299E-01 3.28317E-02 1.33463E-04 
2.14267E-01 2.82401E-02 1.53051E-04 
2.12150E-01 2.39940E-02 1.77312E-04 
2.09356E-01 2.02145E-02 2.07719E-04 
2.05866E-01 1.68967E-02 2.46338E-04 
2.01716E-01 1.40270E-02 2.96144E-04 
1.98095E-01 1.20997E-02 3.45052E-04 
1.96974E-01 1.15821E-02 3.61484E-04 
1.91273E-01 9.38347E-03 4.56731E-04 
1.85044E-01 7.58952E-03 5.89712E-04 
1.78401E-01 6.14664E-03 7.79897E-04 
1.71457E-01 4.99994E-03 1.05909E-03 
1.64355E-01 4.12812E-03 1.48141E-03 
1.57225E-01 3.43220E-03 2.13862E-03 
1.50030E-01 2.88309E-03 3.19467E-03 
1.42853E-01 2.44669E-03 4.95013E-03 
1.35770E-01 2.09548E-03 7.97281E-03 
1.28874E-01 1.80864E-03 1.33557E-02 
1.22332E-01 1.57169E-03 2.32018E-02 
1.16572E-01 1.37749E-03 4.13634E-02 
1.12795E-01 1.22948E-03 7.36796E-02 
1.13571E-01 1.14393E-03 1.24338E-01 
1.20628E-01 1.12365E-03 1.84661E-01 
1.28873E-01 1.11001E-03 2.30288E-01 
1.30775E-01 1.04070E-03 2.46826E-01 
2.06818E-01 3.85666E-02 1.08638E-04 
2.05243E-01 3.30622E-02 1.22959E-04 
2.02137E-01 2.81965E-02 1.40430E-04 
1.99673E-01 2.37779E-02 1.62020E-04 
1.96557E-01 1.98658E-02 1.89005E-04 
1.92798E-01 1.64542E-02 2.23205E-04 
1.88410E-01 1.35230E-02 2.67200E-04 
1.84629E-01 1.15670E-02 3.10295E-04 
1.83466E-01 1.10439E-02 3.24756E-04 
1.77602E-01 8.83347E-03 4.08450E-04 
1.71271E-01 7.04790E-03 5.25006E-04 
1.64586E-01 5.62747E-03 6.91298E-04 
1.57660E-01 4.51236E-03 9.34767E-04 
1.50651E-01 3.67094E-03 1.30226E-03 
1.43642E-01 3.01216E-03 1.87267E-03 
1.36616E-01 2.50080E-03 2.78657E-03 
1.29649E-01 2.10116E-03 4.30179E-03 
1.22811E-01 1.78486E-03 6.90296E-03 
1.16185E-01 1.53043E-03 1.15207E-02 
1.09919E-01 1.32298E-03 1.99424E-02 
1.04394E-01 1.15457E-03 3.54250E-02 
1.00675E-01 1.02683E-03 6.28744E-02 
1.01031E-01 9.52358E-04 1.05723E-01 
1.06955E-01 9.32764E-04 1.56452E-01 
1.13888E-01 9.18888E-04 1.94409E-01 
1.15183E-01 8.59169E-04 2.07623E-01 
1.95113E-01 3.90662E-02 1.00261E-04 
1.93177E-01 3.32951E-02 1.12993E-04 
1.89948E-01 2.81697E-02 1.28483E-04 
1.87135E-01 2.35775E-02 1.47574E-04 
1.83714E-01 1.95357E-02 1.71379E-04 
1.79698E-01 1.60339E-02 2.01478E-04 
1.75103E-01 1.30462E-02 2.40096E-04 
1.71193E-01 1.10656E-02 2.77838E-04 
1.69998E-01 1.05381E-02 2.90489E-04 
1.64019E-01 8.32099E-03 3.63586E-04 
1.57633E-01 6.54733E-03 4.65117E-04 
1.50954E-01 5.15158E-03 6.09594E-04 
1.44097E-01 4.06903E-03 8.20598E-04 
1.37233E-01 3.25923E-03 1.13840E-03 
1.30405E-01 2.63663E-03 1.63042E-03 
1.23605E-01 2.16114E-03 2.41663E-03 
1.16904E-01 1.79587E-03 3.71637E-03 
1.10363E-01 1.51173E-03 5.94116E-03 
1.04055E-01 1.28686E-03 9.87884E-03 
9.81095E-02 1.10604E-03 1.70379E-02 
9.28625E-02 9.60803E-04 3.01561E-02 
8.92517E-02 8.51257E-04 5.33279E-02 
8.92674E-02 7.86924E-04 8.93469E-02 
9.41867E-02 7.68441E-04 1.31740E-01 
9.99571E-02 7.54885E-04 1.63109E-01 
1.00752E-01 7.03890E-04 1.73566E-01 
1.83599E-01 3.95394E-02 9.24020E-05 
1.81326E-01 3.35062E-02 1.03678E-04 
1.77945E-01 2.81387E-02 1.17347E-04 
1.74803E-01 2.33781E-02 1.34152E-04 
1.71082E-01 1.92116E-02 1.55034E-04 
1.66827E-01 1.56264E-02 1.81382E-04 
1.62051E-01 1.25894E-02 2.15104E-04 
1.58035E-01 1.05897E-02 2.47988E-04 
1.56816E-01 1.00593E-02 2.59000E-04 
1.50764E-01 7.84205E-03 3.22517E-04 
1.44371E-01 6.08535E-03 4.10518E-04 
1.37751E-01 4.71760E-03 5.35430E-04 
1.31014E-01 3.66916E-03 7.17407E-04 
1.24338E-01 2.89202E-03 9.90889E-04 
1.17736E-01 2.30455E-03 1.41323E-03 
1.11209E-01 1.86307E-03 2.08630E-03 
1.04816E-01 1.52975E-03 3.19591E-03 
9.86118E-02 1.27500E-03 5.08981E-03 
9.26579E-02 1.07675E-03 8.43221E-03 
8.70663E-02 9.19702E-04 1.44892E-02 
8.21298E-02 7.95014E-04 2.55513E-02 
7.86689E-02 7.01542E-04 4.50226E-02 
7.84183E-02 6.46322E-04 7.51588E-02 
8.24643E-02 6.29242E-04 1.10419E-01 
8.72245E-02 6.16404E-04 1.36218E-01 
8.76212E-02 5.73202E-04 1.44429E-01 
1.72170E-01 3.99750E-02 8.49367E-05 
1.69574E-01 3.36812E-02 9.48586E-05 
1.66012E-01 2.80824E-02 1.06833E-04 
1.62566E-01 2.31601E-02 1.21522E-04 
1.58569E-01 1.88762E-02 1.39706E-04 
1.54078E-01 1.52137E-02 1.62573E-04 
1.49136E-01 1.21351E-02 1.91781E-04 
1.45035E-01 1.01225E-02 2.20198E-04 
1.43799E-01 9.59092E-03 2.29703E-04 
1.37698E-01 7.38056E-03 2.84433E-04 
1.31336E-01 5.64706E-03 3.60083E-04 
1.24821E-01 4.31204E-03 4.67218E-04 
1.18257E-01 3.30066E-03 6.22924E-04 
1.11819E-01 2.55832E-03 8.56453E-04 
1.05493E-01 2.00608E-03 1.21618E-03 
9.92825E-02 1.59766E-03 1.78790E-03 
9.32401E-02 1.29463E-03 2.72777E-03 
8.74103E-02 1.06720E-03 4.32737E-03 
8.18439E-02 8.93325E-04 7.14166E-03 
7.66364E-02 7.57792E-04 1.22260E-02 
7.20396E-02 6.51534E-04 2.14806E-02 
6.87650E-02 5.72465E-04 3.77101E-02 
6.83111E-02 5.25525E-04 6.27204E-02 
7.15922E-02 5.10050E-04 9.18069E-02 
7.54672E-02 4.98219E-04 1.12840E-01 
7.55492E-02 4.62042E-04 1.19203E-01 
1.61017E-01 4.03506E-02 7.79420E-05 
1.58102E-01 3.38004E-02 8.66160E-05 
1.54373E-01 2.79898E-02 9.70547E-05 
1.50617E-01 2.29101E-02 1.09790E-04 
1.46367E-01 1.85192E-02 1.25513E-04 
1.41674E-01 1.47910E-02 1.45226E-04 
1.36592E-01 1.16808E-02 1.70339E-04 
1.32432E-01 9.66289E-03 1.94730E-04 
1.31183E-01 9.13201E-03 2.02874E-04 
1.25065E-01 6.93705E-03 2.49688E-04 
1.18767E-01 5.23318E-03 3.14248E-04 
1.12394E-01 3.93529E-03 4.05472E-04 
1.06040E-01 2.96364E-03 5.37767E-04 
9.98726E-02 2.25772E-03 7.35782E-04 
9.38592E-02 1.74062E-03 1.04005E-03 
8.80010E-02 1.36419E-03 1.52240E-03 
8.23402E-02 1.08971E-03 2.31312E-03 
7.69117E-02 8.87462E-04 3.65496E-03 
7.17559E-02 7.35686E-04 6.00852E-03 
6.69511E-02 6.19349E-04 1.02473E-02 
6.27128E-02 5.29396E-04 1.79368E-02 
5.96520E-02 4.63022E-04 3.13710E-02 
5.90527E-02 4.23475E-04 5.19833E-02 
6.16773E-02 4.09706E-04 7.58080E-02 
6.47921E-02 3.99062E-04 9.28294E-02 
6.46363E-02 3.69100E-04 9.77013E-02 
1.50224E-01 4.06573E-02 7.14210E-05 
1.46990E-01 3.38526E-02 7.89445E-05 
1.43072E-01 2.78434E-02 8.79747E-05 
1.39062E-01 2.26223E-02 9.89551E-05 
1.34573E-01 1.81344E-02 1.12441E-04 
1.29693E-01 1.43508E-02 1.29291E-04 
1.24488E-01 1.12198E-02 1.50702E-04 
1.20288E-01 9.20434E-03 1.71466E-04 
1.19036E-01 8.67660E-03 1.78394E-04 
1.12950E-01 6.50719E-03 2.18146E-04 
1.06750E-01 4.83987E-03 2.72819E-04 
1.00545E-01 3.58374E-03 3.49891E-04 
9.44286E-02 2.65452E-03 4.61414E-04 
8.85594E-02 1.98665E-03 6.28048E-04 
8.28873E-02 1.50470E-03 8.83502E-04 
7.74076E-02 1.15932E-03 1.28740E-03 
7.21510E-02 9.11780E-04 1.94776E-03 
6.71423E-02 7.32755E-04 3.06508E-03 
6.24110E-02 6.00935E-04 5.01903E-03 
5.80209E-02 5.01702E-04 8.52648E-03 
5.41523E-02 4.26110E-04 1.48677E-02 
5.13257E-02 3.70857E-04 2.59057E-02 
5.06314E-02 3.37863E-04 4.27652E-02 
5.26985E-02 3.25829E-04 6.21304E-02 
5.51677E-02 3.16473E-04 7.57955E-02 
5.48402E-02 2.91956E-04 7.94736E-02 
1.39840E-01 4.08846E-02 6.53605E-05 
1.36300E-01 3.38321E-02 7.18345E-05 
1.32191E-01 2.76366E-02 7.95826E-05 
1.27941E-01 2.22857E-02 8.89695E-05 
1.23237E-01 1.77131E-02 1.00433E-04 
1.18198E-01 1.38874E-02 1.14710E-04 
1.12900E-01 1.07483E-02 1.32808E-04 
1.08669E-01 8.74299E-03 1.50312E-04 
1.07415E-01 8.22033E-03 1.56145E-04 
1.01372E-01 6.08488E-03 1.89574E-04 
9.53114E-02 4.46237E-03 2.35484E-04 
8.93266E-02 3.25402E-03 3.00102E-04 
8.34884E-02 2.37054E-03 3.93391E-04 
7.79426E-02 1.74231E-03 5.32508E-04 
7.26297E-02 1.29545E-03 7.45265E-04 
6.75430E-02 9.80121E-04 1.08076E-03 
6.27023E-02 7.57975E-04 1.62780E-03 
5.81222E-02 6.00315E-04 2.55073E-03 
5.38214E-02 4.86487E-04 4.15976E-03 
4.98490E-02 4.02408E-04 7.03889E-03 
4.63542E-02 3.39390E-04 1.22262E-02 
4.37750E-02 2.93822E-04 2.12212E-02 
4.30286E-02 2.66591E-04 3.48982E-02 
4.46281E-02 2.56262E-04 5.05073E-02 
4.65547E-02 2.48227E-04 6.13812E-02 
4.61120E-02 2.28440E-04 6.41145E-02 
1.29908E-01 4.10261E-02 5.97475E-05 
1.26090E-01 3.37359E-02 6.52728E-05 
1.21777E-01 2.73645E-02 7.18541E-05 
1.17312E-01 2.18969E-02 7.98050E-05 
1.12436E-01 1.72557E-02 8.94665E-05 
1.07267E-01 1.34017E-02 1.01449E-04 
1.01894E-01 1.02652E-02 1.16586E-04 
9.76514E-02 8.27800E-03 1.31197E-04 
9.64048E-02 7.76289E-03 1.36063E-04 
9.04526E-02 5.67220E-03 1.63935E-04 
8.45523E-02 4.10094E-03 2.02131E-04 
7.87911E-02 2.94402E-03 2.55763E-04 
7.32441E-02 2.10870E-03 3.33063E-04 
6.80409E-02 1.52157E-03 4.48177E-04 
6.31071E-02 1.10991E-03 6.23841E-04 
5.84278E-02 8.23798E-04 9.00152E-04 
5.40120E-02 6.25639E-04 1.34943E-03 
4.98646E-02 4.87631E-04 2.10527E-03 
4.59948E-02 3.89987E-04 3.41895E-03 
4.24371E-02 3.19271E-04 5.76199E-03 
3.93137E-02 2.67197E-04 9.96882E-03 
3.69886E-02 2.30000E-04 1.72351E-02 
3.62259E-02 2.07794E-04 2.82328E-02 
3.74387E-02 1.99093E-04 4.07018E-02 
3.89154E-02 1.92353E-04 4.92725E-02 
3.84045E-02 1.76639E-04 5.12671E-02 
1.20457E-01 4.10766E-02 5.45630E-05 
1.16383E-01 3.35588E-02 5.92317E-05 
1.11873E-01 2.70232E-02 6.47607E-05 
1.07207E-01 2.14512E-02 7.14160E-05 
1.02194E-01 1.67580E-02 7.94755E-05 
9.69151E-02 1.28879E-02 8.94094E-05 
9.14981E-02 9.76734E-03 1.01926E-04 
8.72731E-02 7.80805E-03 1.13994E-04 
8.60375E-02 7.30262E-03 1.18008E-04 
8.01945E-02 5.26536E-03 1.40986E-04 
7.44798E-02 3.75228E-03 1.72425E-04 
6.89729E-02 2.65182E-03 2.16502E-04 
6.37371E-02 1.86721E-03 2.79924E-04 
5.88890E-02 1.32230E-03 3.74257E-04 
5.43439E-02 9.45685E-04 5.17914E-04 
5.00773E-02 6.87872E-04 7.43348E-04 
4.60877E-02 5.12315E-04 1.10893E-03 
4.23698E-02 3.92341E-04 1.72216E-03 
3.89233E-02 3.09179E-04 2.78473E-03 
3.57718E-02 2.50213E-04 4.67359E-03 
3.30113E-02 2.07606E-04 8.05290E-03 
3.09415E-02 1.77592E-04 1.38672E-02 
3.01914E-02 1.59729E-04 2.26255E-02 
3.10892E-02 1.52551E-04 3.24885E-02 
3.21978E-02 1.47046E-04 3.91739E-02 
3.16569E-02 1.34803E-04 4.05987E-02 
1.11482E-01 4.10265E-02 4.97770E-05 
1.07189E-01 3.32970E-02 5.36807E-05 
1.02509E-01 2.66142E-02 5.82736E-05 
9.76681E-02 2.09514E-02 6.37733E-05 
9.25418E-02 1.62203E-02 7.04077E-05 
8.71890E-02 1.23493E-02 7.85384E-05 
8.17543E-02 9.25678E-03 8.87524E-05 
7.75638E-02 7.33323E-03 9.85876E-05 
7.63467E-02 6.83980E-03 1.01858E-04 
7.06343E-02 4.86460E-03 1.20561E-04 
6.51229E-02 3.41585E-03 1.46124E-04 
5.98923E-02 2.37602E-03 1.81944E-04 
5.49904E-02 1.64448E-03 2.33435E-04 
5.05090E-02 1.14262E-03 3.09946E-04 
4.63551E-02 8.00682E-04 4.26227E-04 
4.24995E-02 5.70149E-04 6.08266E-04 
3.89294E-02 4.15793E-04 9.02713E-04 
3.56306E-02 3.12298E-04 1.39520E-03 
3.25945E-02 2.42060E-04 2.24590E-03 
2.98336E-02 1.93346E-04 3.75310E-03 
2.74223E-02 1.58873E-04 6.43988E-03 
2.56033E-02 1.34975E-04 1.10440E-02 
2.48883E-02 1.20831E-04 1.79458E-02 
2.55339E-02 1.15051E-04 2.56640E-02 
2.63463E-02 1.10695E-04 3.08195E-02 
2.58051E-02 1.01382E-04 3.18111E-02 
1.03013E-01 4.08808E-02 4.53770E-05 
9.85372E-02 3.29558E-02 4.86012E-05 
9.37023E-02 2.61389E-02 5.23581E-05 
8.87139E-02 2.03996E-02 5.68324E-05 
8.34896E-02 1.56430E-02 6.22018E-05 
7.81069E-02 1.17872E-02 6.87625E-05 
7.26882E-02 8.73547E-03 7.69716E-05 
6.85474E-02 6.85501E-03 8.48631E-05 
6.73520E-02 6.37545E-03 8.74857E-05 
6.17979E-02 4.47074E-03 1.02498E-04 
5.65222E-02 3.09254E-03 1.23026E-04 
5.15863E-02 2.11671E-03 1.51784E-04 
4.70194E-02 1.43939E-03 1.93074E-04 
4.29008E-02 9.80737E-04 2.54383E-04 
3.91366E-02 6.72901E-04 3.47431E-04 
3.56852E-02 4.68535E-04 4.92789E-04 
3.25237E-02 3.34005E-04 7.27303E-04 
2.96291E-02 2.45518E-04 1.11844E-03 
2.69858E-02 1.86761E-04 1.79197E-03 
2.45958E-02 1.46945E-04 2.98118E-03 
2.25158E-02 1.19413E-04 5.09339E-03 
2.09386E-02 1.00680E-04 8.69787E-03 
2.02752E-02 8.96940E-05 1.40742E-02 
2.07227E-02 8.51743E-05 2.00431E-02 
2.13010E-02 8.18673E-05 2.39690E-02 
2.07819E-02 7.50001E-05 2.46371E-02 
9.50409E-02 4.06421E-02 4.13338E-05 
9.03925E-02 3.25299E-02 4.39451E-05 
8.54400E-02 2.55985E-02 4.69668E-05 
8.03324E-02 1.97969E-02 5.05356E-05 
7.50458E-02 1.50308E-02 5.47987E-05 
6.96523E-02 1.12025E-02 5.99824E-05 
6.42807E-02 8.20365E-03 6.64544E-05 
6.02168E-02 6.37455E-03 7.26740E-05 
5.90506E-02 5.91094E-03 7.47415E-05 
5.36723E-02 4.08377E-03 8.65753E-05 
4.86507E-02 2.78116E-03 1.02800E-04 
4.40188E-02 1.87200E-03 1.25538E-04 
3.97991E-02 1.25022E-03 1.58192E-04 
3.60486E-02 8.34938E-04 2.06680E-04 
3.26675E-02 5.60428E-04 2.80163E-04 
2.96086E-02 3.81031E-04 3.94740E-04 
2.68400E-02 2.64963E-04 5.79153E-04 
2.43306E-02 1.90100E-04 8.85860E-04 
2.20579E-02 1.41497E-04 1.41234E-03 
2.00164E-02 1.09382E-04 2.33867E-03 
1.82463E-02 8.77410E-05 3.97773E-03 
1.68987E-02 7.33414E-05 6.76294E-03 
1.62983E-02 6.50167E-05 1.08957E-02 
1.65935E-02 6.16203E-05 1.54493E-02 
1.69897E-02 5.92546E-05 1.83952E-02 
1.65091E-02 5.44155E-05 1.88268E-02 
8.76174E-02 4.03104E-02 3.76534E-05 
8.28230E-02 3.20271E-02 3.97243E-05 
7.77819E-02 2.49991E-02 4.21047E-05 
7.25905E-02 1.91528E-02 4.48878E-05 
6.72603E-02 1.43894E-02 4.81868E-05 
6.18945E-02 1.06037E-02 5.21946E-05 
5.65958E-02 7.66836E-03 5.71835E-05 
5.26282E-02 5.89734E-03 6.19837E-05 
5.14973E-02 5.45149E-03 6.35822E-05 
4.63246E-02 3.70879E-03 7.27472E-05 
4.15641E-02 2.48477E-03 8.53498E-05 
3.72442E-02 1.64383E-03 1.03059E-04 
3.33734E-02 1.07771E-03 1.28532E-04 
2.99851E-02 7.05014E-04 1.66388E-04 
2.69777E-02 4.62574E-04 2.23724E-04 
2.42951E-02 3.06667E-04 3.12975E-04 
2.18966E-02 2.07528E-04 4.56297E-04 
1.97456E-02 1.44845E-04 6.93986E-04 
1.78150E-02 1.05095E-04 1.10071E-03 
1.60926E-02 7.95365E-05 1.81376E-03 
1.46058E-02 6.28140E-05 3.07060E-03 
1.34702E-02 5.19897E-05 5.19693E-03 
1.29388E-02 4.58681E-05 8.33505E-03 
1.31209E-02 4.34516E-05 1.17655E-02 
1.33801E-02 4.19138E-05 1.39462E-02 
1.29478E-02 3.87238E-05 1.42102E-02 
8.06323E-02 3.98855E-02 3.42640E-05 
7.57240E-02 3.14466E-02 3.58569E-05 
7.06089E-02 2.43353E-02 3.76673E-05 
6.53754E-02 1.84634E-02 3.97684E-05 
6.00359E-02 1.37182E-02 4.22320E-05 
5.47194E-02 9.98674E-03 4.52206E-05 
4.95302E-02 7.12739E-03 4.89473E-05 
4.56744E-02 5.42064E-03 5.25354E-05 
4.45825E-02 4.99403E-03 5.37340E-05 
3.96439E-02 3.34256E-03 6.06526E-05 
3.51633E-02 2.20082E-03 7.02162E-05 
3.11605E-02 1.42938E-03 8.37104E-05 
2.76381E-02 9.18947E-04 1.03193E-04 
2.46115E-02 5.88284E-04 1.32244E-04 
2.19668E-02 3.76755E-04 1.76230E-04 
1.96423E-02 2.42964E-04 2.44600E-04 
1.75916E-02 1.59416E-04 3.54144E-04 
1.57741E-02 1.07686E-04 5.35313E-04 
1.41584E-02 7.57000E-05 8.44295E-04 
1.27286E-02 5.57611E-05 1.38408E-03 
1.15000E-02 4.31677E-05 2.33160E-03 
1.05594E-02 3.53074E-05 3.92726E-03 
1.00999E-02 3.10186E-05 6.26877E-03 
1.01995E-02 2.94593E-05 8.80688E-03 
1.03571E-02 2.86534E-05 1.03900E-02 
9.97867E-03 2.68076E-05 1.05368E-02 
7.41230E-02 3.93720E-02 3.11688E-05 
6.91387E-02 3.07987E-02 3.23469E-05 
6.39725E-02 2.36195E-02 3.36602E-05 
5.87272E-02 1.77387E-02 3.51734E-05 
5.34117E-02 1.30269E-02 3.69245E-05 
4.81715E-02 9.36164E-03 3.90483E-05 
4.31187E-02 6.58814E-03 4.17150E-05 
3.94013E-02 4.95213E-03 4.43005E-05 
3.83553E-02 4.54627E-03 4.51691E-05 
3.36603E-02 2.98964E-03 5.02163E-05 
2.94733E-02 1.93236E-03 5.72816E-05 
2.58015E-02 1.23102E-03 6.73482E-05 
2.26254E-02 7.75234E-04 8.19615E-05 
1.99413E-02 4.84816E-04 1.03831E-04 
1.76380E-02 3.02420E-04 1.36980E-04 
1.56473E-02 1.89094E-04 1.88466E-04 
1.39174E-02 1.19675E-04 2.70803E-04 
1.24038E-02 7.76414E-05 4.06613E-04 
1.10724E-02 5.23659E-05 6.37446E-04 
9.90421E-03 3.71688E-05 1.03924E-03 
8.90571E-03 2.79895E-05 1.74148E-03 
8.14009E-03 2.25479E-05 2.91830E-03 
7.75143E-03 1.97607E-05 4.63471E-03 
7.79354E-03 1.89403E-05 6.47834E-03 
7.87852E-03 1.87693E-05 7.60445E-03 
7.55543E-03 1.80047E-05 7.67336E-03 
6.80540E-02 3.87656E-02 2.83389E-05 
6.30280E-02 3.00819E-02 2.91576E-05 
5.78456E-02 2.28556E-02 3.00448E-05 
5.26147E-02 1.69820E-02 3.10532E-05 
4.73583E-02 1.23197E-02 3.22035E-05 
4.22217E-02 8.73240E-03 3.36010E-05 
3.73296E-02 6.05378E-03 3.53868E-05 
3.37691E-02 4.49381E-03 3.71472E-05 
3.27738E-02 4.10988E-03 3.77451E-05 
2.83431E-02 2.65200E-03 4.12684E-05 
2.44602E-02 1.68031E-03 4.63083E-05 
2.11182E-02 1.04836E-03 5.36046E-05 
1.82809E-02 6.45642E-04 6.43005E-05 
1.59269E-02 3.93577E-04 8.04174E-05 
1.39454E-02 2.38404E-04 1.04905E-04 
1.22634E-02 1.43826E-04 1.42938E-04 
1.08253E-02 8.70714E-05 2.03668E-04 
9.58446E-03 5.35401E-05 3.03569E-04 
8.50594E-03 3.40174E-05 4.72816E-04 
7.56772E-03 2.27870E-05 7.66158E-04 
6.77084E-03 1.64102E-05 1.27657E-03 
6.15910E-03 1.29269E-05 2.12738E-03 
5.83756E-03 1.13627E-05 3.36007E-03 
5.84153E-03 1.11766E-05 4.67090E-03 
5.87637E-03 1.15547E-05 5.45285E-03 
5.60699E-03 1.16542E-05 5.47243E-03 
6.24018E-02 3.80662E-02 2.57520E-05 
5.73708E-02 2.93002E-02 2.62636E-05 
5.22017E-02 2.20473E-02 2.67862E-05 
4.70142E-02 1.61987E-02 2.73666E-05 
4.18493E-02 1.16019E-02 2.80158E-05 
3.68451E-02 8.10432E-03 2.88129E-05 
3.21348E-02 5.52847E-03 2.98758E-05 
2.87486E-02 4.04917E-03 3.09692E-05 
2.78073E-02 3.68799E-03 3.13481E-05 
2.36594E-02 2.33173E-03 3.36517E-05 
2.00871E-02 1.44575E-03 3.70777E-05 
1.70729E-02 8.81680E-04 4.21776E-05 
1.45642E-02 5.29826E-04 4.97788E-05 
1.25241E-02 3.13841E-04 6.13635E-05 
1.08412E-02 1.83743E-04 7.90415E-05 
9.44039E-03 1.06084E-04 1.06525E-04 
8.26369E-03 6.05337E-05 1.50360E-04 
7.26386E-03 3.43695E-05 2.22281E-04 
6.40590E-03 1.97235E-05 3.43696E-04 
5.66672E-03 1.17869E-05 5.53191E-04 
5.04317E-03 7.69181E-06 9.15898E-04 
4.56413E-03 5.78441E-06 1.51692E-03 
4.30392E-03 5.21165E-06 2.38122E-03 
4.28414E-03 5.56976E-06 3.28982E-03 
4.28584E-03 6.42346E-06 3.81702E-03 
4.06618E-03 7.21073E-06 3.80747E-03 
5.71394E-02 3.72735E-02 2.33864E-05 
5.21304E-02 2.84512E-02 2.36346E-05 
4.70107E-02 2.11982E-02 2.38510E-05 
4.18956E-02 1.53930E-02 2.40728E-05 
3.68515E-02 1.08776E-02 2.43087E-05 
3.20079E-02 7.48175E-03 2.46176E-05 
2.75024E-02 5.01639E-03 2.50998E-05 
2.43039E-02 3.62134E-03 2.56624E-05 
2.34210E-02 3.28372E-03 2.58689E-05 
1.95683E-02 2.03056E-03 2.72141E-05 
1.63111E-02 1.22953E-03 2.93817E-05 
1.36193E-02 7.31126E-04 3.27748E-05 
1.14288E-02 4.27500E-04 3.79878E-05 
9.68261E-03 2.44883E-04 4.60680E-05 
8.27340E-03 1.37519E-04 5.84904E-05 
7.12474E-03 7.48955E-05 7.78492E-05 
6.17821E-03 3.91132E-05 1.08704E-04 
5.38741E-03 1.92488E-05 1.59197E-04 
4.71824E-03 8.69084E-06 2.44097E-04 
4.14806E-03 3.46443E-06 3.89874E-04 
3.67053E-03 1.21406E-06 6.40799E-04 
3.30348E-03 5.68309E-07 1.05373E-03 
3.09741E-03 7.98403E-07 1.64228E-03 
3.06403E-03 1.62524E-06 2.25253E-03 
3.04488E-03 2.89271E-06 2.59462E-03 
2.86941E-03 4.22747E-06 2.56973E-03 
5.22334E-02 3.63803E-02 2.12201E-05 
4.72757E-02 2.75327E-02 2.12448E-05 
4.22421E-02 2.03099E-02 2.12087E-05 
3.72318E-02 1.45699E-02 2.11360E-05 
3.23334E-02 1.01512E-02 2.10351E-05 
2.76778E-02 6.86910E-03 2.09560E-05 
2.33969E-02 4.52108E-03 2.09810E-05 
2.03980E-02 3.21320E-03 2.11320E-05 
1.95770E-02 2.89979E-03 2.12063E-05 
1.60295E-02 1.75035E-03 2.18191E-05 
1.30888E-02 1.03253E-03 2.30316E-05 
1.07116E-02 5.96854E-04 2.51337E-05 
8.82095E-03 3.38115E-04 2.85374E-05 
7.34712E-03 1.85915E-04 3.39677E-05 
6.18605E-03 9.88621E-05 4.24226E-05 
5.26080E-03 4.93946E-05 5.56577E-05 
4.51386E-03 2.19913E-05 7.67480E-05 
3.90098E-03 7.43191E-06 1.11160E-04 
3.39001E-03 2.56220E-07 1.68736E-04 
2.96017E-03 -2.76249E-06 2.67043E-04 
2.60283E-03 -3.53179E-06 4.35026E-04 
2.32795E-03 -3.17097E-06 7.09078E-04 
2.16800E-03 -2.28969E-06 1.09530E-03 
2.12776E-03 -1.05610E-06 1.48864E-03 
2.09620E-03 5.74447E-07 1.69904E-03 
1.95845E-03 2.34626E-06 1.66770E-03 
4.76257E-02 3.53667E-02 1.92217E-05 
4.27590E-02 2.65372E-02 1.90626E-05 
3.78436E-02 1.93770E-02 1.88196E-05 
3.29723E-02 1.37280E-02 1.85097E-05 
2.82485E-02 9.42413E-03 1.81417E-05 
2.38065E-02 6.26810E-03 1.77610E-05 
1.97695E-02 4.04437E-03 1.74361E-05 
1.69807E-02 2.82617E-03 1.72770E-05 
1.62238E-02 2.53730E-03 1.72522E-05 
1.29888E-02 1.49152E-03 1.73220E-05 
1.03640E-02 8.54686E-04 1.78329E-05 
8.29061E-03 4.78342E-04 1.89858E-05 
6.68311E-03 2.61007E-04 2.10609E-05 
5.45973E-03 1.36143E-04 2.45407E-05 
4.51934E-03 6.69029E-05 3.00634E-05 
3.78795E-03 2.87401E-05 3.87719E-05 
3.21069E-03 8.40850E-06 5.26563E-05 
2.74635E-03 -1.74516E-06 7.52287E-05 
2.36542E-03 -6.15180E-06 1.12747E-04 
2.04957E-03 -7.38573E-06 1.76331E-04 
1.78899E-03 -6.96871E-06 2.83901E-04 
1.58813E-03 -5.80337E-06 4.57289E-04 
1.46611E-03 -4.38939E-06 6.97748E-04 
1.42303E-03 -2.79793E-06 9.36289E-04 
1.38449E-03 -8.44218E-07 1.05488E-03 
1.27774E-03 1.27939E-06 1.02239E-03 
4.32960E-02 3.42131E-02 1.73782E-05 
3.85638E-02 2.54578E-02 1.70737E-05 
3.38000E-02 1.83989E-02 1.66666E-05 
2.91035E-02 1.28715E-02 1.61734E-05 
2.45823E-02 8.70193E-03 1.56016E-05 
2.03775E-02 5.68460E-03 1.49971E-05 
1.66024E-02 3.59163E-03 1.44181E-05 
1.40309E-02 2.46458E-03 1.40368E-05 
1.33393E-02 2.20027E-03 1.39418E-05 
1.04199E-02 1.25677E-03 1.36317E-05 
8.10312E-03 6.97245E-04 1.36516E-05 
6.31878E-03 3.75999E-04 1.41402E-05 
4.97173E-03 1.95951E-04 1.52770E-05 
3.97262E-03 9.50313E-05 1.73696E-05 
3.22527E-03 4.10545E-05 2.08034E-05 
2.65844E-03 1.23569E-05 2.62776E-05 
2.22145E-03 -2.16699E-06 3.50091E-05 
1.87730E-03 -8.75449E-06 4.91248E-05 
1.59991E-03 -1.09421E-05 7.23580E-05 
1.37338E-03 -1.07574E-05 1.11274E-04 
1.18799E-03 -9.40063E-06 1.76099E-04 
1.04441E-03 -7.59558E-06 2.78609E-04 
9.52139E-04 -5.74524E-06 4.17051E-04 
9.08238E-04 -3.83776E-06 5.48276E-04 
8.65816E-04 -1.59626E-06 6.04691E-04 
7.83438E-04 8.10433E-07 5.73975E-04 
3.91691E-02 3.28766E-02 1.56544E-05 
3.46178E-02 2.42665E-02 1.52394E-05 
3.00465E-02 1.73596E-02 1.47081E-05 
2.55647E-02 1.19922E-02 1.40805E-05 
2.12785E-02 7.98153E-03 1.33620E-05 
1.73343E-02 5.11728E-03 1.25998E-05 
1.38389E-02 3.16238E-03 1.18483E-05 
1.14920E-02 2.12823E-03 1.13189E-05 
1.08669E-02 1.88852E-03 1.11776E-05 
8.26256E-03 1.04539E-03 1.06183E-05 
6.24519E-03 5.59362E-04 1.03165E-05 
4.73325E-03 2.88792E-04 1.03643E-05 
3.62417E-03 1.41940E-04 1.08680E-05 
2.82337E-03 6.16631E-05 1.20084E-05 
2.24118E-03 2.04841E-05 1.39924E-05 
1.81103E-03 -4.58900E-07 1.72096E-05 
1.48748E-03 -1.03049E-05 2.23377E-05 
1.23829E-03 -1.40541E-05 3.05402E-05 
1.04136E-03 -1.44861E-05 4.38126E-05 
8.82870E-04 -1.31826E-05 6.55416E-05 
7.54288E-04 -1.10830E-05 1.00714E-04 
6.53694E-04 -8.76808E-06 1.54269E-04 
5.83792E-04 -6.55744E-06 2.22670E-04 
5.39730E-04 -4.36928E-06 2.80918E-04 
4.95031E-04 -1.87096E-06 2.96163E-04 
4.31046E-04 7.62793E-07 2.68453E-04 
3.51801E-02 3.13014E-02 1.40211E-05 
3.08576E-02 2.29241E-02 1.35271E-05 
2.65293E-02 1.62379E-02 1.29112E-05 
2.23046E-02 1.10783E-02 1.21938E-05 
1.82912E-02 7.25845E-03 1.13812E-05 
1.46343E-02 4.56524E-03 1.05214E-05 
1.14369E-02 2.75705E-03 9.66805E-06 
9.32098E-03 1.81760E-03 9.05253E-06 
8.76306E-03 1.60245E-03 8.88455E-06 
6.47138E-03 8.57465E-04 8.18315E-06 
4.74178E-03 4.40623E-04 7.69385E-06 
3.48264E-03 2.15999E-04 7.47352E-06 
2.58691E-03 9.81456E-05 7.57635E-06 
1.95791E-03 3.52642E-05 8.09348E-06 
1.51385E-03 4.55058E-06 9.10949E-06 
1.19420E-03 -1.02118E-05 1.08030E-05 
9.59516E-04 -1.63973E-05 1.34838E-05 
7.82809E-04 -1.79467E-05 1.76634E-05 
6.46024E-04 -1.70222E-05 2.41629E-05 
5.37691E-04 -1.48528E-05 3.42369E-05 
4.50473E-04 -1.21766E-05 4.93629E-05 
3.80886E-04 -9.46198E-06 6.99680E-05 
3.26959E-04 -6.95861E-06 9.15092E-05 
2.82673E-04 -4.52682E-06 1.01437E-04 
2.36410E-04 -1.80663E-06 9.02527E-05 
1.85757E-04 1.00128E-06 6.58780E-05 
3.12430E-02 2.94019E-02 1.24418E-05 
2.72045E-02 2.13716E-02 1.18991E-05 
2.31796E-02 1.49984E-02 1.12375E-05 
1.92623E-02 1.01092E-02 1.04728E-05 
1.55661E-02 6.52241E-03 9.61573E-06 
1.22291E-02 4.02419E-03 8.71337E-06 
9.35054E-03 2.37406E-03 7.81978E-06 
7.47298E-03 1.53198E-03 7.17094E-06 
6.98303E-03 1.34150E-03 6.99271E-06 
4.99971E-03 6.92350E-04 6.23446E-06 
3.54384E-03 3.40180E-04 5.66066E-06 
2.51622E-03 1.56679E-04 5.30173E-06 
1.80810E-03 6.36798E-05 5.17380E-06 
1.32444E-03 1.51196E-05 5.30668E-06 
9.92673E-04 -7.28209E-06 5.70350E-06 
7.59467E-04 -1.72751E-05 6.40295E-06 
5.91998E-04 -2.06926E-05 7.47283E-06 
4.68601E-04 -2.05982E-05 8.99625E-06 
3.75078E-04 -1.86666E-05 1.10233E-05 
3.02280E-04 -1.58576E-05 1.34209E-05 
2.43987E-04 -1.27584E-05 1.53883E-05 
1.95915E-04 -9.75154E-06 1.44870E-05 
1.52853E-04 -7.02804E-06 5.66175E-06 
1.08168E-04 -4.40254E-06 -1.53002E-05 
6.07599E-05 -1.51082E-06 -4.27099E-05 
1.95855E-05 1.40987E-06 -6.37764E-05 
2.72633E-02 2.70690E-02 1.08763E-05 
2.35746E-02 1.95351E-02 1.03156E-05 
1.99156E-02 1.35891E-02 9.64378E-06 
1.63662E-02 9.05371E-03 8.87334E-06 
1.30405E-02 5.75616E-03 8.01923E-06 
1.00639E-02 3.48551E-03 7.12589E-06 
7.52932E-03 2.00920E-03 6.24674E-06 
5.90010E-03 1.26899E-03 5.60991E-06 
5.47927E-03 1.10357E-03 5.43496E-06 
3.80086E-03 5.48686E-04 4.68800E-06 
2.60352E-03 2.56826E-04 4.10653E-06 
1.78503E-03 1.09760E-04 3.70186E-06 
1.23876E-03 3.76968E-05 3.46290E-06 
8.75018E-04 6.76410E-07 3.37893E-06 
6.31766E-04 -1.53289E-05 3.40185E-06 
4.63814E-04 -2.17846E-05 3.48217E-06 
3.45233E-04 -2.32116E-05 3.53625E-06 
2.59479E-04 -2.19715E-05 3.37981E-06 
1.95854E-04 -1.93639E-05 2.58473E-06 
1.47264E-04 -1.61475E-05 1.65190E-07 
1.08469E-04 -1.27980E-05 -6.06651E-06 
7.48534E-05 -9.63050E-06 -2.02249E-05 
3.91038E-05 -6.78758E-06 -4.75045E-05 
-5.61649E-06 -4.05201E-06 -8.67536E-05 
-5.32898E-05 -1.07543E-06 -1.23003E-04 
-8.75298E-05 1.86810E-06 -1.40859E-04 
2.31750E-02 2.42104E-02 9.29414E-06 
1.98994E-02 1.73453E-02 8.74251E-06 
1.66651E-02 1.19572E-02 8.09081E-06 
1.35476E-02 7.87692E-03 7.35322E-06 
1.06495E-02 4.93771E-03 6.54564E-06 
8.07981E-03 2.93688E-03 5.70897E-06 
5.92037E-03 1.65595E-03 4.89379E-06 
4.55248E-03 1.02457E-03 4.30794E-06 
4.20257E-03 8.85082E-04 4.14752E-06 
2.82760E-03 4.24301E-04 3.46569E-06 
1.87408E-03 1.89012E-04 2.93254E-06 
1.24240E-03 7.41314E-05 2.54554E-06 
8.33286E-04 1.95244E-05 2.27648E-06 
5.66318E-04 -8.26902E-06 2.09051E-06 
3.91005E-04 -1.94914E-05 1.91267E-06 
2.70983E-04 -2.34605E-05 1.64596E-06 
1.86972E-04 -2.35978E-05 1.12506E-06 
1.27061E-04 -2.17032E-05 2.39412E-08 
8.35498E-05 -1.87893E-05 -2.33346E-06 
5.10444E-05 -1.54609E-05 -7.36282E-06 
2.51740E-05 -1.21051E-05 -1.79146E-05 
1.25914E-06 -8.98021E-06 -3.88229E-05 
-2.88990E-05 -6.18739E-06 -7.50251E-05 
-7.19356E-05 -3.49752E-06 -1.22318E-04 
-1.17698E-04 -5.98258E-07 -1.61222E-04 
-1.46142E-04 2.21452E-06 -1.75828E-04 
1.90199E-02 2.08500E-02 7.70175E-06 
1.61929E-02 1.48049E-02 7.17645E-06 
1.34249E-02 1.00985E-02 6.56800E-06 
1.07868E-02 6.57117E-03 5.89328E-06 
8.36112E-03 4.05880E-03 5.16686E-06 
6.23969E-03 2.37239E-03 4.42716E-06 
4.48239E-03 1.30976E-03 3.71633E-06 
3.38770E-03 7.95247E-04 3.21286E-06 
3.11042E-03 6.82833E-04 3.07586E-06 
2.03649E-03 3.16821E-04 2.49895E-06 
1.31185E-03 1.35022E-04 2.05220E-06 
8.45372E-04 4.87103E-05 1.72389E-06 
5.50896E-04 8.72460E-06 1.47893E-06 
3.61345E-04 -1.15144E-05 1.27418E-06 
2.37984E-04 -1.91970E-05 1.03033E-06 
1.53479E-04 -2.15390E-05 6.40378E-07 
9.44002E-05 -2.10419E-05 -7.83419E-08 
5.26608E-05 -1.90415E-05 -1.47695E-06 
2.29488E-05 -1.63032E-05 -4.26219E-06 
1.27664E-06 -1.32930E-05 -9.87322E-06 
-1.58536E-05 -1.03124E-05 -2.11110E-05 
-3.27360E-05 -7.56186E-06 -4.25529E-05 
-5.70274E-05 -5.10784E-06 -7.83868E-05 
-9.45039E-05 -2.74003E-06 -1.23482E-04 
-1.34138E-04 -2.05196E-07 -1.58643E-04 
-1.56488E-04 2.21716E-06 -1.69733E-04 
1.50205E-02 1.72376E-02 6.17137E-06 
1.26433E-02 1.20949E-02 5.68315E-06 
1.03477E-02 8.13890E-03 5.13258E-06 
8.19692E-03 5.21726E-03 4.53840E-06 
6.25329E-03 3.16876E-03 3.91465E-06 
4.58537E-03 1.81792E-03 3.29455E-06 
3.23081E-03 9.83080E-04 2.71181E-06 
2.40359E-03 5.86757E-04 2.30741E-06 
2.19642E-03 5.01180E-04 2.19851E-06 
1.40597E-03 2.26520E-04 1.74614E-06 
8.86405E-04 9.36259E-05 1.40263E-06 
5.60304E-04 3.21357E-05 1.15261E-06 
3.58723E-04 4.31000E-06 9.63834E-07 
2.30414E-04 -9.57842E-06 7.98968E-07 
1.47424E-04 -1.46079E-05 5.95470E-07 
9.05625E-05 -1.59633E-05 2.69369E-07 
5.08875E-05 -1.53894E-05 -3.21179E-07 
2.30472E-05 -1.38096E-05 -1.44678E-06 
3.49799E-06 -1.17501E-05 -3.64670E-06 
-1.05293E-05 -9.52961E-06 -8.01016E-06 
-2.15408E-05 -7.35249E-06 -1.66344E-05 
-3.27344E-05 -5.35350E-06 -3.29028E-05 
-4.98231E-05 -3.57148E-06 -5.97858E-05 
-7.69580E-05 -1.84986E-06 -9.31772E-05 
-1.05535E-04 -1.36683E-08 -1.18683E-04 
-1.20935E-04 1.72590E-06 -1.26085E-04 
---
