PdfType: replica
Format: lhagrid1
---
1.00000E-06 1.28121E-06 1.64152E-06 2.10317E-06 2.69463E-06 3.45242E-06 4.42329E-06 5.66715E-06 7.26076E-06 9.30241E-06 1.19180E-05 1.52689E-05 1.95617E-05 2.50609E-05 3.21053E-05 4.11287E-05 5.26863E-05 6.74889E-05 8.64459E-05 1.10720E-04 1.41800E-04 1.81585E-04 2.32503E-04 2.97652E-04 3.80981E-04 4.87518E-04 6.26039E-04 8.00452E-04 1.02297E-03 1.30657E-03 1.66759E-03 2.12729E-03 2.71054E-03 3.44865E-03 4.37927E-03 5.54908E-03 7.01192E-03 8.83064E-03 1.10763E-02 1.38266E-02 1.71641E-02 2.11717E-02 2.59364E-02 3.15062E-02 3.79623E-02 4.53425E-02 5.36750E-02 6.29705E-02 7.32221E-02 8.44039E-02 9.64793E-02 1.09332E-01 1.23067E-01 1.37507E-01 1.52639E-01 1.68416E-01 1.84794E-01 2.01731E-01 2.19016E-01 2.36948E-01 2.55242E-01 2.73927E-01 2.92954E-01 3.12340E-01 3.32036E-01 3.52019E-01 3.72282E-01 3.92772E-01 4.13533E-01 4.34326E-01 4.55495E-01 4.76836E-01 4.98342E-01 5.20006E-01 5.41818E-01 5.63773E-01 5.85861E-01 6.08077E-01 6.30459E-01 6.52800E-01 6.75387E-01 6.98063E-01 7.20830E-01 7.43683E-01 7.66623E-01 7.89636E-01 8.12791E-01 8.35940E-01 8.59175E-01 8.82485E-01 9.05866E-01 9.29311E-01 9.52817E-01 9.76387E-01 1.00000E+00 
1.14018E+00 1.22539E+00 1.32482E+00 1.44156E+00 1.57954E+00 1.74381E+00 1.94091E+00 2.12132E+00 2.17945E+00 2.49622E+00 2.89383E+00 3.39925E+00 4.05063E+00 4.90286E+00 6.03623E+00 7.57063E+00 9.68869E+00 1.26749E+01 1.69835E+01 2.33578E+01 3.30501E+01 4.82334E+01 7.28041E+01 1.13998E+02 1.85779E+02 3.16228E+02 
908
-7.57129E-09 
-7.57129E-09 
-7.57129E-09 
-7.57129E-09 
-7.57129E-09 
-7.57129E-09 
-7.57129E-09 
-7.57129E-09 
-7.57129E-09 
-7.57129E-09 
-7.57129E-09 
-7.57129E-09 
-7.57129E-09 
-7.57129E-09 
-7.57129E-09 
-7.57129E-09 
-7.57129E-09 
-7.57129E-09 
-7.57129E-09 
-7.57129E-09 
-7.57129E-09 
-7.57129E-09 
-7.57129E-09 
-7.57129E-09 
-7.57129E-09 
-7.57129E-09 
-1.05690E-08 
-1.05690E-08 
-1.05690E-08 
-1.05690E-08 
-1.05690E-08 
-1.05690E-08 
-1.05690E-08 
-1.05690E-08 
-1.05690E-08 
-1.05690E-08 
-1.05690E-08 
-1.05690E-08 
-1.05690E-08 
-1.05690E-08 
-1.05690E-08 
-1.05690E-08 
-1.05690E-08 
-1.05690E-08 
-1.05690E-08 
-1.05690E-08 
-1.05690E-08 
-1.05690E-08 
-1.05690E-08 
-1.05690E-08 
-1.05690E-08 
-1.05690E-08 
-1.47539E-08 
-1.47539E-08 
-1.47539E-08 
-1.47539E-08 
-1.47539E-08 
-1.47539E-08 
-1.47539E-08 
-1.47539E-08 
-1.47539E-08 
-1.47539E-08 
-1.47539E-08 
-1.47539E-08 
-1.47539E-08 
-1.47539E-08 
-1.47539E-08 
-1.47539E-08 
-1.47539E-08 
-1.47539E-08 
-1.47539E-08 
-1.47539E-08 
-1.47539E-08 
-1.47539E-08 
-1.47539E-08 
-1.47539E-08 
-1.47539E-08 
-1.47539E-08 
-2.05959E-08 
-2.05959E-08 
-2.05959E-08 
-2.05959E-08 
-2.05959E-08 
-2.05959E-08 
-2.05959E-08 
-2.05959E-08 
-2.05959E-08 
-2.05959E-08 
-2.05959E-08 
-2.05959E-08 
-2.05959E-08 
-2.05959E-08 
-2.05959E-08 
-2.05959E-08 
-2.05959E-08 
-2.05959E-08 
-2.05959E-08 
-2.05959E-08 
-2.05959E-08 
-2.05959E-08 
-2.05959E-08 
-2.05959E-08 
-2.05959E-08 
-2.05959E-08 
-2.87508E-08 
-2.87508E-08 
-2.87508E-08 
-2.87508E-08 
-2.87508E-08 
-2.87508E-08 
-2.87508E-08 
-2.87508E-08 
-2.87508E-08 
-2.87508E-08 
-2.87508E-08 
-2.87508E-08 
-2.87508E-08 
-2.87508E-08 
-2.87508E-08 
-2.87508E-08 
-2.87508E-08 
-2.87508E-08 
-2.87508E-08 
-2.87508E-08 
-2.87508E-08 
-2.87508E-08 
-2.87508E-08 
-2.87508E-08 
-2.87508E-08 
-2.87508E-08 
-4.01347E-08 
-4.01347E-08 
-4.01347E-08 
-4.01347E-08 
-4.01347E-08 
-4.01347E-08 
-4.01347E-08 
-4.01347E-08 
-4.01347E-08 
-4.01347E-08 
-4.01347E-08 
-4.01347E-08 
-4.01347E-08 
-4.01347E-08 
-4.01347E-08 
-4.01347E-08 
-4.01347E-08 
-4.01347E-08 
-4.01347E-08 
-4.01347E-08 
-4.01347E-08 
-4.01347E-08 
-4.01347E-08 
-4.01347E-08 
-4.01347E-08 
-4.01347E-08 
-5.60255E-08 
-5.60255E-08 
-5.60255E-08 
-5.60255E-08 
-5.60255E-08 
-5.60255E-08 
-5.60255E-08 
-5.60255E-08 
-5.60255E-08 
-5.60255E-08 
-5.60255E-08 
-5.60255E-08 
-5.60255E-08 
-5.60255E-08 
-5.60255E-08 
-5.60255E-08 
-5.60255E-08 
-5.60255E-08 
-5.60255E-08 
-5.60255E-08 
-5.60255E-08 
-5.60255E-08 
-5.60255E-08 
-5.60255E-08 
-5.60255E-08 
-5.60255E-08 
-7.82073E-08 
-7.82073E-08 
-7.82073E-08 
-7.82073E-08 
-7.82073E-08 
-7.82073E-08 
-7.82073E-08 
-7.82073E-08 
-7.82073E-08 
-7.82073E-08 
-7.82073E-08 
-7.82073E-08 
-7.82073E-08 
-7.82073E-08 
-7.82073E-08 
-7.82073E-08 
-7.82073E-08 
-7.82073E-08 
-7.82073E-08 
-7.82073E-08 
-7.82073E-08 
-7.82073E-08 
-7.82073E-08 
-7.82073E-08 
-7.82073E-08 
-7.82073E-08 
-1.09171E-07 
-1.09171E-07 
-1.09171E-07 
-1.09171E-07 
-1.09171E-07 
-1.09171E-07 
-1.09171E-07 
-1.09171E-07 
-1.09171E-07 
-1.09171E-07 
-1.09171E-07 
-1.09171E-07 
-1.09171E-07 
-1.09171E-07 
-1.09171E-07 
-1.09171E-07 
-1.09171E-07 
-1.09171E-07 
-1.09171E-07 
-1.09171E-07 
-1.09171E-07 
-1.09171E-07 
-1.09171E-07 
-1.09171E-07 
-1.09171E-07 
-1.09171E-07 
-1.52391E-07 
-1.52391E-07 
-1.52391E-07 
-1.52391E-07 
-1.52391E-07 
-1.52391E-07 
-1.52391E-07 
-1.52391E-07 
-1.52391E-07 
-1.52391E-07 
-1.52391E-07 
-1.52391E-07 
-1.52391E-07 
-1.52391E-07 
-1.52391E-07 
-1.52391E-07 
-1.52391E-07 
-1.52391E-07 
-1.52391E-07 
-1.52391E-07 
-1.52391E-07 
-1.52391E-07 
-1.52391E-07 
-1.52391E-07 
-1.52391E-07 
-1.52391E-07 
-2.12718E-07 
-2.12718E-07 
-2.12718E-07 
-2.12718E-07 
-2.12718E-07 
-2.12718E-07 
-2.12718E-07 
-2.12718E-07 
-2.12718E-07 
-2.12718E-07 
-2.12718E-07 
-2.12718E-07 
-2.12718E-07 
-2.12718E-07 
-2.12718E-07 
-2.12718E-07 
-2.12718E-07 
-2.12718E-07 
-2.12718E-07 
-2.12718E-07 
-2.12718E-07 
-2.12718E-07 
-2.12718E-07 
-2.12718E-07 
-2.12718E-07 
-2.12718E-07 
-2.96922E-07 
-2.96922E-07 
-2.96922E-07 
-2.96922E-07 
-2.96922E-07 
-2.96922E-07 
-2.96922E-07 
-2.96922E-07 
-2.96922E-07 
-2.96922E-07 
-2.96922E-07 
-2.96922E-07 
-2.96922E-07 
-2.96922E-07 
-2.96922E-07 
-2.96922E-07 
-2.96922E-07 
-2.96922E-07 
-2.96922E-07 
-2.96922E-07 
-2.96922E-07 
-2.96922E-07 
-2.96922E-07 
-2.96922E-07 
-2.96922E-07 
-2.96922E-07 
-4.14451E-07 
-4.14451E-07 
-4.14451E-07 
-4.14451E-07 
-4.14451E-07 
-4.14451E-07 
-4.14451E-07 
-4.14451E-07 
-4.14451E-07 
-4.14451E-07 
-4.14451E-07 
-4.14451E-07 
-4.14451E-07 
-4.14451E-07 
-4.14451E-07 
-4.14451E-07 
-4.14451E-07 
-4.14451E-07 
-4.14451E-07 
-4.14451E-07 
-4.14451E-07 
-4.14451E-07 
-4.14451E-07 
-4.14451E-07 
-4.14451E-07 
-4.14451E-07 
-5.78483E-07 
-5.78483E-07 
-5.78483E-07 
-5.78483E-07 
-5.78483E-07 
-5.78483E-07 
-5.78483E-07 
-5.78483E-07 
-5.78483E-07 
-5.78483E-07 
-5.78483E-07 
-5.78483E-07 
-5.78483E-07 
-5.78483E-07 
-5.78483E-07 
-5.78483E-07 
-5.78483E-07 
-5.78483E-07 
-5.78483E-07 
-5.78483E-07 
-5.78483E-07 
-5.78483E-07 
-5.78483E-07 
-5.78483E-07 
-5.78483E-07 
-5.78483E-07 
-8.07407E-07 
-8.07407E-07 
-8.07407E-07 
-8.07407E-07 
-8.07407E-07 
-8.07407E-07 
-8.07407E-07 
-8.07407E-07 
-8.07407E-07 
-8.07407E-07 
-8.07407E-07 
-8.07407E-07 
-8.07407E-07 
-8.07407E-07 
-8.07407E-07 
-8.07407E-07 
-8.07407E-07 
-8.07407E-07 
-8.07407E-07 
-8.07407E-07 
-8.07407E-07 
-8.07407E-07 
-8.07407E-07 
-8.07407E-07 
-8.07407E-07 
-8.07407E-07 
-1.12688E-06 
-1.12688E-06 
-1.12688E-06 
-1.12688E-06 
-1.12688E-06 
-1.12688E-06 
-1.12688E-06 
-1.12688E-06 
-1.12688E-06 
-1.12688E-06 
-1.12688E-06 
-1.12688E-06 
-1.12688E-06 
-1.12688E-06 
-1.12688E-06 
-1.12688E-06 
-1.12688E-06 
-1.12688E-06 
-1.12688E-06 
-1.12688E-06 
-1.12688E-06 
-1.12688E-06 
-1.12688E-06 
-1.12688E-06 
-1.12688E-06 
-1.12688E-06 
-1.57266E-06 
-1.57266E-06 
-1.57266E-06 
-1.57266E-06 
-1.57266E-06 
-1.57266E-06 
-1.57266E-06 
-1.57266E-06 
-1.57266E-06 
-1.57266E-06 
-1.57266E-06 
-1.57266E-06 
-1.57266E-06 
-1.57266E-06 
-1.57266E-06 
-1.57266E-06 
-1.57266E-06 
-1.57266E-06 
-1.57266E-06 
-1.57266E-06 
-1.57266E-06 
-1.57266E-06 
-1.57266E-06 
-1.57266E-06 
-1.57266E-06 
-1.57266E-06 
-2.19466E-06 
-2.19466E-06 
-2.19466E-06 
-2.19466E-06 
-2.19466E-06 
-2.19466E-06 
-2.19466E-06 
-2.19466E-06 
-2.19466E-06 
-2.19466E-06 
-2.19466E-06 
-2.19466E-06 
-2.19466E-06 
-2.19466E-06 
-2.19466E-06 
-2.19466E-06 
-2.19466E-06 
-2.19466E-06 
-2.19466E-06 
-2.19466E-06 
-2.19466E-06 
-2.19466E-06 
-2.19466E-06 
-2.19466E-06 
-2.19466E-06 
-2.19466E-06 
-3.06240E-06 
-3.06240E-06 
-3.06240E-06 
-3.06240E-06 
-3.06240E-06 
-3.06240E-06 
-3.06240E-06 
-3.06240E-06 
-3.06240E-06 
-3.06240E-06 
-3.06240E-06 
-3.06240E-06 
-3.06240E-06 
-3.06240E-06 
-3.06240E-06 
-3.06240E-06 
-3.06240E-06 
-3.06240E-06 
-3.06240E-06 
-3.06240E-06 
-3.06240E-06 
-3.06240E-06 
-3.06240E-06 
-3.06240E-06 
-3.06240E-06 
-3.06240E-06 
-4.27277E-06 
-4.27277E-06 
-4.27277E-06 
-4.27277E-06 
-4.27277E-06 
-4.27277E-06 
-4.27277E-06 
-4.27277E-06 
-4.27277E-06 
-4.27277E-06 
-4.27277E-06 
-4.27277E-06 
-4.27277E-06 
-4.27277E-06 
-4.27277E-06 
-4.27277E-06 
-4.27277E-06 
-4.27277E-06 
-4.27277E-06 
-4.27277E-06 
-4.27277E-06 
-4.27277E-06 
-4.27277E-06 
-4.27277E-06 
-4.27277E-06 
-4.27277E-06 
-5.96083E-06 
-5.96083E-06 
-5.96083E-06 
-5.96083E-06 
-5.96083E-06 
-5.96083E-06 
-5.96083E-06 
-5.96083E-06 
-5.96083E-06 
-5.96083E-06 
-5.96083E-06 
-5.96083E-06 
-5.96083E-06 
-5.96083E-06 
-5.96083E-06 
-5.96083E-06 
-5.96083E-06 
-5.96083E-06 
-5.96083E-06 
-5.96083E-06 
-5.96083E-06 
-5.96083E-06 
-5.96083E-06 
-5.96083E-06 
-5.96083E-06 
-5.96083E-06 
-8.31440E-06 
-8.31440E-06 
-8.31440E-06 
-8.31440E-06 
-8.31440E-06 
-8.31440E-06 
-8.31440E-06 
-8.31440E-06 
-8.31440E-06 
-8.31440E-06 
-8.31440E-06 
-8.31440E-06 
-8.31440E-06 
-8.31440E-06 
-8.31440E-06 
-8.31440E-06 
-8.31440E-06 
-8.31440E-06 
-8.31440E-06 
-8.31440E-06 
-8.31440E-06 
-8.31440E-06 
-8.31440E-06 
-8.31440E-06 
-8.31440E-06 
-8.31440E-06 
-1.15949E-05 
-1.15949E-05 
-1.15949E-05 
-1.15949E-05 
-1.15949E-05 
-1.15949E-05 
-1.15949E-05 
-1.15949E-05 
-1.15949E-05 
-1.15949E-05 
-1.15949E-05 
-1.15949E-05 
-1.15949E-05 
-1.15949E-05 
-1.15949E-05 
-1.15949E-05 
-1.15949E-05 
-1.15949E-05 
-1.15949E-05 
-1.15949E-05 
-1.15949E-05 
-1.15949E-05 
-1.15949E-05 
-1.15949E-05 
-1.15949E-05 
-1.15949E-05 
-1.61656E-05 
-1.61656E-05 
-1.61656E-05 
-1.61656E-05 
-1.61656E-05 
-1.61656E-05 
-1.61656E-05 
-1.61656E-05 
-1.61656E-05 
-1.61656E-05 
-1.61656E-05 
-1.61656E-05 
-1.61656E-05 
-1.61656E-05 
-1.61656E-05 
-1.61656E-05 
-1.61656E-05 
-1.61656E-05 
-1.61656E-05 
-1.61656E-05 
-1.61656E-05 
-1.61656E-05 
-1.61656E-05 
-1.61656E-05 
-1.61656E-05 
-1.61656E-05 
-2.25310E-05 
-2.25310E-05 
-2.25310E-05 
-2.25310E-05 
-2.25310E-05 
-2.25310E-05 
-2.25310E-05 
-2.25310E-05 
-2.25310E-05 
-2.25310E-05 
-2.25310E-05 
-2.25310E-05 
-2.25310E-05 
-2.25310E-05 
-2.25310E-05 
-2.25310E-05 
-2.25310E-05 
-2.25310E-05 
-2.25310E-05 
-2.25310E-05 
-2.25310E-05 
-2.25310E-05 
-2.25310E-05 
-2.25310E-05 
-2.25310E-05 
-2.25310E-05 
-3.13904E-05 
-3.13904E-05 
-3.13904E-05 
-3.13904E-05 
-3.13904E-05 
-3.13904E-05 
-3.13904E-05 
-3.13904E-05 
-3.13904E-05 
-3.13904E-05 
-3.13904E-05 
-3.13904E-05 
-3.13904E-05 
-3.13904E-05 
-3.13904E-05 
-3.13904E-05 
-3.13904E-05 
-3.13904E-05 
-3.13904E-05 
-3.13904E-05 
-3.13904E-05 
-3.13904E-05 
-3.13904E-05 
-3.13904E-05 
-3.13904E-05 
-3.13904E-05 
-4.39362E-05 
-4.39362E-05 
-4.39362E-05 
-4.39362E-05 
-4.39362E-05 
-4.39362E-05 
-4.39362E-05 
-4.39362E-05 
-4.39362E-05 
-4.39362E-05 
-4.39362E-05 
-4.39362E-05 
-4.39362E-05 
-4.39362E-05 
-4.39362E-05 
-4.39362E-05 
-4.39362E-05 
-4.39362E-05 
-4.39362E-05 
-4.39362E-05 
-4.39362E-05 
-4.39362E-05 
-4.39362E-05 
-4.39362E-05 
-4.39362E-05 
-4.39362E-05 
-6.11332E-05 
-6.11332E-05 
-6.11332E-05 
-6.11332E-05 
-6.11332E-05 
-6.11332E-05 
-6.11332E-05 
-6.11332E-05 
-6.11332E-05 
-6.11332E-05 
-6.11332E-05 
-6.11332E-05 
-6.11332E-05 
-6.11332E-05 
-6.11332E-05 
-6.11332E-05 
-6.11332E-05 
-6.11332E-05 
-6.11332E-05 
-6.11332E-05 
-6.11332E-05 
-6.11332E-05 
-6.11332E-05 
-6.11332E-05 
-6.11332E-05 
-6.11332E-05 
-8.49952E-05 
-8.49952E-05 
-8.49952E-05 
-8.49952E-05 
-8.49952E-05 
-8.49952E-05 
-8.49952E-05 
-8.49952E-05 
-8.49952E-05 
-8.49952E-05 
-8.49952E-05 
-8.49952E-05 
-8.49952E-05 
-8.49952E-05 
-8.49952E-05 
-8.49952E-05 
-8.49952E-05 
-8.49952E-05 
-8.49952E-05 
-8.49952E-05 
-8.49952E-05 
-8.49952E-05 
-8.49952E-05 
-8.49952E-05 
-8.49952E-05 
-8.49952E-05 
-1.18056E-04 
-1.18056E-04 
-1.18056E-04 
-1.18056E-04 
-1.18056E-04 
-1.18056E-04 
-1.18056E-04 
-1.18056E-04 
-1.18056E-04 
-1.18056E-04 
-1.18056E-04 
-1.18056E-04 
-1.18056E-04 
-1.18056E-04 
-1.18056E-04 
-1.18056E-04 
-1.18056E-04 
-1.18056E-04 
-1.18056E-04 
-1.18056E-04 
-1.18056E-04 
-1.18056E-04 
-1.18056E-04 
-1.18056E-04 
-1.18056E-04 
-1.18056E-04 
-1.63781E-04 
-1.63781E-04 
-1.63781E-04 
-1.63781E-04 
-1.63781E-04 
-1.63781E-04 
-1.63781E-04 
-1.63781E-04 
-1.63781E-04 
-1.63781E-04 
-1.63781E-04 
-1.63781E-04 
-1.63781E-04 
-1.63781E-04 
-1.63781E-04 
-1.63781E-04 
-1.63781E-04 
-1.63781E-04 
-1.63781E-04 
-1.63781E-04 
-1.63781E-04 
-1.63781E-04 
-1.63781E-04 
-1.63781E-04 
-1.63781E-04 
-1.63781E-04 
-2.26998E-04 
-2.26998E-04 
-2.26998E-04 
-2.26998E-04 
-2.26998E-04 
-2.26998E-04 
-2.26998E-04 
-2.26998E-04 
-2.26998E-04 
-2.26998E-04 
-2.26998E-04 
-2.26998E-04 
-2.26998E-04 
-2.26998E-04 
-2.26998E-04 
-2.26998E-04 
-2.26998E-04 
-2.26998E-04 
-2.26998E-04 
-2.26998E-04 
-2.26998E-04 
-2.26998E-04 
-2.26998E-04 
-2.26998E-04 
-2.26998E-04 
-2.26998E-04 
-3.14007E-04 
-3.14007E-04 
-3.14007E-04 
-3.14007E-04 
-3.14007E-04 
-3.14007E-04 
-3.14007E-04 
-3.14007E-04 
-3.14007E-04 
-3.14007E-04 
-3.14007E-04 
-3.14007E-04 
-3.14007E-04 
-3.14007E-04 
-3.14007E-04 
-3.14007E-04 
-3.14007E-04 
-3.14007E-04 
-3.14007E-04 
-3.14007E-04 
-3.14007E-04 
-3.14007E-04 
-3.14007E-04 
-3.14007E-04 
-3.14007E-04 
-3.14007E-04 
-4.33318E-04 
-4.33318E-04 
-4.33318E-04 
-4.33318E-04 
-4.33318E-04 
-4.33318E-04 
-4.33318E-04 
-4.33318E-04 
-4.33318E-04 
-4.33318E-04 
-4.33318E-04 
-4.33318E-04 
-4.33318E-04 
-4.33318E-04 
-4.33318E-04 
-4.33318E-04 
-4.33318E-04 
-4.33318E-04 
-4.33318E-04 
-4.33318E-04 
-4.33318E-04 
-4.33318E-04 
-4.33318E-04 
-4.33318E-04 
-4.33318E-04 
-4.33318E-04 
-5.96072E-04 
-5.96072E-04 
-5.96072E-04 
-5.96072E-04 
-5.96072E-04 
-5.96072E-04 
-5.96072E-04 
-5.96072E-04 
-5.96072E-04 
-5.96072E-04 
-5.96072E-04 
-5.96072E-04 
-5.96072E-04 
-5.96072E-04 
-5.96072E-04 
-5.96072E-04 
-5.96072E-04 
-5.96072E-04 
-5.96072E-04 
-5.96072E-04 
-5.96072E-04 
-5.96072E-04 
-5.96072E-04 
-5.96072E-04 
-5.96072E-04 
-5.96072E-04 
-8.17015E-04 
-8.17015E-04 
-8.17015E-04 
-8.17015E-04 
-8.17015E-04 
-8.17015E-04 
-8.17015E-04 
-8.17015E-04 
-8.17015E-04 
-8.17015E-04 
-8.17015E-04 
-8.17015E-04 
-8.17015E-04 
-8.17015E-04 
-8.17015E-04 
-8.17015E-04 
-8.17015E-04 
-8.17015E-04 
-8.17015E-04 
-8.17015E-04 
-8.17015E-04 
-8.17015E-04 
-8.17015E-04 
-8.17015E-04 
-8.17015E-04 
-8.17015E-04 
-1.11472E-03 
-1.11472E-03 
-1.11472E-03 
-1.11472E-03 
-1.11472E-03 
-1.11472E-03 
-1.11472E-03 
-1.11472E-03 
-1.11472E-03 
-1.11472E-03 
-1.11472E-03 
-1.11472E-03 
-1.11472E-03 
-1.11472E-03 
-1.11472E-03 
-1.11472E-03 
-1.11472E-03 
-1.11472E-03 
-1.11472E-03 
-1.11472E-03 
-1.11472E-03 
-1.11472E-03 
-1.11472E-03 
-1.11472E-03 
-1.11472E-03 
-1.11472E-03 
-1.51243E-03 
-1.51243E-03 
-1.51243E-03 
-1.51243E-03 
-1.51243E-03 
-1.51243E-03 
-1.51243E-03 
-1.51243E-03 
-1.51243E-03 
-1.51243E-03 
-1.51243E-03 
-1.51243E-03 
-1.51243E-03 
-1.51243E-03 
-1.51243E-03 
-1.51243E-03 
-1.51243E-03 
-1.51243E-03 
-1.51243E-03 
-1.51243E-03 
-1.51243E-03 
-1.51243E-03 
-1.51243E-03 
-1.51243E-03 
-1.51243E-03 
-1.51243E-03 
-2.03830E-03 
-2.03830E-03 
-2.03830E-03 
-2.03830E-03 
-2.03830E-03 
-2.03830E-03 
-2.03830E-03 
-2.03830E-03 
-2.03830E-03 
-2.03830E-03 
-2.03830E-03 
-2.03830E-03 
-2.03830E-03 
-2.03830E-03 
-2.03830E-03 
-2.03830E-03 
-2.03830E-03 
-2.03830E-03 
-2.03830E-03 
-2.03830E-03 
-2.03830E-03 
-2.03830E-03 
-2.03830E-03 
-2.03830E-03 
-2.03830E-03 
-2.03830E-03 
-2.72513E-03 
-2.72513E-03 
-2.72513E-03 
-2.72513E-03 
-2.72513E-03 
-2.72513E-03 
-2.72513E-03 
-2.72513E-03 
-2.72513E-03 
-2.72513E-03 
-2.72513E-03 
-2.72513E-03 
-2.72513E-03 
-2.72513E-03 
-2.72513E-03 
-2.72513E-03 
-2.72513E-03 
-2.72513E-03 
-2.72513E-03 
-2.72513E-03 
-2.72513E-03 
-2.72513E-03 
-2.72513E-03 
-2.72513E-03 
-2.72513E-03 
-2.72513E-03 
-3.60963E-03 
-3.60963E-03 
-3.60963E-03 
-3.60963E-03 
-3.60963E-03 
-3.60963E-03 
-3.60963E-03 
-3.60963E-03 
-3.60963E-03 
-3.60963E-03 
-3.60963E-03 
-3.60963E-03 
-3.60963E-03 
-3.60963E-03 
-3.60963E-03 
-3.60963E-03 
-3.60963E-03 
-3.60963E-03 
-3.60963E-03 
-3.60963E-03 
-3.60963E-03 
-3.60963E-03 
-3.60963E-03 
-3.60963E-03 
-3.60963E-03 
-3.60963E-03 
-4.73022E-03 
-4.73022E-03 
-4.73022E-03 
-4.73022E-03 
-4.73022E-03 
-4.73022E-03 
-4.73022E-03 
-4.73022E-03 
-4.73022E-03 
-4.73022E-03 
-4.73022E-03 
-4.73022E-03 
-4.73022E-03 
-4.73022E-03 
-4.73022E-03 
-4.73022E-03 
-4.73022E-03 
-4.73022E-03 
-4.73022E-03 
-4.73022E-03 
-4.73022E-03 
-4.73022E-03 
-4.73022E-03 
-4.73022E-03 
-4.73022E-03 
-4.73022E-03 
-6.12649E-03 
-6.12649E-03 
-6.12649E-03 
-6.12649E-03 
-6.12649E-03 
-6.12649E-03 
-6.12649E-03 
-6.12649E-03 
-6.12649E-03 
-6.12649E-03 
-6.12649E-03 
-6.12649E-03 
-6.12649E-03 
-6.12649E-03 
-6.12649E-03 
-6.12649E-03 
-6.12649E-03 
-6.12649E-03 
-6.12649E-03 
-6.12649E-03 
-6.12649E-03 
-6.12649E-03 
-6.12649E-03 
-6.12649E-03 
-6.12649E-03 
-6.12649E-03 
-7.82376E-03 
-7.82376E-03 
-7.82376E-03 
-7.82376E-03 
-7.82376E-03 
-7.82376E-03 
-7.82376E-03 
-7.82376E-03 
-7.82376E-03 
-7.82376E-03 
-7.82376E-03 
-7.82376E-03 
-7.82376E-03 
-7.82376E-03 
-7.82376E-03 
-7.82376E-03 
-7.82376E-03 
-7.82376E-03 
-7.82376E-03 
-7.82376E-03 
-7.82376E-03 
-7.82376E-03 
-7.82376E-03 
-7.82376E-03 
-7.82376E-03 
-7.82376E-03 
-9.85157E-03 
-9.85157E-03 
-9.85157E-03 
-9.85157E-03 
-9.85157E-03 
-9.85157E-03 
-9.85157E-03 
-9.85157E-03 
-9.85157E-03 
-9.85157E-03 
-9.85157E-03 
-9.85157E-03 
-9.85157E-03 
-9.85157E-03 
-9.85157E-03 
-9.85157E-03 
-9.85157E-03 
-9.85157E-03 
-9.85157E-03 
-9.85157E-03 
-9.85157E-03 
-9.85157E-03 
-9.85157E-03 
-9.85157E-03 
-9.85157E-03 
-9.85157E-03 
-1.22173E-02 
-1.22173E-02 
-1.22173E-02 
-1.22173E-02 
-1.22173E-02 
-1.22173E-02 
-1.22173E-02 
-1.22173E-02 
-1.22173E-02 
-1.22173E-02 
-1.22173E-02 
-1.22173E-02 
-1.22173E-02 
-1.22173E-02 
-1.22173E-02 
-1.22173E-02 
-1.22173E-02 
-1.22173E-02 
-1.22173E-02 
-1.22173E-02 
-1.22173E-02 
-1.22173E-02 
-1.22173E-02 
-1.22173E-02 
-1.22173E-02 
-1.22173E-02 
-1.49131E-02 
-1.49131E-02 
-1.49131E-02 
-1.49131E-02 
-1.49131E-02 
-1.49131E-02 
-1.49131E-02 
-1.49131E-02 
-1.49131E-02 
-1.49131E-02 
-1.49131E-02 
-1.49131E-02 
-1.49131E-02 
-1.49131E-02 
-1.49131E-02 
-1.49131E-02 
-1.49131E-02 
-1.49131E-02 
-1.49131E-02 
-1.49131E-02 
-1.49131E-02 
-1.49131E-02 
-1.49131E-02 
-1.49131E-02 
-1.49131E-02 
-1.49131E-02 
-1.79108E-02 
-1.79108E-02 
-1.79108E-02 
-1.79108E-02 
-1.79108E-02 
-1.79108E-02 
-1.79108E-02 
-1.79108E-02 
-1.79108E-02 
-1.79108E-02 
-1.79108E-02 
-1.79108E-02 
-1.79108E-02 
-1.79108E-02 
-1.79108E-02 
-1.79108E-02 
-1.79108E-02 
-1.79108E-02 
-1.79108E-02 
-1.79108E-02 
-1.79108E-02 
-1.79108E-02 
-1.79108E-02 
-1.79108E-02 
-1.79108E-02 
-1.79108E-02 
-2.11600E-02 
-2.11600E-02 
-2.11600E-02 
-2.11600E-02 
-2.11600E-02 
-2.11600E-02 
-2.11600E-02 
-2.11600E-02 
-2.11600E-02 
-2.11600E-02 
-2.11600E-02 
-2.11600E-02 
-2.11600E-02 
-2.11600E-02 
-2.11600E-02 
-2.11600E-02 
-2.11600E-02 
-2.11600E-02 
-2.11600E-02 
-2.11600E-02 
-2.11600E-02 
-2.11600E-02 
-2.11600E-02 
-2.11600E-02 
-2.11600E-02 
-2.11600E-02 
-2.45873E-02 
-2.45873E-02 
-2.45873E-02 
-2.45873E-02 
-2.45873E-02 
-2.45873E-02 
-2.45873E-02 
-2.45873E-02 
-2.45873E-02 
-2.45873E-02 
-2.45873E-02 
-2.45873E-02 
-2.45873E-02 
-2.45873E-02 
-2.45873E-02 
-2.45873E-02 
-2.45873E-02 
-2.45873E-02 
-2.45873E-02 
-2.45873E-02 
-2.45873E-02 
-2.45873E-02 
-2.45873E-02 
-2.45873E-02 
-2.45873E-02 
-2.45873E-02 
-2.80995E-02 
-2.80995E-02 
-2.80995E-02 
-2.80995E-02 
-2.80995E-02 
-2.80995E-02 
-2.80995E-02 
-2.80995E-02 
-2.80995E-02 
-2.80995E-02 
-2.80995E-02 
-2.80995E-02 
-2.80995E-02 
-2.80995E-02 
-2.80995E-02 
-2.80995E-02 
-2.80995E-02 
-2.80995E-02 
-2.80995E-02 
-2.80995E-02 
-2.80995E-02 
-2.80995E-02 
-2.80995E-02 
-2.80995E-02 
-2.80995E-02 
-2.80995E-02 
-3.15680E-02 
-3.15680E-02 
-3.15680E-02 
-3.15680E-02 
-3.15680E-02 
-3.15680E-02 
-3.15680E-02 
-3.15680E-02 
-3.15680E-02 
-3.15680E-02 
-3.15680E-02 
-3.15680E-02 
-3.15680E-02 
-3.15680E-02 
-3.15680E-02 
-3.15680E-02 
-3.15680E-02 
-3.15680E-02 
-3.15680E-02 
-3.15680E-02 
-3.15680E-02 
-3.15680E-02 
-3.15680E-02 
-3.15680E-02 
-3.15680E-02 
-3.15680E-02 
-3.49098E-02 
-3.49098E-02 
-3.49098E-02 
-3.49098E-02 
-3.49098E-02 
-3.49098E-02 
-3.49098E-02 
-3.49098E-02 
-3.49098E-02 
-3.49098E-02 
-3.49098E-02 
-3.49098E-02 
-3.49098E-02 
-3.49098E-02 
-3.49098E-02 
-3.49098E-02 
-3.49098E-02 
-3.49098E-02 
-3.49098E-02 
-3.49098E-02 
-3.49098E-02 
-3.49098E-02 
-3.49098E-02 
-3.49098E-02 
-3.49098E-02 
-3.49098E-02 
-3.79577E-02 
-3.79577E-02 
-3.79577E-02 
-3.79577E-02 
-3.79577E-02 
-3.79577E-02 
-3.79577E-02 
-3.79577E-02 
-3.79577E-02 
-3.79577E-02 
-3.79577E-02 
-3.79577E-02 
-3.79577E-02 
-3.79577E-02 
-3.79577E-02 
-3.79577E-02 
-3.79577E-02 
-3.79577E-02 
-3.79577E-02 
-3.79577E-02 
-3.79577E-02 
-3.79577E-02 
-3.79577E-02 
-3.79577E-02 
-3.79577E-02 
-3.79577E-02 
-4.05794E-02 
-4.05794E-02 
-4.05794E-02 
-4.05794E-02 
-4.05794E-02 
-4.05794E-02 
-4.05794E-02 
-4.05794E-02 
-4.05794E-02 
-4.05794E-02 
-4.05794E-02 
-4.05794E-02 
-4.05794E-02 
-4.05794E-02 
-4.05794E-02 
-4.05794E-02 
-4.05794E-02 
-4.05794E-02 
-4.05794E-02 
-4.05794E-02 
-4.05794E-02 
-4.05794E-02 
-4.05794E-02 
-4.05794E-02 
-4.05794E-02 
-4.05794E-02 
-4.26279E-02 
-4.26279E-02 
-4.26279E-02 
-4.26279E-02 
-4.26279E-02 
-4.26279E-02 
-4.26279E-02 
-4.26279E-02 
-4.26279E-02 
-4.26279E-02 
-4.26279E-02 
-4.26279E-02 
-4.26279E-02 
-4.26279E-02 
-4.26279E-02 
-4.26279E-02 
-4.26279E-02 
-4.26279E-02 
-4.26279E-02 
-4.26279E-02 
-4.26279E-02 
-4.26279E-02 
-4.26279E-02 
-4.26279E-02 
-4.26279E-02 
-4.26279E-02 
-4.39523E-02 
-4.39523E-02 
-4.39523E-02 
-4.39523E-02 
-4.39523E-02 
-4.39523E-02 
-4.39523E-02 
-4.39523E-02 
-4.39523E-02 
-4.39523E-02 
-4.39523E-02 
-4.39523E-02 
-4.39523E-02 
-4.39523E-02 
-4.39523E-02 
-4.39523E-02 
-4.39523E-02 
-4.39523E-02 
-4.39523E-02 
-4.39523E-02 
-4.39523E-02 
-4.39523E-02 
-4.39523E-02 
-4.39523E-02 
-4.39523E-02 
-4.39523E-02 
-4.43999E-02 
-4.43999E-02 
-4.43999E-02 
-4.43999E-02 
-4.43999E-02 
-4.43999E-02 
-4.43999E-02 
-4.43999E-02 
-4.43999E-02 
-4.43999E-02 
-4.43999E-02 
-4.43999E-02 
-4.43999E-02 
-4.43999E-02 
-4.43999E-02 
-4.43999E-02 
-4.43999E-02 
-4.43999E-02 
-4.43999E-02 
-4.43999E-02 
-4.43999E-02 
-4.43999E-02 
-4.43999E-02 
-4.43999E-02 
-4.43999E-02 
-4.43999E-02 
-4.38279E-02 
-4.38279E-02 
-4.38279E-02 
-4.38279E-02 
-4.38279E-02 
-4.38279E-02 
-4.38279E-02 
-4.38279E-02 
-4.38279E-02 
-4.38279E-02 
-4.38279E-02 
-4.38279E-02 
-4.38279E-02 
-4.38279E-02 
-4.38279E-02 
-4.38279E-02 
-4.38279E-02 
-4.38279E-02 
-4.38279E-02 
-4.38279E-02 
-4.38279E-02 
-4.38279E-02 
-4.38279E-02 
-4.38279E-02 
-4.38279E-02 
-4.38279E-02 
-4.20735E-02 
-4.20735E-02 
-4.20735E-02 
-4.20735E-02 
-4.20735E-02 
-4.20735E-02 
-4.20735E-02 
-4.20735E-02 
-4.20735E-02 
-4.20735E-02 
-4.20735E-02 
-4.20735E-02 
-4.20735E-02 
-4.20735E-02 
-4.20735E-02 
-4.20735E-02 
-4.20735E-02 
-4.20735E-02 
-4.20735E-02 
-4.20735E-02 
-4.20735E-02 
-4.20735E-02 
-4.20735E-02 
-4.20735E-02 
-4.20735E-02 
-4.20735E-02 
-3.90027E-02 
-3.90027E-02 
-3.90027E-02 
-3.90027E-02 
-3.90027E-02 
-3.90027E-02 
-3.90027E-02 
-3.90027E-02 
-3.90027E-02 
-3.90027E-02 
-3.90027E-02 
-3.90027E-02 
-3.90027E-02 
-3.90027E-02 
-3.90027E-02 
-3.90027E-02 
-3.90027E-02 
-3.90027E-02 
-3.90027E-02 
-3.90027E-02 
-3.90027E-02 
-3.90027E-02 
-3.90027E-02 
-3.90027E-02 
-3.90027E-02 
-3.90027E-02 
-3.44686E-02 
-3.44686E-02 
-3.44686E-02 
-3.44686E-02 
-3.44686E-02 
-3.44686E-02 
-3.44686E-02 
-3.44686E-02 
-3.44686E-02 
-3.44686E-02 
-3.44686E-02 
-3.44686E-02 
-3.44686E-02 
-3.44686E-02 
-3.44686E-02 
-3.44686E-02 
-3.44686E-02 
-3.44686E-02 
-3.44686E-02 
-3.44686E-02 
-3.44686E-02 
-3.44686E-02 
-3.44686E-02 
-3.44686E-02 
-3.44686E-02 
-3.44686E-02 
-2.83382E-02 
-2.83382E-02 
-2.83382E-02 
-2.83382E-02 
-2.83382E-02 
-2.83382E-02 
-2.83382E-02 
-2.83382E-02 
-2.83382E-02 
-2.83382E-02 
-2.83382E-02 
-2.83382E-02 
-2.83382E-02 
-2.83382E-02 
-2.83382E-02 
-2.83382E-02 
-2.83382E-02 
-2.83382E-02 
-2.83382E-02 
-2.83382E-02 
-2.83382E-02 
-2.83382E-02 
-2.83382E-02 
-2.83382E-02 
-2.83382E-02 
-2.83382E-02 
-2.04606E-02 
-2.04606E-02 
-2.04606E-02 
-2.04606E-02 
-2.04606E-02 
-2.04606E-02 
-2.04606E-02 
-2.04606E-02 
-2.04606E-02 
-2.04606E-02 
-2.04606E-02 
-2.04606E-02 
-2.04606E-02 
-2.04606E-02 
-2.04606E-02 
-2.04606E-02 
-2.04606E-02 
-2.04606E-02 
-2.04606E-02 
-2.04606E-02 
-2.04606E-02 
-2.04606E-02 
-2.04606E-02 
-2.04606E-02 
-2.04606E-02 
-2.04606E-02 
-1.07096E-02 
-1.07096E-02 
-1.07096E-02 
-1.07096E-02 
-1.07096E-02 
-1.07096E-02 
-1.07096E-02 
-1.07096E-02 
-1.07096E-02 
-1.07096E-02 
-1.07096E-02 
-1.07096E-02 
-1.07096E-02 
-1.07096E-02 
-1.07096E-02 
-1.07096E-02 
-1.07096E-02 
-1.07096E-02 
-1.07096E-02 
-1.07096E-02 
-1.07096E-02 
-1.07096E-02 
-1.07096E-02 
-1.07096E-02 
-1.07096E-02 
-1.07096E-02 
1.04337E-03 
1.04337E-03 
1.04337E-03 
1.04337E-03 
1.04337E-03 
1.04337E-03 
1.04337E-03 
1.04337E-03 
1.04337E-03 
1.04337E-03 
1.04337E-03 
1.04337E-03 
1.04337E-03 
1.04337E-03 
1.04337E-03 
1.04337E-03 
1.04337E-03 
1.04337E-03 
1.04337E-03 
1.04337E-03 
1.04337E-03 
1.04337E-03 
1.04337E-03 
1.04337E-03 
1.04337E-03 
1.04337E-03 
1.49335E-02 
1.49335E-02 
1.49335E-02 
1.49335E-02 
1.49335E-02 
1.49335E-02 
1.49335E-02 
1.49335E-02 
1.49335E-02 
1.49335E-02 
1.49335E-02 
1.49335E-02 
1.49335E-02 
1.49335E-02 
1.49335E-02 
1.49335E-02 
1.49335E-02 
1.49335E-02 
1.49335E-02 
1.49335E-02 
1.49335E-02 
1.49335E-02 
1.49335E-02 
1.49335E-02 
1.49335E-02 
1.49335E-02 
3.10577E-02 
3.10577E-02 
3.10577E-02 
3.10577E-02 
3.10577E-02 
3.10577E-02 
3.10577E-02 
3.10577E-02 
3.10577E-02 
3.10577E-02 
3.10577E-02 
3.10577E-02 
3.10577E-02 
3.10577E-02 
3.10577E-02 
3.10577E-02 
3.10577E-02 
3.10577E-02 
3.10577E-02 
3.10577E-02 
3.10577E-02 
3.10577E-02 
3.10577E-02 
3.10577E-02 
3.10577E-02 
3.10577E-02 
4.95851E-02 
4.95851E-02 
4.95851E-02 
4.95851E-02 
4.95851E-02 
4.95851E-02 
4.95851E-02 
4.95851E-02 
4.95851E-02 
4.95851E-02 
4.95851E-02 
4.95851E-02 
4.95851E-02 
4.95851E-02 
4.95851E-02 
4.95851E-02 
4.95851E-02 
4.95851E-02 
4.95851E-02 
4.95851E-02 
4.95851E-02 
4.95851E-02 
4.95851E-02 
4.95851E-02 
4.95851E-02 
4.95851E-02 
7.04070E-02 
7.04070E-02 
7.04070E-02 
7.04070E-02 
7.04070E-02 
7.04070E-02 
7.04070E-02 
7.04070E-02 
7.04070E-02 
7.04070E-02 
7.04070E-02 
7.04070E-02 
7.04070E-02 
7.04070E-02 
7.04070E-02 
7.04070E-02 
7.04070E-02 
7.04070E-02 
7.04070E-02 
7.04070E-02 
7.04070E-02 
7.04070E-02 
7.04070E-02 
7.04070E-02 
7.04070E-02 
7.04070E-02 
9.39915E-02 
9.39915E-02 
9.39915E-02 
9.39915E-02 
9.39915E-02 
9.39915E-02 
9.39915E-02 
9.39915E-02 
9.39915E-02 
9.39915E-02 
9.39915E-02 
9.39915E-02 
9.39915E-02 
9.39915E-02 
9.39915E-02 
9.39915E-02 
9.39915E-02 
9.39915E-02 
9.39915E-02 
9.39915E-02 
9.39915E-02 
9.39915E-02 
9.39915E-02 
9.39915E-02 
9.39915E-02 
9.39915E-02 
1.20260E-01 
1.20260E-01 
1.20260E-01 
1.20260E-01 
1.20260E-01 
1.20260E-01 
1.20260E-01 
1.20260E-01 
1.20260E-01 
1.20260E-01 
1.20260E-01 
1.20260E-01 
1.20260E-01 
1.20260E-01 
1.20260E-01 
1.20260E-01 
1.20260E-01 
1.20260E-01 
1.20260E-01 
1.20260E-01 
1.20260E-01 
1.20260E-01 
1.20260E-01 
1.20260E-01 
1.20260E-01 
1.20260E-01 
1.49319E-01 
1.49319E-01 
1.49319E-01 
1.49319E-01 
1.49319E-01 
1.49319E-01 
1.49319E-01 
1.49319E-01 
1.49319E-01 
1.49319E-01 
1.49319E-01 
1.49319E-01 
1.49319E-01 
1.49319E-01 
1.49319E-01 
1.49319E-01 
1.49319E-01 
1.49319E-01 
1.49319E-01 
1.49319E-01 
1.49319E-01 
1.49319E-01 
1.49319E-01 
1.49319E-01 
1.49319E-01 
1.49319E-01 
1.81272E-01 
1.81272E-01 
1.81272E-01 
1.81272E-01 
1.81272E-01 
1.81272E-01 
1.81272E-01 
1.81272E-01 
1.81272E-01 
1.81272E-01 
1.81272E-01 
1.81272E-01 
1.81272E-01 
1.81272E-01 
1.81272E-01 
1.81272E-01 
1.81272E-01 
1.81272E-01 
1.81272E-01 
1.81272E-01 
1.81272E-01 
1.81272E-01 
1.81272E-01 
1.81272E-01 
1.81272E-01 
1.81272E-01 
2.16214E-01 
2.16214E-01 
2.16214E-01 
2.16214E-01 
2.16214E-01 
2.16214E-01 
2.16214E-01 
2.16214E-01 
2.16214E-01 
2.16214E-01 
2.16214E-01 
2.16214E-01 
2.16214E-01 
2.16214E-01 
2.16214E-01 
2.16214E-01 
2.16214E-01 
2.16214E-01 
2.16214E-01 
2.16214E-01 
2.16214E-01 
2.16214E-01 
2.16214E-01 
2.16214E-01 
2.16214E-01 
2.16214E-01 
2.54245E-01 
2.54245E-01 
2.54245E-01 
2.54245E-01 
2.54245E-01 
2.54245E-01 
2.54245E-01 
2.54245E-01 
2.54245E-01 
2.54245E-01 
2.54245E-01 
2.54245E-01 
2.54245E-01 
2.54245E-01 
2.54245E-01 
2.54245E-01 
2.54245E-01 
2.54245E-01 
2.54245E-01 
2.54245E-01 
2.54245E-01 
2.54245E-01 
2.54245E-01 
2.54245E-01 
2.54245E-01 
2.54245E-01 
2.95456E-01 
2.95456E-01 
2.95456E-01 
2.95456E-01 
2.95456E-01 
2.95456E-01 
2.95456E-01 
2.95456E-01 
2.95456E-01 
2.95456E-01 
2.95456E-01 
2.95456E-01 
2.95456E-01 
2.95456E-01 
2.95456E-01 
2.95456E-01 
2.95456E-01 
2.95456E-01 
2.95456E-01 
2.95456E-01 
2.95456E-01 
2.95456E-01 
2.95456E-01 
2.95456E-01 
2.95456E-01 
2.95456E-01 
3.39940E-01 
3.39940E-01 
3.39940E-01 
3.39940E-01 
3.39940E-01 
3.39940E-01 
3.39940E-01 
3.39940E-01 
3.39940E-01 
3.39940E-01 
3.39940E-01 
3.39940E-01 
3.39940E-01 
3.39940E-01 
3.39940E-01 
3.39940E-01 
3.39940E-01 
3.39940E-01 
3.39940E-01 
3.39940E-01 
3.39940E-01 
3.39940E-01 
3.39940E-01 
3.39940E-01 
3.39940E-01 
3.39940E-01 
3.87885E-01 
3.87885E-01 
3.87885E-01 
3.87885E-01 
3.87885E-01 
3.87885E-01 
3.87885E-01 
3.87885E-01 
3.87885E-01 
3.87885E-01 
3.87885E-01 
3.87885E-01 
3.87885E-01 
3.87885E-01 
3.87885E-01 
3.87885E-01 
3.87885E-01 
3.87885E-01 
3.87885E-01 
3.87885E-01 
3.87885E-01 
3.87885E-01 
3.87885E-01 
3.87885E-01 
3.87885E-01 
3.87885E-01 
4.38923E-01 
4.38923E-01 
4.38923E-01 
4.38923E-01 
4.38923E-01 
4.38923E-01 
4.38923E-01 
4.38923E-01 
4.38923E-01 
4.38923E-01 
4.38923E-01 
4.38923E-01 
4.38923E-01 
4.38923E-01 
4.38923E-01 
4.38923E-01 
4.38923E-01 
4.38923E-01 
4.38923E-01 
4.38923E-01 
4.38923E-01 
4.38923E-01 
4.38923E-01 
4.38923E-01 
4.38923E-01 
4.38923E-01 
4.93804E-01 
4.93804E-01 
4.93804E-01 
4.93804E-01 
4.93804E-01 
4.93804E-01 
4.93804E-01 
4.93804E-01 
4.93804E-01 
4.93804E-01 
4.93804E-01 
4.93804E-01 
4.93804E-01 
4.93804E-01 
4.93804E-01 
4.93804E-01 
4.93804E-01 
4.93804E-01 
4.93804E-01 
4.93804E-01 
4.93804E-01 
4.93804E-01 
4.93804E-01 
4.93804E-01 
4.93804E-01 
4.93804E-01 
5.52268E-01 
5.52268E-01 
5.52268E-01 
5.52268E-01 
5.52268E-01 
5.52268E-01 
5.52268E-01 
5.52268E-01 
5.52268E-01 
5.52268E-01 
5.52268E-01 
5.52268E-01 
5.52268E-01 
5.52268E-01 
5.52268E-01 
5.52268E-01 
5.52268E-01 
5.52268E-01 
5.52268E-01 
5.52268E-01 
5.52268E-01 
5.52268E-01 
5.52268E-01 
5.52268E-01 
5.52268E-01 
5.52268E-01 
6.14408E-01 
6.14408E-01 
6.14408E-01 
6.14408E-01 
6.14408E-01 
6.14408E-01 
6.14408E-01 
6.14408E-01 
6.14408E-01 
6.14408E-01 
6.14408E-01 
6.14408E-01 
6.14408E-01 
6.14408E-01 
6.14408E-01 
6.14408E-01 
6.14408E-01 
6.14408E-01 
6.14408E-01 
6.14408E-01 
6.14408E-01 
6.14408E-01 
6.14408E-01 
6.14408E-01 
6.14408E-01 
6.14408E-01 
6.80299E-01 
6.80299E-01 
6.80299E-01 
6.80299E-01 
6.80299E-01 
6.80299E-01 
6.80299E-01 
6.80299E-01 
6.80299E-01 
6.80299E-01 
6.80299E-01 
6.80299E-01 
6.80299E-01 
6.80299E-01 
6.80299E-01 
6.80299E-01 
6.80299E-01 
6.80299E-01 
6.80299E-01 
6.80299E-01 
6.80299E-01 
6.80299E-01 
6.80299E-01 
6.80299E-01 
6.80299E-01 
6.80299E-01 
7.50030E-01 
7.50030E-01 
7.50030E-01 
7.50030E-01 
7.50030E-01 
7.50030E-01 
7.50030E-01 
7.50030E-01 
7.50030E-01 
7.50030E-01 
7.50030E-01 
7.50030E-01 
7.50030E-01 
7.50030E-01 
7.50030E-01 
7.50030E-01 
7.50030E-01 
7.50030E-01 
7.50030E-01 
7.50030E-01 
7.50030E-01 
7.50030E-01 
7.50030E-01 
7.50030E-01 
7.50030E-01 
7.50030E-01 
8.23643E-01 
8.23643E-01 
8.23643E-01 
8.23643E-01 
8.23643E-01 
8.23643E-01 
8.23643E-01 
8.23643E-01 
8.23643E-01 
8.23643E-01 
8.23643E-01 
8.23643E-01 
8.23643E-01 
8.23643E-01 
8.23643E-01 
8.23643E-01 
8.23643E-01 
8.23643E-01 
8.23643E-01 
8.23643E-01 
8.23643E-01 
8.23643E-01 
8.23643E-01 
8.23643E-01 
8.23643E-01 
8.23643E-01 
9.01457E-01 
9.01457E-01 
9.01457E-01 
9.01457E-01 
9.01457E-01 
9.01457E-01 
9.01457E-01 
9.01457E-01 
9.01457E-01 
9.01457E-01 
9.01457E-01 
9.01457E-01 
9.01457E-01 
9.01457E-01 
9.01457E-01 
9.01457E-01 
9.01457E-01 
9.01457E-01 
9.01457E-01 
9.01457E-01 
9.01457E-01 
9.01457E-01 
9.01457E-01 
9.01457E-01 
9.01457E-01 
9.01457E-01 
9.83051E-01 
9.83051E-01 
9.83051E-01 
9.83051E-01 
9.83051E-01 
9.83051E-01 
9.83051E-01 
9.83051E-01 
9.83051E-01 
9.83051E-01 
9.83051E-01 
9.83051E-01 
9.83051E-01 
9.83051E-01 
9.83051E-01 
9.83051E-01 
9.83051E-01 
9.83051E-01 
9.83051E-01 
9.83051E-01 
9.83051E-01 
9.83051E-01 
9.83051E-01 
9.83051E-01 
9.83051E-01 
9.83051E-01 
1.06882E+00 
1.06882E+00 
1.06882E+00 
1.06882E+00 
1.06882E+00 
1.06882E+00 
1.06882E+00 
1.06882E+00 
1.06882E+00 
1.06882E+00 
1.06882E+00 
1.06882E+00 
1.06882E+00 
1.06882E+00 
1.06882E+00 
1.06882E+00 
1.06882E+00 
1.06882E+00 
1.06882E+00 
1.06882E+00 
1.06882E+00 
1.06882E+00 
1.06882E+00 
1.06882E+00 
1.06882E+00 
1.06882E+00 
1.15879E+00 
1.15879E+00 
1.15879E+00 
1.15879E+00 
1.15879E+00 
1.15879E+00 
1.15879E+00 
1.15879E+00 
1.15879E+00 
1.15879E+00 
1.15879E+00 
1.15879E+00 
1.15879E+00 
1.15879E+00 
1.15879E+00 
1.15879E+00 
1.15879E+00 
1.15879E+00 
1.15879E+00 
1.15879E+00 
1.15879E+00 
1.15879E+00 
1.15879E+00 
1.15879E+00 
1.15879E+00 
1.15879E+00 
1.25305E+00 
1.25305E+00 
1.25305E+00 
1.25305E+00 
1.25305E+00 
1.25305E+00 
1.25305E+00 
1.25305E+00 
1.25305E+00 
1.25305E+00 
1.25305E+00 
1.25305E+00 
1.25305E+00 
1.25305E+00 
1.25305E+00 
1.25305E+00 
1.25305E+00 
1.25305E+00 
1.25305E+00 
1.25305E+00 
1.25305E+00 
1.25305E+00 
1.25305E+00 
1.25305E+00 
1.25305E+00 
1.25305E+00 
1.35163E+00 
1.35163E+00 
1.35163E+00 
1.35163E+00 
1.35163E+00 
1.35163E+00 
1.35163E+00 
1.35163E+00 
1.35163E+00 
1.35163E+00 
1.35163E+00 
1.35163E+00 
1.35163E+00 
1.35163E+00 
1.35163E+00 
1.35163E+00 
1.35163E+00 
1.35163E+00 
1.35163E+00 
1.35163E+00 
1.35163E+00 
1.35163E+00 
1.35163E+00 
1.35163E+00 
1.35163E+00 
1.35163E+00 
1.45461E+00 
1.45461E+00 
1.45461E+00 
1.45461E+00 
1.45461E+00 
1.45461E+00 
1.45461E+00 
1.45461E+00 
1.45461E+00 
1.45461E+00 
1.45461E+00 
1.45461E+00 
1.45461E+00 
1.45461E+00 
1.45461E+00 
1.45461E+00 
1.45461E+00 
1.45461E+00 
1.45461E+00 
1.45461E+00 
1.45461E+00 
1.45461E+00 
1.45461E+00 
1.45461E+00 
1.45461E+00 
1.45461E+00 
1.56206E+00 
1.56206E+00 
1.56206E+00 
1.56206E+00 
1.56206E+00 
1.56206E+00 
1.56206E+00 
1.56206E+00 
1.56206E+00 
1.56206E+00 
1.56206E+00 
1.56206E+00 
1.56206E+00 
1.56206E+00 
1.56206E+00 
1.56206E+00 
1.56206E+00 
1.56206E+00 
1.56206E+00 
1.56206E+00 
1.56206E+00 
1.56206E+00 
1.56206E+00 
1.56206E+00 
1.56206E+00 
1.56206E+00 
1.67397E+00 
1.67397E+00 
1.67397E+00 
1.67397E+00 
1.67397E+00 
1.67397E+00 
1.67397E+00 
1.67397E+00 
1.67397E+00 
1.67397E+00 
1.67397E+00 
1.67397E+00 
1.67397E+00 
1.67397E+00 
1.67397E+00 
1.67397E+00 
1.67397E+00 
1.67397E+00 
1.67397E+00 
1.67397E+00 
1.67397E+00 
1.67397E+00 
1.67397E+00 
1.67397E+00 
1.67397E+00 
1.67397E+00 
---
