PdfType: replica
Format: lhagrid1
---
1.00000E-06 1.28121E-06 1.64152E-06 2.10317E-06 2.69463E-06 3.45242E-06 4.42329E-06 5.66715E-06 7.26076E-06 9.30241E-06 1.19180E-05 1.52689E-05 1.95617E-05 2.50609E-05 3.21053E-05 4.11287E-05 5.26863E-05 6.74889E-05 8.64459E-05 1.10720E-04 1.41800E-04 1.81585E-04 2.32503E-04 2.97652E-04 3.80981E-04 4.87518E-04 6.26039E-04 8.00452E-04 1.02297E-03 1.30657E-03 1.66759E-03 2.12729E-03 2.71054E-03 3.44865E-03 4.37927E-03 5.54908E-03 7.01192E-03 8.83064E-03 1.10763E-02 1.38266E-02 1.71641E-02 2.11717E-02 2.59364E-02 3.15062E-02 3.79623E-02 4.53425E-02 5.36750E-02 6.29705E-02 7.32221E-02 8.44039E-02 9.64793E-02 1.09332E-01 1.23067E-01 1.37507E-01 1.52639E-01 1.68416E-01 1.84794E-01 2.01731E-01 2.19016E-01 2.36948E-01 2.55242E-01 2.73927E-01 2.92954E-01 3.12340E-01 3.32036E-01 3.52019E-01 3.72282E-01 3.92772E-01 4.13533E-01 4.34326E-01 4.55495E-01 4.76836E-01 4.98342E-01 5.20006E-01 5.41818E-01 5.63773E-01 5.85861E-01 6.08077E-01 6.30459E-01 6.52800E-01 6.75387E-01 6.98063E-01 7.20830E-01 7.43683E-01 7.66623E-01 7.89636E-01 8.12791E-01 8.35940E-01 8.59175E-01 8.82485E-01 9.05866E-01 9.29311E-01 9.52817E-01 9.76387E-01 1.00000E+00 
1.14018E+00 1.22539E+00 1.32482E+00 1.44156E+00 1.57954E+00 1.74381E+00 1.94091E+00 2.12132E+00 2.17945E+00 2.49622E+00 2.89383E+00 3.39925E+00 4.05063E+00 4.90286E+00 6.03623E+00 7.57063E+00 9.68869E+00 1.26749E+01 1.69835E+01 2.33578E+01 3.30501E+01 4.82334E+01 7.28041E+01 1.13998E+02 1.85779E+02 3.16228E+02 
908
-8.58981E-12 
-8.58981E-12 
-8.58981E-12 
-8.58981E-12 
-8.58981E-12 
-8.58981E-12 
-8.58981E-12 
-8.58981E-12 
-8.58981E-12 
-8.58981E-12 
-8.58981E-12 
-8.58981E-12 
-8.58981E-12 
-8.58981E-12 
-8.58981E-12 
-8.58981E-12 
-8.58981E-12 
-8.58981E-12 
-8.58981E-12 
-8.58981E-12 
-8.58981E-12 
-8.58981E-12 
-8.58981E-12 
-8.58981E-12 
-8.58981E-12 
-8.58981E-12 
-1.36334E-11 
-1.36334E-11 
-1.36334E-11 
-1.36334E-11 
-1.36334E-11 
-1.36334E-11 
-1.36334E-11 
-1.36334E-11 
-1.36334E-11 
-1.36334E-11 
-1.36334E-11 
-1.36334E-11 
-1.36334E-11 
-1.36334E-11 
-1.36334E-11 
-1.36334E-11 
-1.36334E-11 
-1.36334E-11 
-1.36334E-11 
-1.36334E-11 
-1.36334E-11 
-1.36334E-11 
-1.36334E-11 
-1.36334E-11 
-1.36334E-11 
-1.36334E-11 
-2.16390E-11 
-2.16390E-11 
-2.16390E-11 
-2.16390E-11 
-2.16390E-11 
-2.16390E-11 
-2.16390E-11 
-2.16390E-11 
-2.16390E-11 
-2.16390E-11 
-2.16390E-11 
-2.16390E-11 
-2.16390E-11 
-2.16390E-11 
-2.16390E-11 
-2.16390E-11 
-2.16390E-11 
-2.16390E-11 
-2.16390E-11 
-2.16390E-11 
-2.16390E-11 
-2.16390E-11 
-2.16390E-11 
-2.16390E-11 
-2.16390E-11 
-2.16390E-11 
-3.43459E-11 
-3.43459E-11 
-3.43459E-11 
-3.43459E-11 
-3.43459E-11 
-3.43459E-11 
-3.43459E-11 
-3.43459E-11 
-3.43459E-11 
-3.43459E-11 
-3.43459E-11 
-3.43459E-11 
-3.43459E-11 
-3.43459E-11 
-3.43459E-11 
-3.43459E-11 
-3.43459E-11 
-3.43459E-11 
-3.43459E-11 
-3.43459E-11 
-3.43459E-11 
-3.43459E-11 
-3.43459E-11 
-3.43459E-11 
-3.43459E-11 
-3.43459E-11 
-5.45135E-11 
-5.45135E-11 
-5.45135E-11 
-5.45135E-11 
-5.45135E-11 
-5.45135E-11 
-5.45135E-11 
-5.45135E-11 
-5.45135E-11 
-5.45135E-11 
-5.45135E-11 
-5.45135E-11 
-5.45135E-11 
-5.45135E-11 
-5.45135E-11 
-5.45135E-11 
-5.45135E-11 
-5.45135E-11 
-5.45135E-11 
-5.45135E-11 
-5.45135E-11 
-5.45135E-11 
-5.45135E-11 
-5.45135E-11 
-5.45135E-11 
-5.45135E-11 
-8.65234E-11 
-8.65234E-11 
-8.65234E-11 
-8.65234E-11 
-8.65234E-11 
-8.65234E-11 
-8.65234E-11 
-8.65234E-11 
-8.65234E-11 
-8.65234E-11 
-8.65234E-11 
-8.65234E-11 
-8.65234E-11 
-8.65234E-11 
-8.65234E-11 
-8.65234E-11 
-8.65234E-11 
-8.65234E-11 
-8.65234E-11 
-8.65234E-11 
-8.65234E-11 
-8.65234E-11 
-8.65234E-11 
-8.65234E-11 
-8.65234E-11 
-8.65234E-11 
-1.37328E-10 
-1.37328E-10 
-1.37328E-10 
-1.37328E-10 
-1.37328E-10 
-1.37328E-10 
-1.37328E-10 
-1.37328E-10 
-1.37328E-10 
-1.37328E-10 
-1.37328E-10 
-1.37328E-10 
-1.37328E-10 
-1.37328E-10 
-1.37328E-10 
-1.37328E-10 
-1.37328E-10 
-1.37328E-10 
-1.37328E-10 
-1.37328E-10 
-1.37328E-10 
-1.37328E-10 
-1.37328E-10 
-1.37328E-10 
-1.37328E-10 
-1.37328E-10 
-2.17960E-10 
-2.17960E-10 
-2.17960E-10 
-2.17960E-10 
-2.17960E-10 
-2.17960E-10 
-2.17960E-10 
-2.17960E-10 
-2.17960E-10 
-2.17960E-10 
-2.17960E-10 
-2.17960E-10 
-2.17960E-10 
-2.17960E-10 
-2.17960E-10 
-2.17960E-10 
-2.17960E-10 
-2.17960E-10 
-2.17960E-10 
-2.17960E-10 
-2.17960E-10 
-2.17960E-10 
-2.17960E-10 
-2.17960E-10 
-2.17960E-10 
-2.17960E-10 
-3.45933E-10 
-3.45933E-10 
-3.45933E-10 
-3.45933E-10 
-3.45933E-10 
-3.45933E-10 
-3.45933E-10 
-3.45933E-10 
-3.45933E-10 
-3.45933E-10 
-3.45933E-10 
-3.45933E-10 
-3.45933E-10 
-3.45933E-10 
-3.45933E-10 
-3.45933E-10 
-3.45933E-10 
-3.45933E-10 
-3.45933E-10 
-3.45933E-10 
-3.45933E-10 
-3.45933E-10 
-3.45933E-10 
-3.45933E-10 
-3.45933E-10 
-3.45933E-10 
-5.49033E-10 
-5.49033E-10 
-5.49033E-10 
-5.49033E-10 
-5.49033E-10 
-5.49033E-10 
-5.49033E-10 
-5.49033E-10 
-5.49033E-10 
-5.49033E-10 
-5.49033E-10 
-5.49033E-10 
-5.49033E-10 
-5.49033E-10 
-5.49033E-10 
-5.49033E-10 
-5.49033E-10 
-5.49033E-10 
-5.49033E-10 
-5.49033E-10 
-5.49033E-10 
-5.49033E-10 
-5.49033E-10 
-5.49033E-10 
-5.49033E-10 
-5.49033E-10 
-8.71354E-10 
-8.71354E-10 
-8.71354E-10 
-8.71354E-10 
-8.71354E-10 
-8.71354E-10 
-8.71354E-10 
-8.71354E-10 
-8.71354E-10 
-8.71354E-10 
-8.71354E-10 
-8.71354E-10 
-8.71354E-10 
-8.71354E-10 
-8.71354E-10 
-8.71354E-10 
-8.71354E-10 
-8.71354E-10 
-8.71354E-10 
-8.71354E-10 
-8.71354E-10 
-8.71354E-10 
-8.71354E-10 
-8.71354E-10 
-8.71354E-10 
-8.71354E-10 
-1.38288E-09 
-1.38288E-09 
-1.38288E-09 
-1.38288E-09 
-1.38288E-09 
-1.38288E-09 
-1.38288E-09 
-1.38288E-09 
-1.38288E-09 
-1.38288E-09 
-1.38288E-09 
-1.38288E-09 
-1.38288E-09 
-1.38288E-09 
-1.38288E-09 
-1.38288E-09 
-1.38288E-09 
-1.38288E-09 
-1.38288E-09 
-1.38288E-09 
-1.38288E-09 
-1.38288E-09 
-1.38288E-09 
-1.38288E-09 
-1.38288E-09 
-1.38288E-09 
-2.19463E-09 
-2.19463E-09 
-2.19463E-09 
-2.19463E-09 
-2.19463E-09 
-2.19463E-09 
-2.19463E-09 
-2.19463E-09 
-2.19463E-09 
-2.19463E-09 
-2.19463E-09 
-2.19463E-09 
-2.19463E-09 
-2.19463E-09 
-2.19463E-09 
-2.19463E-09 
-2.19463E-09 
-2.19463E-09 
-2.19463E-09 
-2.19463E-09 
-2.19463E-09 
-2.19463E-09 
-2.19463E-09 
-2.19463E-09 
-2.19463E-09 
-2.19463E-09 
-3.48274E-09 
-3.48274E-09 
-3.48274E-09 
-3.48274E-09 
-3.48274E-09 
-3.48274E-09 
-3.48274E-09 
-3.48274E-09 
-3.48274E-09 
-3.48274E-09 
-3.48274E-09 
-3.48274E-09 
-3.48274E-09 
-3.48274E-09 
-3.48274E-09 
-3.48274E-09 
-3.48274E-09 
-3.48274E-09 
-3.48274E-09 
-3.48274E-09 
-3.48274E-09 
-3.48274E-09 
-3.48274E-09 
-3.48274E-09 
-3.48274E-09 
-3.48274E-09 
-5.52662E-09 
-5.52662E-09 
-5.52662E-09 
-5.52662E-09 
-5.52662E-09 
-5.52662E-09 
-5.52662E-09 
-5.52662E-09 
-5.52662E-09 
-5.52662E-09 
-5.52662E-09 
-5.52662E-09 
-5.52662E-09 
-5.52662E-09 
-5.52662E-09 
-5.52662E-09 
-5.52662E-09 
-5.52662E-09 
-5.52662E-09 
-5.52662E-09 
-5.52662E-09 
-5.52662E-09 
-5.52662E-09 
-5.52662E-09 
-5.52662E-09 
-5.52662E-09 
-8.76949E-09 
-8.76949E-09 
-8.76949E-09 
-8.76949E-09 
-8.76949E-09 
-8.76949E-09 
-8.76949E-09 
-8.76949E-09 
-8.76949E-09 
-8.76949E-09 
-8.76949E-09 
-8.76949E-09 
-8.76949E-09 
-8.76949E-09 
-8.76949E-09 
-8.76949E-09 
-8.76949E-09 
-8.76949E-09 
-8.76949E-09 
-8.76949E-09 
-8.76949E-09 
-8.76949E-09 
-8.76949E-09 
-8.76949E-09 
-8.76949E-09 
-8.76949E-09 
-1.39142E-08 
-1.39142E-08 
-1.39142E-08 
-1.39142E-08 
-1.39142E-08 
-1.39142E-08 
-1.39142E-08 
-1.39142E-08 
-1.39142E-08 
-1.39142E-08 
-1.39142E-08 
-1.39142E-08 
-1.39142E-08 
-1.39142E-08 
-1.39142E-08 
-1.39142E-08 
-1.39142E-08 
-1.39142E-08 
-1.39142E-08 
-1.39142E-08 
-1.39142E-08 
-1.39142E-08 
-1.39142E-08 
-1.39142E-08 
-1.39142E-08 
-1.39142E-08 
-2.20751E-08 
-2.20751E-08 
-2.20751E-08 
-2.20751E-08 
-2.20751E-08 
-2.20751E-08 
-2.20751E-08 
-2.20751E-08 
-2.20751E-08 
-2.20751E-08 
-2.20751E-08 
-2.20751E-08 
-2.20751E-08 
-2.20751E-08 
-2.20751E-08 
-2.20751E-08 
-2.20751E-08 
-2.20751E-08 
-2.20751E-08 
-2.20751E-08 
-2.20751E-08 
-2.20751E-08 
-2.20751E-08 
-2.20751E-08 
-2.20751E-08 
-2.20751E-08 
-3.50188E-08 
-3.50188E-08 
-3.50188E-08 
-3.50188E-08 
-3.50188E-08 
-3.50188E-08 
-3.50188E-08 
-3.50188E-08 
-3.50188E-08 
-3.50188E-08 
-3.50188E-08 
-3.50188E-08 
-3.50188E-08 
-3.50188E-08 
-3.50188E-08 
-3.50188E-08 
-3.50188E-08 
-3.50188E-08 
-3.50188E-08 
-3.50188E-08 
-3.50188E-08 
-3.50188E-08 
-3.50188E-08 
-3.50188E-08 
-3.50188E-08 
-3.50188E-08 
-5.55440E-08 
-5.55440E-08 
-5.55440E-08 
-5.55440E-08 
-5.55440E-08 
-5.55440E-08 
-5.55440E-08 
-5.55440E-08 
-5.55440E-08 
-5.55440E-08 
-5.55440E-08 
-5.55440E-08 
-5.55440E-08 
-5.55440E-08 
-5.55440E-08 
-5.55440E-08 
-5.55440E-08 
-5.55440E-08 
-5.55440E-08 
-5.55440E-08 
-5.55440E-08 
-5.55440E-08 
-5.55440E-08 
-5.55440E-08 
-5.55440E-08 
-5.55440E-08 
-8.80859E-08 
-8.80859E-08 
-8.80859E-08 
-8.80859E-08 
-8.80859E-08 
-8.80859E-08 
-8.80859E-08 
-8.80859E-08 
-8.80859E-08 
-8.80859E-08 
-8.80859E-08 
-8.80859E-08 
-8.80859E-08 
-8.80859E-08 
-8.80859E-08 
-8.80859E-08 
-8.80859E-08 
-8.80859E-08 
-8.80859E-08 
-8.80859E-08 
-8.80859E-08 
-8.80859E-08 
-8.80859E-08 
-8.80859E-08 
-8.80859E-08 
-8.80859E-08 
-1.39662E-07 
-1.39662E-07 
-1.39662E-07 
-1.39662E-07 
-1.39662E-07 
-1.39662E-07 
-1.39662E-07 
-1.39662E-07 
-1.39662E-07 
-1.39662E-07 
-1.39662E-07 
-1.39662E-07 
-1.39662E-07 
-1.39662E-07 
-1.39662E-07 
-1.39662E-07 
-1.39662E-07 
-1.39662E-07 
-1.39662E-07 
-1.39662E-07 
-1.39662E-07 
-1.39662E-07 
-1.39662E-07 
-1.39662E-07 
-1.39662E-07 
-1.39662E-07 
-2.21378E-07 
-2.21378E-07 
-2.21378E-07 
-2.21378E-07 
-2.21378E-07 
-2.21378E-07 
-2.21378E-07 
-2.21378E-07 
-2.21378E-07 
-2.21378E-07 
-2.21378E-07 
-2.21378E-07 
-2.21378E-07 
-2.21378E-07 
-2.21378E-07 
-2.21378E-07 
-2.21378E-07 
-2.21378E-07 
-2.21378E-07 
-2.21378E-07 
-2.21378E-07 
-2.21378E-07 
-2.21378E-07 
-2.21378E-07 
-2.21378E-07 
-2.21378E-07 
-3.50790E-07 
-3.50790E-07 
-3.50790E-07 
-3.50790E-07 
-3.50790E-07 
-3.50790E-07 
-3.50790E-07 
-3.50790E-07 
-3.50790E-07 
-3.50790E-07 
-3.50790E-07 
-3.50790E-07 
-3.50790E-07 
-3.50790E-07 
-3.50790E-07 
-3.50790E-07 
-3.50790E-07 
-3.50790E-07 
-3.50790E-07 
-3.50790E-07 
-3.50790E-07 
-3.50790E-07 
-3.50790E-07 
-3.50790E-07 
-3.50790E-07 
-3.50790E-07 
-5.55622E-07 
-5.55622E-07 
-5.55622E-07 
-5.55622E-07 
-5.55622E-07 
-5.55622E-07 
-5.55622E-07 
-5.55622E-07 
-5.55622E-07 
-5.55622E-07 
-5.55622E-07 
-5.55622E-07 
-5.55622E-07 
-5.55622E-07 
-5.55622E-07 
-5.55622E-07 
-5.55622E-07 
-5.55622E-07 
-5.55622E-07 
-5.55622E-07 
-5.55622E-07 
-5.55622E-07 
-5.55622E-07 
-5.55622E-07 
-5.55622E-07 
-5.55622E-07 
-8.79598E-07 
-8.79598E-07 
-8.79598E-07 
-8.79598E-07 
-8.79598E-07 
-8.79598E-07 
-8.79598E-07 
-8.79598E-07 
-8.79598E-07 
-8.79598E-07 
-8.79598E-07 
-8.79598E-07 
-8.79598E-07 
-8.79598E-07 
-8.79598E-07 
-8.79598E-07 
-8.79598E-07 
-8.79598E-07 
-8.79598E-07 
-8.79598E-07 
-8.79598E-07 
-8.79598E-07 
-8.79598E-07 
-8.79598E-07 
-8.79598E-07 
-8.79598E-07 
-1.40150E-06 
-1.40150E-06 
-1.40150E-06 
-1.40150E-06 
-1.40150E-06 
-1.40150E-06 
-1.40150E-06 
-1.40150E-06 
-1.40150E-06 
-1.40150E-06 
-1.40150E-06 
-1.40150E-06 
-1.40150E-06 
-1.40150E-06 
-1.40150E-06 
-1.40150E-06 
-1.40150E-06 
-1.40150E-06 
-1.40150E-06 
-1.40150E-06 
-1.40150E-06 
-1.40150E-06 
-1.40150E-06 
-1.40150E-06 
-1.40150E-06 
-1.40150E-06 
-2.21492E-06 
-2.21492E-06 
-2.21492E-06 
-2.21492E-06 
-2.21492E-06 
-2.21492E-06 
-2.21492E-06 
-2.21492E-06 
-2.21492E-06 
-2.21492E-06 
-2.21492E-06 
-2.21492E-06 
-2.21492E-06 
-2.21492E-06 
-2.21492E-06 
-2.21492E-06 
-2.21492E-06 
-2.21492E-06 
-2.21492E-06 
-2.21492E-06 
-2.21492E-06 
-2.21492E-06 
-2.21492E-06 
-2.21492E-06 
-2.21492E-06 
-2.21492E-06 
-3.49691E-06 
-3.49691E-06 
-3.49691E-06 
-3.49691E-06 
-3.49691E-06 
-3.49691E-06 
-3.49691E-06 
-3.49691E-06 
-3.49691E-06 
-3.49691E-06 
-3.49691E-06 
-3.49691E-06 
-3.49691E-06 
-3.49691E-06 
-3.49691E-06 
-3.49691E-06 
-3.49691E-06 
-3.49691E-06 
-3.49691E-06 
-3.49691E-06 
-3.49691E-06 
-3.49691E-06 
-3.49691E-06 
-3.49691E-06 
-3.49691E-06 
-3.49691E-06 
-5.51390E-06 
-5.51390E-06 
-5.51390E-06 
-5.51390E-06 
-5.51390E-06 
-5.51390E-06 
-5.51390E-06 
-5.51390E-06 
-5.51390E-06 
-5.51390E-06 
-5.51390E-06 
-5.51390E-06 
-5.51390E-06 
-5.51390E-06 
-5.51390E-06 
-5.51390E-06 
-5.51390E-06 
-5.51390E-06 
-5.51390E-06 
-5.51390E-06 
-5.51390E-06 
-5.51390E-06 
-5.51390E-06 
-5.51390E-06 
-5.51390E-06 
-5.51390E-06 
-8.68078E-06 
-8.68078E-06 
-8.68078E-06 
-8.68078E-06 
-8.68078E-06 
-8.68078E-06 
-8.68078E-06 
-8.68078E-06 
-8.68078E-06 
-8.68078E-06 
-8.68078E-06 
-8.68078E-06 
-8.68078E-06 
-8.68078E-06 
-8.68078E-06 
-8.68078E-06 
-8.68078E-06 
-8.68078E-06 
-8.68078E-06 
-8.68078E-06 
-8.68078E-06 
-8.68078E-06 
-8.68078E-06 
-8.68078E-06 
-8.68078E-06 
-8.68078E-06 
-1.36500E-05 
-1.36500E-05 
-1.36500E-05 
-1.36500E-05 
-1.36500E-05 
-1.36500E-05 
-1.36500E-05 
-1.36500E-05 
-1.36500E-05 
-1.36500E-05 
-1.36500E-05 
-1.36500E-05 
-1.36500E-05 
-1.36500E-05 
-1.36500E-05 
-1.36500E-05 
-1.36500E-05 
-1.36500E-05 
-1.36500E-05 
-1.36500E-05 
-1.36500E-05 
-1.36500E-05 
-1.36500E-05 
-1.36500E-05 
-1.36500E-05 
-1.36500E-05 
-2.14100E-05 
-2.14100E-05 
-2.14100E-05 
-2.14100E-05 
-2.14100E-05 
-2.14100E-05 
-2.14100E-05 
-2.14100E-05 
-2.14100E-05 
-2.14100E-05 
-2.14100E-05 
-2.14100E-05 
-2.14100E-05 
-2.14100E-05 
-2.14100E-05 
-2.14100E-05 
-2.14100E-05 
-2.14100E-05 
-2.14100E-05 
-2.14100E-05 
-2.14100E-05 
-2.14100E-05 
-2.14100E-05 
-2.14100E-05 
-2.14100E-05 
-2.14100E-05 
-3.34758E-05 
-3.34758E-05 
-3.34758E-05 
-3.34758E-05 
-3.34758E-05 
-3.34758E-05 
-3.34758E-05 
-3.34758E-05 
-3.34758E-05 
-3.34758E-05 
-3.34758E-05 
-3.34758E-05 
-3.34758E-05 
-3.34758E-05 
-3.34758E-05 
-3.34758E-05 
-3.34758E-05 
-3.34758E-05 
-3.34758E-05 
-3.34758E-05 
-3.34758E-05 
-3.34758E-05 
-3.34758E-05 
-3.34758E-05 
-3.34758E-05 
-3.34758E-05 
-5.21256E-05 
-5.21256E-05 
-5.21256E-05 
-5.21256E-05 
-5.21256E-05 
-5.21256E-05 
-5.21256E-05 
-5.21256E-05 
-5.21256E-05 
-5.21256E-05 
-5.21256E-05 
-5.21256E-05 
-5.21256E-05 
-5.21256E-05 
-5.21256E-05 
-5.21256E-05 
-5.21256E-05 
-5.21256E-05 
-5.21256E-05 
-5.21256E-05 
-5.21256E-05 
-5.21256E-05 
-5.21256E-05 
-5.21256E-05 
-5.21256E-05 
-5.21256E-05 
-8.07878E-05 
-8.07878E-05 
-8.07878E-05 
-8.07878E-05 
-8.07878E-05 
-8.07878E-05 
-8.07878E-05 
-8.07878E-05 
-8.07878E-05 
-8.07878E-05 
-8.07878E-05 
-8.07878E-05 
-8.07878E-05 
-8.07878E-05 
-8.07878E-05 
-8.07878E-05 
-8.07878E-05 
-8.07878E-05 
-8.07878E-05 
-8.07878E-05 
-8.07878E-05 
-8.07878E-05 
-8.07878E-05 
-8.07878E-05 
-8.07878E-05 
-8.07878E-05 
-1.24465E-04 
-1.24465E-04 
-1.24465E-04 
-1.24465E-04 
-1.24465E-04 
-1.24465E-04 
-1.24465E-04 
-1.24465E-04 
-1.24465E-04 
-1.24465E-04 
-1.24465E-04 
-1.24465E-04 
-1.24465E-04 
-1.24465E-04 
-1.24465E-04 
-1.24465E-04 
-1.24465E-04 
-1.24465E-04 
-1.24465E-04 
-1.24465E-04 
-1.24465E-04 
-1.24465E-04 
-1.24465E-04 
-1.24465E-04 
-1.24465E-04 
-1.24465E-04 
-1.90368E-04 
-1.90368E-04 
-1.90368E-04 
-1.90368E-04 
-1.90368E-04 
-1.90368E-04 
-1.90368E-04 
-1.90368E-04 
-1.90368E-04 
-1.90368E-04 
-1.90368E-04 
-1.90368E-04 
-1.90368E-04 
-1.90368E-04 
-1.90368E-04 
-1.90368E-04 
-1.90368E-04 
-1.90368E-04 
-1.90368E-04 
-1.90368E-04 
-1.90368E-04 
-1.90368E-04 
-1.90368E-04 
-1.90368E-04 
-1.90368E-04 
-1.90368E-04 
-2.88636E-04 
-2.88636E-04 
-2.88636E-04 
-2.88636E-04 
-2.88636E-04 
-2.88636E-04 
-2.88636E-04 
-2.88636E-04 
-2.88636E-04 
-2.88636E-04 
-2.88636E-04 
-2.88636E-04 
-2.88636E-04 
-2.88636E-04 
-2.88636E-04 
-2.88636E-04 
-2.88636E-04 
-2.88636E-04 
-2.88636E-04 
-2.88636E-04 
-2.88636E-04 
-2.88636E-04 
-2.88636E-04 
-2.88636E-04 
-2.88636E-04 
-2.88636E-04 
-4.33115E-04 
-4.33115E-04 
-4.33115E-04 
-4.33115E-04 
-4.33115E-04 
-4.33115E-04 
-4.33115E-04 
-4.33115E-04 
-4.33115E-04 
-4.33115E-04 
-4.33115E-04 
-4.33115E-04 
-4.33115E-04 
-4.33115E-04 
-4.33115E-04 
-4.33115E-04 
-4.33115E-04 
-4.33115E-04 
-4.33115E-04 
-4.33115E-04 
-4.33115E-04 
-4.33115E-04 
-4.33115E-04 
-4.33115E-04 
-4.33115E-04 
-4.33115E-04 
-6.42115E-04 
-6.42115E-04 
-6.42115E-04 
-6.42115E-04 
-6.42115E-04 
-6.42115E-04 
-6.42115E-04 
-6.42115E-04 
-6.42115E-04 
-6.42115E-04 
-6.42115E-04 
-6.42115E-04 
-6.42115E-04 
-6.42115E-04 
-6.42115E-04 
-6.42115E-04 
-6.42115E-04 
-6.42115E-04 
-6.42115E-04 
-6.42115E-04 
-6.42115E-04 
-6.42115E-04 
-6.42115E-04 
-6.42115E-04 
-6.42115E-04 
-6.42115E-04 
-9.38846E-04 
-9.38846E-04 
-9.38846E-04 
-9.38846E-04 
-9.38846E-04 
-9.38846E-04 
-9.38846E-04 
-9.38846E-04 
-9.38846E-04 
-9.38846E-04 
-9.38846E-04 
-9.38846E-04 
-9.38846E-04 
-9.38846E-04 
-9.38846E-04 
-9.38846E-04 
-9.38846E-04 
-9.38846E-04 
-9.38846E-04 
-9.38846E-04 
-9.38846E-04 
-9.38846E-04 
-9.38846E-04 
-9.38846E-04 
-9.38846E-04 
-9.38846E-04 
-1.35213E-03 
-1.35213E-03 
-1.35213E-03 
-1.35213E-03 
-1.35213E-03 
-1.35213E-03 
-1.35213E-03 
-1.35213E-03 
-1.35213E-03 
-1.35213E-03 
-1.35213E-03 
-1.35213E-03 
-1.35213E-03 
-1.35213E-03 
-1.35213E-03 
-1.35213E-03 
-1.35213E-03 
-1.35213E-03 
-1.35213E-03 
-1.35213E-03 
-1.35213E-03 
-1.35213E-03 
-1.35213E-03 
-1.35213E-03 
-1.35213E-03 
-1.35213E-03 
-1.91207E-03 
-1.91207E-03 
-1.91207E-03 
-1.91207E-03 
-1.91207E-03 
-1.91207E-03 
-1.91207E-03 
-1.91207E-03 
-1.91207E-03 
-1.91207E-03 
-1.91207E-03 
-1.91207E-03 
-1.91207E-03 
-1.91207E-03 
-1.91207E-03 
-1.91207E-03 
-1.91207E-03 
-1.91207E-03 
-1.91207E-03 
-1.91207E-03 
-1.91207E-03 
-1.91207E-03 
-1.91207E-03 
-1.91207E-03 
-1.91207E-03 
-1.91207E-03 
-2.65552E-03 
-2.65552E-03 
-2.65552E-03 
-2.65552E-03 
-2.65552E-03 
-2.65552E-03 
-2.65552E-03 
-2.65552E-03 
-2.65552E-03 
-2.65552E-03 
-2.65552E-03 
-2.65552E-03 
-2.65552E-03 
-2.65552E-03 
-2.65552E-03 
-2.65552E-03 
-2.65552E-03 
-2.65552E-03 
-2.65552E-03 
-2.65552E-03 
-2.65552E-03 
-2.65552E-03 
-2.65552E-03 
-2.65552E-03 
-2.65552E-03 
-2.65552E-03 
-3.61680E-03 
-3.61680E-03 
-3.61680E-03 
-3.61680E-03 
-3.61680E-03 
-3.61680E-03 
-3.61680E-03 
-3.61680E-03 
-3.61680E-03 
-3.61680E-03 
-3.61680E-03 
-3.61680E-03 
-3.61680E-03 
-3.61680E-03 
-3.61680E-03 
-3.61680E-03 
-3.61680E-03 
-3.61680E-03 
-3.61680E-03 
-3.61680E-03 
-3.61680E-03 
-3.61680E-03 
-3.61680E-03 
-3.61680E-03 
-3.61680E-03 
-3.61680E-03 
-4.82774E-03 
-4.82774E-03 
-4.82774E-03 
-4.82774E-03 
-4.82774E-03 
-4.82774E-03 
-4.82774E-03 
-4.82774E-03 
-4.82774E-03 
-4.82774E-03 
-4.82774E-03 
-4.82774E-03 
-4.82774E-03 
-4.82774E-03 
-4.82774E-03 
-4.82774E-03 
-4.82774E-03 
-4.82774E-03 
-4.82774E-03 
-4.82774E-03 
-4.82774E-03 
-4.82774E-03 
-4.82774E-03 
-4.82774E-03 
-4.82774E-03 
-4.82774E-03 
-6.31324E-03 
-6.31324E-03 
-6.31324E-03 
-6.31324E-03 
-6.31324E-03 
-6.31324E-03 
-6.31324E-03 
-6.31324E-03 
-6.31324E-03 
-6.31324E-03 
-6.31324E-03 
-6.31324E-03 
-6.31324E-03 
-6.31324E-03 
-6.31324E-03 
-6.31324E-03 
-6.31324E-03 
-6.31324E-03 
-6.31324E-03 
-6.31324E-03 
-6.31324E-03 
-6.31324E-03 
-6.31324E-03 
-6.31324E-03 
-6.31324E-03 
-6.31324E-03 
-8.08717E-03 
-8.08717E-03 
-8.08717E-03 
-8.08717E-03 
-8.08717E-03 
-8.08717E-03 
-8.08717E-03 
-8.08717E-03 
-8.08717E-03 
-8.08717E-03 
-8.08717E-03 
-8.08717E-03 
-8.08717E-03 
-8.08717E-03 
-8.08717E-03 
-8.08717E-03 
-8.08717E-03 
-8.08717E-03 
-8.08717E-03 
-8.08717E-03 
-8.08717E-03 
-8.08717E-03 
-8.08717E-03 
-8.08717E-03 
-8.08717E-03 
-8.08717E-03 
-1.01481E-02 
-1.01481E-02 
-1.01481E-02 
-1.01481E-02 
-1.01481E-02 
-1.01481E-02 
-1.01481E-02 
-1.01481E-02 
-1.01481E-02 
-1.01481E-02 
-1.01481E-02 
-1.01481E-02 
-1.01481E-02 
-1.01481E-02 
-1.01481E-02 
-1.01481E-02 
-1.01481E-02 
-1.01481E-02 
-1.01481E-02 
-1.01481E-02 
-1.01481E-02 
-1.01481E-02 
-1.01481E-02 
-1.01481E-02 
-1.01481E-02 
-1.01481E-02 
-1.24775E-02 
-1.24775E-02 
-1.24775E-02 
-1.24775E-02 
-1.24775E-02 
-1.24775E-02 
-1.24775E-02 
-1.24775E-02 
-1.24775E-02 
-1.24775E-02 
-1.24775E-02 
-1.24775E-02 
-1.24775E-02 
-1.24775E-02 
-1.24775E-02 
-1.24775E-02 
-1.24775E-02 
-1.24775E-02 
-1.24775E-02 
-1.24775E-02 
-1.24775E-02 
-1.24775E-02 
-1.24775E-02 
-1.24775E-02 
-1.24775E-02 
-1.24775E-02 
-1.50232E-02 
-1.50232E-02 
-1.50232E-02 
-1.50232E-02 
-1.50232E-02 
-1.50232E-02 
-1.50232E-02 
-1.50232E-02 
-1.50232E-02 
-1.50232E-02 
-1.50232E-02 
-1.50232E-02 
-1.50232E-02 
-1.50232E-02 
-1.50232E-02 
-1.50232E-02 
-1.50232E-02 
-1.50232E-02 
-1.50232E-02 
-1.50232E-02 
-1.50232E-02 
-1.50232E-02 
-1.50232E-02 
-1.50232E-02 
-1.50232E-02 
-1.50232E-02 
-1.77584E-02 
-1.77584E-02 
-1.77584E-02 
-1.77584E-02 
-1.77584E-02 
-1.77584E-02 
-1.77584E-02 
-1.77584E-02 
-1.77584E-02 
-1.77584E-02 
-1.77584E-02 
-1.77584E-02 
-1.77584E-02 
-1.77584E-02 
-1.77584E-02 
-1.77584E-02 
-1.77584E-02 
-1.77584E-02 
-1.77584E-02 
-1.77584E-02 
-1.77584E-02 
-1.77584E-02 
-1.77584E-02 
-1.77584E-02 
-1.77584E-02 
-1.77584E-02 
-2.05806E-02 
-2.05806E-02 
-2.05806E-02 
-2.05806E-02 
-2.05806E-02 
-2.05806E-02 
-2.05806E-02 
-2.05806E-02 
-2.05806E-02 
-2.05806E-02 
-2.05806E-02 
-2.05806E-02 
-2.05806E-02 
-2.05806E-02 
-2.05806E-02 
-2.05806E-02 
-2.05806E-02 
-2.05806E-02 
-2.05806E-02 
-2.05806E-02 
-2.05806E-02 
-2.05806E-02 
-2.05806E-02 
-2.05806E-02 
-2.05806E-02 
-2.05806E-02 
-2.34008E-02 
-2.34008E-02 
-2.34008E-02 
-2.34008E-02 
-2.34008E-02 
-2.34008E-02 
-2.34008E-02 
-2.34008E-02 
-2.34008E-02 
-2.34008E-02 
-2.34008E-02 
-2.34008E-02 
-2.34008E-02 
-2.34008E-02 
-2.34008E-02 
-2.34008E-02 
-2.34008E-02 
-2.34008E-02 
-2.34008E-02 
-2.34008E-02 
-2.34008E-02 
-2.34008E-02 
-2.34008E-02 
-2.34008E-02 
-2.34008E-02 
-2.34008E-02 
-2.61044E-02 
-2.61044E-02 
-2.61044E-02 
-2.61044E-02 
-2.61044E-02 
-2.61044E-02 
-2.61044E-02 
-2.61044E-02 
-2.61044E-02 
-2.61044E-02 
-2.61044E-02 
-2.61044E-02 
-2.61044E-02 
-2.61044E-02 
-2.61044E-02 
-2.61044E-02 
-2.61044E-02 
-2.61044E-02 
-2.61044E-02 
-2.61044E-02 
-2.61044E-02 
-2.61044E-02 
-2.61044E-02 
-2.61044E-02 
-2.61044E-02 
-2.61044E-02 
-2.85592E-02 
-2.85592E-02 
-2.85592E-02 
-2.85592E-02 
-2.85592E-02 
-2.85592E-02 
-2.85592E-02 
-2.85592E-02 
-2.85592E-02 
-2.85592E-02 
-2.85592E-02 
-2.85592E-02 
-2.85592E-02 
-2.85592E-02 
-2.85592E-02 
-2.85592E-02 
-2.85592E-02 
-2.85592E-02 
-2.85592E-02 
-2.85592E-02 
-2.85592E-02 
-2.85592E-02 
-2.85592E-02 
-2.85592E-02 
-2.85592E-02 
-2.85592E-02 
-3.06165E-02 
-3.06165E-02 
-3.06165E-02 
-3.06165E-02 
-3.06165E-02 
-3.06165E-02 
-3.06165E-02 
-3.06165E-02 
-3.06165E-02 
-3.06165E-02 
-3.06165E-02 
-3.06165E-02 
-3.06165E-02 
-3.06165E-02 
-3.06165E-02 
-3.06165E-02 
-3.06165E-02 
-3.06165E-02 
-3.06165E-02 
-3.06165E-02 
-3.06165E-02 
-3.06165E-02 
-3.06165E-02 
-3.06165E-02 
-3.06165E-02 
-3.06165E-02 
-3.21011E-02 
-3.21011E-02 
-3.21011E-02 
-3.21011E-02 
-3.21011E-02 
-3.21011E-02 
-3.21011E-02 
-3.21011E-02 
-3.21011E-02 
-3.21011E-02 
-3.21011E-02 
-3.21011E-02 
-3.21011E-02 
-3.21011E-02 
-3.21011E-02 
-3.21011E-02 
-3.21011E-02 
-3.21011E-02 
-3.21011E-02 
-3.21011E-02 
-3.21011E-02 
-3.21011E-02 
-3.21011E-02 
-3.21011E-02 
-3.21011E-02 
-3.21011E-02 
-3.28651E-02 
-3.28651E-02 
-3.28651E-02 
-3.28651E-02 
-3.28651E-02 
-3.28651E-02 
-3.28651E-02 
-3.28651E-02 
-3.28651E-02 
-3.28651E-02 
-3.28651E-02 
-3.28651E-02 
-3.28651E-02 
-3.28651E-02 
-3.28651E-02 
-3.28651E-02 
-3.28651E-02 
-3.28651E-02 
-3.28651E-02 
-3.28651E-02 
-3.28651E-02 
-3.28651E-02 
-3.28651E-02 
-3.28651E-02 
-3.28651E-02 
-3.28651E-02 
-3.27037E-02 
-3.27037E-02 
-3.27037E-02 
-3.27037E-02 
-3.27037E-02 
-3.27037E-02 
-3.27037E-02 
-3.27037E-02 
-3.27037E-02 
-3.27037E-02 
-3.27037E-02 
-3.27037E-02 
-3.27037E-02 
-3.27037E-02 
-3.27037E-02 
-3.27037E-02 
-3.27037E-02 
-3.27037E-02 
-3.27037E-02 
-3.27037E-02 
-3.27037E-02 
-3.27037E-02 
-3.27037E-02 
-3.27037E-02 
-3.27037E-02 
-3.27037E-02 
-3.14247E-02 
-3.14247E-02 
-3.14247E-02 
-3.14247E-02 
-3.14247E-02 
-3.14247E-02 
-3.14247E-02 
-3.14247E-02 
-3.14247E-02 
-3.14247E-02 
-3.14247E-02 
-3.14247E-02 
-3.14247E-02 
-3.14247E-02 
-3.14247E-02 
-3.14247E-02 
-3.14247E-02 
-3.14247E-02 
-3.14247E-02 
-3.14247E-02 
-3.14247E-02 
-3.14247E-02 
-3.14247E-02 
-3.14247E-02 
-3.14247E-02 
-3.14247E-02 
-2.88263E-02 
-2.88263E-02 
-2.88263E-02 
-2.88263E-02 
-2.88263E-02 
-2.88263E-02 
-2.88263E-02 
-2.88263E-02 
-2.88263E-02 
-2.88263E-02 
-2.88263E-02 
-2.88263E-02 
-2.88263E-02 
-2.88263E-02 
-2.88263E-02 
-2.88263E-02 
-2.88263E-02 
-2.88263E-02 
-2.88263E-02 
-2.88263E-02 
-2.88263E-02 
-2.88263E-02 
-2.88263E-02 
-2.88263E-02 
-2.88263E-02 
-2.88263E-02 
-2.46888E-02 
-2.46888E-02 
-2.46888E-02 
-2.46888E-02 
-2.46888E-02 
-2.46888E-02 
-2.46888E-02 
-2.46888E-02 
-2.46888E-02 
-2.46888E-02 
-2.46888E-02 
-2.46888E-02 
-2.46888E-02 
-2.46888E-02 
-2.46888E-02 
-2.46888E-02 
-2.46888E-02 
-2.46888E-02 
-2.46888E-02 
-2.46888E-02 
-2.46888E-02 
-2.46888E-02 
-2.46888E-02 
-2.46888E-02 
-2.46888E-02 
-2.46888E-02 
-1.87941E-02 
-1.87941E-02 
-1.87941E-02 
-1.87941E-02 
-1.87941E-02 
-1.87941E-02 
-1.87941E-02 
-1.87941E-02 
-1.87941E-02 
-1.87941E-02 
-1.87941E-02 
-1.87941E-02 
-1.87941E-02 
-1.87941E-02 
-1.87941E-02 
-1.87941E-02 
-1.87941E-02 
-1.87941E-02 
-1.87941E-02 
-1.87941E-02 
-1.87941E-02 
-1.87941E-02 
-1.87941E-02 
-1.87941E-02 
-1.87941E-02 
-1.87941E-02 
-1.09156E-02 
-1.09156E-02 
-1.09156E-02 
-1.09156E-02 
-1.09156E-02 
-1.09156E-02 
-1.09156E-02 
-1.09156E-02 
-1.09156E-02 
-1.09156E-02 
-1.09156E-02 
-1.09156E-02 
-1.09156E-02 
-1.09156E-02 
-1.09156E-02 
-1.09156E-02 
-1.09156E-02 
-1.09156E-02 
-1.09156E-02 
-1.09156E-02 
-1.09156E-02 
-1.09156E-02 
-1.09156E-02 
-1.09156E-02 
-1.09156E-02 
-1.09156E-02 
-8.13842E-04 
-8.13842E-04 
-8.13842E-04 
-8.13842E-04 
-8.13842E-04 
-8.13842E-04 
-8.13842E-04 
-8.13842E-04 
-8.13842E-04 
-8.13842E-04 
-8.13842E-04 
-8.13842E-04 
-8.13842E-04 
-8.13842E-04 
-8.13842E-04 
-8.13842E-04 
-8.13842E-04 
-8.13842E-04 
-8.13842E-04 
-8.13842E-04 
-8.13842E-04 
-8.13842E-04 
-8.13842E-04 
-8.13842E-04 
-8.13842E-04 
-8.13842E-04 
1.17298E-02 
1.17298E-02 
1.17298E-02 
1.17298E-02 
1.17298E-02 
1.17298E-02 
1.17298E-02 
1.17298E-02 
1.17298E-02 
1.17298E-02 
1.17298E-02 
1.17298E-02 
1.17298E-02 
1.17298E-02 
1.17298E-02 
1.17298E-02 
1.17298E-02 
1.17298E-02 
1.17298E-02 
1.17298E-02 
1.17298E-02 
1.17298E-02 
1.17298E-02 
1.17298E-02 
1.17298E-02 
1.17298E-02 
2.69978E-02 
2.69978E-02 
2.69978E-02 
2.69978E-02 
2.69978E-02 
2.69978E-02 
2.69978E-02 
2.69978E-02 
2.69978E-02 
2.69978E-02 
2.69978E-02 
2.69978E-02 
2.69978E-02 
2.69978E-02 
2.69978E-02 
2.69978E-02 
2.69978E-02 
2.69978E-02 
2.69978E-02 
2.69978E-02 
2.69978E-02 
2.69978E-02 
2.69978E-02 
2.69978E-02 
2.69978E-02 
2.69978E-02 
4.50417E-02 
4.50417E-02 
4.50417E-02 
4.50417E-02 
4.50417E-02 
4.50417E-02 
4.50417E-02 
4.50417E-02 
4.50417E-02 
4.50417E-02 
4.50417E-02 
4.50417E-02 
4.50417E-02 
4.50417E-02 
4.50417E-02 
4.50417E-02 
4.50417E-02 
4.50417E-02 
4.50417E-02 
4.50417E-02 
4.50417E-02 
4.50417E-02 
4.50417E-02 
4.50417E-02 
4.50417E-02 
4.50417E-02 
6.64182E-02 
6.64182E-02 
6.64182E-02 
6.64182E-02 
6.64182E-02 
6.64182E-02 
6.64182E-02 
6.64182E-02 
6.64182E-02 
6.64182E-02 
6.64182E-02 
6.64182E-02 
6.64182E-02 
6.64182E-02 
6.64182E-02 
6.64182E-02 
6.64182E-02 
6.64182E-02 
6.64182E-02 
6.64182E-02 
6.64182E-02 
6.64182E-02 
6.64182E-02 
6.64182E-02 
6.64182E-02 
6.64182E-02 
9.12191E-02 
9.12191E-02 
9.12191E-02 
9.12191E-02 
9.12191E-02 
9.12191E-02 
9.12191E-02 
9.12191E-02 
9.12191E-02 
9.12191E-02 
9.12191E-02 
9.12191E-02 
9.12191E-02 
9.12191E-02 
9.12191E-02 
9.12191E-02 
9.12191E-02 
9.12191E-02 
9.12191E-02 
9.12191E-02 
9.12191E-02 
9.12191E-02 
9.12191E-02 
9.12191E-02 
9.12191E-02 
9.12191E-02 
1.19697E-01 
1.19697E-01 
1.19697E-01 
1.19697E-01 
1.19697E-01 
1.19697E-01 
1.19697E-01 
1.19697E-01 
1.19697E-01 
1.19697E-01 
1.19697E-01 
1.19697E-01 
1.19697E-01 
1.19697E-01 
1.19697E-01 
1.19697E-01 
1.19697E-01 
1.19697E-01 
1.19697E-01 
1.19697E-01 
1.19697E-01 
1.19697E-01 
1.19697E-01 
1.19697E-01 
1.19697E-01 
1.19697E-01 
1.52109E-01 
1.52109E-01 
1.52109E-01 
1.52109E-01 
1.52109E-01 
1.52109E-01 
1.52109E-01 
1.52109E-01 
1.52109E-01 
1.52109E-01 
1.52109E-01 
1.52109E-01 
1.52109E-01 
1.52109E-01 
1.52109E-01 
1.52109E-01 
1.52109E-01 
1.52109E-01 
1.52109E-01 
1.52109E-01 
1.52109E-01 
1.52109E-01 
1.52109E-01 
1.52109E-01 
1.52109E-01 
1.52109E-01 
1.88707E-01 
1.88707E-01 
1.88707E-01 
1.88707E-01 
1.88707E-01 
1.88707E-01 
1.88707E-01 
1.88707E-01 
1.88707E-01 
1.88707E-01 
1.88707E-01 
1.88707E-01 
1.88707E-01 
1.88707E-01 
1.88707E-01 
1.88707E-01 
1.88707E-01 
1.88707E-01 
1.88707E-01 
1.88707E-01 
1.88707E-01 
1.88707E-01 
1.88707E-01 
1.88707E-01 
1.88707E-01 
1.88707E-01 
2.29755E-01 
2.29755E-01 
2.29755E-01 
2.29755E-01 
2.29755E-01 
2.29755E-01 
2.29755E-01 
2.29755E-01 
2.29755E-01 
2.29755E-01 
2.29755E-01 
2.29755E-01 
2.29755E-01 
2.29755E-01 
2.29755E-01 
2.29755E-01 
2.29755E-01 
2.29755E-01 
2.29755E-01 
2.29755E-01 
2.29755E-01 
2.29755E-01 
2.29755E-01 
2.29755E-01 
2.29755E-01 
2.29755E-01 
2.75508E-01 
2.75508E-01 
2.75508E-01 
2.75508E-01 
2.75508E-01 
2.75508E-01 
2.75508E-01 
2.75508E-01 
2.75508E-01 
2.75508E-01 
2.75508E-01 
2.75508E-01 
2.75508E-01 
2.75508E-01 
2.75508E-01 
2.75508E-01 
2.75508E-01 
2.75508E-01 
2.75508E-01 
2.75508E-01 
2.75508E-01 
2.75508E-01 
2.75508E-01 
2.75508E-01 
2.75508E-01 
2.75508E-01 
3.26230E-01 
3.26230E-01 
3.26230E-01 
3.26230E-01 
3.26230E-01 
3.26230E-01 
3.26230E-01 
3.26230E-01 
3.26230E-01 
3.26230E-01 
3.26230E-01 
3.26230E-01 
3.26230E-01 
3.26230E-01 
3.26230E-01 
3.26230E-01 
3.26230E-01 
3.26230E-01 
3.26230E-01 
3.26230E-01 
3.26230E-01 
3.26230E-01 
3.26230E-01 
3.26230E-01 
3.26230E-01 
3.26230E-01 
3.82301E-01 
3.82301E-01 
3.82301E-01 
3.82301E-01 
3.82301E-01 
3.82301E-01 
3.82301E-01 
3.82301E-01 
3.82301E-01 
3.82301E-01 
3.82301E-01 
3.82301E-01 
3.82301E-01 
3.82301E-01 
3.82301E-01 
3.82301E-01 
3.82301E-01 
3.82301E-01 
3.82301E-01 
3.82301E-01 
3.82301E-01 
3.82301E-01 
3.82301E-01 
3.82301E-01 
3.82301E-01 
3.82301E-01 
4.43443E-01 
4.43443E-01 
4.43443E-01 
4.43443E-01 
4.43443E-01 
4.43443E-01 
4.43443E-01 
4.43443E-01 
4.43443E-01 
4.43443E-01 
4.43443E-01 
4.43443E-01 
4.43443E-01 
4.43443E-01 
4.43443E-01 
4.43443E-01 
4.43443E-01 
4.43443E-01 
4.43443E-01 
4.43443E-01 
4.43443E-01 
4.43443E-01 
4.43443E-01 
4.43443E-01 
4.43443E-01 
4.43443E-01 
5.10714E-01 
5.10714E-01 
5.10714E-01 
5.10714E-01 
5.10714E-01 
5.10714E-01 
5.10714E-01 
5.10714E-01 
5.10714E-01 
5.10714E-01 
5.10714E-01 
5.10714E-01 
5.10714E-01 
5.10714E-01 
5.10714E-01 
5.10714E-01 
5.10714E-01 
5.10714E-01 
5.10714E-01 
5.10714E-01 
5.10714E-01 
5.10714E-01 
5.10714E-01 
5.10714E-01 
5.10714E-01 
5.10714E-01 
5.83972E-01 
5.83972E-01 
5.83972E-01 
5.83972E-01 
5.83972E-01 
5.83972E-01 
5.83972E-01 
5.83972E-01 
5.83972E-01 
5.83972E-01 
5.83972E-01 
5.83972E-01 
5.83972E-01 
5.83972E-01 
5.83972E-01 
5.83972E-01 
5.83972E-01 
5.83972E-01 
5.83972E-01 
5.83972E-01 
5.83972E-01 
5.83972E-01 
5.83972E-01 
5.83972E-01 
5.83972E-01 
5.83972E-01 
6.63499E-01 
6.63499E-01 
6.63499E-01 
6.63499E-01 
6.63499E-01 
6.63499E-01 
6.63499E-01 
6.63499E-01 
6.63499E-01 
6.63499E-01 
6.63499E-01 
6.63499E-01 
6.63499E-01 
6.63499E-01 
6.63499E-01 
6.63499E-01 
6.63499E-01 
6.63499E-01 
6.63499E-01 
6.63499E-01 
6.63499E-01 
6.63499E-01 
6.63499E-01 
6.63499E-01 
6.63499E-01 
6.63499E-01 
7.49552E-01 
7.49552E-01 
7.49552E-01 
7.49552E-01 
7.49552E-01 
7.49552E-01 
7.49552E-01 
7.49552E-01 
7.49552E-01 
7.49552E-01 
7.49552E-01 
7.49552E-01 
7.49552E-01 
7.49552E-01 
7.49552E-01 
7.49552E-01 
7.49552E-01 
7.49552E-01 
7.49552E-01 
7.49552E-01 
7.49552E-01 
7.49552E-01 
7.49552E-01 
7.49552E-01 
7.49552E-01 
7.49552E-01 
8.42415E-01 
8.42415E-01 
8.42415E-01 
8.42415E-01 
8.42415E-01 
8.42415E-01 
8.42415E-01 
8.42415E-01 
8.42415E-01 
8.42415E-01 
8.42415E-01 
8.42415E-01 
8.42415E-01 
8.42415E-01 
8.42415E-01 
8.42415E-01 
8.42415E-01 
8.42415E-01 
8.42415E-01 
8.42415E-01 
8.42415E-01 
8.42415E-01 
8.42415E-01 
8.42415E-01 
8.42415E-01 
8.42415E-01 
9.42308E-01 
9.42308E-01 
9.42308E-01 
9.42308E-01 
9.42308E-01 
9.42308E-01 
9.42308E-01 
9.42308E-01 
9.42308E-01 
9.42308E-01 
9.42308E-01 
9.42308E-01 
9.42308E-01 
9.42308E-01 
9.42308E-01 
9.42308E-01 
9.42308E-01 
9.42308E-01 
9.42308E-01 
9.42308E-01 
9.42308E-01 
9.42308E-01 
9.42308E-01 
9.42308E-01 
9.42308E-01 
9.42308E-01 
1.04984E+00 
1.04984E+00 
1.04984E+00 
1.04984E+00 
1.04984E+00 
1.04984E+00 
1.04984E+00 
1.04984E+00 
1.04984E+00 
1.04984E+00 
1.04984E+00 
1.04984E+00 
1.04984E+00 
1.04984E+00 
1.04984E+00 
1.04984E+00 
1.04984E+00 
1.04984E+00 
1.04984E+00 
1.04984E+00 
1.04984E+00 
1.04984E+00 
1.04984E+00 
1.04984E+00 
1.04984E+00 
1.04984E+00 
1.16459E+00 
1.16459E+00 
1.16459E+00 
1.16459E+00 
1.16459E+00 
1.16459E+00 
1.16459E+00 
1.16459E+00 
1.16459E+00 
1.16459E+00 
1.16459E+00 
1.16459E+00 
1.16459E+00 
1.16459E+00 
1.16459E+00 
1.16459E+00 
1.16459E+00 
1.16459E+00 
1.16459E+00 
1.16459E+00 
1.16459E+00 
1.16459E+00 
1.16459E+00 
1.16459E+00 
1.16459E+00 
1.16459E+00 
1.28727E+00 
1.28727E+00 
1.28727E+00 
1.28727E+00 
1.28727E+00 
1.28727E+00 
1.28727E+00 
1.28727E+00 
1.28727E+00 
1.28727E+00 
1.28727E+00 
1.28727E+00 
1.28727E+00 
1.28727E+00 
1.28727E+00 
1.28727E+00 
1.28727E+00 
1.28727E+00 
1.28727E+00 
1.28727E+00 
1.28727E+00 
1.28727E+00 
1.28727E+00 
1.28727E+00 
1.28727E+00 
1.28727E+00 
1.41811E+00 
1.41811E+00 
1.41811E+00 
1.41811E+00 
1.41811E+00 
1.41811E+00 
1.41811E+00 
1.41811E+00 
1.41811E+00 
1.41811E+00 
1.41811E+00 
1.41811E+00 
1.41811E+00 
1.41811E+00 
1.41811E+00 
1.41811E+00 
1.41811E+00 
1.41811E+00 
1.41811E+00 
1.41811E+00 
1.41811E+00 
1.41811E+00 
1.41811E+00 
1.41811E+00 
1.41811E+00 
1.41811E+00 
1.55739E+00 
1.55739E+00 
1.55739E+00 
1.55739E+00 
1.55739E+00 
1.55739E+00 
1.55739E+00 
1.55739E+00 
1.55739E+00 
1.55739E+00 
1.55739E+00 
1.55739E+00 
1.55739E+00 
1.55739E+00 
1.55739E+00 
1.55739E+00 
1.55739E+00 
1.55739E+00 
1.55739E+00 
1.55739E+00 
1.55739E+00 
1.55739E+00 
1.55739E+00 
1.55739E+00 
1.55739E+00 
1.55739E+00 
1.70533E+00 
1.70533E+00 
1.70533E+00 
1.70533E+00 
1.70533E+00 
1.70533E+00 
1.70533E+00 
1.70533E+00 
1.70533E+00 
1.70533E+00 
1.70533E+00 
1.70533E+00 
1.70533E+00 
1.70533E+00 
1.70533E+00 
1.70533E+00 
1.70533E+00 
1.70533E+00 
1.70533E+00 
1.70533E+00 
1.70533E+00 
1.70533E+00 
1.70533E+00 
1.70533E+00 
1.70533E+00 
1.70533E+00 
1.86221E+00 
1.86221E+00 
1.86221E+00 
1.86221E+00 
1.86221E+00 
1.86221E+00 
1.86221E+00 
1.86221E+00 
1.86221E+00 
1.86221E+00 
1.86221E+00 
1.86221E+00 
1.86221E+00 
1.86221E+00 
1.86221E+00 
1.86221E+00 
1.86221E+00 
1.86221E+00 
1.86221E+00 
1.86221E+00 
1.86221E+00 
1.86221E+00 
1.86221E+00 
1.86221E+00 
1.86221E+00 
1.86221E+00 
2.02833E+00 
2.02833E+00 
2.02833E+00 
2.02833E+00 
2.02833E+00 
2.02833E+00 
2.02833E+00 
2.02833E+00 
2.02833E+00 
2.02833E+00 
2.02833E+00 
2.02833E+00 
2.02833E+00 
2.02833E+00 
2.02833E+00 
2.02833E+00 
2.02833E+00 
2.02833E+00 
2.02833E+00 
2.02833E+00 
2.02833E+00 
2.02833E+00 
2.02833E+00 
2.02833E+00 
2.02833E+00 
2.02833E+00 
2.20382E+00 
2.20382E+00 
2.20382E+00 
2.20382E+00 
2.20382E+00 
2.20382E+00 
2.20382E+00 
2.20382E+00 
2.20382E+00 
2.20382E+00 
2.20382E+00 
2.20382E+00 
2.20382E+00 
2.20382E+00 
2.20382E+00 
2.20382E+00 
2.20382E+00 
2.20382E+00 
2.20382E+00 
2.20382E+00 
2.20382E+00 
2.20382E+00 
2.20382E+00 
2.20382E+00 
2.20382E+00 
2.20382E+00 
---
