PdfType: replica
Format: lhagrid1
---
1.00000E-06 1.28121E-06 1.64152E-06 2.10317E-06 2.69463E-06 3.45242E-06 4.42329E-06 5.66715E-06 7.26076E-06 9.30241E-06 1.19180E-05 1.52689E-05 1.95617E-05 2.50609E-05 3.21053E-05 4.11287E-05 5.26863E-05 6.74889E-05 8.64459E-05 1.10720E-04 1.41800E-04 1.81585E-04 2.32503E-04 2.97652E-04 3.80981E-04 4.87518E-04 6.26039E-04 8.00452E-04 1.02297E-03 1.30657E-03 1.66759E-03 2.12729E-03 2.71054E-03 3.44865E-03 4.37927E-03 5.54908E-03 7.01192E-03 8.83064E-03 1.10763E-02 1.38266E-02 1.71641E-02 2.11717E-02 2.59364E-02 3.15062E-02 3.79623E-02 4.53425E-02 5.36750E-02 6.29705E-02 7.32221E-02 8.44039E-02 9.64793E-02 1.09332E-01 1.23067E-01 1.37507E-01 1.52639E-01 1.68416E-01 1.84794E-01 2.01731E-01 2.19016E-01 2.36948E-01 2.55242E-01 2.73927E-01 2.92954E-01 3.12340E-01 3.32036E-01 3.52019E-01 3.72282E-01 3.92772E-01 4.13533E-01 4.34326E-01 4.55495E-01 4.76836E-01 4.98342E-01 5.20006E-01 5.41818E-01 5.63773E-01 5.85861E-01 6.08077E-01 6.30459E-01 6.52800E-01 6.75387E-01 6.98063E-01 7.20830E-01 7.43683E-01 7.66623E-01 7.89636E-01 8.12791E-01 8.35940E-01 8.59175E-01 8.82485E-01 9.05866E-01 9.29311E-01 9.52817E-01 9.76387E-01 1.00000E+00 
1.14018E+00 1.22539E+00 1.32482E+00 1.44156E+00 1.57954E+00 1.74381E+00 1.94091E+00 2.12132E+00 2.17945E+00 2.49622E+00 2.89383E+00 3.39925E+00 4.05063E+00 4.90286E+00 6.03623E+00 7.57063E+00 9.68869E+00 1.26749E+01 1.69835E+01 2.33578E+01 3.30501E+01 4.82334E+01 7.28041E+01 1.13998E+02 1.85779E+02 3.16228E+02 
908
-1.48099E-12 
-1.48099E-12 
-1.48099E-12 
-1.48099E-12 
-1.48099E-12 
-1.48099E-12 
-1.48099E-12 
-1.48099E-12 
-1.48099E-12 
-1.48099E-12 
-1.48099E-12 
-1.48099E-12 
-1.48099E-12 
-1.48099E-12 
-1.48099E-12 
-1.48099E-12 
-1.48099E-12 
-1.48099E-12 
-1.48099E-12 
-1.48099E-12 
-1.48099E-12 
-1.48099E-12 
-1.48099E-12 
-1.48099E-12 
-1.48099E-12 
-1.48099E-12 
-2.42450E-12 
-2.42450E-12 
-2.42450E-12 
-2.42450E-12 
-2.42450E-12 
-2.42450E-12 
-2.42450E-12 
-2.42450E-12 
-2.42450E-12 
-2.42450E-12 
-2.42450E-12 
-2.42450E-12 
-2.42450E-12 
-2.42450E-12 
-2.42450E-12 
-2.42450E-12 
-2.42450E-12 
-2.42450E-12 
-2.42450E-12 
-2.42450E-12 
-2.42450E-12 
-2.42450E-12 
-2.42450E-12 
-2.42450E-12 
-2.42450E-12 
-2.42450E-12 
-3.96919E-12 
-3.96919E-12 
-3.96919E-12 
-3.96919E-12 
-3.96919E-12 
-3.96919E-12 
-3.96919E-12 
-3.96919E-12 
-3.96919E-12 
-3.96919E-12 
-3.96919E-12 
-3.96919E-12 
-3.96919E-12 
-3.96919E-12 
-3.96919E-12 
-3.96919E-12 
-3.96919E-12 
-3.96919E-12 
-3.96919E-12 
-3.96919E-12 
-3.96919E-12 
-3.96919E-12 
-3.96919E-12 
-3.96919E-12 
-3.96919E-12 
-3.96919E-12 
-6.49811E-12 
-6.49811E-12 
-6.49811E-12 
-6.49811E-12 
-6.49811E-12 
-6.49811E-12 
-6.49811E-12 
-6.49811E-12 
-6.49811E-12 
-6.49811E-12 
-6.49811E-12 
-6.49811E-12 
-6.49811E-12 
-6.49811E-12 
-6.49811E-12 
-6.49811E-12 
-6.49811E-12 
-6.49811E-12 
-6.49811E-12 
-6.49811E-12 
-6.49811E-12 
-6.49811E-12 
-6.49811E-12 
-6.49811E-12 
-6.49811E-12 
-6.49811E-12 
-1.06381E-11 
-1.06381E-11 
-1.06381E-11 
-1.06381E-11 
-1.06381E-11 
-1.06381E-11 
-1.06381E-11 
-1.06381E-11 
-1.06381E-11 
-1.06381E-11 
-1.06381E-11 
-1.06381E-11 
-1.06381E-11 
-1.06381E-11 
-1.06381E-11 
-1.06381E-11 
-1.06381E-11 
-1.06381E-11 
-1.06381E-11 
-1.06381E-11 
-1.06381E-11 
-1.06381E-11 
-1.06381E-11 
-1.06381E-11 
-1.06381E-11 
-1.06381E-11 
-1.74157E-11 
-1.74157E-11 
-1.74157E-11 
-1.74157E-11 
-1.74157E-11 
-1.74157E-11 
-1.74157E-11 
-1.74157E-11 
-1.74157E-11 
-1.74157E-11 
-1.74157E-11 
-1.74157E-11 
-1.74157E-11 
-1.74157E-11 
-1.74157E-11 
-1.74157E-11 
-1.74157E-11 
-1.74157E-11 
-1.74157E-11 
-1.74157E-11 
-1.74157E-11 
-1.74157E-11 
-1.74157E-11 
-1.74157E-11 
-1.74157E-11 
-1.74157E-11 
-2.85110E-11 
-2.85110E-11 
-2.85110E-11 
-2.85110E-11 
-2.85110E-11 
-2.85110E-11 
-2.85110E-11 
-2.85110E-11 
-2.85110E-11 
-2.85110E-11 
-2.85110E-11 
-2.85110E-11 
-2.85110E-11 
-2.85110E-11 
-2.85110E-11 
-2.85110E-11 
-2.85110E-11 
-2.85110E-11 
-2.85110E-11 
-2.85110E-11 
-2.85110E-11 
-2.85110E-11 
-2.85110E-11 
-2.85110E-11 
-2.85110E-11 
-2.85110E-11 
-4.66744E-11 
-4.66744E-11 
-4.66744E-11 
-4.66744E-11 
-4.66744E-11 
-4.66744E-11 
-4.66744E-11 
-4.66744E-11 
-4.66744E-11 
-4.66744E-11 
-4.66744E-11 
-4.66744E-11 
-4.66744E-11 
-4.66744E-11 
-4.66744E-11 
-4.66744E-11 
-4.66744E-11 
-4.66744E-11 
-4.66744E-11 
-4.66744E-11 
-4.66744E-11 
-4.66744E-11 
-4.66744E-11 
-4.66744E-11 
-4.66744E-11 
-4.66744E-11 
-7.64083E-11 
-7.64083E-11 
-7.64083E-11 
-7.64083E-11 
-7.64083E-11 
-7.64083E-11 
-7.64083E-11 
-7.64083E-11 
-7.64083E-11 
-7.64083E-11 
-7.64083E-11 
-7.64083E-11 
-7.64083E-11 
-7.64083E-11 
-7.64083E-11 
-7.64083E-11 
-7.64083E-11 
-7.64083E-11 
-7.64083E-11 
-7.64083E-11 
-7.64083E-11 
-7.64083E-11 
-7.64083E-11 
-7.64083E-11 
-7.64083E-11 
-7.64083E-11 
-1.25082E-10 
-1.25082E-10 
-1.25082E-10 
-1.25082E-10 
-1.25082E-10 
-1.25082E-10 
-1.25082E-10 
-1.25082E-10 
-1.25082E-10 
-1.25082E-10 
-1.25082E-10 
-1.25082E-10 
-1.25082E-10 
-1.25082E-10 
-1.25082E-10 
-1.25082E-10 
-1.25082E-10 
-1.25082E-10 
-1.25082E-10 
-1.25082E-10 
-1.25082E-10 
-1.25082E-10 
-1.25082E-10 
-1.25082E-10 
-1.25082E-10 
-1.25082E-10 
-2.04756E-10 
-2.04756E-10 
-2.04756E-10 
-2.04756E-10 
-2.04756E-10 
-2.04756E-10 
-2.04756E-10 
-2.04756E-10 
-2.04756E-10 
-2.04756E-10 
-2.04756E-10 
-2.04756E-10 
-2.04756E-10 
-2.04756E-10 
-2.04756E-10 
-2.04756E-10 
-2.04756E-10 
-2.04756E-10 
-2.04756E-10 
-2.04756E-10 
-2.04756E-10 
-2.04756E-10 
-2.04756E-10 
-2.04756E-10 
-2.04756E-10 
-2.04756E-10 
-3.35173E-10 
-3.35173E-10 
-3.35173E-10 
-3.35173E-10 
-3.35173E-10 
-3.35173E-10 
-3.35173E-10 
-3.35173E-10 
-3.35173E-10 
-3.35173E-10 
-3.35173E-10 
-3.35173E-10 
-3.35173E-10 
-3.35173E-10 
-3.35173E-10 
-3.35173E-10 
-3.35173E-10 
-3.35173E-10 
-3.35173E-10 
-3.35173E-10 
-3.35173E-10 
-3.35173E-10 
-3.35173E-10 
-3.35173E-10 
-3.35173E-10 
-3.35173E-10 
-5.48645E-10 
-5.48645E-10 
-5.48645E-10 
-5.48645E-10 
-5.48645E-10 
-5.48645E-10 
-5.48645E-10 
-5.48645E-10 
-5.48645E-10 
-5.48645E-10 
-5.48645E-10 
-5.48645E-10 
-5.48645E-10 
-5.48645E-10 
-5.48645E-10 
-5.48645E-10 
-5.48645E-10 
-5.48645E-10 
-5.48645E-10 
-5.48645E-10 
-5.48645E-10 
-5.48645E-10 
-5.48645E-10 
-5.48645E-10 
-5.48645E-10 
-5.48645E-10 
-8.98036E-10 
-8.98036E-10 
-8.98036E-10 
-8.98036E-10 
-8.98036E-10 
-8.98036E-10 
-8.98036E-10 
-8.98036E-10 
-8.98036E-10 
-8.98036E-10 
-8.98036E-10 
-8.98036E-10 
-8.98036E-10 
-8.98036E-10 
-8.98036E-10 
-8.98036E-10 
-8.98036E-10 
-8.98036E-10 
-8.98036E-10 
-8.98036E-10 
-8.98036E-10 
-8.98036E-10 
-8.98036E-10 
-8.98036E-10 
-8.98036E-10 
-8.98036E-10 
-1.46986E-09 
-1.46986E-09 
-1.46986E-09 
-1.46986E-09 
-1.46986E-09 
-1.46986E-09 
-1.46986E-09 
-1.46986E-09 
-1.46986E-09 
-1.46986E-09 
-1.46986E-09 
-1.46986E-09 
-1.46986E-09 
-1.46986E-09 
-1.46986E-09 
-1.46986E-09 
-1.46986E-09 
-1.46986E-09 
-1.46986E-09 
-1.46986E-09 
-1.46986E-09 
-1.46986E-09 
-1.46986E-09 
-1.46986E-09 
-1.46986E-09 
-1.46986E-09 
-2.40564E-09 
-2.40564E-09 
-2.40564E-09 
-2.40564E-09 
-2.40564E-09 
-2.40564E-09 
-2.40564E-09 
-2.40564E-09 
-2.40564E-09 
-2.40564E-09 
-2.40564E-09 
-2.40564E-09 
-2.40564E-09 
-2.40564E-09 
-2.40564E-09 
-2.40564E-09 
-2.40564E-09 
-2.40564E-09 
-2.40564E-09 
-2.40564E-09 
-2.40564E-09 
-2.40564E-09 
-2.40564E-09 
-2.40564E-09 
-2.40564E-09 
-2.40564E-09 
-3.93687E-09 
-3.93687E-09 
-3.93687E-09 
-3.93687E-09 
-3.93687E-09 
-3.93687E-09 
-3.93687E-09 
-3.93687E-09 
-3.93687E-09 
-3.93687E-09 
-3.93687E-09 
-3.93687E-09 
-3.93687E-09 
-3.93687E-09 
-3.93687E-09 
-3.93687E-09 
-3.93687E-09 
-3.93687E-09 
-3.93687E-09 
-3.93687E-09 
-3.93687E-09 
-3.93687E-09 
-3.93687E-09 
-3.93687E-09 
-3.93687E-09 
-3.93687E-09 
-6.44217E-09 
-6.44217E-09 
-6.44217E-09 
-6.44217E-09 
-6.44217E-09 
-6.44217E-09 
-6.44217E-09 
-6.44217E-09 
-6.44217E-09 
-6.44217E-09 
-6.44217E-09 
-6.44217E-09 
-6.44217E-09 
-6.44217E-09 
-6.44217E-09 
-6.44217E-09 
-6.44217E-09 
-6.44217E-09 
-6.44217E-09 
-6.44217E-09 
-6.44217E-09 
-6.44217E-09 
-6.44217E-09 
-6.44217E-09 
-6.44217E-09 
-6.44217E-09 
-1.05405E-08 
-1.05405E-08 
-1.05405E-08 
-1.05405E-08 
-1.05405E-08 
-1.05405E-08 
-1.05405E-08 
-1.05405E-08 
-1.05405E-08 
-1.05405E-08 
-1.05405E-08 
-1.05405E-08 
-1.05405E-08 
-1.05405E-08 
-1.05405E-08 
-1.05405E-08 
-1.05405E-08 
-1.05405E-08 
-1.05405E-08 
-1.05405E-08 
-1.05405E-08 
-1.05405E-08 
-1.05405E-08 
-1.05405E-08 
-1.05405E-08 
-1.05405E-08 
-1.72436E-08 
-1.72436E-08 
-1.72436E-08 
-1.72436E-08 
-1.72436E-08 
-1.72436E-08 
-1.72436E-08 
-1.72436E-08 
-1.72436E-08 
-1.72436E-08 
-1.72436E-08 
-1.72436E-08 
-1.72436E-08 
-1.72436E-08 
-1.72436E-08 
-1.72436E-08 
-1.72436E-08 
-1.72436E-08 
-1.72436E-08 
-1.72436E-08 
-1.72436E-08 
-1.72436E-08 
-1.72436E-08 
-1.72436E-08 
-1.72436E-08 
-1.72436E-08 
-2.82046E-08 
-2.82046E-08 
-2.82046E-08 
-2.82046E-08 
-2.82046E-08 
-2.82046E-08 
-2.82046E-08 
-2.82046E-08 
-2.82046E-08 
-2.82046E-08 
-2.82046E-08 
-2.82046E-08 
-2.82046E-08 
-2.82046E-08 
-2.82046E-08 
-2.82046E-08 
-2.82046E-08 
-2.82046E-08 
-2.82046E-08 
-2.82046E-08 
-2.82046E-08 
-2.82046E-08 
-2.82046E-08 
-2.82046E-08 
-2.82046E-08 
-2.82046E-08 
-4.61223E-08 
-4.61223E-08 
-4.61223E-08 
-4.61223E-08 
-4.61223E-08 
-4.61223E-08 
-4.61223E-08 
-4.61223E-08 
-4.61223E-08 
-4.61223E-08 
-4.61223E-08 
-4.61223E-08 
-4.61223E-08 
-4.61223E-08 
-4.61223E-08 
-4.61223E-08 
-4.61223E-08 
-4.61223E-08 
-4.61223E-08 
-4.61223E-08 
-4.61223E-08 
-4.61223E-08 
-4.61223E-08 
-4.61223E-08 
-4.61223E-08 
-4.61223E-08 
-7.54011E-08 
-7.54011E-08 
-7.54011E-08 
-7.54011E-08 
-7.54011E-08 
-7.54011E-08 
-7.54011E-08 
-7.54011E-08 
-7.54011E-08 
-7.54011E-08 
-7.54011E-08 
-7.54011E-08 
-7.54011E-08 
-7.54011E-08 
-7.54011E-08 
-7.54011E-08 
-7.54011E-08 
-7.54011E-08 
-7.54011E-08 
-7.54011E-08 
-7.54011E-08 
-7.54011E-08 
-7.54011E-08 
-7.54011E-08 
-7.54011E-08 
-7.54011E-08 
-1.23223E-07 
-1.23223E-07 
-1.23223E-07 
-1.23223E-07 
-1.23223E-07 
-1.23223E-07 
-1.23223E-07 
-1.23223E-07 
-1.23223E-07 
-1.23223E-07 
-1.23223E-07 
-1.23223E-07 
-1.23223E-07 
-1.23223E-07 
-1.23223E-07 
-1.23223E-07 
-1.23223E-07 
-1.23223E-07 
-1.23223E-07 
-1.23223E-07 
-1.23223E-07 
-1.23223E-07 
-1.23223E-07 
-1.23223E-07 
-1.23223E-07 
-1.23223E-07 
-2.01285E-07 
-2.01285E-07 
-2.01285E-07 
-2.01285E-07 
-2.01285E-07 
-2.01285E-07 
-2.01285E-07 
-2.01285E-07 
-2.01285E-07 
-2.01285E-07 
-2.01285E-07 
-2.01285E-07 
-2.01285E-07 
-2.01285E-07 
-2.01285E-07 
-2.01285E-07 
-2.01285E-07 
-2.01285E-07 
-2.01285E-07 
-2.01285E-07 
-2.01285E-07 
-2.01285E-07 
-2.01285E-07 
-2.01285E-07 
-2.01285E-07 
-2.01285E-07 
-3.28618E-07 
-3.28618E-07 
-3.28618E-07 
-3.28618E-07 
-3.28618E-07 
-3.28618E-07 
-3.28618E-07 
-3.28618E-07 
-3.28618E-07 
-3.28618E-07 
-3.28618E-07 
-3.28618E-07 
-3.28618E-07 
-3.28618E-07 
-3.28618E-07 
-3.28618E-07 
-3.28618E-07 
-3.28618E-07 
-3.28618E-07 
-3.28618E-07 
-3.28618E-07 
-3.28618E-07 
-3.28618E-07 
-3.28618E-07 
-3.28618E-07 
-3.28618E-07 
-5.40209E-07 
-5.40209E-07 
-5.40209E-07 
-5.40209E-07 
-5.40209E-07 
-5.40209E-07 
-5.40209E-07 
-5.40209E-07 
-5.40209E-07 
-5.40209E-07 
-5.40209E-07 
-5.40209E-07 
-5.40209E-07 
-5.40209E-07 
-5.40209E-07 
-5.40209E-07 
-5.40209E-07 
-5.40209E-07 
-5.40209E-07 
-5.40209E-07 
-5.40209E-07 
-5.40209E-07 
-5.40209E-07 
-5.40209E-07 
-5.40209E-07 
-5.40209E-07 
-8.80349E-07 
-8.80349E-07 
-8.80349E-07 
-8.80349E-07 
-8.80349E-07 
-8.80349E-07 
-8.80349E-07 
-8.80349E-07 
-8.80349E-07 
-8.80349E-07 
-8.80349E-07 
-8.80349E-07 
-8.80349E-07 
-8.80349E-07 
-8.80349E-07 
-8.80349E-07 
-8.80349E-07 
-8.80349E-07 
-8.80349E-07 
-8.80349E-07 
-8.80349E-07 
-8.80349E-07 
-8.80349E-07 
-8.80349E-07 
-8.80349E-07 
-8.80349E-07 
-1.43311E-06 
-1.43311E-06 
-1.43311E-06 
-1.43311E-06 
-1.43311E-06 
-1.43311E-06 
-1.43311E-06 
-1.43311E-06 
-1.43311E-06 
-1.43311E-06 
-1.43311E-06 
-1.43311E-06 
-1.43311E-06 
-1.43311E-06 
-1.43311E-06 
-1.43311E-06 
-1.43311E-06 
-1.43311E-06 
-1.43311E-06 
-1.43311E-06 
-1.43311E-06 
-1.43311E-06 
-1.43311E-06 
-1.43311E-06 
-1.43311E-06 
-1.43311E-06 
-2.32978E-06 
-2.32978E-06 
-2.32978E-06 
-2.32978E-06 
-2.32978E-06 
-2.32978E-06 
-2.32978E-06 
-2.32978E-06 
-2.32978E-06 
-2.32978E-06 
-2.32978E-06 
-2.32978E-06 
-2.32978E-06 
-2.32978E-06 
-2.32978E-06 
-2.32978E-06 
-2.32978E-06 
-2.32978E-06 
-2.32978E-06 
-2.32978E-06 
-2.32978E-06 
-2.32978E-06 
-2.32978E-06 
-2.32978E-06 
-2.32978E-06 
-2.32978E-06 
-3.78122E-06 
-3.78122E-06 
-3.78122E-06 
-3.78122E-06 
-3.78122E-06 
-3.78122E-06 
-3.78122E-06 
-3.78122E-06 
-3.78122E-06 
-3.78122E-06 
-3.78122E-06 
-3.78122E-06 
-3.78122E-06 
-3.78122E-06 
-3.78122E-06 
-3.78122E-06 
-3.78122E-06 
-3.78122E-06 
-3.78122E-06 
-3.78122E-06 
-3.78122E-06 
-3.78122E-06 
-3.78122E-06 
-3.78122E-06 
-3.78122E-06 
-3.78122E-06 
-6.12904E-06 
-6.12904E-06 
-6.12904E-06 
-6.12904E-06 
-6.12904E-06 
-6.12904E-06 
-6.12904E-06 
-6.12904E-06 
-6.12904E-06 
-6.12904E-06 
-6.12904E-06 
-6.12904E-06 
-6.12904E-06 
-6.12904E-06 
-6.12904E-06 
-6.12904E-06 
-6.12904E-06 
-6.12904E-06 
-6.12904E-06 
-6.12904E-06 
-6.12904E-06 
-6.12904E-06 
-6.12904E-06 
-6.12904E-06 
-6.12904E-06 
-6.12904E-06 
-9.90807E-06 
-9.90807E-06 
-9.90807E-06 
-9.90807E-06 
-9.90807E-06 
-9.90807E-06 
-9.90807E-06 
-9.90807E-06 
-9.90807E-06 
-9.90807E-06 
-9.90807E-06 
-9.90807E-06 
-9.90807E-06 
-9.90807E-06 
-9.90807E-06 
-9.90807E-06 
-9.90807E-06 
-9.90807E-06 
-9.90807E-06 
-9.90807E-06 
-9.90807E-06 
-9.90807E-06 
-9.90807E-06 
-9.90807E-06 
-9.90807E-06 
-9.90807E-06 
-1.59635E-05 
-1.59635E-05 
-1.59635E-05 
-1.59635E-05 
-1.59635E-05 
-1.59635E-05 
-1.59635E-05 
-1.59635E-05 
-1.59635E-05 
-1.59635E-05 
-1.59635E-05 
-1.59635E-05 
-1.59635E-05 
-1.59635E-05 
-1.59635E-05 
-1.59635E-05 
-1.59635E-05 
-1.59635E-05 
-1.59635E-05 
-1.59635E-05 
-1.59635E-05 
-1.59635E-05 
-1.59635E-05 
-1.59635E-05 
-1.59635E-05 
-1.59635E-05 
-2.56069E-05 
-2.56069E-05 
-2.56069E-05 
-2.56069E-05 
-2.56069E-05 
-2.56069E-05 
-2.56069E-05 
-2.56069E-05 
-2.56069E-05 
-2.56069E-05 
-2.56069E-05 
-2.56069E-05 
-2.56069E-05 
-2.56069E-05 
-2.56069E-05 
-2.56069E-05 
-2.56069E-05 
-2.56069E-05 
-2.56069E-05 
-2.56069E-05 
-2.56069E-05 
-2.56069E-05 
-2.56069E-05 
-2.56069E-05 
-2.56069E-05 
-2.56069E-05 
-4.08722E-05 
-4.08722E-05 
-4.08722E-05 
-4.08722E-05 
-4.08722E-05 
-4.08722E-05 
-4.08722E-05 
-4.08722E-05 
-4.08722E-05 
-4.08722E-05 
-4.08722E-05 
-4.08722E-05 
-4.08722E-05 
-4.08722E-05 
-4.08722E-05 
-4.08722E-05 
-4.08722E-05 
-4.08722E-05 
-4.08722E-05 
-4.08722E-05 
-4.08722E-05 
-4.08722E-05 
-4.08722E-05 
-4.08722E-05 
-4.08722E-05 
-4.08722E-05 
-6.48242E-05 
-6.48242E-05 
-6.48242E-05 
-6.48242E-05 
-6.48242E-05 
-6.48242E-05 
-6.48242E-05 
-6.48242E-05 
-6.48242E-05 
-6.48242E-05 
-6.48242E-05 
-6.48242E-05 
-6.48242E-05 
-6.48242E-05 
-6.48242E-05 
-6.48242E-05 
-6.48242E-05 
-6.48242E-05 
-6.48242E-05 
-6.48242E-05 
-6.48242E-05 
-6.48242E-05 
-6.48242E-05 
-6.48242E-05 
-6.48242E-05 
-6.48242E-05 
-1.02021E-04 
-1.02021E-04 
-1.02021E-04 
-1.02021E-04 
-1.02021E-04 
-1.02021E-04 
-1.02021E-04 
-1.02021E-04 
-1.02021E-04 
-1.02021E-04 
-1.02021E-04 
-1.02021E-04 
-1.02021E-04 
-1.02021E-04 
-1.02021E-04 
-1.02021E-04 
-1.02021E-04 
-1.02021E-04 
-1.02021E-04 
-1.02021E-04 
-1.02021E-04 
-1.02021E-04 
-1.02021E-04 
-1.02021E-04 
-1.02021E-04 
-1.02021E-04 
-1.59075E-04 
-1.59075E-04 
-1.59075E-04 
-1.59075E-04 
-1.59075E-04 
-1.59075E-04 
-1.59075E-04 
-1.59075E-04 
-1.59075E-04 
-1.59075E-04 
-1.59075E-04 
-1.59075E-04 
-1.59075E-04 
-1.59075E-04 
-1.59075E-04 
-1.59075E-04 
-1.59075E-04 
-1.59075E-04 
-1.59075E-04 
-1.59075E-04 
-1.59075E-04 
-1.59075E-04 
-1.59075E-04 
-1.59075E-04 
-1.59075E-04 
-1.59075E-04 
-2.45311E-04 
-2.45311E-04 
-2.45311E-04 
-2.45311E-04 
-2.45311E-04 
-2.45311E-04 
-2.45311E-04 
-2.45311E-04 
-2.45311E-04 
-2.45311E-04 
-2.45311E-04 
-2.45311E-04 
-2.45311E-04 
-2.45311E-04 
-2.45311E-04 
-2.45311E-04 
-2.45311E-04 
-2.45311E-04 
-2.45311E-04 
-2.45311E-04 
-2.45311E-04 
-2.45311E-04 
-2.45311E-04 
-2.45311E-04 
-2.45311E-04 
-2.45311E-04 
-3.73463E-04 
-3.73463E-04 
-3.73463E-04 
-3.73463E-04 
-3.73463E-04 
-3.73463E-04 
-3.73463E-04 
-3.73463E-04 
-3.73463E-04 
-3.73463E-04 
-3.73463E-04 
-3.73463E-04 
-3.73463E-04 
-3.73463E-04 
-3.73463E-04 
-3.73463E-04 
-3.73463E-04 
-3.73463E-04 
-3.73463E-04 
-3.73463E-04 
-3.73463E-04 
-3.73463E-04 
-3.73463E-04 
-3.73463E-04 
-3.73463E-04 
-3.73463E-04 
-5.60217E-04 
-5.60217E-04 
-5.60217E-04 
-5.60217E-04 
-5.60217E-04 
-5.60217E-04 
-5.60217E-04 
-5.60217E-04 
-5.60217E-04 
-5.60217E-04 
-5.60217E-04 
-5.60217E-04 
-5.60217E-04 
-5.60217E-04 
-5.60217E-04 
-5.60217E-04 
-5.60217E-04 
-5.60217E-04 
-5.60217E-04 
-5.60217E-04 
-5.60217E-04 
-5.60217E-04 
-5.60217E-04 
-5.60217E-04 
-5.60217E-04 
-5.60217E-04 
-8.26947E-04 
-8.26947E-04 
-8.26947E-04 
-8.26947E-04 
-8.26947E-04 
-8.26947E-04 
-8.26947E-04 
-8.26947E-04 
-8.26947E-04 
-8.26947E-04 
-8.26947E-04 
-8.26947E-04 
-8.26947E-04 
-8.26947E-04 
-8.26947E-04 
-8.26947E-04 
-8.26947E-04 
-8.26947E-04 
-8.26947E-04 
-8.26947E-04 
-8.26947E-04 
-8.26947E-04 
-8.26947E-04 
-8.26947E-04 
-8.26947E-04 
-8.26947E-04 
-1.19712E-03 
-1.19712E-03 
-1.19712E-03 
-1.19712E-03 
-1.19712E-03 
-1.19712E-03 
-1.19712E-03 
-1.19712E-03 
-1.19712E-03 
-1.19712E-03 
-1.19712E-03 
-1.19712E-03 
-1.19712E-03 
-1.19712E-03 
-1.19712E-03 
-1.19712E-03 
-1.19712E-03 
-1.19712E-03 
-1.19712E-03 
-1.19712E-03 
-1.19712E-03 
-1.19712E-03 
-1.19712E-03 
-1.19712E-03 
-1.19712E-03 
-1.19712E-03 
-1.69995E-03 
-1.69995E-03 
-1.69995E-03 
-1.69995E-03 
-1.69995E-03 
-1.69995E-03 
-1.69995E-03 
-1.69995E-03 
-1.69995E-03 
-1.69995E-03 
-1.69995E-03 
-1.69995E-03 
-1.69995E-03 
-1.69995E-03 
-1.69995E-03 
-1.69995E-03 
-1.69995E-03 
-1.69995E-03 
-1.69995E-03 
-1.69995E-03 
-1.69995E-03 
-1.69995E-03 
-1.69995E-03 
-1.69995E-03 
-1.69995E-03 
-1.69995E-03 
-2.36429E-03 
-2.36429E-03 
-2.36429E-03 
-2.36429E-03 
-2.36429E-03 
-2.36429E-03 
-2.36429E-03 
-2.36429E-03 
-2.36429E-03 
-2.36429E-03 
-2.36429E-03 
-2.36429E-03 
-2.36429E-03 
-2.36429E-03 
-2.36429E-03 
-2.36429E-03 
-2.36429E-03 
-2.36429E-03 
-2.36429E-03 
-2.36429E-03 
-2.36429E-03 
-2.36429E-03 
-2.36429E-03 
-2.36429E-03 
-2.36429E-03 
-2.36429E-03 
-3.21828E-03 
-3.21828E-03 
-3.21828E-03 
-3.21828E-03 
-3.21828E-03 
-3.21828E-03 
-3.21828E-03 
-3.21828E-03 
-3.21828E-03 
-3.21828E-03 
-3.21828E-03 
-3.21828E-03 
-3.21828E-03 
-3.21828E-03 
-3.21828E-03 
-3.21828E-03 
-3.21828E-03 
-3.21828E-03 
-3.21828E-03 
-3.21828E-03 
-3.21828E-03 
-3.21828E-03 
-3.21828E-03 
-3.21828E-03 
-3.21828E-03 
-3.21828E-03 
-4.28577E-03 
-4.28577E-03 
-4.28577E-03 
-4.28577E-03 
-4.28577E-03 
-4.28577E-03 
-4.28577E-03 
-4.28577E-03 
-4.28577E-03 
-4.28577E-03 
-4.28577E-03 
-4.28577E-03 
-4.28577E-03 
-4.28577E-03 
-4.28577E-03 
-4.28577E-03 
-4.28577E-03 
-4.28577E-03 
-4.28577E-03 
-4.28577E-03 
-4.28577E-03 
-4.28577E-03 
-4.28577E-03 
-4.28577E-03 
-4.28577E-03 
-4.28577E-03 
-5.58280E-03 
-5.58280E-03 
-5.58280E-03 
-5.58280E-03 
-5.58280E-03 
-5.58280E-03 
-5.58280E-03 
-5.58280E-03 
-5.58280E-03 
-5.58280E-03 
-5.58280E-03 
-5.58280E-03 
-5.58280E-03 
-5.58280E-03 
-5.58280E-03 
-5.58280E-03 
-5.58280E-03 
-5.58280E-03 
-5.58280E-03 
-5.58280E-03 
-5.58280E-03 
-5.58280E-03 
-5.58280E-03 
-5.58280E-03 
-5.58280E-03 
-5.58280E-03 
-7.11361E-03 
-7.11361E-03 
-7.11361E-03 
-7.11361E-03 
-7.11361E-03 
-7.11361E-03 
-7.11361E-03 
-7.11361E-03 
-7.11361E-03 
-7.11361E-03 
-7.11361E-03 
-7.11361E-03 
-7.11361E-03 
-7.11361E-03 
-7.11361E-03 
-7.11361E-03 
-7.11361E-03 
-7.11361E-03 
-7.11361E-03 
-7.11361E-03 
-7.11361E-03 
-7.11361E-03 
-7.11361E-03 
-7.11361E-03 
-7.11361E-03 
-7.11361E-03 
-8.86826E-03 
-8.86826E-03 
-8.86826E-03 
-8.86826E-03 
-8.86826E-03 
-8.86826E-03 
-8.86826E-03 
-8.86826E-03 
-8.86826E-03 
-8.86826E-03 
-8.86826E-03 
-8.86826E-03 
-8.86826E-03 
-8.86826E-03 
-8.86826E-03 
-8.86826E-03 
-8.86826E-03 
-8.86826E-03 
-8.86826E-03 
-8.86826E-03 
-8.86826E-03 
-8.86826E-03 
-8.86826E-03 
-8.86826E-03 
-8.86826E-03 
-8.86826E-03 
-1.08094E-02 
-1.08094E-02 
-1.08094E-02 
-1.08094E-02 
-1.08094E-02 
-1.08094E-02 
-1.08094E-02 
-1.08094E-02 
-1.08094E-02 
-1.08094E-02 
-1.08094E-02 
-1.08094E-02 
-1.08094E-02 
-1.08094E-02 
-1.08094E-02 
-1.08094E-02 
-1.08094E-02 
-1.08094E-02 
-1.08094E-02 
-1.08094E-02 
-1.08094E-02 
-1.08094E-02 
-1.08094E-02 
-1.08094E-02 
-1.08094E-02 
-1.08094E-02 
-1.29161E-02 
-1.29161E-02 
-1.29161E-02 
-1.29161E-02 
-1.29161E-02 
-1.29161E-02 
-1.29161E-02 
-1.29161E-02 
-1.29161E-02 
-1.29161E-02 
-1.29161E-02 
-1.29161E-02 
-1.29161E-02 
-1.29161E-02 
-1.29161E-02 
-1.29161E-02 
-1.29161E-02 
-1.29161E-02 
-1.29161E-02 
-1.29161E-02 
-1.29161E-02 
-1.29161E-02 
-1.29161E-02 
-1.29161E-02 
-1.29161E-02 
-1.29161E-02 
-1.51065E-02 
-1.51065E-02 
-1.51065E-02 
-1.51065E-02 
-1.51065E-02 
-1.51065E-02 
-1.51065E-02 
-1.51065E-02 
-1.51065E-02 
-1.51065E-02 
-1.51065E-02 
-1.51065E-02 
-1.51065E-02 
-1.51065E-02 
-1.51065E-02 
-1.51065E-02 
-1.51065E-02 
-1.51065E-02 
-1.51065E-02 
-1.51065E-02 
-1.51065E-02 
-1.51065E-02 
-1.51065E-02 
-1.51065E-02 
-1.51065E-02 
-1.51065E-02 
-1.73045E-02 
-1.73045E-02 
-1.73045E-02 
-1.73045E-02 
-1.73045E-02 
-1.73045E-02 
-1.73045E-02 
-1.73045E-02 
-1.73045E-02 
-1.73045E-02 
-1.73045E-02 
-1.73045E-02 
-1.73045E-02 
-1.73045E-02 
-1.73045E-02 
-1.73045E-02 
-1.73045E-02 
-1.73045E-02 
-1.73045E-02 
-1.73045E-02 
-1.73045E-02 
-1.73045E-02 
-1.73045E-02 
-1.73045E-02 
-1.73045E-02 
-1.73045E-02 
-1.94102E-02 
-1.94102E-02 
-1.94102E-02 
-1.94102E-02 
-1.94102E-02 
-1.94102E-02 
-1.94102E-02 
-1.94102E-02 
-1.94102E-02 
-1.94102E-02 
-1.94102E-02 
-1.94102E-02 
-1.94102E-02 
-1.94102E-02 
-1.94102E-02 
-1.94102E-02 
-1.94102E-02 
-1.94102E-02 
-1.94102E-02 
-1.94102E-02 
-1.94102E-02 
-1.94102E-02 
-1.94102E-02 
-1.94102E-02 
-1.94102E-02 
-1.94102E-02 
-2.13054E-02 
-2.13054E-02 
-2.13054E-02 
-2.13054E-02 
-2.13054E-02 
-2.13054E-02 
-2.13054E-02 
-2.13054E-02 
-2.13054E-02 
-2.13054E-02 
-2.13054E-02 
-2.13054E-02 
-2.13054E-02 
-2.13054E-02 
-2.13054E-02 
-2.13054E-02 
-2.13054E-02 
-2.13054E-02 
-2.13054E-02 
-2.13054E-02 
-2.13054E-02 
-2.13054E-02 
-2.13054E-02 
-2.13054E-02 
-2.13054E-02 
-2.13054E-02 
-2.28540E-02 
-2.28540E-02 
-2.28540E-02 
-2.28540E-02 
-2.28540E-02 
-2.28540E-02 
-2.28540E-02 
-2.28540E-02 
-2.28540E-02 
-2.28540E-02 
-2.28540E-02 
-2.28540E-02 
-2.28540E-02 
-2.28540E-02 
-2.28540E-02 
-2.28540E-02 
-2.28540E-02 
-2.28540E-02 
-2.28540E-02 
-2.28540E-02 
-2.28540E-02 
-2.28540E-02 
-2.28540E-02 
-2.28540E-02 
-2.28540E-02 
-2.28540E-02 
-2.38956E-02 
-2.38956E-02 
-2.38956E-02 
-2.38956E-02 
-2.38956E-02 
-2.38956E-02 
-2.38956E-02 
-2.38956E-02 
-2.38956E-02 
-2.38956E-02 
-2.38956E-02 
-2.38956E-02 
-2.38956E-02 
-2.38956E-02 
-2.38956E-02 
-2.38956E-02 
-2.38956E-02 
-2.38956E-02 
-2.38956E-02 
-2.38956E-02 
-2.38956E-02 
-2.38956E-02 
-2.38956E-02 
-2.38956E-02 
-2.38956E-02 
-2.38956E-02 
-2.42825E-02 
-2.42825E-02 
-2.42825E-02 
-2.42825E-02 
-2.42825E-02 
-2.42825E-02 
-2.42825E-02 
-2.42825E-02 
-2.42825E-02 
-2.42825E-02 
-2.42825E-02 
-2.42825E-02 
-2.42825E-02 
-2.42825E-02 
-2.42825E-02 
-2.42825E-02 
-2.42825E-02 
-2.42825E-02 
-2.42825E-02 
-2.42825E-02 
-2.42825E-02 
-2.42825E-02 
-2.42825E-02 
-2.42825E-02 
-2.42825E-02 
-2.42825E-02 
-2.38223E-02 
-2.38223E-02 
-2.38223E-02 
-2.38223E-02 
-2.38223E-02 
-2.38223E-02 
-2.38223E-02 
-2.38223E-02 
-2.38223E-02 
-2.38223E-02 
-2.38223E-02 
-2.38223E-02 
-2.38223E-02 
-2.38223E-02 
-2.38223E-02 
-2.38223E-02 
-2.38223E-02 
-2.38223E-02 
-2.38223E-02 
-2.38223E-02 
-2.38223E-02 
-2.38223E-02 
-2.38223E-02 
-2.38223E-02 
-2.38223E-02 
-2.38223E-02 
-2.23247E-02 
-2.23247E-02 
-2.23247E-02 
-2.23247E-02 
-2.23247E-02 
-2.23247E-02 
-2.23247E-02 
-2.23247E-02 
-2.23247E-02 
-2.23247E-02 
-2.23247E-02 
-2.23247E-02 
-2.23247E-02 
-2.23247E-02 
-2.23247E-02 
-2.23247E-02 
-2.23247E-02 
-2.23247E-02 
-2.23247E-02 
-2.23247E-02 
-2.23247E-02 
-2.23247E-02 
-2.23247E-02 
-2.23247E-02 
-2.23247E-02 
-2.23247E-02 
-1.95890E-02 
-1.95890E-02 
-1.95890E-02 
-1.95890E-02 
-1.95890E-02 
-1.95890E-02 
-1.95890E-02 
-1.95890E-02 
-1.95890E-02 
-1.95890E-02 
-1.95890E-02 
-1.95890E-02 
-1.95890E-02 
-1.95890E-02 
-1.95890E-02 
-1.95890E-02 
-1.95890E-02 
-1.95890E-02 
-1.95890E-02 
-1.95890E-02 
-1.95890E-02 
-1.95890E-02 
-1.95890E-02 
-1.95890E-02 
-1.95890E-02 
-1.95890E-02 
-1.53931E-02 
-1.53931E-02 
-1.53931E-02 
-1.53931E-02 
-1.53931E-02 
-1.53931E-02 
-1.53931E-02 
-1.53931E-02 
-1.53931E-02 
-1.53931E-02 
-1.53931E-02 
-1.53931E-02 
-1.53931E-02 
-1.53931E-02 
-1.53931E-02 
-1.53931E-02 
-1.53931E-02 
-1.53931E-02 
-1.53931E-02 
-1.53931E-02 
-1.53931E-02 
-1.53931E-02 
-1.53931E-02 
-1.53931E-02 
-1.53931E-02 
-1.53931E-02 
-9.51431E-03 
-9.51431E-03 
-9.51431E-03 
-9.51431E-03 
-9.51431E-03 
-9.51431E-03 
-9.51431E-03 
-9.51431E-03 
-9.51431E-03 
-9.51431E-03 
-9.51431E-03 
-9.51431E-03 
-9.51431E-03 
-9.51431E-03 
-9.51431E-03 
-9.51431E-03 
-9.51431E-03 
-9.51431E-03 
-9.51431E-03 
-9.51431E-03 
-9.51431E-03 
-9.51431E-03 
-9.51431E-03 
-9.51431E-03 
-9.51431E-03 
-9.51431E-03 
-1.71849E-03 
-1.71849E-03 
-1.71849E-03 
-1.71849E-03 
-1.71849E-03 
-1.71849E-03 
-1.71849E-03 
-1.71849E-03 
-1.71849E-03 
-1.71849E-03 
-1.71849E-03 
-1.71849E-03 
-1.71849E-03 
-1.71849E-03 
-1.71849E-03 
-1.71849E-03 
-1.71849E-03 
-1.71849E-03 
-1.71849E-03 
-1.71849E-03 
-1.71849E-03 
-1.71849E-03 
-1.71849E-03 
-1.71849E-03 
-1.71849E-03 
-1.71849E-03 
8.24443E-03 
8.24443E-03 
8.24443E-03 
8.24443E-03 
8.24443E-03 
8.24443E-03 
8.24443E-03 
8.24443E-03 
8.24443E-03 
8.24443E-03 
8.24443E-03 
8.24443E-03 
8.24443E-03 
8.24443E-03 
8.24443E-03 
8.24443E-03 
8.24443E-03 
8.24443E-03 
8.24443E-03 
8.24443E-03 
8.24443E-03 
8.24443E-03 
8.24443E-03 
8.24443E-03 
8.24443E-03 
8.24443E-03 
2.06067E-02 
2.06067E-02 
2.06067E-02 
2.06067E-02 
2.06067E-02 
2.06067E-02 
2.06067E-02 
2.06067E-02 
2.06067E-02 
2.06067E-02 
2.06067E-02 
2.06067E-02 
2.06067E-02 
2.06067E-02 
2.06067E-02 
2.06067E-02 
2.06067E-02 
2.06067E-02 
2.06067E-02 
2.06067E-02 
2.06067E-02 
2.06067E-02 
2.06067E-02 
2.06067E-02 
2.06067E-02 
2.06067E-02 
3.56663E-02 
3.56663E-02 
3.56663E-02 
3.56663E-02 
3.56663E-02 
3.56663E-02 
3.56663E-02 
3.56663E-02 
3.56663E-02 
3.56663E-02 
3.56663E-02 
3.56663E-02 
3.56663E-02 
3.56663E-02 
3.56663E-02 
3.56663E-02 
3.56663E-02 
3.56663E-02 
3.56663E-02 
3.56663E-02 
3.56663E-02 
3.56663E-02 
3.56663E-02 
3.56663E-02 
3.56663E-02 
3.56663E-02 
5.34962E-02 
5.34962E-02 
5.34962E-02 
5.34962E-02 
5.34962E-02 
5.34962E-02 
5.34962E-02 
5.34962E-02 
5.34962E-02 
5.34962E-02 
5.34962E-02 
5.34962E-02 
5.34962E-02 
5.34962E-02 
5.34962E-02 
5.34962E-02 
5.34962E-02 
5.34962E-02 
5.34962E-02 
5.34962E-02 
5.34962E-02 
5.34962E-02 
5.34962E-02 
5.34962E-02 
5.34962E-02 
5.34962E-02 
7.46706E-02 
7.46706E-02 
7.46706E-02 
7.46706E-02 
7.46706E-02 
7.46706E-02 
7.46706E-02 
7.46706E-02 
7.46706E-02 
7.46706E-02 
7.46706E-02 
7.46706E-02 
7.46706E-02 
7.46706E-02 
7.46706E-02 
7.46706E-02 
7.46706E-02 
7.46706E-02 
7.46706E-02 
7.46706E-02 
7.46706E-02 
7.46706E-02 
7.46706E-02 
7.46706E-02 
7.46706E-02 
7.46706E-02 
9.93076E-02 
9.93076E-02 
9.93076E-02 
9.93076E-02 
9.93076E-02 
9.93076E-02 
9.93076E-02 
9.93076E-02 
9.93076E-02 
9.93076E-02 
9.93076E-02 
9.93076E-02 
9.93076E-02 
9.93076E-02 
9.93076E-02 
9.93076E-02 
9.93076E-02 
9.93076E-02 
9.93076E-02 
9.93076E-02 
9.93076E-02 
9.93076E-02 
9.93076E-02 
9.93076E-02 
9.93076E-02 
9.93076E-02 
1.27687E-01 
1.27687E-01 
1.27687E-01 
1.27687E-01 
1.27687E-01 
1.27687E-01 
1.27687E-01 
1.27687E-01 
1.27687E-01 
1.27687E-01 
1.27687E-01 
1.27687E-01 
1.27687E-01 
1.27687E-01 
1.27687E-01 
1.27687E-01 
1.27687E-01 
1.27687E-01 
1.27687E-01 
1.27687E-01 
1.27687E-01 
1.27687E-01 
1.27687E-01 
1.27687E-01 
1.27687E-01 
1.27687E-01 
1.60093E-01 
1.60093E-01 
1.60093E-01 
1.60093E-01 
1.60093E-01 
1.60093E-01 
1.60093E-01 
1.60093E-01 
1.60093E-01 
1.60093E-01 
1.60093E-01 
1.60093E-01 
1.60093E-01 
1.60093E-01 
1.60093E-01 
1.60093E-01 
1.60093E-01 
1.60093E-01 
1.60093E-01 
1.60093E-01 
1.60093E-01 
1.60093E-01 
1.60093E-01 
1.60093E-01 
1.60093E-01 
1.60093E-01 
1.96810E-01 
1.96810E-01 
1.96810E-01 
1.96810E-01 
1.96810E-01 
1.96810E-01 
1.96810E-01 
1.96810E-01 
1.96810E-01 
1.96810E-01 
1.96810E-01 
1.96810E-01 
1.96810E-01 
1.96810E-01 
1.96810E-01 
1.96810E-01 
1.96810E-01 
1.96810E-01 
1.96810E-01 
1.96810E-01 
1.96810E-01 
1.96810E-01 
1.96810E-01 
1.96810E-01 
1.96810E-01 
1.96810E-01 
2.38136E-01 
2.38136E-01 
2.38136E-01 
2.38136E-01 
2.38136E-01 
2.38136E-01 
2.38136E-01 
2.38136E-01 
2.38136E-01 
2.38136E-01 
2.38136E-01 
2.38136E-01 
2.38136E-01 
2.38136E-01 
2.38136E-01 
2.38136E-01 
2.38136E-01 
2.38136E-01 
2.38136E-01 
2.38136E-01 
2.38136E-01 
2.38136E-01 
2.38136E-01 
2.38136E-01 
2.38136E-01 
2.38136E-01 
2.84361E-01 
2.84361E-01 
2.84361E-01 
2.84361E-01 
2.84361E-01 
2.84361E-01 
2.84361E-01 
2.84361E-01 
2.84361E-01 
2.84361E-01 
2.84361E-01 
2.84361E-01 
2.84361E-01 
2.84361E-01 
2.84361E-01 
2.84361E-01 
2.84361E-01 
2.84361E-01 
2.84361E-01 
2.84361E-01 
2.84361E-01 
2.84361E-01 
2.84361E-01 
2.84361E-01 
2.84361E-01 
2.84361E-01 
3.35788E-01 
3.35788E-01 
3.35788E-01 
3.35788E-01 
3.35788E-01 
3.35788E-01 
3.35788E-01 
3.35788E-01 
3.35788E-01 
3.35788E-01 
3.35788E-01 
3.35788E-01 
3.35788E-01 
3.35788E-01 
3.35788E-01 
3.35788E-01 
3.35788E-01 
3.35788E-01 
3.35788E-01 
3.35788E-01 
3.35788E-01 
3.35788E-01 
3.35788E-01 
3.35788E-01 
3.35788E-01 
3.35788E-01 
3.92838E-01 
3.92838E-01 
3.92838E-01 
3.92838E-01 
3.92838E-01 
3.92838E-01 
3.92838E-01 
3.92838E-01 
3.92838E-01 
3.92838E-01 
3.92838E-01 
3.92838E-01 
3.92838E-01 
3.92838E-01 
3.92838E-01 
3.92838E-01 
3.92838E-01 
3.92838E-01 
3.92838E-01 
3.92838E-01 
3.92838E-01 
3.92838E-01 
3.92838E-01 
3.92838E-01 
3.92838E-01 
3.92838E-01 
4.55265E-01 
4.55265E-01 
4.55265E-01 
4.55265E-01 
4.55265E-01 
4.55265E-01 
4.55265E-01 
4.55265E-01 
4.55265E-01 
4.55265E-01 
4.55265E-01 
4.55265E-01 
4.55265E-01 
4.55265E-01 
4.55265E-01 
4.55265E-01 
4.55265E-01 
4.55265E-01 
4.55265E-01 
4.55265E-01 
4.55265E-01 
4.55265E-01 
4.55265E-01 
4.55265E-01 
4.55265E-01 
4.55265E-01 
5.24187E-01 
5.24187E-01 
5.24187E-01 
5.24187E-01 
5.24187E-01 
5.24187E-01 
5.24187E-01 
5.24187E-01 
5.24187E-01 
5.24187E-01 
5.24187E-01 
5.24187E-01 
5.24187E-01 
5.24187E-01 
5.24187E-01 
5.24187E-01 
5.24187E-01 
5.24187E-01 
5.24187E-01 
5.24187E-01 
5.24187E-01 
5.24187E-01 
5.24187E-01 
5.24187E-01 
5.24187E-01 
5.24187E-01 
5.99500E-01 
5.99500E-01 
5.99500E-01 
5.99500E-01 
5.99500E-01 
5.99500E-01 
5.99500E-01 
5.99500E-01 
5.99500E-01 
5.99500E-01 
5.99500E-01 
5.99500E-01 
5.99500E-01 
5.99500E-01 
5.99500E-01 
5.99500E-01 
5.99500E-01 
5.99500E-01 
5.99500E-01 
5.99500E-01 
5.99500E-01 
5.99500E-01 
5.99500E-01 
5.99500E-01 
5.99500E-01 
5.99500E-01 
6.81532E-01 
6.81532E-01 
6.81532E-01 
6.81532E-01 
6.81532E-01 
6.81532E-01 
6.81532E-01 
6.81532E-01 
6.81532E-01 
6.81532E-01 
6.81532E-01 
6.81532E-01 
6.81532E-01 
6.81532E-01 
6.81532E-01 
6.81532E-01 
6.81532E-01 
6.81532E-01 
6.81532E-01 
6.81532E-01 
6.81532E-01 
6.81532E-01 
6.81532E-01 
6.81532E-01 
6.81532E-01 
6.81532E-01 
7.70592E-01 
7.70592E-01 
7.70592E-01 
7.70592E-01 
7.70592E-01 
7.70592E-01 
7.70592E-01 
7.70592E-01 
7.70592E-01 
7.70592E-01 
7.70592E-01 
7.70592E-01 
7.70592E-01 
7.70592E-01 
7.70592E-01 
7.70592E-01 
7.70592E-01 
7.70592E-01 
7.70592E-01 
7.70592E-01 
7.70592E-01 
7.70592E-01 
7.70592E-01 
7.70592E-01 
7.70592E-01 
7.70592E-01 
8.67013E-01 
8.67013E-01 
8.67013E-01 
8.67013E-01 
8.67013E-01 
8.67013E-01 
8.67013E-01 
8.67013E-01 
8.67013E-01 
8.67013E-01 
8.67013E-01 
8.67013E-01 
8.67013E-01 
8.67013E-01 
8.67013E-01 
8.67013E-01 
8.67013E-01 
8.67013E-01 
8.67013E-01 
8.67013E-01 
8.67013E-01 
8.67013E-01 
8.67013E-01 
8.67013E-01 
8.67013E-01 
8.67013E-01 
9.71068E-01 
9.71068E-01 
9.71068E-01 
9.71068E-01 
9.71068E-01 
9.71068E-01 
9.71068E-01 
9.71068E-01 
9.71068E-01 
9.71068E-01 
9.71068E-01 
9.71068E-01 
9.71068E-01 
9.71068E-01 
9.71068E-01 
9.71068E-01 
9.71068E-01 
9.71068E-01 
9.71068E-01 
9.71068E-01 
9.71068E-01 
9.71068E-01 
9.71068E-01 
9.71068E-01 
9.71068E-01 
9.71068E-01 
1.08343E+00 
1.08343E+00 
1.08343E+00 
1.08343E+00 
1.08343E+00 
1.08343E+00 
1.08343E+00 
1.08343E+00 
1.08343E+00 
1.08343E+00 
1.08343E+00 
1.08343E+00 
1.08343E+00 
1.08343E+00 
1.08343E+00 
1.08343E+00 
1.08343E+00 
1.08343E+00 
1.08343E+00 
1.08343E+00 
1.08343E+00 
1.08343E+00 
1.08343E+00 
1.08343E+00 
1.08343E+00 
1.08343E+00 
1.20371E+00 
1.20371E+00 
1.20371E+00 
1.20371E+00 
1.20371E+00 
1.20371E+00 
1.20371E+00 
1.20371E+00 
1.20371E+00 
1.20371E+00 
1.20371E+00 
1.20371E+00 
1.20371E+00 
1.20371E+00 
1.20371E+00 
1.20371E+00 
1.20371E+00 
1.20371E+00 
1.20371E+00 
1.20371E+00 
1.20371E+00 
1.20371E+00 
1.20371E+00 
1.20371E+00 
1.20371E+00 
1.20371E+00 
1.33270E+00 
1.33270E+00 
1.33270E+00 
1.33270E+00 
1.33270E+00 
1.33270E+00 
1.33270E+00 
1.33270E+00 
1.33270E+00 
1.33270E+00 
1.33270E+00 
1.33270E+00 
1.33270E+00 
1.33270E+00 
1.33270E+00 
1.33270E+00 
1.33270E+00 
1.33270E+00 
1.33270E+00 
1.33270E+00 
1.33270E+00 
1.33270E+00 
1.33270E+00 
1.33270E+00 
1.33270E+00 
1.33270E+00 
1.47068E+00 
1.47068E+00 
1.47068E+00 
1.47068E+00 
1.47068E+00 
1.47068E+00 
1.47068E+00 
1.47068E+00 
1.47068E+00 
1.47068E+00 
1.47068E+00 
1.47068E+00 
1.47068E+00 
1.47068E+00 
1.47068E+00 
1.47068E+00 
1.47068E+00 
1.47068E+00 
1.47068E+00 
1.47068E+00 
1.47068E+00 
1.47068E+00 
1.47068E+00 
1.47068E+00 
1.47068E+00 
1.47068E+00 
1.61798E+00 
1.61798E+00 
1.61798E+00 
1.61798E+00 
1.61798E+00 
1.61798E+00 
1.61798E+00 
1.61798E+00 
1.61798E+00 
1.61798E+00 
1.61798E+00 
1.61798E+00 
1.61798E+00 
1.61798E+00 
1.61798E+00 
1.61798E+00 
1.61798E+00 
1.61798E+00 
1.61798E+00 
1.61798E+00 
1.61798E+00 
1.61798E+00 
1.61798E+00 
1.61798E+00 
1.61798E+00 
1.61798E+00 
1.77491E+00 
1.77491E+00 
1.77491E+00 
1.77491E+00 
1.77491E+00 
1.77491E+00 
1.77491E+00 
1.77491E+00 
1.77491E+00 
1.77491E+00 
1.77491E+00 
1.77491E+00 
1.77491E+00 
1.77491E+00 
1.77491E+00 
1.77491E+00 
1.77491E+00 
1.77491E+00 
1.77491E+00 
1.77491E+00 
1.77491E+00 
1.77491E+00 
1.77491E+00 
1.77491E+00 
1.77491E+00 
1.77491E+00 
1.94179E+00 
1.94179E+00 
1.94179E+00 
1.94179E+00 
1.94179E+00 
1.94179E+00 
1.94179E+00 
1.94179E+00 
1.94179E+00 
1.94179E+00 
1.94179E+00 
1.94179E+00 
1.94179E+00 
1.94179E+00 
1.94179E+00 
1.94179E+00 
1.94179E+00 
1.94179E+00 
1.94179E+00 
1.94179E+00 
1.94179E+00 
1.94179E+00 
1.94179E+00 
1.94179E+00 
1.94179E+00 
1.94179E+00 
2.11899E+00 
2.11899E+00 
2.11899E+00 
2.11899E+00 
2.11899E+00 
2.11899E+00 
2.11899E+00 
2.11899E+00 
2.11899E+00 
2.11899E+00 
2.11899E+00 
2.11899E+00 
2.11899E+00 
2.11899E+00 
2.11899E+00 
2.11899E+00 
2.11899E+00 
2.11899E+00 
2.11899E+00 
2.11899E+00 
2.11899E+00 
2.11899E+00 
2.11899E+00 
2.11899E+00 
2.11899E+00 
2.11899E+00 
2.30670E+00 
2.30670E+00 
2.30670E+00 
2.30670E+00 
2.30670E+00 
2.30670E+00 
2.30670E+00 
2.30670E+00 
2.30670E+00 
2.30670E+00 
2.30670E+00 
2.30670E+00 
2.30670E+00 
2.30670E+00 
2.30670E+00 
2.30670E+00 
2.30670E+00 
2.30670E+00 
2.30670E+00 
2.30670E+00 
2.30670E+00 
2.30670E+00 
2.30670E+00 
2.30670E+00 
2.30670E+00 
2.30670E+00 
---
