PdfType: replica
Format: lhagrid1
---
1.00000E-06 1.28121E-06 1.64152E-06 2.10317E-06 2.69463E-06 3.45242E-06 4.42329E-06 5.66715E-06 7.26076E-06 9.30241E-06 1.19180E-05 1.52689E-05 1.95617E-05 2.50609E-05 3.21053E-05 4.11287E-05 5.26863E-05 6.74889E-05 8.64459E-05 1.10720E-04 1.41800E-04 1.81585E-04 2.32503E-04 2.97652E-04 3.80981E-04 4.87518E-04 6.26039E-04 8.00452E-04 1.02297E-03 1.30657E-03 1.66759E-03 2.12729E-03 2.71054E-03 3.44865E-03 4.37927E-03 5.54908E-03 7.01192E-03 8.83064E-03 1.10763E-02 1.38266E-02 1.71641E-02 2.11717E-02 2.59364E-02 3.15062E-02 3.79623E-02 4.53425E-02 5.36750E-02 6.29705E-02 7.32221E-02 8.44039E-02 9.64793E-02 1.09332E-01 1.23067E-01 1.37507E-01 1.52639E-01 1.68416E-01 1.84794E-01 2.01731E-01 2.19016E-01 2.36948E-01 2.55242E-01 2.73927E-01 2.92954E-01 3.12340E-01 3.32036E-01 3.52019E-01 3.72282E-01 3.92772E-01 4.13533E-01 4.34326E-01 4.55495E-01 4.76836E-01 4.98342E-01 5.20006E-01 5.41818E-01 5.63773E-01 5.85861E-01 6.08077E-01 6.30459E-01 6.52800E-01 6.75387E-01 6.98063E-01 7.20830E-01 7.43683E-01 7.66623E-01 7.89636E-01 8.12791E-01 8.35940E-01 8.59175E-01 8.82485E-01 9.05866E-01 9.29311E-01 9.52817E-01 9.76387E-01 1.00000E+00 
1.14018E+00 1.22539E+00 1.32482E+00 1.44156E+00 1.57954E+00 1.74381E+00 1.94091E+00 2.12132E+00 2.17945E+00 2.49622E+00 2.89383E+00 3.39925E+00 4.05063E+00 4.90286E+00 6.03623E+00 7.57063E+00 9.68869E+00 1.26749E+01 1.69835E+01 2.33578E+01 3.30501E+01 4.82334E+01 7.28041E+01 1.13998E+02 1.85779E+02 3.16228E+02 
908
-4.78320E-12 
-4.78320E-12 
-4.78320E-12 
-4.78320E-12 
-4.78320E-12 
-4.78320E-12 
-4.78320E-12 
-4.78320E-12 
-4.78320E-12 
-4.78320E-12 
-4.78320E-12 
-4.78320E-12 
-4.78320E-12 
-4.78320E-12 
-4.78320E-12 
-4.78320E-12 
-4.78320E-12 
-4.78320E-12 
-4.78320E-12 
-4.78320E-12 
-4.78320E-12 
-4.78320E-12 
-4.78320E-12 
-4.78320E-12 
-4.78320E-12 
-4.78320E-12 
-7.63941E-12 
-7.63941E-12 
-7.63941E-12 
-7.63941E-12 
-7.63941E-12 
-7.63941E-12 
-7.63941E-12 
-7.63941E-12 
-7.63941E-12 
-7.63941E-12 
-7.63941E-12 
-7.63941E-12 
-7.63941E-12 
-7.63941E-12 
-7.63941E-12 
-7.63941E-12 
-7.63941E-12 
-7.63941E-12 
-7.63941E-12 
-7.63941E-12 
-7.63941E-12 
-7.63941E-12 
-7.63941E-12 
-7.63941E-12 
-7.63941E-12 
-7.63941E-12 
-1.22015E-11 
-1.22015E-11 
-1.22015E-11 
-1.22015E-11 
-1.22015E-11 
-1.22015E-11 
-1.22015E-11 
-1.22015E-11 
-1.22015E-11 
-1.22015E-11 
-1.22015E-11 
-1.22015E-11 
-1.22015E-11 
-1.22015E-11 
-1.22015E-11 
-1.22015E-11 
-1.22015E-11 
-1.22015E-11 
-1.22015E-11 
-1.22015E-11 
-1.22015E-11 
-1.22015E-11 
-1.22015E-11 
-1.22015E-11 
-1.22015E-11 
-1.22015E-11 
-1.94880E-11 
-1.94880E-11 
-1.94880E-11 
-1.94880E-11 
-1.94880E-11 
-1.94880E-11 
-1.94880E-11 
-1.94880E-11 
-1.94880E-11 
-1.94880E-11 
-1.94880E-11 
-1.94880E-11 
-1.94880E-11 
-1.94880E-11 
-1.94880E-11 
-1.94880E-11 
-1.94880E-11 
-1.94880E-11 
-1.94880E-11 
-1.94880E-11 
-1.94880E-11 
-1.94880E-11 
-1.94880E-11 
-1.94880E-11 
-1.94880E-11 
-1.94880E-11 
-3.11255E-11 
-3.11255E-11 
-3.11255E-11 
-3.11255E-11 
-3.11255E-11 
-3.11255E-11 
-3.11255E-11 
-3.11255E-11 
-3.11255E-11 
-3.11255E-11 
-3.11255E-11 
-3.11255E-11 
-3.11255E-11 
-3.11255E-11 
-3.11255E-11 
-3.11255E-11 
-3.11255E-11 
-3.11255E-11 
-3.11255E-11 
-3.11255E-11 
-3.11255E-11 
-3.11255E-11 
-3.11255E-11 
-3.11255E-11 
-3.11255E-11 
-3.11255E-11 
-4.97125E-11 
-4.97125E-11 
-4.97125E-11 
-4.97125E-11 
-4.97125E-11 
-4.97125E-11 
-4.97125E-11 
-4.97125E-11 
-4.97125E-11 
-4.97125E-11 
-4.97125E-11 
-4.97125E-11 
-4.97125E-11 
-4.97125E-11 
-4.97125E-11 
-4.97125E-11 
-4.97125E-11 
-4.97125E-11 
-4.97125E-11 
-4.97125E-11 
-4.97125E-11 
-4.97125E-11 
-4.97125E-11 
-4.97125E-11 
-4.97125E-11 
-4.97125E-11 
-7.93978E-11 
-7.93978E-11 
-7.93978E-11 
-7.93978E-11 
-7.93978E-11 
-7.93978E-11 
-7.93978E-11 
-7.93978E-11 
-7.93978E-11 
-7.93978E-11 
-7.93978E-11 
-7.93978E-11 
-7.93978E-11 
-7.93978E-11 
-7.93978E-11 
-7.93978E-11 
-7.93978E-11 
-7.93978E-11 
-7.93978E-11 
-7.93978E-11 
-7.93978E-11 
-7.93978E-11 
-7.93978E-11 
-7.93978E-11 
-7.93978E-11 
-7.93978E-11 
-1.26808E-10 
-1.26808E-10 
-1.26808E-10 
-1.26808E-10 
-1.26808E-10 
-1.26808E-10 
-1.26808E-10 
-1.26808E-10 
-1.26808E-10 
-1.26808E-10 
-1.26808E-10 
-1.26808E-10 
-1.26808E-10 
-1.26808E-10 
-1.26808E-10 
-1.26808E-10 
-1.26808E-10 
-1.26808E-10 
-1.26808E-10 
-1.26808E-10 
-1.26808E-10 
-1.26808E-10 
-1.26808E-10 
-1.26808E-10 
-1.26808E-10 
-1.26808E-10 
-2.02526E-10 
-2.02526E-10 
-2.02526E-10 
-2.02526E-10 
-2.02526E-10 
-2.02526E-10 
-2.02526E-10 
-2.02526E-10 
-2.02526E-10 
-2.02526E-10 
-2.02526E-10 
-2.02526E-10 
-2.02526E-10 
-2.02526E-10 
-2.02526E-10 
-2.02526E-10 
-2.02526E-10 
-2.02526E-10 
-2.02526E-10 
-2.02526E-10 
-2.02526E-10 
-2.02526E-10 
-2.02526E-10 
-2.02526E-10 
-2.02526E-10 
-2.02526E-10 
-3.23450E-10 
-3.23450E-10 
-3.23450E-10 
-3.23450E-10 
-3.23450E-10 
-3.23450E-10 
-3.23450E-10 
-3.23450E-10 
-3.23450E-10 
-3.23450E-10 
-3.23450E-10 
-3.23450E-10 
-3.23450E-10 
-3.23450E-10 
-3.23450E-10 
-3.23450E-10 
-3.23450E-10 
-3.23450E-10 
-3.23450E-10 
-3.23450E-10 
-3.23450E-10 
-3.23450E-10 
-3.23450E-10 
-3.23450E-10 
-3.23450E-10 
-3.23450E-10 
-5.16561E-10 
-5.16561E-10 
-5.16561E-10 
-5.16561E-10 
-5.16561E-10 
-5.16561E-10 
-5.16561E-10 
-5.16561E-10 
-5.16561E-10 
-5.16561E-10 
-5.16561E-10 
-5.16561E-10 
-5.16561E-10 
-5.16561E-10 
-5.16561E-10 
-5.16561E-10 
-5.16561E-10 
-5.16561E-10 
-5.16561E-10 
-5.16561E-10 
-5.16561E-10 
-5.16561E-10 
-5.16561E-10 
-5.16561E-10 
-5.16561E-10 
-5.16561E-10 
-8.24952E-10 
-8.24952E-10 
-8.24952E-10 
-8.24952E-10 
-8.24952E-10 
-8.24952E-10 
-8.24952E-10 
-8.24952E-10 
-8.24952E-10 
-8.24952E-10 
-8.24952E-10 
-8.24952E-10 
-8.24952E-10 
-8.24952E-10 
-8.24952E-10 
-8.24952E-10 
-8.24952E-10 
-8.24952E-10 
-8.24952E-10 
-8.24952E-10 
-8.24952E-10 
-8.24952E-10 
-8.24952E-10 
-8.24952E-10 
-8.24952E-10 
-8.24952E-10 
-1.31742E-09 
-1.31742E-09 
-1.31742E-09 
-1.31742E-09 
-1.31742E-09 
-1.31742E-09 
-1.31742E-09 
-1.31742E-09 
-1.31742E-09 
-1.31742E-09 
-1.31742E-09 
-1.31742E-09 
-1.31742E-09 
-1.31742E-09 
-1.31742E-09 
-1.31742E-09 
-1.31742E-09 
-1.31742E-09 
-1.31742E-09 
-1.31742E-09 
-1.31742E-09 
-1.31742E-09 
-1.31742E-09 
-1.31742E-09 
-1.31742E-09 
-1.31742E-09 
-2.10378E-09 
-2.10378E-09 
-2.10378E-09 
-2.10378E-09 
-2.10378E-09 
-2.10378E-09 
-2.10378E-09 
-2.10378E-09 
-2.10378E-09 
-2.10378E-09 
-2.10378E-09 
-2.10378E-09 
-2.10378E-09 
-2.10378E-09 
-2.10378E-09 
-2.10378E-09 
-2.10378E-09 
-2.10378E-09 
-2.10378E-09 
-2.10378E-09 
-2.10378E-09 
-2.10378E-09 
-2.10378E-09 
-2.10378E-09 
-2.10378E-09 
-2.10378E-09 
-3.35937E-09 
-3.35937E-09 
-3.35937E-09 
-3.35937E-09 
-3.35937E-09 
-3.35937E-09 
-3.35937E-09 
-3.35937E-09 
-3.35937E-09 
-3.35937E-09 
-3.35937E-09 
-3.35937E-09 
-3.35937E-09 
-3.35937E-09 
-3.35937E-09 
-3.35937E-09 
-3.35937E-09 
-3.35937E-09 
-3.35937E-09 
-3.35937E-09 
-3.35937E-09 
-3.35937E-09 
-3.35937E-09 
-3.35937E-09 
-3.35937E-09 
-3.35937E-09 
-5.36400E-09 
-5.36400E-09 
-5.36400E-09 
-5.36400E-09 
-5.36400E-09 
-5.36400E-09 
-5.36400E-09 
-5.36400E-09 
-5.36400E-09 
-5.36400E-09 
-5.36400E-09 
-5.36400E-09 
-5.36400E-09 
-5.36400E-09 
-5.36400E-09 
-5.36400E-09 
-5.36400E-09 
-5.36400E-09 
-5.36400E-09 
-5.36400E-09 
-5.36400E-09 
-5.36400E-09 
-5.36400E-09 
-5.36400E-09 
-5.36400E-09 
-5.36400E-09 
-8.56420E-09 
-8.56420E-09 
-8.56420E-09 
-8.56420E-09 
-8.56420E-09 
-8.56420E-09 
-8.56420E-09 
-8.56420E-09 
-8.56420E-09 
-8.56420E-09 
-8.56420E-09 
-8.56420E-09 
-8.56420E-09 
-8.56420E-09 
-8.56420E-09 
-8.56420E-09 
-8.56420E-09 
-8.56420E-09 
-8.56420E-09 
-8.56420E-09 
-8.56420E-09 
-8.56420E-09 
-8.56420E-09 
-8.56420E-09 
-8.56420E-09 
-8.56420E-09 
-1.36725E-08 
-1.36725E-08 
-1.36725E-08 
-1.36725E-08 
-1.36725E-08 
-1.36725E-08 
-1.36725E-08 
-1.36725E-08 
-1.36725E-08 
-1.36725E-08 
-1.36725E-08 
-1.36725E-08 
-1.36725E-08 
-1.36725E-08 
-1.36725E-08 
-1.36725E-08 
-1.36725E-08 
-1.36725E-08 
-1.36725E-08 
-1.36725E-08 
-1.36725E-08 
-1.36725E-08 
-1.36725E-08 
-1.36725E-08 
-1.36725E-08 
-1.36725E-08 
-2.18252E-08 
-2.18252E-08 
-2.18252E-08 
-2.18252E-08 
-2.18252E-08 
-2.18252E-08 
-2.18252E-08 
-2.18252E-08 
-2.18252E-08 
-2.18252E-08 
-2.18252E-08 
-2.18252E-08 
-2.18252E-08 
-2.18252E-08 
-2.18252E-08 
-2.18252E-08 
-2.18252E-08 
-2.18252E-08 
-2.18252E-08 
-2.18252E-08 
-2.18252E-08 
-2.18252E-08 
-2.18252E-08 
-2.18252E-08 
-2.18252E-08 
-2.18252E-08 
-3.48342E-08 
-3.48342E-08 
-3.48342E-08 
-3.48342E-08 
-3.48342E-08 
-3.48342E-08 
-3.48342E-08 
-3.48342E-08 
-3.48342E-08 
-3.48342E-08 
-3.48342E-08 
-3.48342E-08 
-3.48342E-08 
-3.48342E-08 
-3.48342E-08 
-3.48342E-08 
-3.48342E-08 
-3.48342E-08 
-3.48342E-08 
-3.48342E-08 
-3.48342E-08 
-3.48342E-08 
-3.48342E-08 
-3.48342E-08 
-3.48342E-08 
-3.48342E-08 
-5.55884E-08 
-5.55884E-08 
-5.55884E-08 
-5.55884E-08 
-5.55884E-08 
-5.55884E-08 
-5.55884E-08 
-5.55884E-08 
-5.55884E-08 
-5.55884E-08 
-5.55884E-08 
-5.55884E-08 
-5.55884E-08 
-5.55884E-08 
-5.55884E-08 
-5.55884E-08 
-5.55884E-08 
-5.55884E-08 
-5.55884E-08 
-5.55884E-08 
-5.55884E-08 
-5.55884E-08 
-5.55884E-08 
-5.55884E-08 
-5.55884E-08 
-5.55884E-08 
-8.86876E-08 
-8.86876E-08 
-8.86876E-08 
-8.86876E-08 
-8.86876E-08 
-8.86876E-08 
-8.86876E-08 
-8.86876E-08 
-8.86876E-08 
-8.86876E-08 
-8.86876E-08 
-8.86876E-08 
-8.86876E-08 
-8.86876E-08 
-8.86876E-08 
-8.86876E-08 
-8.86876E-08 
-8.86876E-08 
-8.86876E-08 
-8.86876E-08 
-8.86876E-08 
-8.86876E-08 
-8.86876E-08 
-8.86876E-08 
-8.86876E-08 
-8.86876E-08 
-1.41456E-07 
-1.41456E-07 
-1.41456E-07 
-1.41456E-07 
-1.41456E-07 
-1.41456E-07 
-1.41456E-07 
-1.41456E-07 
-1.41456E-07 
-1.41456E-07 
-1.41456E-07 
-1.41456E-07 
-1.41456E-07 
-1.41456E-07 
-1.41456E-07 
-1.41456E-07 
-1.41456E-07 
-1.41456E-07 
-1.41456E-07 
-1.41456E-07 
-1.41456E-07 
-1.41456E-07 
-1.41456E-07 
-1.41456E-07 
-1.41456E-07 
-1.41456E-07 
-2.25546E-07 
-2.25546E-07 
-2.25546E-07 
-2.25546E-07 
-2.25546E-07 
-2.25546E-07 
-2.25546E-07 
-2.25546E-07 
-2.25546E-07 
-2.25546E-07 
-2.25546E-07 
-2.25546E-07 
-2.25546E-07 
-2.25546E-07 
-2.25546E-07 
-2.25546E-07 
-2.25546E-07 
-2.25546E-07 
-2.25546E-07 
-2.25546E-07 
-2.25546E-07 
-2.25546E-07 
-2.25546E-07 
-2.25546E-07 
-2.25546E-07 
-2.25546E-07 
-3.59467E-07 
-3.59467E-07 
-3.59467E-07 
-3.59467E-07 
-3.59467E-07 
-3.59467E-07 
-3.59467E-07 
-3.59467E-07 
-3.59467E-07 
-3.59467E-07 
-3.59467E-07 
-3.59467E-07 
-3.59467E-07 
-3.59467E-07 
-3.59467E-07 
-3.59467E-07 
-3.59467E-07 
-3.59467E-07 
-3.59467E-07 
-3.59467E-07 
-3.59467E-07 
-3.59467E-07 
-3.59467E-07 
-3.59467E-07 
-3.59467E-07 
-3.59467E-07 
-5.72599E-07 
-5.72599E-07 
-5.72599E-07 
-5.72599E-07 
-5.72599E-07 
-5.72599E-07 
-5.72599E-07 
-5.72599E-07 
-5.72599E-07 
-5.72599E-07 
-5.72599E-07 
-5.72599E-07 
-5.72599E-07 
-5.72599E-07 
-5.72599E-07 
-5.72599E-07 
-5.72599E-07 
-5.72599E-07 
-5.72599E-07 
-5.72599E-07 
-5.72599E-07 
-5.72599E-07 
-5.72599E-07 
-5.72599E-07 
-5.72599E-07 
-5.72599E-07 
-9.18073E-07 
-9.18073E-07 
-9.18073E-07 
-9.18073E-07 
-9.18073E-07 
-9.18073E-07 
-9.18073E-07 
-9.18073E-07 
-9.18073E-07 
-9.18073E-07 
-9.18073E-07 
-9.18073E-07 
-9.18073E-07 
-9.18073E-07 
-9.18073E-07 
-9.18073E-07 
-9.18073E-07 
-9.18073E-07 
-9.18073E-07 
-9.18073E-07 
-9.18073E-07 
-9.18073E-07 
-9.18073E-07 
-9.18073E-07 
-9.18073E-07 
-9.18073E-07 
-1.45985E-06 
-1.45985E-06 
-1.45985E-06 
-1.45985E-06 
-1.45985E-06 
-1.45985E-06 
-1.45985E-06 
-1.45985E-06 
-1.45985E-06 
-1.45985E-06 
-1.45985E-06 
-1.45985E-06 
-1.45985E-06 
-1.45985E-06 
-1.45985E-06 
-1.45985E-06 
-1.45985E-06 
-1.45985E-06 
-1.45985E-06 
-1.45985E-06 
-1.45985E-06 
-1.45985E-06 
-1.45985E-06 
-1.45985E-06 
-1.45985E-06 
-1.45985E-06 
-2.31892E-06 
-2.31892E-06 
-2.31892E-06 
-2.31892E-06 
-2.31892E-06 
-2.31892E-06 
-2.31892E-06 
-2.31892E-06 
-2.31892E-06 
-2.31892E-06 
-2.31892E-06 
-2.31892E-06 
-2.31892E-06 
-2.31892E-06 
-2.31892E-06 
-2.31892E-06 
-2.31892E-06 
-2.31892E-06 
-2.31892E-06 
-2.31892E-06 
-2.31892E-06 
-2.31892E-06 
-2.31892E-06 
-2.31892E-06 
-2.31892E-06 
-2.31892E-06 
-3.67870E-06 
-3.67870E-06 
-3.67870E-06 
-3.67870E-06 
-3.67870E-06 
-3.67870E-06 
-3.67870E-06 
-3.67870E-06 
-3.67870E-06 
-3.67870E-06 
-3.67870E-06 
-3.67870E-06 
-3.67870E-06 
-3.67870E-06 
-3.67870E-06 
-3.67870E-06 
-3.67870E-06 
-3.67870E-06 
-3.67870E-06 
-3.67870E-06 
-3.67870E-06 
-3.67870E-06 
-3.67870E-06 
-3.67870E-06 
-3.67870E-06 
-3.67870E-06 
-5.82646E-06 
-5.82646E-06 
-5.82646E-06 
-5.82646E-06 
-5.82646E-06 
-5.82646E-06 
-5.82646E-06 
-5.82646E-06 
-5.82646E-06 
-5.82646E-06 
-5.82646E-06 
-5.82646E-06 
-5.82646E-06 
-5.82646E-06 
-5.82646E-06 
-5.82646E-06 
-5.82646E-06 
-5.82646E-06 
-5.82646E-06 
-5.82646E-06 
-5.82646E-06 
-5.82646E-06 
-5.82646E-06 
-5.82646E-06 
-5.82646E-06 
-5.82646E-06 
-9.21652E-06 
-9.21652E-06 
-9.21652E-06 
-9.21652E-06 
-9.21652E-06 
-9.21652E-06 
-9.21652E-06 
-9.21652E-06 
-9.21652E-06 
-9.21652E-06 
-9.21652E-06 
-9.21652E-06 
-9.21652E-06 
-9.21652E-06 
-9.21652E-06 
-9.21652E-06 
-9.21652E-06 
-9.21652E-06 
-9.21652E-06 
-9.21652E-06 
-9.21652E-06 
-9.21652E-06 
-9.21652E-06 
-9.21652E-06 
-9.21652E-06 
-9.21652E-06 
-1.45412E-05 
-1.45412E-05 
-1.45412E-05 
-1.45412E-05 
-1.45412E-05 
-1.45412E-05 
-1.45412E-05 
-1.45412E-05 
-1.45412E-05 
-1.45412E-05 
-1.45412E-05 
-1.45412E-05 
-1.45412E-05 
-1.45412E-05 
-1.45412E-05 
-1.45412E-05 
-1.45412E-05 
-1.45412E-05 
-1.45412E-05 
-1.45412E-05 
-1.45412E-05 
-1.45412E-05 
-1.45412E-05 
-1.45412E-05 
-1.45412E-05 
-1.45412E-05 
-2.28677E-05 
-2.28677E-05 
-2.28677E-05 
-2.28677E-05 
-2.28677E-05 
-2.28677E-05 
-2.28677E-05 
-2.28677E-05 
-2.28677E-05 
-2.28677E-05 
-2.28677E-05 
-2.28677E-05 
-2.28677E-05 
-2.28677E-05 
-2.28677E-05 
-2.28677E-05 
-2.28677E-05 
-2.28677E-05 
-2.28677E-05 
-2.28677E-05 
-2.28677E-05 
-2.28677E-05 
-2.28677E-05 
-2.28677E-05 
-2.28677E-05 
-2.28677E-05 
-3.58088E-05 
-3.58088E-05 
-3.58088E-05 
-3.58088E-05 
-3.58088E-05 
-3.58088E-05 
-3.58088E-05 
-3.58088E-05 
-3.58088E-05 
-3.58088E-05 
-3.58088E-05 
-3.58088E-05 
-3.58088E-05 
-3.58088E-05 
-3.58088E-05 
-3.58088E-05 
-3.58088E-05 
-3.58088E-05 
-3.58088E-05 
-3.58088E-05 
-3.58088E-05 
-3.58088E-05 
-3.58088E-05 
-3.58088E-05 
-3.58088E-05 
-3.58088E-05 
-5.58037E-05 
-5.58037E-05 
-5.58037E-05 
-5.58037E-05 
-5.58037E-05 
-5.58037E-05 
-5.58037E-05 
-5.58037E-05 
-5.58037E-05 
-5.58037E-05 
-5.58037E-05 
-5.58037E-05 
-5.58037E-05 
-5.58037E-05 
-5.58037E-05 
-5.58037E-05 
-5.58037E-05 
-5.58037E-05 
-5.58037E-05 
-5.58037E-05 
-5.58037E-05 
-5.58037E-05 
-5.58037E-05 
-5.58037E-05 
-5.58037E-05 
-5.58037E-05 
-8.64280E-05 
-8.64280E-05 
-8.64280E-05 
-8.64280E-05 
-8.64280E-05 
-8.64280E-05 
-8.64280E-05 
-8.64280E-05 
-8.64280E-05 
-8.64280E-05 
-8.64280E-05 
-8.64280E-05 
-8.64280E-05 
-8.64280E-05 
-8.64280E-05 
-8.64280E-05 
-8.64280E-05 
-8.64280E-05 
-8.64280E-05 
-8.64280E-05 
-8.64280E-05 
-8.64280E-05 
-8.64280E-05 
-8.64280E-05 
-8.64280E-05 
-8.64280E-05 
-1.32857E-04 
-1.32857E-04 
-1.32857E-04 
-1.32857E-04 
-1.32857E-04 
-1.32857E-04 
-1.32857E-04 
-1.32857E-04 
-1.32857E-04 
-1.32857E-04 
-1.32857E-04 
-1.32857E-04 
-1.32857E-04 
-1.32857E-04 
-1.32857E-04 
-1.32857E-04 
-1.32857E-04 
-1.32857E-04 
-1.32857E-04 
-1.32857E-04 
-1.32857E-04 
-1.32857E-04 
-1.32857E-04 
-1.32857E-04 
-1.32857E-04 
-1.32857E-04 
-2.02393E-04 
-2.02393E-04 
-2.02393E-04 
-2.02393E-04 
-2.02393E-04 
-2.02393E-04 
-2.02393E-04 
-2.02393E-04 
-2.02393E-04 
-2.02393E-04 
-2.02393E-04 
-2.02393E-04 
-2.02393E-04 
-2.02393E-04 
-2.02393E-04 
-2.02393E-04 
-2.02393E-04 
-2.02393E-04 
-2.02393E-04 
-2.02393E-04 
-2.02393E-04 
-2.02393E-04 
-2.02393E-04 
-2.02393E-04 
-2.02393E-04 
-2.02393E-04 
-3.05030E-04 
-3.05030E-04 
-3.05030E-04 
-3.05030E-04 
-3.05030E-04 
-3.05030E-04 
-3.05030E-04 
-3.05030E-04 
-3.05030E-04 
-3.05030E-04 
-3.05030E-04 
-3.05030E-04 
-3.05030E-04 
-3.05030E-04 
-3.05030E-04 
-3.05030E-04 
-3.05030E-04 
-3.05030E-04 
-3.05030E-04 
-3.05030E-04 
-3.05030E-04 
-3.05030E-04 
-3.05030E-04 
-3.05030E-04 
-3.05030E-04 
-3.05030E-04 
-4.54004E-04 
-4.54004E-04 
-4.54004E-04 
-4.54004E-04 
-4.54004E-04 
-4.54004E-04 
-4.54004E-04 
-4.54004E-04 
-4.54004E-04 
-4.54004E-04 
-4.54004E-04 
-4.54004E-04 
-4.54004E-04 
-4.54004E-04 
-4.54004E-04 
-4.54004E-04 
-4.54004E-04 
-4.54004E-04 
-4.54004E-04 
-4.54004E-04 
-4.54004E-04 
-4.54004E-04 
-4.54004E-04 
-4.54004E-04 
-4.54004E-04 
-4.54004E-04 
-6.66080E-04 
-6.66080E-04 
-6.66080E-04 
-6.66080E-04 
-6.66080E-04 
-6.66080E-04 
-6.66080E-04 
-6.66080E-04 
-6.66080E-04 
-6.66080E-04 
-6.66080E-04 
-6.66080E-04 
-6.66080E-04 
-6.66080E-04 
-6.66080E-04 
-6.66080E-04 
-6.66080E-04 
-6.66080E-04 
-6.66080E-04 
-6.66080E-04 
-6.66080E-04 
-6.66080E-04 
-6.66080E-04 
-6.66080E-04 
-6.66080E-04 
-6.66080E-04 
-9.62009E-04 
-9.62009E-04 
-9.62009E-04 
-9.62009E-04 
-9.62009E-04 
-9.62009E-04 
-9.62009E-04 
-9.62009E-04 
-9.62009E-04 
-9.62009E-04 
-9.62009E-04 
-9.62009E-04 
-9.62009E-04 
-9.62009E-04 
-9.62009E-04 
-9.62009E-04 
-9.62009E-04 
-9.62009E-04 
-9.62009E-04 
-9.62009E-04 
-9.62009E-04 
-9.62009E-04 
-9.62009E-04 
-9.62009E-04 
-9.62009E-04 
-9.62009E-04 
-1.36331E-03 
-1.36331E-03 
-1.36331E-03 
-1.36331E-03 
-1.36331E-03 
-1.36331E-03 
-1.36331E-03 
-1.36331E-03 
-1.36331E-03 
-1.36331E-03 
-1.36331E-03 
-1.36331E-03 
-1.36331E-03 
-1.36331E-03 
-1.36331E-03 
-1.36331E-03 
-1.36331E-03 
-1.36331E-03 
-1.36331E-03 
-1.36331E-03 
-1.36331E-03 
-1.36331E-03 
-1.36331E-03 
-1.36331E-03 
-1.36331E-03 
-1.36331E-03 
-1.89597E-03 
-1.89597E-03 
-1.89597E-03 
-1.89597E-03 
-1.89597E-03 
-1.89597E-03 
-1.89597E-03 
-1.89597E-03 
-1.89597E-03 
-1.89597E-03 
-1.89597E-03 
-1.89597E-03 
-1.89597E-03 
-1.89597E-03 
-1.89597E-03 
-1.89597E-03 
-1.89597E-03 
-1.89597E-03 
-1.89597E-03 
-1.89597E-03 
-1.89597E-03 
-1.89597E-03 
-1.89597E-03 
-1.89597E-03 
-1.89597E-03 
-1.89597E-03 
-2.58356E-03 
-2.58356E-03 
-2.58356E-03 
-2.58356E-03 
-2.58356E-03 
-2.58356E-03 
-2.58356E-03 
-2.58356E-03 
-2.58356E-03 
-2.58356E-03 
-2.58356E-03 
-2.58356E-03 
-2.58356E-03 
-2.58356E-03 
-2.58356E-03 
-2.58356E-03 
-2.58356E-03 
-2.58356E-03 
-2.58356E-03 
-2.58356E-03 
-2.58356E-03 
-2.58356E-03 
-2.58356E-03 
-2.58356E-03 
-2.58356E-03 
-2.58356E-03 
-3.44686E-03 
-3.44686E-03 
-3.44686E-03 
-3.44686E-03 
-3.44686E-03 
-3.44686E-03 
-3.44686E-03 
-3.44686E-03 
-3.44686E-03 
-3.44686E-03 
-3.44686E-03 
-3.44686E-03 
-3.44686E-03 
-3.44686E-03 
-3.44686E-03 
-3.44686E-03 
-3.44686E-03 
-3.44686E-03 
-3.44686E-03 
-3.44686E-03 
-3.44686E-03 
-3.44686E-03 
-3.44686E-03 
-3.44686E-03 
-3.44686E-03 
-3.44686E-03 
-4.50024E-03 
-4.50024E-03 
-4.50024E-03 
-4.50024E-03 
-4.50024E-03 
-4.50024E-03 
-4.50024E-03 
-4.50024E-03 
-4.50024E-03 
-4.50024E-03 
-4.50024E-03 
-4.50024E-03 
-4.50024E-03 
-4.50024E-03 
-4.50024E-03 
-4.50024E-03 
-4.50024E-03 
-4.50024E-03 
-4.50024E-03 
-4.50024E-03 
-4.50024E-03 
-4.50024E-03 
-4.50024E-03 
-4.50024E-03 
-4.50024E-03 
-4.50024E-03 
-5.74833E-03 
-5.74833E-03 
-5.74833E-03 
-5.74833E-03 
-5.74833E-03 
-5.74833E-03 
-5.74833E-03 
-5.74833E-03 
-5.74833E-03 
-5.74833E-03 
-5.74833E-03 
-5.74833E-03 
-5.74833E-03 
-5.74833E-03 
-5.74833E-03 
-5.74833E-03 
-5.74833E-03 
-5.74833E-03 
-5.74833E-03 
-5.74833E-03 
-5.74833E-03 
-5.74833E-03 
-5.74833E-03 
-5.74833E-03 
-5.74833E-03 
-5.74833E-03 
-7.18251E-03 
-7.18251E-03 
-7.18251E-03 
-7.18251E-03 
-7.18251E-03 
-7.18251E-03 
-7.18251E-03 
-7.18251E-03 
-7.18251E-03 
-7.18251E-03 
-7.18251E-03 
-7.18251E-03 
-7.18251E-03 
-7.18251E-03 
-7.18251E-03 
-7.18251E-03 
-7.18251E-03 
-7.18251E-03 
-7.18251E-03 
-7.18251E-03 
-7.18251E-03 
-7.18251E-03 
-7.18251E-03 
-7.18251E-03 
-7.18251E-03 
-7.18251E-03 
-8.77916E-03 
-8.77916E-03 
-8.77916E-03 
-8.77916E-03 
-8.77916E-03 
-8.77916E-03 
-8.77916E-03 
-8.77916E-03 
-8.77916E-03 
-8.77916E-03 
-8.77916E-03 
-8.77916E-03 
-8.77916E-03 
-8.77916E-03 
-8.77916E-03 
-8.77916E-03 
-8.77916E-03 
-8.77916E-03 
-8.77916E-03 
-8.77916E-03 
-8.77916E-03 
-8.77916E-03 
-8.77916E-03 
-8.77916E-03 
-8.77916E-03 
-8.77916E-03 
-1.04886E-02 
-1.04886E-02 
-1.04886E-02 
-1.04886E-02 
-1.04886E-02 
-1.04886E-02 
-1.04886E-02 
-1.04886E-02 
-1.04886E-02 
-1.04886E-02 
-1.04886E-02 
-1.04886E-02 
-1.04886E-02 
-1.04886E-02 
-1.04886E-02 
-1.04886E-02 
-1.04886E-02 
-1.04886E-02 
-1.04886E-02 
-1.04886E-02 
-1.04886E-02 
-1.04886E-02 
-1.04886E-02 
-1.04886E-02 
-1.04886E-02 
-1.04886E-02 
-1.22739E-02 
-1.22739E-02 
-1.22739E-02 
-1.22739E-02 
-1.22739E-02 
-1.22739E-02 
-1.22739E-02 
-1.22739E-02 
-1.22739E-02 
-1.22739E-02 
-1.22739E-02 
-1.22739E-02 
-1.22739E-02 
-1.22739E-02 
-1.22739E-02 
-1.22739E-02 
-1.22739E-02 
-1.22739E-02 
-1.22739E-02 
-1.22739E-02 
-1.22739E-02 
-1.22739E-02 
-1.22739E-02 
-1.22739E-02 
-1.22739E-02 
-1.22739E-02 
-1.40437E-02 
-1.40437E-02 
-1.40437E-02 
-1.40437E-02 
-1.40437E-02 
-1.40437E-02 
-1.40437E-02 
-1.40437E-02 
-1.40437E-02 
-1.40437E-02 
-1.40437E-02 
-1.40437E-02 
-1.40437E-02 
-1.40437E-02 
-1.40437E-02 
-1.40437E-02 
-1.40437E-02 
-1.40437E-02 
-1.40437E-02 
-1.40437E-02 
-1.40437E-02 
-1.40437E-02 
-1.40437E-02 
-1.40437E-02 
-1.40437E-02 
-1.40437E-02 
-1.57114E-02 
-1.57114E-02 
-1.57114E-02 
-1.57114E-02 
-1.57114E-02 
-1.57114E-02 
-1.57114E-02 
-1.57114E-02 
-1.57114E-02 
-1.57114E-02 
-1.57114E-02 
-1.57114E-02 
-1.57114E-02 
-1.57114E-02 
-1.57114E-02 
-1.57114E-02 
-1.57114E-02 
-1.57114E-02 
-1.57114E-02 
-1.57114E-02 
-1.57114E-02 
-1.57114E-02 
-1.57114E-02 
-1.57114E-02 
-1.57114E-02 
-1.57114E-02 
-1.71691E-02 
-1.71691E-02 
-1.71691E-02 
-1.71691E-02 
-1.71691E-02 
-1.71691E-02 
-1.71691E-02 
-1.71691E-02 
-1.71691E-02 
-1.71691E-02 
-1.71691E-02 
-1.71691E-02 
-1.71691E-02 
-1.71691E-02 
-1.71691E-02 
-1.71691E-02 
-1.71691E-02 
-1.71691E-02 
-1.71691E-02 
-1.71691E-02 
-1.71691E-02 
-1.71691E-02 
-1.71691E-02 
-1.71691E-02 
-1.71691E-02 
-1.71691E-02 
-1.82935E-02 
-1.82935E-02 
-1.82935E-02 
-1.82935E-02 
-1.82935E-02 
-1.82935E-02 
-1.82935E-02 
-1.82935E-02 
-1.82935E-02 
-1.82935E-02 
-1.82935E-02 
-1.82935E-02 
-1.82935E-02 
-1.82935E-02 
-1.82935E-02 
-1.82935E-02 
-1.82935E-02 
-1.82935E-02 
-1.82935E-02 
-1.82935E-02 
-1.82935E-02 
-1.82935E-02 
-1.82935E-02 
-1.82935E-02 
-1.82935E-02 
-1.82935E-02 
-1.89462E-02 
-1.89462E-02 
-1.89462E-02 
-1.89462E-02 
-1.89462E-02 
-1.89462E-02 
-1.89462E-02 
-1.89462E-02 
-1.89462E-02 
-1.89462E-02 
-1.89462E-02 
-1.89462E-02 
-1.89462E-02 
-1.89462E-02 
-1.89462E-02 
-1.89462E-02 
-1.89462E-02 
-1.89462E-02 
-1.89462E-02 
-1.89462E-02 
-1.89462E-02 
-1.89462E-02 
-1.89462E-02 
-1.89462E-02 
-1.89462E-02 
-1.89462E-02 
-1.89783E-02 
-1.89783E-02 
-1.89783E-02 
-1.89783E-02 
-1.89783E-02 
-1.89783E-02 
-1.89783E-02 
-1.89783E-02 
-1.89783E-02 
-1.89783E-02 
-1.89783E-02 
-1.89783E-02 
-1.89783E-02 
-1.89783E-02 
-1.89783E-02 
-1.89783E-02 
-1.89783E-02 
-1.89783E-02 
-1.89783E-02 
-1.89783E-02 
-1.89783E-02 
-1.89783E-02 
-1.89783E-02 
-1.89783E-02 
-1.89783E-02 
-1.89783E-02 
-1.82270E-02 
-1.82270E-02 
-1.82270E-02 
-1.82270E-02 
-1.82270E-02 
-1.82270E-02 
-1.82270E-02 
-1.82270E-02 
-1.82270E-02 
-1.82270E-02 
-1.82270E-02 
-1.82270E-02 
-1.82270E-02 
-1.82270E-02 
-1.82270E-02 
-1.82270E-02 
-1.82270E-02 
-1.82270E-02 
-1.82270E-02 
-1.82270E-02 
-1.82270E-02 
-1.82270E-02 
-1.82270E-02 
-1.82270E-02 
-1.82270E-02 
-1.82270E-02 
-1.65227E-02 
-1.65227E-02 
-1.65227E-02 
-1.65227E-02 
-1.65227E-02 
-1.65227E-02 
-1.65227E-02 
-1.65227E-02 
-1.65227E-02 
-1.65227E-02 
-1.65227E-02 
-1.65227E-02 
-1.65227E-02 
-1.65227E-02 
-1.65227E-02 
-1.65227E-02 
-1.65227E-02 
-1.65227E-02 
-1.65227E-02 
-1.65227E-02 
-1.65227E-02 
-1.65227E-02 
-1.65227E-02 
-1.65227E-02 
-1.65227E-02 
-1.65227E-02 
-1.36830E-02 
-1.36830E-02 
-1.36830E-02 
-1.36830E-02 
-1.36830E-02 
-1.36830E-02 
-1.36830E-02 
-1.36830E-02 
-1.36830E-02 
-1.36830E-02 
-1.36830E-02 
-1.36830E-02 
-1.36830E-02 
-1.36830E-02 
-1.36830E-02 
-1.36830E-02 
-1.36830E-02 
-1.36830E-02 
-1.36830E-02 
-1.36830E-02 
-1.36830E-02 
-1.36830E-02 
-1.36830E-02 
-1.36830E-02 
-1.36830E-02 
-1.36830E-02 
-9.52345E-03 
-9.52345E-03 
-9.52345E-03 
-9.52345E-03 
-9.52345E-03 
-9.52345E-03 
-9.52345E-03 
-9.52345E-03 
-9.52345E-03 
-9.52345E-03 
-9.52345E-03 
-9.52345E-03 
-9.52345E-03 
-9.52345E-03 
-9.52345E-03 
-9.52345E-03 
-9.52345E-03 
-9.52345E-03 
-9.52345E-03 
-9.52345E-03 
-9.52345E-03 
-9.52345E-03 
-9.52345E-03 
-9.52345E-03 
-9.52345E-03 
-9.52345E-03 
-3.83692E-03 
-3.83692E-03 
-3.83692E-03 
-3.83692E-03 
-3.83692E-03 
-3.83692E-03 
-3.83692E-03 
-3.83692E-03 
-3.83692E-03 
-3.83692E-03 
-3.83692E-03 
-3.83692E-03 
-3.83692E-03 
-3.83692E-03 
-3.83692E-03 
-3.83692E-03 
-3.83692E-03 
-3.83692E-03 
-3.83692E-03 
-3.83692E-03 
-3.83692E-03 
-3.83692E-03 
-3.83692E-03 
-3.83692E-03 
-3.83692E-03 
-3.83692E-03 
3.57604E-03 
3.57604E-03 
3.57604E-03 
3.57604E-03 
3.57604E-03 
3.57604E-03 
3.57604E-03 
3.57604E-03 
3.57604E-03 
3.57604E-03 
3.57604E-03 
3.57604E-03 
3.57604E-03 
3.57604E-03 
3.57604E-03 
3.57604E-03 
3.57604E-03 
3.57604E-03 
3.57604E-03 
3.57604E-03 
3.57604E-03 
3.57604E-03 
3.57604E-03 
3.57604E-03 
3.57604E-03 
3.57604E-03 
1.29250E-02 
1.29250E-02 
1.29250E-02 
1.29250E-02 
1.29250E-02 
1.29250E-02 
1.29250E-02 
1.29250E-02 
1.29250E-02 
1.29250E-02 
1.29250E-02 
1.29250E-02 
1.29250E-02 
1.29250E-02 
1.29250E-02 
1.29250E-02 
1.29250E-02 
1.29250E-02 
1.29250E-02 
1.29250E-02 
1.29250E-02 
1.29250E-02 
1.29250E-02 
1.29250E-02 
1.29250E-02 
1.29250E-02 
2.44335E-02 
2.44335E-02 
2.44335E-02 
2.44335E-02 
2.44335E-02 
2.44335E-02 
2.44335E-02 
2.44335E-02 
2.44335E-02 
2.44335E-02 
2.44335E-02 
2.44335E-02 
2.44335E-02 
2.44335E-02 
2.44335E-02 
2.44335E-02 
2.44335E-02 
2.44335E-02 
2.44335E-02 
2.44335E-02 
2.44335E-02 
2.44335E-02 
2.44335E-02 
2.44335E-02 
2.44335E-02 
2.44335E-02 
3.83005E-02 
3.83005E-02 
3.83005E-02 
3.83005E-02 
3.83005E-02 
3.83005E-02 
3.83005E-02 
3.83005E-02 
3.83005E-02 
3.83005E-02 
3.83005E-02 
3.83005E-02 
3.83005E-02 
3.83005E-02 
3.83005E-02 
3.83005E-02 
3.83005E-02 
3.83005E-02 
3.83005E-02 
3.83005E-02 
3.83005E-02 
3.83005E-02 
3.83005E-02 
3.83005E-02 
3.83005E-02 
3.83005E-02 
5.47950E-02 
5.47950E-02 
5.47950E-02 
5.47950E-02 
5.47950E-02 
5.47950E-02 
5.47950E-02 
5.47950E-02 
5.47950E-02 
5.47950E-02 
5.47950E-02 
5.47950E-02 
5.47950E-02 
5.47950E-02 
5.47950E-02 
5.47950E-02 
5.47950E-02 
5.47950E-02 
5.47950E-02 
5.47950E-02 
5.47950E-02 
5.47950E-02 
5.47950E-02 
5.47950E-02 
5.47950E-02 
5.47950E-02 
7.39396E-02 
7.39396E-02 
7.39396E-02 
7.39396E-02 
7.39396E-02 
7.39396E-02 
7.39396E-02 
7.39396E-02 
7.39396E-02 
7.39396E-02 
7.39396E-02 
7.39396E-02 
7.39396E-02 
7.39396E-02 
7.39396E-02 
7.39396E-02 
7.39396E-02 
7.39396E-02 
7.39396E-02 
7.39396E-02 
7.39396E-02 
7.39396E-02 
7.39396E-02 
7.39396E-02 
7.39396E-02 
7.39396E-02 
9.62927E-02 
9.62927E-02 
9.62927E-02 
9.62927E-02 
9.62927E-02 
9.62927E-02 
9.62927E-02 
9.62927E-02 
9.62927E-02 
9.62927E-02 
9.62927E-02 
9.62927E-02 
9.62927E-02 
9.62927E-02 
9.62927E-02 
9.62927E-02 
9.62927E-02 
9.62927E-02 
9.62927E-02 
9.62927E-02 
9.62927E-02 
9.62927E-02 
9.62927E-02 
9.62927E-02 
9.62927E-02 
9.62927E-02 
1.21919E-01 
1.21919E-01 
1.21919E-01 
1.21919E-01 
1.21919E-01 
1.21919E-01 
1.21919E-01 
1.21919E-01 
1.21919E-01 
1.21919E-01 
1.21919E-01 
1.21919E-01 
1.21919E-01 
1.21919E-01 
1.21919E-01 
1.21919E-01 
1.21919E-01 
1.21919E-01 
1.21919E-01 
1.21919E-01 
1.21919E-01 
1.21919E-01 
1.21919E-01 
1.21919E-01 
1.21919E-01 
1.21919E-01 
1.51054E-01 
1.51054E-01 
1.51054E-01 
1.51054E-01 
1.51054E-01 
1.51054E-01 
1.51054E-01 
1.51054E-01 
1.51054E-01 
1.51054E-01 
1.51054E-01 
1.51054E-01 
1.51054E-01 
1.51054E-01 
1.51054E-01 
1.51054E-01 
1.51054E-01 
1.51054E-01 
1.51054E-01 
1.51054E-01 
1.51054E-01 
1.51054E-01 
1.51054E-01 
1.51054E-01 
1.51054E-01 
1.51054E-01 
1.83938E-01 
1.83938E-01 
1.83938E-01 
1.83938E-01 
1.83938E-01 
1.83938E-01 
1.83938E-01 
1.83938E-01 
1.83938E-01 
1.83938E-01 
1.83938E-01 
1.83938E-01 
1.83938E-01 
1.83938E-01 
1.83938E-01 
1.83938E-01 
1.83938E-01 
1.83938E-01 
1.83938E-01 
1.83938E-01 
1.83938E-01 
1.83938E-01 
1.83938E-01 
1.83938E-01 
1.83938E-01 
1.83938E-01 
2.20808E-01 
2.20808E-01 
2.20808E-01 
2.20808E-01 
2.20808E-01 
2.20808E-01 
2.20808E-01 
2.20808E-01 
2.20808E-01 
2.20808E-01 
2.20808E-01 
2.20808E-01 
2.20808E-01 
2.20808E-01 
2.20808E-01 
2.20808E-01 
2.20808E-01 
2.20808E-01 
2.20808E-01 
2.20808E-01 
2.20808E-01 
2.20808E-01 
2.20808E-01 
2.20808E-01 
2.20808E-01 
2.20808E-01 
2.61910E-01 
2.61910E-01 
2.61910E-01 
2.61910E-01 
2.61910E-01 
2.61910E-01 
2.61910E-01 
2.61910E-01 
2.61910E-01 
2.61910E-01 
2.61910E-01 
2.61910E-01 
2.61910E-01 
2.61910E-01 
2.61910E-01 
2.61910E-01 
2.61910E-01 
2.61910E-01 
2.61910E-01 
2.61910E-01 
2.61910E-01 
2.61910E-01 
2.61910E-01 
2.61910E-01 
2.61910E-01 
2.61910E-01 
3.07483E-01 
3.07483E-01 
3.07483E-01 
3.07483E-01 
3.07483E-01 
3.07483E-01 
3.07483E-01 
3.07483E-01 
3.07483E-01 
3.07483E-01 
3.07483E-01 
3.07483E-01 
3.07483E-01 
3.07483E-01 
3.07483E-01 
3.07483E-01 
3.07483E-01 
3.07483E-01 
3.07483E-01 
3.07483E-01 
3.07483E-01 
3.07483E-01 
3.07483E-01 
3.07483E-01 
3.07483E-01 
3.07483E-01 
3.57775E-01 
3.57775E-01 
3.57775E-01 
3.57775E-01 
3.57775E-01 
3.57775E-01 
3.57775E-01 
3.57775E-01 
3.57775E-01 
3.57775E-01 
3.57775E-01 
3.57775E-01 
3.57775E-01 
3.57775E-01 
3.57775E-01 
3.57775E-01 
3.57775E-01 
3.57775E-01 
3.57775E-01 
3.57775E-01 
3.57775E-01 
3.57775E-01 
3.57775E-01 
3.57775E-01 
3.57775E-01 
3.57775E-01 
4.13150E-01 
4.13150E-01 
4.13150E-01 
4.13150E-01 
4.13150E-01 
4.13150E-01 
4.13150E-01 
4.13150E-01 
4.13150E-01 
4.13150E-01 
4.13150E-01 
4.13150E-01 
4.13150E-01 
4.13150E-01 
4.13150E-01 
4.13150E-01 
4.13150E-01 
4.13150E-01 
4.13150E-01 
4.13150E-01 
4.13150E-01 
4.13150E-01 
4.13150E-01 
4.13150E-01 
4.13150E-01 
4.13150E-01 
4.73320E-01 
4.73320E-01 
4.73320E-01 
4.73320E-01 
4.73320E-01 
4.73320E-01 
4.73320E-01 
4.73320E-01 
4.73320E-01 
4.73320E-01 
4.73320E-01 
4.73320E-01 
4.73320E-01 
4.73320E-01 
4.73320E-01 
4.73320E-01 
4.73320E-01 
4.73320E-01 
4.73320E-01 
4.73320E-01 
4.73320E-01 
4.73320E-01 
4.73320E-01 
4.73320E-01 
4.73320E-01 
4.73320E-01 
5.39318E-01 
5.39318E-01 
5.39318E-01 
5.39318E-01 
5.39318E-01 
5.39318E-01 
5.39318E-01 
5.39318E-01 
5.39318E-01 
5.39318E-01 
5.39318E-01 
5.39318E-01 
5.39318E-01 
5.39318E-01 
5.39318E-01 
5.39318E-01 
5.39318E-01 
5.39318E-01 
5.39318E-01 
5.39318E-01 
5.39318E-01 
5.39318E-01 
5.39318E-01 
5.39318E-01 
5.39318E-01 
5.39318E-01 
6.10991E-01 
6.10991E-01 
6.10991E-01 
6.10991E-01 
6.10991E-01 
6.10991E-01 
6.10991E-01 
6.10991E-01 
6.10991E-01 
6.10991E-01 
6.10991E-01 
6.10991E-01 
6.10991E-01 
6.10991E-01 
6.10991E-01 
6.10991E-01 
6.10991E-01 
6.10991E-01 
6.10991E-01 
6.10991E-01 
6.10991E-01 
6.10991E-01 
6.10991E-01 
6.10991E-01 
6.10991E-01 
6.10991E-01 
6.88605E-01 
6.88605E-01 
6.88605E-01 
6.88605E-01 
6.88605E-01 
6.88605E-01 
6.88605E-01 
6.88605E-01 
6.88605E-01 
6.88605E-01 
6.88605E-01 
6.88605E-01 
6.88605E-01 
6.88605E-01 
6.88605E-01 
6.88605E-01 
6.88605E-01 
6.88605E-01 
6.88605E-01 
6.88605E-01 
6.88605E-01 
6.88605E-01 
6.88605E-01 
6.88605E-01 
6.88605E-01 
6.88605E-01 
7.72404E-01 
7.72404E-01 
7.72404E-01 
7.72404E-01 
7.72404E-01 
7.72404E-01 
7.72404E-01 
7.72404E-01 
7.72404E-01 
7.72404E-01 
7.72404E-01 
7.72404E-01 
7.72404E-01 
7.72404E-01 
7.72404E-01 
7.72404E-01 
7.72404E-01 
7.72404E-01 
7.72404E-01 
7.72404E-01 
7.72404E-01 
7.72404E-01 
7.72404E-01 
7.72404E-01 
7.72404E-01 
7.72404E-01 
8.62658E-01 
8.62658E-01 
8.62658E-01 
8.62658E-01 
8.62658E-01 
8.62658E-01 
8.62658E-01 
8.62658E-01 
8.62658E-01 
8.62658E-01 
8.62658E-01 
8.62658E-01 
8.62658E-01 
8.62658E-01 
8.62658E-01 
8.62658E-01 
8.62658E-01 
8.62658E-01 
8.62658E-01 
8.62658E-01 
8.62658E-01 
8.62658E-01 
8.62658E-01 
8.62658E-01 
8.62658E-01 
8.62658E-01 
9.59572E-01 
9.59572E-01 
9.59572E-01 
9.59572E-01 
9.59572E-01 
9.59572E-01 
9.59572E-01 
9.59572E-01 
9.59572E-01 
9.59572E-01 
9.59572E-01 
9.59572E-01 
9.59572E-01 
9.59572E-01 
9.59572E-01 
9.59572E-01 
9.59572E-01 
9.59572E-01 
9.59572E-01 
9.59572E-01 
9.59572E-01 
9.59572E-01 
9.59572E-01 
9.59572E-01 
9.59572E-01 
9.59572E-01 
1.06373E+00 
1.06373E+00 
1.06373E+00 
1.06373E+00 
1.06373E+00 
1.06373E+00 
1.06373E+00 
1.06373E+00 
1.06373E+00 
1.06373E+00 
1.06373E+00 
1.06373E+00 
1.06373E+00 
1.06373E+00 
1.06373E+00 
1.06373E+00 
1.06373E+00 
1.06373E+00 
1.06373E+00 
1.06373E+00 
1.06373E+00 
1.06373E+00 
1.06373E+00 
1.06373E+00 
1.06373E+00 
1.06373E+00 
1.17472E+00 
1.17472E+00 
1.17472E+00 
1.17472E+00 
1.17472E+00 
1.17472E+00 
1.17472E+00 
1.17472E+00 
1.17472E+00 
1.17472E+00 
1.17472E+00 
1.17472E+00 
1.17472E+00 
1.17472E+00 
1.17472E+00 
1.17472E+00 
1.17472E+00 
1.17472E+00 
1.17472E+00 
1.17472E+00 
1.17472E+00 
1.17472E+00 
1.17472E+00 
1.17472E+00 
1.17472E+00 
1.17472E+00 
1.29323E+00 
1.29323E+00 
1.29323E+00 
1.29323E+00 
1.29323E+00 
1.29323E+00 
1.29323E+00 
1.29323E+00 
1.29323E+00 
1.29323E+00 
1.29323E+00 
1.29323E+00 
1.29323E+00 
1.29323E+00 
1.29323E+00 
1.29323E+00 
1.29323E+00 
1.29323E+00 
1.29323E+00 
1.29323E+00 
1.29323E+00 
1.29323E+00 
1.29323E+00 
1.29323E+00 
1.29323E+00 
1.29323E+00 
1.41947E+00 
1.41947E+00 
1.41947E+00 
1.41947E+00 
1.41947E+00 
1.41947E+00 
1.41947E+00 
1.41947E+00 
1.41947E+00 
1.41947E+00 
1.41947E+00 
1.41947E+00 
1.41947E+00 
1.41947E+00 
1.41947E+00 
1.41947E+00 
1.41947E+00 
1.41947E+00 
1.41947E+00 
1.41947E+00 
1.41947E+00 
1.41947E+00 
1.41947E+00 
1.41947E+00 
1.41947E+00 
1.41947E+00 
1.55370E+00 
1.55370E+00 
1.55370E+00 
1.55370E+00 
1.55370E+00 
1.55370E+00 
1.55370E+00 
1.55370E+00 
1.55370E+00 
1.55370E+00 
1.55370E+00 
1.55370E+00 
1.55370E+00 
1.55370E+00 
1.55370E+00 
1.55370E+00 
1.55370E+00 
1.55370E+00 
1.55370E+00 
1.55370E+00 
1.55370E+00 
1.55370E+00 
1.55370E+00 
1.55370E+00 
1.55370E+00 
1.55370E+00 
1.69615E+00 
1.69615E+00 
1.69615E+00 
1.69615E+00 
1.69615E+00 
1.69615E+00 
1.69615E+00 
1.69615E+00 
1.69615E+00 
1.69615E+00 
1.69615E+00 
1.69615E+00 
1.69615E+00 
1.69615E+00 
1.69615E+00 
1.69615E+00 
1.69615E+00 
1.69615E+00 
1.69615E+00 
1.69615E+00 
1.69615E+00 
1.69615E+00 
1.69615E+00 
1.69615E+00 
1.69615E+00 
1.69615E+00 
1.84707E+00 
1.84707E+00 
1.84707E+00 
1.84707E+00 
1.84707E+00 
1.84707E+00 
1.84707E+00 
1.84707E+00 
1.84707E+00 
1.84707E+00 
1.84707E+00 
1.84707E+00 
1.84707E+00 
1.84707E+00 
1.84707E+00 
1.84707E+00 
1.84707E+00 
1.84707E+00 
1.84707E+00 
1.84707E+00 
1.84707E+00 
1.84707E+00 
1.84707E+00 
1.84707E+00 
1.84707E+00 
1.84707E+00 
2.00675E+00 
2.00675E+00 
2.00675E+00 
2.00675E+00 
2.00675E+00 
2.00675E+00 
2.00675E+00 
2.00675E+00 
2.00675E+00 
2.00675E+00 
2.00675E+00 
2.00675E+00 
2.00675E+00 
2.00675E+00 
2.00675E+00 
2.00675E+00 
2.00675E+00 
2.00675E+00 
2.00675E+00 
2.00675E+00 
2.00675E+00 
2.00675E+00 
2.00675E+00 
2.00675E+00 
2.00675E+00 
2.00675E+00 
2.17532E+00 
2.17532E+00 
2.17532E+00 
2.17532E+00 
2.17532E+00 
2.17532E+00 
2.17532E+00 
2.17532E+00 
2.17532E+00 
2.17532E+00 
2.17532E+00 
2.17532E+00 
2.17532E+00 
2.17532E+00 
2.17532E+00 
2.17532E+00 
2.17532E+00 
2.17532E+00 
2.17532E+00 
2.17532E+00 
2.17532E+00 
2.17532E+00 
2.17532E+00 
2.17532E+00 
2.17532E+00 
2.17532E+00 
---
