PdfType: replica
Format: lhagrid1
---
1.00000E-06 1.28121E-06 1.64152E-06 2.10317E-06 2.69463E-06 3.45242E-06 4.42329E-06 5.66715E-06 7.26076E-06 9.30241E-06 1.19180E-05 1.52689E-05 1.95617E-05 2.50609E-05 3.21053E-05 4.11287E-05 5.26863E-05 6.74889E-05 8.64459E-05 1.10720E-04 1.41800E-04 1.81585E-04 2.32503E-04 2.97652E-04 3.80981E-04 4.87518E-04 6.26039E-04 8.00452E-04 1.02297E-03 1.30657E-03 1.66759E-03 2.12729E-03 2.71054E-03 3.44865E-03 4.37927E-03 5.54908E-03 7.01192E-03 8.83064E-03 1.10763E-02 1.38266E-02 1.71641E-02 2.11717E-02 2.59364E-02 3.15062E-02 3.79623E-02 4.53425E-02 5.36750E-02 6.29705E-02 7.32221E-02 8.44039E-02 9.64793E-02 1.09332E-01 1.23067E-01 1.37507E-01 1.52639E-01 1.68416E-01 1.84794E-01 2.01731E-01 2.19016E-01 2.36948E-01 2.55242E-01 2.73927E-01 2.92954E-01 3.12340E-01 3.32036E-01 3.52019E-01 3.72282E-01 3.92772E-01 4.13533E-01 4.34326E-01 4.55495E-01 4.76836E-01 4.98342E-01 5.20006E-01 5.41818E-01 5.63773E-01 5.85861E-01 6.08077E-01 6.30459E-01 6.52800E-01 6.75387E-01 6.98063E-01 7.20830E-01 7.43683E-01 7.66623E-01 7.89636E-01 8.12791E-01 8.35940E-01 8.59175E-01 8.82485E-01 9.05866E-01 9.29311E-01 9.52817E-01 9.76387E-01 1.00000E+00 
1.14018E+00 1.22539E+00 1.32482E+00 1.44156E+00 1.57954E+00 1.74381E+00 1.94091E+00 2.12132E+00 2.17945E+00 2.49622E+00 2.89383E+00 3.39925E+00 4.05063E+00 4.90286E+00 6.03623E+00 7.57063E+00 9.68869E+00 1.26749E+01 1.69835E+01 2.33578E+01 3.30501E+01 4.82334E+01 7.28041E+01 1.13998E+02 1.85779E+02 3.16228E+02 
908
-6.21533E-13 
-6.21533E-13 
-6.21533E-13 
-6.21533E-13 
-6.21533E-13 
-6.21533E-13 
-6.21533E-13 
-6.21533E-13 
-6.21533E-13 
-6.21533E-13 
-6.21533E-13 
-6.21533E-13 
-6.21533E-13 
-6.21533E-13 
-6.21533E-13 
-6.21533E-13 
-6.21533E-13 
-6.21533E-13 
-6.21533E-13 
-6.21533E-13 
-6.21533E-13 
-6.21533E-13 
-6.21533E-13 
-6.21533E-13 
-6.21533E-13 
-6.21533E-13 
-1.03494E-12 
-1.03494E-12 
-1.03494E-12 
-1.03494E-12 
-1.03494E-12 
-1.03494E-12 
-1.03494E-12 
-1.03494E-12 
-1.03494E-12 
-1.03494E-12 
-1.03494E-12 
-1.03494E-12 
-1.03494E-12 
-1.03494E-12 
-1.03494E-12 
-1.03494E-12 
-1.03494E-12 
-1.03494E-12 
-1.03494E-12 
-1.03494E-12 
-1.03494E-12 
-1.03494E-12 
-1.03494E-12 
-1.03494E-12 
-1.03494E-12 
-1.03494E-12 
-1.72336E-12 
-1.72336E-12 
-1.72336E-12 
-1.72336E-12 
-1.72336E-12 
-1.72336E-12 
-1.72336E-12 
-1.72336E-12 
-1.72336E-12 
-1.72336E-12 
-1.72336E-12 
-1.72336E-12 
-1.72336E-12 
-1.72336E-12 
-1.72336E-12 
-1.72336E-12 
-1.72336E-12 
-1.72336E-12 
-1.72336E-12 
-1.72336E-12 
-1.72336E-12 
-1.72336E-12 
-1.72336E-12 
-1.72336E-12 
-1.72336E-12 
-1.72336E-12 
-2.86975E-12 
-2.86975E-12 
-2.86975E-12 
-2.86975E-12 
-2.86975E-12 
-2.86975E-12 
-2.86975E-12 
-2.86975E-12 
-2.86975E-12 
-2.86975E-12 
-2.86975E-12 
-2.86975E-12 
-2.86975E-12 
-2.86975E-12 
-2.86975E-12 
-2.86975E-12 
-2.86975E-12 
-2.86975E-12 
-2.86975E-12 
-2.86975E-12 
-2.86975E-12 
-2.86975E-12 
-2.86975E-12 
-2.86975E-12 
-2.86975E-12 
-2.86975E-12 
-4.77863E-12 
-4.77863E-12 
-4.77863E-12 
-4.77863E-12 
-4.77863E-12 
-4.77863E-12 
-4.77863E-12 
-4.77863E-12 
-4.77863E-12 
-4.77863E-12 
-4.77863E-12 
-4.77863E-12 
-4.77863E-12 
-4.77863E-12 
-4.77863E-12 
-4.77863E-12 
-4.77863E-12 
-4.77863E-12 
-4.77863E-12 
-4.77863E-12 
-4.77863E-12 
-4.77863E-12 
-4.77863E-12 
-4.77863E-12 
-4.77863E-12 
-4.77863E-12 
-7.95724E-12 
-7.95724E-12 
-7.95724E-12 
-7.95724E-12 
-7.95724E-12 
-7.95724E-12 
-7.95724E-12 
-7.95724E-12 
-7.95724E-12 
-7.95724E-12 
-7.95724E-12 
-7.95724E-12 
-7.95724E-12 
-7.95724E-12 
-7.95724E-12 
-7.95724E-12 
-7.95724E-12 
-7.95724E-12 
-7.95724E-12 
-7.95724E-12 
-7.95724E-12 
-7.95724E-12 
-7.95724E-12 
-7.95724E-12 
-7.95724E-12 
-7.95724E-12 
-1.32500E-11 
-1.32500E-11 
-1.32500E-11 
-1.32500E-11 
-1.32500E-11 
-1.32500E-11 
-1.32500E-11 
-1.32500E-11 
-1.32500E-11 
-1.32500E-11 
-1.32500E-11 
-1.32500E-11 
-1.32500E-11 
-1.32500E-11 
-1.32500E-11 
-1.32500E-11 
-1.32500E-11 
-1.32500E-11 
-1.32500E-11 
-1.32500E-11 
-1.32500E-11 
-1.32500E-11 
-1.32500E-11 
-1.32500E-11 
-1.32500E-11 
-1.32500E-11 
-2.20629E-11 
-2.20629E-11 
-2.20629E-11 
-2.20629E-11 
-2.20629E-11 
-2.20629E-11 
-2.20629E-11 
-2.20629E-11 
-2.20629E-11 
-2.20629E-11 
-2.20629E-11 
-2.20629E-11 
-2.20629E-11 
-2.20629E-11 
-2.20629E-11 
-2.20629E-11 
-2.20629E-11 
-2.20629E-11 
-2.20629E-11 
-2.20629E-11 
-2.20629E-11 
-2.20629E-11 
-2.20629E-11 
-2.20629E-11 
-2.20629E-11 
-2.20629E-11 
-3.67372E-11 
-3.67372E-11 
-3.67372E-11 
-3.67372E-11 
-3.67372E-11 
-3.67372E-11 
-3.67372E-11 
-3.67372E-11 
-3.67372E-11 
-3.67372E-11 
-3.67372E-11 
-3.67372E-11 
-3.67372E-11 
-3.67372E-11 
-3.67372E-11 
-3.67372E-11 
-3.67372E-11 
-3.67372E-11 
-3.67372E-11 
-3.67372E-11 
-3.67372E-11 
-3.67372E-11 
-3.67372E-11 
-3.67372E-11 
-3.67372E-11 
-3.67372E-11 
-6.11703E-11 
-6.11703E-11 
-6.11703E-11 
-6.11703E-11 
-6.11703E-11 
-6.11703E-11 
-6.11703E-11 
-6.11703E-11 
-6.11703E-11 
-6.11703E-11 
-6.11703E-11 
-6.11703E-11 
-6.11703E-11 
-6.11703E-11 
-6.11703E-11 
-6.11703E-11 
-6.11703E-11 
-6.11703E-11 
-6.11703E-11 
-6.11703E-11 
-6.11703E-11 
-6.11703E-11 
-6.11703E-11 
-6.11703E-11 
-6.11703E-11 
-6.11703E-11 
-1.01850E-10 
-1.01850E-10 
-1.01850E-10 
-1.01850E-10 
-1.01850E-10 
-1.01850E-10 
-1.01850E-10 
-1.01850E-10 
-1.01850E-10 
-1.01850E-10 
-1.01850E-10 
-1.01850E-10 
-1.01850E-10 
-1.01850E-10 
-1.01850E-10 
-1.01850E-10 
-1.01850E-10 
-1.01850E-10 
-1.01850E-10 
-1.01850E-10 
-1.01850E-10 
-1.01850E-10 
-1.01850E-10 
-1.01850E-10 
-1.01850E-10 
-1.01850E-10 
-1.69581E-10 
-1.69581E-10 
-1.69581E-10 
-1.69581E-10 
-1.69581E-10 
-1.69581E-10 
-1.69581E-10 
-1.69581E-10 
-1.69581E-10 
-1.69581E-10 
-1.69581E-10 
-1.69581E-10 
-1.69581E-10 
-1.69581E-10 
-1.69581E-10 
-1.69581E-10 
-1.69581E-10 
-1.69581E-10 
-1.69581E-10 
-1.69581E-10 
-1.69581E-10 
-1.69581E-10 
-1.69581E-10 
-1.69581E-10 
-1.69581E-10 
-1.69581E-10 
-2.82344E-10 
-2.82344E-10 
-2.82344E-10 
-2.82344E-10 
-2.82344E-10 
-2.82344E-10 
-2.82344E-10 
-2.82344E-10 
-2.82344E-10 
-2.82344E-10 
-2.82344E-10 
-2.82344E-10 
-2.82344E-10 
-2.82344E-10 
-2.82344E-10 
-2.82344E-10 
-2.82344E-10 
-2.82344E-10 
-2.82344E-10 
-2.82344E-10 
-2.82344E-10 
-2.82344E-10 
-2.82344E-10 
-2.82344E-10 
-2.82344E-10 
-2.82344E-10 
-4.70069E-10 
-4.70069E-10 
-4.70069E-10 
-4.70069E-10 
-4.70069E-10 
-4.70069E-10 
-4.70069E-10 
-4.70069E-10 
-4.70069E-10 
-4.70069E-10 
-4.70069E-10 
-4.70069E-10 
-4.70069E-10 
-4.70069E-10 
-4.70069E-10 
-4.70069E-10 
-4.70069E-10 
-4.70069E-10 
-4.70069E-10 
-4.70069E-10 
-4.70069E-10 
-4.70069E-10 
-4.70069E-10 
-4.70069E-10 
-4.70069E-10 
-4.70069E-10 
-7.82567E-10 
-7.82567E-10 
-7.82567E-10 
-7.82567E-10 
-7.82567E-10 
-7.82567E-10 
-7.82567E-10 
-7.82567E-10 
-7.82567E-10 
-7.82567E-10 
-7.82567E-10 
-7.82567E-10 
-7.82567E-10 
-7.82567E-10 
-7.82567E-10 
-7.82567E-10 
-7.82567E-10 
-7.82567E-10 
-7.82567E-10 
-7.82567E-10 
-7.82567E-10 
-7.82567E-10 
-7.82567E-10 
-7.82567E-10 
-7.82567E-10 
-7.82567E-10 
-1.30273E-09 
-1.30273E-09 
-1.30273E-09 
-1.30273E-09 
-1.30273E-09 
-1.30273E-09 
-1.30273E-09 
-1.30273E-09 
-1.30273E-09 
-1.30273E-09 
-1.30273E-09 
-1.30273E-09 
-1.30273E-09 
-1.30273E-09 
-1.30273E-09 
-1.30273E-09 
-1.30273E-09 
-1.30273E-09 
-1.30273E-09 
-1.30273E-09 
-1.30273E-09 
-1.30273E-09 
-1.30273E-09 
-1.30273E-09 
-1.30273E-09 
-1.30273E-09 
-2.16846E-09 
-2.16846E-09 
-2.16846E-09 
-2.16846E-09 
-2.16846E-09 
-2.16846E-09 
-2.16846E-09 
-2.16846E-09 
-2.16846E-09 
-2.16846E-09 
-2.16846E-09 
-2.16846E-09 
-2.16846E-09 
-2.16846E-09 
-2.16846E-09 
-2.16846E-09 
-2.16846E-09 
-2.16846E-09 
-2.16846E-09 
-2.16846E-09 
-2.16846E-09 
-2.16846E-09 
-2.16846E-09 
-2.16846E-09 
-2.16846E-09 
-2.16846E-09 
-3.60919E-09 
-3.60919E-09 
-3.60919E-09 
-3.60919E-09 
-3.60919E-09 
-3.60919E-09 
-3.60919E-09 
-3.60919E-09 
-3.60919E-09 
-3.60919E-09 
-3.60919E-09 
-3.60919E-09 
-3.60919E-09 
-3.60919E-09 
-3.60919E-09 
-3.60919E-09 
-3.60919E-09 
-3.60919E-09 
-3.60919E-09 
-3.60919E-09 
-3.60919E-09 
-3.60919E-09 
-3.60919E-09 
-3.60919E-09 
-3.60919E-09 
-3.60919E-09 
-6.00640E-09 
-6.00640E-09 
-6.00640E-09 
-6.00640E-09 
-6.00640E-09 
-6.00640E-09 
-6.00640E-09 
-6.00640E-09 
-6.00640E-09 
-6.00640E-09 
-6.00640E-09 
-6.00640E-09 
-6.00640E-09 
-6.00640E-09 
-6.00640E-09 
-6.00640E-09 
-6.00640E-09 
-6.00640E-09 
-6.00640E-09 
-6.00640E-09 
-6.00640E-09 
-6.00640E-09 
-6.00640E-09 
-6.00640E-09 
-6.00640E-09 
-6.00640E-09 
-9.99427E-09 
-9.99427E-09 
-9.99427E-09 
-9.99427E-09 
-9.99427E-09 
-9.99427E-09 
-9.99427E-09 
-9.99427E-09 
-9.99427E-09 
-9.99427E-09 
-9.99427E-09 
-9.99427E-09 
-9.99427E-09 
-9.99427E-09 
-9.99427E-09 
-9.99427E-09 
-9.99427E-09 
-9.99427E-09 
-9.99427E-09 
-9.99427E-09 
-9.99427E-09 
-9.99427E-09 
-9.99427E-09 
-9.99427E-09 
-9.99427E-09 
-9.99427E-09 
-1.66270E-08 
-1.66270E-08 
-1.66270E-08 
-1.66270E-08 
-1.66270E-08 
-1.66270E-08 
-1.66270E-08 
-1.66270E-08 
-1.66270E-08 
-1.66270E-08 
-1.66270E-08 
-1.66270E-08 
-1.66270E-08 
-1.66270E-08 
-1.66270E-08 
-1.66270E-08 
-1.66270E-08 
-1.66270E-08 
-1.66270E-08 
-1.66270E-08 
-1.66270E-08 
-1.66270E-08 
-1.66270E-08 
-1.66270E-08 
-1.66270E-08 
-1.66270E-08 
-2.76548E-08 
-2.76548E-08 
-2.76548E-08 
-2.76548E-08 
-2.76548E-08 
-2.76548E-08 
-2.76548E-08 
-2.76548E-08 
-2.76548E-08 
-2.76548E-08 
-2.76548E-08 
-2.76548E-08 
-2.76548E-08 
-2.76548E-08 
-2.76548E-08 
-2.76548E-08 
-2.76548E-08 
-2.76548E-08 
-2.76548E-08 
-2.76548E-08 
-2.76548E-08 
-2.76548E-08 
-2.76548E-08 
-2.76548E-08 
-2.76548E-08 
-2.76548E-08 
-4.59834E-08 
-4.59834E-08 
-4.59834E-08 
-4.59834E-08 
-4.59834E-08 
-4.59834E-08 
-4.59834E-08 
-4.59834E-08 
-4.59834E-08 
-4.59834E-08 
-4.59834E-08 
-4.59834E-08 
-4.59834E-08 
-4.59834E-08 
-4.59834E-08 
-4.59834E-08 
-4.59834E-08 
-4.59834E-08 
-4.59834E-08 
-4.59834E-08 
-4.59834E-08 
-4.59834E-08 
-4.59834E-08 
-4.59834E-08 
-4.59834E-08 
-4.59834E-08 
-7.64316E-08 
-7.64316E-08 
-7.64316E-08 
-7.64316E-08 
-7.64316E-08 
-7.64316E-08 
-7.64316E-08 
-7.64316E-08 
-7.64316E-08 
-7.64316E-08 
-7.64316E-08 
-7.64316E-08 
-7.64316E-08 
-7.64316E-08 
-7.64316E-08 
-7.64316E-08 
-7.64316E-08 
-7.64316E-08 
-7.64316E-08 
-7.64316E-08 
-7.64316E-08 
-7.64316E-08 
-7.64316E-08 
-7.64316E-08 
-7.64316E-08 
-7.64316E-08 
-1.26983E-07 
-1.26983E-07 
-1.26983E-07 
-1.26983E-07 
-1.26983E-07 
-1.26983E-07 
-1.26983E-07 
-1.26983E-07 
-1.26983E-07 
-1.26983E-07 
-1.26983E-07 
-1.26983E-07 
-1.26983E-07 
-1.26983E-07 
-1.26983E-07 
-1.26983E-07 
-1.26983E-07 
-1.26983E-07 
-1.26983E-07 
-1.26983E-07 
-1.26983E-07 
-1.26983E-07 
-1.26983E-07 
-1.26983E-07 
-1.26983E-07 
-1.26983E-07 
-2.10848E-07 
-2.10848E-07 
-2.10848E-07 
-2.10848E-07 
-2.10848E-07 
-2.10848E-07 
-2.10848E-07 
-2.10848E-07 
-2.10848E-07 
-2.10848E-07 
-2.10848E-07 
-2.10848E-07 
-2.10848E-07 
-2.10848E-07 
-2.10848E-07 
-2.10848E-07 
-2.10848E-07 
-2.10848E-07 
-2.10848E-07 
-2.10848E-07 
-2.10848E-07 
-2.10848E-07 
-2.10848E-07 
-2.10848E-07 
-2.10848E-07 
-2.10848E-07 
-3.52607E-07 
-3.52607E-07 
-3.52607E-07 
-3.52607E-07 
-3.52607E-07 
-3.52607E-07 
-3.52607E-07 
-3.52607E-07 
-3.52607E-07 
-3.52607E-07 
-3.52607E-07 
-3.52607E-07 
-3.52607E-07 
-3.52607E-07 
-3.52607E-07 
-3.52607E-07 
-3.52607E-07 
-3.52607E-07 
-3.52607E-07 
-3.52607E-07 
-3.52607E-07 
-3.52607E-07 
-3.52607E-07 
-3.52607E-07 
-3.52607E-07 
-3.52607E-07 
-5.84392E-07 
-5.84392E-07 
-5.84392E-07 
-5.84392E-07 
-5.84392E-07 
-5.84392E-07 
-5.84392E-07 
-5.84392E-07 
-5.84392E-07 
-5.84392E-07 
-5.84392E-07 
-5.84392E-07 
-5.84392E-07 
-5.84392E-07 
-5.84392E-07 
-5.84392E-07 
-5.84392E-07 
-5.84392E-07 
-5.84392E-07 
-5.84392E-07 
-5.84392E-07 
-5.84392E-07 
-5.84392E-07 
-5.84392E-07 
-5.84392E-07 
-5.84392E-07 
-9.67464E-07 
-9.67464E-07 
-9.67464E-07 
-9.67464E-07 
-9.67464E-07 
-9.67464E-07 
-9.67464E-07 
-9.67464E-07 
-9.67464E-07 
-9.67464E-07 
-9.67464E-07 
-9.67464E-07 
-9.67464E-07 
-9.67464E-07 
-9.67464E-07 
-9.67464E-07 
-9.67464E-07 
-9.67464E-07 
-9.67464E-07 
-9.67464E-07 
-9.67464E-07 
-9.67464E-07 
-9.67464E-07 
-9.67464E-07 
-9.67464E-07 
-9.67464E-07 
-1.59941E-06 
-1.59941E-06 
-1.59941E-06 
-1.59941E-06 
-1.59941E-06 
-1.59941E-06 
-1.59941E-06 
-1.59941E-06 
-1.59941E-06 
-1.59941E-06 
-1.59941E-06 
-1.59941E-06 
-1.59941E-06 
-1.59941E-06 
-1.59941E-06 
-1.59941E-06 
-1.59941E-06 
-1.59941E-06 
-1.59941E-06 
-1.59941E-06 
-1.59941E-06 
-1.59941E-06 
-1.59941E-06 
-1.59941E-06 
-1.59941E-06 
-1.59941E-06 
-2.63964E-06 
-2.63964E-06 
-2.63964E-06 
-2.63964E-06 
-2.63964E-06 
-2.63964E-06 
-2.63964E-06 
-2.63964E-06 
-2.63964E-06 
-2.63964E-06 
-2.63964E-06 
-2.63964E-06 
-2.63964E-06 
-2.63964E-06 
-2.63964E-06 
-2.63964E-06 
-2.63964E-06 
-2.63964E-06 
-2.63964E-06 
-2.63964E-06 
-2.63964E-06 
-2.63964E-06 
-2.63964E-06 
-2.63964E-06 
-2.63964E-06 
-2.63964E-06 
-4.35069E-06 
-4.35069E-06 
-4.35069E-06 
-4.35069E-06 
-4.35069E-06 
-4.35069E-06 
-4.35069E-06 
-4.35069E-06 
-4.35069E-06 
-4.35069E-06 
-4.35069E-06 
-4.35069E-06 
-4.35069E-06 
-4.35069E-06 
-4.35069E-06 
-4.35069E-06 
-4.35069E-06 
-4.35069E-06 
-4.35069E-06 
-4.35069E-06 
-4.35069E-06 
-4.35069E-06 
-4.35069E-06 
-4.35069E-06 
-4.35069E-06 
-4.35069E-06 
-7.15110E-06 
-7.15110E-06 
-7.15110E-06 
-7.15110E-06 
-7.15110E-06 
-7.15110E-06 
-7.15110E-06 
-7.15110E-06 
-7.15110E-06 
-7.15110E-06 
-7.15110E-06 
-7.15110E-06 
-7.15110E-06 
-7.15110E-06 
-7.15110E-06 
-7.15110E-06 
-7.15110E-06 
-7.15110E-06 
-7.15110E-06 
-7.15110E-06 
-7.15110E-06 
-7.15110E-06 
-7.15110E-06 
-7.15110E-06 
-7.15110E-06 
-7.15110E-06 
-1.17135E-05 
-1.17135E-05 
-1.17135E-05 
-1.17135E-05 
-1.17135E-05 
-1.17135E-05 
-1.17135E-05 
-1.17135E-05 
-1.17135E-05 
-1.17135E-05 
-1.17135E-05 
-1.17135E-05 
-1.17135E-05 
-1.17135E-05 
-1.17135E-05 
-1.17135E-05 
-1.17135E-05 
-1.17135E-05 
-1.17135E-05 
-1.17135E-05 
-1.17135E-05 
-1.17135E-05 
-1.17135E-05 
-1.17135E-05 
-1.17135E-05 
-1.17135E-05 
-1.90999E-05 
-1.90999E-05 
-1.90999E-05 
-1.90999E-05 
-1.90999E-05 
-1.90999E-05 
-1.90999E-05 
-1.90999E-05 
-1.90999E-05 
-1.90999E-05 
-1.90999E-05 
-1.90999E-05 
-1.90999E-05 
-1.90999E-05 
-1.90999E-05 
-1.90999E-05 
-1.90999E-05 
-1.90999E-05 
-1.90999E-05 
-1.90999E-05 
-1.90999E-05 
-1.90999E-05 
-1.90999E-05 
-1.90999E-05 
-1.90999E-05 
-1.90999E-05 
-3.09853E-05 
-3.09853E-05 
-3.09853E-05 
-3.09853E-05 
-3.09853E-05 
-3.09853E-05 
-3.09853E-05 
-3.09853E-05 
-3.09853E-05 
-3.09853E-05 
-3.09853E-05 
-3.09853E-05 
-3.09853E-05 
-3.09853E-05 
-3.09853E-05 
-3.09853E-05 
-3.09853E-05 
-3.09853E-05 
-3.09853E-05 
-3.09853E-05 
-3.09853E-05 
-3.09853E-05 
-3.09853E-05 
-3.09853E-05 
-3.09853E-05 
-3.09853E-05 
-4.99384E-05 
-4.99384E-05 
-4.99384E-05 
-4.99384E-05 
-4.99384E-05 
-4.99384E-05 
-4.99384E-05 
-4.99384E-05 
-4.99384E-05 
-4.99384E-05 
-4.99384E-05 
-4.99384E-05 
-4.99384E-05 
-4.99384E-05 
-4.99384E-05 
-4.99384E-05 
-4.99384E-05 
-4.99384E-05 
-4.99384E-05 
-4.99384E-05 
-4.99384E-05 
-4.99384E-05 
-4.99384E-05 
-4.99384E-05 
-4.99384E-05 
-4.99384E-05 
-7.98465E-05 
-7.98465E-05 
-7.98465E-05 
-7.98465E-05 
-7.98465E-05 
-7.98465E-05 
-7.98465E-05 
-7.98465E-05 
-7.98465E-05 
-7.98465E-05 
-7.98465E-05 
-7.98465E-05 
-7.98465E-05 
-7.98465E-05 
-7.98465E-05 
-7.98465E-05 
-7.98465E-05 
-7.98465E-05 
-7.98465E-05 
-7.98465E-05 
-7.98465E-05 
-7.98465E-05 
-7.98465E-05 
-7.98465E-05 
-7.98465E-05 
-7.98465E-05 
-1.26451E-04 
-1.26451E-04 
-1.26451E-04 
-1.26451E-04 
-1.26451E-04 
-1.26451E-04 
-1.26451E-04 
-1.26451E-04 
-1.26451E-04 
-1.26451E-04 
-1.26451E-04 
-1.26451E-04 
-1.26451E-04 
-1.26451E-04 
-1.26451E-04 
-1.26451E-04 
-1.26451E-04 
-1.26451E-04 
-1.26451E-04 
-1.26451E-04 
-1.26451E-04 
-1.26451E-04 
-1.26451E-04 
-1.26451E-04 
-1.26451E-04 
-1.26451E-04 
-1.97990E-04 
-1.97990E-04 
-1.97990E-04 
-1.97990E-04 
-1.97990E-04 
-1.97990E-04 
-1.97990E-04 
-1.97990E-04 
-1.97990E-04 
-1.97990E-04 
-1.97990E-04 
-1.97990E-04 
-1.97990E-04 
-1.97990E-04 
-1.97990E-04 
-1.97990E-04 
-1.97990E-04 
-1.97990E-04 
-1.97990E-04 
-1.97990E-04 
-1.97990E-04 
-1.97990E-04 
-1.97990E-04 
-1.97990E-04 
-1.97990E-04 
-1.97990E-04 
-3.05926E-04 
-3.05926E-04 
-3.05926E-04 
-3.05926E-04 
-3.05926E-04 
-3.05926E-04 
-3.05926E-04 
-3.05926E-04 
-3.05926E-04 
-3.05926E-04 
-3.05926E-04 
-3.05926E-04 
-3.05926E-04 
-3.05926E-04 
-3.05926E-04 
-3.05926E-04 
-3.05926E-04 
-3.05926E-04 
-3.05926E-04 
-3.05926E-04 
-3.05926E-04 
-3.05926E-04 
-3.05926E-04 
-3.05926E-04 
-3.05926E-04 
-3.05926E-04 
-4.65561E-04 
-4.65561E-04 
-4.65561E-04 
-4.65561E-04 
-4.65561E-04 
-4.65561E-04 
-4.65561E-04 
-4.65561E-04 
-4.65561E-04 
-4.65561E-04 
-4.65561E-04 
-4.65561E-04 
-4.65561E-04 
-4.65561E-04 
-4.65561E-04 
-4.65561E-04 
-4.65561E-04 
-4.65561E-04 
-4.65561E-04 
-4.65561E-04 
-4.65561E-04 
-4.65561E-04 
-4.65561E-04 
-4.65561E-04 
-4.65561E-04 
-4.65561E-04 
-6.96862E-04 
-6.96862E-04 
-6.96862E-04 
-6.96862E-04 
-6.96862E-04 
-6.96862E-04 
-6.96862E-04 
-6.96862E-04 
-6.96862E-04 
-6.96862E-04 
-6.96862E-04 
-6.96862E-04 
-6.96862E-04 
-6.96862E-04 
-6.96862E-04 
-6.96862E-04 
-6.96862E-04 
-6.96862E-04 
-6.96862E-04 
-6.96862E-04 
-6.96862E-04 
-6.96862E-04 
-6.96862E-04 
-6.96862E-04 
-6.96862E-04 
-6.96862E-04 
-1.02236E-03 
-1.02236E-03 
-1.02236E-03 
-1.02236E-03 
-1.02236E-03 
-1.02236E-03 
-1.02236E-03 
-1.02236E-03 
-1.02236E-03 
-1.02236E-03 
-1.02236E-03 
-1.02236E-03 
-1.02236E-03 
-1.02236E-03 
-1.02236E-03 
-1.02236E-03 
-1.02236E-03 
-1.02236E-03 
-1.02236E-03 
-1.02236E-03 
-1.02236E-03 
-1.02236E-03 
-1.02236E-03 
-1.02236E-03 
-1.02236E-03 
-1.02236E-03 
-1.47048E-03 
-1.47048E-03 
-1.47048E-03 
-1.47048E-03 
-1.47048E-03 
-1.47048E-03 
-1.47048E-03 
-1.47048E-03 
-1.47048E-03 
-1.47048E-03 
-1.47048E-03 
-1.47048E-03 
-1.47048E-03 
-1.47048E-03 
-1.47048E-03 
-1.47048E-03 
-1.47048E-03 
-1.47048E-03 
-1.47048E-03 
-1.47048E-03 
-1.47048E-03 
-1.47048E-03 
-1.47048E-03 
-1.47048E-03 
-1.47048E-03 
-1.47048E-03 
-2.07023E-03 
-2.07023E-03 
-2.07023E-03 
-2.07023E-03 
-2.07023E-03 
-2.07023E-03 
-2.07023E-03 
-2.07023E-03 
-2.07023E-03 
-2.07023E-03 
-2.07023E-03 
-2.07023E-03 
-2.07023E-03 
-2.07023E-03 
-2.07023E-03 
-2.07023E-03 
-2.07023E-03 
-2.07023E-03 
-2.07023E-03 
-2.07023E-03 
-2.07023E-03 
-2.07023E-03 
-2.07023E-03 
-2.07023E-03 
-2.07023E-03 
-2.07023E-03 
-2.85082E-03 
-2.85082E-03 
-2.85082E-03 
-2.85082E-03 
-2.85082E-03 
-2.85082E-03 
-2.85082E-03 
-2.85082E-03 
-2.85082E-03 
-2.85082E-03 
-2.85082E-03 
-2.85082E-03 
-2.85082E-03 
-2.85082E-03 
-2.85082E-03 
-2.85082E-03 
-2.85082E-03 
-2.85082E-03 
-2.85082E-03 
-2.85082E-03 
-2.85082E-03 
-2.85082E-03 
-2.85082E-03 
-2.85082E-03 
-2.85082E-03 
-2.85082E-03 
-3.83829E-03 
-3.83829E-03 
-3.83829E-03 
-3.83829E-03 
-3.83829E-03 
-3.83829E-03 
-3.83829E-03 
-3.83829E-03 
-3.83829E-03 
-3.83829E-03 
-3.83829E-03 
-3.83829E-03 
-3.83829E-03 
-3.83829E-03 
-3.83829E-03 
-3.83829E-03 
-3.83829E-03 
-3.83829E-03 
-3.83829E-03 
-3.83829E-03 
-3.83829E-03 
-3.83829E-03 
-3.83829E-03 
-3.83829E-03 
-3.83829E-03 
-3.83829E-03 
-5.05196E-03 
-5.05196E-03 
-5.05196E-03 
-5.05196E-03 
-5.05196E-03 
-5.05196E-03 
-5.05196E-03 
-5.05196E-03 
-5.05196E-03 
-5.05196E-03 
-5.05196E-03 
-5.05196E-03 
-5.05196E-03 
-5.05196E-03 
-5.05196E-03 
-5.05196E-03 
-5.05196E-03 
-5.05196E-03 
-5.05196E-03 
-5.05196E-03 
-5.05196E-03 
-5.05196E-03 
-5.05196E-03 
-5.05196E-03 
-5.05196E-03 
-5.05196E-03 
-6.50035E-03 
-6.50035E-03 
-6.50035E-03 
-6.50035E-03 
-6.50035E-03 
-6.50035E-03 
-6.50035E-03 
-6.50035E-03 
-6.50035E-03 
-6.50035E-03 
-6.50035E-03 
-6.50035E-03 
-6.50035E-03 
-6.50035E-03 
-6.50035E-03 
-6.50035E-03 
-6.50035E-03 
-6.50035E-03 
-6.50035E-03 
-6.50035E-03 
-6.50035E-03 
-6.50035E-03 
-6.50035E-03 
-6.50035E-03 
-6.50035E-03 
-6.50035E-03 
-8.17855E-03 
-8.17855E-03 
-8.17855E-03 
-8.17855E-03 
-8.17855E-03 
-8.17855E-03 
-8.17855E-03 
-8.17855E-03 
-8.17855E-03 
-8.17855E-03 
-8.17855E-03 
-8.17855E-03 
-8.17855E-03 
-8.17855E-03 
-8.17855E-03 
-8.17855E-03 
-8.17855E-03 
-8.17855E-03 
-8.17855E-03 
-8.17855E-03 
-8.17855E-03 
-8.17855E-03 
-8.17855E-03 
-8.17855E-03 
-8.17855E-03 
-8.17855E-03 
-1.00548E-02 
-1.00548E-02 
-1.00548E-02 
-1.00548E-02 
-1.00548E-02 
-1.00548E-02 
-1.00548E-02 
-1.00548E-02 
-1.00548E-02 
-1.00548E-02 
-1.00548E-02 
-1.00548E-02 
-1.00548E-02 
-1.00548E-02 
-1.00548E-02 
-1.00548E-02 
-1.00548E-02 
-1.00548E-02 
-1.00548E-02 
-1.00548E-02 
-1.00548E-02 
-1.00548E-02 
-1.00548E-02 
-1.00548E-02 
-1.00548E-02 
-1.00548E-02 
-1.21127E-02 
-1.21127E-02 
-1.21127E-02 
-1.21127E-02 
-1.21127E-02 
-1.21127E-02 
-1.21127E-02 
-1.21127E-02 
-1.21127E-02 
-1.21127E-02 
-1.21127E-02 
-1.21127E-02 
-1.21127E-02 
-1.21127E-02 
-1.21127E-02 
-1.21127E-02 
-1.21127E-02 
-1.21127E-02 
-1.21127E-02 
-1.21127E-02 
-1.21127E-02 
-1.21127E-02 
-1.21127E-02 
-1.21127E-02 
-1.21127E-02 
-1.21127E-02 
-1.42754E-02 
-1.42754E-02 
-1.42754E-02 
-1.42754E-02 
-1.42754E-02 
-1.42754E-02 
-1.42754E-02 
-1.42754E-02 
-1.42754E-02 
-1.42754E-02 
-1.42754E-02 
-1.42754E-02 
-1.42754E-02 
-1.42754E-02 
-1.42754E-02 
-1.42754E-02 
-1.42754E-02 
-1.42754E-02 
-1.42754E-02 
-1.42754E-02 
-1.42754E-02 
-1.42754E-02 
-1.42754E-02 
-1.42754E-02 
-1.42754E-02 
-1.42754E-02 
-1.64706E-02 
-1.64706E-02 
-1.64706E-02 
-1.64706E-02 
-1.64706E-02 
-1.64706E-02 
-1.64706E-02 
-1.64706E-02 
-1.64706E-02 
-1.64706E-02 
-1.64706E-02 
-1.64706E-02 
-1.64706E-02 
-1.64706E-02 
-1.64706E-02 
-1.64706E-02 
-1.64706E-02 
-1.64706E-02 
-1.64706E-02 
-1.64706E-02 
-1.64706E-02 
-1.64706E-02 
-1.64706E-02 
-1.64706E-02 
-1.64706E-02 
-1.64706E-02 
-1.86007E-02 
-1.86007E-02 
-1.86007E-02 
-1.86007E-02 
-1.86007E-02 
-1.86007E-02 
-1.86007E-02 
-1.86007E-02 
-1.86007E-02 
-1.86007E-02 
-1.86007E-02 
-1.86007E-02 
-1.86007E-02 
-1.86007E-02 
-1.86007E-02 
-1.86007E-02 
-1.86007E-02 
-1.86007E-02 
-1.86007E-02 
-1.86007E-02 
-1.86007E-02 
-1.86007E-02 
-1.86007E-02 
-1.86007E-02 
-1.86007E-02 
-1.86007E-02 
-2.05483E-02 
-2.05483E-02 
-2.05483E-02 
-2.05483E-02 
-2.05483E-02 
-2.05483E-02 
-2.05483E-02 
-2.05483E-02 
-2.05483E-02 
-2.05483E-02 
-2.05483E-02 
-2.05483E-02 
-2.05483E-02 
-2.05483E-02 
-2.05483E-02 
-2.05483E-02 
-2.05483E-02 
-2.05483E-02 
-2.05483E-02 
-2.05483E-02 
-2.05483E-02 
-2.05483E-02 
-2.05483E-02 
-2.05483E-02 
-2.05483E-02 
-2.05483E-02 
-2.21763E-02 
-2.21763E-02 
-2.21763E-02 
-2.21763E-02 
-2.21763E-02 
-2.21763E-02 
-2.21763E-02 
-2.21763E-02 
-2.21763E-02 
-2.21763E-02 
-2.21763E-02 
-2.21763E-02 
-2.21763E-02 
-2.21763E-02 
-2.21763E-02 
-2.21763E-02 
-2.21763E-02 
-2.21763E-02 
-2.21763E-02 
-2.21763E-02 
-2.21763E-02 
-2.21763E-02 
-2.21763E-02 
-2.21763E-02 
-2.21763E-02 
-2.21763E-02 
-2.33201E-02 
-2.33201E-02 
-2.33201E-02 
-2.33201E-02 
-2.33201E-02 
-2.33201E-02 
-2.33201E-02 
-2.33201E-02 
-2.33201E-02 
-2.33201E-02 
-2.33201E-02 
-2.33201E-02 
-2.33201E-02 
-2.33201E-02 
-2.33201E-02 
-2.33201E-02 
-2.33201E-02 
-2.33201E-02 
-2.33201E-02 
-2.33201E-02 
-2.33201E-02 
-2.33201E-02 
-2.33201E-02 
-2.33201E-02 
-2.33201E-02 
-2.33201E-02 
-2.38287E-02 
-2.38287E-02 
-2.38287E-02 
-2.38287E-02 
-2.38287E-02 
-2.38287E-02 
-2.38287E-02 
-2.38287E-02 
-2.38287E-02 
-2.38287E-02 
-2.38287E-02 
-2.38287E-02 
-2.38287E-02 
-2.38287E-02 
-2.38287E-02 
-2.38287E-02 
-2.38287E-02 
-2.38287E-02 
-2.38287E-02 
-2.38287E-02 
-2.38287E-02 
-2.38287E-02 
-2.38287E-02 
-2.38287E-02 
-2.38287E-02 
-2.38287E-02 
-2.35003E-02 
-2.35003E-02 
-2.35003E-02 
-2.35003E-02 
-2.35003E-02 
-2.35003E-02 
-2.35003E-02 
-2.35003E-02 
-2.35003E-02 
-2.35003E-02 
-2.35003E-02 
-2.35003E-02 
-2.35003E-02 
-2.35003E-02 
-2.35003E-02 
-2.35003E-02 
-2.35003E-02 
-2.35003E-02 
-2.35003E-02 
-2.35003E-02 
-2.35003E-02 
-2.35003E-02 
-2.35003E-02 
-2.35003E-02 
-2.35003E-02 
-2.35003E-02 
-2.21351E-02 
-2.21351E-02 
-2.21351E-02 
-2.21351E-02 
-2.21351E-02 
-2.21351E-02 
-2.21351E-02 
-2.21351E-02 
-2.21351E-02 
-2.21351E-02 
-2.21351E-02 
-2.21351E-02 
-2.21351E-02 
-2.21351E-02 
-2.21351E-02 
-2.21351E-02 
-2.21351E-02 
-2.21351E-02 
-2.21351E-02 
-2.21351E-02 
-2.21351E-02 
-2.21351E-02 
-2.21351E-02 
-2.21351E-02 
-2.21351E-02 
-2.21351E-02 
-1.95197E-02 
-1.95197E-02 
-1.95197E-02 
-1.95197E-02 
-1.95197E-02 
-1.95197E-02 
-1.95197E-02 
-1.95197E-02 
-1.95197E-02 
-1.95197E-02 
-1.95197E-02 
-1.95197E-02 
-1.95197E-02 
-1.95197E-02 
-1.95197E-02 
-1.95197E-02 
-1.95197E-02 
-1.95197E-02 
-1.95197E-02 
-1.95197E-02 
-1.95197E-02 
-1.95197E-02 
-1.95197E-02 
-1.95197E-02 
-1.95197E-02 
-1.95197E-02 
-1.54174E-02 
-1.54174E-02 
-1.54174E-02 
-1.54174E-02 
-1.54174E-02 
-1.54174E-02 
-1.54174E-02 
-1.54174E-02 
-1.54174E-02 
-1.54174E-02 
-1.54174E-02 
-1.54174E-02 
-1.54174E-02 
-1.54174E-02 
-1.54174E-02 
-1.54174E-02 
-1.54174E-02 
-1.54174E-02 
-1.54174E-02 
-1.54174E-02 
-1.54174E-02 
-1.54174E-02 
-1.54174E-02 
-1.54174E-02 
-1.54174E-02 
-1.54174E-02 
-9.58807E-03 
-9.58807E-03 
-9.58807E-03 
-9.58807E-03 
-9.58807E-03 
-9.58807E-03 
-9.58807E-03 
-9.58807E-03 
-9.58807E-03 
-9.58807E-03 
-9.58807E-03 
-9.58807E-03 
-9.58807E-03 
-9.58807E-03 
-9.58807E-03 
-9.58807E-03 
-9.58807E-03 
-9.58807E-03 
-9.58807E-03 
-9.58807E-03 
-9.58807E-03 
-9.58807E-03 
-9.58807E-03 
-9.58807E-03 
-9.58807E-03 
-9.58807E-03 
-1.77782E-03 
-1.77782E-03 
-1.77782E-03 
-1.77782E-03 
-1.77782E-03 
-1.77782E-03 
-1.77782E-03 
-1.77782E-03 
-1.77782E-03 
-1.77782E-03 
-1.77782E-03 
-1.77782E-03 
-1.77782E-03 
-1.77782E-03 
-1.77782E-03 
-1.77782E-03 
-1.77782E-03 
-1.77782E-03 
-1.77782E-03 
-1.77782E-03 
-1.77782E-03 
-1.77782E-03 
-1.77782E-03 
-1.77782E-03 
-1.77782E-03 
-1.77782E-03 
8.28555E-03 
8.28555E-03 
8.28555E-03 
8.28555E-03 
8.28555E-03 
8.28555E-03 
8.28555E-03 
8.28555E-03 
8.28555E-03 
8.28555E-03 
8.28555E-03 
8.28555E-03 
8.28555E-03 
8.28555E-03 
8.28555E-03 
8.28555E-03 
8.28555E-03 
8.28555E-03 
8.28555E-03 
8.28555E-03 
8.28555E-03 
8.28555E-03 
8.28555E-03 
8.28555E-03 
8.28555E-03 
8.28555E-03 
2.08584E-02 
2.08584E-02 
2.08584E-02 
2.08584E-02 
2.08584E-02 
2.08584E-02 
2.08584E-02 
2.08584E-02 
2.08584E-02 
2.08584E-02 
2.08584E-02 
2.08584E-02 
2.08584E-02 
2.08584E-02 
2.08584E-02 
2.08584E-02 
2.08584E-02 
2.08584E-02 
2.08584E-02 
2.08584E-02 
2.08584E-02 
2.08584E-02 
2.08584E-02 
2.08584E-02 
2.08584E-02 
2.08584E-02 
3.62662E-02 
3.62662E-02 
3.62662E-02 
3.62662E-02 
3.62662E-02 
3.62662E-02 
3.62662E-02 
3.62662E-02 
3.62662E-02 
3.62662E-02 
3.62662E-02 
3.62662E-02 
3.62662E-02 
3.62662E-02 
3.62662E-02 
3.62662E-02 
3.62662E-02 
3.62662E-02 
3.62662E-02 
3.62662E-02 
3.62662E-02 
3.62662E-02 
3.62662E-02 
3.62662E-02 
3.62662E-02 
3.62662E-02 
5.46052E-02 
5.46052E-02 
5.46052E-02 
5.46052E-02 
5.46052E-02 
5.46052E-02 
5.46052E-02 
5.46052E-02 
5.46052E-02 
5.46052E-02 
5.46052E-02 
5.46052E-02 
5.46052E-02 
5.46052E-02 
5.46052E-02 
5.46052E-02 
5.46052E-02 
5.46052E-02 
5.46052E-02 
5.46052E-02 
5.46052E-02 
5.46052E-02 
5.46052E-02 
5.46052E-02 
5.46052E-02 
5.46052E-02 
7.64891E-02 
7.64891E-02 
7.64891E-02 
7.64891E-02 
7.64891E-02 
7.64891E-02 
7.64891E-02 
7.64891E-02 
7.64891E-02 
7.64891E-02 
7.64891E-02 
7.64891E-02 
7.64891E-02 
7.64891E-02 
7.64891E-02 
7.64891E-02 
7.64891E-02 
7.64891E-02 
7.64891E-02 
7.64891E-02 
7.64891E-02 
7.64891E-02 
7.64891E-02 
7.64891E-02 
7.64891E-02 
7.64891E-02 
1.02065E-01 
1.02065E-01 
1.02065E-01 
1.02065E-01 
1.02065E-01 
1.02065E-01 
1.02065E-01 
1.02065E-01 
1.02065E-01 
1.02065E-01 
1.02065E-01 
1.02065E-01 
1.02065E-01 
1.02065E-01 
1.02065E-01 
1.02065E-01 
1.02065E-01 
1.02065E-01 
1.02065E-01 
1.02065E-01 
1.02065E-01 
1.02065E-01 
1.02065E-01 
1.02065E-01 
1.02065E-01 
1.02065E-01 
1.31646E-01 
1.31646E-01 
1.31646E-01 
1.31646E-01 
1.31646E-01 
1.31646E-01 
1.31646E-01 
1.31646E-01 
1.31646E-01 
1.31646E-01 
1.31646E-01 
1.31646E-01 
1.31646E-01 
1.31646E-01 
1.31646E-01 
1.31646E-01 
1.31646E-01 
1.31646E-01 
1.31646E-01 
1.31646E-01 
1.31646E-01 
1.31646E-01 
1.31646E-01 
1.31646E-01 
1.31646E-01 
1.31646E-01 
1.65555E-01 
1.65555E-01 
1.65555E-01 
1.65555E-01 
1.65555E-01 
1.65555E-01 
1.65555E-01 
1.65555E-01 
1.65555E-01 
1.65555E-01 
1.65555E-01 
1.65555E-01 
1.65555E-01 
1.65555E-01 
1.65555E-01 
1.65555E-01 
1.65555E-01 
1.65555E-01 
1.65555E-01 
1.65555E-01 
1.65555E-01 
1.65555E-01 
1.65555E-01 
1.65555E-01 
1.65555E-01 
1.65555E-01 
2.04115E-01 
2.04115E-01 
2.04115E-01 
2.04115E-01 
2.04115E-01 
2.04115E-01 
2.04115E-01 
2.04115E-01 
2.04115E-01 
2.04115E-01 
2.04115E-01 
2.04115E-01 
2.04115E-01 
2.04115E-01 
2.04115E-01 
2.04115E-01 
2.04115E-01 
2.04115E-01 
2.04115E-01 
2.04115E-01 
2.04115E-01 
2.04115E-01 
2.04115E-01 
2.04115E-01 
2.04115E-01 
2.04115E-01 
2.47663E-01 
2.47663E-01 
2.47663E-01 
2.47663E-01 
2.47663E-01 
2.47663E-01 
2.47663E-01 
2.47663E-01 
2.47663E-01 
2.47663E-01 
2.47663E-01 
2.47663E-01 
2.47663E-01 
2.47663E-01 
2.47663E-01 
2.47663E-01 
2.47663E-01 
2.47663E-01 
2.47663E-01 
2.47663E-01 
2.47663E-01 
2.47663E-01 
2.47663E-01 
2.47663E-01 
2.47663E-01 
2.47663E-01 
2.96532E-01 
2.96532E-01 
2.96532E-01 
2.96532E-01 
2.96532E-01 
2.96532E-01 
2.96532E-01 
2.96532E-01 
2.96532E-01 
2.96532E-01 
2.96532E-01 
2.96532E-01 
2.96532E-01 
2.96532E-01 
2.96532E-01 
2.96532E-01 
2.96532E-01 
2.96532E-01 
2.96532E-01 
2.96532E-01 
2.96532E-01 
2.96532E-01 
2.96532E-01 
2.96532E-01 
2.96532E-01 
2.96532E-01 
3.51069E-01 
3.51069E-01 
3.51069E-01 
3.51069E-01 
3.51069E-01 
3.51069E-01 
3.51069E-01 
3.51069E-01 
3.51069E-01 
3.51069E-01 
3.51069E-01 
3.51069E-01 
3.51069E-01 
3.51069E-01 
3.51069E-01 
3.51069E-01 
3.51069E-01 
3.51069E-01 
3.51069E-01 
3.51069E-01 
3.51069E-01 
3.51069E-01 
3.51069E-01 
3.51069E-01 
3.51069E-01 
3.51069E-01 
4.11749E-01 
4.11749E-01 
4.11749E-01 
4.11749E-01 
4.11749E-01 
4.11749E-01 
4.11749E-01 
4.11749E-01 
4.11749E-01 
4.11749E-01 
4.11749E-01 
4.11749E-01 
4.11749E-01 
4.11749E-01 
4.11749E-01 
4.11749E-01 
4.11749E-01 
4.11749E-01 
4.11749E-01 
4.11749E-01 
4.11749E-01 
4.11749E-01 
4.11749E-01 
4.11749E-01 
4.11749E-01 
4.11749E-01 
4.78335E-01 
4.78335E-01 
4.78335E-01 
4.78335E-01 
4.78335E-01 
4.78335E-01 
4.78335E-01 
4.78335E-01 
4.78335E-01 
4.78335E-01 
4.78335E-01 
4.78335E-01 
4.78335E-01 
4.78335E-01 
4.78335E-01 
4.78335E-01 
4.78335E-01 
4.78335E-01 
4.78335E-01 
4.78335E-01 
4.78335E-01 
4.78335E-01 
4.78335E-01 
4.78335E-01 
4.78335E-01 
4.78335E-01 
5.52049E-01 
5.52049E-01 
5.52049E-01 
5.52049E-01 
5.52049E-01 
5.52049E-01 
5.52049E-01 
5.52049E-01 
5.52049E-01 
5.52049E-01 
5.52049E-01 
5.52049E-01 
5.52049E-01 
5.52049E-01 
5.52049E-01 
5.52049E-01 
5.52049E-01 
5.52049E-01 
5.52049E-01 
5.52049E-01 
5.52049E-01 
5.52049E-01 
5.52049E-01 
5.52049E-01 
5.52049E-01 
5.52049E-01 
6.32811E-01 
6.32811E-01 
6.32811E-01 
6.32811E-01 
6.32811E-01 
6.32811E-01 
6.32811E-01 
6.32811E-01 
6.32811E-01 
6.32811E-01 
6.32811E-01 
6.32811E-01 
6.32811E-01 
6.32811E-01 
6.32811E-01 
6.32811E-01 
6.32811E-01 
6.32811E-01 
6.32811E-01 
6.32811E-01 
6.32811E-01 
6.32811E-01 
6.32811E-01 
6.32811E-01 
6.32811E-01 
6.32811E-01 
7.21000E-01 
7.21000E-01 
7.21000E-01 
7.21000E-01 
7.21000E-01 
7.21000E-01 
7.21000E-01 
7.21000E-01 
7.21000E-01 
7.21000E-01 
7.21000E-01 
7.21000E-01 
7.21000E-01 
7.21000E-01 
7.21000E-01 
7.21000E-01 
7.21000E-01 
7.21000E-01 
7.21000E-01 
7.21000E-01 
7.21000E-01 
7.21000E-01 
7.21000E-01 
7.21000E-01 
7.21000E-01 
7.21000E-01 
8.16978E-01 
8.16978E-01 
8.16978E-01 
8.16978E-01 
8.16978E-01 
8.16978E-01 
8.16978E-01 
8.16978E-01 
8.16978E-01 
8.16978E-01 
8.16978E-01 
8.16978E-01 
8.16978E-01 
8.16978E-01 
8.16978E-01 
8.16978E-01 
8.16978E-01 
8.16978E-01 
8.16978E-01 
8.16978E-01 
8.16978E-01 
8.16978E-01 
8.16978E-01 
8.16978E-01 
8.16978E-01 
8.16978E-01 
9.21135E-01 
9.21135E-01 
9.21135E-01 
9.21135E-01 
9.21135E-01 
9.21135E-01 
9.21135E-01 
9.21135E-01 
9.21135E-01 
9.21135E-01 
9.21135E-01 
9.21135E-01 
9.21135E-01 
9.21135E-01 
9.21135E-01 
9.21135E-01 
9.21135E-01 
9.21135E-01 
9.21135E-01 
9.21135E-01 
9.21135E-01 
9.21135E-01 
9.21135E-01 
9.21135E-01 
9.21135E-01 
9.21135E-01 
1.03379E+00 
1.03379E+00 
1.03379E+00 
1.03379E+00 
1.03379E+00 
1.03379E+00 
1.03379E+00 
1.03379E+00 
1.03379E+00 
1.03379E+00 
1.03379E+00 
1.03379E+00 
1.03379E+00 
1.03379E+00 
1.03379E+00 
1.03379E+00 
1.03379E+00 
1.03379E+00 
1.03379E+00 
1.03379E+00 
1.03379E+00 
1.03379E+00 
1.03379E+00 
1.03379E+00 
1.03379E+00 
1.03379E+00 
1.15572E+00 
1.15572E+00 
1.15572E+00 
1.15572E+00 
1.15572E+00 
1.15572E+00 
1.15572E+00 
1.15572E+00 
1.15572E+00 
1.15572E+00 
1.15572E+00 
1.15572E+00 
1.15572E+00 
1.15572E+00 
1.15572E+00 
1.15572E+00 
1.15572E+00 
1.15572E+00 
1.15572E+00 
1.15572E+00 
1.15572E+00 
1.15572E+00 
1.15572E+00 
1.15572E+00 
1.15572E+00 
1.15572E+00 
1.28652E+00 
1.28652E+00 
1.28652E+00 
1.28652E+00 
1.28652E+00 
1.28652E+00 
1.28652E+00 
1.28652E+00 
1.28652E+00 
1.28652E+00 
1.28652E+00 
1.28652E+00 
1.28652E+00 
1.28652E+00 
1.28652E+00 
1.28652E+00 
1.28652E+00 
1.28652E+00 
1.28652E+00 
1.28652E+00 
1.28652E+00 
1.28652E+00 
1.28652E+00 
1.28652E+00 
1.28652E+00 
1.28652E+00 
1.42707E+00 
1.42707E+00 
1.42707E+00 
1.42707E+00 
1.42707E+00 
1.42707E+00 
1.42707E+00 
1.42707E+00 
1.42707E+00 
1.42707E+00 
1.42707E+00 
1.42707E+00 
1.42707E+00 
1.42707E+00 
1.42707E+00 
1.42707E+00 
1.42707E+00 
1.42707E+00 
1.42707E+00 
1.42707E+00 
1.42707E+00 
1.42707E+00 
1.42707E+00 
1.42707E+00 
1.42707E+00 
1.42707E+00 
1.57773E+00 
1.57773E+00 
1.57773E+00 
1.57773E+00 
1.57773E+00 
1.57773E+00 
1.57773E+00 
1.57773E+00 
1.57773E+00 
1.57773E+00 
1.57773E+00 
1.57773E+00 
1.57773E+00 
1.57773E+00 
1.57773E+00 
1.57773E+00 
1.57773E+00 
1.57773E+00 
1.57773E+00 
1.57773E+00 
1.57773E+00 
1.57773E+00 
1.57773E+00 
1.57773E+00 
1.57773E+00 
1.57773E+00 
1.73888E+00 
1.73888E+00 
1.73888E+00 
1.73888E+00 
1.73888E+00 
1.73888E+00 
1.73888E+00 
1.73888E+00 
1.73888E+00 
1.73888E+00 
1.73888E+00 
1.73888E+00 
1.73888E+00 
1.73888E+00 
1.73888E+00 
1.73888E+00 
1.73888E+00 
1.73888E+00 
1.73888E+00 
1.73888E+00 
1.73888E+00 
1.73888E+00 
1.73888E+00 
1.73888E+00 
1.73888E+00 
1.73888E+00 
1.91090E+00 
1.91090E+00 
1.91090E+00 
1.91090E+00 
1.91090E+00 
1.91090E+00 
1.91090E+00 
1.91090E+00 
1.91090E+00 
1.91090E+00 
1.91090E+00 
1.91090E+00 
1.91090E+00 
1.91090E+00 
1.91090E+00 
1.91090E+00 
1.91090E+00 
1.91090E+00 
1.91090E+00 
1.91090E+00 
1.91090E+00 
1.91090E+00 
1.91090E+00 
1.91090E+00 
1.91090E+00 
1.91090E+00 
2.09416E+00 
2.09416E+00 
2.09416E+00 
2.09416E+00 
2.09416E+00 
2.09416E+00 
2.09416E+00 
2.09416E+00 
2.09416E+00 
2.09416E+00 
2.09416E+00 
2.09416E+00 
2.09416E+00 
2.09416E+00 
2.09416E+00 
2.09416E+00 
2.09416E+00 
2.09416E+00 
2.09416E+00 
2.09416E+00 
2.09416E+00 
2.09416E+00 
2.09416E+00 
2.09416E+00 
2.09416E+00 
2.09416E+00 
2.28911E+00 
2.28911E+00 
2.28911E+00 
2.28911E+00 
2.28911E+00 
2.28911E+00 
2.28911E+00 
2.28911E+00 
2.28911E+00 
2.28911E+00 
2.28911E+00 
2.28911E+00 
2.28911E+00 
2.28911E+00 
2.28911E+00 
2.28911E+00 
2.28911E+00 
2.28911E+00 
2.28911E+00 
2.28911E+00 
2.28911E+00 
2.28911E+00 
2.28911E+00 
2.28911E+00 
2.28911E+00 
2.28911E+00 
2.49599E+00 
2.49599E+00 
2.49599E+00 
2.49599E+00 
2.49599E+00 
2.49599E+00 
2.49599E+00 
2.49599E+00 
2.49599E+00 
2.49599E+00 
2.49599E+00 
2.49599E+00 
2.49599E+00 
2.49599E+00 
2.49599E+00 
2.49599E+00 
2.49599E+00 
2.49599E+00 
2.49599E+00 
2.49599E+00 
2.49599E+00 
2.49599E+00 
2.49599E+00 
2.49599E+00 
2.49599E+00 
2.49599E+00 
---
