PdfType: replica
Format: lhagrid1
---
1.00000E-06 1.28121E-06 1.64152E-06 2.10317E-06 2.69463E-06 3.45242E-06 4.42329E-06 5.66715E-06 7.26076E-06 9.30241E-06 1.19180E-05 1.52689E-05 1.95617E-05 2.50609E-05 3.21053E-05 4.11287E-05 5.26863E-05 6.74889E-05 8.64459E-05 1.10720E-04 1.41800E-04 1.81585E-04 2.32503E-04 2.97652E-04 3.80981E-04 4.87518E-04 6.26039E-04 8.00452E-04 1.02297E-03 1.30657E-03 1.66759E-03 2.12729E-03 2.71054E-03 3.44865E-03 4.37927E-03 5.54908E-03 7.01192E-03 8.83064E-03 1.10763E-02 1.38266E-02 1.71641E-02 2.11717E-02 2.59364E-02 3.15062E-02 3.79623E-02 4.53425E-02 5.36750E-02 6.29705E-02 7.32221E-02 8.44039E-02 9.64793E-02 1.09332E-01 1.23067E-01 1.37507E-01 1.52639E-01 1.68416E-01 1.84794E-01 2.01731E-01 2.19016E-01 2.36948E-01 2.55242E-01 2.73927E-01 2.92954E-01 3.12340E-01 3.32036E-01 3.52019E-01 3.72282E-01 3.92772E-01 4.13533E-01 4.34326E-01 4.55495E-01 4.76836E-01 4.98342E-01 5.20006E-01 5.41818E-01 5.63773E-01 5.85861E-01 6.08077E-01 6.30459E-01 6.52800E-01 6.75387E-01 6.98063E-01 7.20830E-01 7.43683E-01 7.66623E-01 7.89636E-01 8.12791E-01 8.35940E-01 8.59175E-01 8.82485E-01 9.05866E-01 9.29311E-01 9.52817E-01 9.76387E-01 1.00000E+00 
1.14018E+00 1.22539E+00 1.32482E+00 1.44156E+00 1.57954E+00 1.74381E+00 1.94091E+00 2.12132E+00 2.17945E+00 2.49622E+00 2.89383E+00 3.39925E+00 4.05063E+00 4.90286E+00 6.03623E+00 7.57063E+00 9.68869E+00 1.26749E+01 1.69835E+01 2.33578E+01 3.30501E+01 4.82334E+01 7.28041E+01 1.13998E+02 1.85779E+02 3.16228E+02 
908
-2.54592E-19 
-2.54592E-19 
-2.54592E-19 
-2.54592E-19 
-2.54592E-19 
-2.54592E-19 
-2.54592E-19 
-2.54592E-19 
-2.54592E-19 
-2.54592E-19 
-2.54592E-19 
-2.54592E-19 
-2.54592E-19 
-2.54592E-19 
-2.54592E-19 
-2.54592E-19 
-2.54592E-19 
-2.54592E-19 
-2.54592E-19 
-2.54592E-19 
-2.54592E-19 
-2.54592E-19 
-2.54592E-19 
-2.54592E-19 
-2.54592E-19 
-2.54592E-19 
-5.48356E-19 
-5.48356E-19 
-5.48356E-19 
-5.48356E-19 
-5.48356E-19 
-5.48356E-19 
-5.48356E-19 
-5.48356E-19 
-5.48356E-19 
-5.48356E-19 
-5.48356E-19 
-5.48356E-19 
-5.48356E-19 
-5.48356E-19 
-5.48356E-19 
-5.48356E-19 
-5.48356E-19 
-5.48356E-19 
-5.48356E-19 
-5.48356E-19 
-5.48356E-19 
-5.48356E-19 
-5.48356E-19 
-5.48356E-19 
-5.48356E-19 
-5.48356E-19 
-1.18113E-18 
-1.18113E-18 
-1.18113E-18 
-1.18113E-18 
-1.18113E-18 
-1.18113E-18 
-1.18113E-18 
-1.18113E-18 
-1.18113E-18 
-1.18113E-18 
-1.18113E-18 
-1.18113E-18 
-1.18113E-18 
-1.18113E-18 
-1.18113E-18 
-1.18113E-18 
-1.18113E-18 
-1.18113E-18 
-1.18113E-18 
-1.18113E-18 
-1.18113E-18 
-1.18113E-18 
-1.18113E-18 
-1.18113E-18 
-1.18113E-18 
-1.18113E-18 
-2.54413E-18 
-2.54413E-18 
-2.54413E-18 
-2.54413E-18 
-2.54413E-18 
-2.54413E-18 
-2.54413E-18 
-2.54413E-18 
-2.54413E-18 
-2.54413E-18 
-2.54413E-18 
-2.54413E-18 
-2.54413E-18 
-2.54413E-18 
-2.54413E-18 
-2.54413E-18 
-2.54413E-18 
-2.54413E-18 
-2.54413E-18 
-2.54413E-18 
-2.54413E-18 
-2.54413E-18 
-2.54413E-18 
-2.54413E-18 
-2.54413E-18 
-2.54413E-18 
-5.47986E-18 
-5.47986E-18 
-5.47986E-18 
-5.47986E-18 
-5.47986E-18 
-5.47986E-18 
-5.47986E-18 
-5.47986E-18 
-5.47986E-18 
-5.47986E-18 
-5.47986E-18 
-5.47986E-18 
-5.47986E-18 
-5.47986E-18 
-5.47986E-18 
-5.47986E-18 
-5.47986E-18 
-5.47986E-18 
-5.47986E-18 
-5.47986E-18 
-5.47986E-18 
-5.47986E-18 
-5.47986E-18 
-5.47986E-18 
-5.47986E-18 
-5.47986E-18 
-1.18032E-17 
-1.18032E-17 
-1.18032E-17 
-1.18032E-17 
-1.18032E-17 
-1.18032E-17 
-1.18032E-17 
-1.18032E-17 
-1.18032E-17 
-1.18032E-17 
-1.18032E-17 
-1.18032E-17 
-1.18032E-17 
-1.18032E-17 
-1.18032E-17 
-1.18032E-17 
-1.18032E-17 
-1.18032E-17 
-1.18032E-17 
-1.18032E-17 
-1.18032E-17 
-1.18032E-17 
-1.18032E-17 
-1.18032E-17 
-1.18032E-17 
-1.18032E-17 
-2.54226E-17 
-2.54226E-17 
-2.54226E-17 
-2.54226E-17 
-2.54226E-17 
-2.54226E-17 
-2.54226E-17 
-2.54226E-17 
-2.54226E-17 
-2.54226E-17 
-2.54226E-17 
-2.54226E-17 
-2.54226E-17 
-2.54226E-17 
-2.54226E-17 
-2.54226E-17 
-2.54226E-17 
-2.54226E-17 
-2.54226E-17 
-2.54226E-17 
-2.54226E-17 
-2.54226E-17 
-2.54226E-17 
-2.54226E-17 
-2.54226E-17 
-2.54226E-17 
-5.47561E-17 
-5.47561E-17 
-5.47561E-17 
-5.47561E-17 
-5.47561E-17 
-5.47561E-17 
-5.47561E-17 
-5.47561E-17 
-5.47561E-17 
-5.47561E-17 
-5.47561E-17 
-5.47561E-17 
-5.47561E-17 
-5.47561E-17 
-5.47561E-17 
-5.47561E-17 
-5.47561E-17 
-5.47561E-17 
-5.47561E-17 
-5.47561E-17 
-5.47561E-17 
-5.47561E-17 
-5.47561E-17 
-5.47561E-17 
-5.47561E-17 
-5.47561E-17 
-1.17934E-16 
-1.17934E-16 
-1.17934E-16 
-1.17934E-16 
-1.17934E-16 
-1.17934E-16 
-1.17934E-16 
-1.17934E-16 
-1.17934E-16 
-1.17934E-16 
-1.17934E-16 
-1.17934E-16 
-1.17934E-16 
-1.17934E-16 
-1.17934E-16 
-1.17934E-16 
-1.17934E-16 
-1.17934E-16 
-1.17934E-16 
-1.17934E-16 
-1.17934E-16 
-1.17934E-16 
-1.17934E-16 
-1.17934E-16 
-1.17934E-16 
-1.17934E-16 
-2.53998E-16 
-2.53998E-16 
-2.53998E-16 
-2.53998E-16 
-2.53998E-16 
-2.53998E-16 
-2.53998E-16 
-2.53998E-16 
-2.53998E-16 
-2.53998E-16 
-2.53998E-16 
-2.53998E-16 
-2.53998E-16 
-2.53998E-16 
-2.53998E-16 
-2.53998E-16 
-2.53998E-16 
-2.53998E-16 
-2.53998E-16 
-2.53998E-16 
-2.53998E-16 
-2.53998E-16 
-2.53998E-16 
-2.53998E-16 
-2.53998E-16 
-2.53998E-16 
-5.47023E-16 
-5.47023E-16 
-5.47023E-16 
-5.47023E-16 
-5.47023E-16 
-5.47023E-16 
-5.47023E-16 
-5.47023E-16 
-5.47023E-16 
-5.47023E-16 
-5.47023E-16 
-5.47023E-16 
-5.47023E-16 
-5.47023E-16 
-5.47023E-16 
-5.47023E-16 
-5.47023E-16 
-5.47023E-16 
-5.47023E-16 
-5.47023E-16 
-5.47023E-16 
-5.47023E-16 
-5.47023E-16 
-5.47023E-16 
-5.47023E-16 
-5.47023E-16 
-1.17806E-15 
-1.17806E-15 
-1.17806E-15 
-1.17806E-15 
-1.17806E-15 
-1.17806E-15 
-1.17806E-15 
-1.17806E-15 
-1.17806E-15 
-1.17806E-15 
-1.17806E-15 
-1.17806E-15 
-1.17806E-15 
-1.17806E-15 
-1.17806E-15 
-1.17806E-15 
-1.17806E-15 
-1.17806E-15 
-1.17806E-15 
-1.17806E-15 
-1.17806E-15 
-1.17806E-15 
-1.17806E-15 
-1.17806E-15 
-1.17806E-15 
-1.17806E-15 
-2.53694E-15 
-2.53694E-15 
-2.53694E-15 
-2.53694E-15 
-2.53694E-15 
-2.53694E-15 
-2.53694E-15 
-2.53694E-15 
-2.53694E-15 
-2.53694E-15 
-2.53694E-15 
-2.53694E-15 
-2.53694E-15 
-2.53694E-15 
-2.53694E-15 
-2.53694E-15 
-2.53694E-15 
-2.53694E-15 
-2.53694E-15 
-2.53694E-15 
-2.53694E-15 
-2.53694E-15 
-2.53694E-15 
-2.53694E-15 
-2.53694E-15 
-2.53694E-15 
-5.46292E-15 
-5.46292E-15 
-5.46292E-15 
-5.46292E-15 
-5.46292E-15 
-5.46292E-15 
-5.46292E-15 
-5.46292E-15 
-5.46292E-15 
-5.46292E-15 
-5.46292E-15 
-5.46292E-15 
-5.46292E-15 
-5.46292E-15 
-5.46292E-15 
-5.46292E-15 
-5.46292E-15 
-5.46292E-15 
-5.46292E-15 
-5.46292E-15 
-5.46292E-15 
-5.46292E-15 
-5.46292E-15 
-5.46292E-15 
-5.46292E-15 
-5.46292E-15 
-1.17626E-14 
-1.17626E-14 
-1.17626E-14 
-1.17626E-14 
-1.17626E-14 
-1.17626E-14 
-1.17626E-14 
-1.17626E-14 
-1.17626E-14 
-1.17626E-14 
-1.17626E-14 
-1.17626E-14 
-1.17626E-14 
-1.17626E-14 
-1.17626E-14 
-1.17626E-14 
-1.17626E-14 
-1.17626E-14 
-1.17626E-14 
-1.17626E-14 
-1.17626E-14 
-1.17626E-14 
-1.17626E-14 
-1.17626E-14 
-1.17626E-14 
-1.17626E-14 
-2.53247E-14 
-2.53247E-14 
-2.53247E-14 
-2.53247E-14 
-2.53247E-14 
-2.53247E-14 
-2.53247E-14 
-2.53247E-14 
-2.53247E-14 
-2.53247E-14 
-2.53247E-14 
-2.53247E-14 
-2.53247E-14 
-2.53247E-14 
-2.53247E-14 
-2.53247E-14 
-2.53247E-14 
-2.53247E-14 
-2.53247E-14 
-2.53247E-14 
-2.53247E-14 
-2.53247E-14 
-2.53247E-14 
-2.53247E-14 
-2.53247E-14 
-2.53247E-14 
-5.45169E-14 
-5.45169E-14 
-5.45169E-14 
-5.45169E-14 
-5.45169E-14 
-5.45169E-14 
-5.45169E-14 
-5.45169E-14 
-5.45169E-14 
-5.45169E-14 
-5.45169E-14 
-5.45169E-14 
-5.45169E-14 
-5.45169E-14 
-5.45169E-14 
-5.45169E-14 
-5.45169E-14 
-5.45169E-14 
-5.45169E-14 
-5.45169E-14 
-5.45169E-14 
-5.45169E-14 
-5.45169E-14 
-5.45169E-14 
-5.45169E-14 
-5.45169E-14 
-1.17342E-13 
-1.17342E-13 
-1.17342E-13 
-1.17342E-13 
-1.17342E-13 
-1.17342E-13 
-1.17342E-13 
-1.17342E-13 
-1.17342E-13 
-1.17342E-13 
-1.17342E-13 
-1.17342E-13 
-1.17342E-13 
-1.17342E-13 
-1.17342E-13 
-1.17342E-13 
-1.17342E-13 
-1.17342E-13 
-1.17342E-13 
-1.17342E-13 
-1.17342E-13 
-1.17342E-13 
-1.17342E-13 
-1.17342E-13 
-1.17342E-13 
-1.17342E-13 
-2.52523E-13 
-2.52523E-13 
-2.52523E-13 
-2.52523E-13 
-2.52523E-13 
-2.52523E-13 
-2.52523E-13 
-2.52523E-13 
-2.52523E-13 
-2.52523E-13 
-2.52523E-13 
-2.52523E-13 
-2.52523E-13 
-2.52523E-13 
-2.52523E-13 
-2.52523E-13 
-2.52523E-13 
-2.52523E-13 
-2.52523E-13 
-2.52523E-13 
-2.52523E-13 
-2.52523E-13 
-2.52523E-13 
-2.52523E-13 
-2.52523E-13 
-2.52523E-13 
-5.43305E-13 
-5.43305E-13 
-5.43305E-13 
-5.43305E-13 
-5.43305E-13 
-5.43305E-13 
-5.43305E-13 
-5.43305E-13 
-5.43305E-13 
-5.43305E-13 
-5.43305E-13 
-5.43305E-13 
-5.43305E-13 
-5.43305E-13 
-5.43305E-13 
-5.43305E-13 
-5.43305E-13 
-5.43305E-13 
-5.43305E-13 
-5.43305E-13 
-5.43305E-13 
-5.43305E-13 
-5.43305E-13 
-5.43305E-13 
-5.43305E-13 
-5.43305E-13 
-1.16863E-12 
-1.16863E-12 
-1.16863E-12 
-1.16863E-12 
-1.16863E-12 
-1.16863E-12 
-1.16863E-12 
-1.16863E-12 
-1.16863E-12 
-1.16863E-12 
-1.16863E-12 
-1.16863E-12 
-1.16863E-12 
-1.16863E-12 
-1.16863E-12 
-1.16863E-12 
-1.16863E-12 
-1.16863E-12 
-1.16863E-12 
-1.16863E-12 
-1.16863E-12 
-1.16863E-12 
-1.16863E-12 
-1.16863E-12 
-1.16863E-12 
-1.16863E-12 
-2.51274E-12 
-2.51274E-12 
-2.51274E-12 
-2.51274E-12 
-2.51274E-12 
-2.51274E-12 
-2.51274E-12 
-2.51274E-12 
-2.51274E-12 
-2.51274E-12 
-2.51274E-12 
-2.51274E-12 
-2.51274E-12 
-2.51274E-12 
-2.51274E-12 
-2.51274E-12 
-2.51274E-12 
-2.51274E-12 
-2.51274E-12 
-2.51274E-12 
-2.51274E-12 
-2.51274E-12 
-2.51274E-12 
-2.51274E-12 
-2.51274E-12 
-2.51274E-12 
-5.40040E-12 
-5.40040E-12 
-5.40040E-12 
-5.40040E-12 
-5.40040E-12 
-5.40040E-12 
-5.40040E-12 
-5.40040E-12 
-5.40040E-12 
-5.40040E-12 
-5.40040E-12 
-5.40040E-12 
-5.40040E-12 
-5.40040E-12 
-5.40040E-12 
-5.40040E-12 
-5.40040E-12 
-5.40040E-12 
-5.40040E-12 
-5.40040E-12 
-5.40040E-12 
-5.40040E-12 
-5.40040E-12 
-5.40040E-12 
-5.40040E-12 
-5.40040E-12 
-1.16002E-11 
-1.16002E-11 
-1.16002E-11 
-1.16002E-11 
-1.16002E-11 
-1.16002E-11 
-1.16002E-11 
-1.16002E-11 
-1.16002E-11 
-1.16002E-11 
-1.16002E-11 
-1.16002E-11 
-1.16002E-11 
-1.16002E-11 
-1.16002E-11 
-1.16002E-11 
-1.16002E-11 
-1.16002E-11 
-1.16002E-11 
-1.16002E-11 
-1.16002E-11 
-1.16002E-11 
-1.16002E-11 
-1.16002E-11 
-1.16002E-11 
-1.16002E-11 
-2.49004E-11 
-2.49004E-11 
-2.49004E-11 
-2.49004E-11 
-2.49004E-11 
-2.49004E-11 
-2.49004E-11 
-2.49004E-11 
-2.49004E-11 
-2.49004E-11 
-2.49004E-11 
-2.49004E-11 
-2.49004E-11 
-2.49004E-11 
-2.49004E-11 
-2.49004E-11 
-2.49004E-11 
-2.49004E-11 
-2.49004E-11 
-2.49004E-11 
-2.49004E-11 
-2.49004E-11 
-2.49004E-11 
-2.49004E-11 
-2.49004E-11 
-2.49004E-11 
-5.34035E-11 
-5.34035E-11 
-5.34035E-11 
-5.34035E-11 
-5.34035E-11 
-5.34035E-11 
-5.34035E-11 
-5.34035E-11 
-5.34035E-11 
-5.34035E-11 
-5.34035E-11 
-5.34035E-11 
-5.34035E-11 
-5.34035E-11 
-5.34035E-11 
-5.34035E-11 
-5.34035E-11 
-5.34035E-11 
-5.34035E-11 
-5.34035E-11 
-5.34035E-11 
-5.34035E-11 
-5.34035E-11 
-5.34035E-11 
-5.34035E-11 
-5.34035E-11 
-1.15768E-10 
-1.15768E-10 
-1.15768E-10 
-1.15768E-10 
-1.15768E-10 
-1.15768E-10 
-1.15768E-10 
-1.15768E-10 
-1.15768E-10 
-1.15768E-10 
-1.15768E-10 
-1.15768E-10 
-1.15768E-10 
-1.15768E-10 
-1.15768E-10 
-1.15768E-10 
-1.15768E-10 
-1.15768E-10 
-1.15768E-10 
-1.15768E-10 
-1.15768E-10 
-1.15768E-10 
-1.15768E-10 
-1.15768E-10 
-1.15768E-10 
-1.15768E-10 
-2.47586E-10 
-2.47586E-10 
-2.47586E-10 
-2.47586E-10 
-2.47586E-10 
-2.47586E-10 
-2.47586E-10 
-2.47586E-10 
-2.47586E-10 
-2.47586E-10 
-2.47586E-10 
-2.47586E-10 
-2.47586E-10 
-2.47586E-10 
-2.47586E-10 
-2.47586E-10 
-2.47586E-10 
-2.47586E-10 
-2.47586E-10 
-2.47586E-10 
-2.47586E-10 
-2.47586E-10 
-2.47586E-10 
-2.47586E-10 
-2.47586E-10 
-2.47586E-10 
-5.28608E-10 
-5.28608E-10 
-5.28608E-10 
-5.28608E-10 
-5.28608E-10 
-5.28608E-10 
-5.28608E-10 
-5.28608E-10 
-5.28608E-10 
-5.28608E-10 
-5.28608E-10 
-5.28608E-10 
-5.28608E-10 
-5.28608E-10 
-5.28608E-10 
-5.28608E-10 
-5.28608E-10 
-5.28608E-10 
-5.28608E-10 
-5.28608E-10 
-5.28608E-10 
-5.28608E-10 
-5.28608E-10 
-5.28608E-10 
-5.28608E-10 
-5.28608E-10 
-1.12622E-09 
-1.12622E-09 
-1.12622E-09 
-1.12622E-09 
-1.12622E-09 
-1.12622E-09 
-1.12622E-09 
-1.12622E-09 
-1.12622E-09 
-1.12622E-09 
-1.12622E-09 
-1.12622E-09 
-1.12622E-09 
-1.12622E-09 
-1.12622E-09 
-1.12622E-09 
-1.12622E-09 
-1.12622E-09 
-1.12622E-09 
-1.12622E-09 
-1.12622E-09 
-1.12622E-09 
-1.12622E-09 
-1.12622E-09 
-1.12622E-09 
-1.12622E-09 
-2.39329E-09 
-2.39329E-09 
-2.39329E-09 
-2.39329E-09 
-2.39329E-09 
-2.39329E-09 
-2.39329E-09 
-2.39329E-09 
-2.39329E-09 
-2.39329E-09 
-2.39329E-09 
-2.39329E-09 
-2.39329E-09 
-2.39329E-09 
-2.39329E-09 
-2.39329E-09 
-2.39329E-09 
-2.39329E-09 
-2.39329E-09 
-2.39329E-09 
-2.39329E-09 
-2.39329E-09 
-2.39329E-09 
-2.39329E-09 
-2.39329E-09 
-2.39329E-09 
-5.07570E-09 
-5.07570E-09 
-5.07570E-09 
-5.07570E-09 
-5.07570E-09 
-5.07570E-09 
-5.07570E-09 
-5.07570E-09 
-5.07570E-09 
-5.07570E-09 
-5.07570E-09 
-5.07570E-09 
-5.07570E-09 
-5.07570E-09 
-5.07570E-09 
-5.07570E-09 
-5.07570E-09 
-5.07570E-09 
-5.07570E-09 
-5.07570E-09 
-5.07570E-09 
-5.07570E-09 
-5.07570E-09 
-5.07570E-09 
-5.07570E-09 
-5.07570E-09 
-1.07197E-08 
-1.07197E-08 
-1.07197E-08 
-1.07197E-08 
-1.07197E-08 
-1.07197E-08 
-1.07197E-08 
-1.07197E-08 
-1.07197E-08 
-1.07197E-08 
-1.07197E-08 
-1.07197E-08 
-1.07197E-08 
-1.07197E-08 
-1.07197E-08 
-1.07197E-08 
-1.07197E-08 
-1.07197E-08 
-1.07197E-08 
-1.07197E-08 
-1.07197E-08 
-1.07197E-08 
-1.07197E-08 
-1.07197E-08 
-1.07197E-08 
-1.07197E-08 
-2.25214E-08 
-2.25214E-08 
-2.25214E-08 
-2.25214E-08 
-2.25214E-08 
-2.25214E-08 
-2.25214E-08 
-2.25214E-08 
-2.25214E-08 
-2.25214E-08 
-2.25214E-08 
-2.25214E-08 
-2.25214E-08 
-2.25214E-08 
-2.25214E-08 
-2.25214E-08 
-2.25214E-08 
-2.25214E-08 
-2.25214E-08 
-2.25214E-08 
-2.25214E-08 
-2.25214E-08 
-2.25214E-08 
-2.25214E-08 
-2.25214E-08 
-2.25214E-08 
-4.69921E-08 
-4.69921E-08 
-4.69921E-08 
-4.69921E-08 
-4.69921E-08 
-4.69921E-08 
-4.69921E-08 
-4.69921E-08 
-4.69921E-08 
-4.69921E-08 
-4.69921E-08 
-4.69921E-08 
-4.69921E-08 
-4.69921E-08 
-4.69921E-08 
-4.69921E-08 
-4.69921E-08 
-4.69921E-08 
-4.69921E-08 
-4.69921E-08 
-4.69921E-08 
-4.69921E-08 
-4.69921E-08 
-4.69921E-08 
-4.69921E-08 
-4.69921E-08 
-9.72945E-08 
-9.72945E-08 
-9.72945E-08 
-9.72945E-08 
-9.72945E-08 
-9.72945E-08 
-9.72945E-08 
-9.72945E-08 
-9.72945E-08 
-9.72945E-08 
-9.72945E-08 
-9.72945E-08 
-9.72945E-08 
-9.72945E-08 
-9.72945E-08 
-9.72945E-08 
-9.72945E-08 
-9.72945E-08 
-9.72945E-08 
-9.72945E-08 
-9.72945E-08 
-9.72945E-08 
-9.72945E-08 
-9.72945E-08 
-9.72945E-08 
-9.72945E-08 
-1.99451E-07 
-1.99451E-07 
-1.99451E-07 
-1.99451E-07 
-1.99451E-07 
-1.99451E-07 
-1.99451E-07 
-1.99451E-07 
-1.99451E-07 
-1.99451E-07 
-1.99451E-07 
-1.99451E-07 
-1.99451E-07 
-1.99451E-07 
-1.99451E-07 
-1.99451E-07 
-1.99451E-07 
-1.99451E-07 
-1.99451E-07 
-1.99451E-07 
-1.99451E-07 
-1.99451E-07 
-1.99451E-07 
-1.99451E-07 
-1.99451E-07 
-1.99451E-07 
-4.03954E-07 
-4.03954E-07 
-4.03954E-07 
-4.03954E-07 
-4.03954E-07 
-4.03954E-07 
-4.03954E-07 
-4.03954E-07 
-4.03954E-07 
-4.03954E-07 
-4.03954E-07 
-4.03954E-07 
-4.03954E-07 
-4.03954E-07 
-4.03954E-07 
-4.03954E-07 
-4.03954E-07 
-4.03954E-07 
-4.03954E-07 
-4.03954E-07 
-4.03954E-07 
-4.03954E-07 
-4.03954E-07 
-4.03954E-07 
-4.03954E-07 
-4.03954E-07 
-8.06331E-07 
-8.06331E-07 
-8.06331E-07 
-8.06331E-07 
-8.06331E-07 
-8.06331E-07 
-8.06331E-07 
-8.06331E-07 
-8.06331E-07 
-8.06331E-07 
-8.06331E-07 
-8.06331E-07 
-8.06331E-07 
-8.06331E-07 
-8.06331E-07 
-8.06331E-07 
-8.06331E-07 
-8.06331E-07 
-8.06331E-07 
-8.06331E-07 
-8.06331E-07 
-8.06331E-07 
-8.06331E-07 
-8.06331E-07 
-8.06331E-07 
-8.06331E-07 
-1.58188E-06 
-1.58188E-06 
-1.58188E-06 
-1.58188E-06 
-1.58188E-06 
-1.58188E-06 
-1.58188E-06 
-1.58188E-06 
-1.58188E-06 
-1.58188E-06 
-1.58188E-06 
-1.58188E-06 
-1.58188E-06 
-1.58188E-06 
-1.58188E-06 
-1.58188E-06 
-1.58188E-06 
-1.58188E-06 
-1.58188E-06 
-1.58188E-06 
-1.58188E-06 
-1.58188E-06 
-1.58188E-06 
-1.58188E-06 
-1.58188E-06 
-1.58188E-06 
-3.04138E-06 
-3.04138E-06 
-3.04138E-06 
-3.04138E-06 
-3.04138E-06 
-3.04138E-06 
-3.04138E-06 
-3.04138E-06 
-3.04138E-06 
-3.04138E-06 
-3.04138E-06 
-3.04138E-06 
-3.04138E-06 
-3.04138E-06 
-3.04138E-06 
-3.04138E-06 
-3.04138E-06 
-3.04138E-06 
-3.04138E-06 
-3.04138E-06 
-3.04138E-06 
-3.04138E-06 
-3.04138E-06 
-3.04138E-06 
-3.04138E-06 
-3.04138E-06 
-5.71301E-06 
-5.71301E-06 
-5.71301E-06 
-5.71301E-06 
-5.71301E-06 
-5.71301E-06 
-5.71301E-06 
-5.71301E-06 
-5.71301E-06 
-5.71301E-06 
-5.71301E-06 
-5.71301E-06 
-5.71301E-06 
-5.71301E-06 
-5.71301E-06 
-5.71301E-06 
-5.71301E-06 
-5.71301E-06 
-5.71301E-06 
-5.71301E-06 
-5.71301E-06 
-5.71301E-06 
-5.71301E-06 
-5.71301E-06 
-5.71301E-06 
-5.71301E-06 
-1.04624E-05 
-1.04624E-05 
-1.04624E-05 
-1.04624E-05 
-1.04624E-05 
-1.04624E-05 
-1.04624E-05 
-1.04624E-05 
-1.04624E-05 
-1.04624E-05 
-1.04624E-05 
-1.04624E-05 
-1.04624E-05 
-1.04624E-05 
-1.04624E-05 
-1.04624E-05 
-1.04624E-05 
-1.04624E-05 
-1.04624E-05 
-1.04624E-05 
-1.04624E-05 
-1.04624E-05 
-1.04624E-05 
-1.04624E-05 
-1.04624E-05 
-1.04624E-05 
-1.85786E-05 
-1.85786E-05 
-1.85786E-05 
-1.85786E-05 
-1.85786E-05 
-1.85786E-05 
-1.85786E-05 
-1.85786E-05 
-1.85786E-05 
-1.85786E-05 
-1.85786E-05 
-1.85786E-05 
-1.85786E-05 
-1.85786E-05 
-1.85786E-05 
-1.85786E-05 
-1.85786E-05 
-1.85786E-05 
-1.85786E-05 
-1.85786E-05 
-1.85786E-05 
-1.85786E-05 
-1.85786E-05 
-1.85786E-05 
-1.85786E-05 
-1.85786E-05 
-3.19947E-05 
-3.19947E-05 
-3.19947E-05 
-3.19947E-05 
-3.19947E-05 
-3.19947E-05 
-3.19947E-05 
-3.19947E-05 
-3.19947E-05 
-3.19947E-05 
-3.19947E-05 
-3.19947E-05 
-3.19947E-05 
-3.19947E-05 
-3.19947E-05 
-3.19947E-05 
-3.19947E-05 
-3.19947E-05 
-3.19947E-05 
-3.19947E-05 
-3.19947E-05 
-3.19947E-05 
-3.19947E-05 
-3.19947E-05 
-3.19947E-05 
-3.19947E-05 
-5.32909E-05 
-5.32909E-05 
-5.32909E-05 
-5.32909E-05 
-5.32909E-05 
-5.32909E-05 
-5.32909E-05 
-5.32909E-05 
-5.32909E-05 
-5.32909E-05 
-5.32909E-05 
-5.32909E-05 
-5.32909E-05 
-5.32909E-05 
-5.32909E-05 
-5.32909E-05 
-5.32909E-05 
-5.32909E-05 
-5.32909E-05 
-5.32909E-05 
-5.32909E-05 
-5.32909E-05 
-5.32909E-05 
-5.32909E-05 
-5.32909E-05 
-5.32909E-05 
-8.57227E-05 
-8.57227E-05 
-8.57227E-05 
-8.57227E-05 
-8.57227E-05 
-8.57227E-05 
-8.57227E-05 
-8.57227E-05 
-8.57227E-05 
-8.57227E-05 
-8.57227E-05 
-8.57227E-05 
-8.57227E-05 
-8.57227E-05 
-8.57227E-05 
-8.57227E-05 
-8.57227E-05 
-8.57227E-05 
-8.57227E-05 
-8.57227E-05 
-8.57227E-05 
-8.57227E-05 
-8.57227E-05 
-8.57227E-05 
-8.57227E-05 
-8.57227E-05 
-1.33017E-04 
-1.33017E-04 
-1.33017E-04 
-1.33017E-04 
-1.33017E-04 
-1.33017E-04 
-1.33017E-04 
-1.33017E-04 
-1.33017E-04 
-1.33017E-04 
-1.33017E-04 
-1.33017E-04 
-1.33017E-04 
-1.33017E-04 
-1.33017E-04 
-1.33017E-04 
-1.33017E-04 
-1.33017E-04 
-1.33017E-04 
-1.33017E-04 
-1.33017E-04 
-1.33017E-04 
-1.33017E-04 
-1.33017E-04 
-1.33017E-04 
-1.33017E-04 
-1.98918E-04 
-1.98918E-04 
-1.98918E-04 
-1.98918E-04 
-1.98918E-04 
-1.98918E-04 
-1.98918E-04 
-1.98918E-04 
-1.98918E-04 
-1.98918E-04 
-1.98918E-04 
-1.98918E-04 
-1.98918E-04 
-1.98918E-04 
-1.98918E-04 
-1.98918E-04 
-1.98918E-04 
-1.98918E-04 
-1.98918E-04 
-1.98918E-04 
-1.98918E-04 
-1.98918E-04 
-1.98918E-04 
-1.98918E-04 
-1.98918E-04 
-1.98918E-04 
-2.86390E-04 
-2.86390E-04 
-2.86390E-04 
-2.86390E-04 
-2.86390E-04 
-2.86390E-04 
-2.86390E-04 
-2.86390E-04 
-2.86390E-04 
-2.86390E-04 
-2.86390E-04 
-2.86390E-04 
-2.86390E-04 
-2.86390E-04 
-2.86390E-04 
-2.86390E-04 
-2.86390E-04 
-2.86390E-04 
-2.86390E-04 
-2.86390E-04 
-2.86390E-04 
-2.86390E-04 
-2.86390E-04 
-2.86390E-04 
-2.86390E-04 
-2.86390E-04 
-3.96546E-04 
-3.96546E-04 
-3.96546E-04 
-3.96546E-04 
-3.96546E-04 
-3.96546E-04 
-3.96546E-04 
-3.96546E-04 
-3.96546E-04 
-3.96546E-04 
-3.96546E-04 
-3.96546E-04 
-3.96546E-04 
-3.96546E-04 
-3.96546E-04 
-3.96546E-04 
-3.96546E-04 
-3.96546E-04 
-3.96546E-04 
-3.96546E-04 
-3.96546E-04 
-3.96546E-04 
-3.96546E-04 
-3.96546E-04 
-3.96546E-04 
-3.96546E-04 
-5.26488E-04 
-5.26488E-04 
-5.26488E-04 
-5.26488E-04 
-5.26488E-04 
-5.26488E-04 
-5.26488E-04 
-5.26488E-04 
-5.26488E-04 
-5.26488E-04 
-5.26488E-04 
-5.26488E-04 
-5.26488E-04 
-5.26488E-04 
-5.26488E-04 
-5.26488E-04 
-5.26488E-04 
-5.26488E-04 
-5.26488E-04 
-5.26488E-04 
-5.26488E-04 
-5.26488E-04 
-5.26488E-04 
-5.26488E-04 
-5.26488E-04 
-5.26488E-04 
-6.70725E-04 
-6.70725E-04 
-6.70725E-04 
-6.70725E-04 
-6.70725E-04 
-6.70725E-04 
-6.70725E-04 
-6.70725E-04 
-6.70725E-04 
-6.70725E-04 
-6.70725E-04 
-6.70725E-04 
-6.70725E-04 
-6.70725E-04 
-6.70725E-04 
-6.70725E-04 
-6.70725E-04 
-6.70725E-04 
-6.70725E-04 
-6.70725E-04 
-6.70725E-04 
-6.70725E-04 
-6.70725E-04 
-6.70725E-04 
-6.70725E-04 
-6.70725E-04 
-8.14090E-04 
-8.14090E-04 
-8.14090E-04 
-8.14090E-04 
-8.14090E-04 
-8.14090E-04 
-8.14090E-04 
-8.14090E-04 
-8.14090E-04 
-8.14090E-04 
-8.14090E-04 
-8.14090E-04 
-8.14090E-04 
-8.14090E-04 
-8.14090E-04 
-8.14090E-04 
-8.14090E-04 
-8.14090E-04 
-8.14090E-04 
-8.14090E-04 
-8.14090E-04 
-8.14090E-04 
-8.14090E-04 
-8.14090E-04 
-8.14090E-04 
-8.14090E-04 
-9.34279E-04 
-9.34279E-04 
-9.34279E-04 
-9.34279E-04 
-9.34279E-04 
-9.34279E-04 
-9.34279E-04 
-9.34279E-04 
-9.34279E-04 
-9.34279E-04 
-9.34279E-04 
-9.34279E-04 
-9.34279E-04 
-9.34279E-04 
-9.34279E-04 
-9.34279E-04 
-9.34279E-04 
-9.34279E-04 
-9.34279E-04 
-9.34279E-04 
-9.34279E-04 
-9.34279E-04 
-9.34279E-04 
-9.34279E-04 
-9.34279E-04 
-9.34279E-04 
-9.97597E-04 
-9.97597E-04 
-9.97597E-04 
-9.97597E-04 
-9.97597E-04 
-9.97597E-04 
-9.97597E-04 
-9.97597E-04 
-9.97597E-04 
-9.97597E-04 
-9.97597E-04 
-9.97597E-04 
-9.97597E-04 
-9.97597E-04 
-9.97597E-04 
-9.97597E-04 
-9.97597E-04 
-9.97597E-04 
-9.97597E-04 
-9.97597E-04 
-9.97597E-04 
-9.97597E-04 
-9.97597E-04 
-9.97597E-04 
-9.97597E-04 
-9.97597E-04 
-9.57063E-04 
-9.57063E-04 
-9.57063E-04 
-9.57063E-04 
-9.57063E-04 
-9.57063E-04 
-9.57063E-04 
-9.57063E-04 
-9.57063E-04 
-9.57063E-04 
-9.57063E-04 
-9.57063E-04 
-9.57063E-04 
-9.57063E-04 
-9.57063E-04 
-9.57063E-04 
-9.57063E-04 
-9.57063E-04 
-9.57063E-04 
-9.57063E-04 
-9.57063E-04 
-9.57063E-04 
-9.57063E-04 
-9.57063E-04 
-9.57063E-04 
-9.57063E-04 
-7.50081E-04 
-7.50081E-04 
-7.50081E-04 
-7.50081E-04 
-7.50081E-04 
-7.50081E-04 
-7.50081E-04 
-7.50081E-04 
-7.50081E-04 
-7.50081E-04 
-7.50081E-04 
-7.50081E-04 
-7.50081E-04 
-7.50081E-04 
-7.50081E-04 
-7.50081E-04 
-7.50081E-04 
-7.50081E-04 
-7.50081E-04 
-7.50081E-04 
-7.50081E-04 
-7.50081E-04 
-7.50081E-04 
-7.50081E-04 
-7.50081E-04 
-7.50081E-04 
-3.02023E-04 
-3.02023E-04 
-3.02023E-04 
-3.02023E-04 
-3.02023E-04 
-3.02023E-04 
-3.02023E-04 
-3.02023E-04 
-3.02023E-04 
-3.02023E-04 
-3.02023E-04 
-3.02023E-04 
-3.02023E-04 
-3.02023E-04 
-3.02023E-04 
-3.02023E-04 
-3.02023E-04 
-3.02023E-04 
-3.02023E-04 
-3.02023E-04 
-3.02023E-04 
-3.02023E-04 
-3.02023E-04 
-3.02023E-04 
-3.02023E-04 
-3.02023E-04 
4.95526E-04 
4.95526E-04 
4.95526E-04 
4.95526E-04 
4.95526E-04 
4.95526E-04 
4.95526E-04 
4.95526E-04 
4.95526E-04 
4.95526E-04 
4.95526E-04 
4.95526E-04 
4.95526E-04 
4.95526E-04 
4.95526E-04 
4.95526E-04 
4.95526E-04 
4.95526E-04 
4.95526E-04 
4.95526E-04 
4.95526E-04 
4.95526E-04 
4.95526E-04 
4.95526E-04 
4.95526E-04 
4.95526E-04 
1.75520E-03 
1.75520E-03 
1.75520E-03 
1.75520E-03 
1.75520E-03 
1.75520E-03 
1.75520E-03 
1.75520E-03 
1.75520E-03 
1.75520E-03 
1.75520E-03 
1.75520E-03 
1.75520E-03 
1.75520E-03 
1.75520E-03 
1.75520E-03 
1.75520E-03 
1.75520E-03 
1.75520E-03 
1.75520E-03 
1.75520E-03 
1.75520E-03 
1.75520E-03 
1.75520E-03 
1.75520E-03 
1.75520E-03 
3.62248E-03 
3.62248E-03 
3.62248E-03 
3.62248E-03 
3.62248E-03 
3.62248E-03 
3.62248E-03 
3.62248E-03 
3.62248E-03 
3.62248E-03 
3.62248E-03 
3.62248E-03 
3.62248E-03 
3.62248E-03 
3.62248E-03 
3.62248E-03 
3.62248E-03 
3.62248E-03 
3.62248E-03 
3.62248E-03 
3.62248E-03 
3.62248E-03 
3.62248E-03 
3.62248E-03 
3.62248E-03 
3.62248E-03 
6.26258E-03 
6.26258E-03 
6.26258E-03 
6.26258E-03 
6.26258E-03 
6.26258E-03 
6.26258E-03 
6.26258E-03 
6.26258E-03 
6.26258E-03 
6.26258E-03 
6.26258E-03 
6.26258E-03 
6.26258E-03 
6.26258E-03 
6.26258E-03 
6.26258E-03 
6.26258E-03 
6.26258E-03 
6.26258E-03 
6.26258E-03 
6.26258E-03 
6.26258E-03 
6.26258E-03 
6.26258E-03 
6.26258E-03 
9.87688E-03 
9.87688E-03 
9.87688E-03 
9.87688E-03 
9.87688E-03 
9.87688E-03 
9.87688E-03 
9.87688E-03 
9.87688E-03 
9.87688E-03 
9.87688E-03 
9.87688E-03 
9.87688E-03 
9.87688E-03 
9.87688E-03 
9.87688E-03 
9.87688E-03 
9.87688E-03 
9.87688E-03 
9.87688E-03 
9.87688E-03 
9.87688E-03 
9.87688E-03 
9.87688E-03 
9.87688E-03 
9.87688E-03 
1.46859E-02 
1.46859E-02 
1.46859E-02 
1.46859E-02 
1.46859E-02 
1.46859E-02 
1.46859E-02 
1.46859E-02 
1.46859E-02 
1.46859E-02 
1.46859E-02 
1.46859E-02 
1.46859E-02 
1.46859E-02 
1.46859E-02 
1.46859E-02 
1.46859E-02 
1.46859E-02 
1.46859E-02 
1.46859E-02 
1.46859E-02 
1.46859E-02 
1.46859E-02 
1.46859E-02 
1.46859E-02 
1.46859E-02 
2.09427E-02 
2.09427E-02 
2.09427E-02 
2.09427E-02 
2.09427E-02 
2.09427E-02 
2.09427E-02 
2.09427E-02 
2.09427E-02 
2.09427E-02 
2.09427E-02 
2.09427E-02 
2.09427E-02 
2.09427E-02 
2.09427E-02 
2.09427E-02 
2.09427E-02 
2.09427E-02 
2.09427E-02 
2.09427E-02 
2.09427E-02 
2.09427E-02 
2.09427E-02 
2.09427E-02 
2.09427E-02 
2.09427E-02 
2.89373E-02 
2.89373E-02 
2.89373E-02 
2.89373E-02 
2.89373E-02 
2.89373E-02 
2.89373E-02 
2.89373E-02 
2.89373E-02 
2.89373E-02 
2.89373E-02 
2.89373E-02 
2.89373E-02 
2.89373E-02 
2.89373E-02 
2.89373E-02 
2.89373E-02 
2.89373E-02 
2.89373E-02 
2.89373E-02 
2.89373E-02 
2.89373E-02 
2.89373E-02 
2.89373E-02 
2.89373E-02 
2.89373E-02 
3.89718E-02 
3.89718E-02 
3.89718E-02 
3.89718E-02 
3.89718E-02 
3.89718E-02 
3.89718E-02 
3.89718E-02 
3.89718E-02 
3.89718E-02 
3.89718E-02 
3.89718E-02 
3.89718E-02 
3.89718E-02 
3.89718E-02 
3.89718E-02 
3.89718E-02 
3.89718E-02 
3.89718E-02 
3.89718E-02 
3.89718E-02 
3.89718E-02 
3.89718E-02 
3.89718E-02 
3.89718E-02 
3.89718E-02 
5.14299E-02 
5.14299E-02 
5.14299E-02 
5.14299E-02 
5.14299E-02 
5.14299E-02 
5.14299E-02 
5.14299E-02 
5.14299E-02 
5.14299E-02 
5.14299E-02 
5.14299E-02 
5.14299E-02 
5.14299E-02 
5.14299E-02 
5.14299E-02 
5.14299E-02 
5.14299E-02 
5.14299E-02 
5.14299E-02 
5.14299E-02 
5.14299E-02 
5.14299E-02 
5.14299E-02 
5.14299E-02 
5.14299E-02 
6.65348E-02 
6.65348E-02 
6.65348E-02 
6.65348E-02 
6.65348E-02 
6.65348E-02 
6.65348E-02 
6.65348E-02 
6.65348E-02 
6.65348E-02 
6.65348E-02 
6.65348E-02 
6.65348E-02 
6.65348E-02 
6.65348E-02 
6.65348E-02 
6.65348E-02 
6.65348E-02 
6.65348E-02 
6.65348E-02 
6.65348E-02 
6.65348E-02 
6.65348E-02 
6.65348E-02 
6.65348E-02 
6.65348E-02 
8.49644E-02 
8.49644E-02 
8.49644E-02 
8.49644E-02 
8.49644E-02 
8.49644E-02 
8.49644E-02 
8.49644E-02 
8.49644E-02 
8.49644E-02 
8.49644E-02 
8.49644E-02 
8.49644E-02 
8.49644E-02 
8.49644E-02 
8.49644E-02 
8.49644E-02 
8.49644E-02 
8.49644E-02 
8.49644E-02 
8.49644E-02 
8.49644E-02 
8.49644E-02 
8.49644E-02 
8.49644E-02 
8.49644E-02 
1.07044E-01 
1.07044E-01 
1.07044E-01 
1.07044E-01 
1.07044E-01 
1.07044E-01 
1.07044E-01 
1.07044E-01 
1.07044E-01 
1.07044E-01 
1.07044E-01 
1.07044E-01 
1.07044E-01 
1.07044E-01 
1.07044E-01 
1.07044E-01 
1.07044E-01 
1.07044E-01 
1.07044E-01 
1.07044E-01 
1.07044E-01 
1.07044E-01 
1.07044E-01 
1.07044E-01 
1.07044E-01 
1.07044E-01 
1.33268E-01 
1.33268E-01 
1.33268E-01 
1.33268E-01 
1.33268E-01 
1.33268E-01 
1.33268E-01 
1.33268E-01 
1.33268E-01 
1.33268E-01 
1.33268E-01 
1.33268E-01 
1.33268E-01 
1.33268E-01 
1.33268E-01 
1.33268E-01 
1.33268E-01 
1.33268E-01 
1.33268E-01 
1.33268E-01 
1.33268E-01 
1.33268E-01 
1.33268E-01 
1.33268E-01 
1.33268E-01 
1.33268E-01 
1.64168E-01 
1.64168E-01 
1.64168E-01 
1.64168E-01 
1.64168E-01 
1.64168E-01 
1.64168E-01 
1.64168E-01 
1.64168E-01 
1.64168E-01 
1.64168E-01 
1.64168E-01 
1.64168E-01 
1.64168E-01 
1.64168E-01 
1.64168E-01 
1.64168E-01 
1.64168E-01 
1.64168E-01 
1.64168E-01 
1.64168E-01 
1.64168E-01 
1.64168E-01 
1.64168E-01 
1.64168E-01 
1.64168E-01 
2.00313E-01 
2.00313E-01 
2.00313E-01 
2.00313E-01 
2.00313E-01 
2.00313E-01 
2.00313E-01 
2.00313E-01 
2.00313E-01 
2.00313E-01 
2.00313E-01 
2.00313E-01 
2.00313E-01 
2.00313E-01 
2.00313E-01 
2.00313E-01 
2.00313E-01 
2.00313E-01 
2.00313E-01 
2.00313E-01 
2.00313E-01 
2.00313E-01 
2.00313E-01 
2.00313E-01 
2.00313E-01 
2.00313E-01 
2.42319E-01 
2.42319E-01 
2.42319E-01 
2.42319E-01 
2.42319E-01 
2.42319E-01 
2.42319E-01 
2.42319E-01 
2.42319E-01 
2.42319E-01 
2.42319E-01 
2.42319E-01 
2.42319E-01 
2.42319E-01 
2.42319E-01 
2.42319E-01 
2.42319E-01 
2.42319E-01 
2.42319E-01 
2.42319E-01 
2.42319E-01 
2.42319E-01 
2.42319E-01 
2.42319E-01 
2.42319E-01 
2.42319E-01 
2.90833E-01 
2.90833E-01 
2.90833E-01 
2.90833E-01 
2.90833E-01 
2.90833E-01 
2.90833E-01 
2.90833E-01 
2.90833E-01 
2.90833E-01 
2.90833E-01 
2.90833E-01 
2.90833E-01 
2.90833E-01 
2.90833E-01 
2.90833E-01 
2.90833E-01 
2.90833E-01 
2.90833E-01 
2.90833E-01 
2.90833E-01 
2.90833E-01 
2.90833E-01 
2.90833E-01 
2.90833E-01 
2.90833E-01 
3.46551E-01 
3.46551E-01 
3.46551E-01 
3.46551E-01 
3.46551E-01 
3.46551E-01 
3.46551E-01 
3.46551E-01 
3.46551E-01 
3.46551E-01 
3.46551E-01 
3.46551E-01 
3.46551E-01 
3.46551E-01 
3.46551E-01 
3.46551E-01 
3.46551E-01 
3.46551E-01 
3.46551E-01 
3.46551E-01 
3.46551E-01 
3.46551E-01 
3.46551E-01 
3.46551E-01 
3.46551E-01 
3.46551E-01 
4.10346E-01 
4.10346E-01 
4.10346E-01 
4.10346E-01 
4.10346E-01 
4.10346E-01 
4.10346E-01 
4.10346E-01 
4.10346E-01 
4.10346E-01 
4.10346E-01 
4.10346E-01 
4.10346E-01 
4.10346E-01 
4.10346E-01 
4.10346E-01 
4.10346E-01 
4.10346E-01 
4.10346E-01 
4.10346E-01 
4.10346E-01 
4.10346E-01 
4.10346E-01 
4.10346E-01 
4.10346E-01 
4.10346E-01 
4.82363E-01 
4.82363E-01 
4.82363E-01 
4.82363E-01 
4.82363E-01 
4.82363E-01 
4.82363E-01 
4.82363E-01 
4.82363E-01 
4.82363E-01 
4.82363E-01 
4.82363E-01 
4.82363E-01 
4.82363E-01 
4.82363E-01 
4.82363E-01 
4.82363E-01 
4.82363E-01 
4.82363E-01 
4.82363E-01 
4.82363E-01 
4.82363E-01 
4.82363E-01 
4.82363E-01 
4.82363E-01 
4.82363E-01 
5.64357E-01 
5.64357E-01 
5.64357E-01 
5.64357E-01 
5.64357E-01 
5.64357E-01 
5.64357E-01 
5.64357E-01 
5.64357E-01 
5.64357E-01 
5.64357E-01 
5.64357E-01 
5.64357E-01 
5.64357E-01 
5.64357E-01 
5.64357E-01 
5.64357E-01 
5.64357E-01 
5.64357E-01 
5.64357E-01 
5.64357E-01 
5.64357E-01 
5.64357E-01 
5.64357E-01 
5.64357E-01 
5.64357E-01 
6.56719E-01 
6.56719E-01 
6.56719E-01 
6.56719E-01 
6.56719E-01 
6.56719E-01 
6.56719E-01 
6.56719E-01 
6.56719E-01 
6.56719E-01 
6.56719E-01 
6.56719E-01 
6.56719E-01 
6.56719E-01 
6.56719E-01 
6.56719E-01 
6.56719E-01 
6.56719E-01 
6.56719E-01 
6.56719E-01 
6.56719E-01 
6.56719E-01 
6.56719E-01 
6.56719E-01 
6.56719E-01 
6.56719E-01 
7.60375E-01 
7.60375E-01 
7.60375E-01 
7.60375E-01 
7.60375E-01 
7.60375E-01 
7.60375E-01 
7.60375E-01 
7.60375E-01 
7.60375E-01 
7.60375E-01 
7.60375E-01 
7.60375E-01 
7.60375E-01 
7.60375E-01 
7.60375E-01 
7.60375E-01 
7.60375E-01 
7.60375E-01 
7.60375E-01 
7.60375E-01 
7.60375E-01 
7.60375E-01 
7.60375E-01 
7.60375E-01 
7.60375E-01 
8.76272E-01 
8.76272E-01 
8.76272E-01 
8.76272E-01 
8.76272E-01 
8.76272E-01 
8.76272E-01 
8.76272E-01 
8.76272E-01 
8.76272E-01 
8.76272E-01 
8.76272E-01 
8.76272E-01 
8.76272E-01 
8.76272E-01 
8.76272E-01 
8.76272E-01 
8.76272E-01 
8.76272E-01 
8.76272E-01 
8.76272E-01 
8.76272E-01 
8.76272E-01 
8.76272E-01 
8.76272E-01 
8.76272E-01 
1.00543E+00 
1.00543E+00 
1.00543E+00 
1.00543E+00 
1.00543E+00 
1.00543E+00 
1.00543E+00 
1.00543E+00 
1.00543E+00 
1.00543E+00 
1.00543E+00 
1.00543E+00 
1.00543E+00 
1.00543E+00 
1.00543E+00 
1.00543E+00 
1.00543E+00 
1.00543E+00 
1.00543E+00 
1.00543E+00 
1.00543E+00 
1.00543E+00 
1.00543E+00 
1.00543E+00 
1.00543E+00 
1.00543E+00 
1.14883E+00 
1.14883E+00 
1.14883E+00 
1.14883E+00 
1.14883E+00 
1.14883E+00 
1.14883E+00 
1.14883E+00 
1.14883E+00 
1.14883E+00 
1.14883E+00 
1.14883E+00 
1.14883E+00 
1.14883E+00 
1.14883E+00 
1.14883E+00 
1.14883E+00 
1.14883E+00 
1.14883E+00 
1.14883E+00 
1.14883E+00 
1.14883E+00 
1.14883E+00 
1.14883E+00 
1.14883E+00 
1.14883E+00 
1.30807E+00 
1.30807E+00 
1.30807E+00 
1.30807E+00 
1.30807E+00 
1.30807E+00 
1.30807E+00 
1.30807E+00 
1.30807E+00 
1.30807E+00 
1.30807E+00 
1.30807E+00 
1.30807E+00 
1.30807E+00 
1.30807E+00 
1.30807E+00 
1.30807E+00 
1.30807E+00 
1.30807E+00 
1.30807E+00 
1.30807E+00 
1.30807E+00 
1.30807E+00 
1.30807E+00 
1.30807E+00 
1.30807E+00 
1.48327E+00 
1.48327E+00 
1.48327E+00 
1.48327E+00 
1.48327E+00 
1.48327E+00 
1.48327E+00 
1.48327E+00 
1.48327E+00 
1.48327E+00 
1.48327E+00 
1.48327E+00 
1.48327E+00 
1.48327E+00 
1.48327E+00 
1.48327E+00 
1.48327E+00 
1.48327E+00 
1.48327E+00 
1.48327E+00 
1.48327E+00 
1.48327E+00 
1.48327E+00 
1.48327E+00 
1.48327E+00 
1.48327E+00 
1.67627E+00 
1.67627E+00 
1.67627E+00 
1.67627E+00 
1.67627E+00 
1.67627E+00 
1.67627E+00 
1.67627E+00 
1.67627E+00 
1.67627E+00 
1.67627E+00 
1.67627E+00 
1.67627E+00 
1.67627E+00 
1.67627E+00 
1.67627E+00 
1.67627E+00 
1.67627E+00 
1.67627E+00 
1.67627E+00 
1.67627E+00 
1.67627E+00 
1.67627E+00 
1.67627E+00 
1.67627E+00 
1.67627E+00 
1.88827E+00 
1.88827E+00 
1.88827E+00 
1.88827E+00 
1.88827E+00 
1.88827E+00 
1.88827E+00 
1.88827E+00 
1.88827E+00 
1.88827E+00 
1.88827E+00 
1.88827E+00 
1.88827E+00 
1.88827E+00 
1.88827E+00 
1.88827E+00 
1.88827E+00 
1.88827E+00 
1.88827E+00 
1.88827E+00 
1.88827E+00 
1.88827E+00 
1.88827E+00 
1.88827E+00 
1.88827E+00 
1.88827E+00 
2.12053E+00 
2.12053E+00 
2.12053E+00 
2.12053E+00 
2.12053E+00 
2.12053E+00 
2.12053E+00 
2.12053E+00 
2.12053E+00 
2.12053E+00 
2.12053E+00 
2.12053E+00 
2.12053E+00 
2.12053E+00 
2.12053E+00 
2.12053E+00 
2.12053E+00 
2.12053E+00 
2.12053E+00 
2.12053E+00 
2.12053E+00 
2.12053E+00 
2.12053E+00 
2.12053E+00 
2.12053E+00 
2.12053E+00 
2.37436E+00 
2.37436E+00 
2.37436E+00 
2.37436E+00 
2.37436E+00 
2.37436E+00 
2.37436E+00 
2.37436E+00 
2.37436E+00 
2.37436E+00 
2.37436E+00 
2.37436E+00 
2.37436E+00 
2.37436E+00 
2.37436E+00 
2.37436E+00 
2.37436E+00 
2.37436E+00 
2.37436E+00 
2.37436E+00 
2.37436E+00 
2.37436E+00 
2.37436E+00 
2.37436E+00 
2.37436E+00 
2.37436E+00 
2.65112E+00 
2.65112E+00 
2.65112E+00 
2.65112E+00 
2.65112E+00 
2.65112E+00 
2.65112E+00 
2.65112E+00 
2.65112E+00 
2.65112E+00 
2.65112E+00 
2.65112E+00 
2.65112E+00 
2.65112E+00 
2.65112E+00 
2.65112E+00 
2.65112E+00 
2.65112E+00 
2.65112E+00 
2.65112E+00 
2.65112E+00 
2.65112E+00 
2.65112E+00 
2.65112E+00 
2.65112E+00 
2.65112E+00 
2.95233E+00 
2.95233E+00 
2.95233E+00 
2.95233E+00 
2.95233E+00 
2.95233E+00 
2.95233E+00 
2.95233E+00 
2.95233E+00 
2.95233E+00 
2.95233E+00 
2.95233E+00 
2.95233E+00 
2.95233E+00 
2.95233E+00 
2.95233E+00 
2.95233E+00 
2.95233E+00 
2.95233E+00 
2.95233E+00 
2.95233E+00 
2.95233E+00 
2.95233E+00 
2.95233E+00 
2.95233E+00 
2.95233E+00 
3.27921E+00 
3.27921E+00 
3.27921E+00 
3.27921E+00 
3.27921E+00 
3.27921E+00 
3.27921E+00 
3.27921E+00 
3.27921E+00 
3.27921E+00 
3.27921E+00 
3.27921E+00 
3.27921E+00 
3.27921E+00 
3.27921E+00 
3.27921E+00 
3.27921E+00 
3.27921E+00 
3.27921E+00 
3.27921E+00 
3.27921E+00 
3.27921E+00 
3.27921E+00 
3.27921E+00 
3.27921E+00 
3.27921E+00 
---
