PdfType: replica
Format: lhagrid1
---
1.00000E-06 1.28121E-06 1.64152E-06 2.10317E-06 2.69463E-06 3.45242E-06 4.42329E-06 5.66715E-06 7.26076E-06 9.30241E-06 1.19180E-05 1.52689E-05 1.95617E-05 2.50609E-05 3.21053E-05 4.11287E-05 5.26863E-05 6.74889E-05 8.64459E-05 1.10720E-04 1.41800E-04 1.81585E-04 2.32503E-04 2.97652E-04 3.80981E-04 4.87518E-04 6.26039E-04 8.00452E-04 1.02297E-03 1.30657E-03 1.66759E-03 2.12729E-03 2.71054E-03 3.44865E-03 4.37927E-03 5.54908E-03 7.01192E-03 8.83064E-03 1.10763E-02 1.38266E-02 1.71641E-02 2.11717E-02 2.59364E-02 3.15062E-02 3.79623E-02 4.53425E-02 5.36750E-02 6.29705E-02 7.32221E-02 8.44039E-02 9.64793E-02 1.09332E-01 1.23067E-01 1.37507E-01 1.52639E-01 1.68416E-01 1.84794E-01 2.01731E-01 2.19016E-01 2.36948E-01 2.55242E-01 2.73927E-01 2.92954E-01 3.12340E-01 3.32036E-01 3.52019E-01 3.72282E-01 3.92772E-01 4.13533E-01 4.34326E-01 4.55495E-01 4.76836E-01 4.98342E-01 5.20006E-01 5.41818E-01 5.63773E-01 5.85861E-01 6.08077E-01 6.30459E-01 6.52800E-01 6.75387E-01 6.98063E-01 7.20830E-01 7.43683E-01 7.66623E-01 7.89636E-01 8.12791E-01 8.35940E-01 8.59175E-01 8.82485E-01 9.05866E-01 9.29311E-01 9.52817E-01 9.76387E-01 1.00000E+00 
1.14018E+00 1.22539E+00 1.32482E+00 1.44156E+00 1.57954E+00 1.74381E+00 1.94091E+00 2.12132E+00 2.17945E+00 2.49622E+00 2.89383E+00 3.39925E+00 4.05063E+00 4.90286E+00 6.03623E+00 7.57063E+00 9.68869E+00 1.26749E+01 1.69835E+01 2.33578E+01 3.30501E+01 4.82334E+01 7.28041E+01 1.13998E+02 1.85779E+02 3.16228E+02 
908
-2.06220E-11 
-2.06220E-11 
-2.06220E-11 
-2.06220E-11 
-2.06220E-11 
-2.06220E-11 
-2.06220E-11 
-2.06220E-11 
-2.06220E-11 
-2.06220E-11 
-2.06220E-11 
-2.06220E-11 
-2.06220E-11 
-2.06220E-11 
-2.06220E-11 
-2.06220E-11 
-2.06220E-11 
-2.06220E-11 
-2.06220E-11 
-2.06220E-11 
-2.06220E-11 
-2.06220E-11 
-2.06220E-11 
-2.06220E-11 
-2.06220E-11 
-2.06220E-11 
-3.20950E-11 
-3.20950E-11 
-3.20950E-11 
-3.20950E-11 
-3.20950E-11 
-3.20950E-11 
-3.20950E-11 
-3.20950E-11 
-3.20950E-11 
-3.20950E-11 
-3.20950E-11 
-3.20950E-11 
-3.20950E-11 
-3.20950E-11 
-3.20950E-11 
-3.20950E-11 
-3.20950E-11 
-3.20950E-11 
-3.20950E-11 
-3.20950E-11 
-3.20950E-11 
-3.20950E-11 
-3.20950E-11 
-3.20950E-11 
-3.20950E-11 
-3.20950E-11 
-4.99523E-11 
-4.99523E-11 
-4.99523E-11 
-4.99523E-11 
-4.99523E-11 
-4.99523E-11 
-4.99523E-11 
-4.99523E-11 
-4.99523E-11 
-4.99523E-11 
-4.99523E-11 
-4.99523E-11 
-4.99523E-11 
-4.99523E-11 
-4.99523E-11 
-4.99523E-11 
-4.99523E-11 
-4.99523E-11 
-4.99523E-11 
-4.99523E-11 
-4.99523E-11 
-4.99523E-11 
-4.99523E-11 
-4.99523E-11 
-4.99523E-11 
-4.99523E-11 
-7.77458E-11 
-7.77458E-11 
-7.77458E-11 
-7.77458E-11 
-7.77458E-11 
-7.77458E-11 
-7.77458E-11 
-7.77458E-11 
-7.77458E-11 
-7.77458E-11 
-7.77458E-11 
-7.77458E-11 
-7.77458E-11 
-7.77458E-11 
-7.77458E-11 
-7.77458E-11 
-7.77458E-11 
-7.77458E-11 
-7.77458E-11 
-7.77458E-11 
-7.77458E-11 
-7.77458E-11 
-7.77458E-11 
-7.77458E-11 
-7.77458E-11 
-7.77458E-11 
-1.21002E-10 
-1.21002E-10 
-1.21002E-10 
-1.21002E-10 
-1.21002E-10 
-1.21002E-10 
-1.21002E-10 
-1.21002E-10 
-1.21002E-10 
-1.21002E-10 
-1.21002E-10 
-1.21002E-10 
-1.21002E-10 
-1.21002E-10 
-1.21002E-10 
-1.21002E-10 
-1.21002E-10 
-1.21002E-10 
-1.21002E-10 
-1.21002E-10 
-1.21002E-10 
-1.21002E-10 
-1.21002E-10 
-1.21002E-10 
-1.21002E-10 
-1.21002E-10 
-1.88325E-10 
-1.88325E-10 
-1.88325E-10 
-1.88325E-10 
-1.88325E-10 
-1.88325E-10 
-1.88325E-10 
-1.88325E-10 
-1.88325E-10 
-1.88325E-10 
-1.88325E-10 
-1.88325E-10 
-1.88325E-10 
-1.88325E-10 
-1.88325E-10 
-1.88325E-10 
-1.88325E-10 
-1.88325E-10 
-1.88325E-10 
-1.88325E-10 
-1.88325E-10 
-1.88325E-10 
-1.88325E-10 
-1.88325E-10 
-1.88325E-10 
-1.88325E-10 
-2.93100E-10 
-2.93100E-10 
-2.93100E-10 
-2.93100E-10 
-2.93100E-10 
-2.93100E-10 
-2.93100E-10 
-2.93100E-10 
-2.93100E-10 
-2.93100E-10 
-2.93100E-10 
-2.93100E-10 
-2.93100E-10 
-2.93100E-10 
-2.93100E-10 
-2.93100E-10 
-2.93100E-10 
-2.93100E-10 
-2.93100E-10 
-2.93100E-10 
-2.93100E-10 
-2.93100E-10 
-2.93100E-10 
-2.93100E-10 
-2.93100E-10 
-2.93100E-10 
-4.56164E-10 
-4.56164E-10 
-4.56164E-10 
-4.56164E-10 
-4.56164E-10 
-4.56164E-10 
-4.56164E-10 
-4.56164E-10 
-4.56164E-10 
-4.56164E-10 
-4.56164E-10 
-4.56164E-10 
-4.56164E-10 
-4.56164E-10 
-4.56164E-10 
-4.56164E-10 
-4.56164E-10 
-4.56164E-10 
-4.56164E-10 
-4.56164E-10 
-4.56164E-10 
-4.56164E-10 
-4.56164E-10 
-4.56164E-10 
-4.56164E-10 
-4.56164E-10 
-7.09940E-10 
-7.09940E-10 
-7.09940E-10 
-7.09940E-10 
-7.09940E-10 
-7.09940E-10 
-7.09940E-10 
-7.09940E-10 
-7.09940E-10 
-7.09940E-10 
-7.09940E-10 
-7.09940E-10 
-7.09940E-10 
-7.09940E-10 
-7.09940E-10 
-7.09940E-10 
-7.09940E-10 
-7.09940E-10 
-7.09940E-10 
-7.09940E-10 
-7.09940E-10 
-7.09940E-10 
-7.09940E-10 
-7.09940E-10 
-7.09940E-10 
-7.09940E-10 
-1.10488E-09 
-1.10488E-09 
-1.10488E-09 
-1.10488E-09 
-1.10488E-09 
-1.10488E-09 
-1.10488E-09 
-1.10488E-09 
-1.10488E-09 
-1.10488E-09 
-1.10488E-09 
-1.10488E-09 
-1.10488E-09 
-1.10488E-09 
-1.10488E-09 
-1.10488E-09 
-1.10488E-09 
-1.10488E-09 
-1.10488E-09 
-1.10488E-09 
-1.10488E-09 
-1.10488E-09 
-1.10488E-09 
-1.10488E-09 
-1.10488E-09 
-1.10488E-09 
-1.71948E-09 
-1.71948E-09 
-1.71948E-09 
-1.71948E-09 
-1.71948E-09 
-1.71948E-09 
-1.71948E-09 
-1.71948E-09 
-1.71948E-09 
-1.71948E-09 
-1.71948E-09 
-1.71948E-09 
-1.71948E-09 
-1.71948E-09 
-1.71948E-09 
-1.71948E-09 
-1.71948E-09 
-1.71948E-09 
-1.71948E-09 
-1.71948E-09 
-1.71948E-09 
-1.71948E-09 
-1.71948E-09 
-1.71948E-09 
-1.71948E-09 
-1.71948E-09 
-2.67592E-09 
-2.67592E-09 
-2.67592E-09 
-2.67592E-09 
-2.67592E-09 
-2.67592E-09 
-2.67592E-09 
-2.67592E-09 
-2.67592E-09 
-2.67592E-09 
-2.67592E-09 
-2.67592E-09 
-2.67592E-09 
-2.67592E-09 
-2.67592E-09 
-2.67592E-09 
-2.67592E-09 
-2.67592E-09 
-2.67592E-09 
-2.67592E-09 
-2.67592E-09 
-2.67592E-09 
-2.67592E-09 
-2.67592E-09 
-2.67592E-09 
-2.67592E-09 
-4.16425E-09 
-4.16425E-09 
-4.16425E-09 
-4.16425E-09 
-4.16425E-09 
-4.16425E-09 
-4.16425E-09 
-4.16425E-09 
-4.16425E-09 
-4.16425E-09 
-4.16425E-09 
-4.16425E-09 
-4.16425E-09 
-4.16425E-09 
-4.16425E-09 
-4.16425E-09 
-4.16425E-09 
-4.16425E-09 
-4.16425E-09 
-4.16425E-09 
-4.16425E-09 
-4.16425E-09 
-4.16425E-09 
-4.16425E-09 
-4.16425E-09 
-4.16425E-09 
-6.48013E-09 
-6.48013E-09 
-6.48013E-09 
-6.48013E-09 
-6.48013E-09 
-6.48013E-09 
-6.48013E-09 
-6.48013E-09 
-6.48013E-09 
-6.48013E-09 
-6.48013E-09 
-6.48013E-09 
-6.48013E-09 
-6.48013E-09 
-6.48013E-09 
-6.48013E-09 
-6.48013E-09 
-6.48013E-09 
-6.48013E-09 
-6.48013E-09 
-6.48013E-09 
-6.48013E-09 
-6.48013E-09 
-6.48013E-09 
-6.48013E-09 
-6.48013E-09 
-1.00835E-08 
-1.00835E-08 
-1.00835E-08 
-1.00835E-08 
-1.00835E-08 
-1.00835E-08 
-1.00835E-08 
-1.00835E-08 
-1.00835E-08 
-1.00835E-08 
-1.00835E-08 
-1.00835E-08 
-1.00835E-08 
-1.00835E-08 
-1.00835E-08 
-1.00835E-08 
-1.00835E-08 
-1.00835E-08 
-1.00835E-08 
-1.00835E-08 
-1.00835E-08 
-1.00835E-08 
-1.00835E-08 
-1.00835E-08 
-1.00835E-08 
-1.00835E-08 
-1.56897E-08 
-1.56897E-08 
-1.56897E-08 
-1.56897E-08 
-1.56897E-08 
-1.56897E-08 
-1.56897E-08 
-1.56897E-08 
-1.56897E-08 
-1.56897E-08 
-1.56897E-08 
-1.56897E-08 
-1.56897E-08 
-1.56897E-08 
-1.56897E-08 
-1.56897E-08 
-1.56897E-08 
-1.56897E-08 
-1.56897E-08 
-1.56897E-08 
-1.56897E-08 
-1.56897E-08 
-1.56897E-08 
-1.56897E-08 
-1.56897E-08 
-1.56897E-08 
-2.44110E-08 
-2.44110E-08 
-2.44110E-08 
-2.44110E-08 
-2.44110E-08 
-2.44110E-08 
-2.44110E-08 
-2.44110E-08 
-2.44110E-08 
-2.44110E-08 
-2.44110E-08 
-2.44110E-08 
-2.44110E-08 
-2.44110E-08 
-2.44110E-08 
-2.44110E-08 
-2.44110E-08 
-2.44110E-08 
-2.44110E-08 
-2.44110E-08 
-2.44110E-08 
-2.44110E-08 
-2.44110E-08 
-2.44110E-08 
-2.44110E-08 
-2.44110E-08 
-3.79771E-08 
-3.79771E-08 
-3.79771E-08 
-3.79771E-08 
-3.79771E-08 
-3.79771E-08 
-3.79771E-08 
-3.79771E-08 
-3.79771E-08 
-3.79771E-08 
-3.79771E-08 
-3.79771E-08 
-3.79771E-08 
-3.79771E-08 
-3.79771E-08 
-3.79771E-08 
-3.79771E-08 
-3.79771E-08 
-3.79771E-08 
-3.79771E-08 
-3.79771E-08 
-3.79771E-08 
-3.79771E-08 
-3.79771E-08 
-3.79771E-08 
-3.79771E-08 
-5.90760E-08 
-5.90760E-08 
-5.90760E-08 
-5.90760E-08 
-5.90760E-08 
-5.90760E-08 
-5.90760E-08 
-5.90760E-08 
-5.90760E-08 
-5.90760E-08 
-5.90760E-08 
-5.90760E-08 
-5.90760E-08 
-5.90760E-08 
-5.90760E-08 
-5.90760E-08 
-5.90760E-08 
-5.90760E-08 
-5.90760E-08 
-5.90760E-08 
-5.90760E-08 
-5.90760E-08 
-5.90760E-08 
-5.90760E-08 
-5.90760E-08 
-5.90760E-08 
-9.18840E-08 
-9.18840E-08 
-9.18840E-08 
-9.18840E-08 
-9.18840E-08 
-9.18840E-08 
-9.18840E-08 
-9.18840E-08 
-9.18840E-08 
-9.18840E-08 
-9.18840E-08 
-9.18840E-08 
-9.18840E-08 
-9.18840E-08 
-9.18840E-08 
-9.18840E-08 
-9.18840E-08 
-9.18840E-08 
-9.18840E-08 
-9.18840E-08 
-9.18840E-08 
-9.18840E-08 
-9.18840E-08 
-9.18840E-08 
-9.18840E-08 
-9.18840E-08 
-1.42890E-07 
-1.42890E-07 
-1.42890E-07 
-1.42890E-07 
-1.42890E-07 
-1.42890E-07 
-1.42890E-07 
-1.42890E-07 
-1.42890E-07 
-1.42890E-07 
-1.42890E-07 
-1.42890E-07 
-1.42890E-07 
-1.42890E-07 
-1.42890E-07 
-1.42890E-07 
-1.42890E-07 
-1.42890E-07 
-1.42890E-07 
-1.42890E-07 
-1.42890E-07 
-1.42890E-07 
-1.42890E-07 
-1.42890E-07 
-1.42890E-07 
-1.42890E-07 
-2.22163E-07 
-2.22163E-07 
-2.22163E-07 
-2.22163E-07 
-2.22163E-07 
-2.22163E-07 
-2.22163E-07 
-2.22163E-07 
-2.22163E-07 
-2.22163E-07 
-2.22163E-07 
-2.22163E-07 
-2.22163E-07 
-2.22163E-07 
-2.22163E-07 
-2.22163E-07 
-2.22163E-07 
-2.22163E-07 
-2.22163E-07 
-2.22163E-07 
-2.22163E-07 
-2.22163E-07 
-2.22163E-07 
-2.22163E-07 
-2.22163E-07 
-2.22163E-07 
-3.45324E-07 
-3.45324E-07 
-3.45324E-07 
-3.45324E-07 
-3.45324E-07 
-3.45324E-07 
-3.45324E-07 
-3.45324E-07 
-3.45324E-07 
-3.45324E-07 
-3.45324E-07 
-3.45324E-07 
-3.45324E-07 
-3.45324E-07 
-3.45324E-07 
-3.45324E-07 
-3.45324E-07 
-3.45324E-07 
-3.45324E-07 
-3.45324E-07 
-3.45324E-07 
-3.45324E-07 
-3.45324E-07 
-3.45324E-07 
-3.45324E-07 
-3.45324E-07 
-5.36588E-07 
-5.36588E-07 
-5.36588E-07 
-5.36588E-07 
-5.36588E-07 
-5.36588E-07 
-5.36588E-07 
-5.36588E-07 
-5.36588E-07 
-5.36588E-07 
-5.36588E-07 
-5.36588E-07 
-5.36588E-07 
-5.36588E-07 
-5.36588E-07 
-5.36588E-07 
-5.36588E-07 
-5.36588E-07 
-5.36588E-07 
-5.36588E-07 
-5.36588E-07 
-5.36588E-07 
-5.36588E-07 
-5.36588E-07 
-5.36588E-07 
-5.36588E-07 
-8.33448E-07 
-8.33448E-07 
-8.33448E-07 
-8.33448E-07 
-8.33448E-07 
-8.33448E-07 
-8.33448E-07 
-8.33448E-07 
-8.33448E-07 
-8.33448E-07 
-8.33448E-07 
-8.33448E-07 
-8.33448E-07 
-8.33448E-07 
-8.33448E-07 
-8.33448E-07 
-8.33448E-07 
-8.33448E-07 
-8.33448E-07 
-8.33448E-07 
-8.33448E-07 
-8.33448E-07 
-8.33448E-07 
-8.33448E-07 
-8.33448E-07 
-8.33448E-07 
-1.29388E-06 
-1.29388E-06 
-1.29388E-06 
-1.29388E-06 
-1.29388E-06 
-1.29388E-06 
-1.29388E-06 
-1.29388E-06 
-1.29388E-06 
-1.29388E-06 
-1.29388E-06 
-1.29388E-06 
-1.29388E-06 
-1.29388E-06 
-1.29388E-06 
-1.29388E-06 
-1.29388E-06 
-1.29388E-06 
-1.29388E-06 
-1.29388E-06 
-1.29388E-06 
-1.29388E-06 
-1.29388E-06 
-1.29388E-06 
-1.29388E-06 
-1.29388E-06 
-2.02109E-06 
-2.02109E-06 
-2.02109E-06 
-2.02109E-06 
-2.02109E-06 
-2.02109E-06 
-2.02109E-06 
-2.02109E-06 
-2.02109E-06 
-2.02109E-06 
-2.02109E-06 
-2.02109E-06 
-2.02109E-06 
-2.02109E-06 
-2.02109E-06 
-2.02109E-06 
-2.02109E-06 
-2.02109E-06 
-2.02109E-06 
-2.02109E-06 
-2.02109E-06 
-2.02109E-06 
-2.02109E-06 
-2.02109E-06 
-2.02109E-06 
-2.02109E-06 
-3.13241E-06 
-3.13241E-06 
-3.13241E-06 
-3.13241E-06 
-3.13241E-06 
-3.13241E-06 
-3.13241E-06 
-3.13241E-06 
-3.13241E-06 
-3.13241E-06 
-3.13241E-06 
-3.13241E-06 
-3.13241E-06 
-3.13241E-06 
-3.13241E-06 
-3.13241E-06 
-3.13241E-06 
-3.13241E-06 
-3.13241E-06 
-3.13241E-06 
-3.13241E-06 
-3.13241E-06 
-3.13241E-06 
-3.13241E-06 
-3.13241E-06 
-3.13241E-06 
-4.84997E-06 
-4.84997E-06 
-4.84997E-06 
-4.84997E-06 
-4.84997E-06 
-4.84997E-06 
-4.84997E-06 
-4.84997E-06 
-4.84997E-06 
-4.84997E-06 
-4.84997E-06 
-4.84997E-06 
-4.84997E-06 
-4.84997E-06 
-4.84997E-06 
-4.84997E-06 
-4.84997E-06 
-4.84997E-06 
-4.84997E-06 
-4.84997E-06 
-4.84997E-06 
-4.84997E-06 
-4.84997E-06 
-4.84997E-06 
-4.84997E-06 
-4.84997E-06 
-7.49995E-06 
-7.49995E-06 
-7.49995E-06 
-7.49995E-06 
-7.49995E-06 
-7.49995E-06 
-7.49995E-06 
-7.49995E-06 
-7.49995E-06 
-7.49995E-06 
-7.49995E-06 
-7.49995E-06 
-7.49995E-06 
-7.49995E-06 
-7.49995E-06 
-7.49995E-06 
-7.49995E-06 
-7.49995E-06 
-7.49995E-06 
-7.49995E-06 
-7.49995E-06 
-7.49995E-06 
-7.49995E-06 
-7.49995E-06 
-7.49995E-06 
-7.49995E-06 
-1.15802E-05 
-1.15802E-05 
-1.15802E-05 
-1.15802E-05 
-1.15802E-05 
-1.15802E-05 
-1.15802E-05 
-1.15802E-05 
-1.15802E-05 
-1.15802E-05 
-1.15802E-05 
-1.15802E-05 
-1.15802E-05 
-1.15802E-05 
-1.15802E-05 
-1.15802E-05 
-1.15802E-05 
-1.15802E-05 
-1.15802E-05 
-1.15802E-05 
-1.15802E-05 
-1.15802E-05 
-1.15802E-05 
-1.15802E-05 
-1.15802E-05 
-1.15802E-05 
-1.78586E-05 
-1.78586E-05 
-1.78586E-05 
-1.78586E-05 
-1.78586E-05 
-1.78586E-05 
-1.78586E-05 
-1.78586E-05 
-1.78586E-05 
-1.78586E-05 
-1.78586E-05 
-1.78586E-05 
-1.78586E-05 
-1.78586E-05 
-1.78586E-05 
-1.78586E-05 
-1.78586E-05 
-1.78586E-05 
-1.78586E-05 
-1.78586E-05 
-1.78586E-05 
-1.78586E-05 
-1.78586E-05 
-1.78586E-05 
-1.78586E-05 
-1.78586E-05 
-2.74730E-05 
-2.74730E-05 
-2.74730E-05 
-2.74730E-05 
-2.74730E-05 
-2.74730E-05 
-2.74730E-05 
-2.74730E-05 
-2.74730E-05 
-2.74730E-05 
-2.74730E-05 
-2.74730E-05 
-2.74730E-05 
-2.74730E-05 
-2.74730E-05 
-2.74730E-05 
-2.74730E-05 
-2.74730E-05 
-2.74730E-05 
-2.74730E-05 
-2.74730E-05 
-2.74730E-05 
-2.74730E-05 
-2.74730E-05 
-2.74730E-05 
-2.74730E-05 
-4.21327E-05 
-4.21327E-05 
-4.21327E-05 
-4.21327E-05 
-4.21327E-05 
-4.21327E-05 
-4.21327E-05 
-4.21327E-05 
-4.21327E-05 
-4.21327E-05 
-4.21327E-05 
-4.21327E-05 
-4.21327E-05 
-4.21327E-05 
-4.21327E-05 
-4.21327E-05 
-4.21327E-05 
-4.21327E-05 
-4.21327E-05 
-4.21327E-05 
-4.21327E-05 
-4.21327E-05 
-4.21327E-05 
-4.21327E-05 
-4.21327E-05 
-4.21327E-05 
-6.43534E-05 
-6.43534E-05 
-6.43534E-05 
-6.43534E-05 
-6.43534E-05 
-6.43534E-05 
-6.43534E-05 
-6.43534E-05 
-6.43534E-05 
-6.43534E-05 
-6.43534E-05 
-6.43534E-05 
-6.43534E-05 
-6.43534E-05 
-6.43534E-05 
-6.43534E-05 
-6.43534E-05 
-6.43534E-05 
-6.43534E-05 
-6.43534E-05 
-6.43534E-05 
-6.43534E-05 
-6.43534E-05 
-6.43534E-05 
-6.43534E-05 
-6.43534E-05 
-9.78431E-05 
-9.78431E-05 
-9.78431E-05 
-9.78431E-05 
-9.78431E-05 
-9.78431E-05 
-9.78431E-05 
-9.78431E-05 
-9.78431E-05 
-9.78431E-05 
-9.78431E-05 
-9.78431E-05 
-9.78431E-05 
-9.78431E-05 
-9.78431E-05 
-9.78431E-05 
-9.78431E-05 
-9.78431E-05 
-9.78431E-05 
-9.78431E-05 
-9.78431E-05 
-9.78431E-05 
-9.78431E-05 
-9.78431E-05 
-9.78431E-05 
-9.78431E-05 
-1.47889E-04 
-1.47889E-04 
-1.47889E-04 
-1.47889E-04 
-1.47889E-04 
-1.47889E-04 
-1.47889E-04 
-1.47889E-04 
-1.47889E-04 
-1.47889E-04 
-1.47889E-04 
-1.47889E-04 
-1.47889E-04 
-1.47889E-04 
-1.47889E-04 
-1.47889E-04 
-1.47889E-04 
-1.47889E-04 
-1.47889E-04 
-1.47889E-04 
-1.47889E-04 
-1.47889E-04 
-1.47889E-04 
-1.47889E-04 
-1.47889E-04 
-1.47889E-04 
-2.21943E-04 
-2.21943E-04 
-2.21943E-04 
-2.21943E-04 
-2.21943E-04 
-2.21943E-04 
-2.21943E-04 
-2.21943E-04 
-2.21943E-04 
-2.21943E-04 
-2.21943E-04 
-2.21943E-04 
-2.21943E-04 
-2.21943E-04 
-2.21943E-04 
-2.21943E-04 
-2.21943E-04 
-2.21943E-04 
-2.21943E-04 
-2.21943E-04 
-2.21943E-04 
-2.21943E-04 
-2.21943E-04 
-2.21943E-04 
-2.21943E-04 
-2.21943E-04 
-3.30230E-04 
-3.30230E-04 
-3.30230E-04 
-3.30230E-04 
-3.30230E-04 
-3.30230E-04 
-3.30230E-04 
-3.30230E-04 
-3.30230E-04 
-3.30230E-04 
-3.30230E-04 
-3.30230E-04 
-3.30230E-04 
-3.30230E-04 
-3.30230E-04 
-3.30230E-04 
-3.30230E-04 
-3.30230E-04 
-3.30230E-04 
-3.30230E-04 
-3.30230E-04 
-3.30230E-04 
-3.30230E-04 
-3.30230E-04 
-3.30230E-04 
-3.30230E-04 
-4.86353E-04 
-4.86353E-04 
-4.86353E-04 
-4.86353E-04 
-4.86353E-04 
-4.86353E-04 
-4.86353E-04 
-4.86353E-04 
-4.86353E-04 
-4.86353E-04 
-4.86353E-04 
-4.86353E-04 
-4.86353E-04 
-4.86353E-04 
-4.86353E-04 
-4.86353E-04 
-4.86353E-04 
-4.86353E-04 
-4.86353E-04 
-4.86353E-04 
-4.86353E-04 
-4.86353E-04 
-4.86353E-04 
-4.86353E-04 
-4.86353E-04 
-4.86353E-04 
-7.07816E-04 
-7.07816E-04 
-7.07816E-04 
-7.07816E-04 
-7.07816E-04 
-7.07816E-04 
-7.07816E-04 
-7.07816E-04 
-7.07816E-04 
-7.07816E-04 
-7.07816E-04 
-7.07816E-04 
-7.07816E-04 
-7.07816E-04 
-7.07816E-04 
-7.07816E-04 
-7.07816E-04 
-7.07816E-04 
-7.07816E-04 
-7.07816E-04 
-7.07816E-04 
-7.07816E-04 
-7.07816E-04 
-7.07816E-04 
-7.07816E-04 
-7.07816E-04 
-1.01611E-03 
-1.01611E-03 
-1.01611E-03 
-1.01611E-03 
-1.01611E-03 
-1.01611E-03 
-1.01611E-03 
-1.01611E-03 
-1.01611E-03 
-1.01611E-03 
-1.01611E-03 
-1.01611E-03 
-1.01611E-03 
-1.01611E-03 
-1.01611E-03 
-1.01611E-03 
-1.01611E-03 
-1.01611E-03 
-1.01611E-03 
-1.01611E-03 
-1.01611E-03 
-1.01611E-03 
-1.01611E-03 
-1.01611E-03 
-1.01611E-03 
-1.01611E-03 
-1.43705E-03 
-1.43705E-03 
-1.43705E-03 
-1.43705E-03 
-1.43705E-03 
-1.43705E-03 
-1.43705E-03 
-1.43705E-03 
-1.43705E-03 
-1.43705E-03 
-1.43705E-03 
-1.43705E-03 
-1.43705E-03 
-1.43705E-03 
-1.43705E-03 
-1.43705E-03 
-1.43705E-03 
-1.43705E-03 
-1.43705E-03 
-1.43705E-03 
-1.43705E-03 
-1.43705E-03 
-1.43705E-03 
-1.43705E-03 
-1.43705E-03 
-1.43705E-03 
-1.99603E-03 
-1.99603E-03 
-1.99603E-03 
-1.99603E-03 
-1.99603E-03 
-1.99603E-03 
-1.99603E-03 
-1.99603E-03 
-1.99603E-03 
-1.99603E-03 
-1.99603E-03 
-1.99603E-03 
-1.99603E-03 
-1.99603E-03 
-1.99603E-03 
-1.99603E-03 
-1.99603E-03 
-1.99603E-03 
-1.99603E-03 
-1.99603E-03 
-1.99603E-03 
-1.99603E-03 
-1.99603E-03 
-1.99603E-03 
-1.99603E-03 
-1.99603E-03 
-2.72316E-03 
-2.72316E-03 
-2.72316E-03 
-2.72316E-03 
-2.72316E-03 
-2.72316E-03 
-2.72316E-03 
-2.72316E-03 
-2.72316E-03 
-2.72316E-03 
-2.72316E-03 
-2.72316E-03 
-2.72316E-03 
-2.72316E-03 
-2.72316E-03 
-2.72316E-03 
-2.72316E-03 
-2.72316E-03 
-2.72316E-03 
-2.72316E-03 
-2.72316E-03 
-2.72316E-03 
-2.72316E-03 
-2.72316E-03 
-2.72316E-03 
-2.72316E-03 
-3.64374E-03 
-3.64374E-03 
-3.64374E-03 
-3.64374E-03 
-3.64374E-03 
-3.64374E-03 
-3.64374E-03 
-3.64374E-03 
-3.64374E-03 
-3.64374E-03 
-3.64374E-03 
-3.64374E-03 
-3.64374E-03 
-3.64374E-03 
-3.64374E-03 
-3.64374E-03 
-3.64374E-03 
-3.64374E-03 
-3.64374E-03 
-3.64374E-03 
-3.64374E-03 
-3.64374E-03 
-3.64374E-03 
-3.64374E-03 
-3.64374E-03 
-3.64374E-03 
-4.77831E-03 
-4.77831E-03 
-4.77831E-03 
-4.77831E-03 
-4.77831E-03 
-4.77831E-03 
-4.77831E-03 
-4.77831E-03 
-4.77831E-03 
-4.77831E-03 
-4.77831E-03 
-4.77831E-03 
-4.77831E-03 
-4.77831E-03 
-4.77831E-03 
-4.77831E-03 
-4.77831E-03 
-4.77831E-03 
-4.77831E-03 
-4.77831E-03 
-4.77831E-03 
-4.77831E-03 
-4.77831E-03 
-4.77831E-03 
-4.77831E-03 
-4.77831E-03 
-6.13830E-03 
-6.13830E-03 
-6.13830E-03 
-6.13830E-03 
-6.13830E-03 
-6.13830E-03 
-6.13830E-03 
-6.13830E-03 
-6.13830E-03 
-6.13830E-03 
-6.13830E-03 
-6.13830E-03 
-6.13830E-03 
-6.13830E-03 
-6.13830E-03 
-6.13830E-03 
-6.13830E-03 
-6.13830E-03 
-6.13830E-03 
-6.13830E-03 
-6.13830E-03 
-6.13830E-03 
-6.13830E-03 
-6.13830E-03 
-6.13830E-03 
-6.13830E-03 
-7.72247E-03 
-7.72247E-03 
-7.72247E-03 
-7.72247E-03 
-7.72247E-03 
-7.72247E-03 
-7.72247E-03 
-7.72247E-03 
-7.72247E-03 
-7.72247E-03 
-7.72247E-03 
-7.72247E-03 
-7.72247E-03 
-7.72247E-03 
-7.72247E-03 
-7.72247E-03 
-7.72247E-03 
-7.72247E-03 
-7.72247E-03 
-7.72247E-03 
-7.72247E-03 
-7.72247E-03 
-7.72247E-03 
-7.72247E-03 
-7.72247E-03 
-7.72247E-03 
-9.51334E-03 
-9.51334E-03 
-9.51334E-03 
-9.51334E-03 
-9.51334E-03 
-9.51334E-03 
-9.51334E-03 
-9.51334E-03 
-9.51334E-03 
-9.51334E-03 
-9.51334E-03 
-9.51334E-03 
-9.51334E-03 
-9.51334E-03 
-9.51334E-03 
-9.51334E-03 
-9.51334E-03 
-9.51334E-03 
-9.51334E-03 
-9.51334E-03 
-9.51334E-03 
-9.51334E-03 
-9.51334E-03 
-9.51334E-03 
-9.51334E-03 
-9.51334E-03 
-1.14759E-02 
-1.14759E-02 
-1.14759E-02 
-1.14759E-02 
-1.14759E-02 
-1.14759E-02 
-1.14759E-02 
-1.14759E-02 
-1.14759E-02 
-1.14759E-02 
-1.14759E-02 
-1.14759E-02 
-1.14759E-02 
-1.14759E-02 
-1.14759E-02 
-1.14759E-02 
-1.14759E-02 
-1.14759E-02 
-1.14759E-02 
-1.14759E-02 
-1.14759E-02 
-1.14759E-02 
-1.14759E-02 
-1.14759E-02 
-1.14759E-02 
-1.14759E-02 
-1.35452E-02 
-1.35452E-02 
-1.35452E-02 
-1.35452E-02 
-1.35452E-02 
-1.35452E-02 
-1.35452E-02 
-1.35452E-02 
-1.35452E-02 
-1.35452E-02 
-1.35452E-02 
-1.35452E-02 
-1.35452E-02 
-1.35452E-02 
-1.35452E-02 
-1.35452E-02 
-1.35452E-02 
-1.35452E-02 
-1.35452E-02 
-1.35452E-02 
-1.35452E-02 
-1.35452E-02 
-1.35452E-02 
-1.35452E-02 
-1.35452E-02 
-1.35452E-02 
-1.56737E-02 
-1.56737E-02 
-1.56737E-02 
-1.56737E-02 
-1.56737E-02 
-1.56737E-02 
-1.56737E-02 
-1.56737E-02 
-1.56737E-02 
-1.56737E-02 
-1.56737E-02 
-1.56737E-02 
-1.56737E-02 
-1.56737E-02 
-1.56737E-02 
-1.56737E-02 
-1.56737E-02 
-1.56737E-02 
-1.56737E-02 
-1.56737E-02 
-1.56737E-02 
-1.56737E-02 
-1.56737E-02 
-1.56737E-02 
-1.56737E-02 
-1.56737E-02 
-1.77513E-02 
-1.77513E-02 
-1.77513E-02 
-1.77513E-02 
-1.77513E-02 
-1.77513E-02 
-1.77513E-02 
-1.77513E-02 
-1.77513E-02 
-1.77513E-02 
-1.77513E-02 
-1.77513E-02 
-1.77513E-02 
-1.77513E-02 
-1.77513E-02 
-1.77513E-02 
-1.77513E-02 
-1.77513E-02 
-1.77513E-02 
-1.77513E-02 
-1.77513E-02 
-1.77513E-02 
-1.77513E-02 
-1.77513E-02 
-1.77513E-02 
-1.77513E-02 
-1.96767E-02 
-1.96767E-02 
-1.96767E-02 
-1.96767E-02 
-1.96767E-02 
-1.96767E-02 
-1.96767E-02 
-1.96767E-02 
-1.96767E-02 
-1.96767E-02 
-1.96767E-02 
-1.96767E-02 
-1.96767E-02 
-1.96767E-02 
-1.96767E-02 
-1.96767E-02 
-1.96767E-02 
-1.96767E-02 
-1.96767E-02 
-1.96767E-02 
-1.96767E-02 
-1.96767E-02 
-1.96767E-02 
-1.96767E-02 
-1.96767E-02 
-1.96767E-02 
-2.13270E-02 
-2.13270E-02 
-2.13270E-02 
-2.13270E-02 
-2.13270E-02 
-2.13270E-02 
-2.13270E-02 
-2.13270E-02 
-2.13270E-02 
-2.13270E-02 
-2.13270E-02 
-2.13270E-02 
-2.13270E-02 
-2.13270E-02 
-2.13270E-02 
-2.13270E-02 
-2.13270E-02 
-2.13270E-02 
-2.13270E-02 
-2.13270E-02 
-2.13270E-02 
-2.13270E-02 
-2.13270E-02 
-2.13270E-02 
-2.13270E-02 
-2.13270E-02 
-2.25644E-02 
-2.25644E-02 
-2.25644E-02 
-2.25644E-02 
-2.25644E-02 
-2.25644E-02 
-2.25644E-02 
-2.25644E-02 
-2.25644E-02 
-2.25644E-02 
-2.25644E-02 
-2.25644E-02 
-2.25644E-02 
-2.25644E-02 
-2.25644E-02 
-2.25644E-02 
-2.25644E-02 
-2.25644E-02 
-2.25644E-02 
-2.25644E-02 
-2.25644E-02 
-2.25644E-02 
-2.25644E-02 
-2.25644E-02 
-2.25644E-02 
-2.25644E-02 
-2.32374E-02 
-2.32374E-02 
-2.32374E-02 
-2.32374E-02 
-2.32374E-02 
-2.32374E-02 
-2.32374E-02 
-2.32374E-02 
-2.32374E-02 
-2.32374E-02 
-2.32374E-02 
-2.32374E-02 
-2.32374E-02 
-2.32374E-02 
-2.32374E-02 
-2.32374E-02 
-2.32374E-02 
-2.32374E-02 
-2.32374E-02 
-2.32374E-02 
-2.32374E-02 
-2.32374E-02 
-2.32374E-02 
-2.32374E-02 
-2.32374E-02 
-2.32374E-02 
-2.31869E-02 
-2.31869E-02 
-2.31869E-02 
-2.31869E-02 
-2.31869E-02 
-2.31869E-02 
-2.31869E-02 
-2.31869E-02 
-2.31869E-02 
-2.31869E-02 
-2.31869E-02 
-2.31869E-02 
-2.31869E-02 
-2.31869E-02 
-2.31869E-02 
-2.31869E-02 
-2.31869E-02 
-2.31869E-02 
-2.31869E-02 
-2.31869E-02 
-2.31869E-02 
-2.31869E-02 
-2.31869E-02 
-2.31869E-02 
-2.31869E-02 
-2.31869E-02 
-2.22384E-02 
-2.22384E-02 
-2.22384E-02 
-2.22384E-02 
-2.22384E-02 
-2.22384E-02 
-2.22384E-02 
-2.22384E-02 
-2.22384E-02 
-2.22384E-02 
-2.22384E-02 
-2.22384E-02 
-2.22384E-02 
-2.22384E-02 
-2.22384E-02 
-2.22384E-02 
-2.22384E-02 
-2.22384E-02 
-2.22384E-02 
-2.22384E-02 
-2.22384E-02 
-2.22384E-02 
-2.22384E-02 
-2.22384E-02 
-2.22384E-02 
-2.22384E-02 
-2.02164E-02 
-2.02164E-02 
-2.02164E-02 
-2.02164E-02 
-2.02164E-02 
-2.02164E-02 
-2.02164E-02 
-2.02164E-02 
-2.02164E-02 
-2.02164E-02 
-2.02164E-02 
-2.02164E-02 
-2.02164E-02 
-2.02164E-02 
-2.02164E-02 
-2.02164E-02 
-2.02164E-02 
-2.02164E-02 
-2.02164E-02 
-2.02164E-02 
-2.02164E-02 
-2.02164E-02 
-2.02164E-02 
-2.02164E-02 
-2.02164E-02 
-2.02164E-02 
-1.69328E-02 
-1.69328E-02 
-1.69328E-02 
-1.69328E-02 
-1.69328E-02 
-1.69328E-02 
-1.69328E-02 
-1.69328E-02 
-1.69328E-02 
-1.69328E-02 
-1.69328E-02 
-1.69328E-02 
-1.69328E-02 
-1.69328E-02 
-1.69328E-02 
-1.69328E-02 
-1.69328E-02 
-1.69328E-02 
-1.69328E-02 
-1.69328E-02 
-1.69328E-02 
-1.69328E-02 
-1.69328E-02 
-1.69328E-02 
-1.69328E-02 
-1.69328E-02 
-1.22003E-02 
-1.22003E-02 
-1.22003E-02 
-1.22003E-02 
-1.22003E-02 
-1.22003E-02 
-1.22003E-02 
-1.22003E-02 
-1.22003E-02 
-1.22003E-02 
-1.22003E-02 
-1.22003E-02 
-1.22003E-02 
-1.22003E-02 
-1.22003E-02 
-1.22003E-02 
-1.22003E-02 
-1.22003E-02 
-1.22003E-02 
-1.22003E-02 
-1.22003E-02 
-1.22003E-02 
-1.22003E-02 
-1.22003E-02 
-1.22003E-02 
-1.22003E-02 
-5.80919E-03 
-5.80919E-03 
-5.80919E-03 
-5.80919E-03 
-5.80919E-03 
-5.80919E-03 
-5.80919E-03 
-5.80919E-03 
-5.80919E-03 
-5.80919E-03 
-5.80919E-03 
-5.80919E-03 
-5.80919E-03 
-5.80919E-03 
-5.80919E-03 
-5.80919E-03 
-5.80919E-03 
-5.80919E-03 
-5.80919E-03 
-5.80919E-03 
-5.80919E-03 
-5.80919E-03 
-5.80919E-03 
-5.80919E-03 
-5.80919E-03 
-5.80919E-03 
2.43831E-03 
2.43831E-03 
2.43831E-03 
2.43831E-03 
2.43831E-03 
2.43831E-03 
2.43831E-03 
2.43831E-03 
2.43831E-03 
2.43831E-03 
2.43831E-03 
2.43831E-03 
2.43831E-03 
2.43831E-03 
2.43831E-03 
2.43831E-03 
2.43831E-03 
2.43831E-03 
2.43831E-03 
2.43831E-03 
2.43831E-03 
2.43831E-03 
2.43831E-03 
2.43831E-03 
2.43831E-03 
2.43831E-03 
1.27487E-02 
1.27487E-02 
1.27487E-02 
1.27487E-02 
1.27487E-02 
1.27487E-02 
1.27487E-02 
1.27487E-02 
1.27487E-02 
1.27487E-02 
1.27487E-02 
1.27487E-02 
1.27487E-02 
1.27487E-02 
1.27487E-02 
1.27487E-02 
1.27487E-02 
1.27487E-02 
1.27487E-02 
1.27487E-02 
1.27487E-02 
1.27487E-02 
1.27487E-02 
1.27487E-02 
1.27487E-02 
1.27487E-02 
2.53410E-02 
2.53410E-02 
2.53410E-02 
2.53410E-02 
2.53410E-02 
2.53410E-02 
2.53410E-02 
2.53410E-02 
2.53410E-02 
2.53410E-02 
2.53410E-02 
2.53410E-02 
2.53410E-02 
2.53410E-02 
2.53410E-02 
2.53410E-02 
2.53410E-02 
2.53410E-02 
2.53410E-02 
2.53410E-02 
2.53410E-02 
2.53410E-02 
2.53410E-02 
2.53410E-02 
2.53410E-02 
2.53410E-02 
4.04053E-02 
4.04053E-02 
4.04053E-02 
4.04053E-02 
4.04053E-02 
4.04053E-02 
4.04053E-02 
4.04053E-02 
4.04053E-02 
4.04053E-02 
4.04053E-02 
4.04053E-02 
4.04053E-02 
4.04053E-02 
4.04053E-02 
4.04053E-02 
4.04053E-02 
4.04053E-02 
4.04053E-02 
4.04053E-02 
4.04053E-02 
4.04053E-02 
4.04053E-02 
4.04053E-02 
4.04053E-02 
4.04053E-02 
5.82048E-02 
5.82048E-02 
5.82048E-02 
5.82048E-02 
5.82048E-02 
5.82048E-02 
5.82048E-02 
5.82048E-02 
5.82048E-02 
5.82048E-02 
5.82048E-02 
5.82048E-02 
5.82048E-02 
5.82048E-02 
5.82048E-02 
5.82048E-02 
5.82048E-02 
5.82048E-02 
5.82048E-02 
5.82048E-02 
5.82048E-02 
5.82048E-02 
5.82048E-02 
5.82048E-02 
5.82048E-02 
5.82048E-02 
7.87363E-02 
7.87363E-02 
7.87363E-02 
7.87363E-02 
7.87363E-02 
7.87363E-02 
7.87363E-02 
7.87363E-02 
7.87363E-02 
7.87363E-02 
7.87363E-02 
7.87363E-02 
7.87363E-02 
7.87363E-02 
7.87363E-02 
7.87363E-02 
7.87363E-02 
7.87363E-02 
7.87363E-02 
7.87363E-02 
7.87363E-02 
7.87363E-02 
7.87363E-02 
7.87363E-02 
7.87363E-02 
7.87363E-02 
1.02569E-01 
1.02569E-01 
1.02569E-01 
1.02569E-01 
1.02569E-01 
1.02569E-01 
1.02569E-01 
1.02569E-01 
1.02569E-01 
1.02569E-01 
1.02569E-01 
1.02569E-01 
1.02569E-01 
1.02569E-01 
1.02569E-01 
1.02569E-01 
1.02569E-01 
1.02569E-01 
1.02569E-01 
1.02569E-01 
1.02569E-01 
1.02569E-01 
1.02569E-01 
1.02569E-01 
1.02569E-01 
1.02569E-01 
1.29741E-01 
1.29741E-01 
1.29741E-01 
1.29741E-01 
1.29741E-01 
1.29741E-01 
1.29741E-01 
1.29741E-01 
1.29741E-01 
1.29741E-01 
1.29741E-01 
1.29741E-01 
1.29741E-01 
1.29741E-01 
1.29741E-01 
1.29741E-01 
1.29741E-01 
1.29741E-01 
1.29741E-01 
1.29741E-01 
1.29741E-01 
1.29741E-01 
1.29741E-01 
1.29741E-01 
1.29741E-01 
1.29741E-01 
1.60471E-01 
1.60471E-01 
1.60471E-01 
1.60471E-01 
1.60471E-01 
1.60471E-01 
1.60471E-01 
1.60471E-01 
1.60471E-01 
1.60471E-01 
1.60471E-01 
1.60471E-01 
1.60471E-01 
1.60471E-01 
1.60471E-01 
1.60471E-01 
1.60471E-01 
1.60471E-01 
1.60471E-01 
1.60471E-01 
1.60471E-01 
1.60471E-01 
1.60471E-01 
1.60471E-01 
1.60471E-01 
1.60471E-01 
1.94981E-01 
1.94981E-01 
1.94981E-01 
1.94981E-01 
1.94981E-01 
1.94981E-01 
1.94981E-01 
1.94981E-01 
1.94981E-01 
1.94981E-01 
1.94981E-01 
1.94981E-01 
1.94981E-01 
1.94981E-01 
1.94981E-01 
1.94981E-01 
1.94981E-01 
1.94981E-01 
1.94981E-01 
1.94981E-01 
1.94981E-01 
1.94981E-01 
1.94981E-01 
1.94981E-01 
1.94981E-01 
1.94981E-01 
2.33490E-01 
2.33490E-01 
2.33490E-01 
2.33490E-01 
2.33490E-01 
2.33490E-01 
2.33490E-01 
2.33490E-01 
2.33490E-01 
2.33490E-01 
2.33490E-01 
2.33490E-01 
2.33490E-01 
2.33490E-01 
2.33490E-01 
2.33490E-01 
2.33490E-01 
2.33490E-01 
2.33490E-01 
2.33490E-01 
2.33490E-01 
2.33490E-01 
2.33490E-01 
2.33490E-01 
2.33490E-01 
2.33490E-01 
2.76221E-01 
2.76221E-01 
2.76221E-01 
2.76221E-01 
2.76221E-01 
2.76221E-01 
2.76221E-01 
2.76221E-01 
2.76221E-01 
2.76221E-01 
2.76221E-01 
2.76221E-01 
2.76221E-01 
2.76221E-01 
2.76221E-01 
2.76221E-01 
2.76221E-01 
2.76221E-01 
2.76221E-01 
2.76221E-01 
2.76221E-01 
2.76221E-01 
2.76221E-01 
2.76221E-01 
2.76221E-01 
2.76221E-01 
3.23393E-01 
3.23393E-01 
3.23393E-01 
3.23393E-01 
3.23393E-01 
3.23393E-01 
3.23393E-01 
3.23393E-01 
3.23393E-01 
3.23393E-01 
3.23393E-01 
3.23393E-01 
3.23393E-01 
3.23393E-01 
3.23393E-01 
3.23393E-01 
3.23393E-01 
3.23393E-01 
3.23393E-01 
3.23393E-01 
3.23393E-01 
3.23393E-01 
3.23393E-01 
3.23393E-01 
3.23393E-01 
3.23393E-01 
3.75229E-01 
3.75229E-01 
3.75229E-01 
3.75229E-01 
3.75229E-01 
3.75229E-01 
3.75229E-01 
3.75229E-01 
3.75229E-01 
3.75229E-01 
3.75229E-01 
3.75229E-01 
3.75229E-01 
3.75229E-01 
3.75229E-01 
3.75229E-01 
3.75229E-01 
3.75229E-01 
3.75229E-01 
3.75229E-01 
3.75229E-01 
3.75229E-01 
3.75229E-01 
3.75229E-01 
3.75229E-01 
3.75229E-01 
4.32069E-01 
4.32069E-01 
4.32069E-01 
4.32069E-01 
4.32069E-01 
4.32069E-01 
4.32069E-01 
4.32069E-01 
4.32069E-01 
4.32069E-01 
4.32069E-01 
4.32069E-01 
4.32069E-01 
4.32069E-01 
4.32069E-01 
4.32069E-01 
4.32069E-01 
4.32069E-01 
4.32069E-01 
4.32069E-01 
4.32069E-01 
4.32069E-01 
4.32069E-01 
4.32069E-01 
4.32069E-01 
4.32069E-01 
4.93590E-01 
4.93590E-01 
4.93590E-01 
4.93590E-01 
4.93590E-01 
4.93590E-01 
4.93590E-01 
4.93590E-01 
4.93590E-01 
4.93590E-01 
4.93590E-01 
4.93590E-01 
4.93590E-01 
4.93590E-01 
4.93590E-01 
4.93590E-01 
4.93590E-01 
4.93590E-01 
4.93590E-01 
4.93590E-01 
4.93590E-01 
4.93590E-01 
4.93590E-01 
4.93590E-01 
4.93590E-01 
4.93590E-01 
5.60811E-01 
5.60811E-01 
5.60811E-01 
5.60811E-01 
5.60811E-01 
5.60811E-01 
5.60811E-01 
5.60811E-01 
5.60811E-01 
5.60811E-01 
5.60811E-01 
5.60811E-01 
5.60811E-01 
5.60811E-01 
5.60811E-01 
5.60811E-01 
5.60811E-01 
5.60811E-01 
5.60811E-01 
5.60811E-01 
5.60811E-01 
5.60811E-01 
5.60811E-01 
5.60811E-01 
5.60811E-01 
5.60811E-01 
6.33544E-01 
6.33544E-01 
6.33544E-01 
6.33544E-01 
6.33544E-01 
6.33544E-01 
6.33544E-01 
6.33544E-01 
6.33544E-01 
6.33544E-01 
6.33544E-01 
6.33544E-01 
6.33544E-01 
6.33544E-01 
6.33544E-01 
6.33544E-01 
6.33544E-01 
6.33544E-01 
6.33544E-01 
6.33544E-01 
6.33544E-01 
6.33544E-01 
6.33544E-01 
6.33544E-01 
6.33544E-01 
6.33544E-01 
7.12024E-01 
7.12024E-01 
7.12024E-01 
7.12024E-01 
7.12024E-01 
7.12024E-01 
7.12024E-01 
7.12024E-01 
7.12024E-01 
7.12024E-01 
7.12024E-01 
7.12024E-01 
7.12024E-01 
7.12024E-01 
7.12024E-01 
7.12024E-01 
7.12024E-01 
7.12024E-01 
7.12024E-01 
7.12024E-01 
7.12024E-01 
7.12024E-01 
7.12024E-01 
7.12024E-01 
7.12024E-01 
7.12024E-01 
7.96466E-01 
7.96466E-01 
7.96466E-01 
7.96466E-01 
7.96466E-01 
7.96466E-01 
7.96466E-01 
7.96466E-01 
7.96466E-01 
7.96466E-01 
7.96466E-01 
7.96466E-01 
7.96466E-01 
7.96466E-01 
7.96466E-01 
7.96466E-01 
7.96466E-01 
7.96466E-01 
7.96466E-01 
7.96466E-01 
7.96466E-01 
7.96466E-01 
7.96466E-01 
7.96466E-01 
7.96466E-01 
7.96466E-01 
8.87104E-01 
8.87104E-01 
8.87104E-01 
8.87104E-01 
8.87104E-01 
8.87104E-01 
8.87104E-01 
8.87104E-01 
8.87104E-01 
8.87104E-01 
8.87104E-01 
8.87104E-01 
8.87104E-01 
8.87104E-01 
8.87104E-01 
8.87104E-01 
8.87104E-01 
8.87104E-01 
8.87104E-01 
8.87104E-01 
8.87104E-01 
8.87104E-01 
8.87104E-01 
8.87104E-01 
8.87104E-01 
8.87104E-01 
9.84115E-01 
9.84115E-01 
9.84115E-01 
9.84115E-01 
9.84115E-01 
9.84115E-01 
9.84115E-01 
9.84115E-01 
9.84115E-01 
9.84115E-01 
9.84115E-01 
9.84115E-01 
9.84115E-01 
9.84115E-01 
9.84115E-01 
9.84115E-01 
9.84115E-01 
9.84115E-01 
9.84115E-01 
9.84115E-01 
9.84115E-01 
9.84115E-01 
9.84115E-01 
9.84115E-01 
9.84115E-01 
9.84115E-01 
1.08804E+00 
1.08804E+00 
1.08804E+00 
1.08804E+00 
1.08804E+00 
1.08804E+00 
1.08804E+00 
1.08804E+00 
1.08804E+00 
1.08804E+00 
1.08804E+00 
1.08804E+00 
1.08804E+00 
1.08804E+00 
1.08804E+00 
1.08804E+00 
1.08804E+00 
1.08804E+00 
1.08804E+00 
1.08804E+00 
1.08804E+00 
1.08804E+00 
1.08804E+00 
1.08804E+00 
1.08804E+00 
1.08804E+00 
1.19845E+00 
1.19845E+00 
1.19845E+00 
1.19845E+00 
1.19845E+00 
1.19845E+00 
1.19845E+00 
1.19845E+00 
1.19845E+00 
1.19845E+00 
1.19845E+00 
1.19845E+00 
1.19845E+00 
1.19845E+00 
1.19845E+00 
1.19845E+00 
1.19845E+00 
1.19845E+00 
1.19845E+00 
1.19845E+00 
1.19845E+00 
1.19845E+00 
1.19845E+00 
1.19845E+00 
1.19845E+00 
1.19845E+00 
1.31598E+00 
1.31598E+00 
1.31598E+00 
1.31598E+00 
1.31598E+00 
1.31598E+00 
1.31598E+00 
1.31598E+00 
1.31598E+00 
1.31598E+00 
1.31598E+00 
1.31598E+00 
1.31598E+00 
1.31598E+00 
1.31598E+00 
1.31598E+00 
1.31598E+00 
1.31598E+00 
1.31598E+00 
1.31598E+00 
1.31598E+00 
1.31598E+00 
1.31598E+00 
1.31598E+00 
1.31598E+00 
1.31598E+00 
1.44081E+00 
1.44081E+00 
1.44081E+00 
1.44081E+00 
1.44081E+00 
1.44081E+00 
1.44081E+00 
1.44081E+00 
1.44081E+00 
1.44081E+00 
1.44081E+00 
1.44081E+00 
1.44081E+00 
1.44081E+00 
1.44081E+00 
1.44081E+00 
1.44081E+00 
1.44081E+00 
1.44081E+00 
1.44081E+00 
1.44081E+00 
1.44081E+00 
1.44081E+00 
1.44081E+00 
1.44081E+00 
1.44081E+00 
1.57316E+00 
1.57316E+00 
1.57316E+00 
1.57316E+00 
1.57316E+00 
1.57316E+00 
1.57316E+00 
1.57316E+00 
1.57316E+00 
1.57316E+00 
1.57316E+00 
1.57316E+00 
1.57316E+00 
1.57316E+00 
1.57316E+00 
1.57316E+00 
1.57316E+00 
1.57316E+00 
1.57316E+00 
1.57316E+00 
1.57316E+00 
1.57316E+00 
1.57316E+00 
1.57316E+00 
1.57316E+00 
1.57316E+00 
1.71323E+00 
1.71323E+00 
1.71323E+00 
1.71323E+00 
1.71323E+00 
1.71323E+00 
1.71323E+00 
1.71323E+00 
1.71323E+00 
1.71323E+00 
1.71323E+00 
1.71323E+00 
1.71323E+00 
1.71323E+00 
1.71323E+00 
1.71323E+00 
1.71323E+00 
1.71323E+00 
1.71323E+00 
1.71323E+00 
1.71323E+00 
1.71323E+00 
1.71323E+00 
1.71323E+00 
1.71323E+00 
1.71323E+00 
1.86122E+00 
1.86122E+00 
1.86122E+00 
1.86122E+00 
1.86122E+00 
1.86122E+00 
1.86122E+00 
1.86122E+00 
1.86122E+00 
1.86122E+00 
1.86122E+00 
1.86122E+00 
1.86122E+00 
1.86122E+00 
1.86122E+00 
1.86122E+00 
1.86122E+00 
1.86122E+00 
1.86122E+00 
1.86122E+00 
1.86122E+00 
1.86122E+00 
1.86122E+00 
1.86122E+00 
1.86122E+00 
1.86122E+00 
2.01739E+00 
2.01739E+00 
2.01739E+00 
2.01739E+00 
2.01739E+00 
2.01739E+00 
2.01739E+00 
2.01739E+00 
2.01739E+00 
2.01739E+00 
2.01739E+00 
2.01739E+00 
2.01739E+00 
2.01739E+00 
2.01739E+00 
2.01739E+00 
2.01739E+00 
2.01739E+00 
2.01739E+00 
2.01739E+00 
2.01739E+00 
2.01739E+00 
2.01739E+00 
2.01739E+00 
2.01739E+00 
2.01739E+00 
2.18181E+00 
2.18181E+00 
2.18181E+00 
2.18181E+00 
2.18181E+00 
2.18181E+00 
2.18181E+00 
2.18181E+00 
2.18181E+00 
2.18181E+00 
2.18181E+00 
2.18181E+00 
2.18181E+00 
2.18181E+00 
2.18181E+00 
2.18181E+00 
2.18181E+00 
2.18181E+00 
2.18181E+00 
2.18181E+00 
2.18181E+00 
2.18181E+00 
2.18181E+00 
2.18181E+00 
2.18181E+00 
2.18181E+00 
---
