PdfType: replica
Format: lhagrid1
---
1.00000E-06 1.28121E-06 1.64152E-06 2.10317E-06 2.69463E-06 3.45242E-06 4.42329E-06 5.66715E-06 7.26076E-06 9.30241E-06 1.19180E-05 1.52689E-05 1.95617E-05 2.50609E-05 3.21053E-05 4.11287E-05 5.26863E-05 6.74889E-05 8.64459E-05 1.10720E-04 1.41800E-04 1.81585E-04 2.32503E-04 2.97652E-04 3.80981E-04 4.87518E-04 6.26039E-04 8.00452E-04 1.02297E-03 1.30657E-03 1.66759E-03 2.12729E-03 2.71054E-03 3.44865E-03 4.37927E-03 5.54908E-03 7.01192E-03 8.83064E-03 1.10763E-02 1.38266E-02 1.71641E-02 2.11717E-02 2.59364E-02 3.15062E-02 3.79623E-02 4.53425E-02 5.36750E-02 6.29705E-02 7.32221E-02 8.44039E-02 9.64793E-02 1.09332E-01 1.23067E-01 1.37507E-01 1.52639E-01 1.68416E-01 1.84794E-01 2.01731E-01 2.19016E-01 2.36948E-01 2.55242E-01 2.73927E-01 2.92954E-01 3.12340E-01 3.32036E-01 3.52019E-01 3.72282E-01 3.92772E-01 4.13533E-01 4.34326E-01 4.55495E-01 4.76836E-01 4.98342E-01 5.20006E-01 5.41818E-01 5.63773E-01 5.85861E-01 6.08077E-01 6.30459E-01 6.52800E-01 6.75387E-01 6.98063E-01 7.20830E-01 7.43683E-01 7.66623E-01 7.89636E-01 8.12791E-01 8.35940E-01 8.59175E-01 8.82485E-01 9.05866E-01 9.29311E-01 9.52817E-01 9.76387E-01 1.00000E+00 
1.14018E+00 1.22539E+00 1.32482E+00 1.44156E+00 1.57954E+00 1.74381E+00 1.94091E+00 2.12132E+00 2.17945E+00 2.49622E+00 2.89383E+00 3.39925E+00 4.05063E+00 4.90286E+00 6.03623E+00 7.57063E+00 9.68869E+00 1.26749E+01 1.69835E+01 2.33578E+01 3.30501E+01 4.82334E+01 7.28041E+01 1.13998E+02 1.85779E+02 3.16228E+02 
908
-7.25964E-12 
-7.25964E-12 
-7.25964E-12 
-7.25964E-12 
-7.25964E-12 
-7.25964E-12 
-7.25964E-12 
-7.25964E-12 
-7.25964E-12 
-7.25964E-12 
-7.25964E-12 
-7.25964E-12 
-7.25964E-12 
-7.25964E-12 
-7.25964E-12 
-7.25964E-12 
-7.25964E-12 
-7.25964E-12 
-7.25964E-12 
-7.25964E-12 
-7.25964E-12 
-7.25964E-12 
-7.25964E-12 
-7.25964E-12 
-7.25964E-12 
-7.25964E-12 
-1.16154E-11 
-1.16154E-11 
-1.16154E-11 
-1.16154E-11 
-1.16154E-11 
-1.16154E-11 
-1.16154E-11 
-1.16154E-11 
-1.16154E-11 
-1.16154E-11 
-1.16154E-11 
-1.16154E-11 
-1.16154E-11 
-1.16154E-11 
-1.16154E-11 
-1.16154E-11 
-1.16154E-11 
-1.16154E-11 
-1.16154E-11 
-1.16154E-11 
-1.16154E-11 
-1.16154E-11 
-1.16154E-11 
-1.16154E-11 
-1.16154E-11 
-1.16154E-11 
-1.85850E-11 
-1.85850E-11 
-1.85850E-11 
-1.85850E-11 
-1.85850E-11 
-1.85850E-11 
-1.85850E-11 
-1.85850E-11 
-1.85850E-11 
-1.85850E-11 
-1.85850E-11 
-1.85850E-11 
-1.85850E-11 
-1.85850E-11 
-1.85850E-11 
-1.85850E-11 
-1.85850E-11 
-1.85850E-11 
-1.85850E-11 
-1.85850E-11 
-1.85850E-11 
-1.85850E-11 
-1.85850E-11 
-1.85850E-11 
-1.85850E-11 
-1.85850E-11 
-2.97368E-11 
-2.97368E-11 
-2.97368E-11 
-2.97368E-11 
-2.97368E-11 
-2.97368E-11 
-2.97368E-11 
-2.97368E-11 
-2.97368E-11 
-2.97368E-11 
-2.97368E-11 
-2.97368E-11 
-2.97368E-11 
-2.97368E-11 
-2.97368E-11 
-2.97368E-11 
-2.97368E-11 
-2.97368E-11 
-2.97368E-11 
-2.97368E-11 
-2.97368E-11 
-2.97368E-11 
-2.97368E-11 
-2.97368E-11 
-2.97368E-11 
-2.97368E-11 
-4.75796E-11 
-4.75796E-11 
-4.75796E-11 
-4.75796E-11 
-4.75796E-11 
-4.75796E-11 
-4.75796E-11 
-4.75796E-11 
-4.75796E-11 
-4.75796E-11 
-4.75796E-11 
-4.75796E-11 
-4.75796E-11 
-4.75796E-11 
-4.75796E-11 
-4.75796E-11 
-4.75796E-11 
-4.75796E-11 
-4.75796E-11 
-4.75796E-11 
-4.75796E-11 
-4.75796E-11 
-4.75796E-11 
-4.75796E-11 
-4.75796E-11 
-4.75796E-11 
-7.61284E-11 
-7.61284E-11 
-7.61284E-11 
-7.61284E-11 
-7.61284E-11 
-7.61284E-11 
-7.61284E-11 
-7.61284E-11 
-7.61284E-11 
-7.61284E-11 
-7.61284E-11 
-7.61284E-11 
-7.61284E-11 
-7.61284E-11 
-7.61284E-11 
-7.61284E-11 
-7.61284E-11 
-7.61284E-11 
-7.61284E-11 
-7.61284E-11 
-7.61284E-11 
-7.61284E-11 
-7.61284E-11 
-7.61284E-11 
-7.61284E-11 
-7.61284E-11 
-1.21805E-10 
-1.21805E-10 
-1.21805E-10 
-1.21805E-10 
-1.21805E-10 
-1.21805E-10 
-1.21805E-10 
-1.21805E-10 
-1.21805E-10 
-1.21805E-10 
-1.21805E-10 
-1.21805E-10 
-1.21805E-10 
-1.21805E-10 
-1.21805E-10 
-1.21805E-10 
-1.21805E-10 
-1.21805E-10 
-1.21805E-10 
-1.21805E-10 
-1.21805E-10 
-1.21805E-10 
-1.21805E-10 
-1.21805E-10 
-1.21805E-10 
-1.21805E-10 
-1.94887E-10 
-1.94887E-10 
-1.94887E-10 
-1.94887E-10 
-1.94887E-10 
-1.94887E-10 
-1.94887E-10 
-1.94887E-10 
-1.94887E-10 
-1.94887E-10 
-1.94887E-10 
-1.94887E-10 
-1.94887E-10 
-1.94887E-10 
-1.94887E-10 
-1.94887E-10 
-1.94887E-10 
-1.94887E-10 
-1.94887E-10 
-1.94887E-10 
-1.94887E-10 
-1.94887E-10 
-1.94887E-10 
-1.94887E-10 
-1.94887E-10 
-1.94887E-10 
-3.11812E-10 
-3.11812E-10 
-3.11812E-10 
-3.11812E-10 
-3.11812E-10 
-3.11812E-10 
-3.11812E-10 
-3.11812E-10 
-3.11812E-10 
-3.11812E-10 
-3.11812E-10 
-3.11812E-10 
-3.11812E-10 
-3.11812E-10 
-3.11812E-10 
-3.11812E-10 
-3.11812E-10 
-3.11812E-10 
-3.11812E-10 
-3.11812E-10 
-3.11812E-10 
-3.11812E-10 
-3.11812E-10 
-3.11812E-10 
-3.11812E-10 
-3.11812E-10 
-4.98880E-10 
-4.98880E-10 
-4.98880E-10 
-4.98880E-10 
-4.98880E-10 
-4.98880E-10 
-4.98880E-10 
-4.98880E-10 
-4.98880E-10 
-4.98880E-10 
-4.98880E-10 
-4.98880E-10 
-4.98880E-10 
-4.98880E-10 
-4.98880E-10 
-4.98880E-10 
-4.98880E-10 
-4.98880E-10 
-4.98880E-10 
-4.98880E-10 
-4.98880E-10 
-4.98880E-10 
-4.98880E-10 
-4.98880E-10 
-4.98880E-10 
-4.98880E-10 
-7.98158E-10 
-7.98158E-10 
-7.98158E-10 
-7.98158E-10 
-7.98158E-10 
-7.98158E-10 
-7.98158E-10 
-7.98158E-10 
-7.98158E-10 
-7.98158E-10 
-7.98158E-10 
-7.98158E-10 
-7.98158E-10 
-7.98158E-10 
-7.98158E-10 
-7.98158E-10 
-7.98158E-10 
-7.98158E-10 
-7.98158E-10 
-7.98158E-10 
-7.98158E-10 
-7.98158E-10 
-7.98158E-10 
-7.98158E-10 
-7.98158E-10 
-7.98158E-10 
-1.27695E-09 
-1.27695E-09 
-1.27695E-09 
-1.27695E-09 
-1.27695E-09 
-1.27695E-09 
-1.27695E-09 
-1.27695E-09 
-1.27695E-09 
-1.27695E-09 
-1.27695E-09 
-1.27695E-09 
-1.27695E-09 
-1.27695E-09 
-1.27695E-09 
-1.27695E-09 
-1.27695E-09 
-1.27695E-09 
-1.27695E-09 
-1.27695E-09 
-1.27695E-09 
-1.27695E-09 
-1.27695E-09 
-1.27695E-09 
-1.27695E-09 
-1.27695E-09 
-2.04290E-09 
-2.04290E-09 
-2.04290E-09 
-2.04290E-09 
-2.04290E-09 
-2.04290E-09 
-2.04290E-09 
-2.04290E-09 
-2.04290E-09 
-2.04290E-09 
-2.04290E-09 
-2.04290E-09 
-2.04290E-09 
-2.04290E-09 
-2.04290E-09 
-2.04290E-09 
-2.04290E-09 
-2.04290E-09 
-2.04290E-09 
-2.04290E-09 
-2.04290E-09 
-2.04290E-09 
-2.04290E-09 
-2.04290E-09 
-2.04290E-09 
-2.04290E-09 
-3.26815E-09 
-3.26815E-09 
-3.26815E-09 
-3.26815E-09 
-3.26815E-09 
-3.26815E-09 
-3.26815E-09 
-3.26815E-09 
-3.26815E-09 
-3.26815E-09 
-3.26815E-09 
-3.26815E-09 
-3.26815E-09 
-3.26815E-09 
-3.26815E-09 
-3.26815E-09 
-3.26815E-09 
-3.26815E-09 
-3.26815E-09 
-3.26815E-09 
-3.26815E-09 
-3.26815E-09 
-3.26815E-09 
-3.26815E-09 
-3.26815E-09 
-3.26815E-09 
-5.22801E-09 
-5.22801E-09 
-5.22801E-09 
-5.22801E-09 
-5.22801E-09 
-5.22801E-09 
-5.22801E-09 
-5.22801E-09 
-5.22801E-09 
-5.22801E-09 
-5.22801E-09 
-5.22801E-09 
-5.22801E-09 
-5.22801E-09 
-5.22801E-09 
-5.22801E-09 
-5.22801E-09 
-5.22801E-09 
-5.22801E-09 
-5.22801E-09 
-5.22801E-09 
-5.22801E-09 
-5.22801E-09 
-5.22801E-09 
-5.22801E-09 
-5.22801E-09 
-8.36271E-09 
-8.36271E-09 
-8.36271E-09 
-8.36271E-09 
-8.36271E-09 
-8.36271E-09 
-8.36271E-09 
-8.36271E-09 
-8.36271E-09 
-8.36271E-09 
-8.36271E-09 
-8.36271E-09 
-8.36271E-09 
-8.36271E-09 
-8.36271E-09 
-8.36271E-09 
-8.36271E-09 
-8.36271E-09 
-8.36271E-09 
-8.36271E-09 
-8.36271E-09 
-8.36271E-09 
-8.36271E-09 
-8.36271E-09 
-8.36271E-09 
-8.36271E-09 
-1.33760E-08 
-1.33760E-08 
-1.33760E-08 
-1.33760E-08 
-1.33760E-08 
-1.33760E-08 
-1.33760E-08 
-1.33760E-08 
-1.33760E-08 
-1.33760E-08 
-1.33760E-08 
-1.33760E-08 
-1.33760E-08 
-1.33760E-08 
-1.33760E-08 
-1.33760E-08 
-1.33760E-08 
-1.33760E-08 
-1.33760E-08 
-1.33760E-08 
-1.33760E-08 
-1.33760E-08 
-1.33760E-08 
-1.33760E-08 
-1.33760E-08 
-1.33760E-08 
-2.13927E-08 
-2.13927E-08 
-2.13927E-08 
-2.13927E-08 
-2.13927E-08 
-2.13927E-08 
-2.13927E-08 
-2.13927E-08 
-2.13927E-08 
-2.13927E-08 
-2.13927E-08 
-2.13927E-08 
-2.13927E-08 
-2.13927E-08 
-2.13927E-08 
-2.13927E-08 
-2.13927E-08 
-2.13927E-08 
-2.13927E-08 
-2.13927E-08 
-2.13927E-08 
-2.13927E-08 
-2.13927E-08 
-2.13927E-08 
-2.13927E-08 
-2.13927E-08 
-3.42105E-08 
-3.42105E-08 
-3.42105E-08 
-3.42105E-08 
-3.42105E-08 
-3.42105E-08 
-3.42105E-08 
-3.42105E-08 
-3.42105E-08 
-3.42105E-08 
-3.42105E-08 
-3.42105E-08 
-3.42105E-08 
-3.42105E-08 
-3.42105E-08 
-3.42105E-08 
-3.42105E-08 
-3.42105E-08 
-3.42105E-08 
-3.42105E-08 
-3.42105E-08 
-3.42105E-08 
-3.42105E-08 
-3.42105E-08 
-3.42105E-08 
-3.42105E-08 
-5.47003E-08 
-5.47003E-08 
-5.47003E-08 
-5.47003E-08 
-5.47003E-08 
-5.47003E-08 
-5.47003E-08 
-5.47003E-08 
-5.47003E-08 
-5.47003E-08 
-5.47003E-08 
-5.47003E-08 
-5.47003E-08 
-5.47003E-08 
-5.47003E-08 
-5.47003E-08 
-5.47003E-08 
-5.47003E-08 
-5.47003E-08 
-5.47003E-08 
-5.47003E-08 
-5.47003E-08 
-5.47003E-08 
-5.47003E-08 
-5.47003E-08 
-5.47003E-08 
-8.74487E-08 
-8.74487E-08 
-8.74487E-08 
-8.74487E-08 
-8.74487E-08 
-8.74487E-08 
-8.74487E-08 
-8.74487E-08 
-8.74487E-08 
-8.74487E-08 
-8.74487E-08 
-8.74487E-08 
-8.74487E-08 
-8.74487E-08 
-8.74487E-08 
-8.74487E-08 
-8.74487E-08 
-8.74487E-08 
-8.74487E-08 
-8.74487E-08 
-8.74487E-08 
-8.74487E-08 
-8.74487E-08 
-8.74487E-08 
-8.74487E-08 
-8.74487E-08 
-1.39772E-07 
-1.39772E-07 
-1.39772E-07 
-1.39772E-07 
-1.39772E-07 
-1.39772E-07 
-1.39772E-07 
-1.39772E-07 
-1.39772E-07 
-1.39772E-07 
-1.39772E-07 
-1.39772E-07 
-1.39772E-07 
-1.39772E-07 
-1.39772E-07 
-1.39772E-07 
-1.39772E-07 
-1.39772E-07 
-1.39772E-07 
-1.39772E-07 
-1.39772E-07 
-1.39772E-07 
-1.39772E-07 
-1.39772E-07 
-1.39772E-07 
-1.39772E-07 
-2.23342E-07 
-2.23342E-07 
-2.23342E-07 
-2.23342E-07 
-2.23342E-07 
-2.23342E-07 
-2.23342E-07 
-2.23342E-07 
-2.23342E-07 
-2.23342E-07 
-2.23342E-07 
-2.23342E-07 
-2.23342E-07 
-2.23342E-07 
-2.23342E-07 
-2.23342E-07 
-2.23342E-07 
-2.23342E-07 
-2.23342E-07 
-2.23342E-07 
-2.23342E-07 
-2.23342E-07 
-2.23342E-07 
-2.23342E-07 
-2.23342E-07 
-2.23342E-07 
-3.56760E-07 
-3.56760E-07 
-3.56760E-07 
-3.56760E-07 
-3.56760E-07 
-3.56760E-07 
-3.56760E-07 
-3.56760E-07 
-3.56760E-07 
-3.56760E-07 
-3.56760E-07 
-3.56760E-07 
-3.56760E-07 
-3.56760E-07 
-3.56760E-07 
-3.56760E-07 
-3.56760E-07 
-3.56760E-07 
-3.56760E-07 
-3.56760E-07 
-3.56760E-07 
-3.56760E-07 
-3.56760E-07 
-3.56760E-07 
-3.56760E-07 
-3.56760E-07 
-5.69640E-07 
-5.69640E-07 
-5.69640E-07 
-5.69640E-07 
-5.69640E-07 
-5.69640E-07 
-5.69640E-07 
-5.69640E-07 
-5.69640E-07 
-5.69640E-07 
-5.69640E-07 
-5.69640E-07 
-5.69640E-07 
-5.69640E-07 
-5.69640E-07 
-5.69640E-07 
-5.69640E-07 
-5.69640E-07 
-5.69640E-07 
-5.69640E-07 
-5.69640E-07 
-5.69640E-07 
-5.69640E-07 
-5.69640E-07 
-5.69640E-07 
-5.69640E-07 
-9.09070E-07 
-9.09070E-07 
-9.09070E-07 
-9.09070E-07 
-9.09070E-07 
-9.09070E-07 
-9.09070E-07 
-9.09070E-07 
-9.09070E-07 
-9.09070E-07 
-9.09070E-07 
-9.09070E-07 
-9.09070E-07 
-9.09070E-07 
-9.09070E-07 
-9.09070E-07 
-9.09070E-07 
-9.09070E-07 
-9.09070E-07 
-9.09070E-07 
-9.09070E-07 
-9.09070E-07 
-9.09070E-07 
-9.09070E-07 
-9.09070E-07 
-9.09070E-07 
-1.46033E-06 
-1.46033E-06 
-1.46033E-06 
-1.46033E-06 
-1.46033E-06 
-1.46033E-06 
-1.46033E-06 
-1.46033E-06 
-1.46033E-06 
-1.46033E-06 
-1.46033E-06 
-1.46033E-06 
-1.46033E-06 
-1.46033E-06 
-1.46033E-06 
-1.46033E-06 
-1.46033E-06 
-1.46033E-06 
-1.46033E-06 
-1.46033E-06 
-1.46033E-06 
-1.46033E-06 
-1.46033E-06 
-1.46033E-06 
-1.46033E-06 
-1.46033E-06 
-2.32652E-06 
-2.32652E-06 
-2.32652E-06 
-2.32652E-06 
-2.32652E-06 
-2.32652E-06 
-2.32652E-06 
-2.32652E-06 
-2.32652E-06 
-2.32652E-06 
-2.32652E-06 
-2.32652E-06 
-2.32652E-06 
-2.32652E-06 
-2.32652E-06 
-2.32652E-06 
-2.32652E-06 
-2.32652E-06 
-2.32652E-06 
-2.32652E-06 
-2.32652E-06 
-2.32652E-06 
-2.32652E-06 
-2.32652E-06 
-2.32652E-06 
-2.32652E-06 
-3.70272E-06 
-3.70272E-06 
-3.70272E-06 
-3.70272E-06 
-3.70272E-06 
-3.70272E-06 
-3.70272E-06 
-3.70272E-06 
-3.70272E-06 
-3.70272E-06 
-3.70272E-06 
-3.70272E-06 
-3.70272E-06 
-3.70272E-06 
-3.70272E-06 
-3.70272E-06 
-3.70272E-06 
-3.70272E-06 
-3.70272E-06 
-3.70272E-06 
-3.70272E-06 
-3.70272E-06 
-3.70272E-06 
-3.70272E-06 
-3.70272E-06 
-3.70272E-06 
-5.88550E-06 
-5.88550E-06 
-5.88550E-06 
-5.88550E-06 
-5.88550E-06 
-5.88550E-06 
-5.88550E-06 
-5.88550E-06 
-5.88550E-06 
-5.88550E-06 
-5.88550E-06 
-5.88550E-06 
-5.88550E-06 
-5.88550E-06 
-5.88550E-06 
-5.88550E-06 
-5.88550E-06 
-5.88550E-06 
-5.88550E-06 
-5.88550E-06 
-5.88550E-06 
-5.88550E-06 
-5.88550E-06 
-5.88550E-06 
-5.88550E-06 
-5.88550E-06 
-9.34051E-06 
-9.34051E-06 
-9.34051E-06 
-9.34051E-06 
-9.34051E-06 
-9.34051E-06 
-9.34051E-06 
-9.34051E-06 
-9.34051E-06 
-9.34051E-06 
-9.34051E-06 
-9.34051E-06 
-9.34051E-06 
-9.34051E-06 
-9.34051E-06 
-9.34051E-06 
-9.34051E-06 
-9.34051E-06 
-9.34051E-06 
-9.34051E-06 
-9.34051E-06 
-9.34051E-06 
-9.34051E-06 
-9.34051E-06 
-9.34051E-06 
-9.34051E-06 
-1.48060E-05 
-1.48060E-05 
-1.48060E-05 
-1.48060E-05 
-1.48060E-05 
-1.48060E-05 
-1.48060E-05 
-1.48060E-05 
-1.48060E-05 
-1.48060E-05 
-1.48060E-05 
-1.48060E-05 
-1.48060E-05 
-1.48060E-05 
-1.48060E-05 
-1.48060E-05 
-1.48060E-05 
-1.48060E-05 
-1.48060E-05 
-1.48060E-05 
-1.48060E-05 
-1.48060E-05 
-1.48060E-05 
-1.48060E-05 
-1.48060E-05 
-1.48060E-05 
-2.34107E-05 
-2.34107E-05 
-2.34107E-05 
-2.34107E-05 
-2.34107E-05 
-2.34107E-05 
-2.34107E-05 
-2.34107E-05 
-2.34107E-05 
-2.34107E-05 
-2.34107E-05 
-2.34107E-05 
-2.34107E-05 
-2.34107E-05 
-2.34107E-05 
-2.34107E-05 
-2.34107E-05 
-2.34107E-05 
-2.34107E-05 
-2.34107E-05 
-2.34107E-05 
-2.34107E-05 
-2.34107E-05 
-2.34107E-05 
-2.34107E-05 
-2.34107E-05 
-3.68995E-05 
-3.68995E-05 
-3.68995E-05 
-3.68995E-05 
-3.68995E-05 
-3.68995E-05 
-3.68995E-05 
-3.68995E-05 
-3.68995E-05 
-3.68995E-05 
-3.68995E-05 
-3.68995E-05 
-3.68995E-05 
-3.68995E-05 
-3.68995E-05 
-3.68995E-05 
-3.68995E-05 
-3.68995E-05 
-3.68995E-05 
-3.68995E-05 
-3.68995E-05 
-3.68995E-05 
-3.68995E-05 
-3.68995E-05 
-3.68995E-05 
-3.68995E-05 
-5.79201E-05 
-5.79201E-05 
-5.79201E-05 
-5.79201E-05 
-5.79201E-05 
-5.79201E-05 
-5.79201E-05 
-5.79201E-05 
-5.79201E-05 
-5.79201E-05 
-5.79201E-05 
-5.79201E-05 
-5.79201E-05 
-5.79201E-05 
-5.79201E-05 
-5.79201E-05 
-5.79201E-05 
-5.79201E-05 
-5.79201E-05 
-5.79201E-05 
-5.79201E-05 
-5.79201E-05 
-5.79201E-05 
-5.79201E-05 
-5.79201E-05 
-5.79201E-05 
-9.04929E-05 
-9.04929E-05 
-9.04929E-05 
-9.04929E-05 
-9.04929E-05 
-9.04929E-05 
-9.04929E-05 
-9.04929E-05 
-9.04929E-05 
-9.04929E-05 
-9.04929E-05 
-9.04929E-05 
-9.04929E-05 
-9.04929E-05 
-9.04929E-05 
-9.04929E-05 
-9.04929E-05 
-9.04929E-05 
-9.04929E-05 
-9.04929E-05 
-9.04929E-05 
-9.04929E-05 
-9.04929E-05 
-9.04929E-05 
-9.04929E-05 
-9.04929E-05 
-1.40542E-04 
-1.40542E-04 
-1.40542E-04 
-1.40542E-04 
-1.40542E-04 
-1.40542E-04 
-1.40542E-04 
-1.40542E-04 
-1.40542E-04 
-1.40542E-04 
-1.40542E-04 
-1.40542E-04 
-1.40542E-04 
-1.40542E-04 
-1.40542E-04 
-1.40542E-04 
-1.40542E-04 
-1.40542E-04 
-1.40542E-04 
-1.40542E-04 
-1.40542E-04 
-1.40542E-04 
-1.40542E-04 
-1.40542E-04 
-1.40542E-04 
-1.40542E-04 
-2.16692E-04 
-2.16692E-04 
-2.16692E-04 
-2.16692E-04 
-2.16692E-04 
-2.16692E-04 
-2.16692E-04 
-2.16692E-04 
-2.16692E-04 
-2.16692E-04 
-2.16692E-04 
-2.16692E-04 
-2.16692E-04 
-2.16692E-04 
-2.16692E-04 
-2.16692E-04 
-2.16692E-04 
-2.16692E-04 
-2.16692E-04 
-2.16692E-04 
-2.16692E-04 
-2.16692E-04 
-2.16692E-04 
-2.16692E-04 
-2.16692E-04 
-2.16692E-04 
-3.31203E-04 
-3.31203E-04 
-3.31203E-04 
-3.31203E-04 
-3.31203E-04 
-3.31203E-04 
-3.31203E-04 
-3.31203E-04 
-3.31203E-04 
-3.31203E-04 
-3.31203E-04 
-3.31203E-04 
-3.31203E-04 
-3.31203E-04 
-3.31203E-04 
-3.31203E-04 
-3.31203E-04 
-3.31203E-04 
-3.31203E-04 
-3.31203E-04 
-3.31203E-04 
-3.31203E-04 
-3.31203E-04 
-3.31203E-04 
-3.31203E-04 
-3.31203E-04 
-5.01005E-04 
-5.01005E-04 
-5.01005E-04 
-5.01005E-04 
-5.01005E-04 
-5.01005E-04 
-5.01005E-04 
-5.01005E-04 
-5.01005E-04 
-5.01005E-04 
-5.01005E-04 
-5.01005E-04 
-5.01005E-04 
-5.01005E-04 
-5.01005E-04 
-5.01005E-04 
-5.01005E-04 
-5.01005E-04 
-5.01005E-04 
-5.01005E-04 
-5.01005E-04 
-5.01005E-04 
-5.01005E-04 
-5.01005E-04 
-5.01005E-04 
-5.01005E-04 
-7.48782E-04 
-7.48782E-04 
-7.48782E-04 
-7.48782E-04 
-7.48782E-04 
-7.48782E-04 
-7.48782E-04 
-7.48782E-04 
-7.48782E-04 
-7.48782E-04 
-7.48782E-04 
-7.48782E-04 
-7.48782E-04 
-7.48782E-04 
-7.48782E-04 
-7.48782E-04 
-7.48782E-04 
-7.48782E-04 
-7.48782E-04 
-7.48782E-04 
-7.48782E-04 
-7.48782E-04 
-7.48782E-04 
-7.48782E-04 
-7.48782E-04 
-7.48782E-04 
-1.10370E-03 
-1.10370E-03 
-1.10370E-03 
-1.10370E-03 
-1.10370E-03 
-1.10370E-03 
-1.10370E-03 
-1.10370E-03 
-1.10370E-03 
-1.10370E-03 
-1.10370E-03 
-1.10370E-03 
-1.10370E-03 
-1.10370E-03 
-1.10370E-03 
-1.10370E-03 
-1.10370E-03 
-1.10370E-03 
-1.10370E-03 
-1.10370E-03 
-1.10370E-03 
-1.10370E-03 
-1.10370E-03 
-1.10370E-03 
-1.10370E-03 
-1.10370E-03 
-1.60257E-03 
-1.60257E-03 
-1.60257E-03 
-1.60257E-03 
-1.60257E-03 
-1.60257E-03 
-1.60257E-03 
-1.60257E-03 
-1.60257E-03 
-1.60257E-03 
-1.60257E-03 
-1.60257E-03 
-1.60257E-03 
-1.60257E-03 
-1.60257E-03 
-1.60257E-03 
-1.60257E-03 
-1.60257E-03 
-1.60257E-03 
-1.60257E-03 
-1.60257E-03 
-1.60257E-03 
-1.60257E-03 
-1.60257E-03 
-1.60257E-03 
-1.60257E-03 
-2.28485E-03 
-2.28485E-03 
-2.28485E-03 
-2.28485E-03 
-2.28485E-03 
-2.28485E-03 
-2.28485E-03 
-2.28485E-03 
-2.28485E-03 
-2.28485E-03 
-2.28485E-03 
-2.28485E-03 
-2.28485E-03 
-2.28485E-03 
-2.28485E-03 
-2.28485E-03 
-2.28485E-03 
-2.28485E-03 
-2.28485E-03 
-2.28485E-03 
-2.28485E-03 
-2.28485E-03 
-2.28485E-03 
-2.28485E-03 
-2.28485E-03 
-2.28485E-03 
-3.19967E-03 
-3.19967E-03 
-3.19967E-03 
-3.19967E-03 
-3.19967E-03 
-3.19967E-03 
-3.19967E-03 
-3.19967E-03 
-3.19967E-03 
-3.19967E-03 
-3.19967E-03 
-3.19967E-03 
-3.19967E-03 
-3.19967E-03 
-3.19967E-03 
-3.19967E-03 
-3.19967E-03 
-3.19967E-03 
-3.19967E-03 
-3.19967E-03 
-3.19967E-03 
-3.19967E-03 
-3.19967E-03 
-3.19967E-03 
-3.19967E-03 
-3.19967E-03 
-4.39482E-03 
-4.39482E-03 
-4.39482E-03 
-4.39482E-03 
-4.39482E-03 
-4.39482E-03 
-4.39482E-03 
-4.39482E-03 
-4.39482E-03 
-4.39482E-03 
-4.39482E-03 
-4.39482E-03 
-4.39482E-03 
-4.39482E-03 
-4.39482E-03 
-4.39482E-03 
-4.39482E-03 
-4.39482E-03 
-4.39482E-03 
-4.39482E-03 
-4.39482E-03 
-4.39482E-03 
-4.39482E-03 
-4.39482E-03 
-4.39482E-03 
-4.39482E-03 
-5.91706E-03 
-5.91706E-03 
-5.91706E-03 
-5.91706E-03 
-5.91706E-03 
-5.91706E-03 
-5.91706E-03 
-5.91706E-03 
-5.91706E-03 
-5.91706E-03 
-5.91706E-03 
-5.91706E-03 
-5.91706E-03 
-5.91706E-03 
-5.91706E-03 
-5.91706E-03 
-5.91706E-03 
-5.91706E-03 
-5.91706E-03 
-5.91706E-03 
-5.91706E-03 
-5.91706E-03 
-5.91706E-03 
-5.91706E-03 
-5.91706E-03 
-5.91706E-03 
-7.80677E-03 
-7.80677E-03 
-7.80677E-03 
-7.80677E-03 
-7.80677E-03 
-7.80677E-03 
-7.80677E-03 
-7.80677E-03 
-7.80677E-03 
-7.80677E-03 
-7.80677E-03 
-7.80677E-03 
-7.80677E-03 
-7.80677E-03 
-7.80677E-03 
-7.80677E-03 
-7.80677E-03 
-7.80677E-03 
-7.80677E-03 
-7.80677E-03 
-7.80677E-03 
-7.80677E-03 
-7.80677E-03 
-7.80677E-03 
-7.80677E-03 
-7.80677E-03 
-1.00930E-02 
-1.00930E-02 
-1.00930E-02 
-1.00930E-02 
-1.00930E-02 
-1.00930E-02 
-1.00930E-02 
-1.00930E-02 
-1.00930E-02 
-1.00930E-02 
-1.00930E-02 
-1.00930E-02 
-1.00930E-02 
-1.00930E-02 
-1.00930E-02 
-1.00930E-02 
-1.00930E-02 
-1.00930E-02 
-1.00930E-02 
-1.00930E-02 
-1.00930E-02 
-1.00930E-02 
-1.00930E-02 
-1.00930E-02 
-1.00930E-02 
-1.00930E-02 
-1.27880E-02 
-1.27880E-02 
-1.27880E-02 
-1.27880E-02 
-1.27880E-02 
-1.27880E-02 
-1.27880E-02 
-1.27880E-02 
-1.27880E-02 
-1.27880E-02 
-1.27880E-02 
-1.27880E-02 
-1.27880E-02 
-1.27880E-02 
-1.27880E-02 
-1.27880E-02 
-1.27880E-02 
-1.27880E-02 
-1.27880E-02 
-1.27880E-02 
-1.27880E-02 
-1.27880E-02 
-1.27880E-02 
-1.27880E-02 
-1.27880E-02 
-1.27880E-02 
-1.58846E-02 
-1.58846E-02 
-1.58846E-02 
-1.58846E-02 
-1.58846E-02 
-1.58846E-02 
-1.58846E-02 
-1.58846E-02 
-1.58846E-02 
-1.58846E-02 
-1.58846E-02 
-1.58846E-02 
-1.58846E-02 
-1.58846E-02 
-1.58846E-02 
-1.58846E-02 
-1.58846E-02 
-1.58846E-02 
-1.58846E-02 
-1.58846E-02 
-1.58846E-02 
-1.58846E-02 
-1.58846E-02 
-1.58846E-02 
-1.58846E-02 
-1.58846E-02 
-1.93340E-02 
-1.93340E-02 
-1.93340E-02 
-1.93340E-02 
-1.93340E-02 
-1.93340E-02 
-1.93340E-02 
-1.93340E-02 
-1.93340E-02 
-1.93340E-02 
-1.93340E-02 
-1.93340E-02 
-1.93340E-02 
-1.93340E-02 
-1.93340E-02 
-1.93340E-02 
-1.93340E-02 
-1.93340E-02 
-1.93340E-02 
-1.93340E-02 
-1.93340E-02 
-1.93340E-02 
-1.93340E-02 
-1.93340E-02 
-1.93340E-02 
-1.93340E-02 
-2.31255E-02 
-2.31255E-02 
-2.31255E-02 
-2.31255E-02 
-2.31255E-02 
-2.31255E-02 
-2.31255E-02 
-2.31255E-02 
-2.31255E-02 
-2.31255E-02 
-2.31255E-02 
-2.31255E-02 
-2.31255E-02 
-2.31255E-02 
-2.31255E-02 
-2.31255E-02 
-2.31255E-02 
-2.31255E-02 
-2.31255E-02 
-2.31255E-02 
-2.31255E-02 
-2.31255E-02 
-2.31255E-02 
-2.31255E-02 
-2.31255E-02 
-2.31255E-02 
-2.71484E-02 
-2.71484E-02 
-2.71484E-02 
-2.71484E-02 
-2.71484E-02 
-2.71484E-02 
-2.71484E-02 
-2.71484E-02 
-2.71484E-02 
-2.71484E-02 
-2.71484E-02 
-2.71484E-02 
-2.71484E-02 
-2.71484E-02 
-2.71484E-02 
-2.71484E-02 
-2.71484E-02 
-2.71484E-02 
-2.71484E-02 
-2.71484E-02 
-2.71484E-02 
-2.71484E-02 
-2.71484E-02 
-2.71484E-02 
-2.71484E-02 
-2.71484E-02 
-3.13138E-02 
-3.13138E-02 
-3.13138E-02 
-3.13138E-02 
-3.13138E-02 
-3.13138E-02 
-3.13138E-02 
-3.13138E-02 
-3.13138E-02 
-3.13138E-02 
-3.13138E-02 
-3.13138E-02 
-3.13138E-02 
-3.13138E-02 
-3.13138E-02 
-3.13138E-02 
-3.13138E-02 
-3.13138E-02 
-3.13138E-02 
-3.13138E-02 
-3.13138E-02 
-3.13138E-02 
-3.13138E-02 
-3.13138E-02 
-3.13138E-02 
-3.13138E-02 
-3.55001E-02 
-3.55001E-02 
-3.55001E-02 
-3.55001E-02 
-3.55001E-02 
-3.55001E-02 
-3.55001E-02 
-3.55001E-02 
-3.55001E-02 
-3.55001E-02 
-3.55001E-02 
-3.55001E-02 
-3.55001E-02 
-3.55001E-02 
-3.55001E-02 
-3.55001E-02 
-3.55001E-02 
-3.55001E-02 
-3.55001E-02 
-3.55001E-02 
-3.55001E-02 
-3.55001E-02 
-3.55001E-02 
-3.55001E-02 
-3.55001E-02 
-3.55001E-02 
-3.95646E-02 
-3.95646E-02 
-3.95646E-02 
-3.95646E-02 
-3.95646E-02 
-3.95646E-02 
-3.95646E-02 
-3.95646E-02 
-3.95646E-02 
-3.95646E-02 
-3.95646E-02 
-3.95646E-02 
-3.95646E-02 
-3.95646E-02 
-3.95646E-02 
-3.95646E-02 
-3.95646E-02 
-3.95646E-02 
-3.95646E-02 
-3.95646E-02 
-3.95646E-02 
-3.95646E-02 
-3.95646E-02 
-3.95646E-02 
-3.95646E-02 
-3.95646E-02 
-4.33438E-02 
-4.33438E-02 
-4.33438E-02 
-4.33438E-02 
-4.33438E-02 
-4.33438E-02 
-4.33438E-02 
-4.33438E-02 
-4.33438E-02 
-4.33438E-02 
-4.33438E-02 
-4.33438E-02 
-4.33438E-02 
-4.33438E-02 
-4.33438E-02 
-4.33438E-02 
-4.33438E-02 
-4.33438E-02 
-4.33438E-02 
-4.33438E-02 
-4.33438E-02 
-4.33438E-02 
-4.33438E-02 
-4.33438E-02 
-4.33438E-02 
-4.33438E-02 
-4.66256E-02 
-4.66256E-02 
-4.66256E-02 
-4.66256E-02 
-4.66256E-02 
-4.66256E-02 
-4.66256E-02 
-4.66256E-02 
-4.66256E-02 
-4.66256E-02 
-4.66256E-02 
-4.66256E-02 
-4.66256E-02 
-4.66256E-02 
-4.66256E-02 
-4.66256E-02 
-4.66256E-02 
-4.66256E-02 
-4.66256E-02 
-4.66256E-02 
-4.66256E-02 
-4.66256E-02 
-4.66256E-02 
-4.66256E-02 
-4.66256E-02 
-4.66256E-02 
-4.92751E-02 
-4.92751E-02 
-4.92751E-02 
-4.92751E-02 
-4.92751E-02 
-4.92751E-02 
-4.92751E-02 
-4.92751E-02 
-4.92751E-02 
-4.92751E-02 
-4.92751E-02 
-4.92751E-02 
-4.92751E-02 
-4.92751E-02 
-4.92751E-02 
-4.92751E-02 
-4.92751E-02 
-4.92751E-02 
-4.92751E-02 
-4.92751E-02 
-4.92751E-02 
-4.92751E-02 
-4.92751E-02 
-4.92751E-02 
-4.92751E-02 
-4.92751E-02 
-5.10352E-02 
-5.10352E-02 
-5.10352E-02 
-5.10352E-02 
-5.10352E-02 
-5.10352E-02 
-5.10352E-02 
-5.10352E-02 
-5.10352E-02 
-5.10352E-02 
-5.10352E-02 
-5.10352E-02 
-5.10352E-02 
-5.10352E-02 
-5.10352E-02 
-5.10352E-02 
-5.10352E-02 
-5.10352E-02 
-5.10352E-02 
-5.10352E-02 
-5.10352E-02 
-5.10352E-02 
-5.10352E-02 
-5.10352E-02 
-5.10352E-02 
-5.10352E-02 
-5.16913E-02 
-5.16913E-02 
-5.16913E-02 
-5.16913E-02 
-5.16913E-02 
-5.16913E-02 
-5.16913E-02 
-5.16913E-02 
-5.16913E-02 
-5.16913E-02 
-5.16913E-02 
-5.16913E-02 
-5.16913E-02 
-5.16913E-02 
-5.16913E-02 
-5.16913E-02 
-5.16913E-02 
-5.16913E-02 
-5.16913E-02 
-5.16913E-02 
-5.16913E-02 
-5.16913E-02 
-5.16913E-02 
-5.16913E-02 
-5.16913E-02 
-5.16913E-02 
-5.10074E-02 
-5.10074E-02 
-5.10074E-02 
-5.10074E-02 
-5.10074E-02 
-5.10074E-02 
-5.10074E-02 
-5.10074E-02 
-5.10074E-02 
-5.10074E-02 
-5.10074E-02 
-5.10074E-02 
-5.10074E-02 
-5.10074E-02 
-5.10074E-02 
-5.10074E-02 
-5.10074E-02 
-5.10074E-02 
-5.10074E-02 
-5.10074E-02 
-5.10074E-02 
-5.10074E-02 
-5.10074E-02 
-5.10074E-02 
-5.10074E-02 
-5.10074E-02 
-4.87336E-02 
-4.87336E-02 
-4.87336E-02 
-4.87336E-02 
-4.87336E-02 
-4.87336E-02 
-4.87336E-02 
-4.87336E-02 
-4.87336E-02 
-4.87336E-02 
-4.87336E-02 
-4.87336E-02 
-4.87336E-02 
-4.87336E-02 
-4.87336E-02 
-4.87336E-02 
-4.87336E-02 
-4.87336E-02 
-4.87336E-02 
-4.87336E-02 
-4.87336E-02 
-4.87336E-02 
-4.87336E-02 
-4.87336E-02 
-4.87336E-02 
-4.87336E-02 
-4.46120E-02 
-4.46120E-02 
-4.46120E-02 
-4.46120E-02 
-4.46120E-02 
-4.46120E-02 
-4.46120E-02 
-4.46120E-02 
-4.46120E-02 
-4.46120E-02 
-4.46120E-02 
-4.46120E-02 
-4.46120E-02 
-4.46120E-02 
-4.46120E-02 
-4.46120E-02 
-4.46120E-02 
-4.46120E-02 
-4.46120E-02 
-4.46120E-02 
-4.46120E-02 
-4.46120E-02 
-4.46120E-02 
-4.46120E-02 
-4.46120E-02 
-4.46120E-02 
-3.83765E-02 
-3.83765E-02 
-3.83765E-02 
-3.83765E-02 
-3.83765E-02 
-3.83765E-02 
-3.83765E-02 
-3.83765E-02 
-3.83765E-02 
-3.83765E-02 
-3.83765E-02 
-3.83765E-02 
-3.83765E-02 
-3.83765E-02 
-3.83765E-02 
-3.83765E-02 
-3.83765E-02 
-3.83765E-02 
-3.83765E-02 
-3.83765E-02 
-3.83765E-02 
-3.83765E-02 
-3.83765E-02 
-3.83765E-02 
-3.83765E-02 
-3.83765E-02 
-2.97466E-02 
-2.97466E-02 
-2.97466E-02 
-2.97466E-02 
-2.97466E-02 
-2.97466E-02 
-2.97466E-02 
-2.97466E-02 
-2.97466E-02 
-2.97466E-02 
-2.97466E-02 
-2.97466E-02 
-2.97466E-02 
-2.97466E-02 
-2.97466E-02 
-2.97466E-02 
-2.97466E-02 
-2.97466E-02 
-2.97466E-02 
-2.97466E-02 
-2.97466E-02 
-2.97466E-02 
-2.97466E-02 
-2.97466E-02 
-2.97466E-02 
-2.97466E-02 
-1.84578E-02 
-1.84578E-02 
-1.84578E-02 
-1.84578E-02 
-1.84578E-02 
-1.84578E-02 
-1.84578E-02 
-1.84578E-02 
-1.84578E-02 
-1.84578E-02 
-1.84578E-02 
-1.84578E-02 
-1.84578E-02 
-1.84578E-02 
-1.84578E-02 
-1.84578E-02 
-1.84578E-02 
-1.84578E-02 
-1.84578E-02 
-1.84578E-02 
-1.84578E-02 
-1.84578E-02 
-1.84578E-02 
-1.84578E-02 
-1.84578E-02 
-1.84578E-02 
-4.18538E-03 
-4.18538E-03 
-4.18538E-03 
-4.18538E-03 
-4.18538E-03 
-4.18538E-03 
-4.18538E-03 
-4.18538E-03 
-4.18538E-03 
-4.18538E-03 
-4.18538E-03 
-4.18538E-03 
-4.18538E-03 
-4.18538E-03 
-4.18538E-03 
-4.18538E-03 
-4.18538E-03 
-4.18538E-03 
-4.18538E-03 
-4.18538E-03 
-4.18538E-03 
-4.18538E-03 
-4.18538E-03 
-4.18538E-03 
-4.18538E-03 
-4.18538E-03 
1.31769E-02 
1.31769E-02 
1.31769E-02 
1.31769E-02 
1.31769E-02 
1.31769E-02 
1.31769E-02 
1.31769E-02 
1.31769E-02 
1.31769E-02 
1.31769E-02 
1.31769E-02 
1.31769E-02 
1.31769E-02 
1.31769E-02 
1.31769E-02 
1.31769E-02 
1.31769E-02 
1.31769E-02 
1.31769E-02 
1.31769E-02 
1.31769E-02 
1.31769E-02 
1.31769E-02 
1.31769E-02 
1.31769E-02 
3.42223E-02 
3.42223E-02 
3.42223E-02 
3.42223E-02 
3.42223E-02 
3.42223E-02 
3.42223E-02 
3.42223E-02 
3.42223E-02 
3.42223E-02 
3.42223E-02 
3.42223E-02 
3.42223E-02 
3.42223E-02 
3.42223E-02 
3.42223E-02 
3.42223E-02 
3.42223E-02 
3.42223E-02 
3.42223E-02 
3.42223E-02 
3.42223E-02 
3.42223E-02 
3.42223E-02 
3.42223E-02 
3.42223E-02 
5.90998E-02 
5.90998E-02 
5.90998E-02 
5.90998E-02 
5.90998E-02 
5.90998E-02 
5.90998E-02 
5.90998E-02 
5.90998E-02 
5.90998E-02 
5.90998E-02 
5.90998E-02 
5.90998E-02 
5.90998E-02 
5.90998E-02 
5.90998E-02 
5.90998E-02 
5.90998E-02 
5.90998E-02 
5.90998E-02 
5.90998E-02 
5.90998E-02 
5.90998E-02 
5.90998E-02 
5.90998E-02 
5.90998E-02 
8.81131E-02 
8.81131E-02 
8.81131E-02 
8.81131E-02 
8.81131E-02 
8.81131E-02 
8.81131E-02 
8.81131E-02 
8.81131E-02 
8.81131E-02 
8.81131E-02 
8.81131E-02 
8.81131E-02 
8.81131E-02 
8.81131E-02 
8.81131E-02 
8.81131E-02 
8.81131E-02 
8.81131E-02 
8.81131E-02 
8.81131E-02 
8.81131E-02 
8.81131E-02 
8.81131E-02 
8.81131E-02 
8.81131E-02 
1.21570E-01 
1.21570E-01 
1.21570E-01 
1.21570E-01 
1.21570E-01 
1.21570E-01 
1.21570E-01 
1.21570E-01 
1.21570E-01 
1.21570E-01 
1.21570E-01 
1.21570E-01 
1.21570E-01 
1.21570E-01 
1.21570E-01 
1.21570E-01 
1.21570E-01 
1.21570E-01 
1.21570E-01 
1.21570E-01 
1.21570E-01 
1.21570E-01 
1.21570E-01 
1.21570E-01 
1.21570E-01 
1.21570E-01 
1.59779E-01 
1.59779E-01 
1.59779E-01 
1.59779E-01 
1.59779E-01 
1.59779E-01 
1.59779E-01 
1.59779E-01 
1.59779E-01 
1.59779E-01 
1.59779E-01 
1.59779E-01 
1.59779E-01 
1.59779E-01 
1.59779E-01 
1.59779E-01 
1.59779E-01 
1.59779E-01 
1.59779E-01 
1.59779E-01 
1.59779E-01 
1.59779E-01 
1.59779E-01 
1.59779E-01 
1.59779E-01 
1.59779E-01 
2.03055E-01 
2.03055E-01 
2.03055E-01 
2.03055E-01 
2.03055E-01 
2.03055E-01 
2.03055E-01 
2.03055E-01 
2.03055E-01 
2.03055E-01 
2.03055E-01 
2.03055E-01 
2.03055E-01 
2.03055E-01 
2.03055E-01 
2.03055E-01 
2.03055E-01 
2.03055E-01 
2.03055E-01 
2.03055E-01 
2.03055E-01 
2.03055E-01 
2.03055E-01 
2.03055E-01 
2.03055E-01 
2.03055E-01 
2.51710E-01 
2.51710E-01 
2.51710E-01 
2.51710E-01 
2.51710E-01 
2.51710E-01 
2.51710E-01 
2.51710E-01 
2.51710E-01 
2.51710E-01 
2.51710E-01 
2.51710E-01 
2.51710E-01 
2.51710E-01 
2.51710E-01 
2.51710E-01 
2.51710E-01 
2.51710E-01 
2.51710E-01 
2.51710E-01 
2.51710E-01 
2.51710E-01 
2.51710E-01 
2.51710E-01 
2.51710E-01 
2.51710E-01 
3.06065E-01 
3.06065E-01 
3.06065E-01 
3.06065E-01 
3.06065E-01 
3.06065E-01 
3.06065E-01 
3.06065E-01 
3.06065E-01 
3.06065E-01 
3.06065E-01 
3.06065E-01 
3.06065E-01 
3.06065E-01 
3.06065E-01 
3.06065E-01 
3.06065E-01 
3.06065E-01 
3.06065E-01 
3.06065E-01 
3.06065E-01 
3.06065E-01 
3.06065E-01 
3.06065E-01 
3.06065E-01 
3.06065E-01 
3.66566E-01 
3.66566E-01 
3.66566E-01 
3.66566E-01 
3.66566E-01 
3.66566E-01 
3.66566E-01 
3.66566E-01 
3.66566E-01 
3.66566E-01 
3.66566E-01 
3.66566E-01 
3.66566E-01 
3.66566E-01 
3.66566E-01 
3.66566E-01 
3.66566E-01 
3.66566E-01 
3.66566E-01 
3.66566E-01 
3.66566E-01 
3.66566E-01 
3.66566E-01 
3.66566E-01 
3.66566E-01 
3.66566E-01 
4.32949E-01 
4.32949E-01 
4.32949E-01 
4.32949E-01 
4.32949E-01 
4.32949E-01 
4.32949E-01 
4.32949E-01 
4.32949E-01 
4.32949E-01 
4.32949E-01 
4.32949E-01 
4.32949E-01 
4.32949E-01 
4.32949E-01 
4.32949E-01 
4.32949E-01 
4.32949E-01 
4.32949E-01 
4.32949E-01 
4.32949E-01 
4.32949E-01 
4.32949E-01 
4.32949E-01 
4.32949E-01 
4.32949E-01 
5.06397E-01 
5.06397E-01 
5.06397E-01 
5.06397E-01 
5.06397E-01 
5.06397E-01 
5.06397E-01 
5.06397E-01 
5.06397E-01 
5.06397E-01 
5.06397E-01 
5.06397E-01 
5.06397E-01 
5.06397E-01 
5.06397E-01 
5.06397E-01 
5.06397E-01 
5.06397E-01 
5.06397E-01 
5.06397E-01 
5.06397E-01 
5.06397E-01 
5.06397E-01 
5.06397E-01 
5.06397E-01 
5.06397E-01 
5.86795E-01 
5.86795E-01 
5.86795E-01 
5.86795E-01 
5.86795E-01 
5.86795E-01 
5.86795E-01 
5.86795E-01 
5.86795E-01 
5.86795E-01 
5.86795E-01 
5.86795E-01 
5.86795E-01 
5.86795E-01 
5.86795E-01 
5.86795E-01 
5.86795E-01 
5.86795E-01 
5.86795E-01 
5.86795E-01 
5.86795E-01 
5.86795E-01 
5.86795E-01 
5.86795E-01 
5.86795E-01 
5.86795E-01 
6.74484E-01 
6.74484E-01 
6.74484E-01 
6.74484E-01 
6.74484E-01 
6.74484E-01 
6.74484E-01 
6.74484E-01 
6.74484E-01 
6.74484E-01 
6.74484E-01 
6.74484E-01 
6.74484E-01 
6.74484E-01 
6.74484E-01 
6.74484E-01 
6.74484E-01 
6.74484E-01 
6.74484E-01 
6.74484E-01 
6.74484E-01 
6.74484E-01 
6.74484E-01 
6.74484E-01 
6.74484E-01 
6.74484E-01 
7.69784E-01 
7.69784E-01 
7.69784E-01 
7.69784E-01 
7.69784E-01 
7.69784E-01 
7.69784E-01 
7.69784E-01 
7.69784E-01 
7.69784E-01 
7.69784E-01 
7.69784E-01 
7.69784E-01 
7.69784E-01 
7.69784E-01 
7.69784E-01 
7.69784E-01 
7.69784E-01 
7.69784E-01 
7.69784E-01 
7.69784E-01 
7.69784E-01 
7.69784E-01 
7.69784E-01 
7.69784E-01 
7.69784E-01 
8.73039E-01 
8.73039E-01 
8.73039E-01 
8.73039E-01 
8.73039E-01 
8.73039E-01 
8.73039E-01 
8.73039E-01 
8.73039E-01 
8.73039E-01 
8.73039E-01 
8.73039E-01 
8.73039E-01 
8.73039E-01 
8.73039E-01 
8.73039E-01 
8.73039E-01 
8.73039E-01 
8.73039E-01 
8.73039E-01 
8.73039E-01 
8.73039E-01 
8.73039E-01 
8.73039E-01 
8.73039E-01 
8.73039E-01 
9.84529E-01 
9.84529E-01 
9.84529E-01 
9.84529E-01 
9.84529E-01 
9.84529E-01 
9.84529E-01 
9.84529E-01 
9.84529E-01 
9.84529E-01 
9.84529E-01 
9.84529E-01 
9.84529E-01 
9.84529E-01 
9.84529E-01 
9.84529E-01 
9.84529E-01 
9.84529E-01 
9.84529E-01 
9.84529E-01 
9.84529E-01 
9.84529E-01 
9.84529E-01 
9.84529E-01 
9.84529E-01 
9.84529E-01 
1.10496E+00 
1.10496E+00 
1.10496E+00 
1.10496E+00 
1.10496E+00 
1.10496E+00 
1.10496E+00 
1.10496E+00 
1.10496E+00 
1.10496E+00 
1.10496E+00 
1.10496E+00 
1.10496E+00 
1.10496E+00 
1.10496E+00 
1.10496E+00 
1.10496E+00 
1.10496E+00 
1.10496E+00 
1.10496E+00 
1.10496E+00 
1.10496E+00 
1.10496E+00 
1.10496E+00 
1.10496E+00 
1.10496E+00 
1.23390E+00 
1.23390E+00 
1.23390E+00 
1.23390E+00 
1.23390E+00 
1.23390E+00 
1.23390E+00 
1.23390E+00 
1.23390E+00 
1.23390E+00 
1.23390E+00 
1.23390E+00 
1.23390E+00 
1.23390E+00 
1.23390E+00 
1.23390E+00 
1.23390E+00 
1.23390E+00 
1.23390E+00 
1.23390E+00 
1.23390E+00 
1.23390E+00 
1.23390E+00 
1.23390E+00 
1.23390E+00 
1.23390E+00 
1.37218E+00 
1.37218E+00 
1.37218E+00 
1.37218E+00 
1.37218E+00 
1.37218E+00 
1.37218E+00 
1.37218E+00 
1.37218E+00 
1.37218E+00 
1.37218E+00 
1.37218E+00 
1.37218E+00 
1.37218E+00 
1.37218E+00 
1.37218E+00 
1.37218E+00 
1.37218E+00 
1.37218E+00 
1.37218E+00 
1.37218E+00 
1.37218E+00 
1.37218E+00 
1.37218E+00 
1.37218E+00 
1.37218E+00 
1.52008E+00 
1.52008E+00 
1.52008E+00 
1.52008E+00 
1.52008E+00 
1.52008E+00 
1.52008E+00 
1.52008E+00 
1.52008E+00 
1.52008E+00 
1.52008E+00 
1.52008E+00 
1.52008E+00 
1.52008E+00 
1.52008E+00 
1.52008E+00 
1.52008E+00 
1.52008E+00 
1.52008E+00 
1.52008E+00 
1.52008E+00 
1.52008E+00 
1.52008E+00 
1.52008E+00 
1.52008E+00 
1.52008E+00 
1.67794E+00 
1.67794E+00 
1.67794E+00 
1.67794E+00 
1.67794E+00 
1.67794E+00 
1.67794E+00 
1.67794E+00 
1.67794E+00 
1.67794E+00 
1.67794E+00 
1.67794E+00 
1.67794E+00 
1.67794E+00 
1.67794E+00 
1.67794E+00 
1.67794E+00 
1.67794E+00 
1.67794E+00 
1.67794E+00 
1.67794E+00 
1.67794E+00 
1.67794E+00 
1.67794E+00 
1.67794E+00 
1.67794E+00 
1.84605E+00 
1.84605E+00 
1.84605E+00 
1.84605E+00 
1.84605E+00 
1.84605E+00 
1.84605E+00 
1.84605E+00 
1.84605E+00 
1.84605E+00 
1.84605E+00 
1.84605E+00 
1.84605E+00 
1.84605E+00 
1.84605E+00 
1.84605E+00 
1.84605E+00 
1.84605E+00 
1.84605E+00 
1.84605E+00 
1.84605E+00 
1.84605E+00 
1.84605E+00 
1.84605E+00 
1.84605E+00 
1.84605E+00 
2.02476E+00 
2.02476E+00 
2.02476E+00 
2.02476E+00 
2.02476E+00 
2.02476E+00 
2.02476E+00 
2.02476E+00 
2.02476E+00 
2.02476E+00 
2.02476E+00 
2.02476E+00 
2.02476E+00 
2.02476E+00 
2.02476E+00 
2.02476E+00 
2.02476E+00 
2.02476E+00 
2.02476E+00 
2.02476E+00 
2.02476E+00 
2.02476E+00 
2.02476E+00 
2.02476E+00 
2.02476E+00 
2.02476E+00 
2.21444E+00 
2.21444E+00 
2.21444E+00 
2.21444E+00 
2.21444E+00 
2.21444E+00 
2.21444E+00 
2.21444E+00 
2.21444E+00 
2.21444E+00 
2.21444E+00 
2.21444E+00 
2.21444E+00 
2.21444E+00 
2.21444E+00 
2.21444E+00 
2.21444E+00 
2.21444E+00 
2.21444E+00 
2.21444E+00 
2.21444E+00 
2.21444E+00 
2.21444E+00 
2.21444E+00 
2.21444E+00 
2.21444E+00 
2.41526E+00 
2.41526E+00 
2.41526E+00 
2.41526E+00 
2.41526E+00 
2.41526E+00 
2.41526E+00 
2.41526E+00 
2.41526E+00 
2.41526E+00 
2.41526E+00 
2.41526E+00 
2.41526E+00 
2.41526E+00 
2.41526E+00 
2.41526E+00 
2.41526E+00 
2.41526E+00 
2.41526E+00 
2.41526E+00 
2.41526E+00 
2.41526E+00 
2.41526E+00 
2.41526E+00 
2.41526E+00 
2.41526E+00 
---
