PdfType: replica
Format: lhagrid1
---
1.00000E-06 1.28121E-06 1.64152E-06 2.10317E-06 2.69463E-06 3.45242E-06 4.42329E-06 5.66715E-06 7.26076E-06 9.30241E-06 1.19180E-05 1.52689E-05 1.95617E-05 2.50609E-05 3.21053E-05 4.11287E-05 5.26863E-05 6.74889E-05 8.64459E-05 1.10720E-04 1.41800E-04 1.81585E-04 2.32503E-04 2.97652E-04 3.80981E-04 4.87518E-04 6.26039E-04 8.00452E-04 1.02297E-03 1.30657E-03 1.66759E-03 2.12729E-03 2.71054E-03 3.44865E-03 4.37927E-03 5.54908E-03 7.01192E-03 8.83064E-03 1.10763E-02 1.38266E-02 1.71641E-02 2.11717E-02 2.59364E-02 3.15062E-02 3.79623E-02 4.53425E-02 5.36750E-02 6.29705E-02 7.32221E-02 8.44039E-02 9.64793E-02 1.09332E-01 1.23067E-01 1.37507E-01 1.52639E-01 1.68416E-01 1.84794E-01 2.01731E-01 2.19016E-01 2.36948E-01 2.55242E-01 2.73927E-01 2.92954E-01 3.12340E-01 3.32036E-01 3.52019E-01 3.72282E-01 3.92772E-01 4.13533E-01 4.34326E-01 4.55495E-01 4.76836E-01 4.98342E-01 5.20006E-01 5.41818E-01 5.63773E-01 5.85861E-01 6.08077E-01 6.30459E-01 6.52800E-01 6.75387E-01 6.98063E-01 7.20830E-01 7.43683E-01 7.66623E-01 7.89636E-01 8.12791E-01 8.35940E-01 8.59175E-01 8.82485E-01 9.05866E-01 9.29311E-01 9.52817E-01 9.76387E-01 1.00000E+00 
1.14018E+00 1.22539E+00 1.32482E+00 1.44156E+00 1.57954E+00 1.74381E+00 1.94091E+00 2.12132E+00 2.17945E+00 2.49622E+00 2.89383E+00 3.39925E+00 4.05063E+00 4.90286E+00 6.03623E+00 7.57063E+00 9.68869E+00 1.26749E+01 1.69835E+01 2.33578E+01 3.30501E+01 4.82334E+01 7.28041E+01 1.13998E+02 1.85779E+02 3.16228E+02 
908
-1.16683E-16 
-1.16683E-16 
-1.16683E-16 
-1.16683E-16 
-1.16683E-16 
-1.16683E-16 
-1.16683E-16 
-1.16683E-16 
-1.16683E-16 
-1.16683E-16 
-1.16683E-16 
-1.16683E-16 
-1.16683E-16 
-1.16683E-16 
-1.16683E-16 
-1.16683E-16 
-1.16683E-16 
-1.16683E-16 
-1.16683E-16 
-1.16683E-16 
-1.16683E-16 
-1.16683E-16 
-1.16683E-16 
-1.16683E-16 
-1.16683E-16 
-1.16683E-16 
-2.27400E-16 
-2.27400E-16 
-2.27400E-16 
-2.27400E-16 
-2.27400E-16 
-2.27400E-16 
-2.27400E-16 
-2.27400E-16 
-2.27400E-16 
-2.27400E-16 
-2.27400E-16 
-2.27400E-16 
-2.27400E-16 
-2.27400E-16 
-2.27400E-16 
-2.27400E-16 
-2.27400E-16 
-2.27400E-16 
-2.27400E-16 
-2.27400E-16 
-2.27400E-16 
-2.27400E-16 
-2.27400E-16 
-2.27400E-16 
-2.27400E-16 
-2.27400E-16 
-4.43185E-16 
-4.43185E-16 
-4.43185E-16 
-4.43185E-16 
-4.43185E-16 
-4.43185E-16 
-4.43185E-16 
-4.43185E-16 
-4.43185E-16 
-4.43185E-16 
-4.43185E-16 
-4.43185E-16 
-4.43185E-16 
-4.43185E-16 
-4.43185E-16 
-4.43185E-16 
-4.43185E-16 
-4.43185E-16 
-4.43185E-16 
-4.43185E-16 
-4.43185E-16 
-4.43185E-16 
-4.43185E-16 
-4.43185E-16 
-4.43185E-16 
-4.43185E-16 
-8.63749E-16 
-8.63749E-16 
-8.63749E-16 
-8.63749E-16 
-8.63749E-16 
-8.63749E-16 
-8.63749E-16 
-8.63749E-16 
-8.63749E-16 
-8.63749E-16 
-8.63749E-16 
-8.63749E-16 
-8.63749E-16 
-8.63749E-16 
-8.63749E-16 
-8.63749E-16 
-8.63749E-16 
-8.63749E-16 
-8.63749E-16 
-8.63749E-16 
-8.63749E-16 
-8.63749E-16 
-8.63749E-16 
-8.63749E-16 
-8.63749E-16 
-8.63749E-16 
-1.68337E-15 
-1.68337E-15 
-1.68337E-15 
-1.68337E-15 
-1.68337E-15 
-1.68337E-15 
-1.68337E-15 
-1.68337E-15 
-1.68337E-15 
-1.68337E-15 
-1.68337E-15 
-1.68337E-15 
-1.68337E-15 
-1.68337E-15 
-1.68337E-15 
-1.68337E-15 
-1.68337E-15 
-1.68337E-15 
-1.68337E-15 
-1.68337E-15 
-1.68337E-15 
-1.68337E-15 
-1.68337E-15 
-1.68337E-15 
-1.68337E-15 
-1.68337E-15 
-3.28074E-15 
-3.28074E-15 
-3.28074E-15 
-3.28074E-15 
-3.28074E-15 
-3.28074E-15 
-3.28074E-15 
-3.28074E-15 
-3.28074E-15 
-3.28074E-15 
-3.28074E-15 
-3.28074E-15 
-3.28074E-15 
-3.28074E-15 
-3.28074E-15 
-3.28074E-15 
-3.28074E-15 
-3.28074E-15 
-3.28074E-15 
-3.28074E-15 
-3.28074E-15 
-3.28074E-15 
-3.28074E-15 
-3.28074E-15 
-3.28074E-15 
-3.28074E-15 
-6.39375E-15 
-6.39375E-15 
-6.39375E-15 
-6.39375E-15 
-6.39375E-15 
-6.39375E-15 
-6.39375E-15 
-6.39375E-15 
-6.39375E-15 
-6.39375E-15 
-6.39375E-15 
-6.39375E-15 
-6.39375E-15 
-6.39375E-15 
-6.39375E-15 
-6.39375E-15 
-6.39375E-15 
-6.39375E-15 
-6.39375E-15 
-6.39375E-15 
-6.39375E-15 
-6.39375E-15 
-6.39375E-15 
-6.39375E-15 
-6.39375E-15 
-6.39375E-15 
-1.24604E-14 
-1.24604E-14 
-1.24604E-14 
-1.24604E-14 
-1.24604E-14 
-1.24604E-14 
-1.24604E-14 
-1.24604E-14 
-1.24604E-14 
-1.24604E-14 
-1.24604E-14 
-1.24604E-14 
-1.24604E-14 
-1.24604E-14 
-1.24604E-14 
-1.24604E-14 
-1.24604E-14 
-1.24604E-14 
-1.24604E-14 
-1.24604E-14 
-1.24604E-14 
-1.24604E-14 
-1.24604E-14 
-1.24604E-14 
-1.24604E-14 
-1.24604E-14 
-2.42831E-14 
-2.42831E-14 
-2.42831E-14 
-2.42831E-14 
-2.42831E-14 
-2.42831E-14 
-2.42831E-14 
-2.42831E-14 
-2.42831E-14 
-2.42831E-14 
-2.42831E-14 
-2.42831E-14 
-2.42831E-14 
-2.42831E-14 
-2.42831E-14 
-2.42831E-14 
-2.42831E-14 
-2.42831E-14 
-2.42831E-14 
-2.42831E-14 
-2.42831E-14 
-2.42831E-14 
-2.42831E-14 
-2.42831E-14 
-2.42831E-14 
-2.42831E-14 
-4.73221E-14 
-4.73221E-14 
-4.73221E-14 
-4.73221E-14 
-4.73221E-14 
-4.73221E-14 
-4.73221E-14 
-4.73221E-14 
-4.73221E-14 
-4.73221E-14 
-4.73221E-14 
-4.73221E-14 
-4.73221E-14 
-4.73221E-14 
-4.73221E-14 
-4.73221E-14 
-4.73221E-14 
-4.73221E-14 
-4.73221E-14 
-4.73221E-14 
-4.73221E-14 
-4.73221E-14 
-4.73221E-14 
-4.73221E-14 
-4.73221E-14 
-4.73221E-14 
-9.22165E-14 
-9.22165E-14 
-9.22165E-14 
-9.22165E-14 
-9.22165E-14 
-9.22165E-14 
-9.22165E-14 
-9.22165E-14 
-9.22165E-14 
-9.22165E-14 
-9.22165E-14 
-9.22165E-14 
-9.22165E-14 
-9.22165E-14 
-9.22165E-14 
-9.22165E-14 
-9.22165E-14 
-9.22165E-14 
-9.22165E-14 
-9.22165E-14 
-9.22165E-14 
-9.22165E-14 
-9.22165E-14 
-9.22165E-14 
-9.22165E-14 
-9.22165E-14 
-1.79698E-13 
-1.79698E-13 
-1.79698E-13 
-1.79698E-13 
-1.79698E-13 
-1.79698E-13 
-1.79698E-13 
-1.79698E-13 
-1.79698E-13 
-1.79698E-13 
-1.79698E-13 
-1.79698E-13 
-1.79698E-13 
-1.79698E-13 
-1.79698E-13 
-1.79698E-13 
-1.79698E-13 
-1.79698E-13 
-1.79698E-13 
-1.79698E-13 
-1.79698E-13 
-1.79698E-13 
-1.79698E-13 
-1.79698E-13 
-1.79698E-13 
-1.79698E-13 
-3.50155E-13 
-3.50155E-13 
-3.50155E-13 
-3.50155E-13 
-3.50155E-13 
-3.50155E-13 
-3.50155E-13 
-3.50155E-13 
-3.50155E-13 
-3.50155E-13 
-3.50155E-13 
-3.50155E-13 
-3.50155E-13 
-3.50155E-13 
-3.50155E-13 
-3.50155E-13 
-3.50155E-13 
-3.50155E-13 
-3.50155E-13 
-3.50155E-13 
-3.50155E-13 
-3.50155E-13 
-3.50155E-13 
-3.50155E-13 
-3.50155E-13 
-3.50155E-13 
-6.82266E-13 
-6.82266E-13 
-6.82266E-13 
-6.82266E-13 
-6.82266E-13 
-6.82266E-13 
-6.82266E-13 
-6.82266E-13 
-6.82266E-13 
-6.82266E-13 
-6.82266E-13 
-6.82266E-13 
-6.82266E-13 
-6.82266E-13 
-6.82266E-13 
-6.82266E-13 
-6.82266E-13 
-6.82266E-13 
-6.82266E-13 
-6.82266E-13 
-6.82266E-13 
-6.82266E-13 
-6.82266E-13 
-6.82266E-13 
-6.82266E-13 
-6.82266E-13 
-1.32928E-12 
-1.32928E-12 
-1.32928E-12 
-1.32928E-12 
-1.32928E-12 
-1.32928E-12 
-1.32928E-12 
-1.32928E-12 
-1.32928E-12 
-1.32928E-12 
-1.32928E-12 
-1.32928E-12 
-1.32928E-12 
-1.32928E-12 
-1.32928E-12 
-1.32928E-12 
-1.32928E-12 
-1.32928E-12 
-1.32928E-12 
-1.32928E-12 
-1.32928E-12 
-1.32928E-12 
-1.32928E-12 
-1.32928E-12 
-1.32928E-12 
-1.32928E-12 
-2.58969E-12 
-2.58969E-12 
-2.58969E-12 
-2.58969E-12 
-2.58969E-12 
-2.58969E-12 
-2.58969E-12 
-2.58969E-12 
-2.58969E-12 
-2.58969E-12 
-2.58969E-12 
-2.58969E-12 
-2.58969E-12 
-2.58969E-12 
-2.58969E-12 
-2.58969E-12 
-2.58969E-12 
-2.58969E-12 
-2.58969E-12 
-2.58969E-12 
-2.58969E-12 
-2.58969E-12 
-2.58969E-12 
-2.58969E-12 
-2.58969E-12 
-2.58969E-12 
-5.04467E-12 
-5.04467E-12 
-5.04467E-12 
-5.04467E-12 
-5.04467E-12 
-5.04467E-12 
-5.04467E-12 
-5.04467E-12 
-5.04467E-12 
-5.04467E-12 
-5.04467E-12 
-5.04467E-12 
-5.04467E-12 
-5.04467E-12 
-5.04467E-12 
-5.04467E-12 
-5.04467E-12 
-5.04467E-12 
-5.04467E-12 
-5.04467E-12 
-5.04467E-12 
-5.04467E-12 
-5.04467E-12 
-5.04467E-12 
-5.04467E-12 
-5.04467E-12 
-9.82572E-12 
-9.82572E-12 
-9.82572E-12 
-9.82572E-12 
-9.82572E-12 
-9.82572E-12 
-9.82572E-12 
-9.82572E-12 
-9.82572E-12 
-9.82572E-12 
-9.82572E-12 
-9.82572E-12 
-9.82572E-12 
-9.82572E-12 
-9.82572E-12 
-9.82572E-12 
-9.82572E-12 
-9.82572E-12 
-9.82572E-12 
-9.82572E-12 
-9.82572E-12 
-9.82572E-12 
-9.82572E-12 
-9.82572E-12 
-9.82572E-12 
-9.82572E-12 
-1.91351E-11 
-1.91351E-11 
-1.91351E-11 
-1.91351E-11 
-1.91351E-11 
-1.91351E-11 
-1.91351E-11 
-1.91351E-11 
-1.91351E-11 
-1.91351E-11 
-1.91351E-11 
-1.91351E-11 
-1.91351E-11 
-1.91351E-11 
-1.91351E-11 
-1.91351E-11 
-1.91351E-11 
-1.91351E-11 
-1.91351E-11 
-1.91351E-11 
-1.91351E-11 
-1.91351E-11 
-1.91351E-11 
-1.91351E-11 
-1.91351E-11 
-1.91351E-11 
-3.72570E-11 
-3.72570E-11 
-3.72570E-11 
-3.72570E-11 
-3.72570E-11 
-3.72570E-11 
-3.72570E-11 
-3.72570E-11 
-3.72570E-11 
-3.72570E-11 
-3.72570E-11 
-3.72570E-11 
-3.72570E-11 
-3.72570E-11 
-3.72570E-11 
-3.72570E-11 
-3.72570E-11 
-3.72570E-11 
-3.72570E-11 
-3.72570E-11 
-3.72570E-11 
-3.72570E-11 
-3.72570E-11 
-3.72570E-11 
-3.72570E-11 
-3.72570E-11 
-7.25257E-11 
-7.25257E-11 
-7.25257E-11 
-7.25257E-11 
-7.25257E-11 
-7.25257E-11 
-7.25257E-11 
-7.25257E-11 
-7.25257E-11 
-7.25257E-11 
-7.25257E-11 
-7.25257E-11 
-7.25257E-11 
-7.25257E-11 
-7.25257E-11 
-7.25257E-11 
-7.25257E-11 
-7.25257E-11 
-7.25257E-11 
-7.25257E-11 
-7.25257E-11 
-7.25257E-11 
-7.25257E-11 
-7.25257E-11 
-7.25257E-11 
-7.25257E-11 
-1.41137E-10 
-1.41137E-10 
-1.41137E-10 
-1.41137E-10 
-1.41137E-10 
-1.41137E-10 
-1.41137E-10 
-1.41137E-10 
-1.41137E-10 
-1.41137E-10 
-1.41137E-10 
-1.41137E-10 
-1.41137E-10 
-1.41137E-10 
-1.41137E-10 
-1.41137E-10 
-1.41137E-10 
-1.41137E-10 
-1.41137E-10 
-1.41137E-10 
-1.41137E-10 
-1.41137E-10 
-1.41137E-10 
-1.41137E-10 
-1.41137E-10 
-1.41137E-10 
-2.74552E-10 
-2.74552E-10 
-2.74552E-10 
-2.74552E-10 
-2.74552E-10 
-2.74552E-10 
-2.74552E-10 
-2.74552E-10 
-2.74552E-10 
-2.74552E-10 
-2.74552E-10 
-2.74552E-10 
-2.74552E-10 
-2.74552E-10 
-2.74552E-10 
-2.74552E-10 
-2.74552E-10 
-2.74552E-10 
-2.74552E-10 
-2.74552E-10 
-2.74552E-10 
-2.74552E-10 
-2.74552E-10 
-2.74552E-10 
-2.74552E-10 
-2.74552E-10 
-5.33837E-10 
-5.33837E-10 
-5.33837E-10 
-5.33837E-10 
-5.33837E-10 
-5.33837E-10 
-5.33837E-10 
-5.33837E-10 
-5.33837E-10 
-5.33837E-10 
-5.33837E-10 
-5.33837E-10 
-5.33837E-10 
-5.33837E-10 
-5.33837E-10 
-5.33837E-10 
-5.33837E-10 
-5.33837E-10 
-5.33837E-10 
-5.33837E-10 
-5.33837E-10 
-5.33837E-10 
-5.33837E-10 
-5.33837E-10 
-5.33837E-10 
-5.33837E-10 
-1.03738E-09 
-1.03738E-09 
-1.03738E-09 
-1.03738E-09 
-1.03738E-09 
-1.03738E-09 
-1.03738E-09 
-1.03738E-09 
-1.03738E-09 
-1.03738E-09 
-1.03738E-09 
-1.03738E-09 
-1.03738E-09 
-1.03738E-09 
-1.03738E-09 
-1.03738E-09 
-1.03738E-09 
-1.03738E-09 
-1.03738E-09 
-1.03738E-09 
-1.03738E-09 
-1.03738E-09 
-1.03738E-09 
-1.03738E-09 
-1.03738E-09 
-1.03738E-09 
-2.01442E-09 
-2.01442E-09 
-2.01442E-09 
-2.01442E-09 
-2.01442E-09 
-2.01442E-09 
-2.01442E-09 
-2.01442E-09 
-2.01442E-09 
-2.01442E-09 
-2.01442E-09 
-2.01442E-09 
-2.01442E-09 
-2.01442E-09 
-2.01442E-09 
-2.01442E-09 
-2.01442E-09 
-2.01442E-09 
-2.01442E-09 
-2.01442E-09 
-2.01442E-09 
-2.01442E-09 
-2.01442E-09 
-2.01442E-09 
-2.01442E-09 
-2.01442E-09 
-3.94842E-09 
-3.94842E-09 
-3.94842E-09 
-3.94842E-09 
-3.94842E-09 
-3.94842E-09 
-3.94842E-09 
-3.94842E-09 
-3.94842E-09 
-3.94842E-09 
-3.94842E-09 
-3.94842E-09 
-3.94842E-09 
-3.94842E-09 
-3.94842E-09 
-3.94842E-09 
-3.94842E-09 
-3.94842E-09 
-3.94842E-09 
-3.94842E-09 
-3.94842E-09 
-3.94842E-09 
-3.94842E-09 
-3.94842E-09 
-3.94842E-09 
-3.94842E-09 
-7.64888E-09 
-7.64888E-09 
-7.64888E-09 
-7.64888E-09 
-7.64888E-09 
-7.64888E-09 
-7.64888E-09 
-7.64888E-09 
-7.64888E-09 
-7.64888E-09 
-7.64888E-09 
-7.64888E-09 
-7.64888E-09 
-7.64888E-09 
-7.64888E-09 
-7.64888E-09 
-7.64888E-09 
-7.64888E-09 
-7.64888E-09 
-7.64888E-09 
-7.64888E-09 
-7.64888E-09 
-7.64888E-09 
-7.64888E-09 
-7.64888E-09 
-7.64888E-09 
-1.47964E-08 
-1.47964E-08 
-1.47964E-08 
-1.47964E-08 
-1.47964E-08 
-1.47964E-08 
-1.47964E-08 
-1.47964E-08 
-1.47964E-08 
-1.47964E-08 
-1.47964E-08 
-1.47964E-08 
-1.47964E-08 
-1.47964E-08 
-1.47964E-08 
-1.47964E-08 
-1.47964E-08 
-1.47964E-08 
-1.47964E-08 
-1.47964E-08 
-1.47964E-08 
-1.47964E-08 
-1.47964E-08 
-1.47964E-08 
-1.47964E-08 
-1.47964E-08 
-2.85721E-08 
-2.85721E-08 
-2.85721E-08 
-2.85721E-08 
-2.85721E-08 
-2.85721E-08 
-2.85721E-08 
-2.85721E-08 
-2.85721E-08 
-2.85721E-08 
-2.85721E-08 
-2.85721E-08 
-2.85721E-08 
-2.85721E-08 
-2.85721E-08 
-2.85721E-08 
-2.85721E-08 
-2.85721E-08 
-2.85721E-08 
-2.85721E-08 
-2.85721E-08 
-2.85721E-08 
-2.85721E-08 
-2.85721E-08 
-2.85721E-08 
-2.85721E-08 
-5.50538E-08 
-5.50538E-08 
-5.50538E-08 
-5.50538E-08 
-5.50538E-08 
-5.50538E-08 
-5.50538E-08 
-5.50538E-08 
-5.50538E-08 
-5.50538E-08 
-5.50538E-08 
-5.50538E-08 
-5.50538E-08 
-5.50538E-08 
-5.50538E-08 
-5.50538E-08 
-5.50538E-08 
-5.50538E-08 
-5.50538E-08 
-5.50538E-08 
-5.50538E-08 
-5.50538E-08 
-5.50538E-08 
-5.50538E-08 
-5.50538E-08 
-5.50538E-08 
-1.05905E-07 
-1.05905E-07 
-1.05905E-07 
-1.05905E-07 
-1.05905E-07 
-1.05905E-07 
-1.05905E-07 
-1.05905E-07 
-1.05905E-07 
-1.05905E-07 
-1.05905E-07 
-1.05905E-07 
-1.05905E-07 
-1.05905E-07 
-1.05905E-07 
-1.05905E-07 
-1.05905E-07 
-1.05905E-07 
-1.05905E-07 
-1.05905E-07 
-1.05905E-07 
-1.05905E-07 
-1.05905E-07 
-1.05905E-07 
-1.05905E-07 
-1.05905E-07 
-2.03011E-07 
-2.03011E-07 
-2.03011E-07 
-2.03011E-07 
-2.03011E-07 
-2.03011E-07 
-2.03011E-07 
-2.03011E-07 
-2.03011E-07 
-2.03011E-07 
-2.03011E-07 
-2.03011E-07 
-2.03011E-07 
-2.03011E-07 
-2.03011E-07 
-2.03011E-07 
-2.03011E-07 
-2.03011E-07 
-2.03011E-07 
-2.03011E-07 
-2.03011E-07 
-2.03011E-07 
-2.03011E-07 
-2.03011E-07 
-2.03011E-07 
-2.03011E-07 
-3.87446E-07 
-3.87446E-07 
-3.87446E-07 
-3.87446E-07 
-3.87446E-07 
-3.87446E-07 
-3.87446E-07 
-3.87446E-07 
-3.87446E-07 
-3.87446E-07 
-3.87446E-07 
-3.87446E-07 
-3.87446E-07 
-3.87446E-07 
-3.87446E-07 
-3.87446E-07 
-3.87446E-07 
-3.87446E-07 
-3.87446E-07 
-3.87446E-07 
-3.87446E-07 
-3.87446E-07 
-3.87446E-07 
-3.87446E-07 
-3.87446E-07 
-3.87446E-07 
-7.35177E-07 
-7.35177E-07 
-7.35177E-07 
-7.35177E-07 
-7.35177E-07 
-7.35177E-07 
-7.35177E-07 
-7.35177E-07 
-7.35177E-07 
-7.35177E-07 
-7.35177E-07 
-7.35177E-07 
-7.35177E-07 
-7.35177E-07 
-7.35177E-07 
-7.35177E-07 
-7.35177E-07 
-7.35177E-07 
-7.35177E-07 
-7.35177E-07 
-7.35177E-07 
-7.35177E-07 
-7.35177E-07 
-7.35177E-07 
-7.35177E-07 
-7.35177E-07 
-1.38596E-06 
-1.38596E-06 
-1.38596E-06 
-1.38596E-06 
-1.38596E-06 
-1.38596E-06 
-1.38596E-06 
-1.38596E-06 
-1.38596E-06 
-1.38596E-06 
-1.38596E-06 
-1.38596E-06 
-1.38596E-06 
-1.38596E-06 
-1.38596E-06 
-1.38596E-06 
-1.38596E-06 
-1.38596E-06 
-1.38596E-06 
-1.38596E-06 
-1.38596E-06 
-1.38596E-06 
-1.38596E-06 
-1.38596E-06 
-1.38596E-06 
-1.38596E-06 
-2.59112E-06 
-2.59112E-06 
-2.59112E-06 
-2.59112E-06 
-2.59112E-06 
-2.59112E-06 
-2.59112E-06 
-2.59112E-06 
-2.59112E-06 
-2.59112E-06 
-2.59112E-06 
-2.59112E-06 
-2.59112E-06 
-2.59112E-06 
-2.59112E-06 
-2.59112E-06 
-2.59112E-06 
-2.59112E-06 
-2.59112E-06 
-2.59112E-06 
-2.59112E-06 
-2.59112E-06 
-2.59112E-06 
-2.59112E-06 
-2.59112E-06 
-2.59112E-06 
-4.79538E-06 
-4.79538E-06 
-4.79538E-06 
-4.79538E-06 
-4.79538E-06 
-4.79538E-06 
-4.79538E-06 
-4.79538E-06 
-4.79538E-06 
-4.79538E-06 
-4.79538E-06 
-4.79538E-06 
-4.79538E-06 
-4.79538E-06 
-4.79538E-06 
-4.79538E-06 
-4.79538E-06 
-4.79538E-06 
-4.79538E-06 
-4.79538E-06 
-4.79538E-06 
-4.79538E-06 
-4.79538E-06 
-4.79538E-06 
-4.79538E-06 
-4.79538E-06 
-8.76740E-06 
-8.76740E-06 
-8.76740E-06 
-8.76740E-06 
-8.76740E-06 
-8.76740E-06 
-8.76740E-06 
-8.76740E-06 
-8.76740E-06 
-8.76740E-06 
-8.76740E-06 
-8.76740E-06 
-8.76740E-06 
-8.76740E-06 
-8.76740E-06 
-8.76740E-06 
-8.76740E-06 
-8.76740E-06 
-8.76740E-06 
-8.76740E-06 
-8.76740E-06 
-8.76740E-06 
-8.76740E-06 
-8.76740E-06 
-8.76740E-06 
-8.76740E-06 
-1.57991E-05 
-1.57991E-05 
-1.57991E-05 
-1.57991E-05 
-1.57991E-05 
-1.57991E-05 
-1.57991E-05 
-1.57991E-05 
-1.57991E-05 
-1.57991E-05 
-1.57991E-05 
-1.57991E-05 
-1.57991E-05 
-1.57991E-05 
-1.57991E-05 
-1.57991E-05 
-1.57991E-05 
-1.57991E-05 
-1.57991E-05 
-1.57991E-05 
-1.57991E-05 
-1.57991E-05 
-1.57991E-05 
-1.57991E-05 
-1.57991E-05 
-1.57991E-05 
-2.79951E-05 
-2.79951E-05 
-2.79951E-05 
-2.79951E-05 
-2.79951E-05 
-2.79951E-05 
-2.79951E-05 
-2.79951E-05 
-2.79951E-05 
-2.79951E-05 
-2.79951E-05 
-2.79951E-05 
-2.79951E-05 
-2.79951E-05 
-2.79951E-05 
-2.79951E-05 
-2.79951E-05 
-2.79951E-05 
-2.79951E-05 
-2.79951E-05 
-2.79951E-05 
-2.79951E-05 
-2.79951E-05 
-2.79951E-05 
-2.79951E-05 
-2.79951E-05 
-4.86549E-05 
-4.86549E-05 
-4.86549E-05 
-4.86549E-05 
-4.86549E-05 
-4.86549E-05 
-4.86549E-05 
-4.86549E-05 
-4.86549E-05 
-4.86549E-05 
-4.86549E-05 
-4.86549E-05 
-4.86549E-05 
-4.86549E-05 
-4.86549E-05 
-4.86549E-05 
-4.86549E-05 
-4.86549E-05 
-4.86549E-05 
-4.86549E-05 
-4.86549E-05 
-4.86549E-05 
-4.86549E-05 
-4.86549E-05 
-4.86549E-05 
-4.86549E-05 
-8.28036E-05 
-8.28036E-05 
-8.28036E-05 
-8.28036E-05 
-8.28036E-05 
-8.28036E-05 
-8.28036E-05 
-8.28036E-05 
-8.28036E-05 
-8.28036E-05 
-8.28036E-05 
-8.28036E-05 
-8.28036E-05 
-8.28036E-05 
-8.28036E-05 
-8.28036E-05 
-8.28036E-05 
-8.28036E-05 
-8.28036E-05 
-8.28036E-05 
-8.28036E-05 
-8.28036E-05 
-8.28036E-05 
-8.28036E-05 
-8.28036E-05 
-8.28036E-05 
-1.37368E-04 
-1.37368E-04 
-1.37368E-04 
-1.37368E-04 
-1.37368E-04 
-1.37368E-04 
-1.37368E-04 
-1.37368E-04 
-1.37368E-04 
-1.37368E-04 
-1.37368E-04 
-1.37368E-04 
-1.37368E-04 
-1.37368E-04 
-1.37368E-04 
-1.37368E-04 
-1.37368E-04 
-1.37368E-04 
-1.37368E-04 
-1.37368E-04 
-1.37368E-04 
-1.37368E-04 
-1.37368E-04 
-1.37368E-04 
-1.37368E-04 
-1.37368E-04 
-2.22241E-04 
-2.22241E-04 
-2.22241E-04 
-2.22241E-04 
-2.22241E-04 
-2.22241E-04 
-2.22241E-04 
-2.22241E-04 
-2.22241E-04 
-2.22241E-04 
-2.22241E-04 
-2.22241E-04 
-2.22241E-04 
-2.22241E-04 
-2.22241E-04 
-2.22241E-04 
-2.22241E-04 
-2.22241E-04 
-2.22241E-04 
-2.22241E-04 
-2.22241E-04 
-2.22241E-04 
-2.22241E-04 
-2.22241E-04 
-2.22241E-04 
-2.22241E-04 
-3.49938E-04 
-3.49938E-04 
-3.49938E-04 
-3.49938E-04 
-3.49938E-04 
-3.49938E-04 
-3.49938E-04 
-3.49938E-04 
-3.49938E-04 
-3.49938E-04 
-3.49938E-04 
-3.49938E-04 
-3.49938E-04 
-3.49938E-04 
-3.49938E-04 
-3.49938E-04 
-3.49938E-04 
-3.49938E-04 
-3.49938E-04 
-3.49938E-04 
-3.49938E-04 
-3.49938E-04 
-3.49938E-04 
-3.49938E-04 
-3.49938E-04 
-3.49938E-04 
-5.35811E-04 
-5.35811E-04 
-5.35811E-04 
-5.35811E-04 
-5.35811E-04 
-5.35811E-04 
-5.35811E-04 
-5.35811E-04 
-5.35811E-04 
-5.35811E-04 
-5.35811E-04 
-5.35811E-04 
-5.35811E-04 
-5.35811E-04 
-5.35811E-04 
-5.35811E-04 
-5.35811E-04 
-5.35811E-04 
-5.35811E-04 
-5.35811E-04 
-5.35811E-04 
-5.35811E-04 
-5.35811E-04 
-5.35811E-04 
-5.35811E-04 
-5.35811E-04 
-7.97423E-04 
-7.97423E-04 
-7.97423E-04 
-7.97423E-04 
-7.97423E-04 
-7.97423E-04 
-7.97423E-04 
-7.97423E-04 
-7.97423E-04 
-7.97423E-04 
-7.97423E-04 
-7.97423E-04 
-7.97423E-04 
-7.97423E-04 
-7.97423E-04 
-7.97423E-04 
-7.97423E-04 
-7.97423E-04 
-7.97423E-04 
-7.97423E-04 
-7.97423E-04 
-7.97423E-04 
-7.97423E-04 
-7.97423E-04 
-7.97423E-04 
-7.97423E-04 
-1.15338E-03 
-1.15338E-03 
-1.15338E-03 
-1.15338E-03 
-1.15338E-03 
-1.15338E-03 
-1.15338E-03 
-1.15338E-03 
-1.15338E-03 
-1.15338E-03 
-1.15338E-03 
-1.15338E-03 
-1.15338E-03 
-1.15338E-03 
-1.15338E-03 
-1.15338E-03 
-1.15338E-03 
-1.15338E-03 
-1.15338E-03 
-1.15338E-03 
-1.15338E-03 
-1.15338E-03 
-1.15338E-03 
-1.15338E-03 
-1.15338E-03 
-1.15338E-03 
-1.62142E-03 
-1.62142E-03 
-1.62142E-03 
-1.62142E-03 
-1.62142E-03 
-1.62142E-03 
-1.62142E-03 
-1.62142E-03 
-1.62142E-03 
-1.62142E-03 
-1.62142E-03 
-1.62142E-03 
-1.62142E-03 
-1.62142E-03 
-1.62142E-03 
-1.62142E-03 
-1.62142E-03 
-1.62142E-03 
-1.62142E-03 
-1.62142E-03 
-1.62142E-03 
-1.62142E-03 
-1.62142E-03 
-1.62142E-03 
-1.62142E-03 
-1.62142E-03 
-2.21632E-03 
-2.21632E-03 
-2.21632E-03 
-2.21632E-03 
-2.21632E-03 
-2.21632E-03 
-2.21632E-03 
-2.21632E-03 
-2.21632E-03 
-2.21632E-03 
-2.21632E-03 
-2.21632E-03 
-2.21632E-03 
-2.21632E-03 
-2.21632E-03 
-2.21632E-03 
-2.21632E-03 
-2.21632E-03 
-2.21632E-03 
-2.21632E-03 
-2.21632E-03 
-2.21632E-03 
-2.21632E-03 
-2.21632E-03 
-2.21632E-03 
-2.21632E-03 
-2.94299E-03 
-2.94299E-03 
-2.94299E-03 
-2.94299E-03 
-2.94299E-03 
-2.94299E-03 
-2.94299E-03 
-2.94299E-03 
-2.94299E-03 
-2.94299E-03 
-2.94299E-03 
-2.94299E-03 
-2.94299E-03 
-2.94299E-03 
-2.94299E-03 
-2.94299E-03 
-2.94299E-03 
-2.94299E-03 
-2.94299E-03 
-2.94299E-03 
-2.94299E-03 
-2.94299E-03 
-2.94299E-03 
-2.94299E-03 
-2.94299E-03 
-2.94299E-03 
-3.81122E-03 
-3.81122E-03 
-3.81122E-03 
-3.81122E-03 
-3.81122E-03 
-3.81122E-03 
-3.81122E-03 
-3.81122E-03 
-3.81122E-03 
-3.81122E-03 
-3.81122E-03 
-3.81122E-03 
-3.81122E-03 
-3.81122E-03 
-3.81122E-03 
-3.81122E-03 
-3.81122E-03 
-3.81122E-03 
-3.81122E-03 
-3.81122E-03 
-3.81122E-03 
-3.81122E-03 
-3.81122E-03 
-3.81122E-03 
-3.81122E-03 
-3.81122E-03 
-4.80336E-03 
-4.80336E-03 
-4.80336E-03 
-4.80336E-03 
-4.80336E-03 
-4.80336E-03 
-4.80336E-03 
-4.80336E-03 
-4.80336E-03 
-4.80336E-03 
-4.80336E-03 
-4.80336E-03 
-4.80336E-03 
-4.80336E-03 
-4.80336E-03 
-4.80336E-03 
-4.80336E-03 
-4.80336E-03 
-4.80336E-03 
-4.80336E-03 
-4.80336E-03 
-4.80336E-03 
-4.80336E-03 
-4.80336E-03 
-4.80336E-03 
-4.80336E-03 
-5.89790E-03 
-5.89790E-03 
-5.89790E-03 
-5.89790E-03 
-5.89790E-03 
-5.89790E-03 
-5.89790E-03 
-5.89790E-03 
-5.89790E-03 
-5.89790E-03 
-5.89790E-03 
-5.89790E-03 
-5.89790E-03 
-5.89790E-03 
-5.89790E-03 
-5.89790E-03 
-5.89790E-03 
-5.89790E-03 
-5.89790E-03 
-5.89790E-03 
-5.89790E-03 
-5.89790E-03 
-5.89790E-03 
-5.89790E-03 
-5.89790E-03 
-5.89790E-03 
-7.05501E-03 
-7.05501E-03 
-7.05501E-03 
-7.05501E-03 
-7.05501E-03 
-7.05501E-03 
-7.05501E-03 
-7.05501E-03 
-7.05501E-03 
-7.05501E-03 
-7.05501E-03 
-7.05501E-03 
-7.05501E-03 
-7.05501E-03 
-7.05501E-03 
-7.05501E-03 
-7.05501E-03 
-7.05501E-03 
-7.05501E-03 
-7.05501E-03 
-7.05501E-03 
-7.05501E-03 
-7.05501E-03 
-7.05501E-03 
-7.05501E-03 
-7.05501E-03 
-8.21633E-03 
-8.21633E-03 
-8.21633E-03 
-8.21633E-03 
-8.21633E-03 
-8.21633E-03 
-8.21633E-03 
-8.21633E-03 
-8.21633E-03 
-8.21633E-03 
-8.21633E-03 
-8.21633E-03 
-8.21633E-03 
-8.21633E-03 
-8.21633E-03 
-8.21633E-03 
-8.21633E-03 
-8.21633E-03 
-8.21633E-03 
-8.21633E-03 
-8.21633E-03 
-8.21633E-03 
-8.21633E-03 
-8.21633E-03 
-8.21633E-03 
-8.21633E-03 
-9.30267E-03 
-9.30267E-03 
-9.30267E-03 
-9.30267E-03 
-9.30267E-03 
-9.30267E-03 
-9.30267E-03 
-9.30267E-03 
-9.30267E-03 
-9.30267E-03 
-9.30267E-03 
-9.30267E-03 
-9.30267E-03 
-9.30267E-03 
-9.30267E-03 
-9.30267E-03 
-9.30267E-03 
-9.30267E-03 
-9.30267E-03 
-9.30267E-03 
-9.30267E-03 
-9.30267E-03 
-9.30267E-03 
-9.30267E-03 
-9.30267E-03 
-9.30267E-03 
-1.02044E-02 
-1.02044E-02 
-1.02044E-02 
-1.02044E-02 
-1.02044E-02 
-1.02044E-02 
-1.02044E-02 
-1.02044E-02 
-1.02044E-02 
-1.02044E-02 
-1.02044E-02 
-1.02044E-02 
-1.02044E-02 
-1.02044E-02 
-1.02044E-02 
-1.02044E-02 
-1.02044E-02 
-1.02044E-02 
-1.02044E-02 
-1.02044E-02 
-1.02044E-02 
-1.02044E-02 
-1.02044E-02 
-1.02044E-02 
-1.02044E-02 
-1.02044E-02 
-1.08135E-02 
-1.08135E-02 
-1.08135E-02 
-1.08135E-02 
-1.08135E-02 
-1.08135E-02 
-1.08135E-02 
-1.08135E-02 
-1.08135E-02 
-1.08135E-02 
-1.08135E-02 
-1.08135E-02 
-1.08135E-02 
-1.08135E-02 
-1.08135E-02 
-1.08135E-02 
-1.08135E-02 
-1.08135E-02 
-1.08135E-02 
-1.08135E-02 
-1.08135E-02 
-1.08135E-02 
-1.08135E-02 
-1.08135E-02 
-1.08135E-02 
-1.08135E-02 
-1.09684E-02 
-1.09684E-02 
-1.09684E-02 
-1.09684E-02 
-1.09684E-02 
-1.09684E-02 
-1.09684E-02 
-1.09684E-02 
-1.09684E-02 
-1.09684E-02 
-1.09684E-02 
-1.09684E-02 
-1.09684E-02 
-1.09684E-02 
-1.09684E-02 
-1.09684E-02 
-1.09684E-02 
-1.09684E-02 
-1.09684E-02 
-1.09684E-02 
-1.09684E-02 
-1.09684E-02 
-1.09684E-02 
-1.09684E-02 
-1.09684E-02 
-1.09684E-02 
-1.04961E-02 
-1.04961E-02 
-1.04961E-02 
-1.04961E-02 
-1.04961E-02 
-1.04961E-02 
-1.04961E-02 
-1.04961E-02 
-1.04961E-02 
-1.04961E-02 
-1.04961E-02 
-1.04961E-02 
-1.04961E-02 
-1.04961E-02 
-1.04961E-02 
-1.04961E-02 
-1.04961E-02 
-1.04961E-02 
-1.04961E-02 
-1.04961E-02 
-1.04961E-02 
-1.04961E-02 
-1.04961E-02 
-1.04961E-02 
-1.04961E-02 
-1.04961E-02 
-9.19598E-03 
-9.19598E-03 
-9.19598E-03 
-9.19598E-03 
-9.19598E-03 
-9.19598E-03 
-9.19598E-03 
-9.19598E-03 
-9.19598E-03 
-9.19598E-03 
-9.19598E-03 
-9.19598E-03 
-9.19598E-03 
-9.19598E-03 
-9.19598E-03 
-9.19598E-03 
-9.19598E-03 
-9.19598E-03 
-9.19598E-03 
-9.19598E-03 
-9.19598E-03 
-9.19598E-03 
-9.19598E-03 
-9.19598E-03 
-9.19598E-03 
-9.19598E-03 
-6.83492E-03 
-6.83492E-03 
-6.83492E-03 
-6.83492E-03 
-6.83492E-03 
-6.83492E-03 
-6.83492E-03 
-6.83492E-03 
-6.83492E-03 
-6.83492E-03 
-6.83492E-03 
-6.83492E-03 
-6.83492E-03 
-6.83492E-03 
-6.83492E-03 
-6.83492E-03 
-6.83492E-03 
-6.83492E-03 
-6.83492E-03 
-6.83492E-03 
-6.83492E-03 
-6.83492E-03 
-6.83492E-03 
-6.83492E-03 
-6.83492E-03 
-6.83492E-03 
-3.15579E-03 
-3.15579E-03 
-3.15579E-03 
-3.15579E-03 
-3.15579E-03 
-3.15579E-03 
-3.15579E-03 
-3.15579E-03 
-3.15579E-03 
-3.15579E-03 
-3.15579E-03 
-3.15579E-03 
-3.15579E-03 
-3.15579E-03 
-3.15579E-03 
-3.15579E-03 
-3.15579E-03 
-3.15579E-03 
-3.15579E-03 
-3.15579E-03 
-3.15579E-03 
-3.15579E-03 
-3.15579E-03 
-3.15579E-03 
-3.15579E-03 
-3.15579E-03 
2.12800E-03 
2.12800E-03 
2.12800E-03 
2.12800E-03 
2.12800E-03 
2.12800E-03 
2.12800E-03 
2.12800E-03 
2.12800E-03 
2.12800E-03 
2.12800E-03 
2.12800E-03 
2.12800E-03 
2.12800E-03 
2.12800E-03 
2.12800E-03 
2.12800E-03 
2.12800E-03 
2.12800E-03 
2.12800E-03 
2.12800E-03 
2.12800E-03 
2.12800E-03 
2.12800E-03 
2.12800E-03 
2.12800E-03 
9.33740E-03 
9.33740E-03 
9.33740E-03 
9.33740E-03 
9.33740E-03 
9.33740E-03 
9.33740E-03 
9.33740E-03 
9.33740E-03 
9.33740E-03 
9.33740E-03 
9.33740E-03 
9.33740E-03 
9.33740E-03 
9.33740E-03 
9.33740E-03 
9.33740E-03 
9.33740E-03 
9.33740E-03 
9.33740E-03 
9.33740E-03 
9.33740E-03 
9.33740E-03 
9.33740E-03 
9.33740E-03 
9.33740E-03 
1.88037E-02 
1.88037E-02 
1.88037E-02 
1.88037E-02 
1.88037E-02 
1.88037E-02 
1.88037E-02 
1.88037E-02 
1.88037E-02 
1.88037E-02 
1.88037E-02 
1.88037E-02 
1.88037E-02 
1.88037E-02 
1.88037E-02 
1.88037E-02 
1.88037E-02 
1.88037E-02 
1.88037E-02 
1.88037E-02 
1.88037E-02 
1.88037E-02 
1.88037E-02 
1.88037E-02 
1.88037E-02 
1.88037E-02 
3.09328E-02 
3.09328E-02 
3.09328E-02 
3.09328E-02 
3.09328E-02 
3.09328E-02 
3.09328E-02 
3.09328E-02 
3.09328E-02 
3.09328E-02 
3.09328E-02 
3.09328E-02 
3.09328E-02 
3.09328E-02 
3.09328E-02 
3.09328E-02 
3.09328E-02 
3.09328E-02 
3.09328E-02 
3.09328E-02 
3.09328E-02 
3.09328E-02 
3.09328E-02 
3.09328E-02 
3.09328E-02 
3.09328E-02 
4.59671E-02 
4.59671E-02 
4.59671E-02 
4.59671E-02 
4.59671E-02 
4.59671E-02 
4.59671E-02 
4.59671E-02 
4.59671E-02 
4.59671E-02 
4.59671E-02 
4.59671E-02 
4.59671E-02 
4.59671E-02 
4.59671E-02 
4.59671E-02 
4.59671E-02 
4.59671E-02 
4.59671E-02 
4.59671E-02 
4.59671E-02 
4.59671E-02 
4.59671E-02 
4.59671E-02 
4.59671E-02 
4.59671E-02 
6.45947E-02 
6.45947E-02 
6.45947E-02 
6.45947E-02 
6.45947E-02 
6.45947E-02 
6.45947E-02 
6.45947E-02 
6.45947E-02 
6.45947E-02 
6.45947E-02 
6.45947E-02 
6.45947E-02 
6.45947E-02 
6.45947E-02 
6.45947E-02 
6.45947E-02 
6.45947E-02 
6.45947E-02 
6.45947E-02 
6.45947E-02 
6.45947E-02 
6.45947E-02 
6.45947E-02 
6.45947E-02 
6.45947E-02 
8.71467E-02 
8.71467E-02 
8.71467E-02 
8.71467E-02 
8.71467E-02 
8.71467E-02 
8.71467E-02 
8.71467E-02 
8.71467E-02 
8.71467E-02 
8.71467E-02 
8.71467E-02 
8.71467E-02 
8.71467E-02 
8.71467E-02 
8.71467E-02 
8.71467E-02 
8.71467E-02 
8.71467E-02 
8.71467E-02 
8.71467E-02 
8.71467E-02 
8.71467E-02 
8.71467E-02 
8.71467E-02 
8.71467E-02 
1.14112E-01 
1.14112E-01 
1.14112E-01 
1.14112E-01 
1.14112E-01 
1.14112E-01 
1.14112E-01 
1.14112E-01 
1.14112E-01 
1.14112E-01 
1.14112E-01 
1.14112E-01 
1.14112E-01 
1.14112E-01 
1.14112E-01 
1.14112E-01 
1.14112E-01 
1.14112E-01 
1.14112E-01 
1.14112E-01 
1.14112E-01 
1.14112E-01 
1.14112E-01 
1.14112E-01 
1.14112E-01 
1.14112E-01 
1.46011E-01 
1.46011E-01 
1.46011E-01 
1.46011E-01 
1.46011E-01 
1.46011E-01 
1.46011E-01 
1.46011E-01 
1.46011E-01 
1.46011E-01 
1.46011E-01 
1.46011E-01 
1.46011E-01 
1.46011E-01 
1.46011E-01 
1.46011E-01 
1.46011E-01 
1.46011E-01 
1.46011E-01 
1.46011E-01 
1.46011E-01 
1.46011E-01 
1.46011E-01 
1.46011E-01 
1.46011E-01 
1.46011E-01 
1.83388E-01 
1.83388E-01 
1.83388E-01 
1.83388E-01 
1.83388E-01 
1.83388E-01 
1.83388E-01 
1.83388E-01 
1.83388E-01 
1.83388E-01 
1.83388E-01 
1.83388E-01 
1.83388E-01 
1.83388E-01 
1.83388E-01 
1.83388E-01 
1.83388E-01 
1.83388E-01 
1.83388E-01 
1.83388E-01 
1.83388E-01 
1.83388E-01 
1.83388E-01 
1.83388E-01 
1.83388E-01 
1.83388E-01 
2.26823E-01 
2.26823E-01 
2.26823E-01 
2.26823E-01 
2.26823E-01 
2.26823E-01 
2.26823E-01 
2.26823E-01 
2.26823E-01 
2.26823E-01 
2.26823E-01 
2.26823E-01 
2.26823E-01 
2.26823E-01 
2.26823E-01 
2.26823E-01 
2.26823E-01 
2.26823E-01 
2.26823E-01 
2.26823E-01 
2.26823E-01 
2.26823E-01 
2.26823E-01 
2.26823E-01 
2.26823E-01 
2.26823E-01 
2.76916E-01 
2.76916E-01 
2.76916E-01 
2.76916E-01 
2.76916E-01 
2.76916E-01 
2.76916E-01 
2.76916E-01 
2.76916E-01 
2.76916E-01 
2.76916E-01 
2.76916E-01 
2.76916E-01 
2.76916E-01 
2.76916E-01 
2.76916E-01 
2.76916E-01 
2.76916E-01 
2.76916E-01 
2.76916E-01 
2.76916E-01 
2.76916E-01 
2.76916E-01 
2.76916E-01 
2.76916E-01 
2.76916E-01 
3.34306E-01 
3.34306E-01 
3.34306E-01 
3.34306E-01 
3.34306E-01 
3.34306E-01 
3.34306E-01 
3.34306E-01 
3.34306E-01 
3.34306E-01 
3.34306E-01 
3.34306E-01 
3.34306E-01 
3.34306E-01 
3.34306E-01 
3.34306E-01 
3.34306E-01 
3.34306E-01 
3.34306E-01 
3.34306E-01 
3.34306E-01 
3.34306E-01 
3.34306E-01 
3.34306E-01 
3.34306E-01 
3.34306E-01 
3.99796E-01 
3.99796E-01 
3.99796E-01 
3.99796E-01 
3.99796E-01 
3.99796E-01 
3.99796E-01 
3.99796E-01 
3.99796E-01 
3.99796E-01 
3.99796E-01 
3.99796E-01 
3.99796E-01 
3.99796E-01 
3.99796E-01 
3.99796E-01 
3.99796E-01 
3.99796E-01 
3.99796E-01 
3.99796E-01 
3.99796E-01 
3.99796E-01 
3.99796E-01 
3.99796E-01 
3.99796E-01 
3.99796E-01 
4.73427E-01 
4.73427E-01 
4.73427E-01 
4.73427E-01 
4.73427E-01 
4.73427E-01 
4.73427E-01 
4.73427E-01 
4.73427E-01 
4.73427E-01 
4.73427E-01 
4.73427E-01 
4.73427E-01 
4.73427E-01 
4.73427E-01 
4.73427E-01 
4.73427E-01 
4.73427E-01 
4.73427E-01 
4.73427E-01 
4.73427E-01 
4.73427E-01 
4.73427E-01 
4.73427E-01 
4.73427E-01 
4.73427E-01 
5.56874E-01 
5.56874E-01 
5.56874E-01 
5.56874E-01 
5.56874E-01 
5.56874E-01 
5.56874E-01 
5.56874E-01 
5.56874E-01 
5.56874E-01 
5.56874E-01 
5.56874E-01 
5.56874E-01 
5.56874E-01 
5.56874E-01 
5.56874E-01 
5.56874E-01 
5.56874E-01 
5.56874E-01 
5.56874E-01 
5.56874E-01 
5.56874E-01 
5.56874E-01 
5.56874E-01 
5.56874E-01 
5.56874E-01 
6.50398E-01 
6.50398E-01 
6.50398E-01 
6.50398E-01 
6.50398E-01 
6.50398E-01 
6.50398E-01 
6.50398E-01 
6.50398E-01 
6.50398E-01 
6.50398E-01 
6.50398E-01 
6.50398E-01 
6.50398E-01 
6.50398E-01 
6.50398E-01 
6.50398E-01 
6.50398E-01 
6.50398E-01 
6.50398E-01 
6.50398E-01 
6.50398E-01 
6.50398E-01 
6.50398E-01 
6.50398E-01 
6.50398E-01 
7.54793E-01 
7.54793E-01 
7.54793E-01 
7.54793E-01 
7.54793E-01 
7.54793E-01 
7.54793E-01 
7.54793E-01 
7.54793E-01 
7.54793E-01 
7.54793E-01 
7.54793E-01 
7.54793E-01 
7.54793E-01 
7.54793E-01 
7.54793E-01 
7.54793E-01 
7.54793E-01 
7.54793E-01 
7.54793E-01 
7.54793E-01 
7.54793E-01 
7.54793E-01 
7.54793E-01 
7.54793E-01 
7.54793E-01 
8.70851E-01 
8.70851E-01 
8.70851E-01 
8.70851E-01 
8.70851E-01 
8.70851E-01 
8.70851E-01 
8.70851E-01 
8.70851E-01 
8.70851E-01 
8.70851E-01 
8.70851E-01 
8.70851E-01 
8.70851E-01 
8.70851E-01 
8.70851E-01 
8.70851E-01 
8.70851E-01 
8.70851E-01 
8.70851E-01 
8.70851E-01 
8.70851E-01 
8.70851E-01 
8.70851E-01 
8.70851E-01 
8.70851E-01 
9.99424E-01 
9.99424E-01 
9.99424E-01 
9.99424E-01 
9.99424E-01 
9.99424E-01 
9.99424E-01 
9.99424E-01 
9.99424E-01 
9.99424E-01 
9.99424E-01 
9.99424E-01 
9.99424E-01 
9.99424E-01 
9.99424E-01 
9.99424E-01 
9.99424E-01 
9.99424E-01 
9.99424E-01 
9.99424E-01 
9.99424E-01 
9.99424E-01 
9.99424E-01 
9.99424E-01 
9.99424E-01 
9.99424E-01 
1.14131E+00 
1.14131E+00 
1.14131E+00 
1.14131E+00 
1.14131E+00 
1.14131E+00 
1.14131E+00 
1.14131E+00 
1.14131E+00 
1.14131E+00 
1.14131E+00 
1.14131E+00 
1.14131E+00 
1.14131E+00 
1.14131E+00 
1.14131E+00 
1.14131E+00 
1.14131E+00 
1.14131E+00 
1.14131E+00 
1.14131E+00 
1.14131E+00 
1.14131E+00 
1.14131E+00 
1.14131E+00 
1.14131E+00 
1.29788E+00 
1.29788E+00 
1.29788E+00 
1.29788E+00 
1.29788E+00 
1.29788E+00 
1.29788E+00 
1.29788E+00 
1.29788E+00 
1.29788E+00 
1.29788E+00 
1.29788E+00 
1.29788E+00 
1.29788E+00 
1.29788E+00 
1.29788E+00 
1.29788E+00 
1.29788E+00 
1.29788E+00 
1.29788E+00 
1.29788E+00 
1.29788E+00 
1.29788E+00 
1.29788E+00 
1.29788E+00 
1.29788E+00 
1.46905E+00 
1.46905E+00 
1.46905E+00 
1.46905E+00 
1.46905E+00 
1.46905E+00 
1.46905E+00 
1.46905E+00 
1.46905E+00 
1.46905E+00 
1.46905E+00 
1.46905E+00 
1.46905E+00 
1.46905E+00 
1.46905E+00 
1.46905E+00 
1.46905E+00 
1.46905E+00 
1.46905E+00 
1.46905E+00 
1.46905E+00 
1.46905E+00 
1.46905E+00 
1.46905E+00 
1.46905E+00 
1.46905E+00 
1.65641E+00 
1.65641E+00 
1.65641E+00 
1.65641E+00 
1.65641E+00 
1.65641E+00 
1.65641E+00 
1.65641E+00 
1.65641E+00 
1.65641E+00 
1.65641E+00 
1.65641E+00 
1.65641E+00 
1.65641E+00 
1.65641E+00 
1.65641E+00 
1.65641E+00 
1.65641E+00 
1.65641E+00 
1.65641E+00 
1.65641E+00 
1.65641E+00 
1.65641E+00 
1.65641E+00 
1.65641E+00 
1.65641E+00 
1.86087E+00 
1.86087E+00 
1.86087E+00 
1.86087E+00 
1.86087E+00 
1.86087E+00 
1.86087E+00 
1.86087E+00 
1.86087E+00 
1.86087E+00 
1.86087E+00 
1.86087E+00 
1.86087E+00 
1.86087E+00 
1.86087E+00 
1.86087E+00 
1.86087E+00 
1.86087E+00 
1.86087E+00 
1.86087E+00 
1.86087E+00 
1.86087E+00 
1.86087E+00 
1.86087E+00 
1.86087E+00 
1.86087E+00 
2.08343E+00 
2.08343E+00 
2.08343E+00 
2.08343E+00 
2.08343E+00 
2.08343E+00 
2.08343E+00 
2.08343E+00 
2.08343E+00 
2.08343E+00 
2.08343E+00 
2.08343E+00 
2.08343E+00 
2.08343E+00 
2.08343E+00 
2.08343E+00 
2.08343E+00 
2.08343E+00 
2.08343E+00 
2.08343E+00 
2.08343E+00 
2.08343E+00 
2.08343E+00 
2.08343E+00 
2.08343E+00 
2.08343E+00 
2.32507E+00 
2.32507E+00 
2.32507E+00 
2.32507E+00 
2.32507E+00 
2.32507E+00 
2.32507E+00 
2.32507E+00 
2.32507E+00 
2.32507E+00 
2.32507E+00 
2.32507E+00 
2.32507E+00 
2.32507E+00 
2.32507E+00 
2.32507E+00 
2.32507E+00 
2.32507E+00 
2.32507E+00 
2.32507E+00 
2.32507E+00 
2.32507E+00 
2.32507E+00 
2.32507E+00 
2.32507E+00 
2.32507E+00 
2.58682E+00 
2.58682E+00 
2.58682E+00 
2.58682E+00 
2.58682E+00 
2.58682E+00 
2.58682E+00 
2.58682E+00 
2.58682E+00 
2.58682E+00 
2.58682E+00 
2.58682E+00 
2.58682E+00 
2.58682E+00 
2.58682E+00 
2.58682E+00 
2.58682E+00 
2.58682E+00 
2.58682E+00 
2.58682E+00 
2.58682E+00 
2.58682E+00 
2.58682E+00 
2.58682E+00 
2.58682E+00 
2.58682E+00 
2.86984E+00 
2.86984E+00 
2.86984E+00 
2.86984E+00 
2.86984E+00 
2.86984E+00 
2.86984E+00 
2.86984E+00 
2.86984E+00 
2.86984E+00 
2.86984E+00 
2.86984E+00 
2.86984E+00 
2.86984E+00 
2.86984E+00 
2.86984E+00 
2.86984E+00 
2.86984E+00 
2.86984E+00 
2.86984E+00 
2.86984E+00 
2.86984E+00 
2.86984E+00 
2.86984E+00 
2.86984E+00 
2.86984E+00 
3.17497E+00 
3.17497E+00 
3.17497E+00 
3.17497E+00 
3.17497E+00 
3.17497E+00 
3.17497E+00 
3.17497E+00 
3.17497E+00 
3.17497E+00 
3.17497E+00 
3.17497E+00 
3.17497E+00 
3.17497E+00 
3.17497E+00 
3.17497E+00 
3.17497E+00 
3.17497E+00 
3.17497E+00 
3.17497E+00 
3.17497E+00 
3.17497E+00 
3.17497E+00 
3.17497E+00 
3.17497E+00 
3.17497E+00 
---
