PdfType: replica
Format: lhagrid1
---
1.00000E-06 1.28121E-06 1.64152E-06 2.10317E-06 2.69463E-06 3.45242E-06 4.42329E-06 5.66715E-06 7.26076E-06 9.30241E-06 1.19180E-05 1.52689E-05 1.95617E-05 2.50609E-05 3.21053E-05 4.11287E-05 5.26863E-05 6.74889E-05 8.64459E-05 1.10720E-04 1.41800E-04 1.81585E-04 2.32503E-04 2.97652E-04 3.80981E-04 4.87518E-04 6.26039E-04 8.00452E-04 1.02297E-03 1.30657E-03 1.66759E-03 2.12729E-03 2.71054E-03 3.44865E-03 4.37927E-03 5.54908E-03 7.01192E-03 8.83064E-03 1.10763E-02 1.38266E-02 1.71641E-02 2.11717E-02 2.59364E-02 3.15062E-02 3.79623E-02 4.53425E-02 5.36750E-02 6.29705E-02 7.32221E-02 8.44039E-02 9.64793E-02 1.09332E-01 1.23067E-01 1.37507E-01 1.52639E-01 1.68416E-01 1.84794E-01 2.01731E-01 2.19016E-01 2.36948E-01 2.55242E-01 2.73927E-01 2.92954E-01 3.12340E-01 3.32036E-01 3.52019E-01 3.72282E-01 3.92772E-01 4.13533E-01 4.34326E-01 4.55495E-01 4.76836E-01 4.98342E-01 5.20006E-01 5.41818E-01 5.63773E-01 5.85861E-01 6.08077E-01 6.30459E-01 6.52800E-01 6.75387E-01 6.98063E-01 7.20830E-01 7.43683E-01 7.66623E-01 7.89636E-01 8.12791E-01 8.35940E-01 8.59175E-01 8.82485E-01 9.05866E-01 9.29311E-01 9.52817E-01 9.76387E-01 1.00000E+00 
1.14018E+00 1.22539E+00 1.32482E+00 1.44156E+00 1.57954E+00 1.74381E+00 1.94091E+00 2.12132E+00 2.17945E+00 2.49622E+00 2.89383E+00 3.39925E+00 4.05063E+00 4.90286E+00 6.03623E+00 7.57063E+00 9.68869E+00 1.26749E+01 1.69835E+01 2.33578E+01 3.30501E+01 4.82334E+01 7.28041E+01 1.13998E+02 1.85779E+02 3.16228E+02 
908
-3.39588E-22 
-3.39588E-22 
-3.39588E-22 
-3.39588E-22 
-3.39588E-22 
-3.39588E-22 
-3.39588E-22 
-3.39588E-22 
-3.39588E-22 
-3.39588E-22 
-3.39588E-22 
-3.39588E-22 
-3.39588E-22 
-3.39588E-22 
-3.39588E-22 
-3.39588E-22 
-3.39588E-22 
-3.39588E-22 
-3.39588E-22 
-3.39588E-22 
-3.39588E-22 
-3.39588E-22 
-3.39588E-22 
-3.39588E-22 
-3.39588E-22 
-3.39588E-22 
-8.26275E-22 
-8.26275E-22 
-8.26275E-22 
-8.26275E-22 
-8.26275E-22 
-8.26275E-22 
-8.26275E-22 
-8.26275E-22 
-8.26275E-22 
-8.26275E-22 
-8.26275E-22 
-8.26275E-22 
-8.26275E-22 
-8.26275E-22 
-8.26275E-22 
-8.26275E-22 
-8.26275E-22 
-8.26275E-22 
-8.26275E-22 
-8.26275E-22 
-8.26275E-22 
-8.26275E-22 
-8.26275E-22 
-8.26275E-22 
-8.26275E-22 
-8.26275E-22 
-2.01056E-21 
-2.01056E-21 
-2.01056E-21 
-2.01056E-21 
-2.01056E-21 
-2.01056E-21 
-2.01056E-21 
-2.01056E-21 
-2.01056E-21 
-2.01056E-21 
-2.01056E-21 
-2.01056E-21 
-2.01056E-21 
-2.01056E-21 
-2.01056E-21 
-2.01056E-21 
-2.01056E-21 
-2.01056E-21 
-2.01056E-21 
-2.01056E-21 
-2.01056E-21 
-2.01056E-21 
-2.01056E-21 
-2.01056E-21 
-2.01056E-21 
-2.01056E-21 
-4.89233E-21 
-4.89233E-21 
-4.89233E-21 
-4.89233E-21 
-4.89233E-21 
-4.89233E-21 
-4.89233E-21 
-4.89233E-21 
-4.89233E-21 
-4.89233E-21 
-4.89233E-21 
-4.89233E-21 
-4.89233E-21 
-4.89233E-21 
-4.89233E-21 
-4.89233E-21 
-4.89233E-21 
-4.89233E-21 
-4.89233E-21 
-4.89233E-21 
-4.89233E-21 
-4.89233E-21 
-4.89233E-21 
-4.89233E-21 
-4.89233E-21 
-4.89233E-21 
-1.19043E-20 
-1.19043E-20 
-1.19043E-20 
-1.19043E-20 
-1.19043E-20 
-1.19043E-20 
-1.19043E-20 
-1.19043E-20 
-1.19043E-20 
-1.19043E-20 
-1.19043E-20 
-1.19043E-20 
-1.19043E-20 
-1.19043E-20 
-1.19043E-20 
-1.19043E-20 
-1.19043E-20 
-1.19043E-20 
-1.19043E-20 
-1.19043E-20 
-1.19043E-20 
-1.19043E-20 
-1.19043E-20 
-1.19043E-20 
-1.19043E-20 
-1.19043E-20 
-2.89660E-20 
-2.89660E-20 
-2.89660E-20 
-2.89660E-20 
-2.89660E-20 
-2.89660E-20 
-2.89660E-20 
-2.89660E-20 
-2.89660E-20 
-2.89660E-20 
-2.89660E-20 
-2.89660E-20 
-2.89660E-20 
-2.89660E-20 
-2.89660E-20 
-2.89660E-20 
-2.89660E-20 
-2.89660E-20 
-2.89660E-20 
-2.89660E-20 
-2.89660E-20 
-2.89660E-20 
-2.89660E-20 
-2.89660E-20 
-2.89660E-20 
-2.89660E-20 
-7.04799E-20 
-7.04799E-20 
-7.04799E-20 
-7.04799E-20 
-7.04799E-20 
-7.04799E-20 
-7.04799E-20 
-7.04799E-20 
-7.04799E-20 
-7.04799E-20 
-7.04799E-20 
-7.04799E-20 
-7.04799E-20 
-7.04799E-20 
-7.04799E-20 
-7.04799E-20 
-7.04799E-20 
-7.04799E-20 
-7.04799E-20 
-7.04799E-20 
-7.04799E-20 
-7.04799E-20 
-7.04799E-20 
-7.04799E-20 
-7.04799E-20 
-7.04799E-20 
-1.71487E-19 
-1.71487E-19 
-1.71487E-19 
-1.71487E-19 
-1.71487E-19 
-1.71487E-19 
-1.71487E-19 
-1.71487E-19 
-1.71487E-19 
-1.71487E-19 
-1.71487E-19 
-1.71487E-19 
-1.71487E-19 
-1.71487E-19 
-1.71487E-19 
-1.71487E-19 
-1.71487E-19 
-1.71487E-19 
-1.71487E-19 
-1.71487E-19 
-1.71487E-19 
-1.71487E-19 
-1.71487E-19 
-1.71487E-19 
-1.71487E-19 
-1.71487E-19 
-4.17244E-19 
-4.17244E-19 
-4.17244E-19 
-4.17244E-19 
-4.17244E-19 
-4.17244E-19 
-4.17244E-19 
-4.17244E-19 
-4.17244E-19 
-4.17244E-19 
-4.17244E-19 
-4.17244E-19 
-4.17244E-19 
-4.17244E-19 
-4.17244E-19 
-4.17244E-19 
-4.17244E-19 
-4.17244E-19 
-4.17244E-19 
-4.17244E-19 
-4.17244E-19 
-4.17244E-19 
-4.17244E-19 
-4.17244E-19 
-4.17244E-19 
-4.17244E-19 
-1.01516E-18 
-1.01516E-18 
-1.01516E-18 
-1.01516E-18 
-1.01516E-18 
-1.01516E-18 
-1.01516E-18 
-1.01516E-18 
-1.01516E-18 
-1.01516E-18 
-1.01516E-18 
-1.01516E-18 
-1.01516E-18 
-1.01516E-18 
-1.01516E-18 
-1.01516E-18 
-1.01516E-18 
-1.01516E-18 
-1.01516E-18 
-1.01516E-18 
-1.01516E-18 
-1.01516E-18 
-1.01516E-18 
-1.01516E-18 
-1.01516E-18 
-1.01516E-18 
-2.46977E-18 
-2.46977E-18 
-2.46977E-18 
-2.46977E-18 
-2.46977E-18 
-2.46977E-18 
-2.46977E-18 
-2.46977E-18 
-2.46977E-18 
-2.46977E-18 
-2.46977E-18 
-2.46977E-18 
-2.46977E-18 
-2.46977E-18 
-2.46977E-18 
-2.46977E-18 
-2.46977E-18 
-2.46977E-18 
-2.46977E-18 
-2.46977E-18 
-2.46977E-18 
-2.46977E-18 
-2.46977E-18 
-2.46977E-18 
-2.46977E-18 
-2.46977E-18 
-6.00849E-18 
-6.00849E-18 
-6.00849E-18 
-6.00849E-18 
-6.00849E-18 
-6.00849E-18 
-6.00849E-18 
-6.00849E-18 
-6.00849E-18 
-6.00849E-18 
-6.00849E-18 
-6.00849E-18 
-6.00849E-18 
-6.00849E-18 
-6.00849E-18 
-6.00849E-18 
-6.00849E-18 
-6.00849E-18 
-6.00849E-18 
-6.00849E-18 
-6.00849E-18 
-6.00849E-18 
-6.00849E-18 
-6.00849E-18 
-6.00849E-18 
-6.00849E-18 
-1.46168E-17 
-1.46168E-17 
-1.46168E-17 
-1.46168E-17 
-1.46168E-17 
-1.46168E-17 
-1.46168E-17 
-1.46168E-17 
-1.46168E-17 
-1.46168E-17 
-1.46168E-17 
-1.46168E-17 
-1.46168E-17 
-1.46168E-17 
-1.46168E-17 
-1.46168E-17 
-1.46168E-17 
-1.46168E-17 
-1.46168E-17 
-1.46168E-17 
-1.46168E-17 
-1.46168E-17 
-1.46168E-17 
-1.46168E-17 
-1.46168E-17 
-1.46168E-17 
-3.55554E-17 
-3.55554E-17 
-3.55554E-17 
-3.55554E-17 
-3.55554E-17 
-3.55554E-17 
-3.55554E-17 
-3.55554E-17 
-3.55554E-17 
-3.55554E-17 
-3.55554E-17 
-3.55554E-17 
-3.55554E-17 
-3.55554E-17 
-3.55554E-17 
-3.55554E-17 
-3.55554E-17 
-3.55554E-17 
-3.55554E-17 
-3.55554E-17 
-3.55554E-17 
-3.55554E-17 
-3.55554E-17 
-3.55554E-17 
-3.55554E-17 
-3.55554E-17 
-8.64808E-17 
-8.64808E-17 
-8.64808E-17 
-8.64808E-17 
-8.64808E-17 
-8.64808E-17 
-8.64808E-17 
-8.64808E-17 
-8.64808E-17 
-8.64808E-17 
-8.64808E-17 
-8.64808E-17 
-8.64808E-17 
-8.64808E-17 
-8.64808E-17 
-8.64808E-17 
-8.64808E-17 
-8.64808E-17 
-8.64808E-17 
-8.64808E-17 
-8.64808E-17 
-8.64808E-17 
-8.64808E-17 
-8.64808E-17 
-8.64808E-17 
-8.64808E-17 
-2.10323E-16 
-2.10323E-16 
-2.10323E-16 
-2.10323E-16 
-2.10323E-16 
-2.10323E-16 
-2.10323E-16 
-2.10323E-16 
-2.10323E-16 
-2.10323E-16 
-2.10323E-16 
-2.10323E-16 
-2.10323E-16 
-2.10323E-16 
-2.10323E-16 
-2.10323E-16 
-2.10323E-16 
-2.10323E-16 
-2.10323E-16 
-2.10323E-16 
-2.10323E-16 
-2.10323E-16 
-2.10323E-16 
-2.10323E-16 
-2.10323E-16 
-2.10323E-16 
-5.11440E-16 
-5.11440E-16 
-5.11440E-16 
-5.11440E-16 
-5.11440E-16 
-5.11440E-16 
-5.11440E-16 
-5.11440E-16 
-5.11440E-16 
-5.11440E-16 
-5.11440E-16 
-5.11440E-16 
-5.11440E-16 
-5.11440E-16 
-5.11440E-16 
-5.11440E-16 
-5.11440E-16 
-5.11440E-16 
-5.11440E-16 
-5.11440E-16 
-5.11440E-16 
-5.11440E-16 
-5.11440E-16 
-5.11440E-16 
-5.11440E-16 
-5.11440E-16 
-1.24346E-15 
-1.24346E-15 
-1.24346E-15 
-1.24346E-15 
-1.24346E-15 
-1.24346E-15 
-1.24346E-15 
-1.24346E-15 
-1.24346E-15 
-1.24346E-15 
-1.24346E-15 
-1.24346E-15 
-1.24346E-15 
-1.24346E-15 
-1.24346E-15 
-1.24346E-15 
-1.24346E-15 
-1.24346E-15 
-1.24346E-15 
-1.24346E-15 
-1.24346E-15 
-1.24346E-15 
-1.24346E-15 
-1.24346E-15 
-1.24346E-15 
-1.24346E-15 
-3.02258E-15 
-3.02258E-15 
-3.02258E-15 
-3.02258E-15 
-3.02258E-15 
-3.02258E-15 
-3.02258E-15 
-3.02258E-15 
-3.02258E-15 
-3.02258E-15 
-3.02258E-15 
-3.02258E-15 
-3.02258E-15 
-3.02258E-15 
-3.02258E-15 
-3.02258E-15 
-3.02258E-15 
-3.02258E-15 
-3.02258E-15 
-3.02258E-15 
-3.02258E-15 
-3.02258E-15 
-3.02258E-15 
-3.02258E-15 
-3.02258E-15 
-3.02258E-15 
-7.34524E-15 
-7.34524E-15 
-7.34524E-15 
-7.34524E-15 
-7.34524E-15 
-7.34524E-15 
-7.34524E-15 
-7.34524E-15 
-7.34524E-15 
-7.34524E-15 
-7.34524E-15 
-7.34524E-15 
-7.34524E-15 
-7.34524E-15 
-7.34524E-15 
-7.34524E-15 
-7.34524E-15 
-7.34524E-15 
-7.34524E-15 
-7.34524E-15 
-7.34524E-15 
-7.34524E-15 
-7.34524E-15 
-7.34524E-15 
-7.34524E-15 
-7.34524E-15 
-1.78446E-14 
-1.78446E-14 
-1.78446E-14 
-1.78446E-14 
-1.78446E-14 
-1.78446E-14 
-1.78446E-14 
-1.78446E-14 
-1.78446E-14 
-1.78446E-14 
-1.78446E-14 
-1.78446E-14 
-1.78446E-14 
-1.78446E-14 
-1.78446E-14 
-1.78446E-14 
-1.78446E-14 
-1.78446E-14 
-1.78446E-14 
-1.78446E-14 
-1.78446E-14 
-1.78446E-14 
-1.78446E-14 
-1.78446E-14 
-1.78446E-14 
-1.78446E-14 
-4.33336E-14 
-4.33336E-14 
-4.33336E-14 
-4.33336E-14 
-4.33336E-14 
-4.33336E-14 
-4.33336E-14 
-4.33336E-14 
-4.33336E-14 
-4.33336E-14 
-4.33336E-14 
-4.33336E-14 
-4.33336E-14 
-4.33336E-14 
-4.33336E-14 
-4.33336E-14 
-4.33336E-14 
-4.33336E-14 
-4.33336E-14 
-4.33336E-14 
-4.33336E-14 
-4.33336E-14 
-4.33336E-14 
-4.33336E-14 
-4.33336E-14 
-4.33336E-14 
-1.05178E-13 
-1.05178E-13 
-1.05178E-13 
-1.05178E-13 
-1.05178E-13 
-1.05178E-13 
-1.05178E-13 
-1.05178E-13 
-1.05178E-13 
-1.05178E-13 
-1.05178E-13 
-1.05178E-13 
-1.05178E-13 
-1.05178E-13 
-1.05178E-13 
-1.05178E-13 
-1.05178E-13 
-1.05178E-13 
-1.05178E-13 
-1.05178E-13 
-1.05178E-13 
-1.05178E-13 
-1.05178E-13 
-1.05178E-13 
-1.05178E-13 
-1.05178E-13 
-2.55122E-13 
-2.55122E-13 
-2.55122E-13 
-2.55122E-13 
-2.55122E-13 
-2.55122E-13 
-2.55122E-13 
-2.55122E-13 
-2.55122E-13 
-2.55122E-13 
-2.55122E-13 
-2.55122E-13 
-2.55122E-13 
-2.55122E-13 
-2.55122E-13 
-2.55122E-13 
-2.55122E-13 
-2.55122E-13 
-2.55122E-13 
-2.55122E-13 
-2.55122E-13 
-2.55122E-13 
-2.55122E-13 
-2.55122E-13 
-2.55122E-13 
-2.55122E-13 
-6.18344E-13 
-6.18344E-13 
-6.18344E-13 
-6.18344E-13 
-6.18344E-13 
-6.18344E-13 
-6.18344E-13 
-6.18344E-13 
-6.18344E-13 
-6.18344E-13 
-6.18344E-13 
-6.18344E-13 
-6.18344E-13 
-6.18344E-13 
-6.18344E-13 
-6.18344E-13 
-6.18344E-13 
-6.18344E-13 
-6.18344E-13 
-6.18344E-13 
-6.18344E-13 
-6.18344E-13 
-6.18344E-13 
-6.18344E-13 
-6.18344E-13 
-6.18344E-13 
-1.49721E-12 
-1.49721E-12 
-1.49721E-12 
-1.49721E-12 
-1.49721E-12 
-1.49721E-12 
-1.49721E-12 
-1.49721E-12 
-1.49721E-12 
-1.49721E-12 
-1.49721E-12 
-1.49721E-12 
-1.49721E-12 
-1.49721E-12 
-1.49721E-12 
-1.49721E-12 
-1.49721E-12 
-1.49721E-12 
-1.49721E-12 
-1.49721E-12 
-1.49721E-12 
-1.49721E-12 
-1.49721E-12 
-1.49721E-12 
-1.49721E-12 
-1.49721E-12 
-3.67061E-12 
-3.67061E-12 
-3.67061E-12 
-3.67061E-12 
-3.67061E-12 
-3.67061E-12 
-3.67061E-12 
-3.67061E-12 
-3.67061E-12 
-3.67061E-12 
-3.67061E-12 
-3.67061E-12 
-3.67061E-12 
-3.67061E-12 
-3.67061E-12 
-3.67061E-12 
-3.67061E-12 
-3.67061E-12 
-3.67061E-12 
-3.67061E-12 
-3.67061E-12 
-3.67061E-12 
-3.67061E-12 
-3.67061E-12 
-3.67061E-12 
-3.67061E-12 
-8.85910E-12 
-8.85910E-12 
-8.85910E-12 
-8.85910E-12 
-8.85910E-12 
-8.85910E-12 
-8.85910E-12 
-8.85910E-12 
-8.85910E-12 
-8.85910E-12 
-8.85910E-12 
-8.85910E-12 
-8.85910E-12 
-8.85910E-12 
-8.85910E-12 
-8.85910E-12 
-8.85910E-12 
-8.85910E-12 
-8.85910E-12 
-8.85910E-12 
-8.85910E-12 
-8.85910E-12 
-8.85910E-12 
-8.85910E-12 
-8.85910E-12 
-8.85910E-12 
-2.13406E-11 
-2.13406E-11 
-2.13406E-11 
-2.13406E-11 
-2.13406E-11 
-2.13406E-11 
-2.13406E-11 
-2.13406E-11 
-2.13406E-11 
-2.13406E-11 
-2.13406E-11 
-2.13406E-11 
-2.13406E-11 
-2.13406E-11 
-2.13406E-11 
-2.13406E-11 
-2.13406E-11 
-2.13406E-11 
-2.13406E-11 
-2.13406E-11 
-2.13406E-11 
-2.13406E-11 
-2.13406E-11 
-2.13406E-11 
-2.13406E-11 
-2.13406E-11 
-5.12835E-11 
-5.12835E-11 
-5.12835E-11 
-5.12835E-11 
-5.12835E-11 
-5.12835E-11 
-5.12835E-11 
-5.12835E-11 
-5.12835E-11 
-5.12835E-11 
-5.12835E-11 
-5.12835E-11 
-5.12835E-11 
-5.12835E-11 
-5.12835E-11 
-5.12835E-11 
-5.12835E-11 
-5.12835E-11 
-5.12835E-11 
-5.12835E-11 
-5.12835E-11 
-5.12835E-11 
-5.12835E-11 
-5.12835E-11 
-5.12835E-11 
-5.12835E-11 
-1.22878E-10 
-1.22878E-10 
-1.22878E-10 
-1.22878E-10 
-1.22878E-10 
-1.22878E-10 
-1.22878E-10 
-1.22878E-10 
-1.22878E-10 
-1.22878E-10 
-1.22878E-10 
-1.22878E-10 
-1.22878E-10 
-1.22878E-10 
-1.22878E-10 
-1.22878E-10 
-1.22878E-10 
-1.22878E-10 
-1.22878E-10 
-1.22878E-10 
-1.22878E-10 
-1.22878E-10 
-1.22878E-10 
-1.22878E-10 
-1.22878E-10 
-1.22878E-10 
-2.93756E-10 
-2.93756E-10 
-2.93756E-10 
-2.93756E-10 
-2.93756E-10 
-2.93756E-10 
-2.93756E-10 
-2.93756E-10 
-2.93756E-10 
-2.93756E-10 
-2.93756E-10 
-2.93756E-10 
-2.93756E-10 
-2.93756E-10 
-2.93756E-10 
-2.93756E-10 
-2.93756E-10 
-2.93756E-10 
-2.93756E-10 
-2.93756E-10 
-2.93756E-10 
-2.93756E-10 
-2.93756E-10 
-2.93756E-10 
-2.93756E-10 
-2.93756E-10 
-6.98925E-10 
-6.98925E-10 
-6.98925E-10 
-6.98925E-10 
-6.98925E-10 
-6.98925E-10 
-6.98925E-10 
-6.98925E-10 
-6.98925E-10 
-6.98925E-10 
-6.98925E-10 
-6.98925E-10 
-6.98925E-10 
-6.98925E-10 
-6.98925E-10 
-6.98925E-10 
-6.98925E-10 
-6.98925E-10 
-6.98925E-10 
-6.98925E-10 
-6.98925E-10 
-6.98925E-10 
-6.98925E-10 
-6.98925E-10 
-6.98925E-10 
-6.98925E-10 
-1.65305E-09 
-1.65305E-09 
-1.65305E-09 
-1.65305E-09 
-1.65305E-09 
-1.65305E-09 
-1.65305E-09 
-1.65305E-09 
-1.65305E-09 
-1.65305E-09 
-1.65305E-09 
-1.65305E-09 
-1.65305E-09 
-1.65305E-09 
-1.65305E-09 
-1.65305E-09 
-1.65305E-09 
-1.65305E-09 
-1.65305E-09 
-1.65305E-09 
-1.65305E-09 
-1.65305E-09 
-1.65305E-09 
-1.65305E-09 
-1.65305E-09 
-1.65305E-09 
-3.87914E-09 
-3.87914E-09 
-3.87914E-09 
-3.87914E-09 
-3.87914E-09 
-3.87914E-09 
-3.87914E-09 
-3.87914E-09 
-3.87914E-09 
-3.87914E-09 
-3.87914E-09 
-3.87914E-09 
-3.87914E-09 
-3.87914E-09 
-3.87914E-09 
-3.87914E-09 
-3.87914E-09 
-3.87914E-09 
-3.87914E-09 
-3.87914E-09 
-3.87914E-09 
-3.87914E-09 
-3.87914E-09 
-3.87914E-09 
-3.87914E-09 
-3.87914E-09 
-9.02300E-09 
-9.02300E-09 
-9.02300E-09 
-9.02300E-09 
-9.02300E-09 
-9.02300E-09 
-9.02300E-09 
-9.02300E-09 
-9.02300E-09 
-9.02300E-09 
-9.02300E-09 
-9.02300E-09 
-9.02300E-09 
-9.02300E-09 
-9.02300E-09 
-9.02300E-09 
-9.02300E-09 
-9.02300E-09 
-9.02300E-09 
-9.02300E-09 
-9.02300E-09 
-9.02300E-09 
-9.02300E-09 
-9.02300E-09 
-9.02300E-09 
-9.02300E-09 
-2.07515E-08 
-2.07515E-08 
-2.07515E-08 
-2.07515E-08 
-2.07515E-08 
-2.07515E-08 
-2.07515E-08 
-2.07515E-08 
-2.07515E-08 
-2.07515E-08 
-2.07515E-08 
-2.07515E-08 
-2.07515E-08 
-2.07515E-08 
-2.07515E-08 
-2.07515E-08 
-2.07515E-08 
-2.07515E-08 
-2.07515E-08 
-2.07515E-08 
-2.07515E-08 
-2.07515E-08 
-2.07515E-08 
-2.07515E-08 
-2.07515E-08 
-2.07515E-08 
-4.70721E-08 
-4.70721E-08 
-4.70721E-08 
-4.70721E-08 
-4.70721E-08 
-4.70721E-08 
-4.70721E-08 
-4.70721E-08 
-4.70721E-08 
-4.70721E-08 
-4.70721E-08 
-4.70721E-08 
-4.70721E-08 
-4.70721E-08 
-4.70721E-08 
-4.70721E-08 
-4.70721E-08 
-4.70721E-08 
-4.70721E-08 
-4.70721E-08 
-4.70721E-08 
-4.70721E-08 
-4.70721E-08 
-4.70721E-08 
-4.70721E-08 
-4.70721E-08 
-1.05023E-07 
-1.05023E-07 
-1.05023E-07 
-1.05023E-07 
-1.05023E-07 
-1.05023E-07 
-1.05023E-07 
-1.05023E-07 
-1.05023E-07 
-1.05023E-07 
-1.05023E-07 
-1.05023E-07 
-1.05023E-07 
-1.05023E-07 
-1.05023E-07 
-1.05023E-07 
-1.05023E-07 
-1.05023E-07 
-1.05023E-07 
-1.05023E-07 
-1.05023E-07 
-1.05023E-07 
-1.05023E-07 
-1.05023E-07 
-1.05023E-07 
-1.05023E-07 
-2.29743E-07 
-2.29743E-07 
-2.29743E-07 
-2.29743E-07 
-2.29743E-07 
-2.29743E-07 
-2.29743E-07 
-2.29743E-07 
-2.29743E-07 
-2.29743E-07 
-2.29743E-07 
-2.29743E-07 
-2.29743E-07 
-2.29743E-07 
-2.29743E-07 
-2.29743E-07 
-2.29743E-07 
-2.29743E-07 
-2.29743E-07 
-2.29743E-07 
-2.29743E-07 
-2.29743E-07 
-2.29743E-07 
-2.29743E-07 
-2.29743E-07 
-2.29743E-07 
-4.91158E-07 
-4.91158E-07 
-4.91158E-07 
-4.91158E-07 
-4.91158E-07 
-4.91158E-07 
-4.91158E-07 
-4.91158E-07 
-4.91158E-07 
-4.91158E-07 
-4.91158E-07 
-4.91158E-07 
-4.91158E-07 
-4.91158E-07 
-4.91158E-07 
-4.91158E-07 
-4.91158E-07 
-4.91158E-07 
-4.91158E-07 
-4.91158E-07 
-4.91158E-07 
-4.91158E-07 
-4.91158E-07 
-4.91158E-07 
-4.91158E-07 
-4.91158E-07 
-1.02260E-06 
-1.02260E-06 
-1.02260E-06 
-1.02260E-06 
-1.02260E-06 
-1.02260E-06 
-1.02260E-06 
-1.02260E-06 
-1.02260E-06 
-1.02260E-06 
-1.02260E-06 
-1.02260E-06 
-1.02260E-06 
-1.02260E-06 
-1.02260E-06 
-1.02260E-06 
-1.02260E-06 
-1.02260E-06 
-1.02260E-06 
-1.02260E-06 
-1.02260E-06 
-1.02260E-06 
-1.02260E-06 
-1.02260E-06 
-1.02260E-06 
-1.02260E-06 
-2.06851E-06 
-2.06851E-06 
-2.06851E-06 
-2.06851E-06 
-2.06851E-06 
-2.06851E-06 
-2.06851E-06 
-2.06851E-06 
-2.06851E-06 
-2.06851E-06 
-2.06851E-06 
-2.06851E-06 
-2.06851E-06 
-2.06851E-06 
-2.06851E-06 
-2.06851E-06 
-2.06851E-06 
-2.06851E-06 
-2.06851E-06 
-2.06851E-06 
-2.06851E-06 
-2.06851E-06 
-2.06851E-06 
-2.06851E-06 
-2.06851E-06 
-2.06851E-06 
-4.03994E-06 
-4.03994E-06 
-4.03994E-06 
-4.03994E-06 
-4.03994E-06 
-4.03994E-06 
-4.03994E-06 
-4.03994E-06 
-4.03994E-06 
-4.03994E-06 
-4.03994E-06 
-4.03994E-06 
-4.03994E-06 
-4.03994E-06 
-4.03994E-06 
-4.03994E-06 
-4.03994E-06 
-4.03994E-06 
-4.03994E-06 
-4.03994E-06 
-4.03994E-06 
-4.03994E-06 
-4.03994E-06 
-4.03994E-06 
-4.03994E-06 
-4.03994E-06 
-7.62054E-06 
-7.62054E-06 
-7.62054E-06 
-7.62054E-06 
-7.62054E-06 
-7.62054E-06 
-7.62054E-06 
-7.62054E-06 
-7.62054E-06 
-7.62054E-06 
-7.62054E-06 
-7.62054E-06 
-7.62054E-06 
-7.62054E-06 
-7.62054E-06 
-7.62054E-06 
-7.62054E-06 
-7.62054E-06 
-7.62054E-06 
-7.62054E-06 
-7.62054E-06 
-7.62054E-06 
-7.62054E-06 
-7.62054E-06 
-7.62054E-06 
-7.62054E-06 
-1.38410E-05 
-1.38410E-05 
-1.38410E-05 
-1.38410E-05 
-1.38410E-05 
-1.38410E-05 
-1.38410E-05 
-1.38410E-05 
-1.38410E-05 
-1.38410E-05 
-1.38410E-05 
-1.38410E-05 
-1.38410E-05 
-1.38410E-05 
-1.38410E-05 
-1.38410E-05 
-1.38410E-05 
-1.38410E-05 
-1.38410E-05 
-1.38410E-05 
-1.38410E-05 
-1.38410E-05 
-1.38410E-05 
-1.38410E-05 
-1.38410E-05 
-1.38410E-05 
-2.41670E-05 
-2.41670E-05 
-2.41670E-05 
-2.41670E-05 
-2.41670E-05 
-2.41670E-05 
-2.41670E-05 
-2.41670E-05 
-2.41670E-05 
-2.41670E-05 
-2.41670E-05 
-2.41670E-05 
-2.41670E-05 
-2.41670E-05 
-2.41670E-05 
-2.41670E-05 
-2.41670E-05 
-2.41670E-05 
-2.41670E-05 
-2.41670E-05 
-2.41670E-05 
-2.41670E-05 
-2.41670E-05 
-2.41670E-05 
-2.41670E-05 
-2.41670E-05 
-4.05157E-05 
-4.05157E-05 
-4.05157E-05 
-4.05157E-05 
-4.05157E-05 
-4.05157E-05 
-4.05157E-05 
-4.05157E-05 
-4.05157E-05 
-4.05157E-05 
-4.05157E-05 
-4.05157E-05 
-4.05157E-05 
-4.05157E-05 
-4.05157E-05 
-4.05157E-05 
-4.05157E-05 
-4.05157E-05 
-4.05157E-05 
-4.05157E-05 
-4.05157E-05 
-4.05157E-05 
-4.05157E-05 
-4.05157E-05 
-4.05157E-05 
-4.05157E-05 
-6.51546E-05 
-6.51546E-05 
-6.51546E-05 
-6.51546E-05 
-6.51546E-05 
-6.51546E-05 
-6.51546E-05 
-6.51546E-05 
-6.51546E-05 
-6.51546E-05 
-6.51546E-05 
-6.51546E-05 
-6.51546E-05 
-6.51546E-05 
-6.51546E-05 
-6.51546E-05 
-6.51546E-05 
-6.51546E-05 
-6.51546E-05 
-6.51546E-05 
-6.51546E-05 
-6.51546E-05 
-6.51546E-05 
-6.51546E-05 
-6.51546E-05 
-6.51546E-05 
-1.00404E-04 
-1.00404E-04 
-1.00404E-04 
-1.00404E-04 
-1.00404E-04 
-1.00404E-04 
-1.00404E-04 
-1.00404E-04 
-1.00404E-04 
-1.00404E-04 
-1.00404E-04 
-1.00404E-04 
-1.00404E-04 
-1.00404E-04 
-1.00404E-04 
-1.00404E-04 
-1.00404E-04 
-1.00404E-04 
-1.00404E-04 
-1.00404E-04 
-1.00404E-04 
-1.00404E-04 
-1.00404E-04 
-1.00404E-04 
-1.00404E-04 
-1.00404E-04 
-1.48107E-04 
-1.48107E-04 
-1.48107E-04 
-1.48107E-04 
-1.48107E-04 
-1.48107E-04 
-1.48107E-04 
-1.48107E-04 
-1.48107E-04 
-1.48107E-04 
-1.48107E-04 
-1.48107E-04 
-1.48107E-04 
-1.48107E-04 
-1.48107E-04 
-1.48107E-04 
-1.48107E-04 
-1.48107E-04 
-1.48107E-04 
-1.48107E-04 
-1.48107E-04 
-1.48107E-04 
-1.48107E-04 
-1.48107E-04 
-1.48107E-04 
-1.48107E-04 
-2.08446E-04 
-2.08446E-04 
-2.08446E-04 
-2.08446E-04 
-2.08446E-04 
-2.08446E-04 
-2.08446E-04 
-2.08446E-04 
-2.08446E-04 
-2.08446E-04 
-2.08446E-04 
-2.08446E-04 
-2.08446E-04 
-2.08446E-04 
-2.08446E-04 
-2.08446E-04 
-2.08446E-04 
-2.08446E-04 
-2.08446E-04 
-2.08446E-04 
-2.08446E-04 
-2.08446E-04 
-2.08446E-04 
-2.08446E-04 
-2.08446E-04 
-2.08446E-04 
-2.80253E-04 
-2.80253E-04 
-2.80253E-04 
-2.80253E-04 
-2.80253E-04 
-2.80253E-04 
-2.80253E-04 
-2.80253E-04 
-2.80253E-04 
-2.80253E-04 
-2.80253E-04 
-2.80253E-04 
-2.80253E-04 
-2.80253E-04 
-2.80253E-04 
-2.80253E-04 
-2.80253E-04 
-2.80253E-04 
-2.80253E-04 
-2.80253E-04 
-2.80253E-04 
-2.80253E-04 
-2.80253E-04 
-2.80253E-04 
-2.80253E-04 
-2.80253E-04 
-3.57077E-04 
-3.57077E-04 
-3.57077E-04 
-3.57077E-04 
-3.57077E-04 
-3.57077E-04 
-3.57077E-04 
-3.57077E-04 
-3.57077E-04 
-3.57077E-04 
-3.57077E-04 
-3.57077E-04 
-3.57077E-04 
-3.57077E-04 
-3.57077E-04 
-3.57077E-04 
-3.57077E-04 
-3.57077E-04 
-3.57077E-04 
-3.57077E-04 
-3.57077E-04 
-3.57077E-04 
-3.57077E-04 
-3.57077E-04 
-3.57077E-04 
-3.57077E-04 
-4.27562E-04 
-4.27562E-04 
-4.27562E-04 
-4.27562E-04 
-4.27562E-04 
-4.27562E-04 
-4.27562E-04 
-4.27562E-04 
-4.27562E-04 
-4.27562E-04 
-4.27562E-04 
-4.27562E-04 
-4.27562E-04 
-4.27562E-04 
-4.27562E-04 
-4.27562E-04 
-4.27562E-04 
-4.27562E-04 
-4.27562E-04 
-4.27562E-04 
-4.27562E-04 
-4.27562E-04 
-4.27562E-04 
-4.27562E-04 
-4.27562E-04 
-4.27562E-04 
-4.72331E-04 
-4.72331E-04 
-4.72331E-04 
-4.72331E-04 
-4.72331E-04 
-4.72331E-04 
-4.72331E-04 
-4.72331E-04 
-4.72331E-04 
-4.72331E-04 
-4.72331E-04 
-4.72331E-04 
-4.72331E-04 
-4.72331E-04 
-4.72331E-04 
-4.72331E-04 
-4.72331E-04 
-4.72331E-04 
-4.72331E-04 
-4.72331E-04 
-4.72331E-04 
-4.72331E-04 
-4.72331E-04 
-4.72331E-04 
-4.72331E-04 
-4.72331E-04 
-4.61719E-04 
-4.61719E-04 
-4.61719E-04 
-4.61719E-04 
-4.61719E-04 
-4.61719E-04 
-4.61719E-04 
-4.61719E-04 
-4.61719E-04 
-4.61719E-04 
-4.61719E-04 
-4.61719E-04 
-4.61719E-04 
-4.61719E-04 
-4.61719E-04 
-4.61719E-04 
-4.61719E-04 
-4.61719E-04 
-4.61719E-04 
-4.61719E-04 
-4.61719E-04 
-4.61719E-04 
-4.61719E-04 
-4.61719E-04 
-4.61719E-04 
-4.61719E-04 
-3.53035E-04 
-3.53035E-04 
-3.53035E-04 
-3.53035E-04 
-3.53035E-04 
-3.53035E-04 
-3.53035E-04 
-3.53035E-04 
-3.53035E-04 
-3.53035E-04 
-3.53035E-04 
-3.53035E-04 
-3.53035E-04 
-3.53035E-04 
-3.53035E-04 
-3.53035E-04 
-3.53035E-04 
-3.53035E-04 
-3.53035E-04 
-3.53035E-04 
-3.53035E-04 
-3.53035E-04 
-3.53035E-04 
-3.53035E-04 
-3.53035E-04 
-3.53035E-04 
-9.11489E-05 
-9.11489E-05 
-9.11489E-05 
-9.11489E-05 
-9.11489E-05 
-9.11489E-05 
-9.11489E-05 
-9.11489E-05 
-9.11489E-05 
-9.11489E-05 
-9.11489E-05 
-9.11489E-05 
-9.11489E-05 
-9.11489E-05 
-9.11489E-05 
-9.11489E-05 
-9.11489E-05 
-9.11489E-05 
-9.11489E-05 
-9.11489E-05 
-9.11489E-05 
-9.11489E-05 
-9.11489E-05 
-9.11489E-05 
-9.11489E-05 
-9.11489E-05 
4.06117E-04 
4.06117E-04 
4.06117E-04 
4.06117E-04 
4.06117E-04 
4.06117E-04 
4.06117E-04 
4.06117E-04 
4.06117E-04 
4.06117E-04 
4.06117E-04 
4.06117E-04 
4.06117E-04 
4.06117E-04 
4.06117E-04 
4.06117E-04 
4.06117E-04 
4.06117E-04 
4.06117E-04 
4.06117E-04 
4.06117E-04 
4.06117E-04 
4.06117E-04 
4.06117E-04 
4.06117E-04 
4.06117E-04 
1.23243E-03 
1.23243E-03 
1.23243E-03 
1.23243E-03 
1.23243E-03 
1.23243E-03 
1.23243E-03 
1.23243E-03 
1.23243E-03 
1.23243E-03 
1.23243E-03 
1.23243E-03 
1.23243E-03 
1.23243E-03 
1.23243E-03 
1.23243E-03 
1.23243E-03 
1.23243E-03 
1.23243E-03 
1.23243E-03 
1.23243E-03 
1.23243E-03 
1.23243E-03 
1.23243E-03 
1.23243E-03 
1.23243E-03 
2.51204E-03 
2.51204E-03 
2.51204E-03 
2.51204E-03 
2.51204E-03 
2.51204E-03 
2.51204E-03 
2.51204E-03 
2.51204E-03 
2.51204E-03 
2.51204E-03 
2.51204E-03 
2.51204E-03 
2.51204E-03 
2.51204E-03 
2.51204E-03 
2.51204E-03 
2.51204E-03 
2.51204E-03 
2.51204E-03 
2.51204E-03 
2.51204E-03 
2.51204E-03 
2.51204E-03 
2.51204E-03 
2.51204E-03 
4.39383E-03 
4.39383E-03 
4.39383E-03 
4.39383E-03 
4.39383E-03 
4.39383E-03 
4.39383E-03 
4.39383E-03 
4.39383E-03 
4.39383E-03 
4.39383E-03 
4.39383E-03 
4.39383E-03 
4.39383E-03 
4.39383E-03 
4.39383E-03 
4.39383E-03 
4.39383E-03 
4.39383E-03 
4.39383E-03 
4.39383E-03 
4.39383E-03 
4.39383E-03 
4.39383E-03 
4.39383E-03 
4.39383E-03 
7.06491E-03 
7.06491E-03 
7.06491E-03 
7.06491E-03 
7.06491E-03 
7.06491E-03 
7.06491E-03 
7.06491E-03 
7.06491E-03 
7.06491E-03 
7.06491E-03 
7.06491E-03 
7.06491E-03 
7.06491E-03 
7.06491E-03 
7.06491E-03 
7.06491E-03 
7.06491E-03 
7.06491E-03 
7.06491E-03 
7.06491E-03 
7.06491E-03 
7.06491E-03 
7.06491E-03 
7.06491E-03 
7.06491E-03 
1.07409E-02 
1.07409E-02 
1.07409E-02 
1.07409E-02 
1.07409E-02 
1.07409E-02 
1.07409E-02 
1.07409E-02 
1.07409E-02 
1.07409E-02 
1.07409E-02 
1.07409E-02 
1.07409E-02 
1.07409E-02 
1.07409E-02 
1.07409E-02 
1.07409E-02 
1.07409E-02 
1.07409E-02 
1.07409E-02 
1.07409E-02 
1.07409E-02 
1.07409E-02 
1.07409E-02 
1.07409E-02 
1.07409E-02 
1.56775E-02 
1.56775E-02 
1.56775E-02 
1.56775E-02 
1.56775E-02 
1.56775E-02 
1.56775E-02 
1.56775E-02 
1.56775E-02 
1.56775E-02 
1.56775E-02 
1.56775E-02 
1.56775E-02 
1.56775E-02 
1.56775E-02 
1.56775E-02 
1.56775E-02 
1.56775E-02 
1.56775E-02 
1.56775E-02 
1.56775E-02 
1.56775E-02 
1.56775E-02 
1.56775E-02 
1.56775E-02 
1.56775E-02 
2.21772E-02 
2.21772E-02 
2.21772E-02 
2.21772E-02 
2.21772E-02 
2.21772E-02 
2.21772E-02 
2.21772E-02 
2.21772E-02 
2.21772E-02 
2.21772E-02 
2.21772E-02 
2.21772E-02 
2.21772E-02 
2.21772E-02 
2.21772E-02 
2.21772E-02 
2.21772E-02 
2.21772E-02 
2.21772E-02 
2.21772E-02 
2.21772E-02 
2.21772E-02 
2.21772E-02 
2.21772E-02 
2.21772E-02 
3.05707E-02 
3.05707E-02 
3.05707E-02 
3.05707E-02 
3.05707E-02 
3.05707E-02 
3.05707E-02 
3.05707E-02 
3.05707E-02 
3.05707E-02 
3.05707E-02 
3.05707E-02 
3.05707E-02 
3.05707E-02 
3.05707E-02 
3.05707E-02 
3.05707E-02 
3.05707E-02 
3.05707E-02 
3.05707E-02 
3.05707E-02 
3.05707E-02 
3.05707E-02 
3.05707E-02 
3.05707E-02 
3.05707E-02 
4.12776E-02 
4.12776E-02 
4.12776E-02 
4.12776E-02 
4.12776E-02 
4.12776E-02 
4.12776E-02 
4.12776E-02 
4.12776E-02 
4.12776E-02 
4.12776E-02 
4.12776E-02 
4.12776E-02 
4.12776E-02 
4.12776E-02 
4.12776E-02 
4.12776E-02 
4.12776E-02 
4.12776E-02 
4.12776E-02 
4.12776E-02 
4.12776E-02 
4.12776E-02 
4.12776E-02 
4.12776E-02 
4.12776E-02 
5.45981E-02 
5.45981E-02 
5.45981E-02 
5.45981E-02 
5.45981E-02 
5.45981E-02 
5.45981E-02 
5.45981E-02 
5.45981E-02 
5.45981E-02 
5.45981E-02 
5.45981E-02 
5.45981E-02 
5.45981E-02 
5.45981E-02 
5.45981E-02 
5.45981E-02 
5.45981E-02 
5.45981E-02 
5.45981E-02 
5.45981E-02 
5.45981E-02 
5.45981E-02 
5.45981E-02 
5.45981E-02 
5.45981E-02 
7.12564E-02 
7.12564E-02 
7.12564E-02 
7.12564E-02 
7.12564E-02 
7.12564E-02 
7.12564E-02 
7.12564E-02 
7.12564E-02 
7.12564E-02 
7.12564E-02 
7.12564E-02 
7.12564E-02 
7.12564E-02 
7.12564E-02 
7.12564E-02 
7.12564E-02 
7.12564E-02 
7.12564E-02 
7.12564E-02 
7.12564E-02 
7.12564E-02 
7.12564E-02 
7.12564E-02 
7.12564E-02 
7.12564E-02 
9.16935E-02 
9.16935E-02 
9.16935E-02 
9.16935E-02 
9.16935E-02 
9.16935E-02 
9.16935E-02 
9.16935E-02 
9.16935E-02 
9.16935E-02 
9.16935E-02 
9.16935E-02 
9.16935E-02 
9.16935E-02 
9.16935E-02 
9.16935E-02 
9.16935E-02 
9.16935E-02 
9.16935E-02 
9.16935E-02 
9.16935E-02 
9.16935E-02 
9.16935E-02 
9.16935E-02 
9.16935E-02 
9.16935E-02 
1.16526E-01 
1.16526E-01 
1.16526E-01 
1.16526E-01 
1.16526E-01 
1.16526E-01 
1.16526E-01 
1.16526E-01 
1.16526E-01 
1.16526E-01 
1.16526E-01 
1.16526E-01 
1.16526E-01 
1.16526E-01 
1.16526E-01 
1.16526E-01 
1.16526E-01 
1.16526E-01 
1.16526E-01 
1.16526E-01 
1.16526E-01 
1.16526E-01 
1.16526E-01 
1.16526E-01 
1.16526E-01 
1.16526E-01 
1.46434E-01 
1.46434E-01 
1.46434E-01 
1.46434E-01 
1.46434E-01 
1.46434E-01 
1.46434E-01 
1.46434E-01 
1.46434E-01 
1.46434E-01 
1.46434E-01 
1.46434E-01 
1.46434E-01 
1.46434E-01 
1.46434E-01 
1.46434E-01 
1.46434E-01 
1.46434E-01 
1.46434E-01 
1.46434E-01 
1.46434E-01 
1.46434E-01 
1.46434E-01 
1.46434E-01 
1.46434E-01 
1.46434E-01 
1.82166E-01 
1.82166E-01 
1.82166E-01 
1.82166E-01 
1.82166E-01 
1.82166E-01 
1.82166E-01 
1.82166E-01 
1.82166E-01 
1.82166E-01 
1.82166E-01 
1.82166E-01 
1.82166E-01 
1.82166E-01 
1.82166E-01 
1.82166E-01 
1.82166E-01 
1.82166E-01 
1.82166E-01 
1.82166E-01 
1.82166E-01 
1.82166E-01 
1.82166E-01 
1.82166E-01 
1.82166E-01 
1.82166E-01 
2.24544E-01 
2.24544E-01 
2.24544E-01 
2.24544E-01 
2.24544E-01 
2.24544E-01 
2.24544E-01 
2.24544E-01 
2.24544E-01 
2.24544E-01 
2.24544E-01 
2.24544E-01 
2.24544E-01 
2.24544E-01 
2.24544E-01 
2.24544E-01 
2.24544E-01 
2.24544E-01 
2.24544E-01 
2.24544E-01 
2.24544E-01 
2.24544E-01 
2.24544E-01 
2.24544E-01 
2.24544E-01 
2.24544E-01 
2.74458E-01 
2.74458E-01 
2.74458E-01 
2.74458E-01 
2.74458E-01 
2.74458E-01 
2.74458E-01 
2.74458E-01 
2.74458E-01 
2.74458E-01 
2.74458E-01 
2.74458E-01 
2.74458E-01 
2.74458E-01 
2.74458E-01 
2.74458E-01 
2.74458E-01 
2.74458E-01 
2.74458E-01 
2.74458E-01 
2.74458E-01 
2.74458E-01 
2.74458E-01 
2.74458E-01 
2.74458E-01 
2.74458E-01 
3.32885E-01 
3.32885E-01 
3.32885E-01 
3.32885E-01 
3.32885E-01 
3.32885E-01 
3.32885E-01 
3.32885E-01 
3.32885E-01 
3.32885E-01 
3.32885E-01 
3.32885E-01 
3.32885E-01 
3.32885E-01 
3.32885E-01 
3.32885E-01 
3.32885E-01 
3.32885E-01 
3.32885E-01 
3.32885E-01 
3.32885E-01 
3.32885E-01 
3.32885E-01 
3.32885E-01 
3.32885E-01 
3.32885E-01 
4.01022E-01 
4.01022E-01 
4.01022E-01 
4.01022E-01 
4.01022E-01 
4.01022E-01 
4.01022E-01 
4.01022E-01 
4.01022E-01 
4.01022E-01 
4.01022E-01 
4.01022E-01 
4.01022E-01 
4.01022E-01 
4.01022E-01 
4.01022E-01 
4.01022E-01 
4.01022E-01 
4.01022E-01 
4.01022E-01 
4.01022E-01 
4.01022E-01 
4.01022E-01 
4.01022E-01 
4.01022E-01 
4.01022E-01 
4.79319E-01 
4.79319E-01 
4.79319E-01 
4.79319E-01 
4.79319E-01 
4.79319E-01 
4.79319E-01 
4.79319E-01 
4.79319E-01 
4.79319E-01 
4.79319E-01 
4.79319E-01 
4.79319E-01 
4.79319E-01 
4.79319E-01 
4.79319E-01 
4.79319E-01 
4.79319E-01 
4.79319E-01 
4.79319E-01 
4.79319E-01 
4.79319E-01 
4.79319E-01 
4.79319E-01 
4.79319E-01 
4.79319E-01 
5.70010E-01 
5.70010E-01 
5.70010E-01 
5.70010E-01 
5.70010E-01 
5.70010E-01 
5.70010E-01 
5.70010E-01 
5.70010E-01 
5.70010E-01 
5.70010E-01 
5.70010E-01 
5.70010E-01 
5.70010E-01 
5.70010E-01 
5.70010E-01 
5.70010E-01 
5.70010E-01 
5.70010E-01 
5.70010E-01 
5.70010E-01 
5.70010E-01 
5.70010E-01 
5.70010E-01 
5.70010E-01 
5.70010E-01 
6.73896E-01 
6.73896E-01 
6.73896E-01 
6.73896E-01 
6.73896E-01 
6.73896E-01 
6.73896E-01 
6.73896E-01 
6.73896E-01 
6.73896E-01 
6.73896E-01 
6.73896E-01 
6.73896E-01 
6.73896E-01 
6.73896E-01 
6.73896E-01 
6.73896E-01 
6.73896E-01 
6.73896E-01 
6.73896E-01 
6.73896E-01 
6.73896E-01 
6.73896E-01 
6.73896E-01 
6.73896E-01 
6.73896E-01 
7.92396E-01 
7.92396E-01 
7.92396E-01 
7.92396E-01 
7.92396E-01 
7.92396E-01 
7.92396E-01 
7.92396E-01 
7.92396E-01 
7.92396E-01 
7.92396E-01 
7.92396E-01 
7.92396E-01 
7.92396E-01 
7.92396E-01 
7.92396E-01 
7.92396E-01 
7.92396E-01 
7.92396E-01 
7.92396E-01 
7.92396E-01 
7.92396E-01 
7.92396E-01 
7.92396E-01 
7.92396E-01 
7.92396E-01 
9.26998E-01 
9.26998E-01 
9.26998E-01 
9.26998E-01 
9.26998E-01 
9.26998E-01 
9.26998E-01 
9.26998E-01 
9.26998E-01 
9.26998E-01 
9.26998E-01 
9.26998E-01 
9.26998E-01 
9.26998E-01 
9.26998E-01 
9.26998E-01 
9.26998E-01 
9.26998E-01 
9.26998E-01 
9.26998E-01 
9.26998E-01 
9.26998E-01 
9.26998E-01 
9.26998E-01 
9.26998E-01 
9.26998E-01 
1.07932E+00 
1.07932E+00 
1.07932E+00 
1.07932E+00 
1.07932E+00 
1.07932E+00 
1.07932E+00 
1.07932E+00 
1.07932E+00 
1.07932E+00 
1.07932E+00 
1.07932E+00 
1.07932E+00 
1.07932E+00 
1.07932E+00 
1.07932E+00 
1.07932E+00 
1.07932E+00 
1.07932E+00 
1.07932E+00 
1.07932E+00 
1.07932E+00 
1.07932E+00 
1.07932E+00 
1.07932E+00 
1.07932E+00 
1.25099E+00 
1.25099E+00 
1.25099E+00 
1.25099E+00 
1.25099E+00 
1.25099E+00 
1.25099E+00 
1.25099E+00 
1.25099E+00 
1.25099E+00 
1.25099E+00 
1.25099E+00 
1.25099E+00 
1.25099E+00 
1.25099E+00 
1.25099E+00 
1.25099E+00 
1.25099E+00 
1.25099E+00 
1.25099E+00 
1.25099E+00 
1.25099E+00 
1.25099E+00 
1.25099E+00 
1.25099E+00 
1.25099E+00 
1.44441E+00 
1.44441E+00 
1.44441E+00 
1.44441E+00 
1.44441E+00 
1.44441E+00 
1.44441E+00 
1.44441E+00 
1.44441E+00 
1.44441E+00 
1.44441E+00 
1.44441E+00 
1.44441E+00 
1.44441E+00 
1.44441E+00 
1.44441E+00 
1.44441E+00 
1.44441E+00 
1.44441E+00 
1.44441E+00 
1.44441E+00 
1.44441E+00 
1.44441E+00 
1.44441E+00 
1.44441E+00 
1.44441E+00 
1.66027E+00 
1.66027E+00 
1.66027E+00 
1.66027E+00 
1.66027E+00 
1.66027E+00 
1.66027E+00 
1.66027E+00 
1.66027E+00 
1.66027E+00 
1.66027E+00 
1.66027E+00 
1.66027E+00 
1.66027E+00 
1.66027E+00 
1.66027E+00 
1.66027E+00 
1.66027E+00 
1.66027E+00 
1.66027E+00 
1.66027E+00 
1.66027E+00 
1.66027E+00 
1.66027E+00 
1.66027E+00 
1.66027E+00 
1.90136E+00 
1.90136E+00 
1.90136E+00 
1.90136E+00 
1.90136E+00 
1.90136E+00 
1.90136E+00 
1.90136E+00 
1.90136E+00 
1.90136E+00 
1.90136E+00 
1.90136E+00 
1.90136E+00 
1.90136E+00 
1.90136E+00 
1.90136E+00 
1.90136E+00 
1.90136E+00 
1.90136E+00 
1.90136E+00 
1.90136E+00 
1.90136E+00 
1.90136E+00 
1.90136E+00 
1.90136E+00 
1.90136E+00 
2.16976E+00 
2.16976E+00 
2.16976E+00 
2.16976E+00 
2.16976E+00 
2.16976E+00 
2.16976E+00 
2.16976E+00 
2.16976E+00 
2.16976E+00 
2.16976E+00 
2.16976E+00 
2.16976E+00 
2.16976E+00 
2.16976E+00 
2.16976E+00 
2.16976E+00 
2.16976E+00 
2.16976E+00 
2.16976E+00 
2.16976E+00 
2.16976E+00 
2.16976E+00 
2.16976E+00 
2.16976E+00 
2.16976E+00 
2.46773E+00 
2.46773E+00 
2.46773E+00 
2.46773E+00 
2.46773E+00 
2.46773E+00 
2.46773E+00 
2.46773E+00 
2.46773E+00 
2.46773E+00 
2.46773E+00 
2.46773E+00 
2.46773E+00 
2.46773E+00 
2.46773E+00 
2.46773E+00 
2.46773E+00 
2.46773E+00 
2.46773E+00 
2.46773E+00 
2.46773E+00 
2.46773E+00 
2.46773E+00 
2.46773E+00 
2.46773E+00 
2.46773E+00 
2.79756E+00 
2.79756E+00 
2.79756E+00 
2.79756E+00 
2.79756E+00 
2.79756E+00 
2.79756E+00 
2.79756E+00 
2.79756E+00 
2.79756E+00 
2.79756E+00 
2.79756E+00 
2.79756E+00 
2.79756E+00 
2.79756E+00 
2.79756E+00 
2.79756E+00 
2.79756E+00 
2.79756E+00 
2.79756E+00 
2.79756E+00 
2.79756E+00 
2.79756E+00 
2.79756E+00 
2.79756E+00 
2.79756E+00 
3.16175E+00 
3.16175E+00 
3.16175E+00 
3.16175E+00 
3.16175E+00 
3.16175E+00 
3.16175E+00 
3.16175E+00 
3.16175E+00 
3.16175E+00 
3.16175E+00 
3.16175E+00 
3.16175E+00 
3.16175E+00 
3.16175E+00 
3.16175E+00 
3.16175E+00 
3.16175E+00 
3.16175E+00 
3.16175E+00 
3.16175E+00 
3.16175E+00 
3.16175E+00 
3.16175E+00 
3.16175E+00 
3.16175E+00 
3.56299E+00 
3.56299E+00 
3.56299E+00 
3.56299E+00 
3.56299E+00 
3.56299E+00 
3.56299E+00 
3.56299E+00 
3.56299E+00 
3.56299E+00 
3.56299E+00 
3.56299E+00 
3.56299E+00 
3.56299E+00 
3.56299E+00 
3.56299E+00 
3.56299E+00 
3.56299E+00 
3.56299E+00 
3.56299E+00 
3.56299E+00 
3.56299E+00 
3.56299E+00 
3.56299E+00 
3.56299E+00 
3.56299E+00 
4.00368E+00 
4.00368E+00 
4.00368E+00 
4.00368E+00 
4.00368E+00 
4.00368E+00 
4.00368E+00 
4.00368E+00 
4.00368E+00 
4.00368E+00 
4.00368E+00 
4.00368E+00 
4.00368E+00 
4.00368E+00 
4.00368E+00 
4.00368E+00 
4.00368E+00 
4.00368E+00 
4.00368E+00 
4.00368E+00 
4.00368E+00 
4.00368E+00 
4.00368E+00 
4.00368E+00 
4.00368E+00 
4.00368E+00 
---
