PdfType: replica
Format: lhagrid1
---
1.00000E-06 1.28121E-06 1.64152E-06 2.10317E-06 2.69463E-06 3.45242E-06 4.42329E-06 5.66715E-06 7.26076E-06 9.30241E-06 1.19180E-05 1.52689E-05 1.95617E-05 2.50609E-05 3.21053E-05 4.11287E-05 5.26863E-05 6.74889E-05 8.64459E-05 1.10720E-04 1.41800E-04 1.81585E-04 2.32503E-04 2.97652E-04 3.80981E-04 4.87518E-04 6.26039E-04 8.00452E-04 1.02297E-03 1.30657E-03 1.66759E-03 2.12729E-03 2.71054E-03 3.44865E-03 4.37927E-03 5.54908E-03 7.01192E-03 8.83064E-03 1.10763E-02 1.38266E-02 1.71641E-02 2.11717E-02 2.59364E-02 3.15062E-02 3.79623E-02 4.53425E-02 5.36750E-02 6.29705E-02 7.32221E-02 8.44039E-02 9.64793E-02 1.09332E-01 1.23067E-01 1.37507E-01 1.52639E-01 1.68416E-01 1.84794E-01 2.01731E-01 2.19016E-01 2.36948E-01 2.55242E-01 2.73927E-01 2.92954E-01 3.12340E-01 3.32036E-01 3.52019E-01 3.72282E-01 3.92772E-01 4.13533E-01 4.34326E-01 4.55495E-01 4.76836E-01 4.98342E-01 5.20006E-01 5.41818E-01 5.63773E-01 5.85861E-01 6.08077E-01 6.30459E-01 6.52800E-01 6.75387E-01 6.98063E-01 7.20830E-01 7.43683E-01 7.66623E-01 7.89636E-01 8.12791E-01 8.35940E-01 8.59175E-01 8.82485E-01 9.05866E-01 9.29311E-01 9.52817E-01 9.76387E-01 1.00000E+00 
1.14018E+00 1.22539E+00 1.32482E+00 1.44156E+00 1.57954E+00 1.74381E+00 1.94091E+00 2.12132E+00 2.17945E+00 2.49622E+00 2.89383E+00 3.39925E+00 4.05063E+00 4.90286E+00 6.03623E+00 7.57063E+00 9.68869E+00 1.26749E+01 1.69835E+01 2.33578E+01 3.30501E+01 4.82334E+01 7.28041E+01 1.13998E+02 1.85779E+02 3.16228E+02 
908
-4.46135E-13 
-4.46135E-13 
-4.46135E-13 
-4.46135E-13 
-4.46135E-13 
-4.46135E-13 
-4.46135E-13 
-4.46135E-13 
-4.46135E-13 
-4.46135E-13 
-4.46135E-13 
-4.46135E-13 
-4.46135E-13 
-4.46135E-13 
-4.46135E-13 
-4.46135E-13 
-4.46135E-13 
-4.46135E-13 
-4.46135E-13 
-4.46135E-13 
-4.46135E-13 
-4.46135E-13 
-4.46135E-13 
-4.46135E-13 
-4.46135E-13 
-4.46135E-13 
-7.48912E-13 
-7.48912E-13 
-7.48912E-13 
-7.48912E-13 
-7.48912E-13 
-7.48912E-13 
-7.48912E-13 
-7.48912E-13 
-7.48912E-13 
-7.48912E-13 
-7.48912E-13 
-7.48912E-13 
-7.48912E-13 
-7.48912E-13 
-7.48912E-13 
-7.48912E-13 
-7.48912E-13 
-7.48912E-13 
-7.48912E-13 
-7.48912E-13 
-7.48912E-13 
-7.48912E-13 
-7.48912E-13 
-7.48912E-13 
-7.48912E-13 
-7.48912E-13 
-1.25721E-12 
-1.25721E-12 
-1.25721E-12 
-1.25721E-12 
-1.25721E-12 
-1.25721E-12 
-1.25721E-12 
-1.25721E-12 
-1.25721E-12 
-1.25721E-12 
-1.25721E-12 
-1.25721E-12 
-1.25721E-12 
-1.25721E-12 
-1.25721E-12 
-1.25721E-12 
-1.25721E-12 
-1.25721E-12 
-1.25721E-12 
-1.25721E-12 
-1.25721E-12 
-1.25721E-12 
-1.25721E-12 
-1.25721E-12 
-1.25721E-12 
-1.25721E-12 
-2.11051E-12 
-2.11051E-12 
-2.11051E-12 
-2.11051E-12 
-2.11051E-12 
-2.11051E-12 
-2.11051E-12 
-2.11051E-12 
-2.11051E-12 
-2.11051E-12 
-2.11051E-12 
-2.11051E-12 
-2.11051E-12 
-2.11051E-12 
-2.11051E-12 
-2.11051E-12 
-2.11051E-12 
-2.11051E-12 
-2.11051E-12 
-2.11051E-12 
-2.11051E-12 
-2.11051E-12 
-2.11051E-12 
-2.11051E-12 
-2.11051E-12 
-2.11051E-12 
-3.54292E-12 
-3.54292E-12 
-3.54292E-12 
-3.54292E-12 
-3.54292E-12 
-3.54292E-12 
-3.54292E-12 
-3.54292E-12 
-3.54292E-12 
-3.54292E-12 
-3.54292E-12 
-3.54292E-12 
-3.54292E-12 
-3.54292E-12 
-3.54292E-12 
-3.54292E-12 
-3.54292E-12 
-3.54292E-12 
-3.54292E-12 
-3.54292E-12 
-3.54292E-12 
-3.54292E-12 
-3.54292E-12 
-3.54292E-12 
-3.54292E-12 
-3.54292E-12 
-5.94750E-12 
-5.94750E-12 
-5.94750E-12 
-5.94750E-12 
-5.94750E-12 
-5.94750E-12 
-5.94750E-12 
-5.94750E-12 
-5.94750E-12 
-5.94750E-12 
-5.94750E-12 
-5.94750E-12 
-5.94750E-12 
-5.94750E-12 
-5.94750E-12 
-5.94750E-12 
-5.94750E-12 
-5.94750E-12 
-5.94750E-12 
-5.94750E-12 
-5.94750E-12 
-5.94750E-12 
-5.94750E-12 
-5.94750E-12 
-5.94750E-12 
-5.94750E-12 
-9.98394E-12 
-9.98394E-12 
-9.98394E-12 
-9.98394E-12 
-9.98394E-12 
-9.98394E-12 
-9.98394E-12 
-9.98394E-12 
-9.98394E-12 
-9.98394E-12 
-9.98394E-12 
-9.98394E-12 
-9.98394E-12 
-9.98394E-12 
-9.98394E-12 
-9.98394E-12 
-9.98394E-12 
-9.98394E-12 
-9.98394E-12 
-9.98394E-12 
-9.98394E-12 
-9.98394E-12 
-9.98394E-12 
-9.98394E-12 
-9.98394E-12 
-9.98394E-12 
-1.67596E-11 
-1.67596E-11 
-1.67596E-11 
-1.67596E-11 
-1.67596E-11 
-1.67596E-11 
-1.67596E-11 
-1.67596E-11 
-1.67596E-11 
-1.67596E-11 
-1.67596E-11 
-1.67596E-11 
-1.67596E-11 
-1.67596E-11 
-1.67596E-11 
-1.67596E-11 
-1.67596E-11 
-1.67596E-11 
-1.67596E-11 
-1.67596E-11 
-1.67596E-11 
-1.67596E-11 
-1.67596E-11 
-1.67596E-11 
-1.67596E-11 
-1.67596E-11 
-2.81333E-11 
-2.81333E-11 
-2.81333E-11 
-2.81333E-11 
-2.81333E-11 
-2.81333E-11 
-2.81333E-11 
-2.81333E-11 
-2.81333E-11 
-2.81333E-11 
-2.81333E-11 
-2.81333E-11 
-2.81333E-11 
-2.81333E-11 
-2.81333E-11 
-2.81333E-11 
-2.81333E-11 
-2.81333E-11 
-2.81333E-11 
-2.81333E-11 
-2.81333E-11 
-2.81333E-11 
-2.81333E-11 
-2.81333E-11 
-2.81333E-11 
-2.81333E-11 
-4.72246E-11 
-4.72246E-11 
-4.72246E-11 
-4.72246E-11 
-4.72246E-11 
-4.72246E-11 
-4.72246E-11 
-4.72246E-11 
-4.72246E-11 
-4.72246E-11 
-4.72246E-11 
-4.72246E-11 
-4.72246E-11 
-4.72246E-11 
-4.72246E-11 
-4.72246E-11 
-4.72246E-11 
-4.72246E-11 
-4.72246E-11 
-4.72246E-11 
-4.72246E-11 
-4.72246E-11 
-4.72246E-11 
-4.72246E-11 
-4.72246E-11 
-4.72246E-11 
-7.92692E-11 
-7.92692E-11 
-7.92692E-11 
-7.92692E-11 
-7.92692E-11 
-7.92692E-11 
-7.92692E-11 
-7.92692E-11 
-7.92692E-11 
-7.92692E-11 
-7.92692E-11 
-7.92692E-11 
-7.92692E-11 
-7.92692E-11 
-7.92692E-11 
-7.92692E-11 
-7.92692E-11 
-7.92692E-11 
-7.92692E-11 
-7.92692E-11 
-7.92692E-11 
-7.92692E-11 
-7.92692E-11 
-7.92692E-11 
-7.92692E-11 
-7.92692E-11 
-1.33055E-10 
-1.33055E-10 
-1.33055E-10 
-1.33055E-10 
-1.33055E-10 
-1.33055E-10 
-1.33055E-10 
-1.33055E-10 
-1.33055E-10 
-1.33055E-10 
-1.33055E-10 
-1.33055E-10 
-1.33055E-10 
-1.33055E-10 
-1.33055E-10 
-1.33055E-10 
-1.33055E-10 
-1.33055E-10 
-1.33055E-10 
-1.33055E-10 
-1.33055E-10 
-1.33055E-10 
-1.33055E-10 
-1.33055E-10 
-1.33055E-10 
-1.33055E-10 
-2.23330E-10 
-2.23330E-10 
-2.23330E-10 
-2.23330E-10 
-2.23330E-10 
-2.23330E-10 
-2.23330E-10 
-2.23330E-10 
-2.23330E-10 
-2.23330E-10 
-2.23330E-10 
-2.23330E-10 
-2.23330E-10 
-2.23330E-10 
-2.23330E-10 
-2.23330E-10 
-2.23330E-10 
-2.23330E-10 
-2.23330E-10 
-2.23330E-10 
-2.23330E-10 
-2.23330E-10 
-2.23330E-10 
-2.23330E-10 
-2.23330E-10 
-2.23330E-10 
-3.74837E-10 
-3.74837E-10 
-3.74837E-10 
-3.74837E-10 
-3.74837E-10 
-3.74837E-10 
-3.74837E-10 
-3.74837E-10 
-3.74837E-10 
-3.74837E-10 
-3.74837E-10 
-3.74837E-10 
-3.74837E-10 
-3.74837E-10 
-3.74837E-10 
-3.74837E-10 
-3.74837E-10 
-3.74837E-10 
-3.74837E-10 
-3.74837E-10 
-3.74837E-10 
-3.74837E-10 
-3.74837E-10 
-3.74837E-10 
-3.74837E-10 
-3.74837E-10 
-6.29093E-10 
-6.29093E-10 
-6.29093E-10 
-6.29093E-10 
-6.29093E-10 
-6.29093E-10 
-6.29093E-10 
-6.29093E-10 
-6.29093E-10 
-6.29093E-10 
-6.29093E-10 
-6.29093E-10 
-6.29093E-10 
-6.29093E-10 
-6.29093E-10 
-6.29093E-10 
-6.29093E-10 
-6.29093E-10 
-6.29093E-10 
-6.29093E-10 
-6.29093E-10 
-6.29093E-10 
-6.29093E-10 
-6.29093E-10 
-6.29093E-10 
-6.29093E-10 
-1.05575E-09 
-1.05575E-09 
-1.05575E-09 
-1.05575E-09 
-1.05575E-09 
-1.05575E-09 
-1.05575E-09 
-1.05575E-09 
-1.05575E-09 
-1.05575E-09 
-1.05575E-09 
-1.05575E-09 
-1.05575E-09 
-1.05575E-09 
-1.05575E-09 
-1.05575E-09 
-1.05575E-09 
-1.05575E-09 
-1.05575E-09 
-1.05575E-09 
-1.05575E-09 
-1.05575E-09 
-1.05575E-09 
-1.05575E-09 
-1.05575E-09 
-1.05575E-09 
-1.77162E-09 
-1.77162E-09 
-1.77162E-09 
-1.77162E-09 
-1.77162E-09 
-1.77162E-09 
-1.77162E-09 
-1.77162E-09 
-1.77162E-09 
-1.77162E-09 
-1.77162E-09 
-1.77162E-09 
-1.77162E-09 
-1.77162E-09 
-1.77162E-09 
-1.77162E-09 
-1.77162E-09 
-1.77162E-09 
-1.77162E-09 
-1.77162E-09 
-1.77162E-09 
-1.77162E-09 
-1.77162E-09 
-1.77162E-09 
-1.77162E-09 
-1.77162E-09 
-2.97261E-09 
-2.97261E-09 
-2.97261E-09 
-2.97261E-09 
-2.97261E-09 
-2.97261E-09 
-2.97261E-09 
-2.97261E-09 
-2.97261E-09 
-2.97261E-09 
-2.97261E-09 
-2.97261E-09 
-2.97261E-09 
-2.97261E-09 
-2.97261E-09 
-2.97261E-09 
-2.97261E-09 
-2.97261E-09 
-2.97261E-09 
-2.97261E-09 
-2.97261E-09 
-2.97261E-09 
-2.97261E-09 
-2.97261E-09 
-2.97261E-09 
-2.97261E-09 
-4.98717E-09 
-4.98717E-09 
-4.98717E-09 
-4.98717E-09 
-4.98717E-09 
-4.98717E-09 
-4.98717E-09 
-4.98717E-09 
-4.98717E-09 
-4.98717E-09 
-4.98717E-09 
-4.98717E-09 
-4.98717E-09 
-4.98717E-09 
-4.98717E-09 
-4.98717E-09 
-4.98717E-09 
-4.98717E-09 
-4.98717E-09 
-4.98717E-09 
-4.98717E-09 
-4.98717E-09 
-4.98717E-09 
-4.98717E-09 
-4.98717E-09 
-4.98717E-09 
-8.36566E-09 
-8.36566E-09 
-8.36566E-09 
-8.36566E-09 
-8.36566E-09 
-8.36566E-09 
-8.36566E-09 
-8.36566E-09 
-8.36566E-09 
-8.36566E-09 
-8.36566E-09 
-8.36566E-09 
-8.36566E-09 
-8.36566E-09 
-8.36566E-09 
-8.36566E-09 
-8.36566E-09 
-8.36566E-09 
-8.36566E-09 
-8.36566E-09 
-8.36566E-09 
-8.36566E-09 
-8.36566E-09 
-8.36566E-09 
-8.36566E-09 
-8.36566E-09 
-1.40305E-08 
-1.40305E-08 
-1.40305E-08 
-1.40305E-08 
-1.40305E-08 
-1.40305E-08 
-1.40305E-08 
-1.40305E-08 
-1.40305E-08 
-1.40305E-08 
-1.40305E-08 
-1.40305E-08 
-1.40305E-08 
-1.40305E-08 
-1.40305E-08 
-1.40305E-08 
-1.40305E-08 
-1.40305E-08 
-1.40305E-08 
-1.40305E-08 
-1.40305E-08 
-1.40305E-08 
-1.40305E-08 
-1.40305E-08 
-1.40305E-08 
-1.40305E-08 
-2.35253E-08 
-2.35253E-08 
-2.35253E-08 
-2.35253E-08 
-2.35253E-08 
-2.35253E-08 
-2.35253E-08 
-2.35253E-08 
-2.35253E-08 
-2.35253E-08 
-2.35253E-08 
-2.35253E-08 
-2.35253E-08 
-2.35253E-08 
-2.35253E-08 
-2.35253E-08 
-2.35253E-08 
-2.35253E-08 
-2.35253E-08 
-2.35253E-08 
-2.35253E-08 
-2.35253E-08 
-2.35253E-08 
-2.35253E-08 
-2.35253E-08 
-2.35253E-08 
-3.94340E-08 
-3.94340E-08 
-3.94340E-08 
-3.94340E-08 
-3.94340E-08 
-3.94340E-08 
-3.94340E-08 
-3.94340E-08 
-3.94340E-08 
-3.94340E-08 
-3.94340E-08 
-3.94340E-08 
-3.94340E-08 
-3.94340E-08 
-3.94340E-08 
-3.94340E-08 
-3.94340E-08 
-3.94340E-08 
-3.94340E-08 
-3.94340E-08 
-3.94340E-08 
-3.94340E-08 
-3.94340E-08 
-3.94340E-08 
-3.94340E-08 
-3.94340E-08 
-6.60764E-08 
-6.60764E-08 
-6.60764E-08 
-6.60764E-08 
-6.60764E-08 
-6.60764E-08 
-6.60764E-08 
-6.60764E-08 
-6.60764E-08 
-6.60764E-08 
-6.60764E-08 
-6.60764E-08 
-6.60764E-08 
-6.60764E-08 
-6.60764E-08 
-6.60764E-08 
-6.60764E-08 
-6.60764E-08 
-6.60764E-08 
-6.60764E-08 
-6.60764E-08 
-6.60764E-08 
-6.60764E-08 
-6.60764E-08 
-6.60764E-08 
-6.60764E-08 
-1.10668E-07 
-1.10668E-07 
-1.10668E-07 
-1.10668E-07 
-1.10668E-07 
-1.10668E-07 
-1.10668E-07 
-1.10668E-07 
-1.10668E-07 
-1.10668E-07 
-1.10668E-07 
-1.10668E-07 
-1.10668E-07 
-1.10668E-07 
-1.10668E-07 
-1.10668E-07 
-1.10668E-07 
-1.10668E-07 
-1.10668E-07 
-1.10668E-07 
-1.10668E-07 
-1.10668E-07 
-1.10668E-07 
-1.10668E-07 
-1.10668E-07 
-1.10668E-07 
-1.85243E-07 
-1.85243E-07 
-1.85243E-07 
-1.85243E-07 
-1.85243E-07 
-1.85243E-07 
-1.85243E-07 
-1.85243E-07 
-1.85243E-07 
-1.85243E-07 
-1.85243E-07 
-1.85243E-07 
-1.85243E-07 
-1.85243E-07 
-1.85243E-07 
-1.85243E-07 
-1.85243E-07 
-1.85243E-07 
-1.85243E-07 
-1.85243E-07 
-1.85243E-07 
-1.85243E-07 
-1.85243E-07 
-1.85243E-07 
-1.85243E-07 
-1.85243E-07 
-3.12327E-07 
-3.12327E-07 
-3.12327E-07 
-3.12327E-07 
-3.12327E-07 
-3.12327E-07 
-3.12327E-07 
-3.12327E-07 
-3.12327E-07 
-3.12327E-07 
-3.12327E-07 
-3.12327E-07 
-3.12327E-07 
-3.12327E-07 
-3.12327E-07 
-3.12327E-07 
-3.12327E-07 
-3.12327E-07 
-3.12327E-07 
-3.12327E-07 
-3.12327E-07 
-3.12327E-07 
-3.12327E-07 
-3.12327E-07 
-3.12327E-07 
-3.12327E-07 
-5.21806E-07 
-5.21806E-07 
-5.21806E-07 
-5.21806E-07 
-5.21806E-07 
-5.21806E-07 
-5.21806E-07 
-5.21806E-07 
-5.21806E-07 
-5.21806E-07 
-5.21806E-07 
-5.21806E-07 
-5.21806E-07 
-5.21806E-07 
-5.21806E-07 
-5.21806E-07 
-5.21806E-07 
-5.21806E-07 
-5.21806E-07 
-5.21806E-07 
-5.21806E-07 
-5.21806E-07 
-5.21806E-07 
-5.21806E-07 
-5.21806E-07 
-5.21806E-07 
-8.70803E-07 
-8.70803E-07 
-8.70803E-07 
-8.70803E-07 
-8.70803E-07 
-8.70803E-07 
-8.70803E-07 
-8.70803E-07 
-8.70803E-07 
-8.70803E-07 
-8.70803E-07 
-8.70803E-07 
-8.70803E-07 
-8.70803E-07 
-8.70803E-07 
-8.70803E-07 
-8.70803E-07 
-8.70803E-07 
-8.70803E-07 
-8.70803E-07 
-8.70803E-07 
-8.70803E-07 
-8.70803E-07 
-8.70803E-07 
-8.70803E-07 
-8.70803E-07 
-1.45116E-06 
-1.45116E-06 
-1.45116E-06 
-1.45116E-06 
-1.45116E-06 
-1.45116E-06 
-1.45116E-06 
-1.45116E-06 
-1.45116E-06 
-1.45116E-06 
-1.45116E-06 
-1.45116E-06 
-1.45116E-06 
-1.45116E-06 
-1.45116E-06 
-1.45116E-06 
-1.45116E-06 
-1.45116E-06 
-1.45116E-06 
-1.45116E-06 
-1.45116E-06 
-1.45116E-06 
-1.45116E-06 
-1.45116E-06 
-1.45116E-06 
-1.45116E-06 
-2.41415E-06 
-2.41415E-06 
-2.41415E-06 
-2.41415E-06 
-2.41415E-06 
-2.41415E-06 
-2.41415E-06 
-2.41415E-06 
-2.41415E-06 
-2.41415E-06 
-2.41415E-06 
-2.41415E-06 
-2.41415E-06 
-2.41415E-06 
-2.41415E-06 
-2.41415E-06 
-2.41415E-06 
-2.41415E-06 
-2.41415E-06 
-2.41415E-06 
-2.41415E-06 
-2.41415E-06 
-2.41415E-06 
-2.41415E-06 
-2.41415E-06 
-2.41415E-06 
-4.01082E-06 
-4.01082E-06 
-4.01082E-06 
-4.01082E-06 
-4.01082E-06 
-4.01082E-06 
-4.01082E-06 
-4.01082E-06 
-4.01082E-06 
-4.01082E-06 
-4.01082E-06 
-4.01082E-06 
-4.01082E-06 
-4.01082E-06 
-4.01082E-06 
-4.01082E-06 
-4.01082E-06 
-4.01082E-06 
-4.01082E-06 
-4.01082E-06 
-4.01082E-06 
-4.01082E-06 
-4.01082E-06 
-4.01082E-06 
-4.01082E-06 
-4.01082E-06 
-6.64489E-06 
-6.64489E-06 
-6.64489E-06 
-6.64489E-06 
-6.64489E-06 
-6.64489E-06 
-6.64489E-06 
-6.64489E-06 
-6.64489E-06 
-6.64489E-06 
-6.64489E-06 
-6.64489E-06 
-6.64489E-06 
-6.64489E-06 
-6.64489E-06 
-6.64489E-06 
-6.64489E-06 
-6.64489E-06 
-6.64489E-06 
-6.64489E-06 
-6.64489E-06 
-6.64489E-06 
-6.64489E-06 
-6.64489E-06 
-6.64489E-06 
-6.64489E-06 
-1.09704E-05 
-1.09704E-05 
-1.09704E-05 
-1.09704E-05 
-1.09704E-05 
-1.09704E-05 
-1.09704E-05 
-1.09704E-05 
-1.09704E-05 
-1.09704E-05 
-1.09704E-05 
-1.09704E-05 
-1.09704E-05 
-1.09704E-05 
-1.09704E-05 
-1.09704E-05 
-1.09704E-05 
-1.09704E-05 
-1.09704E-05 
-1.09704E-05 
-1.09704E-05 
-1.09704E-05 
-1.09704E-05 
-1.09704E-05 
-1.09704E-05 
-1.09704E-05 
-1.80286E-05 
-1.80286E-05 
-1.80286E-05 
-1.80286E-05 
-1.80286E-05 
-1.80286E-05 
-1.80286E-05 
-1.80286E-05 
-1.80286E-05 
-1.80286E-05 
-1.80286E-05 
-1.80286E-05 
-1.80286E-05 
-1.80286E-05 
-1.80286E-05 
-1.80286E-05 
-1.80286E-05 
-1.80286E-05 
-1.80286E-05 
-1.80286E-05 
-1.80286E-05 
-1.80286E-05 
-1.80286E-05 
-1.80286E-05 
-1.80286E-05 
-1.80286E-05 
-2.94748E-05 
-2.94748E-05 
-2.94748E-05 
-2.94748E-05 
-2.94748E-05 
-2.94748E-05 
-2.94748E-05 
-2.94748E-05 
-2.94748E-05 
-2.94748E-05 
-2.94748E-05 
-2.94748E-05 
-2.94748E-05 
-2.94748E-05 
-2.94748E-05 
-2.94748E-05 
-2.94748E-05 
-2.94748E-05 
-2.94748E-05 
-2.94748E-05 
-2.94748E-05 
-2.94748E-05 
-2.94748E-05 
-2.94748E-05 
-2.94748E-05 
-2.94748E-05 
-4.78695E-05 
-4.78695E-05 
-4.78695E-05 
-4.78695E-05 
-4.78695E-05 
-4.78695E-05 
-4.78695E-05 
-4.78695E-05 
-4.78695E-05 
-4.78695E-05 
-4.78695E-05 
-4.78695E-05 
-4.78695E-05 
-4.78695E-05 
-4.78695E-05 
-4.78695E-05 
-4.78695E-05 
-4.78695E-05 
-4.78695E-05 
-4.78695E-05 
-4.78695E-05 
-4.78695E-05 
-4.78695E-05 
-4.78695E-05 
-4.78695E-05 
-4.78695E-05 
-7.71194E-05 
-7.71194E-05 
-7.71194E-05 
-7.71194E-05 
-7.71194E-05 
-7.71194E-05 
-7.71194E-05 
-7.71194E-05 
-7.71194E-05 
-7.71194E-05 
-7.71194E-05 
-7.71194E-05 
-7.71194E-05 
-7.71194E-05 
-7.71194E-05 
-7.71194E-05 
-7.71194E-05 
-7.71194E-05 
-7.71194E-05 
-7.71194E-05 
-7.71194E-05 
-7.71194E-05 
-7.71194E-05 
-7.71194E-05 
-7.71194E-05 
-7.71194E-05 
-1.23043E-04 
-1.23043E-04 
-1.23043E-04 
-1.23043E-04 
-1.23043E-04 
-1.23043E-04 
-1.23043E-04 
-1.23043E-04 
-1.23043E-04 
-1.23043E-04 
-1.23043E-04 
-1.23043E-04 
-1.23043E-04 
-1.23043E-04 
-1.23043E-04 
-1.23043E-04 
-1.23043E-04 
-1.23043E-04 
-1.23043E-04 
-1.23043E-04 
-1.23043E-04 
-1.23043E-04 
-1.23043E-04 
-1.23043E-04 
-1.23043E-04 
-1.23043E-04 
-1.94065E-04 
-1.94065E-04 
-1.94065E-04 
-1.94065E-04 
-1.94065E-04 
-1.94065E-04 
-1.94065E-04 
-1.94065E-04 
-1.94065E-04 
-1.94065E-04 
-1.94065E-04 
-1.94065E-04 
-1.94065E-04 
-1.94065E-04 
-1.94065E-04 
-1.94065E-04 
-1.94065E-04 
-1.94065E-04 
-1.94065E-04 
-1.94065E-04 
-1.94065E-04 
-1.94065E-04 
-1.94065E-04 
-1.94065E-04 
-1.94065E-04 
-1.94065E-04 
-3.02004E-04 
-3.02004E-04 
-3.02004E-04 
-3.02004E-04 
-3.02004E-04 
-3.02004E-04 
-3.02004E-04 
-3.02004E-04 
-3.02004E-04 
-3.02004E-04 
-3.02004E-04 
-3.02004E-04 
-3.02004E-04 
-3.02004E-04 
-3.02004E-04 
-3.02004E-04 
-3.02004E-04 
-3.02004E-04 
-3.02004E-04 
-3.02004E-04 
-3.02004E-04 
-3.02004E-04 
-3.02004E-04 
-3.02004E-04 
-3.02004E-04 
-3.02004E-04 
-4.62787E-04 
-4.62787E-04 
-4.62787E-04 
-4.62787E-04 
-4.62787E-04 
-4.62787E-04 
-4.62787E-04 
-4.62787E-04 
-4.62787E-04 
-4.62787E-04 
-4.62787E-04 
-4.62787E-04 
-4.62787E-04 
-4.62787E-04 
-4.62787E-04 
-4.62787E-04 
-4.62787E-04 
-4.62787E-04 
-4.62787E-04 
-4.62787E-04 
-4.62787E-04 
-4.62787E-04 
-4.62787E-04 
-4.62787E-04 
-4.62787E-04 
-4.62787E-04 
-6.97377E-04 
-6.97377E-04 
-6.97377E-04 
-6.97377E-04 
-6.97377E-04 
-6.97377E-04 
-6.97377E-04 
-6.97377E-04 
-6.97377E-04 
-6.97377E-04 
-6.97377E-04 
-6.97377E-04 
-6.97377E-04 
-6.97377E-04 
-6.97377E-04 
-6.97377E-04 
-6.97377E-04 
-6.97377E-04 
-6.97377E-04 
-6.97377E-04 
-6.97377E-04 
-6.97377E-04 
-6.97377E-04 
-6.97377E-04 
-6.97377E-04 
-6.97377E-04 
-1.02974E-03 
-1.02974E-03 
-1.02974E-03 
-1.02974E-03 
-1.02974E-03 
-1.02974E-03 
-1.02974E-03 
-1.02974E-03 
-1.02974E-03 
-1.02974E-03 
-1.02974E-03 
-1.02974E-03 
-1.02974E-03 
-1.02974E-03 
-1.02974E-03 
-1.02974E-03 
-1.02974E-03 
-1.02974E-03 
-1.02974E-03 
-1.02974E-03 
-1.02974E-03 
-1.02974E-03 
-1.02974E-03 
-1.02974E-03 
-1.02974E-03 
-1.02974E-03 
-1.49034E-03 
-1.49034E-03 
-1.49034E-03 
-1.49034E-03 
-1.49034E-03 
-1.49034E-03 
-1.49034E-03 
-1.49034E-03 
-1.49034E-03 
-1.49034E-03 
-1.49034E-03 
-1.49034E-03 
-1.49034E-03 
-1.49034E-03 
-1.49034E-03 
-1.49034E-03 
-1.49034E-03 
-1.49034E-03 
-1.49034E-03 
-1.49034E-03 
-1.49034E-03 
-1.49034E-03 
-1.49034E-03 
-1.49034E-03 
-1.49034E-03 
-1.49034E-03 
-2.11073E-03 
-2.11073E-03 
-2.11073E-03 
-2.11073E-03 
-2.11073E-03 
-2.11073E-03 
-2.11073E-03 
-2.11073E-03 
-2.11073E-03 
-2.11073E-03 
-2.11073E-03 
-2.11073E-03 
-2.11073E-03 
-2.11073E-03 
-2.11073E-03 
-2.11073E-03 
-2.11073E-03 
-2.11073E-03 
-2.11073E-03 
-2.11073E-03 
-2.11073E-03 
-2.11073E-03 
-2.11073E-03 
-2.11073E-03 
-2.11073E-03 
-2.11073E-03 
-2.92318E-03 
-2.92318E-03 
-2.92318E-03 
-2.92318E-03 
-2.92318E-03 
-2.92318E-03 
-2.92318E-03 
-2.92318E-03 
-2.92318E-03 
-2.92318E-03 
-2.92318E-03 
-2.92318E-03 
-2.92318E-03 
-2.92318E-03 
-2.92318E-03 
-2.92318E-03 
-2.92318E-03 
-2.92318E-03 
-2.92318E-03 
-2.92318E-03 
-2.92318E-03 
-2.92318E-03 
-2.92318E-03 
-2.92318E-03 
-2.92318E-03 
-2.92318E-03 
-3.95716E-03 
-3.95716E-03 
-3.95716E-03 
-3.95716E-03 
-3.95716E-03 
-3.95716E-03 
-3.95716E-03 
-3.95716E-03 
-3.95716E-03 
-3.95716E-03 
-3.95716E-03 
-3.95716E-03 
-3.95716E-03 
-3.95716E-03 
-3.95716E-03 
-3.95716E-03 
-3.95716E-03 
-3.95716E-03 
-3.95716E-03 
-3.95716E-03 
-3.95716E-03 
-3.95716E-03 
-3.95716E-03 
-3.95716E-03 
-3.95716E-03 
-3.95716E-03 
-5.23548E-03 
-5.23548E-03 
-5.23548E-03 
-5.23548E-03 
-5.23548E-03 
-5.23548E-03 
-5.23548E-03 
-5.23548E-03 
-5.23548E-03 
-5.23548E-03 
-5.23548E-03 
-5.23548E-03 
-5.23548E-03 
-5.23548E-03 
-5.23548E-03 
-5.23548E-03 
-5.23548E-03 
-5.23548E-03 
-5.23548E-03 
-5.23548E-03 
-5.23548E-03 
-5.23548E-03 
-5.23548E-03 
-5.23548E-03 
-5.23548E-03 
-5.23548E-03 
-6.76988E-03 
-6.76988E-03 
-6.76988E-03 
-6.76988E-03 
-6.76988E-03 
-6.76988E-03 
-6.76988E-03 
-6.76988E-03 
-6.76988E-03 
-6.76988E-03 
-6.76988E-03 
-6.76988E-03 
-6.76988E-03 
-6.76988E-03 
-6.76988E-03 
-6.76988E-03 
-6.76988E-03 
-6.76988E-03 
-6.76988E-03 
-6.76988E-03 
-6.76988E-03 
-6.76988E-03 
-6.76988E-03 
-6.76988E-03 
-6.76988E-03 
-6.76988E-03 
-8.55798E-03 
-8.55798E-03 
-8.55798E-03 
-8.55798E-03 
-8.55798E-03 
-8.55798E-03 
-8.55798E-03 
-8.55798E-03 
-8.55798E-03 
-8.55798E-03 
-8.55798E-03 
-8.55798E-03 
-8.55798E-03 
-8.55798E-03 
-8.55798E-03 
-8.55798E-03 
-8.55798E-03 
-8.55798E-03 
-8.55798E-03 
-8.55798E-03 
-8.55798E-03 
-8.55798E-03 
-8.55798E-03 
-8.55798E-03 
-8.55798E-03 
-8.55798E-03 
-1.05687E-02 
-1.05687E-02 
-1.05687E-02 
-1.05687E-02 
-1.05687E-02 
-1.05687E-02 
-1.05687E-02 
-1.05687E-02 
-1.05687E-02 
-1.05687E-02 
-1.05687E-02 
-1.05687E-02 
-1.05687E-02 
-1.05687E-02 
-1.05687E-02 
-1.05687E-02 
-1.05687E-02 
-1.05687E-02 
-1.05687E-02 
-1.05687E-02 
-1.05687E-02 
-1.05687E-02 
-1.05687E-02 
-1.05687E-02 
-1.05687E-02 
-1.05687E-02 
-1.27875E-02 
-1.27875E-02 
-1.27875E-02 
-1.27875E-02 
-1.27875E-02 
-1.27875E-02 
-1.27875E-02 
-1.27875E-02 
-1.27875E-02 
-1.27875E-02 
-1.27875E-02 
-1.27875E-02 
-1.27875E-02 
-1.27875E-02 
-1.27875E-02 
-1.27875E-02 
-1.27875E-02 
-1.27875E-02 
-1.27875E-02 
-1.27875E-02 
-1.27875E-02 
-1.27875E-02 
-1.27875E-02 
-1.27875E-02 
-1.27875E-02 
-1.27875E-02 
-1.51343E-02 
-1.51343E-02 
-1.51343E-02 
-1.51343E-02 
-1.51343E-02 
-1.51343E-02 
-1.51343E-02 
-1.51343E-02 
-1.51343E-02 
-1.51343E-02 
-1.51343E-02 
-1.51343E-02 
-1.51343E-02 
-1.51343E-02 
-1.51343E-02 
-1.51343E-02 
-1.51343E-02 
-1.51343E-02 
-1.51343E-02 
-1.51343E-02 
-1.51343E-02 
-1.51343E-02 
-1.51343E-02 
-1.51343E-02 
-1.51343E-02 
-1.51343E-02 
-1.75336E-02 
-1.75336E-02 
-1.75336E-02 
-1.75336E-02 
-1.75336E-02 
-1.75336E-02 
-1.75336E-02 
-1.75336E-02 
-1.75336E-02 
-1.75336E-02 
-1.75336E-02 
-1.75336E-02 
-1.75336E-02 
-1.75336E-02 
-1.75336E-02 
-1.75336E-02 
-1.75336E-02 
-1.75336E-02 
-1.75336E-02 
-1.75336E-02 
-1.75336E-02 
-1.75336E-02 
-1.75336E-02 
-1.75336E-02 
-1.75336E-02 
-1.75336E-02 
-1.98820E-02 
-1.98820E-02 
-1.98820E-02 
-1.98820E-02 
-1.98820E-02 
-1.98820E-02 
-1.98820E-02 
-1.98820E-02 
-1.98820E-02 
-1.98820E-02 
-1.98820E-02 
-1.98820E-02 
-1.98820E-02 
-1.98820E-02 
-1.98820E-02 
-1.98820E-02 
-1.98820E-02 
-1.98820E-02 
-1.98820E-02 
-1.98820E-02 
-1.98820E-02 
-1.98820E-02 
-1.98820E-02 
-1.98820E-02 
-1.98820E-02 
-1.98820E-02 
-2.20537E-02 
-2.20537E-02 
-2.20537E-02 
-2.20537E-02 
-2.20537E-02 
-2.20537E-02 
-2.20537E-02 
-2.20537E-02 
-2.20537E-02 
-2.20537E-02 
-2.20537E-02 
-2.20537E-02 
-2.20537E-02 
-2.20537E-02 
-2.20537E-02 
-2.20537E-02 
-2.20537E-02 
-2.20537E-02 
-2.20537E-02 
-2.20537E-02 
-2.20537E-02 
-2.20537E-02 
-2.20537E-02 
-2.20537E-02 
-2.20537E-02 
-2.20537E-02 
-2.39010E-02 
-2.39010E-02 
-2.39010E-02 
-2.39010E-02 
-2.39010E-02 
-2.39010E-02 
-2.39010E-02 
-2.39010E-02 
-2.39010E-02 
-2.39010E-02 
-2.39010E-02 
-2.39010E-02 
-2.39010E-02 
-2.39010E-02 
-2.39010E-02 
-2.39010E-02 
-2.39010E-02 
-2.39010E-02 
-2.39010E-02 
-2.39010E-02 
-2.39010E-02 
-2.39010E-02 
-2.39010E-02 
-2.39010E-02 
-2.39010E-02 
-2.39010E-02 
-2.52440E-02 
-2.52440E-02 
-2.52440E-02 
-2.52440E-02 
-2.52440E-02 
-2.52440E-02 
-2.52440E-02 
-2.52440E-02 
-2.52440E-02 
-2.52440E-02 
-2.52440E-02 
-2.52440E-02 
-2.52440E-02 
-2.52440E-02 
-2.52440E-02 
-2.52440E-02 
-2.52440E-02 
-2.52440E-02 
-2.52440E-02 
-2.52440E-02 
-2.52440E-02 
-2.52440E-02 
-2.52440E-02 
-2.52440E-02 
-2.52440E-02 
-2.52440E-02 
-2.59198E-02 
-2.59198E-02 
-2.59198E-02 
-2.59198E-02 
-2.59198E-02 
-2.59198E-02 
-2.59198E-02 
-2.59198E-02 
-2.59198E-02 
-2.59198E-02 
-2.59198E-02 
-2.59198E-02 
-2.59198E-02 
-2.59198E-02 
-2.59198E-02 
-2.59198E-02 
-2.59198E-02 
-2.59198E-02 
-2.59198E-02 
-2.59198E-02 
-2.59198E-02 
-2.59198E-02 
-2.59198E-02 
-2.59198E-02 
-2.59198E-02 
-2.59198E-02 
-2.57054E-02 
-2.57054E-02 
-2.57054E-02 
-2.57054E-02 
-2.57054E-02 
-2.57054E-02 
-2.57054E-02 
-2.57054E-02 
-2.57054E-02 
-2.57054E-02 
-2.57054E-02 
-2.57054E-02 
-2.57054E-02 
-2.57054E-02 
-2.57054E-02 
-2.57054E-02 
-2.57054E-02 
-2.57054E-02 
-2.57054E-02 
-2.57054E-02 
-2.57054E-02 
-2.57054E-02 
-2.57054E-02 
-2.57054E-02 
-2.57054E-02 
-2.57054E-02 
-2.43809E-02 
-2.43809E-02 
-2.43809E-02 
-2.43809E-02 
-2.43809E-02 
-2.43809E-02 
-2.43809E-02 
-2.43809E-02 
-2.43809E-02 
-2.43809E-02 
-2.43809E-02 
-2.43809E-02 
-2.43809E-02 
-2.43809E-02 
-2.43809E-02 
-2.43809E-02 
-2.43809E-02 
-2.43809E-02 
-2.43809E-02 
-2.43809E-02 
-2.43809E-02 
-2.43809E-02 
-2.43809E-02 
-2.43809E-02 
-2.43809E-02 
-2.43809E-02 
-2.17097E-02 
-2.17097E-02 
-2.17097E-02 
-2.17097E-02 
-2.17097E-02 
-2.17097E-02 
-2.17097E-02 
-2.17097E-02 
-2.17097E-02 
-2.17097E-02 
-2.17097E-02 
-2.17097E-02 
-2.17097E-02 
-2.17097E-02 
-2.17097E-02 
-2.17097E-02 
-2.17097E-02 
-2.17097E-02 
-2.17097E-02 
-2.17097E-02 
-2.17097E-02 
-2.17097E-02 
-2.17097E-02 
-2.17097E-02 
-2.17097E-02 
-2.17097E-02 
-1.74294E-02 
-1.74294E-02 
-1.74294E-02 
-1.74294E-02 
-1.74294E-02 
-1.74294E-02 
-1.74294E-02 
-1.74294E-02 
-1.74294E-02 
-1.74294E-02 
-1.74294E-02 
-1.74294E-02 
-1.74294E-02 
-1.74294E-02 
-1.74294E-02 
-1.74294E-02 
-1.74294E-02 
-1.74294E-02 
-1.74294E-02 
-1.74294E-02 
-1.74294E-02 
-1.74294E-02 
-1.74294E-02 
-1.74294E-02 
-1.74294E-02 
-1.74294E-02 
-1.12718E-02 
-1.12718E-02 
-1.12718E-02 
-1.12718E-02 
-1.12718E-02 
-1.12718E-02 
-1.12718E-02 
-1.12718E-02 
-1.12718E-02 
-1.12718E-02 
-1.12718E-02 
-1.12718E-02 
-1.12718E-02 
-1.12718E-02 
-1.12718E-02 
-1.12718E-02 
-1.12718E-02 
-1.12718E-02 
-1.12718E-02 
-1.12718E-02 
-1.12718E-02 
-1.12718E-02 
-1.12718E-02 
-1.12718E-02 
-1.12718E-02 
-1.12718E-02 
-2.95279E-03 
-2.95279E-03 
-2.95279E-03 
-2.95279E-03 
-2.95279E-03 
-2.95279E-03 
-2.95279E-03 
-2.95279E-03 
-2.95279E-03 
-2.95279E-03 
-2.95279E-03 
-2.95279E-03 
-2.95279E-03 
-2.95279E-03 
-2.95279E-03 
-2.95279E-03 
-2.95279E-03 
-2.95279E-03 
-2.95279E-03 
-2.95279E-03 
-2.95279E-03 
-2.95279E-03 
-2.95279E-03 
-2.95279E-03 
-2.95279E-03 
-2.95279E-03 
7.83273E-03 
7.83273E-03 
7.83273E-03 
7.83273E-03 
7.83273E-03 
7.83273E-03 
7.83273E-03 
7.83273E-03 
7.83273E-03 
7.83273E-03 
7.83273E-03 
7.83273E-03 
7.83273E-03 
7.83273E-03 
7.83273E-03 
7.83273E-03 
7.83273E-03 
7.83273E-03 
7.83273E-03 
7.83273E-03 
7.83273E-03 
7.83273E-03 
7.83273E-03 
7.83273E-03 
7.83273E-03 
7.83273E-03 
2.13743E-02 
2.13743E-02 
2.13743E-02 
2.13743E-02 
2.13743E-02 
2.13743E-02 
2.13743E-02 
2.13743E-02 
2.13743E-02 
2.13743E-02 
2.13743E-02 
2.13743E-02 
2.13743E-02 
2.13743E-02 
2.13743E-02 
2.13743E-02 
2.13743E-02 
2.13743E-02 
2.13743E-02 
2.13743E-02 
2.13743E-02 
2.13743E-02 
2.13743E-02 
2.13743E-02 
2.13743E-02 
2.13743E-02 
3.80372E-02 
3.80372E-02 
3.80372E-02 
3.80372E-02 
3.80372E-02 
3.80372E-02 
3.80372E-02 
3.80372E-02 
3.80372E-02 
3.80372E-02 
3.80372E-02 
3.80372E-02 
3.80372E-02 
3.80372E-02 
3.80372E-02 
3.80372E-02 
3.80372E-02 
3.80372E-02 
3.80372E-02 
3.80372E-02 
3.80372E-02 
3.80372E-02 
3.80372E-02 
3.80372E-02 
3.80372E-02 
3.80372E-02 
5.79392E-02 
5.79392E-02 
5.79392E-02 
5.79392E-02 
5.79392E-02 
5.79392E-02 
5.79392E-02 
5.79392E-02 
5.79392E-02 
5.79392E-02 
5.79392E-02 
5.79392E-02 
5.79392E-02 
5.79392E-02 
5.79392E-02 
5.79392E-02 
5.79392E-02 
5.79392E-02 
5.79392E-02 
5.79392E-02 
5.79392E-02 
5.79392E-02 
5.79392E-02 
5.79392E-02 
5.79392E-02 
5.79392E-02 
8.17612E-02 
8.17612E-02 
8.17612E-02 
8.17612E-02 
8.17612E-02 
8.17612E-02 
8.17612E-02 
8.17612E-02 
8.17612E-02 
8.17612E-02 
8.17612E-02 
8.17612E-02 
8.17612E-02 
8.17612E-02 
8.17612E-02 
8.17612E-02 
8.17612E-02 
8.17612E-02 
8.17612E-02 
8.17612E-02 
8.17612E-02 
8.17612E-02 
8.17612E-02 
8.17612E-02 
8.17612E-02 
8.17612E-02 
1.09678E-01 
1.09678E-01 
1.09678E-01 
1.09678E-01 
1.09678E-01 
1.09678E-01 
1.09678E-01 
1.09678E-01 
1.09678E-01 
1.09678E-01 
1.09678E-01 
1.09678E-01 
1.09678E-01 
1.09678E-01 
1.09678E-01 
1.09678E-01 
1.09678E-01 
1.09678E-01 
1.09678E-01 
1.09678E-01 
1.09678E-01 
1.09678E-01 
1.09678E-01 
1.09678E-01 
1.09678E-01 
1.09678E-01 
1.42048E-01 
1.42048E-01 
1.42048E-01 
1.42048E-01 
1.42048E-01 
1.42048E-01 
1.42048E-01 
1.42048E-01 
1.42048E-01 
1.42048E-01 
1.42048E-01 
1.42048E-01 
1.42048E-01 
1.42048E-01 
1.42048E-01 
1.42048E-01 
1.42048E-01 
1.42048E-01 
1.42048E-01 
1.42048E-01 
1.42048E-01 
1.42048E-01 
1.42048E-01 
1.42048E-01 
1.42048E-01 
1.42048E-01 
1.79239E-01 
1.79239E-01 
1.79239E-01 
1.79239E-01 
1.79239E-01 
1.79239E-01 
1.79239E-01 
1.79239E-01 
1.79239E-01 
1.79239E-01 
1.79239E-01 
1.79239E-01 
1.79239E-01 
1.79239E-01 
1.79239E-01 
1.79239E-01 
1.79239E-01 
1.79239E-01 
1.79239E-01 
1.79239E-01 
1.79239E-01 
1.79239E-01 
1.79239E-01 
1.79239E-01 
1.79239E-01 
1.79239E-01 
2.21619E-01 
2.21619E-01 
2.21619E-01 
2.21619E-01 
2.21619E-01 
2.21619E-01 
2.21619E-01 
2.21619E-01 
2.21619E-01 
2.21619E-01 
2.21619E-01 
2.21619E-01 
2.21619E-01 
2.21619E-01 
2.21619E-01 
2.21619E-01 
2.21619E-01 
2.21619E-01 
2.21619E-01 
2.21619E-01 
2.21619E-01 
2.21619E-01 
2.21619E-01 
2.21619E-01 
2.21619E-01 
2.21619E-01 
2.69576E-01 
2.69576E-01 
2.69576E-01 
2.69576E-01 
2.69576E-01 
2.69576E-01 
2.69576E-01 
2.69576E-01 
2.69576E-01 
2.69576E-01 
2.69576E-01 
2.69576E-01 
2.69576E-01 
2.69576E-01 
2.69576E-01 
2.69576E-01 
2.69576E-01 
2.69576E-01 
2.69576E-01 
2.69576E-01 
2.69576E-01 
2.69576E-01 
2.69576E-01 
2.69576E-01 
2.69576E-01 
2.69576E-01 
3.23491E-01 
3.23491E-01 
3.23491E-01 
3.23491E-01 
3.23491E-01 
3.23491E-01 
3.23491E-01 
3.23491E-01 
3.23491E-01 
3.23491E-01 
3.23491E-01 
3.23491E-01 
3.23491E-01 
3.23491E-01 
3.23491E-01 
3.23491E-01 
3.23491E-01 
3.23491E-01 
3.23491E-01 
3.23491E-01 
3.23491E-01 
3.23491E-01 
3.23491E-01 
3.23491E-01 
3.23491E-01 
3.23491E-01 
3.83763E-01 
3.83763E-01 
3.83763E-01 
3.83763E-01 
3.83763E-01 
3.83763E-01 
3.83763E-01 
3.83763E-01 
3.83763E-01 
3.83763E-01 
3.83763E-01 
3.83763E-01 
3.83763E-01 
3.83763E-01 
3.83763E-01 
3.83763E-01 
3.83763E-01 
3.83763E-01 
3.83763E-01 
3.83763E-01 
3.83763E-01 
3.83763E-01 
3.83763E-01 
3.83763E-01 
3.83763E-01 
3.83763E-01 
4.50933E-01 
4.50933E-01 
4.50933E-01 
4.50933E-01 
4.50933E-01 
4.50933E-01 
4.50933E-01 
4.50933E-01 
4.50933E-01 
4.50933E-01 
4.50933E-01 
4.50933E-01 
4.50933E-01 
4.50933E-01 
4.50933E-01 
4.50933E-01 
4.50933E-01 
4.50933E-01 
4.50933E-01 
4.50933E-01 
4.50933E-01 
4.50933E-01 
4.50933E-01 
4.50933E-01 
4.50933E-01 
4.50933E-01 
5.24756E-01 
5.24756E-01 
5.24756E-01 
5.24756E-01 
5.24756E-01 
5.24756E-01 
5.24756E-01 
5.24756E-01 
5.24756E-01 
5.24756E-01 
5.24756E-01 
5.24756E-01 
5.24756E-01 
5.24756E-01 
5.24756E-01 
5.24756E-01 
5.24756E-01 
5.24756E-01 
5.24756E-01 
5.24756E-01 
5.24756E-01 
5.24756E-01 
5.24756E-01 
5.24756E-01 
5.24756E-01 
5.24756E-01 
6.06603E-01 
6.06603E-01 
6.06603E-01 
6.06603E-01 
6.06603E-01 
6.06603E-01 
6.06603E-01 
6.06603E-01 
6.06603E-01 
6.06603E-01 
6.06603E-01 
6.06603E-01 
6.06603E-01 
6.06603E-01 
6.06603E-01 
6.06603E-01 
6.06603E-01 
6.06603E-01 
6.06603E-01 
6.06603E-01 
6.06603E-01 
6.06603E-01 
6.06603E-01 
6.06603E-01 
6.06603E-01 
6.06603E-01 
6.96401E-01 
6.96401E-01 
6.96401E-01 
6.96401E-01 
6.96401E-01 
6.96401E-01 
6.96401E-01 
6.96401E-01 
6.96401E-01 
6.96401E-01 
6.96401E-01 
6.96401E-01 
6.96401E-01 
6.96401E-01 
6.96401E-01 
6.96401E-01 
6.96401E-01 
6.96401E-01 
6.96401E-01 
6.96401E-01 
6.96401E-01 
6.96401E-01 
6.96401E-01 
6.96401E-01 
6.96401E-01 
6.96401E-01 
7.94590E-01 
7.94590E-01 
7.94590E-01 
7.94590E-01 
7.94590E-01 
7.94590E-01 
7.94590E-01 
7.94590E-01 
7.94590E-01 
7.94590E-01 
7.94590E-01 
7.94590E-01 
7.94590E-01 
7.94590E-01 
7.94590E-01 
7.94590E-01 
7.94590E-01 
7.94590E-01 
7.94590E-01 
7.94590E-01 
7.94590E-01 
7.94590E-01 
7.94590E-01 
7.94590E-01 
7.94590E-01 
7.94590E-01 
9.01589E-01 
9.01589E-01 
9.01589E-01 
9.01589E-01 
9.01589E-01 
9.01589E-01 
9.01589E-01 
9.01589E-01 
9.01589E-01 
9.01589E-01 
9.01589E-01 
9.01589E-01 
9.01589E-01 
9.01589E-01 
9.01589E-01 
9.01589E-01 
9.01589E-01 
9.01589E-01 
9.01589E-01 
9.01589E-01 
9.01589E-01 
9.01589E-01 
9.01589E-01 
9.01589E-01 
9.01589E-01 
9.01589E-01 
1.01785E+00 
1.01785E+00 
1.01785E+00 
1.01785E+00 
1.01785E+00 
1.01785E+00 
1.01785E+00 
1.01785E+00 
1.01785E+00 
1.01785E+00 
1.01785E+00 
1.01785E+00 
1.01785E+00 
1.01785E+00 
1.01785E+00 
1.01785E+00 
1.01785E+00 
1.01785E+00 
1.01785E+00 
1.01785E+00 
1.01785E+00 
1.01785E+00 
1.01785E+00 
1.01785E+00 
1.01785E+00 
1.01785E+00 
1.14375E+00 
1.14375E+00 
1.14375E+00 
1.14375E+00 
1.14375E+00 
1.14375E+00 
1.14375E+00 
1.14375E+00 
1.14375E+00 
1.14375E+00 
1.14375E+00 
1.14375E+00 
1.14375E+00 
1.14375E+00 
1.14375E+00 
1.14375E+00 
1.14375E+00 
1.14375E+00 
1.14375E+00 
1.14375E+00 
1.14375E+00 
1.14375E+00 
1.14375E+00 
1.14375E+00 
1.14375E+00 
1.14375E+00 
1.28017E+00 
1.28017E+00 
1.28017E+00 
1.28017E+00 
1.28017E+00 
1.28017E+00 
1.28017E+00 
1.28017E+00 
1.28017E+00 
1.28017E+00 
1.28017E+00 
1.28017E+00 
1.28017E+00 
1.28017E+00 
1.28017E+00 
1.28017E+00 
1.28017E+00 
1.28017E+00 
1.28017E+00 
1.28017E+00 
1.28017E+00 
1.28017E+00 
1.28017E+00 
1.28017E+00 
1.28017E+00 
1.28017E+00 
1.42668E+00 
1.42668E+00 
1.42668E+00 
1.42668E+00 
1.42668E+00 
1.42668E+00 
1.42668E+00 
1.42668E+00 
1.42668E+00 
1.42668E+00 
1.42668E+00 
1.42668E+00 
1.42668E+00 
1.42668E+00 
1.42668E+00 
1.42668E+00 
1.42668E+00 
1.42668E+00 
1.42668E+00 
1.42668E+00 
1.42668E+00 
1.42668E+00 
1.42668E+00 
1.42668E+00 
1.42668E+00 
1.42668E+00 
1.58428E+00 
1.58428E+00 
1.58428E+00 
1.58428E+00 
1.58428E+00 
1.58428E+00 
1.58428E+00 
1.58428E+00 
1.58428E+00 
1.58428E+00 
1.58428E+00 
1.58428E+00 
1.58428E+00 
1.58428E+00 
1.58428E+00 
1.58428E+00 
1.58428E+00 
1.58428E+00 
1.58428E+00 
1.58428E+00 
1.58428E+00 
1.58428E+00 
1.58428E+00 
1.58428E+00 
1.58428E+00 
1.58428E+00 
1.75340E+00 
1.75340E+00 
1.75340E+00 
1.75340E+00 
1.75340E+00 
1.75340E+00 
1.75340E+00 
1.75340E+00 
1.75340E+00 
1.75340E+00 
1.75340E+00 
1.75340E+00 
1.75340E+00 
1.75340E+00 
1.75340E+00 
1.75340E+00 
1.75340E+00 
1.75340E+00 
1.75340E+00 
1.75340E+00 
1.75340E+00 
1.75340E+00 
1.75340E+00 
1.75340E+00 
1.75340E+00 
1.75340E+00 
1.93447E+00 
1.93447E+00 
1.93447E+00 
1.93447E+00 
1.93447E+00 
1.93447E+00 
1.93447E+00 
1.93447E+00 
1.93447E+00 
1.93447E+00 
1.93447E+00 
1.93447E+00 
1.93447E+00 
1.93447E+00 
1.93447E+00 
1.93447E+00 
1.93447E+00 
1.93447E+00 
1.93447E+00 
1.93447E+00 
1.93447E+00 
1.93447E+00 
1.93447E+00 
1.93447E+00 
1.93447E+00 
1.93447E+00 
2.12794E+00 
2.12794E+00 
2.12794E+00 
2.12794E+00 
2.12794E+00 
2.12794E+00 
2.12794E+00 
2.12794E+00 
2.12794E+00 
2.12794E+00 
2.12794E+00 
2.12794E+00 
2.12794E+00 
2.12794E+00 
2.12794E+00 
2.12794E+00 
2.12794E+00 
2.12794E+00 
2.12794E+00 
2.12794E+00 
2.12794E+00 
2.12794E+00 
2.12794E+00 
2.12794E+00 
2.12794E+00 
2.12794E+00 
2.33426E+00 
2.33426E+00 
2.33426E+00 
2.33426E+00 
2.33426E+00 
2.33426E+00 
2.33426E+00 
2.33426E+00 
2.33426E+00 
2.33426E+00 
2.33426E+00 
2.33426E+00 
2.33426E+00 
2.33426E+00 
2.33426E+00 
2.33426E+00 
2.33426E+00 
2.33426E+00 
2.33426E+00 
2.33426E+00 
2.33426E+00 
2.33426E+00 
2.33426E+00 
2.33426E+00 
2.33426E+00 
2.33426E+00 
2.55394E+00 
2.55394E+00 
2.55394E+00 
2.55394E+00 
2.55394E+00 
2.55394E+00 
2.55394E+00 
2.55394E+00 
2.55394E+00 
2.55394E+00 
2.55394E+00 
2.55394E+00 
2.55394E+00 
2.55394E+00 
2.55394E+00 
2.55394E+00 
2.55394E+00 
2.55394E+00 
2.55394E+00 
2.55394E+00 
2.55394E+00 
2.55394E+00 
2.55394E+00 
2.55394E+00 
2.55394E+00 
2.55394E+00 
2.78728E+00 
2.78728E+00 
2.78728E+00 
2.78728E+00 
2.78728E+00 
2.78728E+00 
2.78728E+00 
2.78728E+00 
2.78728E+00 
2.78728E+00 
2.78728E+00 
2.78728E+00 
2.78728E+00 
2.78728E+00 
2.78728E+00 
2.78728E+00 
2.78728E+00 
2.78728E+00 
2.78728E+00 
2.78728E+00 
2.78728E+00 
2.78728E+00 
2.78728E+00 
2.78728E+00 
2.78728E+00 
2.78728E+00 
---
