PdfType: replica
Format: lhagrid1
---
1.00000E-06 1.28121E-06 1.64152E-06 2.10317E-06 2.69463E-06 3.45242E-06 4.42329E-06 5.66715E-06 7.26076E-06 9.30241E-06 1.19180E-05 1.52689E-05 1.95617E-05 2.50609E-05 3.21053E-05 4.11287E-05 5.26863E-05 6.74889E-05 8.64459E-05 1.10720E-04 1.41800E-04 1.81585E-04 2.32503E-04 2.97652E-04 3.80981E-04 4.87518E-04 6.26039E-04 8.00452E-04 1.02297E-03 1.30657E-03 1.66759E-03 2.12729E-03 2.71054E-03 3.44865E-03 4.37927E-03 5.54908E-03 7.01192E-03 8.83064E-03 1.10763E-02 1.38266E-02 1.71641E-02 2.11717E-02 2.59364E-02 3.15062E-02 3.79623E-02 4.53425E-02 5.36750E-02 6.29705E-02 7.32221E-02 8.44039E-02 9.64793E-02 1.09332E-01 1.23067E-01 1.37507E-01 1.52639E-01 1.68416E-01 1.84794E-01 2.01731E-01 2.19016E-01 2.36948E-01 2.55242E-01 2.73927E-01 2.92954E-01 3.12340E-01 3.32036E-01 3.52019E-01 3.72282E-01 3.92772E-01 4.13533E-01 4.34326E-01 4.55495E-01 4.76836E-01 4.98342E-01 5.20006E-01 5.41818E-01 5.63773E-01 5.85861E-01 6.08077E-01 6.30459E-01 6.52800E-01 6.75387E-01 6.98063E-01 7.20830E-01 7.43683E-01 7.66623E-01 7.89636E-01 8.12791E-01 8.35940E-01 8.59175E-01 8.82485E-01 9.05866E-01 9.29311E-01 9.52817E-01 9.76387E-01 1.00000E+00 
1.14018E+00 1.22539E+00 1.32482E+00 1.44156E+00 1.57954E+00 1.74381E+00 1.94091E+00 2.12132E+00 2.17945E+00 2.49622E+00 2.89383E+00 3.39925E+00 4.05063E+00 4.90286E+00 6.03623E+00 7.57063E+00 9.68869E+00 1.26749E+01 1.69835E+01 2.33578E+01 3.30501E+01 4.82334E+01 7.28041E+01 1.13998E+02 1.85779E+02 3.16228E+02 
908
7.01574E-02 
6.86809E-02 
6.72288E-02 
6.57987E-02 
6.43730E-02 
6.29537E-02 
6.15424E-02 
6.04569E-02 
6.01408E-02 
5.86420E-02 
5.71581E-02 
5.56904E-02 
5.42405E-02 
5.28240E-02 
5.14208E-02 
5.00291E-02 
4.86511E-02 
4.72886E-02 
4.59432E-02 
4.46164E-02 
4.33097E-02 
4.20243E-02 
4.07612E-02 
3.95214E-02 
3.83057E-02 
3.71147E-02 
7.01572E-02 
6.86807E-02 
6.72286E-02 
6.57985E-02 
6.43728E-02 
6.29535E-02 
6.15422E-02 
6.04568E-02 
6.01406E-02 
5.86419E-02 
5.71579E-02 
5.56902E-02 
5.42404E-02 
5.28238E-02 
5.14206E-02 
5.00290E-02 
4.86510E-02 
4.72884E-02 
4.59430E-02 
4.46163E-02 
4.33096E-02 
4.20241E-02 
4.07610E-02 
3.95212E-02 
3.83055E-02 
3.71146E-02 
7.01570E-02 
6.86805E-02 
6.72284E-02 
6.57983E-02 
6.43726E-02 
6.29533E-02 
6.15420E-02 
6.04566E-02 
6.01404E-02 
5.86417E-02 
5.71577E-02 
5.56900E-02 
5.42402E-02 
5.28236E-02 
5.14204E-02 
5.00288E-02 
4.86508E-02 
4.72882E-02 
4.59428E-02 
4.46160E-02 
4.33093E-02 
4.20239E-02 
4.07608E-02 
3.95210E-02 
3.83053E-02 
3.71144E-02 
7.01567E-02 
6.86802E-02 
6.72281E-02 
6.57980E-02 
6.43723E-02 
6.29530E-02 
6.15417E-02 
6.04563E-02 
6.01401E-02 
5.86414E-02 
5.71574E-02 
5.56897E-02 
5.42399E-02 
5.28233E-02 
5.14201E-02 
5.00285E-02 
4.86505E-02 
4.72879E-02 
4.59425E-02 
4.46158E-02 
4.33091E-02 
4.20237E-02 
4.07606E-02 
3.95208E-02 
3.83051E-02 
3.71141E-02 
7.01564E-02 
6.86799E-02 
6.72278E-02 
6.57976E-02 
6.43720E-02 
6.29526E-02 
6.15413E-02 
6.04559E-02 
6.01397E-02 
5.86410E-02 
5.71571E-02 
5.56894E-02 
5.42395E-02 
5.28230E-02 
5.14198E-02 
5.00281E-02 
4.86501E-02 
4.72876E-02 
4.59422E-02 
4.46154E-02 
4.33087E-02 
4.20233E-02 
4.07602E-02 
3.95204E-02 
3.83047E-02 
3.71138E-02 
7.01559E-02 
6.86794E-02 
6.72273E-02 
6.57972E-02 
6.43715E-02 
6.29522E-02 
6.15409E-02 
6.04555E-02 
6.01393E-02 
5.86406E-02 
5.71566E-02 
5.56889E-02 
5.42391E-02 
5.28225E-02 
5.14193E-02 
5.00277E-02 
4.86497E-02 
4.72871E-02 
4.59417E-02 
4.46150E-02 
4.33083E-02 
4.20229E-02 
4.07598E-02 
3.95200E-02 
3.83043E-02 
3.71133E-02 
7.01553E-02 
6.86788E-02 
6.72267E-02 
6.57966E-02 
6.43709E-02 
6.29516E-02 
6.15403E-02 
6.04549E-02 
6.01387E-02 
5.86400E-02 
5.71560E-02 
5.56884E-02 
5.42385E-02 
5.28219E-02 
5.14187E-02 
5.00271E-02 
4.86491E-02 
4.72866E-02 
4.59412E-02 
4.46144E-02 
4.33077E-02 
4.20223E-02 
4.07592E-02 
3.95194E-02 
3.83037E-02 
3.71128E-02 
7.01546E-02 
6.86780E-02 
6.72260E-02 
6.57958E-02 
6.43702E-02 
6.29508E-02 
6.15396E-02 
6.04541E-02 
6.01380E-02 
5.86392E-02 
5.71553E-02 
5.56876E-02 
5.42378E-02 
5.28212E-02 
5.14180E-02 
5.00264E-02 
4.86484E-02 
4.72858E-02 
4.59404E-02 
4.46137E-02 
4.33070E-02 
4.20216E-02 
4.07585E-02 
3.95187E-02 
3.83030E-02 
3.71120E-02 
7.01536E-02 
6.86771E-02 
6.72250E-02 
6.57949E-02 
6.43692E-02 
6.29499E-02 
6.15386E-02 
6.04532E-02 
6.01370E-02 
5.86383E-02 
5.71543E-02 
5.56867E-02 
5.42368E-02 
5.28203E-02 
5.14171E-02 
5.00254E-02 
4.86474E-02 
4.72849E-02 
4.59395E-02 
4.46128E-02 
4.33061E-02 
4.20207E-02 
4.07576E-02 
3.95178E-02 
3.83021E-02 
3.71111E-02 
7.01523E-02 
6.86758E-02 
6.72237E-02 
6.57936E-02 
6.43680E-02 
6.29486E-02 
6.15374E-02 
6.04519E-02 
6.01358E-02 
5.86371E-02 
5.71531E-02 
5.56855E-02 
5.42356E-02 
5.28190E-02 
5.14158E-02 
5.00242E-02 
4.86462E-02 
4.72837E-02 
4.59383E-02 
4.46116E-02 
4.33049E-02 
4.20195E-02 
4.07564E-02 
3.95166E-02 
3.83009E-02 
3.71099E-02 
7.01507E-02 
6.86742E-02 
6.72222E-02 
6.57920E-02 
6.43664E-02 
6.29471E-02 
6.15358E-02 
6.04504E-02 
6.01342E-02 
5.86355E-02 
5.71515E-02 
5.56839E-02 
5.42341E-02 
5.28175E-02 
5.14143E-02 
5.00227E-02 
4.86447E-02 
4.72822E-02 
4.59368E-02 
4.46100E-02 
4.33033E-02 
4.20179E-02 
4.07549E-02 
3.95151E-02 
3.82994E-02 
3.71084E-02 
7.01487E-02 
6.86722E-02 
6.72201E-02 
6.57900E-02 
6.43643E-02 
6.29450E-02 
6.15338E-02 
6.04484E-02 
6.01322E-02 
5.86335E-02 
5.71495E-02 
5.56819E-02 
5.42321E-02 
5.28155E-02 
5.14123E-02 
5.00207E-02 
4.86427E-02 
4.72802E-02 
4.59348E-02 
4.46081E-02 
4.33014E-02 
4.20160E-02 
4.07529E-02 
3.95131E-02 
3.82974E-02 
3.71065E-02 
7.01461E-02 
6.86696E-02 
6.72175E-02 
6.57874E-02 
6.43617E-02 
6.29424E-02 
6.15312E-02 
6.04458E-02 
6.01296E-02 
5.86309E-02 
5.71470E-02 
5.56793E-02 
5.42295E-02 
5.28130E-02 
5.14098E-02 
5.00182E-02 
4.86402E-02 
4.72777E-02 
4.59323E-02 
4.46056E-02 
4.32989E-02 
4.20135E-02 
4.07504E-02 
3.95106E-02 
3.82950E-02 
3.71040E-02 
7.01427E-02 
6.86662E-02 
6.72142E-02 
6.57841E-02 
6.43584E-02 
6.29391E-02 
6.15279E-02 
6.04425E-02 
6.01263E-02 
5.86276E-02 
5.71437E-02 
5.56761E-02 
5.42262E-02 
5.28097E-02 
5.14065E-02 
5.00149E-02 
4.86370E-02 
4.72744E-02 
4.59291E-02 
4.46023E-02 
4.32957E-02 
4.20103E-02 
4.07472E-02 
3.95075E-02 
3.82918E-02 
3.71008E-02 
7.01384E-02 
6.86619E-02 
6.72099E-02 
6.57798E-02 
6.43541E-02 
6.29349E-02 
6.15236E-02 
6.04382E-02 
6.01221E-02 
5.86234E-02 
5.71395E-02 
5.56718E-02 
5.42220E-02 
5.28055E-02 
5.14023E-02 
5.00108E-02 
4.86328E-02 
4.72703E-02 
4.59249E-02 
4.45982E-02 
4.32916E-02 
4.20062E-02 
4.07431E-02 
3.95034E-02 
3.82877E-02 
3.70968E-02 
7.01329E-02 
6.86564E-02 
6.72044E-02 
6.57743E-02 
6.43487E-02 
6.29294E-02 
6.15182E-02 
6.04328E-02 
6.01166E-02 
5.86180E-02 
5.71341E-02 
5.56665E-02 
5.42167E-02 
5.28002E-02 
5.13970E-02 
5.00054E-02 
4.86275E-02 
4.72650E-02 
4.59196E-02 
4.45929E-02 
4.32863E-02 
4.20009E-02 
4.07379E-02 
3.94981E-02 
3.82825E-02 
3.70916E-02 
7.01258E-02 
6.86494E-02 
6.71973E-02 
6.57673E-02 
6.43417E-02 
6.29224E-02 
6.15112E-02 
6.04258E-02 
6.01097E-02 
5.86110E-02 
5.71272E-02 
5.56596E-02 
5.42098E-02 
5.27933E-02 
5.13902E-02 
4.99986E-02 
4.86207E-02 
4.72582E-02 
4.59129E-02 
4.45862E-02 
4.32796E-02 
4.19942E-02 
4.07312E-02 
3.94914E-02 
3.82758E-02 
3.70849E-02 
7.01167E-02 
6.86403E-02 
6.71883E-02 
6.57583E-02 
6.43327E-02 
6.29135E-02 
6.15023E-02 
6.04169E-02 
6.01008E-02 
5.86022E-02 
5.71183E-02 
5.56507E-02 
5.42010E-02 
5.27845E-02 
5.13814E-02 
4.99899E-02 
4.86120E-02 
4.72495E-02 
4.59042E-02 
4.45775E-02 
4.32709E-02 
4.19856E-02 
4.07226E-02 
3.94829E-02 
3.82672E-02 
3.70764E-02 
7.01051E-02 
6.86288E-02 
6.71768E-02 
6.57468E-02 
6.43212E-02 
6.29020E-02 
6.14909E-02 
6.04055E-02 
6.00894E-02 
5.85908E-02 
5.71070E-02 
5.56394E-02 
5.41897E-02 
5.27733E-02 
5.13702E-02 
4.99787E-02 
4.86008E-02 
4.72384E-02 
4.58931E-02 
4.45664E-02 
4.32599E-02 
4.19745E-02 
4.07116E-02 
3.94719E-02 
3.82563E-02 
3.70654E-02 
7.00903E-02 
6.86140E-02 
6.71620E-02 
6.57321E-02 
6.43065E-02 
6.28874E-02 
6.14762E-02 
6.03909E-02 
6.00748E-02 
5.85763E-02 
5.70925E-02 
5.56250E-02 
5.41753E-02 
5.27589E-02 
5.13558E-02 
4.99643E-02 
4.85865E-02 
4.72241E-02 
4.58788E-02 
4.45522E-02 
4.32457E-02 
4.19604E-02 
4.06975E-02 
3.94578E-02 
3.82422E-02 
3.70514E-02 
7.00713E-02 
6.85950E-02 
6.71431E-02 
6.57132E-02 
6.42877E-02 
6.28686E-02 
6.14575E-02 
6.03722E-02 
6.00561E-02 
5.85576E-02 
5.70739E-02 
5.56064E-02 
5.41568E-02 
5.27404E-02 
5.13374E-02 
4.99460E-02 
4.85682E-02 
4.72058E-02 
4.58606E-02 
4.45341E-02 
4.32276E-02 
4.19423E-02 
4.06794E-02 
3.94398E-02 
3.82243E-02 
3.70335E-02 
7.00470E-02 
6.85707E-02 
6.71189E-02 
6.56890E-02 
6.42636E-02 
6.28446E-02 
6.14335E-02 
6.03483E-02 
6.00322E-02 
5.85338E-02 
5.70501E-02 
5.55827E-02 
5.41331E-02 
5.27168E-02 
5.13139E-02 
4.99225E-02 
4.85448E-02 
4.71825E-02 
4.58373E-02 
4.45108E-02 
4.32043E-02 
4.19192E-02 
4.06563E-02 
3.94168E-02 
3.82013E-02 
3.70105E-02 
7.00158E-02 
6.85397E-02 
6.70879E-02 
6.56581E-02 
6.42328E-02 
6.28138E-02 
6.14029E-02 
6.03177E-02 
6.00016E-02 
5.85032E-02 
5.70196E-02 
5.55523E-02 
5.41028E-02 
5.26866E-02 
5.12837E-02 
4.98924E-02 
4.85148E-02 
4.71525E-02 
4.58074E-02 
4.44810E-02 
4.31746E-02 
4.18895E-02 
4.06268E-02 
3.93873E-02 
3.81718E-02 
3.69812E-02 
6.99760E-02 
6.84999E-02 
6.70483E-02 
6.56186E-02 
6.41934E-02 
6.27745E-02 
6.13636E-02 
6.02785E-02 
5.99625E-02 
5.84642E-02 
5.69807E-02 
5.55135E-02 
5.40641E-02 
5.26479E-02 
5.12452E-02 
4.98540E-02 
4.84764E-02 
4.71143E-02 
4.57693E-02 
4.44429E-02 
4.31366E-02 
4.18516E-02 
4.05889E-02 
3.93495E-02 
3.81342E-02 
3.69436E-02 
6.99250E-02 
6.84491E-02 
6.69976E-02 
6.55680E-02 
6.41429E-02 
6.27242E-02 
6.13134E-02 
6.02284E-02 
5.99124E-02 
5.84143E-02 
5.69309E-02 
5.54638E-02 
5.40145E-02 
5.25985E-02 
5.11959E-02 
4.98048E-02 
4.84273E-02 
4.70653E-02 
4.57204E-02 
4.43942E-02 
4.30880E-02 
4.18031E-02 
4.05405E-02 
3.93012E-02 
3.80860E-02 
3.68955E-02 
6.98599E-02 
6.83842E-02 
6.69328E-02 
6.55034E-02 
6.40784E-02 
6.26598E-02 
6.12493E-02 
6.01644E-02 
5.98484E-02 
5.83504E-02 
5.68672E-02 
5.54003E-02 
5.39512E-02 
5.25353E-02 
5.11328E-02 
4.97419E-02 
4.83646E-02 
4.70028E-02 
4.56580E-02 
4.43320E-02 
4.30259E-02 
4.17412E-02 
4.04787E-02 
3.92395E-02 
3.80244E-02 
3.68341E-02 
6.97753E-02 
6.82997E-02 
6.68486E-02 
6.54194E-02 
6.39946E-02 
6.25762E-02 
6.11659E-02 
6.00812E-02 
5.97652E-02 
5.82675E-02 
5.67844E-02 
5.53177E-02 
5.38688E-02 
5.24532E-02 
5.10509E-02 
4.96602E-02 
4.82831E-02 
4.69214E-02 
4.55769E-02 
4.42510E-02 
4.29452E-02 
4.16606E-02 
4.03983E-02 
3.91593E-02 
3.79444E-02 
3.67542E-02 
6.96687E-02 
6.81935E-02 
6.67426E-02 
6.53136E-02 
6.38891E-02 
6.24710E-02 
6.10609E-02 
5.99764E-02 
5.96605E-02 
5.81630E-02 
5.66803E-02 
5.52138E-02 
5.37652E-02 
5.23498E-02 
5.09478E-02 
4.95573E-02 
4.81805E-02 
4.68191E-02 
4.54748E-02 
4.41491E-02 
4.28435E-02 
4.15592E-02 
4.02971E-02 
3.90584E-02 
3.78437E-02 
3.66537E-02 
6.95328E-02 
6.80579E-02 
6.66074E-02 
6.51788E-02 
6.37546E-02 
6.23368E-02 
6.09270E-02 
5.98428E-02 
5.95269E-02 
5.80298E-02 
5.65474E-02 
5.50813E-02 
5.36330E-02 
5.22180E-02 
5.08162E-02 
4.94261E-02 
4.80496E-02 
4.66885E-02 
4.53445E-02 
4.40192E-02 
4.27139E-02 
4.14298E-02 
4.01681E-02 
3.89296E-02 
3.77152E-02 
3.65255E-02 
6.93597E-02 
6.78852E-02 
6.64351E-02 
6.50070E-02 
6.35832E-02 
6.21658E-02 
6.07565E-02 
5.96725E-02 
5.93568E-02 
5.78601E-02 
5.63782E-02 
5.49125E-02 
5.34646E-02 
5.20500E-02 
5.06487E-02 
4.92590E-02 
4.78829E-02 
4.65222E-02 
4.51786E-02 
4.38537E-02 
4.25488E-02 
4.12651E-02 
4.00037E-02 
3.87656E-02 
3.75516E-02 
3.63623E-02 
6.91395E-02 
6.76656E-02 
6.62160E-02 
6.47884E-02 
6.33652E-02 
6.19483E-02 
6.05395E-02 
5.94560E-02 
5.91403E-02 
5.76442E-02 
5.61629E-02 
5.46978E-02 
5.32504E-02 
5.18363E-02 
5.04356E-02 
4.90464E-02 
4.76708E-02 
4.63106E-02 
4.49675E-02 
4.36431E-02 
4.23387E-02 
4.10555E-02 
3.97946E-02 
3.85570E-02 
3.73434E-02 
3.61545E-02 
6.88593E-02 
6.73861E-02 
6.59372E-02 
6.45103E-02 
6.30878E-02 
6.16716E-02 
6.02635E-02 
5.91804E-02 
5.88650E-02 
5.73696E-02 
5.58889E-02 
5.44245E-02 
5.29779E-02 
5.15645E-02 
5.01644E-02 
4.87759E-02 
4.74009E-02 
4.60414E-02 
4.46990E-02 
4.33752E-02 
4.20714E-02 
4.07889E-02 
3.95286E-02 
3.82915E-02 
3.70785E-02 
3.58902E-02 
6.85041E-02 
6.70318E-02 
6.55839E-02 
6.41578E-02 
6.27361E-02 
6.13208E-02 
5.99136E-02 
5.88312E-02 
5.85159E-02 
5.70215E-02 
5.55417E-02 
5.40782E-02 
5.26325E-02 
5.12199E-02 
4.98207E-02 
4.84330E-02 
4.70589E-02 
4.57002E-02 
4.43586E-02 
4.30356E-02 
4.17326E-02 
4.04509E-02 
3.91914E-02 
3.79551E-02 
3.67428E-02 
3.55552E-02 
6.80553E-02 
6.65841E-02 
6.51372E-02 
6.37123E-02 
6.22917E-02 
6.08775E-02 
5.94713E-02 
5.83898E-02 
5.80748E-02 
5.65815E-02 
5.51029E-02 
5.36405E-02 
5.21959E-02 
5.07844E-02 
4.93863E-02 
4.79997E-02 
4.66266E-02 
4.52690E-02 
4.39284E-02 
4.26065E-02 
4.13045E-02 
4.00237E-02 
3.87652E-02 
3.75299E-02 
3.63185E-02 
3.51319E-02 
6.74902E-02 
6.60205E-02 
6.45750E-02 
6.31514E-02 
6.17323E-02 
6.03195E-02 
5.89147E-02 
5.78342E-02 
5.75195E-02 
5.60276E-02 
5.45504E-02 
5.30895E-02 
5.16463E-02 
5.02362E-02 
4.88394E-02 
4.74542E-02 
4.60825E-02 
4.47262E-02 
4.33869E-02 
4.20663E-02 
4.07656E-02 
3.94860E-02 
3.82287E-02 
3.69946E-02 
3.57845E-02 
3.45990E-02 
6.67813E-02 
6.53134E-02 
6.38697E-02 
6.24479E-02 
6.10305E-02 
5.96194E-02 
5.82163E-02 
5.71372E-02 
5.68228E-02 
5.53328E-02 
5.38575E-02 
5.23983E-02 
5.09569E-02 
4.95485E-02 
4.81535E-02 
4.67699E-02 
4.53999E-02 
4.40453E-02 
4.27077E-02 
4.13886E-02 
4.00895E-02 
3.88116E-02 
3.75558E-02 
3.63232E-02 
3.51146E-02 
3.39305E-02 
6.58971E-02 
6.44314E-02 
6.29900E-02 
6.15704E-02 
6.01551E-02 
5.87462E-02 
5.73453E-02 
5.62678E-02 
5.59539E-02 
5.44662E-02 
5.29931E-02 
5.15362E-02 
5.00970E-02 
4.86908E-02 
4.72979E-02 
4.59165E-02 
4.45486E-02 
4.31960E-02 
4.18605E-02 
4.05435E-02 
3.92464E-02 
3.79704E-02 
3.67165E-02 
3.54858E-02 
3.42790E-02 
3.30968E-02 
6.48013E-02 
6.33384E-02 
6.18997E-02 
6.04828E-02 
5.90703E-02 
5.76640E-02 
5.62658E-02 
5.51904E-02 
5.48771E-02 
5.33922E-02 
5.19220E-02 
5.04678E-02 
4.90314E-02 
4.76279E-02 
4.62376E-02 
4.48589E-02 
4.34936E-02 
4.21436E-02 
4.08106E-02 
3.94961E-02 
3.82015E-02 
3.69279E-02 
3.56765E-02 
3.44481E-02 
3.32436E-02 
3.20637E-02 
6.34534E-02 
6.19940E-02 
6.05587E-02 
5.91452E-02 
5.77360E-02 
5.63331E-02 
5.49381E-02 
5.38653E-02 
5.35527E-02 
5.20714E-02 
5.06046E-02 
4.91539E-02 
4.77208E-02 
4.63206E-02 
4.49337E-02 
4.35582E-02 
4.21961E-02 
4.08493E-02 
3.95195E-02 
3.82081E-02 
3.69165E-02 
3.56460E-02 
3.43975E-02 
3.31721E-02 
3.19704E-02 
3.07932E-02 
6.18107E-02 
6.03555E-02 
5.89244E-02 
5.75149E-02 
5.61098E-02 
5.47109E-02 
5.33200E-02 
5.22503E-02 
5.19387E-02 
5.04616E-02 
4.89990E-02 
4.75526E-02 
4.61236E-02 
4.47275E-02 
4.33446E-02 
4.19730E-02 
4.06149E-02 
3.92721E-02 
3.79461E-02 
3.66385E-02 
3.53507E-02 
3.40838E-02 
3.28389E-02 
3.16170E-02 
3.04189E-02 
2.92451E-02 
5.98289E-02 
5.83788E-02 
5.69527E-02 
5.55482E-02 
5.41480E-02 
5.27541E-02 
5.13681E-02 
5.03021E-02 
4.99916E-02 
4.85198E-02 
4.70624E-02 
4.56210E-02 
4.41971E-02 
4.28059E-02 
4.14278E-02 
4.00611E-02 
3.87078E-02 
3.73696E-02 
3.60483E-02 
3.47453E-02 
3.34620E-02 
3.21996E-02 
3.09592E-02 
2.97416E-02 
2.85476E-02 
2.73780E-02 
5.74661E-02 
5.60222E-02 
5.46021E-02 
5.32035E-02 
5.18093E-02 
5.04213E-02 
4.90412E-02 
4.79797E-02 
4.76705E-02 
4.62049E-02 
4.47537E-02 
4.33184E-02 
4.19005E-02 
4.05152E-02 
3.91430E-02 
3.77821E-02 
3.64345E-02 
3.51020E-02 
3.37863E-02 
3.24888E-02 
3.12109E-02 
2.99539E-02 
2.87187E-02 
2.75062E-02 
2.63174E-02 
2.51527E-02 
5.46809E-02 
5.32443E-02 
5.18314E-02 
5.04399E-02 
4.90527E-02 
4.76717E-02 
4.62985E-02 
4.52424E-02 
4.49348E-02 
4.34765E-02 
4.20326E-02 
4.06046E-02 
3.91939E-02 
3.78156E-02 
3.64502E-02 
3.50962E-02 
3.37554E-02 
3.24297E-02 
3.11206E-02 
2.98297E-02 
2.85583E-02 
2.73075E-02 
2.60786E-02 
2.48722E-02 
2.36894E-02 
2.25306E-02 
5.14580E-02 
5.00298E-02 
4.86253E-02 
4.72420E-02 
4.58630E-02 
4.44902E-02 
4.31252E-02 
4.20753E-02 
4.17695E-02 
4.03198E-02 
3.88845E-02 
3.74649E-02 
3.60625E-02 
3.46924E-02 
3.33351E-02 
3.19891E-02 
3.06562E-02 
2.93383E-02 
2.80370E-02 
2.67537E-02 
2.54898E-02 
2.42465E-02 
2.30248E-02 
2.18256E-02 
2.06497E-02 
1.94978E-02 
4.77663E-02 
4.63480E-02 
4.49532E-02 
4.35794E-02 
4.22099E-02 
4.08465E-02 
3.94908E-02 
3.84482E-02 
3.81445E-02 
3.67048E-02 
3.52793E-02 
3.38695E-02 
3.24768E-02 
3.11160E-02 
2.97681E-02 
2.84313E-02 
2.71076E-02 
2.57988E-02 
2.45064E-02 
2.32319E-02 
2.19767E-02 
2.07420E-02 
1.95287E-02 
1.83377E-02 
1.71699E-02 
1.60259E-02 
4.36041E-02 
4.21970E-02 
4.08131E-02 
3.94502E-02 
3.80915E-02 
3.67389E-02 
3.53939E-02 
3.43595E-02 
3.40581E-02 
3.26298E-02 
3.12156E-02 
2.98169E-02 
2.84351E-02 
2.70851E-02 
2.57478E-02 
2.44216E-02 
2.31084E-02 
2.18098E-02 
2.05276E-02 
1.92632E-02 
1.80179E-02 
1.67929E-02 
1.55891E-02 
1.44076E-02 
1.32490E-02 
1.21140E-02 
3.89786E-02 
3.75840E-02 
3.62125E-02 
3.48618E-02 
3.35152E-02 
3.21747E-02 
3.08417E-02 
2.98165E-02 
2.95179E-02 
2.81024E-02 
2.67008E-02 
2.53146E-02 
2.39452E-02 
2.26072E-02 
2.12819E-02 
1.99675E-02 
1.86660E-02 
1.73791E-02 
1.61084E-02 
1.48553E-02 
1.36211E-02 
1.24070E-02 
1.12140E-02 
1.00430E-02 
8.89480E-03 
7.76995E-03 
3.39102E-02 
3.25296E-02 
3.11718E-02 
2.98346E-02 
2.85015E-02 
2.71744E-02 
2.58548E-02 
2.48399E-02 
2.45443E-02 
2.31429E-02 
2.17553E-02 
2.03830E-02 
1.90274E-02 
1.77028E-02 
1.63908E-02 
1.50896E-02 
1.38011E-02 
1.25270E-02 
1.12690E-02 
1.00285E-02 
8.80668E-03 
7.60477E-03 
6.42374E-03 
5.26448E-03 
4.12775E-03 
3.01416E-03 
2.84318E-02 
2.70665E-02 
2.57239E-02 
2.44015E-02 
2.30832E-02 
2.17708E-02 
2.04659E-02 
1.94622E-02 
1.91699E-02 
1.77841E-02 
1.64119E-02 
1.50549E-02 
1.37143E-02 
1.24044E-02 
1.11069E-02 
9.82018E-03 
8.54601E-03 
7.28612E-03 
6.04208E-03 
4.81531E-03 
3.60707E-03 
2.41850E-03 
1.25059E-03 
1.04205E-04 
-1.01991E-03 
-2.12113E-03 
2.25885E-02 
2.12399E-02 
1.99135E-02 
1.86073E-02 
1.73051E-02 
1.60087E-02 
1.47196E-02 
1.37282E-02 
1.34394E-02 
1.20705E-02 
1.07151E-02 
9.37452E-03 
8.05024E-03 
6.75636E-03 
5.47469E-03 
4.20360E-03 
2.94495E-03 
1.70041E-03 
4.71523E-04 
-7.40306E-04 
-1.93383E-03 
-3.10792E-03 
-4.26161E-03 
-5.39402E-03 
-6.50444E-03 
-7.59224E-03 
1.64318E-02 
1.51010E-02 
1.37923E-02 
1.25033E-02 
1.12183E-02 
9.93910E-03 
8.66711E-03 
7.68881E-03 
7.40384E-03 
6.05306E-03 
4.71556E-03 
3.39276E-03 
2.08601E-03 
8.09258E-04 
-4.55454E-04 
-1.70971E-03 
-2.95170E-03 
-4.17977E-03 
-5.39239E-03 
-6.58817E-03 
-7.76589E-03 
-8.92444E-03 
-1.00629E-02 
-1.11803E-02 
-1.22760E-02 
-1.33494E-02 
1.00524E-02 
8.74051E-03 
7.45032E-03 
6.17963E-03 
4.91289E-03 
3.65181E-03 
2.39787E-03 
1.43346E-03 
1.15253E-03 
-1.79093E-04 
-1.49762E-03 
-2.80165E-03 
-4.08986E-03 
-5.34850E-03 
-6.59527E-03 
-7.83173E-03 
-9.05610E-03 
-1.02667E-02 
-1.14622E-02 
-1.26410E-02 
-1.38020E-02 
-1.49441E-02 
-1.60664E-02 
-1.71679E-02 
-1.82481E-02 
-1.93063E-02 
3.43099E-03 
2.13914E-03 
8.68645E-04 
-3.82634E-04 
-1.63002E-03 
-2.87184E-03 
-4.10663E-03 
-5.05632E-03 
-5.33295E-03 
-6.64424E-03 
-7.94262E-03 
-9.22674E-03 
-1.04953E-02 
-1.17347E-02 
-1.29624E-02 
-1.41800E-02 
-1.53857E-02 
-1.65778E-02 
-1.77550E-02 
-1.89158E-02 
-2.00591E-02 
-2.11837E-02 
-2.22889E-02 
-2.33736E-02 
-2.44373E-02 
-2.54793E-02 
-3.31435E-03 
-4.58529E-03 
-5.83522E-03 
-7.06624E-03 
-8.29344E-03 
-9.51516E-03 
-1.07300E-02 
-1.16643E-02 
-1.19364E-02 
-1.32265E-02 
-1.45039E-02 
-1.57672E-02 
-1.70152E-02 
-1.82346E-02 
-1.94424E-02 
-2.06403E-02 
-2.18264E-02 
-2.29993E-02 
-2.41574E-02 
-2.52994E-02 
-2.64242E-02 
-2.75307E-02 
-2.86179E-02 
-2.96851E-02 
-3.07315E-02 
-3.17567E-02 
-1.01481E-02 
-1.13973E-02 
-1.26259E-02 
-1.38358E-02 
-1.50420E-02 
-1.62429E-02 
-1.74369E-02 
-1.83552E-02 
-1.86227E-02 
-1.98907E-02 
-2.11462E-02 
-2.23879E-02 
-2.36146E-02 
-2.48131E-02 
-2.60003E-02 
-2.71777E-02 
-2.83435E-02 
-2.94963E-02 
-3.06346E-02 
-3.17571E-02 
-3.28626E-02 
-3.39502E-02 
-3.50188E-02 
-3.60677E-02 
-3.70963E-02 
-3.81039E-02 
-1.70203E-02 
-1.82471E-02 
-1.94535E-02 
-2.06417E-02 
-2.18262E-02 
-2.30054E-02 
-2.41779E-02 
-2.50797E-02 
-2.53424E-02 
-2.65876E-02 
-2.78205E-02 
-2.90399E-02 
-3.02444E-02 
-3.14214E-02 
-3.25872E-02 
-3.37434E-02 
-3.48883E-02 
-3.60203E-02 
-3.71381E-02 
-3.82404E-02 
-3.93260E-02 
-4.03940E-02 
-4.14434E-02 
-4.24735E-02 
-4.34835E-02 
-4.44730E-02 
-2.38848E-02 
-2.50884E-02 
-2.62720E-02 
-2.74378E-02 
-2.86000E-02 
-2.97569E-02 
-3.09073E-02 
-3.17921E-02 
-3.20499E-02 
-3.32715E-02 
-3.44812E-02 
-3.56776E-02 
-3.68594E-02 
-3.80142E-02 
-3.91580E-02 
-4.02924E-02 
-4.14157E-02 
-4.25263E-02 
-4.36231E-02 
-4.47046E-02 
-4.57697E-02 
-4.68175E-02 
-4.78471E-02 
-4.88578E-02 
-4.98488E-02 
-5.08196E-02 
-3.06985E-02 
-3.18784E-02 
-3.30387E-02 
-3.41815E-02 
-3.53208E-02 
-3.64549E-02 
-3.75827E-02 
-3.84501E-02 
-3.87027E-02 
-3.99003E-02 
-4.10862E-02 
-4.22590E-02 
-4.34175E-02 
-4.45495E-02 
-4.56708E-02 
-4.67828E-02 
-4.78840E-02 
-4.89728E-02 
-5.00479E-02 
-5.11081E-02 
-5.21522E-02 
-5.31794E-02 
-5.41887E-02 
-5.51795E-02 
-5.61509E-02 
-5.71026E-02 
-3.73576E-02 
-3.85135E-02 
-3.96503E-02 
-4.07699E-02 
-4.18860E-02 
-4.29971E-02 
-4.41019E-02 
-4.49516E-02 
-4.51992E-02 
-4.63724E-02 
-4.75342E-02 
-4.86831E-02 
-4.98182E-02 
-5.09271E-02 
-5.20256E-02 
-5.31151E-02 
-5.41939E-02 
-5.52605E-02 
-5.63138E-02 
-5.73524E-02 
-5.83754E-02 
-5.93817E-02 
-6.03705E-02 
-6.13411E-02 
-6.22928E-02 
-6.32252E-02 
-4.39560E-02 
-4.50873E-02 
-4.61998E-02 
-4.72955E-02 
-4.83879E-02 
-4.94753E-02 
-5.05566E-02 
-5.13882E-02 
-5.16305E-02 
-5.27787E-02 
-5.39157E-02 
-5.50402E-02 
-5.61510E-02 
-5.72364E-02 
-5.83115E-02 
-5.93777E-02 
-6.04335E-02 
-6.14774E-02 
-6.25082E-02 
-6.35247E-02 
-6.45259E-02 
-6.55107E-02 
-6.64785E-02 
-6.74284E-02 
-6.83598E-02 
-6.92723E-02 
-5.03673E-02 
-5.14736E-02 
-5.25617E-02 
-5.36333E-02 
-5.47016E-02 
-5.57652E-02 
-5.68227E-02 
-5.76360E-02 
-5.78729E-02 
-5.89960E-02 
-6.01079E-02 
-6.12077E-02 
-6.22941E-02 
-6.33556E-02 
-6.44070E-02 
-6.54498E-02 
-6.64824E-02 
-6.75033E-02 
-6.85115E-02 
-6.95057E-02 
-7.04848E-02 
-7.14480E-02 
-7.23944E-02 
-7.33235E-02 
-7.42344E-02 
-7.51268E-02 
-5.65868E-02 
-5.76680E-02 
-5.87314E-02 
-5.97787E-02 
-6.08227E-02 
-6.18620E-02 
-6.28955E-02 
-6.36904E-02 
-6.39219E-02 
-6.50194E-02 
-6.61061E-02 
-6.71808E-02 
-6.82426E-02 
-6.92799E-02 
-7.03075E-02 
-7.13265E-02 
-7.23356E-02 
-7.33334E-02 
-7.43186E-02 
-7.52902E-02 
-7.62471E-02 
-7.71884E-02 
-7.81133E-02 
-7.90212E-02 
-7.99115E-02 
-8.07836E-02 
-6.25844E-02 
-6.36403E-02 
-6.46787E-02 
-6.57014E-02 
-6.67210E-02 
-6.77360E-02 
-6.87453E-02 
-6.95215E-02 
-6.97476E-02 
-7.08194E-02 
-7.18806E-02 
-7.29302E-02 
-7.39670E-02 
-7.49801E-02 
-7.59836E-02 
-7.69787E-02 
-7.79642E-02 
-7.89386E-02 
-7.99008E-02 
-8.08496E-02 
-8.17840E-02 
-8.27033E-02 
-8.36066E-02 
-8.44932E-02 
-8.53626E-02 
-8.62143E-02 
-6.83525E-02 
-6.93829E-02 
-7.03962E-02 
-7.13942E-02 
-7.23891E-02 
-7.33796E-02 
-7.43644E-02 
-7.51219E-02 
-7.53426E-02 
-7.63884E-02 
-7.74240E-02 
-7.84482E-02 
-7.94600E-02 
-8.04485E-02 
-8.14277E-02 
-8.23989E-02 
-8.33605E-02 
-8.43114E-02 
-8.52503E-02 
-8.61761E-02 
-8.70880E-02 
-8.79850E-02 
-8.88664E-02 
-8.97316E-02 
-9.05800E-02 
-9.14111E-02 
-7.38649E-02 
-7.48697E-02 
-7.58578E-02 
-7.68310E-02 
-7.78011E-02 
-7.87669E-02 
-7.97273E-02 
-8.04659E-02 
-8.06810E-02 
-8.17009E-02 
-8.27107E-02 
-8.37094E-02 
-8.46960E-02 
-8.56599E-02 
-8.66148E-02 
-8.75617E-02 
-8.84994E-02 
-8.94266E-02 
-9.03422E-02 
-9.12450E-02 
-9.21341E-02 
-9.30089E-02 
-9.38684E-02 
-9.47120E-02 
-9.55393E-02 
-9.63497E-02 
-7.91058E-02 
-8.00848E-02 
-8.10476E-02 
-8.19959E-02 
-8.29412E-02 
-8.38823E-02 
-8.48181E-02 
-8.55378E-02 
-8.57474E-02 
-8.67412E-02 
-8.77251E-02 
-8.86983E-02 
-8.96596E-02 
-9.05989E-02 
-9.15293E-02 
-9.24521E-02 
-9.33658E-02 
-9.42692E-02 
-9.51613E-02 
-9.60410E-02 
-9.69074E-02 
-9.77598E-02 
-9.85973E-02 
-9.94193E-02 
-1.00225E-01 
-1.01015E-01 
-8.40650E-02 
-8.50182E-02 
-8.59557E-02 
-8.68790E-02 
-8.77995E-02 
-8.87158E-02 
-8.96269E-02 
-9.03277E-02 
-9.05318E-02 
-9.14994E-02 
-9.24575E-02 
-9.34050E-02 
-9.43411E-02 
-9.52556E-02 
-9.61616E-02 
-9.70600E-02 
-9.79496E-02 
-9.88293E-02 
-9.96979E-02 
-1.00555E-01 
-1.01398E-01 
-1.02228E-01 
-1.03043E-01 
-1.03844E-01 
-1.04629E-01 
-1.05398E-01 
-8.87231E-02 
-8.96506E-02 
-9.05628E-02 
-9.14612E-02 
-9.23567E-02 
-9.32483E-02 
-9.41349E-02 
-9.48167E-02 
-9.50153E-02 
-9.59568E-02 
-9.68890E-02 
-9.78110E-02 
-9.87218E-02 
-9.96116E-02 
-1.00493E-01 
-1.01367E-01 
-1.02233E-01 
-1.03089E-01 
-1.03934E-01 
-1.04767E-01 
-1.05588E-01 
-1.06396E-01 
-1.07189E-01 
-1.07968E-01 
-1.08732E-01 
-1.09480E-01 
-9.30844E-02 
-9.39861E-02 
-9.48730E-02 
-9.57464E-02 
-9.66172E-02 
-9.74840E-02 
-9.83459E-02 
-9.90089E-02 
-9.92020E-02 
-1.00117E-01 
-1.01024E-01 
-1.01920E-01 
-1.02805E-01 
-1.03671E-01 
-1.04528E-01 
-1.05378E-01 
-1.06219E-01 
-1.07051E-01 
-1.07873E-01 
-1.08683E-01 
-1.09481E-01 
-1.10266E-01 
-1.11038E-01 
-1.11795E-01 
-1.12538E-01 
-1.13265E-01 
-9.70982E-02 
-9.79745E-02 
-9.88364E-02 
-9.96851E-02 
-1.00531E-01 
-1.01374E-01 
-1.02211E-01 
-1.02855E-01 
-1.03043E-01 
-1.03933E-01 
-1.04813E-01 
-1.05684E-01 
-1.06545E-01 
-1.07386E-01 
-1.08218E-01 
-1.09044E-01 
-1.09862E-01 
-1.10671E-01 
-1.11469E-01 
-1.12257E-01 
-1.13032E-01 
-1.13795E-01 
-1.14545E-01 
-1.15281E-01 
-1.16002E-01 
-1.16709E-01 
-1.00828E-01 
-1.01679E-01 
-1.02516E-01 
-1.03340E-01 
-1.04161E-01 
-1.04979E-01 
-1.05792E-01 
-1.06417E-01 
-1.06600E-01 
-1.07463E-01 
-1.08318E-01 
-1.09164E-01 
-1.09999E-01 
-1.10815E-01 
-1.11624E-01 
-1.12426E-01 
-1.13220E-01 
-1.14005E-01 
-1.14780E-01 
-1.15544E-01 
-1.16297E-01 
-1.17038E-01 
-1.17766E-01 
-1.18480E-01 
-1.19180E-01 
-1.19867E-01 
-1.04233E-01 
-1.05058E-01 
-1.05870E-01 
-1.06669E-01 
-1.07466E-01 
-1.08259E-01 
-1.09048E-01 
-1.09655E-01 
-1.09831E-01 
-1.10669E-01 
-1.11499E-01 
-1.12319E-01 
-1.13129E-01 
-1.13921E-01 
-1.14705E-01 
-1.15483E-01 
-1.16253E-01 
-1.17015E-01 
-1.17767E-01 
-1.18509E-01 
-1.19239E-01 
-1.19957E-01 
-1.20663E-01 
-1.21356E-01 
-1.22036E-01 
-1.22702E-01 
-1.07310E-01 
-1.08110E-01 
-1.08897E-01 
-1.09672E-01 
-1.10444E-01 
-1.11213E-01 
-1.11978E-01 
-1.12566E-01 
-1.12737E-01 
-1.13549E-01 
-1.14353E-01 
-1.15148E-01 
-1.15934E-01 
-1.16701E-01 
-1.17462E-01 
-1.18216E-01 
-1.18962E-01 
-1.19701E-01 
-1.20430E-01 
-1.21148E-01 
-1.21856E-01 
-1.22553E-01 
-1.23237E-01 
-1.23909E-01 
-1.24568E-01 
-1.25213E-01 
-1.10060E-01 
-1.10834E-01 
-1.11596E-01 
-1.12347E-01 
-1.13095E-01 
-1.13840E-01 
-1.14581E-01 
-1.15150E-01 
-1.15316E-01 
-1.16103E-01 
-1.16882E-01 
-1.17652E-01 
-1.18413E-01 
-1.19156E-01 
-1.19893E-01 
-1.20623E-01 
-1.21346E-01 
-1.22061E-01 
-1.22767E-01 
-1.23463E-01 
-1.24149E-01 
-1.24824E-01 
-1.25487E-01 
-1.26137E-01 
-1.26775E-01 
-1.27400E-01 
-1.12481E-01 
-1.13231E-01 
-1.13969E-01 
-1.14695E-01 
-1.15419E-01 
-1.16140E-01 
-1.16857E-01 
-1.17408E-01 
-1.17569E-01 
-1.18330E-01 
-1.19084E-01 
-1.19829E-01 
-1.20566E-01 
-1.21285E-01 
-1.21998E-01 
-1.22705E-01 
-1.23405E-01 
-1.24097E-01 
-1.24780E-01 
-1.25454E-01 
-1.26118E-01 
-1.26771E-01 
-1.27412E-01 
-1.28042E-01 
-1.28659E-01 
-1.29264E-01 
-1.14576E-01 
-1.15302E-01 
-1.16015E-01 
-1.16717E-01 
-1.17418E-01 
-1.18115E-01 
-1.18808E-01 
-1.19341E-01 
-1.19496E-01 
-1.20232E-01 
-1.20961E-01 
-1.21682E-01 
-1.22394E-01 
-1.23090E-01 
-1.23779E-01 
-1.24463E-01 
-1.25140E-01 
-1.25809E-01 
-1.26470E-01 
-1.27121E-01 
-1.27763E-01 
-1.28394E-01 
-1.29015E-01 
-1.29624E-01 
-1.30221E-01 
-1.30806E-01 
-1.16346E-01 
-1.17047E-01 
-1.17736E-01 
-1.18415E-01 
-1.19091E-01 
-1.19765E-01 
-1.20435E-01 
-1.20950E-01 
-1.21100E-01 
-1.21811E-01 
-1.22515E-01 
-1.23212E-01 
-1.23900E-01 
-1.24572E-01 
-1.25238E-01 
-1.25899E-01 
-1.26553E-01 
-1.27199E-01 
-1.27838E-01 
-1.28467E-01 
-1.29087E-01 
-1.29697E-01 
-1.30297E-01 
-1.30885E-01 
-1.31462E-01 
-1.32027E-01 
-1.17794E-01 
-1.18470E-01 
-1.19135E-01 
-1.19791E-01 
-1.20444E-01 
-1.21094E-01 
-1.21740E-01 
-1.22238E-01 
-1.22383E-01 
-1.23069E-01 
-1.23749E-01 
-1.24421E-01 
-1.25086E-01 
-1.25735E-01 
-1.26377E-01 
-1.27015E-01 
-1.27646E-01 
-1.28271E-01 
-1.28887E-01 
-1.29495E-01 
-1.30093E-01 
-1.30682E-01 
-1.31261E-01 
-1.31829E-01 
-1.32386E-01 
-1.32931E-01 
-1.18924E-01 
-1.19576E-01 
-1.20217E-01 
-1.20849E-01 
-1.21479E-01 
-1.22106E-01 
-1.22730E-01 
-1.23209E-01 
-1.23349E-01 
-1.24011E-01 
-1.24667E-01 
-1.25315E-01 
-1.25956E-01 
-1.26582E-01 
-1.27202E-01 
-1.27817E-01 
-1.28426E-01 
-1.29028E-01 
-1.29622E-01 
-1.30208E-01 
-1.30786E-01 
-1.31353E-01 
-1.31912E-01 
-1.32459E-01 
-1.32996E-01 
-1.33523E-01 
-1.19732E-01 
-1.20361E-01 
-1.20979E-01 
-1.21588E-01 
-1.22195E-01 
-1.22799E-01 
-1.23400E-01 
-1.23863E-01 
-1.23997E-01 
-1.24635E-01 
-1.25267E-01 
-1.25892E-01 
-1.26510E-01 
-1.27113E-01 
-1.27710E-01 
-1.28303E-01 
-1.28890E-01 
-1.29470E-01 
-1.30043E-01 
-1.30608E-01 
-1.31164E-01 
-1.31711E-01 
-1.32249E-01 
-1.32777E-01 
-1.33295E-01 
-1.33802E-01 
-1.20235E-01 
-1.20840E-01 
-1.21435E-01 
-1.22021E-01 
-1.22606E-01 
-1.23187E-01 
-1.23766E-01 
-1.24211E-01 
-1.24340E-01 
-1.24955E-01 
-1.25563E-01 
-1.26164E-01 
-1.26759E-01 
-1.27339E-01 
-1.27914E-01 
-1.28485E-01 
-1.29050E-01 
-1.29608E-01 
-1.30159E-01 
-1.30703E-01 
-1.31239E-01 
-1.31766E-01 
-1.32283E-01 
-1.32792E-01 
-1.33290E-01 
-1.33778E-01 
-1.20431E-01 
-1.21012E-01 
-1.21585E-01 
-1.22149E-01 
-1.22710E-01 
-1.23270E-01 
-1.23826E-01 
-1.24254E-01 
-1.24379E-01 
-1.24969E-01 
-1.25554E-01 
-1.26133E-01 
-1.26704E-01 
-1.27262E-01 
-1.27815E-01 
-1.28364E-01 
-1.28907E-01 
-1.29444E-01 
-1.29974E-01 
-1.30497E-01 
-1.31012E-01 
-1.31519E-01 
-1.32017E-01 
-1.32506E-01 
-1.32985E-01 
-1.33454E-01 
-1.20326E-01 
-1.20885E-01 
-1.21434E-01 
-1.21976E-01 
-1.22516E-01 
-1.23053E-01 
-1.23587E-01 
-1.23998E-01 
-1.24118E-01 
-1.24686E-01 
-1.25247E-01 
-1.25803E-01 
-1.26352E-01 
-1.26888E-01 
-1.27420E-01 
-1.27947E-01 
-1.28468E-01 
-1.28984E-01 
-1.29494E-01 
-1.29996E-01 
-1.30491E-01 
-1.30977E-01 
-1.31456E-01 
-1.31925E-01 
-1.32385E-01 
-1.32836E-01 
-1.19926E-01 
-1.20463E-01 
-1.20990E-01 
-1.21510E-01 
-1.22028E-01 
-1.22544E-01 
-1.23056E-01 
-1.23451E-01 
-1.23566E-01 
-1.24110E-01 
-1.24649E-01 
-1.25182E-01 
-1.25709E-01 
-1.26224E-01 
-1.26733E-01 
-1.27239E-01 
-1.27740E-01 
-1.28235E-01 
-1.28724E-01 
-1.29206E-01 
-1.29680E-01 
-1.30147E-01 
-1.30606E-01 
-1.31057E-01 
-1.31498E-01 
-1.31931E-01 
-1.19240E-01 
-1.19754E-01 
-1.20259E-01 
-1.20757E-01 
-1.21254E-01 
-1.21748E-01 
-1.22239E-01 
-1.22617E-01 
-1.22727E-01 
-1.23249E-01 
-1.23766E-01 
-1.24277E-01 
-1.24782E-01 
-1.25275E-01 
-1.25764E-01 
-1.26248E-01 
-1.26728E-01 
-1.27202E-01 
-1.27671E-01 
-1.28133E-01 
-1.28588E-01 
-1.29035E-01 
-1.29475E-01 
-1.29907E-01 
-1.30330E-01 
-1.30745E-01 
-1.18273E-01 
-1.18765E-01 
-1.19249E-01 
-1.19725E-01 
-1.20201E-01 
-1.20674E-01 
-1.21144E-01 
-1.21506E-01 
-1.21611E-01 
-1.22111E-01 
-1.22606E-01 
-1.23095E-01 
-1.23578E-01 
-1.24050E-01 
-1.24518E-01 
-1.24982E-01 
-1.25441E-01 
-1.25895E-01 
-1.26344E-01 
-1.26786E-01 
-1.27221E-01 
-1.27650E-01 
-1.28071E-01 
-1.28484E-01 
-1.28889E-01 
-1.29286E-01 
-1.17029E-01 
-1.17499E-01 
-1.17962E-01 
-1.18418E-01 
-1.18872E-01 
-1.19324E-01 
-1.19774E-01 
-1.20120E-01 
-1.20220E-01 
-1.20698E-01 
-1.21171E-01 
-1.21638E-01 
-1.22100E-01 
-1.22552E-01 
-1.22999E-01 
-1.23442E-01 
-1.23881E-01 
-1.24315E-01 
-1.24744E-01 
-1.25167E-01 
-1.25583E-01 
-1.25993E-01 
-1.26395E-01 
-1.26790E-01 
-1.27178E-01 
-1.27557E-01 
-1.15524E-01 
-1.15974E-01 
-1.16415E-01 
-1.16850E-01 
-1.17284E-01 
-1.17716E-01 
-1.18145E-01 
-1.18475E-01 
-1.18571E-01 
-1.19027E-01 
-1.19479E-01 
-1.19925E-01 
-1.20366E-01 
-1.20797E-01 
-1.21224E-01 
-1.21647E-01 
-1.22067E-01 
-1.22481E-01 
-1.22890E-01 
-1.23294E-01 
-1.23692E-01 
-1.24083E-01 
-1.24467E-01 
-1.24844E-01 
-1.25214E-01 
-1.25576E-01 
-1.13762E-01 
-1.14190E-01 
-1.14611E-01 
-1.15026E-01 
-1.15440E-01 
-1.15851E-01 
-1.16261E-01 
-1.16575E-01 
-1.16667E-01 
-1.17102E-01 
-1.17532E-01 
-1.17958E-01 
-1.18378E-01 
-1.18789E-01 
-1.19196E-01 
-1.19600E-01 
-1.19999E-01 
-1.20394E-01 
-1.20785E-01 
-1.21169E-01 
-1.21548E-01 
-1.21921E-01 
-1.22287E-01 
-1.22647E-01 
-1.23000E-01 
-1.23345E-01 
-1.11751E-01 
-1.12158E-01 
-1.12559E-01 
-1.12954E-01 
-1.13348E-01 
-1.13739E-01 
-1.14129E-01 
-1.14429E-01 
-1.14516E-01 
-1.14930E-01 
-1.15339E-01 
-1.15744E-01 
-1.16145E-01 
-1.16536E-01 
-1.16923E-01 
-1.17307E-01 
-1.17688E-01 
-1.18064E-01 
-1.18435E-01 
-1.18802E-01 
-1.19162E-01 
-1.19517E-01 
-1.19866E-01 
-1.20208E-01 
-1.20544E-01 
-1.20872E-01 
-1.09499E-01 
-1.09886E-01 
-1.10267E-01 
-1.10642E-01 
-1.11016E-01 
-1.11389E-01 
-1.11759E-01 
-1.12044E-01 
-1.12127E-01 
-1.12520E-01 
-1.12909E-01 
-1.13294E-01 
-1.13675E-01 
-1.14046E-01 
-1.14414E-01 
-1.14779E-01 
-1.15141E-01 
-1.15498E-01 
-1.15851E-01 
-1.16199E-01 
-1.16542E-01 
-1.16879E-01 
-1.17211E-01 
-1.17536E-01 
-1.17855E-01 
-1.18167E-01 
-1.07016E-01 
-1.07384E-01 
-1.07745E-01 
-1.08101E-01 
-1.08456E-01 
-1.08809E-01 
-1.09160E-01 
-1.09430E-01 
-1.09509E-01 
-1.09882E-01 
-1.10251E-01 
-1.10617E-01 
-1.10977E-01 
-1.11330E-01 
-1.11679E-01 
-1.12025E-01 
-1.12368E-01 
-1.12707E-01 
-1.13042E-01 
-1.13372E-01 
-1.13698E-01 
-1.14018E-01 
-1.14332E-01 
-1.14640E-01 
-1.14943E-01 
-1.15239E-01 
-1.04312E-01 
-1.04660E-01 
-1.05002E-01 
-1.05339E-01 
-1.05675E-01 
-1.06009E-01 
-1.06342E-01 
-1.06597E-01 
-1.06672E-01 
-1.07025E-01 
-1.07375E-01 
-1.07721E-01 
-1.08062E-01 
-1.08396E-01 
-1.08727E-01 
-1.09055E-01 
-1.09379E-01 
-1.09701E-01 
-1.10018E-01 
-1.10330E-01 
-1.10638E-01 
-1.10941E-01 
-1.11239E-01 
-1.11531E-01 
-1.11817E-01 
-1.12098E-01 
-1.01394E-01 
-1.01723E-01 
-1.02046E-01 
-1.02365E-01 
-1.02682E-01 
-1.02998E-01 
-1.03312E-01 
-1.03554E-01 
-1.03624E-01 
-1.03958E-01 
-1.04289E-01 
-1.04615E-01 
-1.04938E-01 
-1.05254E-01 
-1.05566E-01 
-1.05876E-01 
-1.06183E-01 
-1.06486E-01 
-1.06786E-01 
-1.07081E-01 
-1.07372E-01 
-1.07658E-01 
-1.07940E-01 
-1.08216E-01 
-1.08487E-01 
-1.08752E-01 
-9.82756E-02 
-9.85856E-02 
-9.88905E-02 
-9.91908E-02 
-9.94901E-02 
-9.97881E-02 
-1.00084E-01 
-1.00312E-01 
-1.00379E-01 
-1.00693E-01 
-1.01005E-01 
-1.01313E-01 
-1.01618E-01 
-1.01915E-01 
-1.02210E-01 
-1.02502E-01 
-1.02791E-01 
-1.03077E-01 
-1.03360E-01 
-1.03638E-01 
-1.03913E-01 
-1.04183E-01 
-1.04448E-01 
-1.04708E-01 
-1.04963E-01 
-1.05213E-01 
---
