PdfType: replica
Format: lhagrid1
---
1.00000E-06 1.28121E-06 1.64152E-06 2.10317E-06 2.69463E-06 3.45242E-06 4.42329E-06 5.66715E-06 7.26076E-06 9.30241E-06 1.19180E-05 1.52689E-05 1.95617E-05 2.50609E-05 3.21053E-05 4.11287E-05 5.26863E-05 6.74889E-05 8.64459E-05 1.10720E-04 1.41800E-04 1.81585E-04 2.32503E-04 2.97652E-04 3.80981E-04 4.87518E-04 6.26039E-04 8.00452E-04 1.02297E-03 1.30657E-03 1.66759E-03 2.12729E-03 2.71054E-03 3.44865E-03 4.37927E-03 5.54908E-03 7.01192E-03 8.83064E-03 1.10763E-02 1.38266E-02 1.71641E-02 2.11717E-02 2.59364E-02 3.15062E-02 3.79623E-02 4.53425E-02 5.36750E-02 6.29705E-02 7.32221E-02 8.44039E-02 9.64793E-02 1.09332E-01 1.23067E-01 1.37507E-01 1.52639E-01 1.68416E-01 1.84794E-01 2.01731E-01 2.19016E-01 2.36948E-01 2.55242E-01 2.73927E-01 2.92954E-01 3.12340E-01 3.32036E-01 3.52019E-01 3.72282E-01 3.92772E-01 4.13533E-01 4.34326E-01 4.55495E-01 4.76836E-01 4.98342E-01 5.20006E-01 5.41818E-01 5.63773E-01 5.85861E-01 6.08077E-01 6.30459E-01 6.52800E-01 6.75387E-01 6.98063E-01 7.20830E-01 7.43683E-01 7.66623E-01 7.89636E-01 8.12791E-01 8.35940E-01 8.59175E-01 8.82485E-01 9.05866E-01 9.29311E-01 9.52817E-01 9.76387E-01 1.00000E+00 
1.14018E+00 1.22539E+00 1.32482E+00 1.44156E+00 1.57954E+00 1.74381E+00 1.94091E+00 2.12132E+00 2.17945E+00 2.49622E+00 2.89383E+00 3.39925E+00 4.05063E+00 4.90286E+00 6.03623E+00 7.57063E+00 9.68869E+00 1.26749E+01 1.69835E+01 2.33578E+01 3.30501E+01 4.82334E+01 7.28041E+01 1.13998E+02 1.85779E+02 3.16228E+02 
908
9.18119E-02 
9.02196E-02 
8.86386E-02 
8.70667E-02 
8.54851E-02 
8.38962E-02 
8.23017E-02 
8.10655E-02 
8.07037E-02 
7.89791E-02 
7.72549E-02 
7.55335E-02 
7.38170E-02 
7.21247E-02 
7.04332E-02 
6.87409E-02 
6.70506E-02 
6.53649E-02 
6.36865E-02 
6.20179E-02 
6.03613E-02 
5.87190E-02 
5.70930E-02 
5.54853E-02 
5.38975E-02 
5.23314E-02 
9.18117E-02 
9.02195E-02 
8.86385E-02 
8.70665E-02 
8.54850E-02 
8.38960E-02 
8.23015E-02 
8.10653E-02 
8.07036E-02 
7.89789E-02 
7.72547E-02 
7.55333E-02 
7.38169E-02 
7.21245E-02 
7.04330E-02 
6.87407E-02 
6.70504E-02 
6.53648E-02 
6.36864E-02 
6.20177E-02 
6.03611E-02 
5.87188E-02 
5.70928E-02 
5.54851E-02 
5.38973E-02 
5.23312E-02 
9.18115E-02 
9.02193E-02 
8.86382E-02 
8.70663E-02 
8.54848E-02 
8.38958E-02 
8.23013E-02 
8.10651E-02 
8.07034E-02 
7.89787E-02 
7.72545E-02 
7.55331E-02 
7.38167E-02 
7.21243E-02 
7.04328E-02 
6.87405E-02 
6.70502E-02 
6.53645E-02 
6.36862E-02 
6.20175E-02 
6.03609E-02 
5.87186E-02 
5.70926E-02 
5.54849E-02 
5.38971E-02 
5.23310E-02 
9.18113E-02 
9.02190E-02 
8.86380E-02 
8.70660E-02 
8.54845E-02 
8.38955E-02 
8.23010E-02 
8.10648E-02 
8.07031E-02 
7.89784E-02 
7.72542E-02 
7.55328E-02 
7.38164E-02 
7.21240E-02 
7.04325E-02 
6.87402E-02 
6.70499E-02 
6.53643E-02 
6.36859E-02 
6.20172E-02 
6.03606E-02 
5.87183E-02 
5.70923E-02 
5.54846E-02 
5.38968E-02 
5.23307E-02 
9.18109E-02 
9.02186E-02 
8.86376E-02 
8.70657E-02 
8.54842E-02 
8.38952E-02 
8.23007E-02 
8.10645E-02 
8.07027E-02 
7.89780E-02 
7.72539E-02 
7.55325E-02 
7.38160E-02 
7.21236E-02 
7.04322E-02 
6.87399E-02 
6.70495E-02 
6.53639E-02 
6.36855E-02 
6.20169E-02 
6.03603E-02 
5.87180E-02 
5.70920E-02 
5.54842E-02 
5.38964E-02 
5.23303E-02 
9.18105E-02 
9.02182E-02 
8.86372E-02 
8.70652E-02 
8.54837E-02 
8.38947E-02 
8.23002E-02 
8.10640E-02 
8.07023E-02 
7.89776E-02 
7.72534E-02 
7.55320E-02 
7.38156E-02 
7.21232E-02 
7.04317E-02 
6.87394E-02 
6.70491E-02 
6.53634E-02 
6.36850E-02 
6.20164E-02 
6.03598E-02 
5.87175E-02 
5.70915E-02 
5.54837E-02 
5.38960E-02 
5.23298E-02 
9.18099E-02 
9.02176E-02 
8.86366E-02 
8.70647E-02 
8.54831E-02 
8.38941E-02 
8.22997E-02 
8.10634E-02 
8.07017E-02 
7.89770E-02 
7.72528E-02 
7.55314E-02 
7.38150E-02 
7.21226E-02 
7.04311E-02 
6.87388E-02 
6.70485E-02 
6.53628E-02 
6.36844E-02 
6.20158E-02 
6.03592E-02 
5.87169E-02 
5.70909E-02 
5.54831E-02 
5.38954E-02 
5.23292E-02 
9.18092E-02 
9.02169E-02 
8.86359E-02 
8.70640E-02 
8.54824E-02 
8.38934E-02 
8.22989E-02 
8.10627E-02 
8.07010E-02 
7.89763E-02 
7.72521E-02 
7.55307E-02 
7.38142E-02 
7.21218E-02 
7.04304E-02 
6.87380E-02 
6.70477E-02 
6.53621E-02 
6.36837E-02 
6.20150E-02 
6.03584E-02 
5.87161E-02 
5.70901E-02 
5.54823E-02 
5.38946E-02 
5.23284E-02 
9.18083E-02 
9.02160E-02 
8.86350E-02 
8.70630E-02 
8.54815E-02 
8.38925E-02 
8.22980E-02 
8.10618E-02 
8.07000E-02 
7.89753E-02 
7.72512E-02 
7.55297E-02 
7.38133E-02 
7.21209E-02 
7.04294E-02 
6.87371E-02 
6.70467E-02 
6.53611E-02 
6.36827E-02 
6.20140E-02 
6.03575E-02 
5.87151E-02 
5.70891E-02 
5.54813E-02 
5.38936E-02 
5.23274E-02 
9.18071E-02 
9.02148E-02 
8.86338E-02 
8.70618E-02 
8.54803E-02 
8.38913E-02 
8.22968E-02 
8.10606E-02 
8.06988E-02 
7.89741E-02 
7.72499E-02 
7.55285E-02 
7.38121E-02 
7.21196E-02 
7.04282E-02 
6.87358E-02 
6.70455E-02 
6.53598E-02 
6.36814E-02 
6.20128E-02 
6.03562E-02 
5.87139E-02 
5.70878E-02 
5.54801E-02 
5.38923E-02 
5.23261E-02 
9.18056E-02 
9.02133E-02 
8.86323E-02 
8.70603E-02 
8.54787E-02 
8.38897E-02 
8.22952E-02 
8.10590E-02 
8.06973E-02 
7.89726E-02 
7.72484E-02 
7.55269E-02 
7.38105E-02 
7.21181E-02 
7.04266E-02 
6.87342E-02 
6.70439E-02 
6.53582E-02 
6.36798E-02 
6.20112E-02 
6.03546E-02 
5.87122E-02 
5.70862E-02 
5.54784E-02 
5.38907E-02 
5.23245E-02 
9.18036E-02 
9.02113E-02 
8.86303E-02 
8.70583E-02 
8.54768E-02 
8.38878E-02 
8.22933E-02 
8.10570E-02 
8.06953E-02 
7.89706E-02 
7.72464E-02 
7.55249E-02 
7.38085E-02 
7.21160E-02 
7.04245E-02 
6.87322E-02 
6.70419E-02 
6.53562E-02 
6.36778E-02 
6.20091E-02 
6.03525E-02 
5.87102E-02 
5.70841E-02 
5.54763E-02 
5.38886E-02 
5.23224E-02 
9.18011E-02 
9.02088E-02 
8.86278E-02 
8.70558E-02 
8.54742E-02 
8.38852E-02 
8.22907E-02 
8.10545E-02 
8.06927E-02 
7.89680E-02 
7.72438E-02 
7.55224E-02 
7.38059E-02 
7.21134E-02 
7.04219E-02 
6.87296E-02 
6.70392E-02 
6.53536E-02 
6.36751E-02 
6.20065E-02 
6.03498E-02 
5.87075E-02 
5.70815E-02 
5.54737E-02 
5.38859E-02 
5.23197E-02 
9.17980E-02 
9.02056E-02 
8.86246E-02 
8.70526E-02 
8.54710E-02 
8.38820E-02 
8.22875E-02 
8.10512E-02 
8.06895E-02 
7.89647E-02 
7.72405E-02 
7.55191E-02 
7.38026E-02 
7.21101E-02 
7.04186E-02 
6.87263E-02 
6.70359E-02 
6.53502E-02 
6.36718E-02 
6.20031E-02 
6.03464E-02 
5.87041E-02 
5.70780E-02 
5.54702E-02 
5.38824E-02 
5.23162E-02 
9.17939E-02 
9.02015E-02 
8.86205E-02 
8.70485E-02 
8.54669E-02 
8.38778E-02 
8.22833E-02 
8.10470E-02 
8.06853E-02 
7.89605E-02 
7.72363E-02 
7.55148E-02 
7.37983E-02 
7.21059E-02 
7.04143E-02 
6.87220E-02 
6.70316E-02 
6.53459E-02 
6.36674E-02 
6.19987E-02 
6.03421E-02 
5.86997E-02 
5.70736E-02 
5.54658E-02 
5.38780E-02 
5.23118E-02 
9.17886E-02 
9.01963E-02 
8.86152E-02 
8.70432E-02 
8.54616E-02 
8.38725E-02 
8.22780E-02 
8.10417E-02 
8.06799E-02 
7.89552E-02 
7.72309E-02 
7.55094E-02 
7.37929E-02 
7.21004E-02 
7.04089E-02 
6.87165E-02 
6.70261E-02 
6.53404E-02 
6.36619E-02 
6.19932E-02 
6.03365E-02 
5.86941E-02 
5.70680E-02 
5.54602E-02 
5.38724E-02 
5.23061E-02 
9.17819E-02 
9.01896E-02 
8.86085E-02 
8.70364E-02 
8.54548E-02 
8.38657E-02 
8.22711E-02 
8.10348E-02 
8.06731E-02 
7.89483E-02 
7.72240E-02 
7.55025E-02 
7.37859E-02 
7.20934E-02 
7.04019E-02 
6.87095E-02 
6.70190E-02 
6.53333E-02 
6.36548E-02 
6.19860E-02 
6.03293E-02 
5.86869E-02 
5.70608E-02 
5.54530E-02 
5.38651E-02 
5.22989E-02 
9.17734E-02 
9.01810E-02 
8.85998E-02 
8.70278E-02 
8.54461E-02 
8.38570E-02 
8.22624E-02 
8.10261E-02 
8.06643E-02 
7.89395E-02 
7.72152E-02 
7.54936E-02 
7.37770E-02 
7.20845E-02 
7.03929E-02 
6.87005E-02 
6.70100E-02 
6.53242E-02 
6.36457E-02 
6.19769E-02 
6.03202E-02 
5.86777E-02 
5.70516E-02 
5.54437E-02 
5.38558E-02 
5.22896E-02 
9.17624E-02 
9.01700E-02 
8.85888E-02 
8.70167E-02 
8.54350E-02 
8.38458E-02 
8.22512E-02 
8.10148E-02 
8.06530E-02 
7.89282E-02 
7.72038E-02 
7.54822E-02 
7.37656E-02 
7.20730E-02 
7.03814E-02 
6.86889E-02 
6.69984E-02 
6.53126E-02 
6.36340E-02 
6.19652E-02 
6.03085E-02 
5.86660E-02 
5.70398E-02 
5.54319E-02 
5.38439E-02 
5.22776E-02 
9.17483E-02 
9.01558E-02 
8.85746E-02 
8.70025E-02 
8.54207E-02 
8.38315E-02 
8.22368E-02 
8.10004E-02 
8.06386E-02 
7.89137E-02 
7.71893E-02 
7.54677E-02 
7.37510E-02 
7.20584E-02 
7.03667E-02 
6.86742E-02 
6.69836E-02 
6.52977E-02 
6.36191E-02 
6.19502E-02 
6.02934E-02 
5.86509E-02 
5.70247E-02 
5.54167E-02 
5.38287E-02 
5.22624E-02 
9.17303E-02 
9.01378E-02 
8.85565E-02 
8.69843E-02 
8.54024E-02 
8.38132E-02 
8.22184E-02 
8.09820E-02 
8.06202E-02 
7.88952E-02 
7.71708E-02 
7.54490E-02 
7.37323E-02 
7.20396E-02 
7.03478E-02 
6.86552E-02 
6.69646E-02 
6.52787E-02 
6.36000E-02 
6.19311E-02 
6.02742E-02 
5.86316E-02 
5.70053E-02 
5.53973E-02 
5.38092E-02 
5.22428E-02 
9.17072E-02 
9.01146E-02 
8.85333E-02 
8.69610E-02 
8.53791E-02 
8.37897E-02 
8.21949E-02 
8.09584E-02 
8.05966E-02 
7.88715E-02 
7.71470E-02 
7.54252E-02 
7.37083E-02 
7.20156E-02 
7.03237E-02 
6.86310E-02 
6.69403E-02 
6.52543E-02 
6.35756E-02 
6.19065E-02 
6.02496E-02 
5.86069E-02 
5.69805E-02 
5.53724E-02 
5.37843E-02 
5.22178E-02 
9.16777E-02 
9.00850E-02 
8.85035E-02 
8.69311E-02 
8.53492E-02 
8.37597E-02 
8.21648E-02 
8.09282E-02 
8.05664E-02 
7.88412E-02 
7.71165E-02 
7.53946E-02 
7.36777E-02 
7.19848E-02 
7.02928E-02 
6.86001E-02 
6.69092E-02 
6.52231E-02 
6.35443E-02 
6.18751E-02 
6.02181E-02 
5.85753E-02 
5.69488E-02 
5.53406E-02 
5.37524E-02 
5.21858E-02 
9.16399E-02 
9.00471E-02 
8.84655E-02 
8.68930E-02 
8.53109E-02 
8.37213E-02 
8.21262E-02 
8.08895E-02 
8.05277E-02 
7.88024E-02 
7.70776E-02 
7.53555E-02 
7.36384E-02 
7.19454E-02 
7.02533E-02 
6.85604E-02 
6.68695E-02 
6.51832E-02 
6.35042E-02 
6.18349E-02 
6.01777E-02 
5.85348E-02 
5.69082E-02 
5.52999E-02 
5.37115E-02 
5.21448E-02 
9.15916E-02 
8.99986E-02 
8.84168E-02 
8.68441E-02 
8.52619E-02 
8.36721E-02 
8.20769E-02 
8.08401E-02 
8.04782E-02 
7.87527E-02 
7.70277E-02 
7.53055E-02 
7.35882E-02 
7.18950E-02 
7.02028E-02 
6.85097E-02 
6.68185E-02 
6.51321E-02 
6.34529E-02 
6.17835E-02 
6.01261E-02 
5.84830E-02 
5.68563E-02 
5.52478E-02 
5.36592E-02 
5.20924E-02 
9.15298E-02 
8.99365E-02 
8.83546E-02 
8.67817E-02 
8.51992E-02 
8.36092E-02 
8.20138E-02 
8.07768E-02 
8.04149E-02 
7.86892E-02 
7.69639E-02 
7.52415E-02 
7.35240E-02 
7.18306E-02 
7.01381E-02 
6.84448E-02 
6.67534E-02 
6.50668E-02 
6.33874E-02 
6.17177E-02 
6.00601E-02 
5.84168E-02 
5.67898E-02 
5.51811E-02 
5.35924E-02 
5.20253E-02 
9.14493E-02 
8.98558E-02 
8.82736E-02 
8.67004E-02 
8.51177E-02 
8.35274E-02 
8.19317E-02 
8.06945E-02 
8.03325E-02 
7.86065E-02 
7.68810E-02 
7.51583E-02 
7.34405E-02 
7.17468E-02 
7.00540E-02 
6.83604E-02 
6.66687E-02 
6.49818E-02 
6.33021E-02 
6.16321E-02 
5.99743E-02 
5.83307E-02 
5.67034E-02 
5.50944E-02 
5.35054E-02 
5.19381E-02 
9.13480E-02 
8.97541E-02 
8.81716E-02 
8.65981E-02 
8.50149E-02 
8.34244E-02 
8.18283E-02 
8.05909E-02 
8.02288E-02 
7.85024E-02 
7.67765E-02 
7.50534E-02 
7.33352E-02 
7.16412E-02 
6.99480E-02 
6.82540E-02 
6.65620E-02 
6.48747E-02 
6.31946E-02 
6.15243E-02 
5.98661E-02 
5.82222E-02 
5.65946E-02 
5.49852E-02 
5.33959E-02 
5.18282E-02 
9.12186E-02 
8.96243E-02 
8.80413E-02 
8.64673E-02 
8.48838E-02 
8.32928E-02 
8.16963E-02 
8.04585E-02 
8.00963E-02 
7.83694E-02 
7.66431E-02 
7.49195E-02 
7.32009E-02 
7.15063E-02 
6.98127E-02 
6.81182E-02 
6.64258E-02 
6.47380E-02 
6.30575E-02 
6.13867E-02 
5.97280E-02 
5.80836E-02 
5.64556E-02 
5.48458E-02 
5.32560E-02 
5.16879E-02 
9.10535E-02 
8.94586E-02 
8.78751E-02 
8.63006E-02 
8.47165E-02 
8.31249E-02 
8.15278E-02 
8.02896E-02 
7.99273E-02 
7.81998E-02 
7.64729E-02 
7.47487E-02 
7.30294E-02 
7.13343E-02 
6.96401E-02 
6.79450E-02 
6.62520E-02 
6.45636E-02 
6.28825E-02 
6.12111E-02 
5.95519E-02 
5.79069E-02 
5.62783E-02 
5.46679E-02 
5.30775E-02 
5.15089E-02 
9.08430E-02 
8.92474E-02 
8.76632E-02 
8.60880E-02 
8.45032E-02 
8.29109E-02 
8.13131E-02 
8.00743E-02 
7.97119E-02 
7.79836E-02 
7.62559E-02 
7.45309E-02 
7.28109E-02 
7.11150E-02 
6.94201E-02 
6.77243E-02 
6.60304E-02 
6.43413E-02 
6.26595E-02 
6.09874E-02 
5.93274E-02 
5.76817E-02 
5.60523E-02 
5.44412E-02 
5.28502E-02 
5.12808E-02 
9.05745E-02 
8.89781E-02 
8.73929E-02 
8.58168E-02 
8.42311E-02 
8.26379E-02 
8.10393E-02 
7.97998E-02 
7.94371E-02 
7.77079E-02 
7.59792E-02 
7.42532E-02 
7.25323E-02 
7.08354E-02 
6.91395E-02 
6.74427E-02 
6.57479E-02 
6.40579E-02 
6.23750E-02 
6.07020E-02 
5.90411E-02 
5.73944E-02 
5.57641E-02 
5.41521E-02 
5.25602E-02 
5.09899E-02 
9.02331E-02 
8.86355E-02 
8.70492E-02 
8.54720E-02 
8.38852E-02 
8.22909E-02 
8.06911E-02 
7.94507E-02 
7.90877E-02 
7.73573E-02 
7.56273E-02 
7.39002E-02 
7.21780E-02 
7.04799E-02 
6.87828E-02 
6.70848E-02 
6.53888E-02 
6.36975E-02 
6.20135E-02 
6.03393E-02 
5.86771E-02 
5.70293E-02 
5.53979E-02 
5.37847E-02 
5.21917E-02 
5.06203E-02 
8.97999E-02 
8.82008E-02 
8.66131E-02 
8.50345E-02 
8.34462E-02 
8.18505E-02 
8.02492E-02 
7.90077E-02 
7.86445E-02 
7.69125E-02 
7.51810E-02 
7.34522E-02 
7.17285E-02 
7.00289E-02 
6.83302E-02 
6.66307E-02 
6.49332E-02 
6.32404E-02 
6.15549E-02 
5.98792E-02 
5.82155E-02 
5.65662E-02 
5.49333E-02 
5.33187E-02 
5.17242E-02 
5.01514E-02 
8.92517E-02 
8.76509E-02 
8.60613E-02 
8.44810E-02 
8.28909E-02 
8.12934E-02 
7.96903E-02 
7.84474E-02 
7.80838E-02 
7.63498E-02 
7.46163E-02 
7.28857E-02 
7.11600E-02 
6.94585E-02 
6.77579E-02 
6.60565E-02 
6.43571E-02 
6.26624E-02 
6.09749E-02 
5.92973E-02 
5.76318E-02 
5.59807E-02 
5.43459E-02 
5.27295E-02 
5.11332E-02 
4.95586E-02 
8.85596E-02 
8.69566E-02 
8.53648E-02 
8.37822E-02 
8.21899E-02 
8.05901E-02 
7.89848E-02 
7.77402E-02 
7.73760E-02 
7.56396E-02 
7.39037E-02 
7.21706E-02 
7.04425E-02 
6.87386E-02 
6.70357E-02 
6.53319E-02 
6.36301E-02 
6.19330E-02 
6.02432E-02 
5.85632E-02 
5.68954E-02 
5.52419E-02 
5.36049E-02 
5.19862E-02 
5.03877E-02 
4.88109E-02 
8.76895E-02 
8.60837E-02 
8.44892E-02 
8.29038E-02 
8.13087E-02 
7.97062E-02 
7.80981E-02 
7.68513E-02 
7.64865E-02 
7.47471E-02 
7.30082E-02 
7.12721E-02 
6.95410E-02 
6.78341E-02 
6.61282E-02 
6.44215E-02 
6.27167E-02 
6.10167E-02 
5.93240E-02 
5.76411E-02 
5.59704E-02 
5.43140E-02 
5.26741E-02 
5.10526E-02 
4.94513E-02 
4.78718E-02 
8.66006E-02 
8.49913E-02 
8.33934E-02 
8.18046E-02 
8.02062E-02 
7.86002E-02 
7.69887E-02 
7.57393E-02 
7.53737E-02 
7.36306E-02 
7.18880E-02 
7.01482E-02 
6.84134E-02 
6.67029E-02 
6.49934E-02 
6.32830E-02 
6.15746E-02 
5.98710E-02 
5.81747E-02 
5.64882E-02 
5.48139E-02 
5.31541E-02 
5.15107E-02 
4.98857E-02 
4.82810E-02 
4.66981E-02 
8.52452E-02 
8.36317E-02 
8.20297E-02 
8.04369E-02 
7.88343E-02 
7.72242E-02 
7.56085E-02 
7.43559E-02 
7.39893E-02 
7.22417E-02 
7.04946E-02 
6.87503E-02 
6.70111E-02 
6.52962E-02 
6.35822E-02 
6.18674E-02 
6.01546E-02 
5.84466E-02 
5.67459E-02 
5.50550E-02 
5.33764E-02 
5.17123E-02 
5.00647E-02 
4.84355E-02 
4.68267E-02 
4.52397E-02 
8.35692E-02 
8.19507E-02 
8.03437E-02 
7.87460E-02 
7.71384E-02 
7.55234E-02 
7.39027E-02 
7.26461E-02 
7.22785E-02 
7.05254E-02 
6.87730E-02 
6.70233E-02 
6.52786E-02 
6.35584E-02 
6.18392E-02 
6.01191E-02 
5.84010E-02 
5.66876E-02 
5.49817E-02 
5.32856E-02 
5.16018E-02 
4.99325E-02 
4.82798E-02 
4.66456E-02 
4.50318E-02 
4.34399E-02 
8.15122E-02 
7.98878E-02 
7.82750E-02 
7.66713E-02 
7.50579E-02 
7.34369E-02 
7.18104E-02 
7.05492E-02 
7.01802E-02 
6.84208E-02 
6.66619E-02 
6.49058E-02 
6.31548E-02 
6.14283E-02 
5.97027E-02 
5.79763E-02 
5.62519E-02 
5.45323E-02 
5.28201E-02 
5.11179E-02 
4.94279E-02 
4.77525E-02 
4.60938E-02 
4.44536E-02 
4.28339E-02 
4.12362E-02 
7.90095E-02 
7.73783E-02 
7.57586E-02 
7.41482E-02 
7.25279E-02 
7.09000E-02 
6.92665E-02 
6.80000E-02 
6.76294E-02 
6.58625E-02 
6.40961E-02 
6.23326E-02 
6.05741E-02 
5.88403E-02 
5.71074E-02 
5.53737E-02 
5.36420E-02 
5.19151E-02 
5.01956E-02 
4.84861E-02 
4.67890E-02 
4.51064E-02 
4.34406E-02 
4.17935E-02 
4.01669E-02 
3.85624E-02 
7.59893E-02 
7.43502E-02 
7.27226E-02 
7.11043E-02 
6.94762E-02 
6.78404E-02 
6.61990E-02 
6.49264E-02 
6.45540E-02 
6.27785E-02 
6.10035E-02 
5.92314E-02 
5.74644E-02 
5.57222E-02 
5.39809E-02 
5.22387E-02 
5.04986E-02 
4.87633E-02 
4.70355E-02 
4.53177E-02 
4.36124E-02 
4.19217E-02 
4.02478E-02 
3.85927E-02 
3.69581E-02 
3.53459E-02 
7.23995E-02 
7.07515E-02 
6.91151E-02 
6.74882E-02 
6.58512E-02 
6.42066E-02 
6.25563E-02 
6.12768E-02 
6.09024E-02 
5.91173E-02 
5.73328E-02 
5.55511E-02 
5.37746E-02 
5.20229E-02 
5.02722E-02 
4.85207E-02 
4.67712E-02 
4.50265E-02 
4.32893E-02 
4.15623E-02 
3.98477E-02 
3.81479E-02 
3.64649E-02 
3.48009E-02 
3.31575E-02 
3.15365E-02 
6.81626E-02 
6.65048E-02 
6.48588E-02 
6.32222E-02 
6.15756E-02 
5.99213E-02 
5.82613E-02 
5.69742E-02 
5.65976E-02 
5.48020E-02 
5.30069E-02 
5.12147E-02 
4.94277E-02 
4.76657E-02 
4.59047E-02 
4.41428E-02 
4.23830E-02 
4.06280E-02 
3.88806E-02 
3.71433E-02 
3.54186E-02 
3.37088E-02 
3.20159E-02 
3.03420E-02 
2.86890E-02 
2.70584E-02 
6.32253E-02 
6.15571E-02 
5.99007E-02 
5.82539E-02 
5.65970E-02 
5.49323E-02 
5.32618E-02 
5.19667E-02 
5.15877E-02 
4.97808E-02 
4.79745E-02 
4.61710E-02 
4.43728E-02 
4.25997E-02 
4.08276E-02 
3.90547E-02 
3.72838E-02 
3.55178E-02 
3.37594E-02 
3.20113E-02 
3.02757E-02 
2.85552E-02 
2.68517E-02 
2.51673E-02 
2.35038E-02 
2.18631E-02 
5.75393E-02 
5.58603E-02 
5.41932E-02 
5.25356E-02 
5.08679E-02 
4.91924E-02 
4.75111E-02 
4.62075E-02 
4.58261E-02 
4.40074E-02 
4.21893E-02 
4.03742E-02 
3.85642E-02 
3.67797E-02 
3.49961E-02 
3.32116E-02 
3.14292E-02 
2.96517E-02 
2.78819E-02 
2.61224E-02 
2.43756E-02 
2.26438E-02 
2.09292E-02 
1.92339E-02 
1.75597E-02 
1.59082E-02 
5.10689E-02 
4.93789E-02 
4.77009E-02 
4.60325E-02 
4.43539E-02 
4.26675E-02 
4.09752E-02 
3.96631E-02 
3.92792E-02 
3.74487E-02 
3.56187E-02 
3.37917E-02 
3.19700E-02 
3.01737E-02 
2.83785E-02 
2.65824E-02 
2.47884E-02 
2.29993E-02 
2.12179E-02 
1.94469E-02 
1.76887E-02 
1.59456E-02 
1.42199E-02 
1.25135E-02 
1.08283E-02 
9.16608E-03 
4.37942E-02 
4.20935E-02 
4.04049E-02 
3.87259E-02 
3.70368E-02 
3.53396E-02 
3.36366E-02 
3.23162E-02 
3.19299E-02 
3.00878E-02 
2.82463E-02 
2.64077E-02 
2.45744E-02 
2.27668E-02 
2.09602E-02 
1.91527E-02 
1.73473E-02 
1.55469E-02 
1.37543E-02 
1.19721E-02 
1.02027E-02 
8.44864E-03 
6.71196E-03 
4.99476E-03 
3.29892E-03 
1.62617E-03 
3.57157E-02 
3.40050E-02 
3.23065E-02 
3.06177E-02 
2.89185E-02 
2.72114E-02 
2.54984E-02 
2.41702E-02 
2.37816E-02 
2.19287E-02 
2.00763E-02 
1.82269E-02 
1.63829E-02 
1.45646E-02 
1.27474E-02 
1.09293E-02 
9.11329E-03 
7.30231E-03 
5.49914E-03 
3.70643E-03 
1.92668E-03 
1.62257E-04 
-1.58464E-03 
-3.31194E-03 
-5.01775E-03 
-6.70033E-03 
2.68517E-02 
2.51322E-02 
2.34248E-02 
2.17273E-02 
2.00194E-02 
1.83034E-02 
1.65815E-02 
1.52465E-02 
1.48558E-02 
1.29933E-02 
1.11314E-02 
9.27242E-03 
7.41882E-03 
5.59117E-03 
3.76454E-03 
1.93700E-03 
1.11604E-04 
-1.70874E-03 
-3.52125E-03 
-5.32324E-03 
-7.11220E-03 
-8.88575E-03 
-1.06417E-02 
-1.23779E-02 
-1.40926E-02 
-1.57839E-02 
1.72925E-02 
1.55658E-02 
1.38513E-02 
1.21466E-02 
1.04315E-02 
8.70838E-03 
6.97928E-03 
5.63867E-03 
5.24640E-03 
3.37609E-03 
1.50635E-03 
-3.60411E-04 
-2.22178E-03 
-4.05707E-03 
-5.89136E-03 
-7.72655E-03 
-9.55959E-03 
-1.13876E-02 
-1.32077E-02 
-1.50172E-02 
-1.68136E-02 
-1.85946E-02 
-2.03579E-02 
-2.21014E-02 
-2.38233E-02 
-2.55216E-02 
6.97767E-03 
5.24581E-03 
3.52618E-03 
1.81642E-03 
9.62188E-05 
-1.63208E-03 
-3.36635E-03 
-4.71096E-03 
-5.10441E-03 
-6.98031E-03 
-8.85564E-03 
-1.07280E-02 
-1.25949E-02 
-1.44357E-02 
-1.62755E-02 
-1.81161E-02 
-1.99547E-02 
-2.17881E-02 
-2.36136E-02 
-2.54286E-02 
-2.72304E-02 
-2.90167E-02 
-3.07853E-02 
-3.25340E-02 
-3.42609E-02 
-3.59644E-02 
-3.92680E-03 
-5.66127E-03 
-7.38349E-03 
-9.09582E-03 
-1.08186E-02 
-1.25495E-02 
-1.42864E-02 
-1.56330E-02 
-1.60270E-02 
-1.79058E-02 
-1.97839E-02 
-2.16591E-02 
-2.35288E-02 
-2.53723E-02 
-2.72149E-02 
-2.90583E-02 
-3.08996E-02 
-3.27358E-02 
-3.45641E-02 
-3.63818E-02 
-3.81863E-02 
-3.99753E-02 
-4.17465E-02 
-4.34978E-02 
-4.52274E-02 
-4.69334E-02 
-1.53615E-02 
-1.70956E-02 
-1.88174E-02 
-2.05294E-02 
-2.22518E-02 
-2.39823E-02 
-2.57188E-02 
-2.70652E-02 
-2.74591E-02 
-2.93374E-02 
-3.12152E-02 
-3.30899E-02 
-3.49592E-02 
-3.68024E-02 
-3.86445E-02 
-4.04876E-02 
-4.23284E-02 
-4.41642E-02 
-4.59921E-02 
-4.78094E-02 
-4.96135E-02 
-5.14021E-02 
-5.31730E-02 
-5.49239E-02 
-5.66531E-02 
-5.83588E-02 
-2.72251E-02 
-2.89554E-02 
-3.06735E-02 
-3.23817E-02 
-3.41004E-02 
-3.58271E-02 
-3.75598E-02 
-3.89032E-02 
-3.92963E-02 
-4.11705E-02 
-4.30442E-02 
-4.49148E-02 
-4.67801E-02 
-4.86192E-02 
-5.04574E-02 
-5.22964E-02 
-5.41333E-02 
-5.59651E-02 
-5.77890E-02 
-5.96023E-02 
-6.14025E-02 
-6.31872E-02 
-6.49542E-02 
-6.67013E-02 
-6.84267E-02 
-7.01287E-02 
-3.94020E-02 
-4.11248E-02 
-4.28353E-02 
-4.45361E-02 
-4.62472E-02 
-4.79664E-02 
-4.96915E-02 
-5.10291E-02 
-5.14204E-02 
-5.32865E-02 
-5.51519E-02 
-5.70144E-02 
-5.88715E-02 
-6.07025E-02 
-6.25326E-02 
-6.43636E-02 
-6.61924E-02 
-6.80162E-02 
-6.98321E-02 
-7.16375E-02 
-7.34298E-02 
-7.52067E-02 
-7.69659E-02 
-7.87055E-02 
-8.04233E-02 
-8.21178E-02 
-5.17624E-02 
-5.34734E-02 
-5.51723E-02 
-5.68615E-02 
-5.85609E-02 
-6.02684E-02 
-6.19818E-02 
-6.33102E-02 
-6.36989E-02 
-6.55522E-02 
-6.74049E-02 
-6.92546E-02 
-7.10991E-02 
-7.29177E-02 
-7.47353E-02 
-7.65537E-02 
-7.83701E-02 
-8.01814E-02 
-8.19850E-02 
-8.37780E-02 
-8.55581E-02 
-8.73229E-02 
-8.90702E-02 
-9.07978E-02 
-9.25040E-02 
-9.41869E-02 
-6.40429E-02 
-6.57378E-02 
-6.74207E-02 
-6.90939E-02 
-7.07774E-02 
-7.24688E-02 
-7.41661E-02 
-7.54820E-02 
-7.58670E-02 
-7.77029E-02 
-7.95382E-02 
-8.13705E-02 
-8.31976E-02 
-8.49991E-02 
-8.67996E-02 
-8.86010E-02 
-9.04003E-02 
-9.21946E-02 
-9.39811E-02 
-9.57573E-02 
-9.75207E-02 
-9.92688E-02 
-1.01000E-01 
-1.02711E-01 
-1.04401E-01 
-1.06068E-01 
-7.63269E-02 
-7.80007E-02 
-7.96627E-02 
-8.13151E-02 
-8.29777E-02 
-8.46481E-02 
-8.63242E-02 
-8.76237E-02 
-8.80040E-02 
-8.98170E-02 
-9.16295E-02 
-9.34391E-02 
-9.52434E-02 
-9.70225E-02 
-9.88006E-02 
-1.00580E-01 
-1.02356E-01 
-1.04128E-01 
-1.05893E-01 
-1.07647E-01 
-1.09388E-01 
-1.11115E-01 
-1.12824E-01 
-1.14514E-01 
-1.16183E-01 
-1.17830E-01 
-8.82730E-02 
-8.99208E-02 
-9.15568E-02 
-9.31835E-02 
-9.48201E-02 
-9.64644E-02 
-9.81144E-02 
-9.93937E-02 
-9.97681E-02 
-1.01553E-01 
-1.03337E-01 
-1.05118E-01 
-1.06895E-01 
-1.08646E-01 
-1.10396E-01 
-1.12148E-01 
-1.13897E-01 
-1.15641E-01 
-1.17378E-01 
-1.19105E-01 
-1.20819E-01 
-1.22518E-01 
-1.24201E-01 
-1.25865E-01 
-1.27508E-01 
-1.29129E-01 
-9.97490E-02 
-1.01365E-01 
-1.02970E-01 
-1.04566E-01 
-1.06171E-01 
-1.07784E-01 
-1.09403E-01 
-1.10657E-01 
-1.11025E-01 
-1.12775E-01 
-1.14525E-01 
-1.16273E-01 
-1.18015E-01 
-1.19733E-01 
-1.21450E-01 
-1.23168E-01 
-1.24883E-01 
-1.26595E-01 
-1.28298E-01 
-1.29992E-01 
-1.31674E-01 
-1.33341E-01 
-1.34991E-01 
-1.36623E-01 
-1.38235E-01 
-1.39825E-01 
-1.10560E-01 
-1.12139E-01 
-1.13707E-01 
-1.15266E-01 
-1.16835E-01 
-1.18411E-01 
-1.19992E-01 
-1.21219E-01 
-1.21577E-01 
-1.23288E-01 
-1.24998E-01 
-1.26705E-01 
-1.28408E-01 
-1.30086E-01 
-1.31764E-01 
-1.33442E-01 
-1.35119E-01 
-1.36791E-01 
-1.38455E-01 
-1.40110E-01 
-1.41754E-01 
-1.43382E-01 
-1.44995E-01 
-1.46590E-01 
-1.48165E-01 
-1.49718E-01 
-1.20538E-01 
-1.22075E-01 
-1.23600E-01 
-1.25117E-01 
-1.26643E-01 
-1.28176E-01 
-1.29715E-01 
-1.30908E-01 
-1.31257E-01 
-1.32921E-01 
-1.34584E-01 
-1.36245E-01 
-1.37902E-01 
-1.39535E-01 
-1.41167E-01 
-1.42800E-01 
-1.44430E-01 
-1.46057E-01 
-1.47676E-01 
-1.49287E-01 
-1.50885E-01 
-1.52470E-01 
-1.54039E-01 
-1.55590E-01 
-1.57122E-01 
-1.58633E-01 
-1.29469E-01 
-1.30957E-01 
-1.32434E-01 
-1.33902E-01 
-1.35380E-01 
-1.36864E-01 
-1.38354E-01 
-1.39509E-01 
-1.39846E-01 
-1.41458E-01 
-1.43068E-01 
-1.44676E-01 
-1.46280E-01 
-1.47861E-01 
-1.49441E-01 
-1.51022E-01 
-1.52601E-01 
-1.54176E-01 
-1.55744E-01 
-1.57303E-01 
-1.58850E-01 
-1.60384E-01 
-1.61903E-01 
-1.63405E-01 
-1.64888E-01 
-1.66352E-01 
-1.37146E-01 
-1.38578E-01 
-1.40000E-01 
-1.41414E-01 
-1.42837E-01 
-1.44267E-01 
-1.45701E-01 
-1.46813E-01 
-1.47138E-01 
-1.48690E-01 
-1.50241E-01 
-1.51789E-01 
-1.53333E-01 
-1.54856E-01 
-1.56377E-01 
-1.57900E-01 
-1.59420E-01 
-1.60937E-01 
-1.62447E-01 
-1.63948E-01 
-1.65438E-01 
-1.66915E-01 
-1.68378E-01 
-1.69824E-01 
-1.71253E-01 
-1.72661E-01 
-1.43358E-01 
-1.44729E-01 
-1.46090E-01 
-1.47443E-01 
-1.48805E-01 
-1.50173E-01 
-1.51545E-01 
-1.52610E-01 
-1.52921E-01 
-1.54406E-01 
-1.55890E-01 
-1.57372E-01 
-1.58850E-01 
-1.60307E-01 
-1.61763E-01 
-1.63220E-01 
-1.64675E-01 
-1.66126E-01 
-1.67571E-01 
-1.69008E-01 
-1.70434E-01 
-1.71848E-01 
-1.73248E-01 
-1.74632E-01 
-1.75999E-01 
-1.77347E-01 
-1.47876E-01 
-1.49179E-01 
-1.50473E-01 
-1.51759E-01 
-1.53053E-01 
-1.54353E-01 
-1.55657E-01 
-1.56669E-01 
-1.56965E-01 
-1.58376E-01 
-1.59787E-01 
-1.61195E-01 
-1.62600E-01 
-1.63984E-01 
-1.65368E-01 
-1.66753E-01 
-1.68136E-01 
-1.69515E-01 
-1.70888E-01 
-1.72253E-01 
-1.73609E-01 
-1.74953E-01 
-1.76283E-01 
-1.77598E-01 
-1.78898E-01 
-1.80179E-01 
-1.50487E-01 
-1.51715E-01 
-1.52934E-01 
-1.54146E-01 
-1.55366E-01 
-1.56591E-01 
-1.57821E-01 
-1.58774E-01 
-1.59053E-01 
-1.60383E-01 
-1.61713E-01 
-1.63041E-01 
-1.64364E-01 
-1.65669E-01 
-1.66974E-01 
-1.68279E-01 
-1.69582E-01 
-1.70882E-01 
-1.72177E-01 
-1.73463E-01 
-1.74741E-01 
-1.76007E-01 
-1.77261E-01 
-1.78501E-01 
-1.79725E-01 
-1.80933E-01 
-1.50955E-01 
-1.52102E-01 
-1.53241E-01 
-1.54373E-01 
-1.55512E-01 
-1.56657E-01 
-1.57805E-01 
-1.58696E-01 
-1.58956E-01 
-1.60198E-01 
-1.61440E-01 
-1.62680E-01 
-1.63917E-01 
-1.65136E-01 
-1.66354E-01 
-1.67573E-01 
-1.68791E-01 
-1.70005E-01 
-1.71214E-01 
-1.72416E-01 
-1.73609E-01 
-1.74792E-01 
-1.75963E-01 
-1.77121E-01 
-1.78265E-01 
-1.79393E-01 
-1.49055E-01 
-1.50114E-01 
-1.51164E-01 
-1.52209E-01 
-1.53260E-01 
-1.54316E-01 
-1.55376E-01 
-1.56198E-01 
-1.56438E-01 
-1.57585E-01 
-1.58731E-01 
-1.59875E-01 
-1.61016E-01 
-1.62140E-01 
-1.63265E-01 
-1.64389E-01 
-1.65513E-01 
-1.66633E-01 
-1.67749E-01 
-1.68858E-01 
-1.69959E-01 
-1.71051E-01 
-1.72131E-01 
-1.73200E-01 
-1.74255E-01 
-1.75296E-01 
-1.44540E-01 
-1.45503E-01 
-1.46459E-01 
-1.47409E-01 
-1.48365E-01 
-1.49326E-01 
-1.50290E-01 
-1.51037E-01 
-1.51256E-01 
-1.52299E-01 
-1.53341E-01 
-1.54382E-01 
-1.55420E-01 
-1.56443E-01 
-1.57466E-01 
-1.58489E-01 
-1.59511E-01 
-1.60530E-01 
-1.61545E-01 
-1.62553E-01 
-1.63555E-01 
-1.64548E-01 
-1.65531E-01 
-1.66503E-01 
-1.67463E-01 
-1.68410E-01 
-1.37171E-01 
-1.38030E-01 
-1.38884E-01 
-1.39733E-01 
-1.40587E-01 
-1.41446E-01 
-1.42307E-01 
-1.42974E-01 
-1.43170E-01 
-1.44101E-01 
-1.45032E-01 
-1.45962E-01 
-1.46889E-01 
-1.47803E-01 
-1.48716E-01 
-1.49630E-01 
-1.50543E-01 
-1.51454E-01 
-1.52360E-01 
-1.53261E-01 
-1.54156E-01 
-1.55043E-01 
-1.55921E-01 
-1.56789E-01 
-1.57647E-01 
-1.58492E-01 
-1.26703E-01 
-1.27453E-01 
-1.28198E-01 
-1.28938E-01 
-1.29683E-01 
-1.30431E-01 
-1.31182E-01 
-1.31764E-01 
-1.31935E-01 
-1.32747E-01 
-1.33559E-01 
-1.34370E-01 
-1.35178E-01 
-1.35975E-01 
-1.36772E-01 
-1.37569E-01 
-1.38365E-01 
-1.39159E-01 
-1.39949E-01 
-1.40735E-01 
-1.41515E-01 
-1.42289E-01 
-1.43055E-01 
-1.43812E-01 
-1.44560E-01 
-1.45297E-01 
-1.12891E-01 
-1.13524E-01 
-1.14152E-01 
-1.14776E-01 
-1.15405E-01 
-1.16036E-01 
-1.16669E-01 
-1.17161E-01 
-1.17304E-01 
-1.17989E-01 
-1.18674E-01 
-1.19358E-01 
-1.20040E-01 
-1.20713E-01 
-1.21385E-01 
-1.22057E-01 
-1.22728E-01 
-1.23398E-01 
-1.24065E-01 
-1.24728E-01 
-1.25386E-01 
-1.26038E-01 
-1.26684E-01 
-1.27323E-01 
-1.27954E-01 
-1.28576E-01 
-9.54824E-02 
-9.59902E-02 
-9.64944E-02 
-9.69957E-02 
-9.75001E-02 
-9.80068E-02 
-9.85153E-02 
-9.89096E-02 
-9.90250E-02 
-9.95750E-02 
-1.00125E-01 
-1.00674E-01 
-1.01221E-01 
-1.01761E-01 
-1.02300E-01 
-1.02840E-01 
-1.03379E-01 
-1.03917E-01 
-1.04452E-01 
-1.04984E-01 
-1.05513E-01 
-1.06036E-01 
-1.06555E-01 
-1.07068E-01 
-1.07574E-01 
-1.08073E-01 
-7.42245E-02 
-7.46000E-02 
-7.49729E-02 
-7.53436E-02 
-7.57166E-02 
-7.60913E-02 
-7.64674E-02 
-7.67589E-02 
-7.68442E-02 
-7.72510E-02 
-7.76576E-02 
-7.80636E-02 
-7.84684E-02 
-7.88675E-02 
-7.92664E-02 
-7.96656E-02 
-8.00642E-02 
-8.04617E-02 
-8.08576E-02 
-8.12511E-02 
-8.16418E-02 
-8.20291E-02 
-8.24126E-02 
-8.27918E-02 
-8.31662E-02 
-8.35356E-02 
-4.88585E-02 
-4.90942E-02 
-4.93281E-02 
-4.95608E-02 
-4.97948E-02 
-5.00300E-02 
-5.02660E-02 
-5.04489E-02 
-5.05024E-02 
-5.07577E-02 
-5.10129E-02 
-5.12676E-02 
-5.15216E-02 
-5.17721E-02 
-5.20224E-02 
-5.22729E-02 
-5.25230E-02 
-5.27725E-02 
-5.30209E-02 
-5.32678E-02 
-5.35130E-02 
-5.37561E-02 
-5.39967E-02 
-5.42346E-02 
-5.44696E-02 
-5.47014E-02 
-1.90605E-02 
-1.91483E-02 
-1.92354E-02 
-1.93221E-02 
-1.94093E-02 
-1.94969E-02 
-1.95849E-02 
-1.96530E-02 
-1.96730E-02 
-1.97681E-02 
-1.98631E-02 
-1.99581E-02 
-2.00527E-02 
-2.01460E-02 
-2.02393E-02 
-2.03326E-02 
-2.04258E-02 
-2.05188E-02 
-2.06113E-02 
-2.07033E-02 
-2.07947E-02 
-2.08852E-02 
-2.09749E-02 
-2.10635E-02 
-2.11511E-02 
-2.12374E-02 
1.51319E-02 
1.51986E-02 
1.52649E-02 
1.53307E-02 
1.53970E-02 
1.54636E-02 
1.55304E-02 
1.55822E-02 
1.55973E-02 
1.56696E-02 
1.57418E-02 
1.58139E-02 
1.58858E-02 
1.59568E-02 
1.60276E-02 
1.60985E-02 
1.61693E-02 
1.62400E-02 
1.63103E-02 
1.63802E-02 
1.64496E-02 
1.65184E-02 
1.65865E-02 
1.66539E-02 
1.67204E-02 
1.67860E-02 
5.44259E-02 
5.46558E-02 
5.48842E-02 
5.51112E-02 
5.53396E-02 
5.55691E-02 
5.57994E-02 
5.59779E-02 
5.60302E-02 
5.62792E-02 
5.65282E-02 
5.67769E-02 
5.70248E-02 
5.72692E-02 
5.75135E-02 
5.77579E-02 
5.80020E-02 
5.82455E-02 
5.84879E-02 
5.87289E-02 
5.89681E-02 
5.92053E-02 
5.94401E-02 
5.96723E-02 
5.99016E-02 
6.01278E-02 
9.88635E-02 
9.92645E-02 
9.96626E-02 
1.00058E-01 
1.00457E-01 
1.00857E-01 
1.01258E-01 
1.01570E-01 
1.01661E-01 
1.02095E-01 
1.02529E-01 
1.02963E-01 
1.03395E-01 
1.03821E-01 
1.04247E-01 
1.04673E-01 
1.05099E-01 
1.05524E-01 
1.05946E-01 
1.06367E-01 
1.06784E-01 
1.07197E-01 
1.07607E-01 
1.08012E-01 
1.08411E-01 
1.08806E-01 
1.48721E-01 
1.49301E-01 
1.49877E-01 
1.50449E-01 
1.51025E-01 
1.51604E-01 
1.52184E-01 
1.52635E-01 
1.52766E-01 
1.53395E-01 
1.54022E-01 
1.54649E-01 
1.55274E-01 
1.55891E-01 
1.56507E-01 
1.57123E-01 
1.57739E-01 
1.58352E-01 
1.58964E-01 
1.59571E-01 
1.60175E-01 
1.60773E-01 
1.61365E-01 
1.61950E-01 
1.62529E-01 
1.63099E-01 
2.04264E-01 
2.05031E-01 
2.05792E-01 
2.06549E-01 
2.07311E-01 
2.08076E-01 
2.08843E-01 
2.09439E-01 
2.09613E-01 
2.10443E-01 
2.11273E-01 
2.12102E-01 
2.12929E-01 
2.13743E-01 
2.14558E-01 
2.15373E-01 
2.16187E-01 
2.16998E-01 
2.17806E-01 
2.18610E-01 
2.19407E-01 
2.20198E-01 
2.20981E-01 
2.21755E-01 
2.22520E-01 
2.23274E-01 
2.65776E-01 
2.66737E-01 
2.67692E-01 
2.68641E-01 
2.69596E-01 
2.70556E-01 
2.71518E-01 
2.72265E-01 
2.72483E-01 
2.73525E-01 
2.74566E-01 
2.75605E-01 
2.76642E-01 
2.77664E-01 
2.78685E-01 
2.79707E-01 
2.80727E-01 
2.81745E-01 
2.82759E-01 
2.83766E-01 
2.84766E-01 
2.85758E-01 
2.86740E-01 
2.87711E-01 
2.88670E-01 
2.89615E-01 
3.33499E-01 
3.34663E-01 
3.35819E-01 
3.36968E-01 
3.38124E-01 
3.39286E-01 
3.40452E-01 
3.41356E-01 
3.41620E-01 
3.42881E-01 
3.44142E-01 
3.45401E-01 
3.46656E-01 
3.47893E-01 
3.49130E-01 
3.50367E-01 
3.51603E-01 
3.52836E-01 
3.54063E-01 
3.55283E-01 
3.56494E-01 
3.57695E-01 
3.58884E-01 
3.60059E-01 
3.61220E-01 
3.62365E-01 
4.07943E-01 
4.09319E-01 
4.10685E-01 
4.12043E-01 
4.13409E-01 
4.14782E-01 
4.16160E-01 
4.17228E-01 
4.17540E-01 
4.19030E-01 
4.20520E-01 
4.22007E-01 
4.23490E-01 
4.24952E-01 
4.26413E-01 
4.27875E-01 
4.29336E-01 
4.30792E-01 
4.32242E-01 
4.33684E-01 
4.35115E-01 
4.36534E-01 
4.37938E-01 
4.39327E-01 
4.40699E-01 
4.42052E-01 
4.88915E-01 
4.90509E-01 
4.92093E-01 
4.93667E-01 
4.95250E-01 
4.96841E-01 
4.98438E-01 
4.99676E-01 
5.00038E-01 
5.01765E-01 
5.03492E-01 
5.05215E-01 
5.06934E-01 
5.08629E-01 
5.10323E-01 
5.12017E-01 
5.13710E-01 
5.15398E-01 
5.17078E-01 
5.18749E-01 
5.20408E-01 
5.22053E-01 
5.23681E-01 
5.25291E-01 
5.26881E-01 
5.28449E-01 
5.76995E-01 
5.78817E-01 
5.80626E-01 
5.82424E-01 
5.84233E-01 
5.86051E-01 
5.87875E-01 
5.89289E-01 
5.89703E-01 
5.91676E-01 
5.93648E-01 
5.95618E-01 
5.97581E-01 
5.99517E-01 
6.01452E-01 
6.03388E-01 
6.05322E-01 
6.07250E-01 
6.09170E-01 
6.11079E-01 
6.12974E-01 
6.14853E-01 
6.16713E-01 
6.18552E-01 
6.20369E-01 
6.22160E-01 
6.72443E-01 
6.74500E-01 
6.76542E-01 
6.78573E-01 
6.80616E-01 
6.82668E-01 
6.84728E-01 
6.86325E-01 
6.86792E-01 
6.89020E-01 
6.91247E-01 
6.93471E-01 
6.95688E-01 
6.97874E-01 
7.00059E-01 
7.02246E-01 
7.04429E-01 
7.06607E-01 
7.08775E-01 
7.10930E-01 
7.13070E-01 
7.15192E-01 
7.17292E-01 
7.19369E-01 
7.21420E-01 
7.23443E-01 
7.75538E-01 
7.77838E-01 
7.80123E-01 
7.82394E-01 
7.84679E-01 
7.86975E-01 
7.89278E-01 
7.91064E-01 
7.91587E-01 
7.94079E-01 
7.96570E-01 
7.99057E-01 
8.01537E-01 
8.03982E-01 
8.06426E-01 
8.08871E-01 
8.11313E-01 
8.13749E-01 
8.16174E-01 
8.18584E-01 
8.20978E-01 
8.23351E-01 
8.25700E-01 
8.28023E-01 
8.30317E-01 
8.32580E-01 
8.86547E-01 
8.89099E-01 
8.91634E-01 
8.94154E-01 
8.96689E-01 
8.99236E-01 
9.01792E-01 
9.03774E-01 
9.04354E-01 
9.07118E-01 
9.09882E-01 
9.12642E-01 
9.15393E-01 
9.18106E-01 
9.20818E-01 
9.23530E-01 
9.26240E-01 
9.28942E-01 
9.31633E-01 
9.34307E-01 
9.36963E-01 
9.39596E-01 
9.42202E-01 
9.44779E-01 
9.47325E-01 
9.49835E-01 
1.00575E+00 
1.00856E+00 
1.01136E+00 
1.01413E+00 
1.01693E+00 
1.01973E+00 
1.02255E+00 
1.02473E+00 
1.02537E+00 
1.02842E+00 
1.03147E+00 
1.03451E+00 
1.03754E+00 
1.04053E+00 
1.04352E+00 
1.04651E+00 
1.04949E+00 
1.05247E+00 
1.05543E+00 
1.05838E+00 
1.06131E+00 
1.06421E+00 
1.06708E+00 
1.06992E+00 
1.07273E+00 
1.07549E+00 
1.13347E+00 
1.13655E+00 
1.13961E+00 
1.14265E+00 
1.14571E+00 
1.14878E+00 
1.15187E+00 
1.15426E+00 
1.15496E+00 
1.15830E+00 
1.16164E+00 
1.16497E+00 
1.16829E+00 
1.17156E+00 
1.17484E+00 
1.17811E+00 
1.18138E+00 
1.18465E+00 
1.18789E+00 
1.19112E+00 
1.19433E+00 
1.19751E+00 
1.20065E+00 
1.20376E+00 
1.20684E+00 
1.20987E+00 
1.26987E+00 
1.27323E+00 
1.27656E+00 
1.27988E+00 
1.28321E+00 
1.28657E+00 
1.28993E+00 
1.29254E+00 
1.29330E+00 
1.29694E+00 
1.30057E+00 
1.30420E+00 
1.30782E+00 
1.31139E+00 
1.31496E+00 
1.31853E+00 
1.32209E+00 
1.32565E+00 
1.32919E+00 
1.33271E+00 
1.33620E+00 
1.33967E+00 
1.34310E+00 
1.34649E+00 
1.34984E+00 
1.35314E+00 
---
