PdfType: replica
Format: lhagrid1
---
1.00000E-06 1.28121E-06 1.64152E-06 2.10317E-06 2.69463E-06 3.45242E-06 4.42329E-06 5.66715E-06 7.26076E-06 9.30241E-06 1.19180E-05 1.52689E-05 1.95617E-05 2.50609E-05 3.21053E-05 4.11287E-05 5.26863E-05 6.74889E-05 8.64459E-05 1.10720E-04 1.41800E-04 1.81585E-04 2.32503E-04 2.97652E-04 3.80981E-04 4.87518E-04 6.26039E-04 8.00452E-04 1.02297E-03 1.30657E-03 1.66759E-03 2.12729E-03 2.71054E-03 3.44865E-03 4.37927E-03 5.54908E-03 7.01192E-03 8.83064E-03 1.10763E-02 1.38266E-02 1.71641E-02 2.11717E-02 2.59364E-02 3.15062E-02 3.79623E-02 4.53425E-02 5.36750E-02 6.29705E-02 7.32221E-02 8.44039E-02 9.64793E-02 1.09332E-01 1.23067E-01 1.37507E-01 1.52639E-01 1.68416E-01 1.84794E-01 2.01731E-01 2.19016E-01 2.36948E-01 2.55242E-01 2.73927E-01 2.92954E-01 3.12340E-01 3.32036E-01 3.52019E-01 3.72282E-01 3.92772E-01 4.13533E-01 4.34326E-01 4.55495E-01 4.76836E-01 4.98342E-01 5.20006E-01 5.41818E-01 5.63773E-01 5.85861E-01 6.08077E-01 6.30459E-01 6.52800E-01 6.75387E-01 6.98063E-01 7.20830E-01 7.43683E-01 7.66623E-01 7.89636E-01 8.12791E-01 8.35940E-01 8.59175E-01 8.82485E-01 9.05866E-01 9.29311E-01 9.52817E-01 9.76387E-01 1.00000E+00 
1.14018E+00 1.22539E+00 1.32482E+00 1.44156E+00 1.57954E+00 1.74381E+00 1.94091E+00 2.12132E+00 2.17945E+00 2.49622E+00 2.89383E+00 3.39925E+00 4.05063E+00 4.90286E+00 6.03623E+00 7.57063E+00 9.68869E+00 1.26749E+01 1.69835E+01 2.33578E+01 3.30501E+01 4.82334E+01 7.28041E+01 1.13998E+02 1.85779E+02 3.16228E+02 
908
6.80735E-02 
6.68206E-02 
6.55794E-02 
6.43481E-02 
6.31117E-02 
6.18718E-02 
6.06300E-02 
5.96688E-02 
5.93878E-02 
5.80498E-02 
5.67148E-02 
5.53847E-02 
5.40610E-02 
5.27588E-02 
5.14598E-02 
5.01627E-02 
4.88696E-02 
4.75825E-02 
4.63033E-02 
4.50340E-02 
4.37761E-02 
4.25313E-02 
4.13010E-02 
4.00867E-02 
3.88896E-02 
3.77107E-02 
6.80735E-02 
6.68206E-02 
6.55793E-02 
6.43481E-02 
6.31117E-02 
6.18718E-02 
6.06300E-02 
5.96688E-02 
5.93878E-02 
5.80497E-02 
5.67148E-02 
5.53846E-02 
5.40610E-02 
5.27587E-02 
5.14597E-02 
5.01626E-02 
4.88695E-02 
4.75824E-02 
4.63033E-02 
4.50339E-02 
4.37760E-02 
4.25312E-02 
4.13009E-02 
4.00866E-02 
3.88895E-02 
3.77106E-02 
6.80734E-02 
6.68205E-02 
6.55792E-02 
6.43480E-02 
6.31116E-02 
6.18717E-02 
6.06299E-02 
5.96687E-02 
5.93877E-02 
5.80496E-02 
5.67147E-02 
5.53845E-02 
5.40609E-02 
5.27586E-02 
5.14596E-02 
5.01625E-02 
4.88694E-02 
4.75823E-02 
4.63032E-02 
4.50338E-02 
4.37759E-02 
4.25311E-02 
4.13008E-02 
4.00865E-02 
3.88894E-02 
3.77105E-02 
6.80733E-02 
6.68204E-02 
6.55791E-02 
6.43479E-02 
6.31115E-02 
6.18716E-02 
6.06298E-02 
5.96686E-02 
5.93876E-02 
5.80495E-02 
5.67146E-02 
5.53844E-02 
5.40608E-02 
5.27585E-02 
5.14595E-02 
5.01624E-02 
4.88693E-02 
4.75822E-02 
4.63030E-02 
4.50337E-02 
4.37758E-02 
4.25310E-02 
4.13007E-02 
4.00864E-02 
3.88892E-02 
3.77104E-02 
6.80732E-02 
6.68203E-02 
6.55790E-02 
6.43478E-02 
6.31113E-02 
6.18714E-02 
6.06296E-02 
5.96684E-02 
5.93874E-02 
5.80494E-02 
5.67144E-02 
5.53843E-02 
5.40606E-02 
5.27583E-02 
5.14593E-02 
5.01622E-02 
4.88691E-02 
4.75820E-02 
4.63029E-02 
4.50335E-02 
4.37756E-02 
4.25308E-02 
4.13005E-02 
4.00862E-02 
3.88890E-02 
3.77102E-02 
6.80730E-02 
6.68201E-02 
6.55789E-02 
6.43476E-02 
6.31112E-02 
6.18713E-02 
6.06294E-02 
5.96683E-02 
5.93873E-02 
5.80492E-02 
5.67142E-02 
5.53841E-02 
5.40604E-02 
5.27581E-02 
5.14591E-02 
5.01620E-02 
4.88689E-02 
4.75818E-02 
4.63027E-02 
4.50333E-02 
4.37754E-02 
4.25306E-02 
4.13003E-02 
4.00860E-02 
3.88888E-02 
3.77100E-02 
6.80728E-02 
6.68199E-02 
6.55786E-02 
6.43474E-02 
6.31109E-02 
6.18710E-02 
6.06292E-02 
5.96680E-02 
5.93870E-02 
5.80490E-02 
5.67140E-02 
5.53838E-02 
5.40602E-02 
5.27579E-02 
5.14589E-02 
5.01618E-02 
4.88686E-02 
4.75816E-02 
4.63024E-02 
4.50330E-02 
4.37751E-02 
4.25303E-02 
4.13000E-02 
4.00857E-02 
3.88885E-02 
3.77097E-02 
6.80725E-02 
6.68196E-02 
6.55784E-02 
6.43471E-02 
6.31107E-02 
6.18708E-02 
6.06289E-02 
5.96677E-02 
5.93867E-02 
5.80487E-02 
5.67137E-02 
5.53835E-02 
5.40598E-02 
5.27575E-02 
5.14586E-02 
5.01614E-02 
4.88683E-02 
4.75812E-02 
4.63020E-02 
4.50327E-02 
4.37748E-02 
4.25299E-02 
4.12997E-02 
4.00853E-02 
3.88881E-02 
3.77093E-02 
6.80722E-02 
6.68193E-02 
6.55780E-02 
6.43468E-02 
6.31103E-02 
6.18704E-02 
6.06286E-02 
5.96674E-02 
5.93864E-02 
5.80483E-02 
5.67133E-02 
5.53831E-02 
5.40594E-02 
5.27571E-02 
5.14581E-02 
5.01610E-02 
4.88679E-02 
4.75808E-02 
4.63016E-02 
4.50322E-02 
4.37743E-02 
4.25295E-02 
4.12992E-02 
4.00848E-02 
3.88877E-02 
3.77088E-02 
6.80718E-02 
6.68189E-02 
6.55776E-02 
6.43463E-02 
6.31098E-02 
6.18699E-02 
6.06281E-02 
5.96669E-02 
5.93859E-02 
5.80478E-02 
5.67128E-02 
5.53826E-02 
5.40589E-02 
5.27566E-02 
5.14576E-02 
5.01605E-02 
4.88673E-02 
4.75802E-02 
4.63010E-02 
4.50316E-02 
4.37737E-02 
4.25289E-02 
4.12986E-02 
4.00842E-02 
3.88871E-02 
3.77082E-02 
6.80712E-02 
6.68183E-02 
6.55770E-02 
6.43457E-02 
6.31093E-02 
6.18693E-02 
6.06275E-02 
5.96662E-02 
5.93853E-02 
5.80471E-02 
5.67121E-02 
5.53820E-02 
5.40583E-02 
5.27559E-02 
5.14569E-02 
5.01598E-02 
4.88666E-02 
4.75795E-02 
4.63003E-02 
4.50309E-02 
4.37730E-02 
4.25281E-02 
4.12978E-02 
4.00835E-02 
3.88863E-02 
3.77074E-02 
6.80705E-02 
6.68176E-02 
6.55763E-02 
6.43450E-02 
6.31085E-02 
6.18686E-02 
6.06267E-02 
5.96655E-02 
5.93845E-02 
5.80463E-02 
5.67113E-02 
5.53811E-02 
5.40574E-02 
5.27551E-02 
5.14560E-02 
5.01589E-02 
4.88657E-02 
4.75786E-02 
4.62994E-02 
4.50300E-02 
4.37720E-02 
4.25271E-02 
4.12968E-02 
4.00825E-02 
3.88853E-02 
3.77064E-02 
6.80696E-02 
6.68167E-02 
6.55753E-02 
6.43440E-02 
6.31075E-02 
6.18676E-02 
6.06257E-02 
5.96644E-02 
5.93834E-02 
5.80453E-02 
5.67103E-02 
5.53801E-02 
5.40563E-02 
5.27540E-02 
5.14549E-02 
5.01577E-02 
4.88646E-02 
4.75774E-02 
4.62982E-02 
4.50287E-02 
4.37708E-02 
4.25259E-02 
4.12956E-02 
4.00812E-02 
3.88840E-02 
3.77051E-02 
6.80685E-02 
6.68155E-02 
6.55741E-02 
6.43428E-02 
6.31063E-02 
6.18663E-02 
6.06244E-02 
5.96631E-02 
5.93821E-02 
5.80440E-02 
5.67089E-02 
5.53787E-02 
5.40549E-02 
5.27525E-02 
5.14535E-02 
5.01563E-02 
4.88631E-02 
4.75759E-02 
4.62967E-02 
4.50272E-02 
4.37692E-02 
4.25243E-02 
4.12940E-02 
4.00795E-02 
3.88823E-02 
3.77034E-02 
6.80670E-02 
6.68140E-02 
6.55726E-02 
6.43412E-02 
6.31047E-02 
6.18647E-02 
6.06228E-02 
5.96615E-02 
5.93805E-02 
5.80423E-02 
5.67072E-02 
5.53769E-02 
5.40531E-02 
5.27507E-02 
5.14516E-02 
5.01544E-02 
4.88612E-02 
4.75740E-02 
4.62947E-02 
4.50252E-02 
4.37672E-02 
4.25223E-02 
4.12919E-02 
4.00774E-02 
3.88802E-02 
3.77012E-02 
6.80651E-02 
6.68120E-02 
6.55706E-02 
6.43392E-02 
6.31027E-02 
6.18626E-02 
6.06206E-02 
5.96593E-02 
5.93783E-02 
5.80401E-02 
5.67050E-02 
5.53747E-02 
5.40508E-02 
5.27484E-02 
5.14493E-02 
5.01520E-02 
4.88587E-02 
4.75715E-02 
4.62922E-02 
4.50227E-02 
4.37646E-02 
4.25196E-02 
4.12892E-02 
4.00748E-02 
3.88775E-02 
3.76985E-02 
6.80626E-02 
6.68096E-02 
6.55681E-02 
6.43367E-02 
6.31000E-02 
6.18600E-02 
6.06179E-02 
5.96566E-02 
5.93756E-02 
5.80373E-02 
5.67021E-02 
5.53718E-02 
5.40479E-02 
5.27454E-02 
5.14462E-02 
5.01489E-02 
4.88556E-02 
4.75683E-02 
4.62890E-02 
4.50194E-02 
4.37613E-02 
4.25163E-02 
4.12858E-02 
4.00713E-02 
3.88740E-02 
3.76950E-02 
6.80595E-02 
6.68064E-02 
6.55649E-02 
6.43334E-02 
6.30967E-02 
6.18566E-02 
6.06145E-02 
5.96531E-02 
5.93721E-02 
5.80337E-02 
5.66985E-02 
5.53681E-02 
5.40441E-02 
5.27416E-02 
5.14423E-02 
5.01450E-02 
4.88516E-02 
4.75643E-02 
4.62848E-02 
4.50152E-02 
4.37571E-02 
4.25120E-02 
4.12815E-02 
4.00669E-02 
3.88695E-02 
3.76904E-02 
6.80555E-02 
6.68023E-02 
6.55607E-02 
6.43292E-02 
6.30924E-02 
6.18522E-02 
6.06101E-02 
5.96486E-02 
5.93675E-02 
5.80291E-02 
5.66938E-02 
5.53633E-02 
5.40393E-02 
5.27367E-02 
5.14374E-02 
5.01399E-02 
4.88465E-02 
4.75591E-02 
4.62796E-02 
4.50099E-02 
4.37516E-02 
4.25065E-02 
4.12759E-02 
4.00613E-02 
3.88638E-02 
3.76847E-02 
6.80504E-02 
6.67971E-02 
6.55554E-02 
6.43238E-02 
6.30869E-02 
6.18466E-02 
6.06044E-02 
5.96429E-02 
5.93618E-02 
5.80233E-02 
5.66879E-02 
5.53573E-02 
5.40331E-02 
5.27304E-02 
5.14310E-02 
5.01335E-02 
4.88399E-02 
4.75524E-02 
4.62728E-02 
4.50030E-02 
4.37447E-02 
4.24994E-02 
4.12688E-02 
4.00540E-02 
3.88565E-02 
3.76772E-02 
6.80439E-02 
6.67904E-02 
6.55486E-02 
6.43169E-02 
6.30799E-02 
6.18395E-02 
6.05971E-02 
5.96355E-02 
5.93544E-02 
5.80157E-02 
5.66802E-02 
5.53495E-02 
5.40252E-02 
5.27224E-02 
5.14228E-02 
5.01252E-02 
4.88315E-02 
4.75439E-02 
4.62641E-02 
4.49942E-02 
4.37358E-02 
4.24904E-02 
4.12596E-02 
4.00448E-02 
3.88471E-02 
3.76678E-02 
6.80355E-02 
6.67819E-02 
6.55399E-02 
6.43080E-02 
6.30709E-02 
6.18303E-02 
6.05878E-02 
5.96261E-02 
5.93449E-02 
5.80061E-02 
5.66704E-02 
5.53395E-02 
5.40151E-02 
5.27121E-02 
5.14124E-02 
5.01146E-02 
4.88207E-02 
4.75329E-02 
4.62531E-02 
4.49830E-02 
4.37244E-02 
4.24789E-02 
4.12479E-02 
4.00329E-02 
3.88351E-02 
3.76556E-02 
6.80247E-02 
6.67710E-02 
6.55288E-02 
6.42967E-02 
6.30594E-02 
6.18186E-02 
6.05759E-02 
5.96140E-02 
5.93328E-02 
5.79938E-02 
5.66579E-02 
5.53268E-02 
5.40021E-02 
5.26989E-02 
5.13990E-02 
5.01010E-02 
4.88069E-02 
4.75189E-02 
4.62389E-02 
4.49686E-02 
4.37098E-02 
4.24641E-02 
4.12329E-02 
4.00177E-02 
3.88197E-02 
3.76400E-02 
6.80110E-02 
6.67569E-02 
6.55145E-02 
6.42822E-02 
6.30446E-02 
6.18036E-02 
6.05606E-02 
5.95985E-02 
5.93173E-02 
5.79780E-02 
5.66418E-02 
5.53104E-02 
5.39855E-02 
5.26821E-02 
5.13819E-02 
5.00836E-02 
4.87893E-02 
4.75010E-02 
4.62207E-02 
4.49501E-02 
4.36911E-02 
4.24451E-02 
4.12137E-02 
3.99983E-02 
3.88000E-02 
3.76201E-02 
6.79934E-02 
6.67390E-02 
6.54963E-02 
6.42636E-02 
6.30257E-02 
6.17843E-02 
6.05410E-02 
5.95787E-02 
5.92974E-02 
5.79578E-02 
5.66212E-02 
5.52895E-02 
5.39643E-02 
5.26605E-02 
5.13600E-02 
5.00613E-02 
4.87667E-02 
4.74781E-02 
4.61974E-02 
4.49265E-02 
4.36672E-02 
4.24209E-02 
4.11892E-02 
3.99734E-02 
3.87749E-02 
3.75946E-02 
6.79708E-02 
6.67160E-02 
6.54729E-02 
6.42398E-02 
6.30015E-02 
6.17597E-02 
6.05160E-02 
5.95534E-02 
5.92720E-02 
5.79319E-02 
5.65949E-02 
5.52627E-02 
5.39371E-02 
5.26328E-02 
5.13319E-02 
5.00328E-02 
4.87378E-02 
4.74487E-02 
4.61676E-02 
4.48963E-02 
4.36365E-02 
4.23899E-02 
4.11577E-02 
3.99416E-02 
3.87426E-02 
3.75620E-02 
6.79414E-02 
6.66861E-02 
6.54424E-02 
6.42088E-02 
6.29699E-02 
6.17276E-02 
6.04834E-02 
5.95204E-02 
5.92388E-02 
5.78982E-02 
5.65606E-02 
5.52279E-02 
5.39016E-02 
5.25968E-02 
5.12953E-02 
4.99957E-02 
4.87001E-02 
4.74105E-02 
4.61289E-02 
4.48570E-02 
4.35967E-02 
4.23495E-02 
4.11168E-02 
3.99001E-02 
3.87006E-02 
3.75195E-02 
6.79043E-02 
6.66483E-02 
6.54040E-02 
6.41697E-02 
6.29302E-02 
6.16872E-02 
6.04423E-02 
5.94787E-02 
5.91970E-02 
5.78556E-02 
5.65173E-02 
5.51839E-02 
5.38569E-02 
5.25514E-02 
5.12492E-02 
4.99489E-02 
4.86526E-02 
4.73623E-02 
4.60800E-02 
4.48074E-02 
4.35464E-02 
4.22985E-02 
4.10652E-02 
3.98478E-02 
3.86477E-02 
3.74660E-02 
6.78568E-02 
6.65999E-02 
6.53547E-02 
6.41196E-02 
6.28792E-02 
6.16354E-02 
6.03896E-02 
5.94254E-02 
5.91435E-02 
5.78012E-02 
5.64620E-02 
5.51276E-02 
5.37998E-02 
5.24933E-02 
5.11902E-02 
4.98890E-02 
4.85918E-02 
4.73006E-02 
4.60174E-02 
4.47440E-02 
4.34821E-02 
4.22334E-02 
4.09992E-02 
3.97810E-02 
3.85801E-02 
3.73975E-02 
6.77960E-02 
6.65381E-02 
6.52918E-02 
6.40555E-02 
6.28141E-02 
6.15692E-02 
6.03223E-02 
5.93572E-02 
5.90751E-02 
5.77316E-02 
5.63912E-02 
5.50557E-02 
5.37267E-02 
5.24191E-02 
5.11149E-02 
4.98125E-02 
4.85141E-02 
4.72218E-02 
4.59375E-02 
4.46630E-02 
4.34000E-02 
4.21501E-02 
4.09149E-02 
3.96956E-02 
3.84936E-02 
3.73100E-02 
6.77183E-02 
6.64589E-02 
6.52112E-02 
6.39736E-02 
6.27308E-02 
6.14845E-02 
6.02362E-02 
5.92701E-02 
5.89876E-02 
5.76426E-02 
5.63008E-02 
5.49637E-02 
5.36332E-02 
5.23242E-02 
5.10185E-02 
4.97147E-02 
4.84149E-02 
4.71211E-02 
4.58354E-02 
4.45594E-02 
4.32950E-02 
4.20438E-02 
4.08071E-02 
3.95865E-02 
3.83832E-02 
3.71983E-02 
6.76186E-02 
6.63575E-02 
6.51080E-02 
6.38687E-02 
6.26241E-02 
6.13760E-02 
6.01260E-02 
5.91585E-02 
5.88756E-02 
5.75287E-02 
5.61850E-02 
5.48460E-02 
5.35137E-02 
5.22028E-02 
5.08952E-02 
4.95896E-02 
4.82879E-02 
4.69923E-02 
4.57047E-02 
4.44270E-02 
4.31608E-02 
4.19078E-02 
4.06694E-02 
3.94471E-02 
3.82420E-02 
3.70554E-02 
6.74912E-02 
6.62278E-02 
6.49761E-02 
6.37345E-02 
6.24877E-02 
6.12374E-02 
5.99851E-02 
5.90159E-02 
5.87325E-02 
5.73832E-02 
5.60371E-02 
5.46957E-02 
5.33610E-02 
5.20477E-02 
5.07378E-02 
4.94298E-02 
4.81259E-02 
4.68280E-02 
4.55381E-02 
4.42580E-02 
4.29896E-02 
4.17343E-02 
4.04937E-02 
3.92692E-02 
3.80620E-02 
3.68732E-02 
6.73283E-02 
6.60620E-02 
6.48075E-02 
6.35631E-02 
6.23135E-02 
6.10604E-02 
5.98053E-02 
5.88338E-02 
5.85498E-02 
5.71975E-02 
5.58483E-02 
5.45039E-02 
5.31661E-02 
5.18500E-02 
5.05371E-02 
4.92262E-02 
4.79192E-02 
4.66184E-02 
4.53256E-02 
4.40427E-02 
4.27714E-02 
4.15133E-02 
4.02699E-02 
3.90426E-02 
3.78327E-02 
3.66412E-02 
6.71202E-02 
6.58504E-02 
6.45923E-02 
6.33444E-02 
6.20913E-02 
6.08346E-02 
5.95760E-02 
5.86018E-02 
5.83170E-02 
5.69608E-02 
5.56078E-02 
5.42596E-02 
5.29180E-02 
5.15981E-02 
5.02816E-02 
4.89669E-02 
4.76563E-02 
4.63518E-02 
4.50553E-02 
4.37688E-02 
4.24939E-02 
4.12322E-02 
3.99853E-02 
3.87545E-02 
3.75412E-02 
3.63464E-02 
6.68546E-02 
6.55803E-02 
6.43178E-02 
6.30655E-02 
6.18079E-02 
6.05468E-02 
5.92837E-02 
5.83060E-02 
5.80203E-02 
5.66593E-02 
5.53015E-02 
5.39486E-02 
5.26023E-02 
5.12777E-02 
4.99565E-02 
4.86372E-02 
4.73219E-02 
4.60128E-02 
4.47118E-02 
4.34207E-02 
4.21413E-02 
4.08751E-02 
3.96238E-02 
3.83887E-02 
3.71711E-02 
3.59721E-02 
6.65160E-02 
6.52361E-02 
6.39681E-02 
6.27103E-02 
6.14472E-02 
6.01806E-02 
5.89120E-02 
5.79300E-02 
5.76430E-02 
5.62761E-02 
5.49123E-02 
5.35535E-02 
5.22013E-02 
5.08709E-02 
4.95439E-02 
4.82188E-02 
4.68978E-02 
4.55830E-02 
4.42762E-02 
4.29795E-02 
4.16945E-02 
4.04228E-02 
3.91660E-02 
3.79255E-02 
3.67025E-02 
3.54982E-02 
6.60852E-02 
6.47984E-02 
6.35236E-02 
6.22590E-02 
6.09891E-02 
5.97156E-02 
5.84402E-02 
5.74530E-02 
5.71644E-02 
5.57901E-02 
5.44190E-02 
5.30528E-02 
5.16933E-02 
5.03558E-02 
4.90217E-02 
4.76894E-02 
4.63613E-02 
4.50394E-02 
4.37256E-02 
4.24219E-02 
4.11299E-02 
3.98514E-02 
3.85878E-02 
3.73406E-02 
3.61111E-02 
3.49003E-02 
6.55383E-02 
6.42431E-02 
6.29599E-02 
6.16870E-02 
6.04087E-02 
5.91269E-02 
5.78431E-02 
5.68494E-02 
5.65589E-02 
5.51756E-02 
5.37955E-02 
5.24204E-02 
5.10519E-02 
4.97056E-02 
4.83627E-02 
4.70217E-02 
4.56849E-02 
4.43543E-02 
4.30319E-02 
4.17196E-02 
4.04191E-02 
3.91322E-02 
3.78604E-02 
3.66050E-02 
3.53673E-02 
3.41486E-02 
6.48462E-02 
6.35407E-02 
6.22473E-02 
6.09644E-02 
5.96760E-02 
5.83841E-02 
5.70901E-02 
5.60885E-02 
5.57957E-02 
5.44015E-02 
5.30104E-02 
5.16244E-02 
5.02452E-02 
4.88882E-02 
4.75347E-02 
4.61831E-02 
4.48356E-02 
4.34945E-02 
4.21616E-02 
4.08389E-02 
3.95282E-02 
3.82311E-02 
3.69492E-02 
3.56839E-02 
3.44364E-02 
3.32081E-02 
6.39738E-02 
6.26560E-02 
6.13504E-02 
6.00554E-02 
5.87549E-02 
5.74507E-02 
5.61446E-02 
5.51336E-02 
5.48380E-02 
5.34306E-02 
5.20265E-02 
5.06274E-02 
4.92352E-02 
4.78654E-02 
4.64992E-02 
4.51348E-02 
4.37747E-02 
4.24210E-02 
4.10755E-02 
3.97404E-02 
3.84173E-02 
3.71080E-02 
3.58140E-02 
3.45368E-02 
3.32776E-02 
3.20377E-02 
6.28796E-02 
6.15473E-02 
6.02273E-02 
5.89180E-02 
5.76031E-02 
5.62846E-02 
5.49640E-02 
5.39418E-02 
5.36430E-02 
5.22201E-02 
5.08004E-02 
4.93859E-02 
4.79783E-02 
4.65934E-02 
4.52121E-02 
4.38327E-02 
4.24575E-02 
4.10888E-02 
3.97285E-02 
3.83786E-02 
3.70410E-02 
3.57172E-02 
3.44089E-02 
3.31176E-02 
3.18445E-02 
3.05909E-02 
6.15140E-02 
6.01646E-02 
5.88278E-02 
5.75018E-02 
5.61701E-02 
5.48348E-02 
5.34973E-02 
5.24621E-02 
5.21595E-02 
5.07184E-02 
4.92807E-02 
4.78481E-02 
4.64225E-02 
4.50200E-02 
4.36210E-02 
4.22240E-02 
4.08313E-02 
3.94451E-02 
3.80675E-02 
3.67003E-02 
3.53456E-02 
3.40049E-02 
3.26799E-02 
3.13721E-02 
3.00828E-02 
2.88132E-02 
5.98304E-02 
5.84616E-02 
5.71054E-02 
5.57603E-02 
5.44094E-02 
5.30548E-02 
5.16981E-02 
5.06479E-02 
5.03409E-02 
4.88790E-02 
4.74206E-02 
4.59673E-02 
4.45212E-02 
4.30984E-02 
4.16792E-02 
4.02621E-02 
3.88493E-02 
3.74431E-02 
3.60456E-02 
3.46588E-02 
3.32845E-02 
3.19245E-02 
3.05804E-02 
2.92537E-02 
2.79457E-02 
2.66578E-02 
5.77643E-02 
5.63735E-02 
5.49956E-02 
5.36287E-02 
5.22562E-02 
5.08798E-02 
4.95012E-02 
4.84342E-02 
4.81223E-02 
4.66369E-02 
4.51550E-02 
4.36784E-02 
4.22090E-02 
4.07633E-02 
3.93213E-02 
3.78814E-02 
3.64459E-02 
3.50171E-02 
3.35971E-02 
3.21880E-02 
3.07916E-02 
2.94097E-02 
2.80440E-02 
2.66960E-02 
2.53670E-02 
2.40584E-02 
5.52566E-02 
5.38414E-02 
5.24392E-02 
5.10484E-02 
4.96518E-02 
4.82512E-02 
4.68484E-02 
4.57627E-02 
4.54453E-02 
4.39338E-02 
4.24258E-02 
4.09233E-02 
3.94281E-02 
3.79570E-02 
3.64897E-02 
3.50245E-02 
3.35638E-02 
3.21099E-02 
3.06650E-02 
2.92311E-02 
2.78102E-02 
2.64040E-02 
2.50143E-02 
2.36426E-02 
2.22903E-02 
2.09587E-02 
5.22453E-02 
5.08034E-02 
4.93749E-02 
4.79579E-02 
4.65349E-02 
4.51080E-02 
4.36788E-02 
4.25726E-02 
4.22492E-02 
4.07093E-02 
3.91730E-02 
3.76421E-02 
3.61188E-02 
3.46200E-02 
3.31251E-02 
3.16323E-02 
3.01441E-02 
2.86628E-02 
2.71907E-02 
2.57298E-02 
2.42822E-02 
2.28495E-02 
2.14337E-02 
2.00362E-02 
1.86584E-02 
1.73017E-02 
4.86706E-02 
4.72001E-02 
4.57433E-02 
4.42982E-02 
4.28471E-02 
4.13919E-02 
3.99344E-02 
3.88063E-02 
3.84765E-02 
3.69061E-02 
3.53393E-02 
3.37782E-02 
3.22247E-02 
3.06962E-02 
2.91717E-02 
2.76493E-02 
2.61317E-02 
2.46211E-02 
2.31198E-02 
2.16300E-02 
2.01537E-02 
1.86927E-02 
1.72488E-02 
1.58236E-02 
1.44185E-02 
1.30350E-02 
4.44781E-02 
4.29776E-02 
4.14910E-02 
4.00164E-02 
3.85356E-02 
3.70506E-02 
3.55634E-02 
3.44122E-02 
3.40757E-02 
3.24732E-02 
3.08744E-02 
2.92813E-02 
2.76960E-02 
2.61364E-02 
2.45806E-02 
2.30272E-02 
2.14785E-02 
1.99370E-02 
1.84050E-02 
1.68848E-02 
1.53783E-02 
1.38874E-02 
1.24140E-02 
1.09597E-02 
9.52591E-03 
8.11409E-03 
3.96239E-02 
3.80924E-02 
3.65750E-02 
3.50699E-02 
3.35584E-02 
3.20427E-02 
3.05246E-02 
2.93496E-02 
2.90061E-02 
2.73704E-02 
2.57385E-02 
2.41125E-02 
2.24944E-02 
2.09024E-02 
1.93145E-02 
1.77288E-02 
1.61481E-02 
1.45747E-02 
1.30110E-02 
1.14592E-02 
9.92152E-03 
8.39980E-03 
6.89587E-03 
5.41142E-03 
3.94797E-03 
2.50691E-03 
3.40749E-02 
3.25118E-02 
3.09632E-02 
2.94271E-02 
2.78845E-02 
2.63375E-02 
2.47882E-02 
2.35890E-02 
2.32384E-02 
2.15690E-02 
1.99035E-02 
1.82440E-02 
1.65925E-02 
1.49678E-02 
1.33471E-02 
1.17288E-02 
1.01155E-02 
8.50968E-03 
6.91378E-03 
5.33007E-03 
3.76069E-03 
2.20762E-03 
6.72717E-04 
-8.42310E-04 
-2.33591E-03 
-3.80665E-03 
2.78465E-02 
2.62521E-02 
2.46725E-02 
2.31056E-02 
2.15321E-02 
1.99542E-02 
1.83739E-02 
1.71506E-02 
1.67931E-02 
1.50902E-02 
1.33914E-02 
1.16986E-02 
1.00141E-02 
8.35682E-03 
6.70374E-03 
5.05304E-03 
3.40742E-03 
1.76947E-03 
1.41624E-04 
-1.47378E-03 
-3.07458E-03 
-4.65874E-03 
-6.22437E-03 
-7.76972E-03 
-9.29322E-03 
-1.07934E-02 
2.08572E-02 
1.92319E-02 
1.76218E-02 
1.60246E-02 
1.44207E-02 
1.28123E-02 
1.12014E-02 
9.95452E-03 
9.59002E-03 
7.85427E-03 
6.12255E-03 
4.39707E-03 
2.68001E-03 
9.90669E-04 
-6.94374E-04 
-2.37699E-03 
-4.05442E-03 
-5.72405E-03 
-7.38337E-03 
-9.03001E-03 
-1.06618E-02 
-1.22765E-02 
-1.38725E-02 
-1.54477E-02 
-1.70006E-02 
-1.85298E-02 
1.31780E-02 
1.15233E-02 
9.88388E-03 
8.25770E-03 
6.62468E-03 
4.98708E-03 
3.34694E-03 
2.07744E-03 
1.70632E-03 
-6.09432E-05 
-1.82409E-03 
-3.58089E-03 
-5.32913E-03 
-7.04914E-03 
-8.76477E-03 
-1.04779E-02 
-1.21858E-02 
-1.38858E-02 
-1.55752E-02 
-1.72517E-02 
-1.89131E-02 
-2.05572E-02 
-2.21821E-02 
-2.37859E-02 
-2.53671E-02 
-2.69240E-02 
4.81339E-03 
3.13092E-03 
1.46406E-03 
-1.89360E-04 
-1.84974E-03 
-3.51477E-03 
-5.18239E-03 
-6.47315E-03 
-6.85049E-03 
-8.64736E-03 
-1.04400E-02 
-1.22263E-02 
-1.40038E-02 
-1.57526E-02 
-1.74970E-02 
-1.92389E-02 
-2.09753E-02 
-2.27038E-02 
-2.44215E-02 
-2.61261E-02 
-2.78153E-02 
-2.94870E-02 
-3.11391E-02 
-3.27698E-02 
-3.43774E-02 
-3.59604E-02 
-4.20046E-03 
-5.90836E-03 
-7.60039E-03 
-9.27879E-03 
-1.09643E-02 
-1.26544E-02 
-1.43472E-02 
-1.56575E-02 
-1.60406E-02 
-1.78646E-02 
-1.96843E-02 
-2.14975E-02 
-2.33019E-02 
-2.50772E-02 
-2.68479E-02 
-2.86161E-02 
-3.03788E-02 
-3.21333E-02 
-3.38770E-02 
-3.56074E-02 
-3.73221E-02 
-3.90190E-02 
-4.06961E-02 
-4.23514E-02 
-4.39833E-02 
-4.55903E-02 
-1.38138E-02 
-1.55443E-02 
-1.72587E-02 
-1.89594E-02 
-2.06671E-02 
-2.23797E-02 
-2.40949E-02 
-2.54226E-02 
-2.58107E-02 
-2.76588E-02 
-2.95027E-02 
-3.13400E-02 
-3.31682E-02 
-3.49670E-02 
-3.67612E-02 
-3.85528E-02 
-4.03388E-02 
-4.21166E-02 
-4.38834E-02 
-4.56367E-02 
-4.73741E-02 
-4.90935E-02 
-5.07928E-02 
-5.24700E-02 
-5.41236E-02 
-5.57518E-02 
-2.39628E-02 
-2.57127E-02 
-2.74463E-02 
-2.91659E-02 
-3.08928E-02 
-3.26246E-02 
-3.43590E-02 
-3.57015E-02 
-3.60939E-02 
-3.79628E-02 
-3.98273E-02 
-4.16851E-02 
-4.35338E-02 
-4.53527E-02 
-4.71669E-02 
-4.89786E-02 
-5.07846E-02 
-5.25823E-02 
-5.43689E-02 
-5.61418E-02 
-5.78986E-02 
-5.96372E-02 
-6.13555E-02 
-6.30516E-02 
-6.47236E-02 
-6.63700E-02 
-3.44658E-02 
-3.62313E-02 
-3.79803E-02 
-3.97152E-02 
-4.14574E-02 
-4.32045E-02 
-4.49543E-02 
-4.63087E-02 
-4.67047E-02 
-4.85901E-02 
-5.04712E-02 
-5.23455E-02 
-5.42106E-02 
-5.60456E-02 
-5.78760E-02 
-5.97037E-02 
-6.15258E-02 
-6.33394E-02 
-6.51418E-02 
-6.69305E-02 
-6.87030E-02 
-7.04570E-02 
-7.21905E-02 
-7.39016E-02 
-7.55885E-02 
-7.72496E-02 
-4.54380E-02 
-4.72151E-02 
-4.89756E-02 
-5.07219E-02 
-5.24756E-02 
-5.42342E-02 
-5.59955E-02 
-5.73588E-02 
-5.77573E-02 
-5.96551E-02 
-6.15486E-02 
-6.34352E-02 
-6.53126E-02 
-6.71596E-02 
-6.90020E-02 
-7.08418E-02 
-7.26758E-02 
-7.45014E-02 
-7.63156E-02 
-7.81160E-02 
-7.99002E-02 
-8.16657E-02 
-8.34107E-02 
-8.51330E-02 
-8.68309E-02 
-8.85029E-02 
-5.66260E-02 
-5.84101E-02 
-6.01777E-02 
-6.19310E-02 
-6.36917E-02 
-6.54573E-02 
-6.72257E-02 
-6.85944E-02 
-6.89945E-02 
-7.08999E-02 
-7.28009E-02 
-7.46951E-02 
-7.65800E-02 
-7.84344E-02 
-8.02842E-02 
-8.21313E-02 
-8.39727E-02 
-8.58055E-02 
-8.76270E-02 
-8.94346E-02 
-9.12259E-02 
-9.29985E-02 
-9.47504E-02 
-9.64796E-02 
-9.81843E-02 
-9.98630E-02 
-6.79558E-02 
-6.97422E-02 
-7.15120E-02 
-7.32676E-02 
-7.50306E-02 
-7.67985E-02 
-7.85692E-02 
-7.99397E-02 
-8.03403E-02 
-8.22482E-02 
-8.41517E-02 
-8.60483E-02 
-8.79356E-02 
-8.97925E-02 
-9.16446E-02 
-9.34941E-02 
-9.53379E-02 
-9.71731E-02 
-9.89970E-02 
-1.00807E-01 
-1.02600E-01 
-1.04375E-01 
-1.06130E-01 
-1.07861E-01 
-1.09568E-01 
-1.11249E-01 
-7.92949E-02 
-8.10786E-02 
-8.28457E-02 
-8.45985E-02 
-8.63588E-02 
-8.81239E-02 
-8.98918E-02 
-9.12602E-02 
-9.16603E-02 
-9.35652E-02 
-9.54657E-02 
-9.73594E-02 
-9.92438E-02 
-1.01098E-01 
-1.02947E-01 
-1.04794E-01 
-1.06635E-01 
-1.08467E-01 
-1.10288E-01 
-1.12095E-01 
-1.13886E-01 
-1.15658E-01 
-1.17410E-01 
-1.19138E-01 
-1.20843E-01 
-1.22521E-01 
-9.05401E-02 
-9.23156E-02 
-9.40747E-02 
-9.58195E-02 
-9.75717E-02 
-9.93288E-02 
-1.01089E-01 
-1.02451E-01 
-1.02849E-01 
-1.04745E-01 
-1.06637E-01 
-1.08522E-01 
-1.10398E-01 
-1.12243E-01 
-1.14084E-01 
-1.15922E-01 
-1.17755E-01 
-1.19579E-01 
-1.21392E-01 
-1.23191E-01 
-1.24973E-01 
-1.26737E-01 
-1.28481E-01 
-1.30202E-01 
-1.31898E-01 
-1.33569E-01 
-1.01539E-01 
-1.03301E-01 
-1.05046E-01 
-1.06778E-01 
-1.08516E-01 
-1.10260E-01 
-1.12006E-01 
-1.13357E-01 
-1.13752E-01 
-1.15634E-01 
-1.17511E-01 
-1.19382E-01 
-1.21243E-01 
-1.23074E-01 
-1.24901E-01 
-1.26724E-01 
-1.28543E-01 
-1.30353E-01 
-1.32151E-01 
-1.33936E-01 
-1.35705E-01 
-1.37455E-01 
-1.39185E-01 
-1.40893E-01 
-1.42576E-01 
-1.44234E-01 
-1.12147E-01 
-1.13889E-01 
-1.15615E-01 
-1.17327E-01 
-1.19046E-01 
-1.20770E-01 
-1.22497E-01 
-1.23833E-01 
-1.24224E-01 
-1.26084E-01 
-1.27941E-01 
-1.29790E-01 
-1.31631E-01 
-1.33441E-01 
-1.35248E-01 
-1.37051E-01 
-1.38849E-01 
-1.40639E-01 
-1.42418E-01 
-1.44183E-01 
-1.45932E-01 
-1.47663E-01 
-1.49373E-01 
-1.51062E-01 
-1.52726E-01 
-1.54365E-01 
-1.22217E-01 
-1.23934E-01 
-1.25634E-01 
-1.27321E-01 
-1.29015E-01 
-1.30713E-01 
-1.32415E-01 
-1.33731E-01 
-1.34116E-01 
-1.35949E-01 
-1.37778E-01 
-1.39600E-01 
-1.41414E-01 
-1.43198E-01 
-1.44977E-01 
-1.46754E-01 
-1.48526E-01 
-1.50289E-01 
-1.52041E-01 
-1.53780E-01 
-1.55503E-01 
-1.57209E-01 
-1.58894E-01 
-1.60557E-01 
-1.62197E-01 
-1.63812E-01 
-1.31577E-01 
-1.33262E-01 
-1.34930E-01 
-1.36586E-01 
-1.38248E-01 
-1.39915E-01 
-1.41584E-01 
-1.42876E-01 
-1.43254E-01 
-1.45053E-01 
-1.46848E-01 
-1.48636E-01 
-1.50416E-01 
-1.52166E-01 
-1.53913E-01 
-1.55656E-01 
-1.57395E-01 
-1.59125E-01 
-1.60845E-01 
-1.62551E-01 
-1.64243E-01 
-1.65916E-01 
-1.67570E-01 
-1.69203E-01 
-1.70812E-01 
-1.72397E-01 
-1.40089E-01 
-1.41735E-01 
-1.43365E-01 
-1.44983E-01 
-1.46607E-01 
-1.48236E-01 
-1.49867E-01 
-1.51130E-01 
-1.51499E-01 
-1.53256E-01 
-1.55010E-01 
-1.56757E-01 
-1.58496E-01 
-1.60207E-01 
-1.61913E-01 
-1.63617E-01 
-1.65316E-01 
-1.67007E-01 
-1.68687E-01 
-1.70354E-01 
-1.72007E-01 
-1.73642E-01 
-1.75258E-01 
-1.76853E-01 
-1.78426E-01 
-1.79974E-01 
-1.47504E-01 
-1.49105E-01 
-1.50691E-01 
-1.52265E-01 
-1.53845E-01 
-1.55429E-01 
-1.57016E-01 
-1.58244E-01 
-1.58603E-01 
-1.60313E-01 
-1.62019E-01 
-1.63719E-01 
-1.65411E-01 
-1.67075E-01 
-1.68735E-01 
-1.70392E-01 
-1.72045E-01 
-1.73689E-01 
-1.75324E-01 
-1.76946E-01 
-1.78554E-01 
-1.80144E-01 
-1.81716E-01 
-1.83268E-01 
-1.84798E-01 
-1.86304E-01 
-1.53778E-01 
-1.55327E-01 
-1.56862E-01 
-1.58384E-01 
-1.59913E-01 
-1.61446E-01 
-1.62982E-01 
-1.64170E-01 
-1.64517E-01 
-1.66172E-01 
-1.67822E-01 
-1.69467E-01 
-1.71104E-01 
-1.72714E-01 
-1.74320E-01 
-1.75924E-01 
-1.77523E-01 
-1.79114E-01 
-1.80696E-01 
-1.82265E-01 
-1.83821E-01 
-1.85360E-01 
-1.86881E-01 
-1.88382E-01 
-1.89862E-01 
-1.91320E-01 
-1.58662E-01 
-1.60153E-01 
-1.61629E-01 
-1.63094E-01 
-1.64564E-01 
-1.66039E-01 
-1.67516E-01 
-1.68660E-01 
-1.68994E-01 
-1.70586E-01 
-1.72173E-01 
-1.73756E-01 
-1.75330E-01 
-1.76879E-01 
-1.78424E-01 
-1.79967E-01 
-1.81505E-01 
-1.83036E-01 
-1.84558E-01 
-1.86068E-01 
-1.87564E-01 
-1.89044E-01 
-1.90508E-01 
-1.91952E-01 
-1.93376E-01 
-1.94778E-01 
-1.61979E-01 
-1.63404E-01 
-1.64815E-01 
-1.66214E-01 
-1.67620E-01 
-1.69030E-01 
-1.70442E-01 
-1.71534E-01 
-1.71854E-01 
-1.73375E-01 
-1.74893E-01 
-1.76405E-01 
-1.77910E-01 
-1.79390E-01 
-1.80867E-01 
-1.82342E-01 
-1.83812E-01 
-1.85275E-01 
-1.86730E-01 
-1.88173E-01 
-1.89603E-01 
-1.91018E-01 
-1.92417E-01 
-1.93797E-01 
-1.95158E-01 
-1.96499E-01 
-1.63545E-01 
-1.64897E-01 
-1.66235E-01 
-1.67563E-01 
-1.68897E-01 
-1.70234E-01 
-1.71574E-01 
-1.72611E-01 
-1.72914E-01 
-1.74357E-01 
-1.75797E-01 
-1.77231E-01 
-1.78659E-01 
-1.80064E-01 
-1.81465E-01 
-1.82864E-01 
-1.84259E-01 
-1.85647E-01 
-1.87027E-01 
-1.88396E-01 
-1.89752E-01 
-1.91095E-01 
-1.92422E-01 
-1.93732E-01 
-1.95023E-01 
-1.96295E-01 
-1.63174E-01 
-1.64445E-01 
-1.65704E-01 
-1.66953E-01 
-1.68208E-01 
-1.69466E-01 
-1.70725E-01 
-1.71700E-01 
-1.71986E-01 
-1.73343E-01 
-1.74697E-01 
-1.76047E-01 
-1.77390E-01 
-1.78711E-01 
-1.80028E-01 
-1.81344E-01 
-1.82656E-01 
-1.83962E-01 
-1.85260E-01 
-1.86547E-01 
-1.87824E-01 
-1.89086E-01 
-1.90334E-01 
-1.91566E-01 
-1.92781E-01 
-1.93977E-01 
-1.60675E-01 
-1.61858E-01 
-1.63030E-01 
-1.64193E-01 
-1.65361E-01 
-1.66532E-01 
-1.67705E-01 
-1.68613E-01 
-1.68878E-01 
-1.70142E-01 
-1.71403E-01 
-1.72659E-01 
-1.73909E-01 
-1.75139E-01 
-1.76366E-01 
-1.77591E-01 
-1.78813E-01 
-1.80028E-01 
-1.81236E-01 
-1.82435E-01 
-1.83623E-01 
-1.84799E-01 
-1.85961E-01 
-1.87108E-01 
-1.88239E-01 
-1.89352E-01 
-1.55854E-01 
-1.56942E-01 
-1.58020E-01 
-1.59090E-01 
-1.60163E-01 
-1.61240E-01 
-1.62319E-01 
-1.63154E-01 
-1.63398E-01 
-1.64560E-01 
-1.65719E-01 
-1.66874E-01 
-1.68024E-01 
-1.69155E-01 
-1.70283E-01 
-1.71410E-01 
-1.72533E-01 
-1.73651E-01 
-1.74762E-01 
-1.75864E-01 
-1.76956E-01 
-1.78038E-01 
-1.79106E-01 
-1.80161E-01 
-1.81200E-01 
-1.82224E-01 
-1.48515E-01 
-1.49500E-01 
-1.50476E-01 
-1.51445E-01 
-1.52417E-01 
-1.53392E-01 
-1.54369E-01 
-1.55125E-01 
-1.55346E-01 
-1.56398E-01 
-1.57448E-01 
-1.58494E-01 
-1.59535E-01 
-1.60559E-01 
-1.61581E-01 
-1.62601E-01 
-1.63618E-01 
-1.64630E-01 
-1.65636E-01 
-1.66635E-01 
-1.67624E-01 
-1.68603E-01 
-1.69571E-01 
-1.70526E-01 
-1.71467E-01 
-1.72394E-01 
-1.38435E-01 
-1.39309E-01 
-1.40176E-01 
-1.41035E-01 
-1.41899E-01 
-1.42764E-01 
-1.43631E-01 
-1.44302E-01 
-1.44498E-01 
-1.45433E-01 
-1.46365E-01 
-1.47293E-01 
-1.48217E-01 
-1.49126E-01 
-1.50033E-01 
-1.50939E-01 
-1.51842E-01 
-1.52740E-01 
-1.53633E-01 
-1.54519E-01 
-1.55397E-01 
-1.56267E-01 
-1.57125E-01 
-1.57973E-01 
-1.58809E-01 
-1.59632E-01 
-1.25523E-01 
-1.26280E-01 
-1.27030E-01 
-1.27774E-01 
-1.28521E-01 
-1.29270E-01 
-1.30021E-01 
-1.30602E-01 
-1.30771E-01 
-1.31580E-01 
-1.32387E-01 
-1.33190E-01 
-1.33990E-01 
-1.34777E-01 
-1.35562E-01 
-1.36346E-01 
-1.37127E-01 
-1.37905E-01 
-1.38678E-01 
-1.39445E-01 
-1.40205E-01 
-1.40957E-01 
-1.41700E-01 
-1.42434E-01 
-1.43158E-01 
-1.43870E-01 
-1.09410E-01 
-1.10041E-01 
-1.10666E-01 
-1.11286E-01 
-1.11909E-01 
-1.12533E-01 
-1.13158E-01 
-1.13642E-01 
-1.13784E-01 
-1.14458E-01 
-1.15130E-01 
-1.15800E-01 
-1.16466E-01 
-1.17122E-01 
-1.17776E-01 
-1.18429E-01 
-1.19080E-01 
-1.19728E-01 
-1.20373E-01 
-1.21012E-01 
-1.21645E-01 
-1.22272E-01 
-1.22891E-01 
-1.23503E-01 
-1.24106E-01 
-1.24699E-01 
-8.99723E-02 
-9.04692E-02 
-9.09614E-02 
-9.14498E-02 
-9.19401E-02 
-9.24319E-02 
-9.29244E-02 
-9.33056E-02 
-9.34170E-02 
-9.39477E-02 
-9.44772E-02 
-9.50047E-02 
-9.55297E-02 
-9.60462E-02 
-9.65614E-02 
-9.70758E-02 
-9.75887E-02 
-9.80991E-02 
-9.86064E-02 
-9.91099E-02 
-9.96088E-02 
-1.00102E-01 
-1.00590E-01 
-1.01072E-01 
-1.01547E-01 
-1.02014E-01 
-6.69995E-02 
-6.73545E-02 
-6.77061E-02 
-6.80550E-02 
-6.84053E-02 
-6.87566E-02 
-6.91084E-02 
-6.93807E-02 
-6.94604E-02 
-6.98395E-02 
-7.02177E-02 
-7.05946E-02 
-7.09696E-02 
-7.13385E-02 
-7.17066E-02 
-7.20741E-02 
-7.24405E-02 
-7.28051E-02 
-7.31675E-02 
-7.35272E-02 
-7.38836E-02 
-7.42363E-02 
-7.45848E-02 
-7.49289E-02 
-7.52681E-02 
-7.56020E-02 
-4.02848E-02 
-4.04898E-02 
-4.06930E-02 
-4.08945E-02 
-4.10969E-02 
-4.12998E-02 
-4.15030E-02 
-4.16604E-02 
-4.17064E-02 
-4.19254E-02 
-4.21439E-02 
-4.23616E-02 
-4.25782E-02 
-4.27914E-02 
-4.30040E-02 
-4.32163E-02 
-4.34279E-02 
-4.36386E-02 
-4.38479E-02 
-4.40557E-02 
-4.42616E-02 
-4.44653E-02 
-4.46667E-02 
-4.48654E-02 
-4.50614E-02 
-4.52543E-02 
-9.61179E-03 
-9.65886E-03 
-9.70550E-03 
-9.75176E-03 
-9.79821E-03 
-9.84480E-03 
-9.89145E-03 
-9.92757E-03 
-9.93812E-03 
-9.98840E-03 
-1.00386E-02 
-1.00885E-02 
-1.01383E-02 
-1.01872E-02 
-1.02360E-02 
-1.02847E-02 
-1.03333E-02 
-1.03817E-02 
-1.04297E-02 
-1.04774E-02 
-1.05247E-02 
-1.05715E-02 
-1.06177E-02 
-1.06633E-02 
-1.07083E-02 
-1.07526E-02 
2.52165E-02 
2.53354E-02 
2.54533E-02 
2.55702E-02 
2.56876E-02 
2.58054E-02 
2.59233E-02 
2.60146E-02 
2.60413E-02 
2.61683E-02 
2.62951E-02 
2.64214E-02 
2.65471E-02 
2.66708E-02 
2.67941E-02 
2.69173E-02 
2.70401E-02 
2.71623E-02 
2.72838E-02 
2.74043E-02 
2.75238E-02 
2.76420E-02 
2.77588E-02 
2.78741E-02 
2.79878E-02 
2.80997E-02 
6.45394E-02 
6.48331E-02 
6.51241E-02 
6.54127E-02 
6.57025E-02 
6.59932E-02 
6.62843E-02 
6.65096E-02 
6.65754E-02 
6.68891E-02 
6.72020E-02 
6.75138E-02 
6.78241E-02 
6.81294E-02 
6.84338E-02 
6.87379E-02 
6.90410E-02 
6.93427E-02 
6.96426E-02 
6.99401E-02 
7.02350E-02 
7.05268E-02 
7.08151E-02 
7.10998E-02 
7.13804E-02 
7.16567E-02 
1.08323E-01 
1.08799E-01 
1.09270E-01 
1.09738E-01 
1.10208E-01 
1.10679E-01 
1.11151E-01 
1.11516E-01 
1.11623E-01 
1.12131E-01 
1.12638E-01 
1.13144E-01 
1.13646E-01 
1.14141E-01 
1.14635E-01 
1.15128E-01 
1.15619E-01 
1.16108E-01 
1.16594E-01 
1.17076E-01 
1.17554E-01 
1.18027E-01 
1.18494E-01 
1.18956E-01 
1.19411E-01 
1.19858E-01 
1.56944E-01 
1.57610E-01 
1.58271E-01 
1.58926E-01 
1.59584E-01 
1.60244E-01 
1.60905E-01 
1.61416E-01 
1.61566E-01 
1.62278E-01 
1.62988E-01 
1.63696E-01 
1.64400E-01 
1.65093E-01 
1.65785E-01 
1.66475E-01 
1.67163E-01 
1.67848E-01 
1.68529E-01 
1.69204E-01 
1.69874E-01 
1.70536E-01 
1.71191E-01 
1.71837E-01 
1.72474E-01 
1.73101E-01 
2.10611E-01 
2.11476E-01 
2.12334E-01 
2.13185E-01 
2.14039E-01 
2.14896E-01 
2.15754E-01 
2.16419E-01 
2.16613E-01 
2.17537E-01 
2.18460E-01 
2.19379E-01 
2.20294E-01 
2.21194E-01 
2.22091E-01 
2.22988E-01 
2.23881E-01 
2.24771E-01 
2.25655E-01 
2.26532E-01 
2.27401E-01 
2.28261E-01 
2.29112E-01 
2.29951E-01 
2.30778E-01 
2.31593E-01 
2.69544E-01 
2.70618E-01 
2.71681E-01 
2.72736E-01 
2.73795E-01 
2.74857E-01 
2.75921E-01 
2.76744E-01 
2.76985E-01 
2.78131E-01 
2.79275E-01 
2.80414E-01 
2.81548E-01 
2.82664E-01 
2.83776E-01 
2.84887E-01 
2.85995E-01 
2.87098E-01 
2.88193E-01 
2.89281E-01 
2.90358E-01 
2.91425E-01 
2.92479E-01 
2.93519E-01 
2.94544E-01 
2.95554E-01 
3.33957E-01 
3.35246E-01 
3.36523E-01 
3.37790E-01 
3.39062E-01 
3.40338E-01 
3.41616E-01 
3.42605E-01 
3.42894E-01 
3.44271E-01 
3.45644E-01 
3.47013E-01 
3.48375E-01 
3.49715E-01 
3.51051E-01 
3.52386E-01 
3.53717E-01 
3.55041E-01 
3.56357E-01 
3.57663E-01 
3.58958E-01 
3.60238E-01 
3.61504E-01 
3.62754E-01 
3.63986E-01 
3.65199E-01 
4.04069E-01 
4.05582E-01 
4.07082E-01 
4.08569E-01 
4.10063E-01 
4.11561E-01 
4.13061E-01 
4.14222E-01 
4.14561E-01 
4.16178E-01 
4.17790E-01 
4.19397E-01 
4.20996E-01 
4.22569E-01 
4.24139E-01 
4.25706E-01 
4.27268E-01 
4.28823E-01 
4.30368E-01 
4.31901E-01 
4.33421E-01 
4.34924E-01 
4.36411E-01 
4.37878E-01 
4.39324E-01 
4.40748E-01 
4.80123E-01 
4.81870E-01 
4.83600E-01 
4.85316E-01 
4.87039E-01 
4.88768E-01 
4.90499E-01 
4.91838E-01 
4.92230E-01 
4.94095E-01 
4.95956E-01 
4.97810E-01 
4.99655E-01 
5.01470E-01 
5.03281E-01 
5.05089E-01 
5.06891E-01 
5.08686E-01 
5.10469E-01 
5.12238E-01 
5.13991E-01 
5.15726E-01 
5.17441E-01 
5.19134E-01 
5.20803E-01 
5.22446E-01 
5.62280E-01 
5.64268E-01 
5.66237E-01 
5.68191E-01 
5.70152E-01 
5.72119E-01 
5.74089E-01 
5.75614E-01 
5.76060E-01 
5.78183E-01 
5.80301E-01 
5.82411E-01 
5.84511E-01 
5.86577E-01 
5.88638E-01 
5.90695E-01 
5.92747E-01 
5.94789E-01 
5.96818E-01 
5.98832E-01 
6.00828E-01 
6.02802E-01 
6.04754E-01 
6.06681E-01 
6.08580E-01 
6.10450E-01 
---
