PdfType: replica
Format: lhagrid1
---
1.00000E-06 1.28121E-06 1.64152E-06 2.10317E-06 2.69463E-06 3.45242E-06 4.42329E-06 5.66715E-06 7.26076E-06 9.30241E-06 1.19180E-05 1.52689E-05 1.95617E-05 2.50609E-05 3.21053E-05 4.11287E-05 5.26863E-05 6.74889E-05 8.64459E-05 1.10720E-04 1.41800E-04 1.81585E-04 2.32503E-04 2.97652E-04 3.80981E-04 4.87518E-04 6.26039E-04 8.00452E-04 1.02297E-03 1.30657E-03 1.66759E-03 2.12729E-03 2.71054E-03 3.44865E-03 4.37927E-03 5.54908E-03 7.01192E-03 8.83064E-03 1.10763E-02 1.38266E-02 1.71641E-02 2.11717E-02 2.59364E-02 3.15062E-02 3.79623E-02 4.53425E-02 5.36750E-02 6.29705E-02 7.32221E-02 8.44039E-02 9.64793E-02 1.09332E-01 1.23067E-01 1.37507E-01 1.52639E-01 1.68416E-01 1.84794E-01 2.01731E-01 2.19016E-01 2.36948E-01 2.55242E-01 2.73927E-01 2.92954E-01 3.12340E-01 3.32036E-01 3.52019E-01 3.72282E-01 3.92772E-01 4.13533E-01 4.34326E-01 4.55495E-01 4.76836E-01 4.98342E-01 5.20006E-01 5.41818E-01 5.63773E-01 5.85861E-01 6.08077E-01 6.30459E-01 6.52800E-01 6.75387E-01 6.98063E-01 7.20830E-01 7.43683E-01 7.66623E-01 7.89636E-01 8.12791E-01 8.35940E-01 8.59175E-01 8.82485E-01 9.05866E-01 9.29311E-01 9.52817E-01 9.76387E-01 1.00000E+00 
1.14018E+00 1.22539E+00 1.32482E+00 1.44156E+00 1.57954E+00 1.74381E+00 1.94091E+00 2.12132E+00 2.17945E+00 2.49622E+00 2.89383E+00 3.39925E+00 4.05063E+00 4.90286E+00 6.03623E+00 7.57063E+00 9.68869E+00 1.26749E+01 1.69835E+01 2.33578E+01 3.30501E+01 4.82334E+01 7.28041E+01 1.13998E+02 1.85779E+02 3.16228E+02 
908
8.83514E-01 
2.36041E-01 
1.31752E-01 
8.91359E-02 
6.57842E-02 
5.10865E-02 
4.10148E-02 
3.51764E-02 
3.37049E-02 
2.77997E-02 
2.32708E-02 
1.97008E-02 
1.68255E-02 
1.44918E-02 
1.25406E-02 
1.08881E-02 
9.47700E-03 
8.26356E-03 
7.21387E-03 
6.30121E-03 
5.50423E-03 
4.80565E-03 
4.19136E-03 
3.64971E-03 
3.17099E-03 
2.74707E-03 
8.83513E-01 
2.36040E-01 
1.31752E-01 
8.91358E-02 
6.57841E-02 
5.10865E-02 
4.10147E-02 
3.51764E-02 
3.37049E-02 
2.77997E-02 
2.32708E-02 
1.97008E-02 
1.68255E-02 
1.44918E-02 
1.25406E-02 
1.08881E-02 
9.47700E-03 
8.26356E-03 
7.21387E-03 
6.30122E-03 
5.50423E-03 
4.80566E-03 
4.19137E-03 
3.64971E-03 
3.17100E-03 
2.74708E-03 
8.83511E-01 
2.36040E-01 
1.31752E-01 
8.91357E-02 
6.57840E-02 
5.10864E-02 
4.10147E-02 
3.51763E-02 
3.37049E-02 
2.77997E-02 
2.32708E-02 
1.97008E-02 
1.68255E-02 
1.44918E-02 
1.25406E-02 
1.08881E-02 
9.47700E-03 
8.26356E-03 
7.21388E-03 
6.30122E-03 
5.50424E-03 
4.80567E-03 
4.19138E-03 
3.64973E-03 
3.17101E-03 
2.74709E-03 
8.83509E-01 
2.36039E-01 
1.31752E-01 
8.91355E-02 
6.57839E-02 
5.10864E-02 
4.10146E-02 
3.51763E-02 
3.37048E-02 
2.77996E-02 
2.32708E-02 
1.97008E-02 
1.68255E-02 
1.44918E-02 
1.25406E-02 
1.08881E-02 
9.47701E-03 
8.26357E-03 
7.21388E-03 
6.30123E-03 
5.50425E-03 
4.80568E-03 
4.19139E-03 
3.64974E-03 
3.17103E-03 
2.74711E-03 
8.83507E-01 
2.36039E-01 
1.31751E-01 
8.91353E-02 
6.57838E-02 
5.10862E-02 
4.10145E-02 
3.51762E-02 
3.37047E-02 
2.77996E-02 
2.32707E-02 
1.97008E-02 
1.68255E-02 
1.44918E-02 
1.25406E-02 
1.08881E-02 
9.47701E-03 
8.26357E-03 
7.21389E-03 
6.30124E-03 
5.50427E-03 
4.80569E-03 
4.19141E-03 
3.64976E-03 
3.17105E-03 
2.74713E-03 
8.83504E-01 
2.36038E-01 
1.31751E-01 
8.91351E-02 
6.57836E-02 
5.10861E-02 
4.10144E-02 
3.51761E-02 
3.37047E-02 
2.77995E-02 
2.32707E-02 
1.97007E-02 
1.68255E-02 
1.44917E-02 
1.25406E-02 
1.08881E-02 
9.47701E-03 
8.26358E-03 
7.21391E-03 
6.30126E-03 
5.50428E-03 
4.80571E-03 
4.19143E-03 
3.64978E-03 
3.17107E-03 
2.74716E-03 
8.83501E-01 
2.36037E-01 
1.31750E-01 
8.91347E-02 
6.57833E-02 
5.10859E-02 
4.10143E-02 
3.51760E-02 
3.37046E-02 
2.77995E-02 
2.32706E-02 
1.97007E-02 
1.68254E-02 
1.44917E-02 
1.25406E-02 
1.08881E-02 
9.47702E-03 
8.26359E-03 
7.21392E-03 
6.30128E-03 
5.50431E-03 
4.80574E-03 
4.19146E-03 
3.64981E-03 
3.17110E-03 
2.74719E-03 
8.83496E-01 
2.36036E-01 
1.31750E-01 
8.91343E-02 
6.57830E-02 
5.10857E-02 
4.10142E-02 
3.51759E-02 
3.37045E-02 
2.77994E-02 
2.32706E-02 
1.97007E-02 
1.68254E-02 
1.44917E-02 
1.25406E-02 
1.08881E-02 
9.47703E-03 
8.26361E-03 
7.21394E-03 
6.30130E-03 
5.50434E-03 
4.80577E-03 
4.19149E-03 
3.64985E-03 
3.17114E-03 
2.74723E-03 
8.83490E-01 
2.36034E-01 
1.31749E-01 
8.91338E-02 
6.57827E-02 
5.10854E-02 
4.10139E-02 
3.51757E-02 
3.37043E-02 
2.77992E-02 
2.32705E-02 
1.97006E-02 
1.68254E-02 
1.44917E-02 
1.25406E-02 
1.08881E-02 
9.47704E-03 
8.26363E-03 
7.21397E-03 
6.30133E-03 
5.50437E-03 
4.80581E-03 
4.19154E-03 
3.64990E-03 
3.17120E-03 
2.74729E-03 
8.83482E-01 
2.36032E-01 
1.31748E-01 
8.91331E-02 
6.57822E-02 
5.10851E-02 
4.10137E-02 
3.51755E-02 
3.37041E-02 
2.77991E-02 
2.32704E-02 
1.97005E-02 
1.68253E-02 
1.44917E-02 
1.25406E-02 
1.08881E-02 
9.47705E-03 
8.26365E-03 
7.21400E-03 
6.30137E-03 
5.50442E-03 
4.80587E-03 
4.19160E-03 
3.64996E-03 
3.17127E-03 
2.74736E-03 
8.83472E-01 
2.36030E-01 
1.31746E-01 
8.91322E-02 
6.57815E-02 
5.10846E-02 
4.10133E-02 
3.51752E-02 
3.37038E-02 
2.77989E-02 
2.32702E-02 
1.97004E-02 
1.68252E-02 
1.44916E-02 
1.25405E-02 
1.08881E-02 
9.47706E-03 
8.26368E-03 
7.21404E-03 
6.30143E-03 
5.50448E-03 
4.80594E-03 
4.19167E-03 
3.65005E-03 
3.17135E-03 
2.74745E-03 
8.83460E-01 
2.36027E-01 
1.31745E-01 
8.91311E-02 
6.57807E-02 
5.10840E-02 
4.10129E-02 
3.51749E-02 
3.37035E-02 
2.77987E-02 
2.32700E-02 
1.97003E-02 
1.68252E-02 
1.44916E-02 
1.25405E-02 
1.08881E-02 
9.47708E-03 
8.26371E-03 
7.21409E-03 
6.30149E-03 
5.50456E-03 
4.80602E-03 
4.19177E-03 
3.65015E-03 
3.17146E-03 
2.74757E-03 
8.83443E-01 
2.36022E-01 
1.31742E-01 
8.91296E-02 
6.57797E-02 
5.10833E-02 
4.10123E-02 
3.51744E-02 
3.37031E-02 
2.77983E-02 
2.32698E-02 
1.97001E-02 
1.68250E-02 
1.44915E-02 
1.25405E-02 
1.08881E-02 
9.47711E-03 
8.26376E-03 
7.21416E-03 
6.30158E-03 
5.50466E-03 
4.80614E-03 
4.19189E-03 
3.65028E-03 
3.17161E-03 
2.74772E-03 
8.83422E-01 
2.36017E-01 
1.31740E-01 
8.91277E-02 
6.57784E-02 
5.10823E-02 
4.10116E-02 
3.51738E-02 
3.37025E-02 
2.77979E-02 
2.32695E-02 
1.96999E-02 
1.68249E-02 
1.44914E-02 
1.25404E-02 
1.08881E-02 
9.47714E-03 
8.26382E-03 
7.21424E-03 
6.30168E-03 
5.50478E-03 
4.80628E-03 
4.19205E-03 
3.65046E-03 
3.17179E-03 
2.74792E-03 
8.83396E-01 
2.36010E-01 
1.31736E-01 
8.91253E-02 
6.57767E-02 
5.10811E-02 
4.10107E-02 
3.51731E-02 
3.37018E-02 
2.77974E-02 
2.32691E-02 
1.96996E-02 
1.68247E-02 
1.44913E-02 
1.25404E-02 
1.08881E-02 
9.47718E-03 
8.26390E-03 
7.21435E-03 
6.30182E-03 
5.50495E-03 
4.80646E-03 
4.19225E-03 
3.65068E-03 
3.17202E-03 
2.74816E-03 
8.83361E-01 
2.36001E-01 
1.31731E-01 
8.91222E-02 
6.57746E-02 
5.10795E-02 
4.10095E-02 
3.51721E-02 
3.37009E-02 
2.77967E-02 
2.32686E-02 
1.96993E-02 
1.68245E-02 
1.44911E-02 
1.25403E-02 
1.08881E-02 
9.47723E-03 
8.26400E-03 
7.21450E-03 
6.30200E-03 
5.50516E-03 
4.80670E-03 
4.19251E-03 
3.65096E-03 
3.17232E-03 
2.74848E-03 
8.83318E-01 
2.35990E-01 
1.31725E-01 
8.91183E-02 
6.57718E-02 
5.10775E-02 
4.10080E-02 
3.51709E-02 
3.36998E-02 
2.77959E-02 
2.32680E-02 
1.96988E-02 
1.68242E-02 
1.44910E-02 
1.25402E-02 
1.08881E-02 
9.47730E-03 
8.26413E-03 
7.21468E-03 
6.30223E-03 
5.50542E-03 
4.80700E-03 
4.19285E-03 
3.65132E-03 
3.17271E-03 
2.74889E-03 
8.83261E-01 
2.35975E-01 
1.31717E-01 
8.91133E-02 
6.57683E-02 
5.10749E-02 
4.10060E-02 
3.51693E-02 
3.36983E-02 
2.77948E-02 
2.32672E-02 
1.96983E-02 
1.68238E-02 
1.44907E-02 
1.25401E-02 
1.08881E-02 
9.47739E-03 
8.26429E-03 
7.21491E-03 
6.30252E-03 
5.50576E-03 
4.80739E-03 
4.19327E-03 
3.65178E-03 
3.17320E-03 
2.74940E-03 
8.83189E-01 
2.35957E-01 
1.31707E-01 
8.91068E-02 
6.57637E-02 
5.10716E-02 
4.10035E-02 
3.51673E-02 
3.36964E-02 
2.77934E-02 
2.32662E-02 
1.96975E-02 
1.68233E-02 
1.44904E-02 
1.25400E-02 
1.08881E-02 
9.47750E-03 
8.26450E-03 
7.21521E-03 
6.30289E-03 
5.50620E-03 
4.80788E-03 
4.19382E-03 
3.65237E-03 
3.17383E-03 
2.75007E-03 
8.83097E-01 
2.35933E-01 
1.31694E-01 
8.90985E-02 
6.57579E-02 
5.10673E-02 
4.10004E-02 
3.51648E-02 
3.36940E-02 
2.77916E-02 
2.32649E-02 
1.96966E-02 
1.68227E-02 
1.44900E-02 
1.25398E-02 
1.08881E-02 
9.47764E-03 
8.26477E-03 
7.21559E-03 
6.30337E-03 
5.50676E-03 
4.80852E-03 
4.19452E-03 
3.65312E-03 
3.17464E-03 
2.75092E-03 
8.82979E-01 
2.35903E-01 
1.31678E-01 
8.90880E-02 
6.57505E-02 
5.10619E-02 
4.09963E-02 
3.51615E-02 
3.36909E-02 
2.77893E-02 
2.32632E-02 
1.96954E-02 
1.68219E-02 
1.44895E-02 
1.25396E-02 
1.08881E-02 
9.47782E-03 
8.26512E-03 
7.21607E-03 
6.30397E-03 
5.50748E-03 
4.80933E-03 
4.19541E-03 
3.65409E-03 
3.17567E-03 
2.75201E-03 
8.82828E-01 
2.35864E-01 
1.31657E-01 
8.90744E-02 
6.57410E-02 
5.10549E-02 
4.09910E-02 
3.51573E-02 
3.36869E-02 
2.77864E-02 
2.32610E-02 
1.96939E-02 
1.68208E-02 
1.44889E-02 
1.25393E-02 
1.08881E-02 
9.47805E-03 
8.26556E-03 
7.21669E-03 
6.30475E-03 
5.50840E-03 
4.81037E-03 
4.19656E-03 
3.65533E-03 
3.17699E-03 
2.75340E-03 
8.82635E-01 
2.35814E-01 
1.31630E-01 
8.90570E-02 
6.57288E-02 
5.10460E-02 
4.09843E-02 
3.51519E-02 
3.36819E-02 
2.77826E-02 
2.32583E-02 
1.96919E-02 
1.68195E-02 
1.44881E-02 
1.25389E-02 
1.08880E-02 
9.47834E-03 
8.26612E-03 
7.21749E-03 
6.30575E-03 
5.50957E-03 
4.81169E-03 
4.19802E-03 
3.65691E-03 
3.17868E-03 
2.75519E-03 
8.82387E-01 
2.35750E-01 
1.31596E-01 
8.90348E-02 
6.57132E-02 
5.10346E-02 
4.09758E-02 
3.51449E-02 
3.36754E-02 
2.77778E-02 
2.32547E-02 
1.96894E-02 
1.68178E-02 
1.44870E-02 
1.25384E-02 
1.08880E-02 
9.47871E-03 
8.26683E-03 
7.21850E-03 
6.30702E-03 
5.51107E-03 
4.81339E-03 
4.19989E-03 
3.65894E-03 
3.18084E-03 
2.75747E-03 
8.82071E-01 
2.35668E-01 
1.31552E-01 
8.90064E-02 
6.56933E-02 
5.10199E-02 
4.09648E-02 
3.51361E-02 
3.36670E-02 
2.77716E-02 
2.32502E-02 
1.96861E-02 
1.68156E-02 
1.44857E-02 
1.25377E-02 
1.08880E-02 
9.47918E-03 
8.26775E-03 
7.21979E-03 
6.30864E-03 
5.51298E-03 
4.81556E-03 
4.20228E-03 
3.66152E-03 
3.18360E-03 
2.76038E-03 
8.81666E-01 
2.35564E-01 
1.31496E-01 
8.89701E-02 
6.56677E-02 
5.10012E-02 
4.09508E-02 
3.51248E-02 
3.36564E-02 
2.77637E-02 
2.32444E-02 
1.96820E-02 
1.68128E-02 
1.44839E-02 
1.25369E-02 
1.08879E-02 
9.47978E-03 
8.26891E-03 
7.22144E-03 
6.31072E-03 
5.51542E-03 
4.81832E-03 
4.20533E-03 
3.66482E-03 
3.18712E-03 
2.76410E-03 
8.81139E-01 
2.35428E-01 
1.31423E-01 
8.89228E-02 
6.56345E-02 
5.09769E-02 
4.09325E-02 
3.51100E-02 
3.36426E-02 
2.77534E-02 
2.32368E-02 
1.96766E-02 
1.68091E-02 
1.44817E-02 
1.25358E-02 
1.08878E-02 
9.48055E-03 
8.27041E-03 
7.22357E-03 
6.31340E-03 
5.51859E-03 
4.82191E-03 
4.20929E-03 
3.66911E-03 
3.19169E-03 
2.76893E-03 
8.80476E-01 
2.35257E-01 
1.31331E-01 
8.88632E-02 
6.55927E-02 
5.09462E-02 
4.09095E-02 
3.50914E-02 
3.36251E-02 
2.77404E-02 
2.32273E-02 
1.96698E-02 
1.68045E-02 
1.44788E-02 
1.25345E-02 
1.08877E-02 
9.48150E-03 
8.27228E-03 
7.22625E-03 
6.31677E-03 
5.52256E-03 
4.82641E-03 
4.21426E-03 
3.67449E-03 
3.19744E-03 
2.77500E-03 
8.79629E-01 
2.35038E-01 
1.31214E-01 
8.87871E-02 
6.55392E-02 
5.09070E-02 
4.08801E-02 
3.50677E-02 
3.36028E-02 
2.77239E-02 
2.32151E-02 
1.96610E-02 
1.67985E-02 
1.44752E-02 
1.25327E-02 
1.08875E-02 
9.48269E-03 
8.27465E-03 
7.22964E-03 
6.32104E-03 
5.52761E-03 
4.83214E-03 
4.22058E-03 
3.68134E-03 
3.20475E-03 
2.78272E-03 
8.78549E-01 
2.34759E-01 
1.31064E-01 
8.86900E-02 
6.54710E-02 
5.08570E-02 
4.08425E-02 
3.50374E-02 
3.35743E-02 
2.77027E-02 
2.31995E-02 
1.96499E-02 
1.67909E-02 
1.44704E-02 
1.25304E-02 
1.08873E-02 
9.48418E-03 
8.27763E-03 
7.23392E-03 
6.32645E-03 
5.53400E-03 
4.83940E-03 
4.22860E-03 
3.69003E-03 
3.21404E-03 
2.79253E-03 
8.77172E-01 
2.34403E-01 
1.30873E-01 
8.85662E-02 
6.53841E-02 
5.07932E-02 
4.07946E-02 
3.49987E-02 
3.35379E-02 
2.76756E-02 
2.31796E-02 
1.96356E-02 
1.67811E-02 
1.44643E-02 
1.25274E-02 
1.08869E-02 
9.48600E-03 
8.28137E-03 
7.23931E-03 
6.33328E-03 
5.54209E-03 
4.84859E-03 
4.23876E-03 
3.70104E-03 
3.22580E-03 
2.80497E-03 
8.75417E-01 
2.33950E-01 
1.30629E-01 
8.84082E-02 
6.52731E-02 
5.07118E-02 
4.07334E-02 
3.49492E-02 
3.34914E-02 
2.76410E-02 
2.31541E-02 
1.96172E-02 
1.67686E-02 
1.44565E-02 
1.25234E-02 
1.08862E-02 
9.48822E-03 
8.28603E-03 
7.24608E-03 
6.34189E-03 
5.55230E-03 
4.86020E-03 
4.25160E-03 
3.71498E-03 
3.24070E-03 
2.82071E-03 
8.73187E-01 
2.33374E-01 
1.30319E-01 
8.82073E-02 
6.51318E-02 
5.06081E-02 
4.06555E-02 
3.48862E-02 
3.34321E-02 
2.75968E-02 
2.31215E-02 
1.95937E-02 
1.67525E-02 
1.44463E-02 
1.25182E-02 
1.08853E-02 
9.49087E-03 
8.29178E-03 
7.25451E-03 
6.35265E-03 
5.56510E-03 
4.87478E-03 
4.26776E-03 
3.73251E-03 
3.25946E-03 
2.84056E-03 
8.70358E-01 
2.32643E-01 
1.29926E-01 
8.79523E-02 
6.49525E-02 
5.04764E-02 
4.05564E-02 
3.48060E-02 
3.33567E-02 
2.75405E-02 
2.30799E-02 
1.95637E-02 
1.67317E-02 
1.44332E-02 
1.25114E-02 
1.08838E-02 
9.49395E-03 
8.29880E-03 
7.26493E-03 
6.36603E-03 
5.58106E-03 
4.89301E-03 
4.28797E-03 
3.75448E-03 
3.28298E-03 
2.86545E-03 
8.66781E-01 
2.31718E-01 
1.29429E-01 
8.76295E-02 
6.47253E-02 
5.03094E-02 
4.04307E-02 
3.47042E-02 
3.32610E-02 
2.74689E-02 
2.30269E-02 
1.95253E-02 
1.67051E-02 
1.44161E-02 
1.25023E-02 
1.08815E-02 
9.49742E-03 
8.30724E-03 
7.27767E-03 
6.38251E-03 
5.60080E-03 
4.91561E-03 
4.31309E-03 
3.78182E-03 
3.31228E-03 
2.89649E-03 
8.62270E-01 
2.30552E-01 
1.28801E-01 
8.72217E-02 
6.44382E-02 
5.00982E-02 
4.02715E-02 
3.45752E-02 
3.31395E-02 
2.73780E-02 
2.29593E-02 
1.94762E-02 
1.66708E-02 
1.43939E-02 
1.24902E-02 
1.08779E-02 
9.50111E-03 
8.31720E-03 
7.29305E-03 
6.40260E-03 
5.62501E-03 
4.94343E-03 
4.34409E-03 
3.81561E-03 
3.34855E-03 
2.93494E-03 
8.56605E-01 
2.29086E-01 
1.28012E-01 
8.67087E-02 
6.40766E-02 
4.98319E-02 
4.00705E-02 
3.44121E-02 
3.29859E-02 
2.72627E-02 
2.28734E-02 
1.94134E-02 
1.66267E-02 
1.43649E-02 
1.24739E-02 
1.08723E-02 
9.50467E-03 
8.32863E-03 
7.31129E-03 
6.42676E-03 
5.65433E-03 
4.97729E-03 
4.38192E-03 
3.85696E-03 
3.39300E-03 
2.98215E-03 
8.49525E-01 
2.27253E-01 
1.27024E-01 
8.60659E-02 
6.36231E-02 
4.94975E-02 
3.98177E-02 
3.42066E-02 
3.27924E-02 
2.71170E-02 
2.27644E-02 
1.93334E-02 
1.65700E-02 
1.43271E-02 
1.24518E-02 
1.08637E-02 
9.50745E-03 
8.34124E-03 
7.33241E-03 
6.45527E-03 
5.68931E-03 
5.01792E-03 
4.42754E-03 
3.90697E-03 
3.44688E-03 
3.03946E-03 
8.40727E-01 
2.24973E-01 
1.25793E-01 
8.52648E-02 
6.30571E-02 
4.90795E-02 
3.95011E-02 
3.39488E-02 
3.25494E-02 
2.69334E-02 
2.26264E-02 
1.92313E-02 
1.64969E-02 
1.42775E-02 
1.24219E-02 
1.08503E-02 
9.50835E-03 
8.35435E-03 
7.35609E-03 
6.48814E-03 
5.73020E-03 
5.06585E-03 
4.48165E-03 
3.96653E-03 
3.51127E-03 
3.10812E-03 
8.29866E-01 
2.22155E-01 
1.24272E-01 
8.42725E-02 
6.23548E-02 
4.85598E-02 
3.91066E-02 
3.36267E-02 
3.22456E-02 
2.67031E-02 
2.24523E-02 
1.91016E-02 
1.64029E-02 
1.42124E-02 
1.23811E-02 
1.08301E-02 
9.50561E-03 
8.36669E-03 
7.38146E-03 
6.52486E-03 
5.77682E-03 
5.12114E-03 
4.54457E-03 
4.03618E-03 
3.58687E-03 
3.18898E-03 
8.16559E-01 
2.18699E-01 
1.22402E-01 
8.30515E-02 
6.14891E-02 
4.79177E-02 
3.86177E-02 
3.32267E-02 
3.18680E-02 
2.64153E-02 
2.22334E-02 
1.89370E-02 
1.62820E-02 
1.41271E-02 
1.23254E-02 
1.07995E-02 
9.49655E-03 
8.37609E-03 
7.40683E-03 
6.56411E-03 
5.82819E-03 
5.18315E-03 
4.61592E-03 
4.11578E-03 
3.67374E-03 
3.28231E-03 
8.00398E-01 
2.14496E-01 
1.20125E-01 
8.15611E-02 
6.04299E-02 
4.71300E-02 
3.80160E-02 
3.27328E-02 
3.14012E-02 
2.60576E-02 
2.19594E-02 
1.87289E-02 
1.61270E-02 
1.40152E-02 
1.22495E-02 
1.07542E-02 
9.47726E-03 
8.37921E-03 
7.42934E-03 
6.60347E-03 
5.88227E-03 
5.25013E-03 
4.69425E-03 
4.20410E-03 
3.77091E-03 
3.38731E-03 
7.80924E-01 
2.09422E-01 
1.17370E-01 
7.97544E-02 
5.91426E-02 
4.61695E-02 
3.72795E-02 
3.21262E-02 
3.08274E-02 
2.56150E-02 
2.16176E-02 
1.84665E-02 
1.59285E-02 
1.38686E-02 
1.21464E-02 
1.06878E-02 
9.44223E-03 
8.37116E-03 
7.44464E-03 
6.63907E-03 
5.93560E-03 
5.31899E-03 
4.77677E-03 
4.29868E-03 
3.87613E-03 
3.50195E-03 
7.57801E-01 
2.03385E-01 
1.14086E-01 
7.75944E-02 
5.75988E-02 
4.50136E-02 
3.63894E-02 
3.13901E-02 
3.01301E-02 
2.50736E-02 
2.11957E-02 
1.81388E-02 
1.56767E-02 
1.36784E-02 
1.20077E-02 
1.05927E-02 
9.38435E-03 
8.34531E-03 
7.44648E-03 
6.66500E-03 
5.98256E-03 
5.38439E-03 
4.85838E-03 
4.39458E-03 
3.98467E-03 
3.62167E-03 
7.30515E-01 
1.96245E-01 
1.10191E-01 
7.50254E-02 
5.57565E-02 
4.36286E-02 
3.53178E-02 
3.05002E-02 
2.92860E-02 
2.44132E-02 
2.06761E-02 
1.77303E-02 
1.53577E-02 
1.34320E-02 
1.18220E-02 
1.04584E-02 
9.29402E-03 
8.29274E-03 
7.42657E-03 
6.67349E-03 
6.01585E-03 
5.43941E-03 
4.93252E-03 
4.48557E-03 
4.09055E-03 
3.74075E-03 
6.98686E-01 
1.87895E-01 
1.05622E-01 
7.20024E-02 
5.35802E-02 
4.19853E-02 
3.40397E-02 
2.94338E-02 
2.82729E-02 
2.36143E-02 
2.00415E-02 
1.72251E-02 
1.49568E-02 
1.31157E-02 
1.15764E-02 
1.02728E-02 
9.15956E-03 
8.20228E-03 
7.37418E-03 
6.65419E-03 
6.02545E-03 
5.47434E-03 
4.98972E-03 
4.56242E-03 
4.18476E-03 
3.85033E-03 
6.61933E-01 
1.78226E-01 
1.00315E-01 
6.84776E-02 
5.10322E-02 
4.00520E-02 
3.25277E-02 
2.81660E-02 
2.70668E-02 
2.26551E-02 
1.92718E-02 
1.66047E-02 
1.44567E-02 
1.27132E-02 
1.12556E-02 
1.00210E-02 
8.96682E-03 
8.06029E-03 
7.27610E-03 
6.59428E-03 
5.99888E-03 
5.47699E-03 
5.01807E-03 
4.61342E-03 
4.25579E-03 
3.93909E-03 
6.19908E-01 
1.67134E-01 
9.42055E-02 
6.44042E-02 
4.80745E-02 
3.77965E-02 
3.07534E-02 
2.66707E-02 
2.56417E-02 
2.15122E-02 
1.83452E-02 
1.58487E-02 
1.38380E-02 
1.22061E-02 
1.08416E-02 
9.68604E-03 
8.69925E-03 
7.85070E-03 
7.11666E-03 
6.47845E-03 
5.92112E-03 
5.43261E-03 
5.00304E-03 
4.62426E-03 
4.28950E-03 
3.99306E-03 
5.72305E-01 
1.54527E-01 
8.72355E-02 
5.97376E-02 
4.46700E-02 
3.51864E-02 
2.86877E-02 
2.49205E-02 
2.39711E-02 
2.01608E-02 
1.72385E-02 
1.49350E-02 
1.30797E-02 
1.15739E-02 
1.03149E-02 
9.24865E-03 
8.33814E-03 
7.55517E-03 
6.87786E-03 
6.28898E-03 
5.77473E-03 
5.32398E-03 
4.92761E-03 
4.57811E-03 
4.26922E-03 
3.99569E-03 
5.18881E-01 
1.40326E-01 
7.93528E-02 
5.44366E-02 
4.07837E-02 
3.21905E-02 
2.63019E-02 
2.28884E-02 
2.20281E-02 
1.85755E-02 
1.59277E-02 
1.38404E-02 
1.21593E-02 
1.07949E-02 
9.65411E-03 
8.68795E-03 
7.86292E-03 
7.15346E-03 
6.53975E-03 
6.00615E-03 
5.54018E-03 
5.13175E-03 
4.77260E-03 
4.45591E-03 
4.17602E-03 
3.92817E-03 
4.59422E-01 
1.24461E-01 
7.05088E-02 
4.84619E-02 
3.63812E-02 
2.87776E-02 
2.35671E-02 
2.05466E-02 
1.97854E-02 
1.67304E-02 
1.43875E-02 
1.25406E-02 
1.10531E-02 
9.84575E-03 
8.83634E-03 
7.98144E-03 
7.25142E-03 
6.62366E-03 
6.08062E-03 
5.60847E-03 
5.19616E-03 
4.83476E-03 
4.51696E-03 
4.23675E-03 
3.98909E-03 
3.76978E-03 
3.94121E-01 
1.06966E-01 
6.07139E-02 
4.18135E-02 
3.14570E-02 
2.49386E-02 
2.04717E-02 
1.78824E-02 
1.72298E-02 
1.46108E-02 
1.26023E-02 
1.10190E-02 
9.74379E-03 
8.70877E-03 
7.84342E-03 
7.11054E-03 
6.48470E-03 
5.94654E-03 
5.48100E-03 
5.07624E-03 
4.72278E-03 
4.41296E-03 
4.14052E-03 
3.90029E-03 
3.68798E-03 
3.49997E-03 
3.22034E-01 
8.75717E-02 
4.98070E-02 
3.43748E-02 
2.59187E-02 
2.05964E-02 
1.69492E-02 
1.48350E-02 
1.43022E-02 
1.21638E-02 
1.05238E-02 
9.23105E-03 
8.18985E-03 
7.34475E-03 
6.63820E-03 
6.03980E-03 
5.52880E-03 
5.08939E-03 
4.70928E-03 
4.37879E-03 
4.09019E-03 
3.83722E-03 
3.61477E-03 
3.41863E-03 
3.24528E-03 
3.09177E-03 
2.43676E-01 
6.63991E-02 
3.78451E-02 
2.61769E-02 
1.97832E-02 
1.57590E-02 
1.30014E-02 
1.14028E-02 
1.09999E-02 
9.38311E-03 
8.14310E-03 
7.16565E-03 
6.37839E-03 
5.73942E-03 
5.20519E-03 
4.75274E-03 
4.36638E-03 
4.03414E-03 
3.74673E-03 
3.49685E-03 
3.27864E-03 
3.08737E-03 
2.91918E-03 
2.77087E-03 
2.63980E-03 
2.52373E-03 
1.58730E-01 
4.33445E-02 
2.47594E-02 
1.71648E-02 
1.30033E-02 
1.03841E-02 
8.58918E-03 
7.54873E-03 
7.28650E-03 
6.23414E-03 
5.42705E-03 
4.79084E-03 
4.27844E-03 
3.86254E-03 
3.51483E-03 
3.22034E-03 
2.96886E-03 
2.75262E-03 
2.56555E-03 
2.40291E-03 
2.26088E-03 
2.13639E-03 
2.02692E-03 
1.93039E-03 
1.84508E-03 
1.76953E-03 
6.70681E-02 
1.83549E-02 
1.05087E-02 
7.30245E-03 
5.54556E-03 
4.43977E-03 
3.68201E-03 
3.24276E-03 
3.13205E-03 
2.68777E-03 
2.34703E-03 
2.07844E-03 
1.86212E-03 
1.68653E-03 
1.53974E-03 
1.41541E-03 
1.30924E-03 
1.21795E-03 
1.13897E-03 
1.07031E-03 
1.01035E-03 
9.57790E-04 
9.11573E-04 
8.70821E-04 
8.34805E-04 
8.02911E-04 
-3.14358E-02 
-8.62296E-03 
-4.94849E-03 
-3.44696E-03 
-2.62419E-03 
-2.10634E-03 
-1.75148E-03 
-1.54577E-03 
-1.49392E-03 
-1.28586E-03 
-1.12629E-03 
-1.00051E-03 
-8.99201E-04 
-8.16974E-04 
-7.48228E-04 
-6.90004E-04 
-6.40285E-04 
-5.97531E-04 
-5.60546E-04 
-5.28390E-04 
-5.00310E-04 
-4.75696E-04 
-4.54052E-04 
-4.34968E-04 
-4.18101E-04 
-4.03165E-04 
-1.36900E-01 
-3.76409E-02 
-2.16532E-02 
-1.51200E-02 
-1.15401E-02 
-9.28693E-03 
-7.74290E-03 
-6.84786E-03 
-6.62228E-03 
-5.71700E-03 
-5.02271E-03 
-4.47542E-03 
-4.03463E-03 
-3.67686E-03 
-3.37774E-03 
-3.12441E-03 
-2.90808E-03 
-2.72205E-03 
-2.56113E-03 
-2.42122E-03 
-2.29904E-03 
-2.19195E-03 
-2.09777E-03 
-2.01474E-03 
-1.94135E-03 
-1.87636E-03 
-2.48314E-01 
-6.84380E-02 
-3.94654E-02 
-2.76261E-02 
-2.11387E-02 
-1.70555E-02 
-1.42575E-02 
-1.26355E-02 
-1.22267E-02 
-1.05862E-02 
-9.32800E-03 
-8.33621E-03 
-7.53742E-03 
-6.88908E-03 
-6.34702E-03 
-5.88794E-03 
-5.49591E-03 
-5.15880E-03 
-4.86719E-03 
-4.61364E-03 
-4.39223E-03 
-4.19815E-03 
-4.02750E-03 
-3.87702E-03 
-3.74403E-03 
-3.62626E-03 
-3.67945E-01 
-1.01661E-01 
-5.87708E-02 
-4.12441E-02 
-3.16403E-02 
-2.55957E-02 
-2.14535E-02 
-1.90524E-02 
-1.84472E-02 
-1.60186E-02 
-1.41560E-02 
-1.26878E-02 
-1.15053E-02 
-1.05455E-02 
-9.74303E-03 
-9.06341E-03 
-8.48306E-03 
-7.98401E-03 
-7.55231E-03 
-7.17696E-03 
-6.84919E-03 
-6.56189E-03 
-6.30925E-03 
-6.08649E-03 
-5.88961E-03 
-5.71526E-03 
-4.94252E-01 
-1.36903E-01 
-7.93446E-02 
-5.58241E-02 
-4.29359E-02 
-3.48241E-02 
-2.92653E-02 
-2.60431E-02 
-2.52309E-02 
-2.19718E-02 
-1.94722E-02 
-1.75019E-02 
-1.59150E-02 
-1.46270E-02 
-1.35501E-02 
-1.26380E-02 
-1.18592E-02 
-1.11895E-02 
-1.06102E-02 
-1.01065E-02 
-9.66660E-03 
-9.28105E-03 
-8.94201E-03 
-8.64307E-03 
-8.37886E-03 
-8.14489E-03 
-6.27711E-01 
-1.74315E-01 
-1.01286E-01 
-7.14439E-02 
-5.50918E-02 
-4.47997E-02 
-3.77469E-02 
-3.36585E-02 
-3.26281E-02 
-2.84930E-02 
-2.53216E-02 
-2.28217E-02 
-2.08082E-02 
-1.91740E-02 
-1.78077E-02 
-1.66505E-02 
-1.56624E-02 
-1.48127E-02 
-1.40776E-02 
-1.34385E-02 
-1.28804E-02 
-1.23913E-02 
-1.19611E-02 
-1.15818E-02 
-1.12466E-02 
-1.09497E-02 
-7.68250E-01 
-2.13896E-01 
-1.24606E-01 
-8.81189E-02 
-6.81256E-02 
-5.55418E-02 
-4.69185E-02 
-4.19198E-02 
-4.06600E-02 
-3.56040E-02 
-3.17265E-02 
-2.86700E-02 
-2.62082E-02 
-2.42101E-02 
-2.25395E-02 
-2.11247E-02 
-1.99165E-02 
-1.88776E-02 
-1.79789E-02 
-1.71975E-02 
-1.65151E-02 
-1.59170E-02 
-1.53910E-02 
-1.49273E-02 
-1.45174E-02 
-1.41545E-02 
-9.16266E-01 
-2.55778E-01 
-1.49393E-01 
-1.05920E-01 
-8.20992E-02 
-6.71062E-02 
-5.68319E-02 
-5.08762E-02 
-4.93751E-02 
-4.33512E-02 
-3.87313E-02 
-3.50896E-02 
-3.21565E-02 
-2.97758E-02 
-2.77854E-02 
-2.60997E-02 
-2.46602E-02 
-2.34224E-02 
-2.23516E-02 
-2.14206E-02 
-2.06076E-02 
-1.98949E-02 
-1.92683E-02 
-1.87158E-02 
-1.82274E-02 
-1.77950E-02 
-1.07165E+00 
-2.99951E-01 
-1.75653E-01 
-1.24860E-01 
-9.70278E-02 
-7.95102E-02 
-6.75060E-02 
-6.05474E-02 
-5.87936E-02 
-5.17554E-02 
-4.63576E-02 
-4.21026E-02 
-3.86756E-02 
-3.58941E-02 
-3.35686E-02 
-3.15990E-02 
-2.99171E-02 
-2.84709E-02 
-2.72198E-02 
-2.61320E-02 
-2.51821E-02 
-2.43495E-02 
-2.36174E-02 
-2.29718E-02 
-2.24012E-02 
-2.18960E-02 
-1.23447E+00 
-3.46452E-01 
-2.03419E-01 
-1.44970E-01 
-1.12942E-01 
-9.27844E-02 
-7.89708E-02 
-7.09633E-02 
-6.89452E-02 
-6.08461E-02 
-5.46347E-02 
-4.97384E-02 
-4.57948E-02 
-4.25941E-02 
-3.99180E-02 
-3.76516E-02 
-3.57162E-02 
-3.40519E-02 
-3.26123E-02 
-3.13605E-02 
-3.02675E-02 
-2.93094E-02 
-2.84668E-02 
-2.77240E-02 
-2.70674E-02 
-2.64860E-02 
-1.40490E+00 
-3.95353E-01 
-2.32745E-01 
-1.66296E-01 
-1.29886E-01 
-1.06969E-01 
-9.12651E-02 
-8.21618E-02 
-7.98675E-02 
-7.06600E-02 
-6.35984E-02 
-5.80321E-02 
-5.35488E-02 
-4.99100E-02 
-4.68677E-02 
-4.42911E-02 
-4.20909E-02 
-4.01988E-02 
-3.85622E-02 
-3.71391E-02 
-3.58965E-02 
-3.48072E-02 
-3.38494E-02 
-3.30048E-02 
-3.22584E-02 
-3.15974E-02 
-1.58272E+00 
-4.46608E-01 
-2.63614E-01 
-1.88836E-01 
-1.47861E-01 
-1.22071E-01 
-1.04398E-01 
-9.41538E-02 
-9.15718E-02 
-8.12100E-02 
-7.32632E-02 
-6.69990E-02 
-6.19538E-02 
-5.78588E-02 
-5.44351E-02 
-5.15354E-02 
-4.90594E-02 
-4.69302E-02 
-4.50883E-02 
-4.34869E-02 
-4.20884E-02 
-4.08626E-02 
-3.97847E-02 
-3.88343E-02 
-3.79943E-02 
-3.72504E-02 
-1.76852E+00 
-5.00410E-01 
-2.96155E-01 
-2.12689E-01 
-1.66953E-01 
-1.38167E-01 
-1.18441E-01 
-1.07006E-01 
-1.04124E-01 
-9.25587E-02 
-8.36886E-02 
-7.66966E-02 
-7.10652E-02 
-6.64944E-02 
-6.26729E-02 
-5.94364E-02 
-5.66726E-02 
-5.42960E-02 
-5.22402E-02 
-5.04527E-02 
-4.88917E-02 
-4.75235E-02 
-4.63204E-02 
-4.52596E-02 
-4.43220E-02 
-4.34917E-02 
-1.96031E+00 
-5.56198E-01 
-3.30038E-01 
-2.37621E-01 
-1.86980E-01 
-1.55107E-01 
-1.33265E-01 
-1.20604E-01 
-1.17413E-01 
-1.04607E-01 
-9.47856E-02 
-8.70437E-02 
-8.08083E-02 
-7.57474E-02 
-7.15161E-02 
-6.79324E-02 
-6.48723E-02 
-6.22408E-02 
-5.99645E-02 
-5.79853E-02 
-5.62569E-02 
-5.47420E-02 
-5.34098E-02 
-5.22352E-02 
-5.11971E-02 
-5.02778E-02 
-2.16144E+00 
-6.14969E-01 
-3.65880E-01 
-2.64092E-01 
-2.08317E-01 
-1.73212E-01 
-1.49156E-01 
-1.35211E-01 
-1.31696E-01 
-1.17592E-01 
-1.06775E-01 
-9.82481E-02 
-9.13805E-02 
-8.58065E-02 
-8.11462E-02 
-7.71992E-02 
-7.38288E-02 
-7.09305E-02 
-6.84234E-02 
-6.62435E-02 
-6.43399E-02 
-6.26714E-02 
-6.12042E-02 
-5.99105E-02 
-5.87671E-02 
-5.77545E-02 
-2.37023E+00 
-6.76253E-01 
-4.03405E-01 
-2.91908E-01 
-2.30813E-01 
-1.92360E-01 
-1.66010E-01 
-1.50735E-01 
-1.46885E-01 
-1.31435E-01 
-1.19586E-01 
-1.10246E-01 
-1.02724E-01 
-9.66180E-02 
-9.15132E-02 
-8.71898E-02 
-8.34979E-02 
-8.03232E-02 
-7.75769E-02 
-7.51892E-02 
-7.31040E-02 
-7.12763E-02 
-6.96692E-02 
-6.82521E-02 
-6.69996E-02 
-6.58905E-02 
-2.58676E+00 
-7.40095E-01 
-4.42653E-01 
-3.21107E-01 
-2.54505E-01 
-2.12586E-01 
-1.83860E-01 
-1.67208E-01 
-1.63011E-01 
-1.46169E-01 
-1.33252E-01 
-1.23070E-01 
-1.14869E-01 
-1.08213E-01 
-1.02648E-01 
-9.79352E-02 
-9.39106E-02 
-9.04497E-02 
-8.74559E-02 
-8.48529E-02 
-8.25798E-02 
-8.05874E-02 
-7.88353E-02 
-7.72905E-02 
-7.59251E-02 
-7.47161E-02 
-2.81113E+00 
-8.06543E-01 
-4.83664E-01 
-3.51723E-01 
-2.79426E-01 
-2.33922E-01 
-2.02739E-01 
-1.84664E-01 
-1.80108E-01 
-1.61825E-01 
-1.47804E-01 
-1.36751E-01 
-1.27849E-01 
-1.20624E-01 
-1.14583E-01 
-1.09467E-01 
-1.05098E-01 
-1.01341E-01 
-9.80910E-02 
-9.52654E-02 
-9.27980E-02 
-9.06351E-02 
-8.87333E-02 
-8.70563E-02 
-8.55742E-02 
-8.42617E-02 
-3.04339E+00 
-8.75630E-01 
-5.26470E-01 
-3.83789E-01 
-3.05607E-01 
-2.56399E-01 
-2.22678E-01 
-2.03131E-01 
-1.98205E-01 
-1.78434E-01 
-1.63271E-01 
-1.51318E-01 
-1.41692E-01 
-1.33878E-01 
-1.27346E-01 
-1.21813E-01 
-1.17089E-01 
-1.13026E-01 
-1.09512E-01 
-1.06456E-01 
-1.03788E-01 
-1.01449E-01 
-9.93923E-02 
-9.75788E-02 
-9.59761E-02 
-9.45568E-02 
-3.28362E+00 
-9.47405E-01 
-5.71110E-01 
-4.17342E-01 
-3.33084E-01 
-2.80052E-01 
-2.43711E-01 
-2.22644E-01 
-2.17335E-01 
-1.96028E-01 
-1.79687E-01 
-1.66805E-01 
-1.56431E-01 
-1.48010E-01 
-1.40970E-01 
-1.35007E-01 
-1.29916E-01 
-1.25537E-01 
-1.21750E-01 
-1.18457E-01 
-1.15581E-01 
-1.13060E-01 
-1.10844E-01 
-1.08890E-01 
-1.07162E-01 
-1.05633E-01 
-3.53187E+00 
-1.02190E+00 
-6.17616E-01 
-4.52411E-01 
-3.61886E-01 
-3.04909E-01 
-2.65866E-01 
-2.43233E-01 
-2.37528E-01 
-2.14636E-01 
-1.97080E-01 
-1.83241E-01 
-1.72094E-01 
-1.63047E-01 
-1.55484E-01 
-1.49078E-01 
-1.43607E-01 
-1.38903E-01 
-1.34834E-01 
-1.31296E-01 
-1.28206E-01 
-1.25498E-01 
-1.23117E-01 
-1.21017E-01 
-1.19162E-01 
-1.17518E-01 
-3.78821E+00 
-1.09915E+00 
-6.66024E-01 
-4.89032E-01 
-3.92048E-01 
-3.31006E-01 
-2.89177E-01 
-2.64929E-01 
-2.58818E-01 
-2.34292E-01 
-2.15483E-01 
-2.00656E-01 
-1.88715E-01 
-1.79022E-01 
-1.70919E-01 
-1.64056E-01 
-1.58195E-01 
-1.53156E-01 
-1.48796E-01 
-1.45006E-01 
-1.41696E-01 
-1.38794E-01 
-1.36243E-01 
-1.33994E-01 
-1.32005E-01 
-1.30245E-01 
-4.05324E+00 
-1.17937E+00 
-7.16473E-01 
-5.27316E-01 
-4.23667E-01 
-3.58430E-01 
-3.13726E-01 
-2.87811E-01 
-2.81280E-01 
-2.55069E-01 
-2.34967E-01 
-2.19122E-01 
-2.06359E-01 
-1.96001E-01 
-1.87340E-01 
-1.80006E-01 
-1.73742E-01 
-1.68356E-01 
-1.63697E-01 
-1.59646E-01 
-1.56109E-01 
-1.53008E-01 
-1.50281E-01 
-1.47877E-01 
-1.45752E-01 
-1.43871E-01 
-4.32458E+00 
-1.26184E+00 
-7.68530E-01 
-5.66943E-01 
-4.56482E-01 
-3.86958E-01 
-3.39316E-01 
-3.11698E-01 
-3.04738E-01 
-2.76805E-01 
-2.55382E-01 
-2.38495E-01 
-2.24894E-01 
-2.13854E-01 
-2.04625E-01 
-1.96808E-01 
-1.90133E-01 
-1.84393E-01 
-1.79428E-01 
-1.75110E-01 
-1.71340E-01 
-1.68036E-01 
-1.65130E-01 
-1.62568E-01 
-1.60304E-01 
-1.58298E-01 
-4.60583E+00 
-1.34770E+00 
-8.22910E-01 
-6.08461E-01 
-4.90954E-01 
-4.16994E-01 
-3.66312E-01 
-3.36933E-01 
-3.29528E-01 
-2.99813E-01 
-2.77023E-01 
-2.59059E-01 
-2.44590E-01 
-2.32846E-01 
-2.23028E-01 
-2.14712E-01 
-2.07612E-01 
-2.01505E-01 
-1.96223E-01 
-1.91631E-01 
-1.87620E-01 
-1.84105E-01 
-1.81014E-01 
-1.78288E-01 
-1.75879E-01 
-1.73746E-01 
-4.89522E+00 
-1.43641E+00 
-8.79296E-01 
-6.51639E-01 
-5.26893E-01 
-4.48378E-01 
-3.94575E-01 
-3.63386E-01 
-3.55525E-01 
-3.23979E-01 
-2.99786E-01 
-2.80715E-01 
-2.65355E-01 
-2.52888E-01 
-2.42465E-01 
-2.33637E-01 
-2.26099E-01 
-2.19617E-01 
-2.14009E-01 
-2.09134E-01 
-2.04877E-01 
-2.01145E-01 
-1.97863E-01 
-1.94970E-01 
-1.92412E-01 
-1.90148E-01 
-5.19288E+00 
-1.52803E+00 
-9.37737E-01 
-6.96519E-01 
-5.64343E-01 
-4.81151E-01 
-4.24142E-01 
-3.91096E-01 
-3.82767E-01 
-3.49342E-01 
-3.23707E-01 
-3.03500E-01 
-2.87226E-01 
-2.74016E-01 
-2.62972E-01 
-2.53618E-01 
-2.45631E-01 
-2.38763E-01 
-2.32821E-01 
-2.27655E-01 
-2.23144E-01 
-2.19190E-01 
-2.15713E-01 
-2.12647E-01 
-2.09938E-01 
-2.07538E-01 
-5.49885E+00 
-1.62261E+00 
-9.98264E-01 
-7.43133E-01 
-6.03332E-01 
-5.15342E-01 
-4.55045E-01 
-4.20092E-01 
-4.11283E-01 
-3.75930E-01 
-3.48817E-01 
-3.27444E-01 
-3.10231E-01 
-2.96259E-01 
-2.84578E-01 
-2.74685E-01 
-2.66237E-01 
-2.58973E-01 
-2.52688E-01 
-2.47225E-01 
-2.42453E-01 
-2.38271E-01 
-2.34593E-01 
-2.31351E-01 
-2.28485E-01 
-2.25947E-01 
-5.81324E+00 
-1.72019E+00 
-1.06092E+00 
-7.91522E-01 
-6.43902E-01 
-5.50990E-01 
-4.87321E-01 
-4.50413E-01 
-4.41111E-01 
-4.03781E-01 
-3.75151E-01 
-3.52583E-01 
-3.34407E-01 
-3.19654E-01 
-3.07319E-01 
-2.96873E-01 
-2.87953E-01 
-2.80282E-01 
-2.73646E-01 
-2.67877E-01 
-2.62838E-01 
-2.58422E-01 
-2.54539E-01 
-2.51115E-01 
-2.48089E-01 
-2.45409E-01 
-6.13597E+00 
-1.82077E+00 
-1.12572E+00 
-8.41699E-01 
-6.86067E-01 
-5.88112E-01 
-5.20987E-01 
-4.82076E-01 
-4.72269E-01 
-4.32913E-01 
-4.02729E-01 
-3.78937E-01 
-3.59774E-01 
-3.44220E-01 
-3.31216E-01 
-3.20203E-01 
-3.10798E-01 
-3.02711E-01 
-2.95715E-01 
-2.89632E-01 
-2.84321E-01 
-2.79665E-01 
-2.75571E-01 
-2.71961E-01 
-2.68771E-01 
-2.65945E-01 
-6.46812E+00 
-1.92471E+00 
-1.19290E+00 
-8.93859E-01 
-7.29996E-01 
-6.26861E-01 
-5.56186E-01 
-5.15217E-01 
-5.04891E-01 
-4.63454E-01 
-4.31674E-01 
-4.06623E-01 
-3.86446E-01 
-3.70070E-01 
-3.56379E-01 
-3.44783E-01 
-3.34881E-01 
-3.26366E-01 
-3.19000E-01 
-3.12596E-01 
-3.07003E-01 
-3.02101E-01 
-2.97791E-01 
-2.93990E-01 
-2.90631E-01 
-2.87656E-01 
-6.80767E+00 
-2.03139E+00 
-1.26208E+00 
-9.47708E-01 
-7.75446E-01 
-6.67025E-01 
-5.92728E-01 
-5.49659E-01 
-5.38804E-01 
-4.95243E-01 
-4.61834E-01 
-4.35499E-01 
-4.14289E-01 
-3.97073E-01 
-3.82680E-01 
-3.70489E-01 
-3.60080E-01 
-3.51129E-01 
-3.43385E-01 
-3.36653E-01 
-3.30774E-01 
-3.25620E-01 
-3.21089E-01 
-3.17093E-01 
-3.13562E-01 
-3.10435E-01 
-7.15603E+00 
-2.14128E+00 
-1.33356E+00 
-1.00349E+00 
-8.22630E-01 
-7.08796E-01 
-6.30789E-01 
-5.85570E-01 
-5.74173E-01 
-5.28437E-01 
-4.93360E-01 
-4.65710E-01 
-4.43441E-01 
-4.25366E-01 
-4.10254E-01 
-3.97455E-01 
-3.86526E-01 
-3.77127E-01 
-3.68998E-01 
-3.61929E-01 
-3.55756E-01 
-3.50346E-01 
-3.45588E-01 
-3.41393E-01 
-3.37685E-01 
-3.34402E-01 
-7.51313E+00 
-2.25438E+00 
-1.40736E+00 
-1.06123E+00 
-8.71566E-01 
-7.52192E-01 
-6.70390E-01 
-6.22971E-01 
-6.11020E-01 
-5.63058E-01 
-5.26274E-01 
-4.97279E-01 
-4.73926E-01 
-4.54971E-01 
-4.39124E-01 
-4.25703E-01 
-4.14242E-01 
-4.04386E-01 
-3.95861E-01 
-3.88448E-01 
-3.81975E-01 
-3.76301E-01 
-3.71312E-01 
-3.66913E-01 
-3.63024E-01 
-3.59581E-01 
-7.87901E+00 
-2.37072E+00 
-1.48350E+00 
-1.12095E+00 
-9.22284E-01 
-7.97246E-01 
-7.11562E-01 
-6.61892E-01 
-6.49374E-01 
-5.99136E-01 
-5.60607E-01 
-5.30236E-01 
-5.05775E-01 
-4.85921E-01 
-4.69322E-01 
-4.55263E-01 
-4.43258E-01 
-4.32935E-01 
-4.24005E-01 
-4.16241E-01 
-4.09461E-01 
-4.03518E-01 
-3.98292E-01 
-3.93683E-01 
-3.89611E-01 
-3.86004E-01 
-8.25365E+00 
-2.49031E+00 
-1.56201E+00 
-1.18267E+00 
-9.74808E-01 
-8.43981E-01 
-7.54329E-01 
-7.02360E-01 
-6.89262E-01 
-6.36698E-01 
-5.96385E-01 
-5.64608E-01 
-5.39014E-01 
-5.18241E-01 
-5.00873E-01 
-4.86163E-01 
-4.73603E-01 
-4.62801E-01 
-4.53458E-01 
-4.45334E-01 
-4.38240E-01 
-4.32022E-01 
-4.26554E-01 
-4.21732E-01 
-4.17471E-01 
-4.13698E-01 
-8.63709E+00 
-2.61319E+00 
-1.64292E+00 
-1.24643E+00 
-1.02917E+00 
-8.92428E-01 
-7.98723E-01 
-7.44405E-01 
-7.30714E-01 
-6.75774E-01 
-6.33639E-01 
-6.00425E-01 
-5.73674E-01 
-5.51961E-01 
-5.33808E-01 
-5.18434E-01 
-5.05305E-01 
-4.94015E-01 
-4.84249E-01 
-4.75758E-01 
-4.68343E-01 
-4.61844E-01 
-4.56129E-01 
-4.51089E-01 
-4.46636E-01 
-4.42692E-01 
-9.02946E+00 
-2.73942E+00 
-1.72628E+00 
-1.31227E+00 
-1.08542E+00 
-9.42632E-01 
-8.44787E-01 
-7.88068E-01 
-7.73773E-01 
-7.16406E-01 
-6.72409E-01 
-6.37727E-01 
-6.09794E-01 
-5.87122E-01 
-5.68167E-01 
-5.52114E-01 
-5.38405E-01 
-5.26617E-01 
-5.16419E-01 
-5.07553E-01 
-4.99810E-01 
-4.93024E-01 
-4.87056E-01 
-4.81794E-01 
-4.77143E-01 
-4.73025E-01 
-9.43051E+00 
-2.86893E+00 
-1.81206E+00 
-1.38018E+00 
-1.14353E+00 
-9.94583E-01 
-8.92515E-01 
-8.33348E-01 
-8.18436E-01 
-7.58592E-01 
-7.12695E-01 
-6.76517E-01 
-6.47378E-01 
-6.23727E-01 
-6.03954E-01 
-5.87207E-01 
-5.72907E-01 
-5.60610E-01 
-5.49972E-01 
-5.40723E-01 
-5.32646E-01 
-5.25567E-01 
-5.19341E-01 
-5.13852E-01 
-5.09001E-01 
-5.04705E-01 
---
