PdfType: replica
Format: lhagrid1
---
1.00000E-06 1.28121E-06 1.64152E-06 2.10317E-06 2.69463E-06 3.45242E-06 4.42329E-06 5.66715E-06 7.26076E-06 9.30241E-06 1.19180E-05 1.52689E-05 1.95617E-05 2.50609E-05 3.21053E-05 4.11287E-05 5.26863E-05 6.74889E-05 8.64459E-05 1.10720E-04 1.41800E-04 1.81585E-04 2.32503E-04 2.97652E-04 3.80981E-04 4.87518E-04 6.26039E-04 8.00452E-04 1.02297E-03 1.30657E-03 1.66759E-03 2.12729E-03 2.71054E-03 3.44865E-03 4.37927E-03 5.54908E-03 7.01192E-03 8.83064E-03 1.10763E-02 1.38266E-02 1.71641E-02 2.11717E-02 2.59364E-02 3.15062E-02 3.79623E-02 4.53425E-02 5.36750E-02 6.29705E-02 7.32221E-02 8.44039E-02 9.64793E-02 1.09332E-01 1.23067E-01 1.37507E-01 1.52639E-01 1.68416E-01 1.84794E-01 2.01731E-01 2.19016E-01 2.36948E-01 2.55242E-01 2.73927E-01 2.92954E-01 3.12340E-01 3.32036E-01 3.52019E-01 3.72282E-01 3.92772E-01 4.13533E-01 4.34326E-01 4.55495E-01 4.76836E-01 4.98342E-01 5.20006E-01 5.41818E-01 5.63773E-01 5.85861E-01 6.08077E-01 6.30459E-01 6.52800E-01 6.75387E-01 6.98063E-01 7.20830E-01 7.43683E-01 7.66623E-01 7.89636E-01 8.12791E-01 8.35940E-01 8.59175E-01 8.82485E-01 9.05866E-01 9.29311E-01 9.52817E-01 9.76387E-01 1.00000E+00 
1.14018E+00 1.22539E+00 1.32482E+00 1.44156E+00 1.57954E+00 1.74381E+00 1.94091E+00 2.12132E+00 2.17945E+00 2.49622E+00 2.89383E+00 3.39925E+00 4.05063E+00 4.90286E+00 6.03623E+00 7.57063E+00 9.68869E+00 1.26749E+01 1.69835E+01 2.33578E+01 3.30501E+01 4.82334E+01 7.28041E+01 1.13998E+02 1.85779E+02 3.16228E+02 
908
1.88541E-01 
1.84691E-01 
1.80903E-01 
1.77170E-01 
1.73447E-01 
1.69737E-01 
1.66047E-01 
1.63207E-01 
1.62379E-01 
1.58454E-01 
1.54565E-01 
1.50715E-01 
1.46909E-01 
1.43186E-01 
1.39495E-01 
1.35831E-01 
1.32199E-01 
1.28603E-01 
1.25050E-01 
1.21541E-01 
1.18082E-01 
1.14676E-01 
1.11324E-01 
1.08031E-01 
1.04797E-01 
1.01626E-01 
1.88540E-01 
1.84691E-01 
1.80903E-01 
1.77170E-01 
1.73446E-01 
1.69737E-01 
1.66046E-01 
1.63206E-01 
1.62379E-01 
1.58454E-01 
1.54565E-01 
1.50715E-01 
1.46908E-01 
1.43186E-01 
1.39494E-01 
1.35830E-01 
1.32198E-01 
1.28603E-01 
1.25049E-01 
1.21541E-01 
1.18082E-01 
1.14675E-01 
1.11324E-01 
1.08030E-01 
1.04797E-01 
1.01626E-01 
1.88540E-01 
1.84690E-01 
1.80902E-01 
1.77169E-01 
1.73445E-01 
1.69736E-01 
1.66046E-01 
1.63205E-01 
1.62378E-01 
1.58453E-01 
1.54564E-01 
1.50714E-01 
1.46908E-01 
1.43185E-01 
1.39494E-01 
1.35829E-01 
1.32197E-01 
1.28602E-01 
1.25048E-01 
1.21540E-01 
1.18081E-01 
1.14674E-01 
1.11323E-01 
1.08030E-01 
1.04796E-01 
1.01625E-01 
1.88539E-01 
1.84689E-01 
1.80901E-01 
1.77168E-01 
1.73445E-01 
1.69735E-01 
1.66045E-01 
1.63205E-01 
1.62377E-01 
1.58452E-01 
1.54563E-01 
1.50713E-01 
1.46907E-01 
1.43184E-01 
1.39493E-01 
1.35829E-01 
1.32197E-01 
1.28601E-01 
1.25048E-01 
1.21539E-01 
1.18080E-01 
1.14674E-01 
1.11322E-01 
1.08029E-01 
1.04796E-01 
1.01624E-01 
1.88538E-01 
1.84688E-01 
1.80900E-01 
1.77167E-01 
1.73443E-01 
1.69734E-01 
1.66044E-01 
1.63204E-01 
1.62376E-01 
1.58451E-01 
1.54562E-01 
1.50712E-01 
1.46906E-01 
1.43183E-01 
1.39492E-01 
1.35828E-01 
1.32196E-01 
1.28600E-01 
1.25047E-01 
1.21538E-01 
1.18079E-01 
1.14673E-01 
1.11321E-01 
1.08028E-01 
1.04795E-01 
1.01623E-01 
1.88536E-01 
1.84687E-01 
1.80899E-01 
1.77166E-01 
1.73442E-01 
1.69733E-01 
1.66042E-01 
1.63202E-01 
1.62375E-01 
1.58450E-01 
1.54561E-01 
1.50711E-01 
1.46904E-01 
1.43182E-01 
1.39491E-01 
1.35826E-01 
1.32194E-01 
1.28599E-01 
1.25045E-01 
1.21537E-01 
1.18078E-01 
1.14671E-01 
1.11320E-01 
1.08026E-01 
1.04793E-01 
1.01622E-01 
1.88535E-01 
1.84685E-01 
1.80897E-01 
1.77164E-01 
1.73440E-01 
1.69731E-01 
1.66041E-01 
1.63200E-01 
1.62373E-01 
1.58448E-01 
1.54559E-01 
1.50709E-01 
1.46903E-01 
1.43180E-01 
1.39489E-01 
1.35825E-01 
1.32192E-01 
1.28597E-01 
1.25044E-01 
1.21535E-01 
1.18076E-01 
1.14670E-01 
1.11318E-01 
1.08025E-01 
1.04792E-01 
1.01620E-01 
1.88532E-01 
1.84683E-01 
1.80895E-01 
1.77162E-01 
1.73438E-01 
1.69729E-01 
1.66038E-01 
1.63198E-01 
1.62371E-01 
1.58446E-01 
1.54557E-01 
1.50707E-01 
1.46900E-01 
1.43178E-01 
1.39487E-01 
1.35822E-01 
1.32190E-01 
1.28595E-01 
1.25041E-01 
1.21533E-01 
1.18074E-01 
1.14667E-01 
1.11316E-01 
1.08023E-01 
1.04789E-01 
1.01618E-01 
1.88529E-01 
1.84680E-01 
1.80892E-01 
1.77159E-01 
1.73435E-01 
1.69726E-01 
1.66035E-01 
1.63195E-01 
1.62368E-01 
1.58443E-01 
1.54554E-01 
1.50704E-01 
1.46898E-01 
1.43175E-01 
1.39484E-01 
1.35820E-01 
1.32187E-01 
1.28592E-01 
1.25039E-01 
1.21530E-01 
1.18071E-01 
1.14665E-01 
1.11313E-01 
1.08020E-01 
1.04787E-01 
1.01615E-01 
1.88526E-01 
1.84676E-01 
1.80888E-01 
1.77155E-01 
1.73431E-01 
1.69722E-01 
1.66032E-01 
1.63192E-01 
1.62364E-01 
1.58439E-01 
1.54550E-01 
1.50700E-01 
1.46894E-01 
1.43171E-01 
1.39480E-01 
1.35816E-01 
1.32184E-01 
1.28589E-01 
1.25035E-01 
1.21527E-01 
1.18068E-01 
1.14661E-01 
1.11310E-01 
1.08016E-01 
1.04783E-01 
1.01612E-01 
1.88521E-01 
1.84671E-01 
1.80883E-01 
1.77150E-01 
1.73427E-01 
1.69717E-01 
1.66027E-01 
1.63187E-01 
1.62359E-01 
1.58435E-01 
1.54545E-01 
1.50696E-01 
1.46889E-01 
1.43167E-01 
1.39476E-01 
1.35811E-01 
1.32179E-01 
1.28584E-01 
1.25030E-01 
1.21522E-01 
1.18063E-01 
1.14657E-01 
1.11305E-01 
1.08012E-01 
1.04779E-01 
1.01607E-01 
1.88515E-01 
1.84665E-01 
1.80877E-01 
1.77144E-01 
1.73421E-01 
1.69711E-01 
1.66021E-01 
1.63181E-01 
1.62353E-01 
1.58429E-01 
1.54539E-01 
1.50690E-01 
1.46883E-01 
1.43161E-01 
1.39470E-01 
1.35805E-01 
1.32173E-01 
1.28578E-01 
1.25025E-01 
1.21516E-01 
1.18057E-01 
1.14651E-01 
1.11299E-01 
1.08006E-01 
1.04773E-01 
1.01602E-01 
1.88507E-01 
1.84657E-01 
1.80869E-01 
1.77136E-01 
1.73413E-01 
1.69704E-01 
1.66013E-01 
1.63173E-01 
1.62346E-01 
1.58421E-01 
1.54532E-01 
1.50682E-01 
1.46876E-01 
1.43153E-01 
1.39462E-01 
1.35798E-01 
1.32166E-01 
1.28571E-01 
1.25017E-01 
1.21509E-01 
1.18050E-01 
1.14643E-01 
1.11292E-01 
1.07999E-01 
1.04765E-01 
1.01594E-01 
1.88497E-01 
1.84647E-01 
1.80859E-01 
1.77126E-01 
1.73403E-01 
1.69694E-01 
1.66003E-01 
1.63163E-01 
1.62336E-01 
1.58411E-01 
1.54522E-01 
1.50672E-01 
1.46866E-01 
1.43143E-01 
1.39452E-01 
1.35788E-01 
1.32156E-01 
1.28561E-01 
1.25007E-01 
1.21499E-01 
1.18040E-01 
1.14634E-01 
1.11282E-01 
1.07989E-01 
1.04756E-01 
1.01585E-01 
1.88484E-01 
1.84634E-01 
1.80846E-01 
1.77113E-01 
1.73390E-01 
1.69681E-01 
1.65990E-01 
1.63150E-01 
1.62323E-01 
1.58398E-01 
1.54509E-01 
1.50660E-01 
1.46853E-01 
1.43131E-01 
1.39440E-01 
1.35776E-01 
1.32144E-01 
1.28549E-01 
1.24995E-01 
1.21487E-01 
1.18028E-01 
1.14621E-01 
1.11270E-01 
1.07977E-01 
1.04744E-01 
1.01573E-01 
1.88467E-01 
1.84618E-01 
1.80830E-01 
1.77097E-01 
1.73373E-01 
1.69664E-01 
1.65974E-01 
1.63134E-01 
1.62307E-01 
1.58382E-01 
1.54493E-01 
1.50643E-01 
1.46837E-01 
1.43115E-01 
1.39424E-01 
1.35760E-01 
1.32128E-01 
1.28533E-01 
1.24979E-01 
1.21471E-01 
1.18012E-01 
1.14606E-01 
1.11254E-01 
1.07961E-01 
1.04728E-01 
1.01557E-01 
1.88446E-01 
1.84596E-01 
1.80809E-01 
1.77076E-01 
1.73352E-01 
1.69643E-01 
1.65953E-01 
1.63113E-01 
1.62286E-01 
1.58361E-01 
1.54472E-01 
1.50623E-01 
1.46817E-01 
1.43094E-01 
1.39403E-01 
1.35739E-01 
1.32107E-01 
1.28512E-01 
1.24959E-01 
1.21451E-01 
1.17992E-01 
1.14586E-01 
1.11234E-01 
1.07941E-01 
1.04708E-01 
1.01537E-01 
1.88418E-01 
1.84569E-01 
1.80782E-01 
1.77049E-01 
1.73325E-01 
1.69617E-01 
1.65926E-01 
1.63086E-01 
1.62259E-01 
1.58335E-01 
1.54446E-01 
1.50596E-01 
1.46790E-01 
1.43068E-01 
1.39377E-01 
1.35713E-01 
1.32081E-01 
1.28486E-01 
1.24933E-01 
1.21425E-01 
1.17966E-01 
1.14560E-01 
1.11209E-01 
1.07916E-01 
1.04682E-01 
1.01512E-01 
1.88384E-01 
1.84534E-01 
1.80747E-01 
1.77014E-01 
1.73291E-01 
1.69582E-01 
1.65892E-01 
1.63052E-01 
1.62225E-01 
1.58300E-01 
1.54412E-01 
1.50562E-01 
1.46756E-01 
1.43034E-01 
1.39343E-01 
1.35679E-01 
1.32048E-01 
1.28453E-01 
1.24900E-01 
1.21392E-01 
1.17933E-01 
1.14527E-01 
1.11176E-01 
1.07883E-01 
1.04650E-01 
1.01479E-01 
1.88339E-01 
1.84490E-01 
1.80702E-01 
1.76970E-01 
1.73247E-01 
1.69538E-01 
1.65848E-01 
1.63008E-01 
1.62181E-01 
1.58257E-01 
1.54368E-01 
1.50519E-01 
1.46713E-01 
1.42991E-01 
1.39300E-01 
1.35636E-01 
1.32005E-01 
1.28410E-01 
1.24857E-01 
1.21349E-01 
1.17891E-01 
1.14484E-01 
1.11134E-01 
1.07841E-01 
1.04608E-01 
1.01437E-01 
1.88282E-01 
1.84433E-01 
1.80645E-01 
1.76913E-01 
1.73190E-01 
1.69482E-01 
1.65792E-01 
1.62952E-01 
1.62125E-01 
1.58201E-01 
1.54312E-01 
1.50463E-01 
1.46657E-01 
1.42935E-01 
1.39245E-01 
1.35581E-01 
1.31950E-01 
1.28355E-01 
1.24802E-01 
1.21295E-01 
1.17836E-01 
1.14430E-01 
1.11080E-01 
1.07787E-01 
1.04554E-01 
1.01383E-01 
1.88208E-01 
1.84360E-01 
1.80573E-01 
1.76840E-01 
1.73118E-01 
1.69409E-01 
1.65720E-01 
1.62880E-01 
1.62053E-01 
1.58129E-01 
1.54241E-01 
1.50392E-01 
1.46586E-01 
1.42865E-01 
1.39174E-01 
1.35511E-01 
1.31880E-01 
1.28285E-01 
1.24733E-01 
1.21225E-01 
1.17767E-01 
1.14361E-01 
1.11010E-01 
1.07718E-01 
1.04485E-01 
1.01315E-01 
1.88115E-01 
1.84266E-01 
1.80479E-01 
1.76747E-01 
1.73025E-01 
1.69317E-01 
1.65627E-01 
1.62788E-01 
1.61961E-01 
1.58037E-01 
1.54149E-01 
1.50301E-01 
1.46495E-01 
1.42774E-01 
1.39084E-01 
1.35421E-01 
1.31790E-01 
1.28196E-01 
1.24643E-01 
1.21136E-01 
1.17678E-01 
1.14272E-01 
1.10922E-01 
1.07630E-01 
1.04397E-01 
1.01227E-01 
1.87995E-01 
1.84147E-01 
1.80360E-01 
1.76628E-01 
1.72906E-01 
1.69199E-01 
1.65509E-01 
1.62670E-01 
1.61843E-01 
1.57920E-01 
1.54032E-01 
1.50184E-01 
1.46379E-01 
1.42658E-01 
1.38968E-01 
1.35305E-01 
1.31675E-01 
1.28081E-01 
1.24529E-01 
1.21022E-01 
1.17564E-01 
1.14159E-01 
1.10809E-01 
1.07517E-01 
1.04285E-01 
1.01115E-01 
1.87841E-01 
1.83994E-01 
1.80208E-01 
1.76476E-01 
1.72755E-01 
1.69047E-01 
1.65359E-01 
1.62520E-01 
1.61693E-01 
1.57770E-01 
1.53883E-01 
1.50035E-01 
1.46230E-01 
1.42510E-01 
1.38820E-01 
1.35158E-01 
1.31528E-01 
1.27934E-01 
1.24383E-01 
1.20876E-01 
1.17419E-01 
1.14014E-01 
1.10664E-01 
1.07372E-01 
1.04141E-01 
1.00971E-01 
1.87645E-01 
1.83798E-01 
1.80013E-01 
1.76282E-01 
1.72561E-01 
1.68854E-01 
1.65166E-01 
1.62328E-01 
1.61500E-01 
1.57578E-01 
1.53692E-01 
1.49844E-01 
1.46040E-01 
1.42320E-01 
1.38631E-01 
1.34970E-01 
1.31340E-01 
1.27747E-01 
1.24196E-01 
1.20690E-01 
1.17233E-01 
1.13828E-01 
1.10479E-01 
1.07188E-01 
1.03957E-01 
1.00788E-01 
1.87390E-01 
1.83544E-01 
1.79759E-01 
1.76029E-01 
1.72309E-01 
1.68603E-01 
1.64915E-01 
1.62077E-01 
1.61251E-01 
1.57329E-01 
1.53443E-01 
1.49597E-01 
1.45793E-01 
1.42074E-01 
1.38386E-01 
1.34725E-01 
1.31095E-01 
1.27503E-01 
1.23953E-01 
1.20447E-01 
1.16991E-01 
1.13587E-01 
1.10239E-01 
1.06948E-01 
1.03718E-01 
1.00549E-01 
1.87070E-01 
1.83224E-01 
1.79440E-01 
1.75711E-01 
1.71991E-01 
1.68286E-01 
1.64600E-01 
1.61763E-01 
1.60936E-01 
1.57015E-01 
1.53130E-01 
1.49285E-01 
1.45482E-01 
1.41764E-01 
1.38077E-01 
1.34416E-01 
1.30788E-01 
1.27197E-01 
1.23647E-01 
1.20142E-01 
1.16687E-01 
1.13284E-01 
1.09936E-01 
1.06646E-01 
1.03417E-01 
1.00249E-01 
1.86660E-01 
1.82816E-01 
1.79033E-01 
1.75305E-01 
1.71587E-01 
1.67883E-01 
1.64197E-01 
1.61361E-01 
1.60535E-01 
1.56615E-01 
1.52732E-01 
1.48887E-01 
1.45086E-01 
1.41368E-01 
1.37682E-01 
1.34023E-01 
1.30396E-01 
1.26806E-01 
1.23257E-01 
1.19754E-01 
1.16299E-01 
1.12897E-01 
1.09550E-01 
1.06262E-01 
1.03033E-01 
9.98659E-02 
1.86139E-01 
1.82297E-01 
1.78515E-01 
1.74789E-01 
1.71072E-01 
1.67369E-01 
1.63685E-01 
1.60850E-01 
1.60024E-01 
1.56106E-01 
1.52224E-01 
1.48381E-01 
1.44581E-01 
1.40865E-01 
1.37180E-01 
1.33522E-01 
1.29897E-01 
1.26308E-01 
1.22760E-01 
1.19258E-01 
1.15805E-01 
1.12405E-01 
1.09059E-01 
1.05771E-01 
1.02544E-01 
9.93782E-02 
1.85477E-01 
1.81636E-01 
1.77856E-01 
1.74132E-01 
1.70416E-01 
1.66715E-01 
1.63033E-01 
1.60200E-01 
1.59374E-01 
1.55458E-01 
1.51577E-01 
1.47736E-01 
1.43938E-01 
1.40224E-01 
1.36541E-01 
1.32885E-01 
1.29261E-01 
1.25674E-01 
1.22129E-01 
1.18628E-01 
1.15177E-01 
1.11778E-01 
1.08434E-01 
1.05148E-01 
1.01922E-01 
9.87579E-02 
1.84634E-01 
1.80795E-01 
1.77018E-01 
1.73296E-01 
1.69583E-01 
1.65884E-01 
1.62204E-01 
1.59372E-01 
1.58547E-01 
1.54634E-01 
1.50755E-01 
1.46917E-01 
1.43121E-01 
1.39409E-01 
1.35729E-01 
1.32075E-01 
1.28453E-01 
1.24868E-01 
1.21325E-01 
1.17827E-01 
1.14378E-01 
1.10981E-01 
1.07639E-01 
1.04355E-01 
1.01131E-01 
9.79689E-02 
1.83565E-01 
1.79730E-01 
1.75956E-01 
1.72236E-01 
1.68526E-01 
1.64831E-01 
1.61154E-01 
1.58324E-01 
1.57499E-01 
1.53589E-01 
1.49714E-01 
1.45878E-01 
1.42086E-01 
1.38377E-01 
1.34699E-01 
1.31048E-01 
1.27429E-01 
1.23847E-01 
1.20307E-01 
1.16811E-01 
1.13365E-01 
1.09971E-01 
1.06632E-01 
1.03350E-01 
1.00129E-01 
9.69692E-02 
1.82216E-01 
1.78384E-01 
1.74614E-01 
1.70898E-01 
1.67192E-01 
1.63500E-01 
1.59826E-01 
1.56999E-01 
1.56176E-01 
1.52269E-01 
1.48398E-01 
1.44566E-01 
1.40778E-01 
1.37072E-01 
1.33398E-01 
1.29751E-01 
1.26136E-01 
1.22557E-01 
1.19020E-01 
1.15528E-01 
1.12085E-01 
1.08695E-01 
1.05359E-01 
1.02081E-01 
9.88625E-02 
9.57061E-02 
1.80517E-01 
1.76691E-01 
1.72925E-01 
1.69214E-01 
1.65512E-01 
1.61825E-01 
1.58156E-01 
1.55333E-01 
1.54510E-01 
1.50609E-01 
1.46742E-01 
1.42915E-01 
1.39132E-01 
1.35431E-01 
1.31762E-01 
1.28119E-01 
1.24508E-01 
1.20934E-01 
1.17402E-01 
1.13914E-01 
1.10476E-01 
1.07089E-01 
1.03758E-01 
1.00484E-01 
9.72694E-02 
9.41170E-02 
1.78388E-01 
1.74567E-01 
1.70808E-01 
1.67102E-01 
1.63407E-01 
1.59725E-01 
1.56062E-01 
1.53244E-01 
1.52422E-01 
1.48527E-01 
1.44667E-01 
1.40846E-01 
1.37068E-01 
1.33373E-01 
1.29710E-01 
1.26073E-01 
1.22468E-01 
1.18900E-01 
1.15373E-01 
1.11891E-01 
1.08457E-01 
1.05076E-01 
1.01750E-01 
9.84813E-02 
9.52722E-02 
9.21248E-02 
1.75734E-01 
1.71921E-01 
1.68168E-01 
1.64471E-01 
1.60782E-01 
1.57108E-01 
1.53452E-01 
1.50639E-01 
1.49819E-01 
1.45932E-01 
1.42079E-01 
1.38266E-01 
1.34496E-01 
1.30808E-01 
1.27152E-01 
1.23522E-01 
1.19925E-01 
1.16364E-01 
1.12844E-01 
1.09369E-01 
1.05942E-01 
1.02568E-01 
9.92481E-02 
9.59858E-02 
9.27832E-02 
8.96420E-02 
1.72447E-01 
1.68643E-01 
1.64900E-01 
1.61212E-01 
1.57532E-01 
1.53867E-01 
1.50221E-01 
1.47415E-01 
1.46597E-01 
1.42719E-01 
1.38876E-01 
1.35072E-01 
1.31311E-01 
1.27633E-01 
1.23985E-01 
1.20365E-01 
1.16776E-01 
1.13224E-01 
1.09712E-01 
1.06246E-01 
1.02828E-01 
9.94619E-02 
9.61505E-02 
9.28963E-02 
8.97015E-02 
8.65681E-02 
1.68409E-01 
1.64617E-01 
1.60885E-01 
1.57208E-01 
1.53540E-01 
1.49886E-01 
1.46251E-01 
1.43453E-01 
1.42638E-01 
1.38772E-01 
1.34940E-01 
1.31148E-01 
1.27399E-01 
1.23731E-01 
1.20095E-01 
1.16486E-01 
1.12908E-01 
1.09367E-01 
1.05866E-01 
1.02410E-01 
9.90027E-02 
9.56469E-02 
9.23456E-02 
8.91013E-02 
8.59163E-02 
8.27925E-02 
1.63493E-01 
1.59716E-01 
1.55998E-01 
1.52334E-01 
1.48680E-01 
1.45040E-01 
1.41418E-01 
1.38631E-01 
1.37819E-01 
1.33967E-01 
1.30151E-01 
1.26373E-01 
1.22637E-01 
1.18984E-01 
1.15361E-01 
1.11765E-01 
1.08201E-01 
1.04673E-01 
1.01185E-01 
9.77423E-02 
9.43476E-02 
9.10044E-02 
8.77155E-02 
8.44834E-02 
8.13104E-02 
7.81982E-02 
1.57573E-01 
1.53813E-01 
1.50112E-01 
1.46465E-01 
1.42828E-01 
1.39204E-01 
1.35599E-01 
1.32824E-01 
1.32016E-01 
1.28182E-01 
1.24382E-01 
1.20622E-01 
1.16903E-01 
1.13266E-01 
1.09661E-01 
1.06081E-01 
1.02533E-01 
9.90207E-02 
9.55491E-02 
9.21219E-02 
8.87428E-02 
8.54148E-02 
8.21409E-02 
7.89235E-02 
7.57650E-02 
7.26670E-02 
1.50529E-01 
1.46789E-01 
1.43109E-01 
1.39482E-01 
1.35864E-01 
1.32261E-01 
1.28675E-01 
1.25916E-01 
1.25112E-01 
1.21299E-01 
1.17520E-01 
1.13780E-01 
1.10082E-01 
1.06465E-01 
1.02879E-01 
9.93193E-02 
9.57906E-02 
9.22978E-02 
8.88453E-02 
8.54369E-02 
8.20762E-02 
7.87665E-02 
7.55106E-02 
7.23109E-02 
6.91697E-02 
6.60887E-02 
1.42245E-01 
1.38530E-01 
1.34874E-01 
1.31271E-01 
1.27677E-01 
1.24097E-01 
1.20535E-01 
1.17793E-01 
1.16995E-01 
1.13206E-01 
1.09453E-01 
1.05737E-01 
1.02063E-01 
9.84700E-02 
9.49073E-02 
9.13707E-02 
8.78650E-02 
8.43951E-02 
8.09651E-02 
7.75790E-02 
7.42404E-02 
7.09523E-02 
6.77177E-02 
6.45389E-02 
6.14182E-02 
5.83575E-02 
1.32687E-01 
1.29000E-01 
1.25372E-01 
1.21796E-01 
1.18230E-01 
1.14678E-01 
1.11143E-01 
1.08423E-01 
1.07630E-01 
1.03871E-01 
1.00146E-01 
9.64588E-02 
9.28132E-02 
8.92476E-02 
8.57123E-02 
8.22028E-02 
7.87241E-02 
7.52808E-02 
7.18771E-02 
6.85170E-02 
6.52040E-02 
6.19412E-02 
5.87313E-02 
5.55770E-02 
5.24802E-02 
4.94429E-02 
1.21776E-01 
1.18122E-01 
1.14526E-01 
1.10983E-01 
1.07448E-01 
1.03927E-01 
1.00424E-01 
9.77282E-02 
9.69426E-02 
9.32172E-02 
8.95254E-02 
8.58711E-02 
8.22580E-02 
7.87243E-02 
7.52206E-02 
7.17424E-02 
6.82948E-02 
6.48822E-02 
6.15089E-02 
5.81788E-02 
5.48954E-02 
5.16617E-02 
4.84805E-02 
4.53544E-02 
4.22853E-02 
3.92751E-02 
1.09523E-01 
1.05906E-01 
1.02347E-01 
9.88399E-02 
9.53416E-02 
9.18569E-02 
8.83897E-02 
8.57214E-02 
8.49439E-02 
8.12567E-02 
7.76028E-02 
7.39860E-02 
7.04099E-02 
6.69125E-02 
6.34447E-02 
6.00022E-02 
5.65899E-02 
5.32123E-02 
4.98736E-02 
4.65777E-02 
4.33279E-02 
4.01274E-02 
3.69788E-02 
3.38847E-02 
3.08471E-02 
2.78678E-02 
9.59678E-02 
9.23933E-02 
8.88759E-02 
8.54095E-02 
8.19519E-02 
7.85077E-02 
7.50809E-02 
7.24437E-02 
7.16753E-02 
6.80310E-02 
6.44196E-02 
6.08449E-02 
5.73105E-02 
5.38537E-02 
5.04263E-02 
4.70239E-02 
4.36513E-02 
4.03130E-02 
3.70132E-02 
3.37557E-02 
3.05437E-02 
2.73804E-02 
2.42685E-02 
2.12104E-02 
1.82082E-02 
1.52635E-02 
8.11938E-02 
7.76660E-02 
7.41946E-02 
7.07735E-02 
6.73611E-02 
6.39619E-02 
6.05799E-02 
5.79771E-02 
5.72187E-02 
5.36220E-02 
5.00579E-02 
4.65299E-02 
4.30416E-02 
3.96300E-02 
3.62474E-02 
3.28894E-02 
2.95609E-02 
2.62662E-02 
2.30096E-02 
1.97945E-02 
1.66246E-02 
1.35026E-02 
1.04314E-02 
7.41324E-03 
4.45020E-03 
1.54405E-03 
6.53214E-02 
6.18448E-02 
5.84237E-02 
5.50522E-02 
5.16894E-02 
4.83395E-02 
4.50065E-02 
4.24416E-02 
4.16942E-02 
3.81497E-02 
3.46372E-02 
3.11604E-02 
2.77227E-02 
2.43607E-02 
2.10271E-02 
1.77178E-02 
1.44376E-02 
1.11908E-02 
7.98136E-03 
4.81299E-03 
1.68900E-03 
-1.38763E-03 
-4.41431E-03 
-7.38866E-03 
-1.03087E-02 
-1.31727E-02 
4.85076E-02 
4.50864E-02 
4.17199E-02 
3.84022E-02 
3.50929E-02 
3.17965E-02 
2.85167E-02 
2.59926E-02 
2.52571E-02 
2.17692E-02 
1.83127E-02 
1.48914E-02 
1.15086E-02 
8.20011E-03 
4.91971E-03 
1.66323E-03 
-1.56468E-03 
-4.75972E-03 
-7.91798E-03 
-1.10358E-02 
-1.41100E-02 
-1.71375E-02 
-2.01159E-02 
-2.30429E-02 
-2.59163E-02 
-2.87346E-02 
3.09283E-02 
2.75666E-02 
2.42586E-02 
2.09985E-02 
1.77467E-02 
1.45076E-02 
1.12847E-02 
8.80451E-03 
8.08179E-03 
4.65443E-03 
1.25803E-03 
-2.10389E-03 
-5.42796E-03 
-8.67893E-03 
-1.19023E-02 
-1.51023E-02 
-1.82741E-02 
-2.14136E-02 
-2.45170E-02 
-2.75807E-02 
-3.06014E-02 
-3.35764E-02 
-3.65031E-02 
-3.93792E-02 
-4.22027E-02 
-4.49721E-02 
1.28696E-02 
9.57063E-03 
6.32435E-03 
3.12512E-03 
-6.59403E-05 
-3.24464E-03 
-6.40735E-03 
-8.84127E-03 
-9.55050E-03 
-1.29139E-02 
-1.62469E-02 
-1.95461E-02 
-2.28081E-02 
-2.59984E-02 
-2.91616E-02 
-3.23018E-02 
-3.54145E-02 
-3.84954E-02 
-4.15409E-02 
-4.45474E-02 
-4.75117E-02 
-5.04312E-02 
-5.33032E-02 
-5.61256E-02 
-5.88965E-02 
-6.16141E-02 
-5.69479E-03 
-8.92730E-03 
-1.21082E-02 
-1.52429E-02 
-1.83697E-02 
-2.14844E-02 
-2.45833E-02 
-2.69682E-02 
-2.76632E-02 
-3.09588E-02 
-3.42246E-02 
-3.74573E-02 
-4.06536E-02 
-4.37797E-02 
-4.68792E-02 
-4.99561E-02 
-5.30060E-02 
-5.60249E-02 
-5.90090E-02 
-6.19549E-02 
-6.48596E-02 
-6.77202E-02 
-7.05344E-02 
-7.32999E-02 
-7.60149E-02 
-7.86778E-02 
-2.44053E-02 
-2.75686E-02 
-3.06814E-02 
-3.37490E-02 
-3.68088E-02 
-3.98567E-02 
-4.28894E-02 
-4.52232E-02 
-4.59032E-02 
-4.91283E-02 
-5.23242E-02 
-5.54876E-02 
-5.86155E-02 
-6.16746E-02 
-6.47077E-02 
-6.77187E-02 
-7.07033E-02 
-7.36575E-02 
-7.65777E-02 
-7.94605E-02 
-8.23030E-02 
-8.51023E-02 
-8.78562E-02 
-9.05625E-02 
-9.32194E-02 
-9.58253E-02 
-4.31380E-02 
-4.62294E-02 
-4.92715E-02 
-5.22695E-02 
-5.52598E-02 
-5.82385E-02 
-6.12023E-02 
-6.34831E-02 
-6.41477E-02 
-6.72995E-02 
-7.04228E-02 
-7.35145E-02 
-7.65713E-02 
-7.95609E-02 
-8.25251E-02 
-8.54678E-02 
-8.83846E-02 
-9.12717E-02 
-9.41256E-02 
-9.69430E-02 
-9.97209E-02 
-1.02457E-01 
-1.05148E-01 
-1.07793E-01 
-1.10389E-01 
-1.12936E-01 
-6.17306E-02 
-6.47480E-02 
-6.77171E-02 
-7.06432E-02 
-7.35618E-02 
-7.64691E-02 
-7.93618E-02 
-8.15880E-02 
-8.22366E-02 
-8.53129E-02 
-8.83613E-02 
-9.13789E-02 
-9.43624E-02 
-9.72803E-02 
-1.00173E-01 
-1.03046E-01 
-1.05892E-01 
-1.08710E-01 
-1.11496E-01 
-1.14246E-01 
-1.16957E-01 
-1.19627E-01 
-1.22254E-01 
-1.24835E-01 
-1.27370E-01 
-1.29855E-01 
-8.00344E-02 
-8.29757E-02 
-8.58699E-02 
-8.87222E-02 
-9.15672E-02 
-9.44012E-02 
-9.72210E-02 
-9.93910E-02 
-1.00023E-01 
-1.03022E-01 
-1.05994E-01 
-1.08935E-01 
-1.11843E-01 
-1.14688E-01 
-1.17508E-01 
-1.20307E-01 
-1.23083E-01 
-1.25829E-01 
-1.28545E-01 
-1.31225E-01 
-1.33868E-01 
-1.36471E-01 
-1.39031E-01 
-1.41548E-01 
-1.44018E-01 
-1.46441E-01 
-9.79129E-02 
-1.00776E-01 
-1.03594E-01 
-1.06371E-01 
-1.09141E-01 
-1.11900E-01 
-1.14645E-01 
-1.16757E-01 
-1.17373E-01 
-1.20292E-01 
-1.23185E-01 
-1.26049E-01 
-1.28880E-01 
-1.31649E-01 
-1.34395E-01 
-1.37121E-01 
-1.39822E-01 
-1.42497E-01 
-1.45140E-01 
-1.47749E-01 
-1.50323E-01 
-1.52857E-01 
-1.55349E-01 
-1.57799E-01 
-1.60204E-01 
-1.62563E-01 
-1.15078E-01 
-1.17863E-01 
-1.20603E-01 
-1.23304E-01 
-1.25998E-01 
-1.28681E-01 
-1.31351E-01 
-1.33406E-01 
-1.34005E-01 
-1.36844E-01 
-1.39658E-01 
-1.42443E-01 
-1.45197E-01 
-1.47890E-01 
-1.50560E-01 
-1.53211E-01 
-1.55839E-01 
-1.58440E-01 
-1.61011E-01 
-1.63549E-01 
-1.66051E-01 
-1.68516E-01 
-1.70940E-01 
-1.73323E-01 
-1.75662E-01 
-1.77957E-01 
-1.31752E-01 
-1.34457E-01 
-1.37118E-01 
-1.39741E-01 
-1.42357E-01 
-1.44963E-01 
-1.47556E-01 
-1.49551E-01 
-1.50133E-01 
-1.52890E-01 
-1.55623E-01 
-1.58328E-01 
-1.61002E-01 
-1.63617E-01 
-1.66211E-01 
-1.68785E-01 
-1.71337E-01 
-1.73863E-01 
-1.76360E-01 
-1.78825E-01 
-1.81255E-01 
-1.83648E-01 
-1.86003E-01 
-1.88317E-01 
-1.90588E-01 
-1.92816E-01 
-1.47598E-01 
-1.50222E-01 
-1.52804E-01 
-1.55348E-01 
-1.57886E-01 
-1.60414E-01 
-1.62929E-01 
-1.64865E-01 
-1.65429E-01 
-1.68104E-01 
-1.70755E-01 
-1.73378E-01 
-1.75973E-01 
-1.78510E-01 
-1.81026E-01 
-1.83523E-01 
-1.85999E-01 
-1.88449E-01 
-1.90871E-01 
-1.93262E-01 
-1.95620E-01 
-1.97941E-01 
-2.00226E-01 
-2.02470E-01 
-2.04674E-01 
-2.06835E-01 
-1.62593E-01 
-1.65135E-01 
-1.67637E-01 
-1.70102E-01 
-1.72561E-01 
-1.75011E-01 
-1.77448E-01 
-1.79323E-01 
-1.79870E-01 
-1.82461E-01 
-1.85030E-01 
-1.87572E-01 
-1.90086E-01 
-1.92544E-01 
-1.94982E-01 
-1.97401E-01 
-1.99800E-01 
-2.02174E-01 
-2.04521E-01 
-2.06837E-01 
-2.09122E-01 
-2.11371E-01 
-2.13584E-01 
-2.15759E-01 
-2.17894E-01 
-2.19989E-01 
-1.76654E-01 
-1.79114E-01 
-1.81535E-01 
-1.83921E-01 
-1.86300E-01 
-1.88671E-01 
-1.91029E-01 
-1.92844E-01 
-1.93373E-01 
-1.95882E-01 
-1.98367E-01 
-2.00827E-01 
-2.03260E-01 
-2.05639E-01 
-2.07998E-01 
-2.10340E-01 
-2.12661E-01 
-2.14959E-01 
-2.17230E-01 
-2.19472E-01 
-2.21683E-01 
-2.23860E-01 
-2.26002E-01 
-2.28107E-01 
-2.30173E-01 
-2.32200E-01 
-1.89752E-01 
-1.92130E-01 
-1.94470E-01 
-1.96776E-01 
-1.99077E-01 
-2.01368E-01 
-2.03647E-01 
-2.05402E-01 
-2.05913E-01 
-2.08337E-01 
-2.10740E-01 
-2.13118E-01 
-2.15469E-01 
-2.17769E-01 
-2.20049E-01 
-2.22312E-01 
-2.24556E-01 
-2.26777E-01 
-2.28972E-01 
-2.31139E-01 
-2.33276E-01 
-2.35380E-01 
-2.37450E-01 
-2.39485E-01 
-2.41482E-01 
-2.43441E-01 
-2.01822E-01 
-2.04118E-01 
-2.06377E-01 
-2.08603E-01 
-2.10823E-01 
-2.13035E-01 
-2.15236E-01 
-2.16930E-01 
-2.17423E-01 
-2.19763E-01 
-2.22083E-01 
-2.24378E-01 
-2.26648E-01 
-2.28868E-01 
-2.31069E-01 
-2.33254E-01 
-2.35420E-01 
-2.37564E-01 
-2.39683E-01 
-2.41775E-01 
-2.43838E-01 
-2.45870E-01 
-2.47868E-01 
-2.49832E-01 
-2.51760E-01 
-2.53651E-01 
-2.12823E-01 
-2.15036E-01 
-2.17214E-01 
-2.19360E-01 
-2.21501E-01 
-2.23634E-01 
-2.25756E-01 
-2.27388E-01 
-2.27864E-01 
-2.30121E-01 
-2.32357E-01 
-2.34570E-01 
-2.36759E-01 
-2.38899E-01 
-2.41021E-01 
-2.43128E-01 
-2.45216E-01 
-2.47283E-01 
-2.49327E-01 
-2.51344E-01 
-2.53333E-01 
-2.55291E-01 
-2.57218E-01 
-2.59112E-01 
-2.60971E-01 
-2.62794E-01 
-2.22729E-01 
-2.24860E-01 
-2.26957E-01 
-2.29024E-01 
-2.31085E-01 
-2.33139E-01 
-2.35182E-01 
-2.36754E-01 
-2.37212E-01 
-2.39385E-01 
-2.41538E-01 
-2.43669E-01 
-2.45777E-01 
-2.47838E-01 
-2.49881E-01 
-2.51910E-01 
-2.53921E-01 
-2.55911E-01 
-2.57878E-01 
-2.59820E-01 
-2.61735E-01 
-2.63621E-01 
-2.65477E-01 
-2.67300E-01 
-2.69090E-01 
-2.70846E-01 
-2.31501E-01 
-2.33551E-01 
-2.35567E-01 
-2.37555E-01 
-2.39537E-01 
-2.41512E-01 
-2.43477E-01 
-2.44989E-01 
-2.45429E-01 
-2.47519E-01 
-2.49589E-01 
-2.51639E-01 
-2.53665E-01 
-2.55647E-01 
-2.57612E-01 
-2.59563E-01 
-2.61497E-01 
-2.63411E-01 
-2.65303E-01 
-2.67170E-01 
-2.69012E-01 
-2.70826E-01 
-2.72610E-01 
-2.74363E-01 
-2.76085E-01 
-2.77773E-01 
-2.39147E-01 
-2.41115E-01 
-2.43052E-01 
-2.44960E-01 
-2.46864E-01 
-2.48760E-01 
-2.50647E-01 
-2.52099E-01 
-2.52522E-01 
-2.54528E-01 
-2.56517E-01 
-2.58485E-01 
-2.60431E-01 
-2.62334E-01 
-2.64221E-01 
-2.66094E-01 
-2.67951E-01 
-2.69789E-01 
-2.71606E-01 
-2.73399E-01 
-2.75168E-01 
-2.76909E-01 
-2.78623E-01 
-2.80306E-01 
-2.81959E-01 
-2.83580E-01 
-2.45588E-01 
-2.47476E-01 
-2.49333E-01 
-2.51164E-01 
-2.52990E-01 
-2.54809E-01 
-2.56619E-01 
-2.58012E-01 
-2.58417E-01 
-2.60342E-01 
-2.62249E-01 
-2.64137E-01 
-2.66004E-01 
-2.67830E-01 
-2.69640E-01 
-2.71437E-01 
-2.73218E-01 
-2.74981E-01 
-2.76724E-01 
-2.78444E-01 
-2.80141E-01 
-2.81811E-01 
-2.83455E-01 
-2.85070E-01 
-2.86655E-01 
-2.88211E-01 
-2.50929E-01 
-2.52737E-01 
-2.54516E-01 
-2.56269E-01 
-2.58017E-01 
-2.59759E-01 
-2.61492E-01 
-2.62825E-01 
-2.63214E-01 
-2.65057E-01 
-2.66883E-01 
-2.68691E-01 
-2.70478E-01 
-2.72226E-01 
-2.73959E-01 
-2.75680E-01 
-2.77385E-01 
-2.79074E-01 
-2.80742E-01 
-2.82390E-01 
-2.84014E-01 
-2.85614E-01 
-2.87187E-01 
-2.88734E-01 
-2.90252E-01 
-2.91741E-01 
-2.55111E-01 
-2.56839E-01 
-2.58540E-01 
-2.60216E-01 
-2.61887E-01 
-2.63552E-01 
-2.65209E-01 
-2.66484E-01 
-2.66856E-01 
-2.68618E-01 
-2.70364E-01 
-2.72092E-01 
-2.73801E-01 
-2.75472E-01 
-2.77129E-01 
-2.78774E-01 
-2.80405E-01 
-2.82019E-01 
-2.83614E-01 
-2.85189E-01 
-2.86742E-01 
-2.88271E-01 
-2.89776E-01 
-2.91254E-01 
-2.92706E-01 
-2.94130E-01 
-2.58141E-01 
-2.59791E-01 
-2.61414E-01 
-2.63014E-01 
-2.64610E-01 
-2.66199E-01 
-2.67781E-01 
-2.68998E-01 
-2.69352E-01 
-2.71034E-01 
-2.72701E-01 
-2.74351E-01 
-2.75982E-01 
-2.77577E-01 
-2.79159E-01 
-2.80729E-01 
-2.82286E-01 
-2.83826E-01 
-2.85349E-01 
-2.86852E-01 
-2.88335E-01 
-2.89795E-01 
-2.91231E-01 
-2.92642E-01 
-2.94028E-01 
-2.95386E-01 
-2.60033E-01 
-2.61605E-01 
-2.63152E-01 
-2.64676E-01 
-2.66197E-01 
-2.67711E-01 
-2.69218E-01 
-2.70378E-01 
-2.70716E-01 
-2.72319E-01 
-2.73907E-01 
-2.75479E-01 
-2.77034E-01 
-2.78554E-01 
-2.80061E-01 
-2.81557E-01 
-2.83041E-01 
-2.84509E-01 
-2.85960E-01 
-2.87393E-01 
-2.88805E-01 
-2.90196E-01 
-2.91565E-01 
-2.92910E-01 
-2.94230E-01 
-2.95525E-01 
-2.60800E-01 
-2.62296E-01 
-2.63767E-01 
-2.65217E-01 
-2.66664E-01 
-2.68104E-01 
-2.69538E-01 
-2.70641E-01 
-2.70963E-01 
-2.72487E-01 
-2.73998E-01 
-2.75493E-01 
-2.76972E-01 
-2.78418E-01 
-2.79852E-01 
-2.81275E-01 
-2.82686E-01 
-2.84083E-01 
-2.85463E-01 
-2.86826E-01 
-2.88169E-01 
-2.89493E-01 
-2.90795E-01 
-2.92074E-01 
-2.93330E-01 
-2.94562E-01 
-2.60462E-01 
-2.61882E-01 
-2.63279E-01 
-2.64656E-01 
-2.66029E-01 
-2.67397E-01 
-2.68758E-01 
-2.69805E-01 
-2.70110E-01 
-2.71558E-01 
-2.72992E-01 
-2.74412E-01 
-2.75816E-01 
-2.77189E-01 
-2.78550E-01 
-2.79902E-01 
-2.81241E-01 
-2.82567E-01 
-2.83878E-01 
-2.85171E-01 
-2.86447E-01 
-2.87704E-01 
-2.88939E-01 
-2.90154E-01 
-2.91347E-01 
-2.92516E-01 
-2.59039E-01 
-2.60385E-01 
-2.61708E-01 
-2.63013E-01 
-2.64314E-01 
-2.65610E-01 
-2.66900E-01 
-2.67892E-01 
-2.68181E-01 
-2.69553E-01 
-2.70912E-01 
-2.72257E-01 
-2.73587E-01 
-2.74888E-01 
-2.76178E-01 
-2.77459E-01 
-2.78728E-01 
-2.79984E-01 
-2.81226E-01 
-2.82452E-01 
-2.83661E-01 
-2.84851E-01 
-2.86022E-01 
-2.87173E-01 
-2.88303E-01 
-2.89411E-01 
-2.56557E-01 
-2.57828E-01 
-2.59080E-01 
-2.60313E-01 
-2.61544E-01 
-2.62769E-01 
-2.63988E-01 
-2.64927E-01 
-2.65200E-01 
-2.66497E-01 
-2.67781E-01 
-2.69053E-01 
-2.70311E-01 
-2.71541E-01 
-2.72760E-01 
-2.73971E-01 
-2.75171E-01 
-2.76359E-01 
-2.77533E-01 
-2.78692E-01 
-2.79835E-01 
-2.80960E-01 
-2.82067E-01 
-2.83155E-01 
-2.84224E-01 
-2.85271E-01 
-2.53032E-01 
-2.54232E-01 
-2.55412E-01 
-2.56575E-01 
-2.57735E-01 
-2.58891E-01 
-2.60041E-01 
-2.60926E-01 
-2.61184E-01 
-2.62407E-01 
-2.63619E-01 
-2.64818E-01 
-2.66004E-01 
-2.67164E-01 
-2.68314E-01 
-2.69456E-01 
-2.70588E-01 
-2.71708E-01 
-2.72815E-01 
-2.73908E-01 
-2.74986E-01 
-2.76048E-01 
-2.77092E-01 
-2.78118E-01 
-2.79125E-01 
-2.80113E-01 
-2.48534E-01 
-2.49663E-01 
-2.50774E-01 
-2.51869E-01 
-2.52961E-01 
-2.54048E-01 
-2.55130E-01 
-2.55963E-01 
-2.56206E-01 
-2.57357E-01 
-2.58497E-01 
-2.59626E-01 
-2.60743E-01 
-2.61834E-01 
-2.62917E-01 
-2.63991E-01 
-2.65056E-01 
-2.66110E-01 
-2.67153E-01 
-2.68181E-01 
-2.69196E-01 
-2.70195E-01 
-2.71177E-01 
-2.72143E-01 
-2.73091E-01 
-2.74021E-01 
-2.43036E-01 
-2.44095E-01 
-2.45138E-01 
-2.46165E-01 
-2.47189E-01 
-2.48210E-01 
-2.49225E-01 
-2.50006E-01 
-2.50234E-01 
-2.51314E-01 
-2.52384E-01 
-2.53443E-01 
-2.54490E-01 
-2.55514E-01 
-2.56530E-01 
-2.57538E-01 
-2.58537E-01 
-2.59526E-01 
-2.60504E-01 
-2.61469E-01 
-2.62421E-01 
-2.63358E-01 
-2.64280E-01 
-2.65186E-01 
-2.66076E-01 
-2.66948E-01 
-2.36601E-01 
-2.37592E-01 
-2.38567E-01 
-2.39528E-01 
-2.40486E-01 
-2.41440E-01 
-2.42390E-01 
-2.43121E-01 
-2.43334E-01 
-2.44344E-01 
-2.45345E-01 
-2.46336E-01 
-2.47315E-01 
-2.48273E-01 
-2.49223E-01 
-2.50166E-01 
-2.51101E-01 
-2.52026E-01 
-2.52941E-01 
-2.53844E-01 
-2.54734E-01 
-2.55611E-01 
-2.56473E-01 
-2.57321E-01 
-2.58153E-01 
-2.58969E-01 
-2.29264E-01 
-2.30188E-01 
-2.31097E-01 
-2.31992E-01 
-2.32886E-01 
-2.33776E-01 
-2.34661E-01 
-2.35343E-01 
-2.35541E-01 
-2.36483E-01 
-2.37416E-01 
-2.38340E-01 
-2.39253E-01 
-2.40146E-01 
-2.41032E-01 
-2.41911E-01 
-2.42783E-01 
-2.43645E-01 
-2.44498E-01 
-2.45340E-01 
-2.46170E-01 
-2.46987E-01 
-2.47791E-01 
-2.48581E-01 
-2.49357E-01 
-2.50118E-01 
-2.21063E-01 
-2.21921E-01 
-2.22765E-01 
-2.23597E-01 
-2.24427E-01 
-2.25254E-01 
-2.26076E-01 
-2.26709E-01 
-2.26894E-01 
-2.27769E-01 
-2.28636E-01 
-2.29494E-01 
-2.30342E-01 
-2.31172E-01 
-2.31995E-01 
-2.32811E-01 
-2.33621E-01 
-2.34422E-01 
-2.35214E-01 
-2.35996E-01 
-2.36767E-01 
-2.37527E-01 
-2.38274E-01 
-2.39008E-01 
-2.39728E-01 
-2.40435E-01 
-2.12035E-01 
-2.12829E-01 
-2.13610E-01 
-2.14380E-01 
-2.15147E-01 
-2.15912E-01 
-2.16673E-01 
-2.17259E-01 
-2.17430E-01 
-2.18239E-01 
-2.19041E-01 
-2.19835E-01 
-2.20620E-01 
-2.21388E-01 
-2.22149E-01 
-2.22905E-01 
-2.23654E-01 
-2.24395E-01 
-2.25128E-01 
-2.25851E-01 
-2.26565E-01 
-2.27267E-01 
-2.27958E-01 
-2.28638E-01 
-2.29304E-01 
-2.29958E-01 
-2.02225E-01 
-2.02957E-01 
-2.03676E-01 
-2.04385E-01 
-2.05092E-01 
-2.05797E-01 
-2.06498E-01 
-2.07037E-01 
-2.07194E-01 
-2.07940E-01 
-2.08679E-01 
-2.09410E-01 
-2.10133E-01 
-2.10840E-01 
-2.11541E-01 
-2.12237E-01 
-2.12927E-01 
-2.13610E-01 
-2.14285E-01 
-2.14951E-01 
-2.15608E-01 
-2.16255E-01 
-2.16891E-01 
-2.17517E-01 
-2.18131E-01 
-2.18733E-01 
-1.91643E-01 
-1.92313E-01 
-1.92972E-01 
-1.93622E-01 
-1.94270E-01 
-1.94915E-01 
-1.95557E-01 
-1.96051E-01 
-1.96195E-01 
-1.96878E-01 
-1.97555E-01 
-1.98225E-01 
-1.98887E-01 
-1.99535E-01 
-2.00177E-01 
-2.00814E-01 
-2.01446E-01 
-2.02072E-01 
-2.02690E-01 
-2.03301E-01 
-2.03902E-01 
-2.04495E-01 
-2.05078E-01 
-2.05651E-01 
-2.06214E-01 
-2.06766E-01 
-1.80399E-01 
-1.81009E-01 
-1.81610E-01 
-1.82201E-01 
-1.82791E-01 
-1.83379E-01 
-1.83964E-01 
-1.84414E-01 
-1.84546E-01 
-1.85168E-01 
-1.85784E-01 
-1.86394E-01 
-1.86997E-01 
-1.87587E-01 
-1.88172E-01 
-1.88753E-01 
-1.89329E-01 
-1.89899E-01 
-1.90462E-01 
-1.91018E-01 
-1.91566E-01 
-1.92106E-01 
-1.92637E-01 
-1.93159E-01 
-1.93672E-01 
-1.94174E-01 
-1.68493E-01 
-1.69045E-01 
-1.69589E-01 
-1.70124E-01 
-1.70658E-01 
-1.71190E-01 
-1.71719E-01 
-1.72126E-01 
-1.72245E-01 
-1.72807E-01 
-1.73365E-01 
-1.73917E-01 
-1.74463E-01 
-1.74997E-01 
-1.75526E-01 
-1.76051E-01 
-1.76572E-01 
-1.77088E-01 
-1.77597E-01 
-1.78100E-01 
-1.78596E-01 
-1.79085E-01 
-1.79565E-01 
-1.80038E-01 
-1.80501E-01 
-1.80956E-01 
-1.55976E-01 
-1.56471E-01 
-1.56958E-01 
-1.57439E-01 
-1.57918E-01 
-1.58395E-01 
-1.58870E-01 
-1.59236E-01 
-1.59342E-01 
-1.59847E-01 
-1.60348E-01 
-1.60843E-01 
-1.61333E-01 
-1.61812E-01 
-1.62287E-01 
-1.62759E-01 
-1.63226E-01 
-1.63689E-01 
-1.64146E-01 
-1.64597E-01 
-1.65042E-01 
-1.65481E-01 
-1.65912E-01 
-1.66336E-01 
-1.66752E-01 
-1.67160E-01 
-1.42893E-01 
-1.43333E-01 
-1.43766E-01 
-1.44193E-01 
-1.44619E-01 
-1.45043E-01 
-1.45466E-01 
-1.45790E-01 
-1.45885E-01 
-1.46334E-01 
-1.46779E-01 
-1.47219E-01 
-1.47655E-01 
-1.48081E-01 
-1.48503E-01 
-1.48922E-01 
-1.49337E-01 
-1.49749E-01 
-1.50155E-01 
-1.50556E-01 
-1.50952E-01 
-1.51342E-01 
-1.51725E-01 
-1.52102E-01 
-1.52472E-01 
-1.52835E-01 
-1.29294E-01 
-1.29681E-01 
-1.30062E-01 
-1.30437E-01 
-1.30812E-01 
-1.31184E-01 
-1.31555E-01 
-1.31841E-01 
-1.31924E-01 
-1.32318E-01 
-1.32709E-01 
-1.33096E-01 
-1.33479E-01 
-1.33853E-01 
-1.34224E-01 
-1.34592E-01 
-1.34957E-01 
-1.35319E-01 
-1.35676E-01 
-1.36028E-01 
-1.36376E-01 
-1.36718E-01 
-1.37055E-01 
-1.37386E-01 
-1.37711E-01 
-1.38030E-01 
-1.15230E-01 
-1.15565E-01 
-1.15895E-01 
-1.16220E-01 
-1.16544E-01 
-1.16867E-01 
-1.17188E-01 
-1.17436E-01 
-1.17508E-01 
-1.17849E-01 
-1.18188E-01 
-1.18523E-01 
-1.18854E-01 
-1.19178E-01 
-1.19500E-01 
-1.19819E-01 
-1.20135E-01 
-1.20448E-01 
-1.20757E-01 
-1.21063E-01 
-1.21364E-01 
-1.21660E-01 
-1.21952E-01 
-1.22239E-01 
-1.22520E-01 
-1.22796E-01 
-1.00746E-01 
-1.01031E-01 
-1.01311E-01 
-1.01588E-01 
-1.01863E-01 
-1.02138E-01 
-1.02411E-01 
-1.02621E-01 
-1.02683E-01 
-1.02973E-01 
-1.03261E-01 
-1.03546E-01 
-1.03828E-01 
-1.04103E-01 
-1.04376E-01 
-1.04648E-01 
-1.04916E-01 
-1.05183E-01 
-1.05446E-01 
-1.05705E-01 
-1.05961E-01 
-1.06213E-01 
-1.06461E-01 
-1.06705E-01 
-1.06945E-01 
-1.07179E-01 
-8.59044E-02 
-8.61409E-02 
-8.63735E-02 
-8.66028E-02 
-8.68316E-02 
-8.70594E-02 
-8.72861E-02 
-8.74605E-02 
-8.75113E-02 
-8.77524E-02 
-8.79913E-02 
-8.82277E-02 
-8.84615E-02 
-8.86902E-02 
-8.89169E-02 
-8.91420E-02 
-8.93651E-02 
-8.95859E-02 
-8.98042E-02 
-9.00197E-02 
-9.02321E-02 
-9.04414E-02 
-9.06472E-02 
-9.08495E-02 
-9.10481E-02 
-9.12429E-02 
---
