PdfType: replica
Format: lhagrid1
---
1.00000E-06 1.28121E-06 1.64152E-06 2.10317E-06 2.69463E-06 3.45242E-06 4.42329E-06 5.66715E-06 7.26076E-06 9.30241E-06 1.19180E-05 1.52689E-05 1.95617E-05 2.50609E-05 3.21053E-05 4.11287E-05 5.26863E-05 6.74889E-05 8.64459E-05 1.10720E-04 1.41800E-04 1.81585E-04 2.32503E-04 2.97652E-04 3.80981E-04 4.87518E-04 6.26039E-04 8.00452E-04 1.02297E-03 1.30657E-03 1.66759E-03 2.12729E-03 2.71054E-03 3.44865E-03 4.37927E-03 5.54908E-03 7.01192E-03 8.83064E-03 1.10763E-02 1.38266E-02 1.71641E-02 2.11717E-02 2.59364E-02 3.15062E-02 3.79623E-02 4.53425E-02 5.36750E-02 6.29705E-02 7.32221E-02 8.44039E-02 9.64793E-02 1.09332E-01 1.23067E-01 1.37507E-01 1.52639E-01 1.68416E-01 1.84794E-01 2.01731E-01 2.19016E-01 2.36948E-01 2.55242E-01 2.73927E-01 2.92954E-01 3.12340E-01 3.32036E-01 3.52019E-01 3.72282E-01 3.92772E-01 4.13533E-01 4.34326E-01 4.55495E-01 4.76836E-01 4.98342E-01 5.20006E-01 5.41818E-01 5.63773E-01 5.85861E-01 6.08077E-01 6.30459E-01 6.52800E-01 6.75387E-01 6.98063E-01 7.20830E-01 7.43683E-01 7.66623E-01 7.89636E-01 8.12791E-01 8.35940E-01 8.59175E-01 8.82485E-01 9.05866E-01 9.29311E-01 9.52817E-01 9.76387E-01 1.00000E+00 
1.14018E+00 1.22539E+00 1.32482E+00 1.44156E+00 1.57954E+00 1.74381E+00 1.94091E+00 2.12132E+00 2.17945E+00 2.49622E+00 2.89383E+00 3.39925E+00 4.05063E+00 4.90286E+00 6.03623E+00 7.57063E+00 9.68869E+00 1.26749E+01 1.69835E+01 2.33578E+01 3.30501E+01 4.82334E+01 7.28041E+01 1.13998E+02 1.85779E+02 3.16228E+02 
908
4.30092E-02 
4.22225E-02 
4.14429E-02 
4.06696E-02 
3.98930E-02 
3.91143E-02 
3.83343E-02 
3.77306E-02 
3.75541E-02 
3.67137E-02 
3.58751E-02 
3.50396E-02 
3.42081E-02 
3.33900E-02 
3.25738E-02 
3.17588E-02 
3.09462E-02 
3.01373E-02 
2.93334E-02 
2.85355E-02 
2.77448E-02 
2.69622E-02 
2.61887E-02 
2.54252E-02 
2.46723E-02 
2.39309E-02 
4.30092E-02 
4.22224E-02 
4.14429E-02 
4.06695E-02 
3.98930E-02 
3.91142E-02 
3.83342E-02 
3.77305E-02 
3.75540E-02 
3.67136E-02 
3.58751E-02 
3.50396E-02 
3.42081E-02 
3.33899E-02 
3.25738E-02 
3.17587E-02 
3.09461E-02 
3.01373E-02 
2.93333E-02 
2.85355E-02 
2.77448E-02 
2.69622E-02 
2.61887E-02 
2.54251E-02 
2.46723E-02 
2.39308E-02 
4.30091E-02 
4.22223E-02 
4.14428E-02 
4.06695E-02 
3.98929E-02 
3.91141E-02 
3.83342E-02 
3.77305E-02 
3.75540E-02 
3.67135E-02 
3.58750E-02 
3.50395E-02 
3.42080E-02 
3.33898E-02 
3.25737E-02 
3.17586E-02 
3.09461E-02 
3.01372E-02 
2.93333E-02 
2.85354E-02 
2.77447E-02 
2.69621E-02 
2.61886E-02 
2.54250E-02 
2.46722E-02 
2.39308E-02 
4.30090E-02 
4.22223E-02 
4.14427E-02 
4.06694E-02 
3.98928E-02 
3.91140E-02 
3.83341E-02 
3.77304E-02 
3.75539E-02 
3.67134E-02 
3.58749E-02 
3.50394E-02 
3.42079E-02 
3.33897E-02 
3.25736E-02 
3.17585E-02 
3.09460E-02 
3.01371E-02 
2.93332E-02 
2.85353E-02 
2.77446E-02 
2.69620E-02 
2.61885E-02 
2.54249E-02 
2.46721E-02 
2.39307E-02 
4.30089E-02 
4.22221E-02 
4.14426E-02 
4.06693E-02 
3.98927E-02 
3.91139E-02 
3.83340E-02 
3.77302E-02 
3.75538E-02 
3.67133E-02 
3.58748E-02 
3.50393E-02 
3.42078E-02 
3.33896E-02 
3.25735E-02 
3.17584E-02 
3.09458E-02 
3.01370E-02 
2.93330E-02 
2.85352E-02 
2.77444E-02 
2.69619E-02 
2.61884E-02 
2.54248E-02 
2.46719E-02 
2.39305E-02 
4.30088E-02 
4.22220E-02 
4.14425E-02 
4.06691E-02 
3.98925E-02 
3.91138E-02 
3.83338E-02 
3.77301E-02 
3.75536E-02 
3.67132E-02 
3.58746E-02 
3.50391E-02 
3.42076E-02 
3.33894E-02 
3.25733E-02 
3.17583E-02 
3.09457E-02 
3.01368E-02 
2.93329E-02 
2.85350E-02 
2.77443E-02 
2.69617E-02 
2.61882E-02 
2.54246E-02 
2.46718E-02 
2.39303E-02 
4.30086E-02 
4.22218E-02 
4.14423E-02 
4.06689E-02 
3.98923E-02 
3.91136E-02 
3.83336E-02 
3.77299E-02 
3.75534E-02 
3.67130E-02 
3.58744E-02 
3.50389E-02 
3.42074E-02 
3.33892E-02 
3.25731E-02 
3.17580E-02 
3.09455E-02 
3.01366E-02 
2.93326E-02 
2.85348E-02 
2.77441E-02 
2.69615E-02 
2.61880E-02 
2.54244E-02 
2.46715E-02 
2.39301E-02 
4.30084E-02 
4.22216E-02 
4.14420E-02 
4.06687E-02 
3.98921E-02 
3.91133E-02 
3.83334E-02 
3.77297E-02 
3.75532E-02 
3.67127E-02 
3.58742E-02 
3.50387E-02 
3.42072E-02 
3.33890E-02 
3.25728E-02 
3.17578E-02 
3.09452E-02 
3.01363E-02 
2.93324E-02 
2.85345E-02 
2.77438E-02 
2.69612E-02 
2.61877E-02 
2.54241E-02 
2.46713E-02 
2.39298E-02 
4.30081E-02 
4.22213E-02 
4.14417E-02 
4.06684E-02 
3.98918E-02 
3.91130E-02 
3.83331E-02 
3.77293E-02 
3.75528E-02 
3.67124E-02 
3.58739E-02 
3.50383E-02 
3.42068E-02 
3.33886E-02 
3.25725E-02 
3.17574E-02 
3.09448E-02 
3.01360E-02 
2.93320E-02 
2.85342E-02 
2.77434E-02 
2.69608E-02 
2.61873E-02 
2.54237E-02 
2.46709E-02 
2.39295E-02 
4.30077E-02 
4.22209E-02 
4.14413E-02 
4.06680E-02 
3.98914E-02 
3.91126E-02 
3.83326E-02 
3.77289E-02 
3.75524E-02 
3.67120E-02 
3.58734E-02 
3.50379E-02 
3.42064E-02 
3.33882E-02 
3.25720E-02 
3.17570E-02 
3.09444E-02 
3.01355E-02 
2.93316E-02 
2.85337E-02 
2.77430E-02 
2.69604E-02 
2.61869E-02 
2.54233E-02 
2.46704E-02 
2.39290E-02 
4.30072E-02 
4.22204E-02 
4.14408E-02 
4.06675E-02 
3.98909E-02 
3.91121E-02 
3.83321E-02 
3.77284E-02 
3.75519E-02 
3.67114E-02 
3.58729E-02 
3.50374E-02 
3.42058E-02 
3.33877E-02 
3.25715E-02 
3.17564E-02 
3.09438E-02 
3.01350E-02 
2.93310E-02 
2.85331E-02 
2.77424E-02 
2.69598E-02 
2.61863E-02 
2.54227E-02 
2.46698E-02 
2.39284E-02 
4.30066E-02 
4.22197E-02 
4.14402E-02 
4.06668E-02 
3.98902E-02 
3.91114E-02 
3.83315E-02 
3.77277E-02 
3.75512E-02 
3.67108E-02 
3.58722E-02 
3.50367E-02 
3.42051E-02 
3.33870E-02 
3.25708E-02 
3.17557E-02 
3.09431E-02 
3.01342E-02 
2.93303E-02 
2.85324E-02 
2.77416E-02 
2.69590E-02 
2.61855E-02 
2.54219E-02 
2.46690E-02 
2.39276E-02 
4.30057E-02 
4.22189E-02 
4.14394E-02 
4.06660E-02 
3.98894E-02 
3.91106E-02 
3.83306E-02 
3.77269E-02 
3.75504E-02 
3.67099E-02 
3.58713E-02 
3.50358E-02 
3.42042E-02 
3.33860E-02 
3.25699E-02 
3.17548E-02 
3.09422E-02 
3.01333E-02 
2.93293E-02 
2.85314E-02 
2.77407E-02 
2.69581E-02 
2.61845E-02 
2.54209E-02 
2.46680E-02 
2.39266E-02 
4.30047E-02 
4.22179E-02 
4.14383E-02 
4.06649E-02 
3.98883E-02 
3.91095E-02 
3.83295E-02 
3.77258E-02 
3.75493E-02 
3.67088E-02 
3.58702E-02 
3.50346E-02 
3.42031E-02 
3.33849E-02 
3.25687E-02 
3.17536E-02 
3.09410E-02 
3.01321E-02 
2.93281E-02 
2.85302E-02 
2.77394E-02 
2.69568E-02 
2.61833E-02 
2.54197E-02 
2.46668E-02 
2.39253E-02 
4.30034E-02 
4.22165E-02 
4.14369E-02 
4.06636E-02 
3.98869E-02 
3.91081E-02 
3.83281E-02 
3.77243E-02 
3.75478E-02 
3.67073E-02 
3.58688E-02 
3.50332E-02 
3.42016E-02 
3.33834E-02 
3.25672E-02 
3.17521E-02 
3.09395E-02 
3.01306E-02 
2.93266E-02 
2.85286E-02 
2.77379E-02 
2.69552E-02 
2.61817E-02 
2.54181E-02 
2.46652E-02 
2.39237E-02 
4.30017E-02 
4.22148E-02 
4.14352E-02 
4.06618E-02 
3.98852E-02 
3.91063E-02 
3.83263E-02 
3.77225E-02 
3.75460E-02 
3.67055E-02 
3.58669E-02 
3.50313E-02 
3.41997E-02 
3.33815E-02 
3.25653E-02 
3.17502E-02 
3.09375E-02 
3.01286E-02 
2.93246E-02 
2.85266E-02 
2.77358E-02 
2.69532E-02 
2.61796E-02 
2.54160E-02 
2.46631E-02 
2.39216E-02 
4.29995E-02 
4.22126E-02 
4.14330E-02 
4.06596E-02 
3.98829E-02 
3.91040E-02 
3.83240E-02 
3.77202E-02 
3.75437E-02 
3.67032E-02 
3.58645E-02 
3.50289E-02 
3.41973E-02 
3.33791E-02 
3.25628E-02 
3.17477E-02 
3.09350E-02 
3.01261E-02 
2.93220E-02 
2.85241E-02 
2.77333E-02 
2.69506E-02 
2.61770E-02 
2.54133E-02 
2.46604E-02 
2.39189E-02 
4.29967E-02 
4.22098E-02 
4.14301E-02 
4.06567E-02 
3.98800E-02 
3.91011E-02 
3.83210E-02 
3.77172E-02 
3.75407E-02 
3.67001E-02 
3.58615E-02 
3.50259E-02 
3.41942E-02 
3.33759E-02 
3.25597E-02 
3.17445E-02 
3.09318E-02 
3.01228E-02 
2.93188E-02 
2.85208E-02 
2.77299E-02 
2.69473E-02 
2.61736E-02 
2.54100E-02 
2.46570E-02 
2.39155E-02 
4.29931E-02 
4.22062E-02 
4.14265E-02 
4.06530E-02 
3.98763E-02 
3.90974E-02 
3.83173E-02 
3.77134E-02 
3.75369E-02 
3.66963E-02 
3.58576E-02 
3.50219E-02 
3.41903E-02 
3.33719E-02 
3.25556E-02 
3.17405E-02 
3.09277E-02 
3.01187E-02 
2.93146E-02 
2.85166E-02 
2.77257E-02 
2.69430E-02 
2.61693E-02 
2.54056E-02 
2.46526E-02 
2.39111E-02 
4.29885E-02 
4.22015E-02 
4.14218E-02 
4.06483E-02 
3.98715E-02 
3.90926E-02 
3.83124E-02 
3.77085E-02 
3.75320E-02 
3.66914E-02 
3.58526E-02 
3.50169E-02 
3.41852E-02 
3.33668E-02 
3.25505E-02 
3.17352E-02 
3.09225E-02 
3.01134E-02 
2.93093E-02 
2.85112E-02 
2.77203E-02 
2.69375E-02 
2.61638E-02 
2.54001E-02 
2.46470E-02 
2.39054E-02 
4.29826E-02 
4.21956E-02 
4.14158E-02 
4.06422E-02 
3.98654E-02 
3.90864E-02 
3.83062E-02 
3.77023E-02 
3.75257E-02 
3.66850E-02 
3.58463E-02 
3.50105E-02 
3.41787E-02 
3.33603E-02 
3.25439E-02 
3.17286E-02 
3.09157E-02 
3.01066E-02 
2.93024E-02 
2.85043E-02 
2.77133E-02 
2.69305E-02 
2.61567E-02 
2.53929E-02 
2.46398E-02 
2.38982E-02 
4.29751E-02 
4.21880E-02 
4.14082E-02 
4.06345E-02 
3.98576E-02 
3.90785E-02 
3.82983E-02 
3.76943E-02 
3.75177E-02 
3.66769E-02 
3.58381E-02 
3.50022E-02 
3.41704E-02 
3.33519E-02 
3.25354E-02 
3.17200E-02 
3.09071E-02 
3.00979E-02 
2.92937E-02 
2.84955E-02 
2.77044E-02 
2.69215E-02 
2.61477E-02 
2.53838E-02 
2.46307E-02 
2.38889E-02 
4.29655E-02 
4.21783E-02 
4.13983E-02 
4.06246E-02 
3.98476E-02 
3.90685E-02 
3.82881E-02 
3.76840E-02 
3.75075E-02 
3.66666E-02 
3.58276E-02 
3.49917E-02 
3.41597E-02 
3.33411E-02 
3.25246E-02 
3.17091E-02 
3.08961E-02 
3.00868E-02 
2.92824E-02 
2.84842E-02 
2.76930E-02 
2.69100E-02 
2.61361E-02 
2.53722E-02 
2.46189E-02 
2.38771E-02 
4.29532E-02 
4.21658E-02 
4.13858E-02 
4.06119E-02 
3.98348E-02 
3.90555E-02 
3.82751E-02 
3.76709E-02 
3.74943E-02 
3.66533E-02 
3.58142E-02 
3.49781E-02 
3.41461E-02 
3.33274E-02 
3.25107E-02 
3.16951E-02 
3.08820E-02 
3.00726E-02 
2.92681E-02 
2.84697E-02 
2.76784E-02 
2.68953E-02 
2.61213E-02 
2.53572E-02 
2.46039E-02 
2.38619E-02 
4.29374E-02 
4.21499E-02 
4.13697E-02 
4.05957E-02 
3.98184E-02 
3.90390E-02 
3.82584E-02 
3.76542E-02 
3.74775E-02 
3.66363E-02 
3.57971E-02 
3.49609E-02 
3.41286E-02 
3.33098E-02 
3.24929E-02 
3.16772E-02 
3.08639E-02 
3.00543E-02 
2.92497E-02 
2.84512E-02 
2.76598E-02 
2.68765E-02 
2.61023E-02 
2.53381E-02 
2.45846E-02 
2.38426E-02 
4.29172E-02 
4.21295E-02 
4.13491E-02 
4.05749E-02 
3.97975E-02 
3.90179E-02 
3.82371E-02 
3.76327E-02 
3.74560E-02 
3.66146E-02 
3.57752E-02 
3.49387E-02 
3.41063E-02 
3.32872E-02 
3.24702E-02 
3.16543E-02 
3.08408E-02 
3.00310E-02 
2.92262E-02 
2.84275E-02 
2.76359E-02 
2.68524E-02 
2.60781E-02 
2.53137E-02 
2.45600E-02 
2.38177E-02 
4.28909E-02 
4.21030E-02 
4.13223E-02 
4.05479E-02 
3.97702E-02 
3.89904E-02 
3.82093E-02 
3.76047E-02 
3.74280E-02 
3.65864E-02 
3.57466E-02 
3.49099E-02 
3.40773E-02 
3.32579E-02 
3.24406E-02 
3.16244E-02 
3.08107E-02 
3.00007E-02 
2.91956E-02 
2.83966E-02 
2.76048E-02 
2.68211E-02 
2.60465E-02 
2.52818E-02 
2.45279E-02 
2.37854E-02 
4.28577E-02 
4.20695E-02 
4.12886E-02 
4.05138E-02 
3.97358E-02 
3.89557E-02 
3.81743E-02 
3.75695E-02 
3.73927E-02 
3.65507E-02 
3.57107E-02 
3.48736E-02 
3.40406E-02 
3.32210E-02 
3.24033E-02 
3.15868E-02 
3.07728E-02 
2.99624E-02 
2.91570E-02 
2.83577E-02 
2.75656E-02 
2.67816E-02 
2.60067E-02 
2.52417E-02 
2.44875E-02 
2.37447E-02 
4.28154E-02 
4.20268E-02 
4.12454E-02 
4.04703E-02 
3.96919E-02 
3.89113E-02 
3.81296E-02 
3.75245E-02 
3.73476E-02 
3.65052E-02 
3.56647E-02 
3.48272E-02 
3.39938E-02 
3.31738E-02 
3.23557E-02 
3.15388E-02 
3.07243E-02 
2.99136E-02 
2.91078E-02 
2.83081E-02 
2.75155E-02 
2.67311E-02 
2.59558E-02 
2.51905E-02 
2.44359E-02 
2.36928E-02 
4.27612E-02 
4.19721E-02 
4.11903E-02 
4.04147E-02 
3.96358E-02 
3.88547E-02 
3.80724E-02 
3.74669E-02 
3.72899E-02 
3.64470E-02 
3.56060E-02 
3.47680E-02 
3.39340E-02 
3.31135E-02 
3.22949E-02 
3.14774E-02 
3.06624E-02 
2.98512E-02 
2.90449E-02 
2.82446E-02 
2.74516E-02 
2.66667E-02 
2.58909E-02 
2.51251E-02 
2.43700E-02 
2.36264E-02 
4.26921E-02 
4.19024E-02 
4.11199E-02 
4.03436E-02 
3.95641E-02 
3.87824E-02 
3.79995E-02 
3.73935E-02 
3.72164E-02 
3.63728E-02 
3.55311E-02 
3.46924E-02 
3.38578E-02 
3.30365E-02 
3.22173E-02 
3.13992E-02 
3.05835E-02 
2.97716E-02 
2.89646E-02 
2.81637E-02 
2.73700E-02 
2.65845E-02 
2.58081E-02 
2.50416E-02 
2.42859E-02 
2.35417E-02 
4.26038E-02 
4.18133E-02 
4.10300E-02 
4.02529E-02 
3.94726E-02 
3.86901E-02 
3.79064E-02 
3.72997E-02 
3.71224E-02 
3.62779E-02 
3.54354E-02 
3.45958E-02 
3.37603E-02 
3.29382E-02 
3.21181E-02 
3.12992E-02 
3.04827E-02 
2.96699E-02 
2.88621E-02 
2.80604E-02 
2.72659E-02 
2.64795E-02 
2.57023E-02 
2.49351E-02 
2.41786E-02 
2.34336E-02 
4.24913E-02 
4.16997E-02 
4.09153E-02 
4.01373E-02 
3.93559E-02 
3.85724E-02 
3.77877E-02 
3.71802E-02 
3.70027E-02 
3.61571E-02 
3.53134E-02 
3.44728E-02 
3.36362E-02 
3.28130E-02 
3.19919E-02 
3.11718E-02 
3.03543E-02 
2.95404E-02 
2.87316E-02 
2.79288E-02 
2.71333E-02 
2.63459E-02 
2.55676E-02 
2.47994E-02 
2.40419E-02 
2.32960E-02 
4.23480E-02 
4.15551E-02 
4.07695E-02 
3.99901E-02 
3.92075E-02 
3.84227E-02 
3.76366E-02 
3.70282E-02 
3.68503E-02 
3.60034E-02 
3.51583E-02 
3.43163E-02 
3.34783E-02 
3.26538E-02 
3.18313E-02 
3.10099E-02 
3.01910E-02 
2.93758E-02 
2.85656E-02 
2.77615E-02 
2.69647E-02 
2.61760E-02 
2.53965E-02 
2.46270E-02 
2.38682E-02 
2.31211E-02 
4.21660E-02 
4.13714E-02 
4.05842E-02 
3.98032E-02 
3.90190E-02 
3.82326E-02 
3.74449E-02 
3.68352E-02 
3.66570E-02 
3.58083E-02 
3.49615E-02 
3.41177E-02 
3.32780E-02 
3.24518E-02 
3.16275E-02 
3.08045E-02 
2.99839E-02 
2.91670E-02 
2.83552E-02 
2.75494E-02 
2.67509E-02 
2.59606E-02 
2.51795E-02 
2.44084E-02 
2.36481E-02 
2.28993E-02 
4.19351E-02 
4.11385E-02 
4.03493E-02 
3.95663E-02 
3.87800E-02 
3.79916E-02 
3.72019E-02 
3.65906E-02 
3.64119E-02 
3.55610E-02 
3.47120E-02 
3.38661E-02 
3.30242E-02 
3.21958E-02 
3.13695E-02 
3.05443E-02 
2.97216E-02 
2.89026E-02 
2.80887E-02 
2.72809E-02 
2.64803E-02 
2.56879E-02 
2.49048E-02 
2.41317E-02 
2.33695E-02 
2.26188E-02 
4.16432E-02 
4.08440E-02 
4.00523E-02 
3.92668E-02 
3.84780E-02 
3.76870E-02 
3.68948E-02 
3.62816E-02 
3.61023E-02 
3.52487E-02 
3.43970E-02 
3.35483E-02 
3.27038E-02 
3.18728E-02 
3.10438E-02 
3.02160E-02 
2.93906E-02 
2.85690E-02 
2.77525E-02 
2.69421E-02 
2.61389E-02 
2.53441E-02 
2.45584E-02 
2.37828E-02 
2.30182E-02 
2.22651E-02 
4.12752E-02 
4.04729E-02 
3.96781E-02 
3.88895E-02 
3.80976E-02 
3.73035E-02 
3.65082E-02 
3.58925E-02 
3.57126E-02 
3.48556E-02 
3.40005E-02 
3.31485E-02 
3.23007E-02 
3.14664E-02 
3.06341E-02 
2.98030E-02 
2.89745E-02 
2.81496E-02 
2.73299E-02 
2.65163E-02 
2.57100E-02 
2.49120E-02 
2.41232E-02 
2.33446E-02 
2.25769E-02 
2.18209E-02 
4.08133E-02 
4.00072E-02 
3.92085E-02 
3.84161E-02 
3.76204E-02 
3.68225E-02 
3.60234E-02 
3.54048E-02 
3.52240E-02 
3.43629E-02 
3.35038E-02 
3.26477E-02 
3.17957E-02 
3.09574E-02 
3.01212E-02 
2.92861E-02 
2.84536E-02 
2.76248E-02 
2.68011E-02 
2.59836E-02 
2.51735E-02 
2.43716E-02 
2.35791E-02 
2.27968E-02 
2.20254E-02 
2.12658E-02 
4.02363E-02 
3.94255E-02 
3.86222E-02 
3.78253E-02 
3.70250E-02 
3.62225E-02 
3.54187E-02 
3.47966E-02 
3.46147E-02 
3.37487E-02 
3.28846E-02 
3.20235E-02 
3.11667E-02 
3.03235E-02 
2.94825E-02 
2.86426E-02 
2.78052E-02 
2.69717E-02 
2.61432E-02 
2.53210E-02 
2.45062E-02 
2.36997E-02 
2.29026E-02 
2.21157E-02 
2.13399E-02 
2.05759E-02 
3.95197E-02 
3.87034E-02 
3.78945E-02 
3.70921E-02 
3.62864E-02 
3.54783E-02 
3.46691E-02 
3.40427E-02 
3.38595E-02 
3.29875E-02 
3.21175E-02 
3.12505E-02 
3.03878E-02 
2.95389E-02 
2.86920E-02 
2.78464E-02 
2.70032E-02 
2.61640E-02 
2.53298E-02 
2.45020E-02 
2.36815E-02 
2.28695E-02 
2.20670E-02 
2.12747E-02 
2.04935E-02 
1.97243E-02 
3.86359E-02 
3.78130E-02 
3.69976E-02 
3.61887E-02 
3.53765E-02 
3.45620E-02 
3.37462E-02 
3.31147E-02 
3.29301E-02 
3.20511E-02 
3.11740E-02 
3.03001E-02 
2.94304E-02 
2.85747E-02 
2.77210E-02 
2.68686E-02 
2.60187E-02 
2.51726E-02 
2.43318E-02 
2.34973E-02 
2.26702E-02 
2.18517E-02 
2.10426E-02 
2.02440E-02 
1.94566E-02 
1.86811E-02 
3.75526E-02 
3.67220E-02 
3.58991E-02 
3.50827E-02 
3.42629E-02 
3.34408E-02 
3.26175E-02 
3.19802E-02 
3.17938E-02 
3.09066E-02 
3.00214E-02 
2.91394E-02 
2.82616E-02 
2.73979E-02 
2.65364E-02 
2.56760E-02 
2.48182E-02 
2.39643E-02 
2.31156E-02 
2.22733E-02 
2.14386E-02 
2.06125E-02 
1.97959E-02 
1.89899E-02 
1.81951E-02 
1.74124E-02 
3.62428E-02 
3.54035E-02 
3.45720E-02 
3.37470E-02 
3.29186E-02 
3.20879E-02 
3.12559E-02 
3.06119E-02 
3.04236E-02 
2.95271E-02 
2.86326E-02 
2.77414E-02 
2.68544E-02 
2.59816E-02 
2.51110E-02 
2.42416E-02 
2.33748E-02 
2.25120E-02 
2.16544E-02 
2.08033E-02 
1.99598E-02 
1.91250E-02 
1.82999E-02 
1.74854E-02 
1.66823E-02 
1.58914E-02 
3.46678E-02 
3.38187E-02 
3.29774E-02 
3.21429E-02 
3.13048E-02 
3.04644E-02 
2.96227E-02 
2.89712E-02 
2.87807E-02 
2.78738E-02 
2.69689E-02 
2.60672E-02 
2.51699E-02 
2.42869E-02 
2.34062E-02 
2.25266E-02 
2.16497E-02 
2.07768E-02 
1.99092E-02 
1.90482E-02 
1.81949E-02 
1.73503E-02 
1.65156E-02 
1.56916E-02 
1.48791E-02 
1.40790E-02 
3.27954E-02 
3.19356E-02 
3.10836E-02 
3.02385E-02 
2.93898E-02 
2.85387E-02 
2.76863E-02 
2.70265E-02 
2.68336E-02 
2.59151E-02 
2.49987E-02 
2.40856E-02 
2.31769E-02 
2.22827E-02 
2.13908E-02 
2.05001E-02 
1.96120E-02 
1.87280E-02 
1.78494E-02 
1.69775E-02 
1.61133E-02 
1.52580E-02 
1.44127E-02 
1.35782E-02 
1.27555E-02 
1.19452E-02 
3.05936E-02 
2.97221E-02 
2.88586E-02 
2.80020E-02 
2.71418E-02 
2.62792E-02 
2.54152E-02 
2.47465E-02 
2.45510E-02 
2.36200E-02 
2.26912E-02 
2.17657E-02 
2.08447E-02 
1.99384E-02 
1.90343E-02 
1.81315E-02 
1.72314E-02 
1.63355E-02 
1.54449E-02 
1.45612E-02 
1.36853E-02 
1.28184E-02 
1.19616E-02 
1.11158E-02 
1.02819E-02 
9.46064E-03 
2.80332E-02 
2.71493E-02 
2.62736E-02 
2.54048E-02 
2.45324E-02 
2.36576E-02 
2.27813E-02 
2.21031E-02 
2.19049E-02 
2.09607E-02 
2.00187E-02 
1.90801E-02 
1.81460E-02 
1.72269E-02 
1.63100E-02 
1.53944E-02 
1.44815E-02 
1.35729E-02 
1.26697E-02 
1.17734E-02 
1.08851E-02 
1.00060E-02 
9.13701E-03 
8.27922E-03 
7.43346E-03 
6.60056E-03 
2.50901E-02 
2.41934E-02 
2.33050E-02 
2.24236E-02 
2.15385E-02 
2.06510E-02 
1.97620E-02 
1.90740E-02 
1.88728E-02 
1.79150E-02 
1.69593E-02 
1.60070E-02 
1.50594E-02 
1.41269E-02 
1.31967E-02 
1.22678E-02 
1.13417E-02 
1.04198E-02 
9.50356E-03 
8.59422E-03 
7.69302E-03 
6.80111E-03 
5.91954E-03 
5.04929E-03 
4.19126E-03 
3.34625E-03 
2.17480E-02 
2.08382E-02 
1.99369E-02 
1.90427E-02 
1.81447E-02 
1.72442E-02 
1.63423E-02 
1.56443E-02 
1.54402E-02 
1.44684E-02 
1.34988E-02 
1.25327E-02 
1.15712E-02 
1.06252E-02 
9.68146E-03 
8.73903E-03 
7.79944E-03 
6.86415E-03 
5.93455E-03 
5.01198E-03 
4.09767E-03 
3.19277E-03 
2.29837E-03 
1.41545E-03 
5.44931E-04 
-3.12371E-04 
1.79976E-02 
1.70749E-02 
1.61606E-02 
1.52537E-02 
1.43429E-02 
1.34296E-02 
1.25148E-02 
1.18068E-02 
1.15998E-02 
1.06141E-02 
9.63071E-03 
8.65080E-03 
7.67562E-03 
6.71607E-03 
5.75888E-03 
4.80301E-03 
3.85001E-03 
2.90137E-03 
1.95851E-03 
1.02277E-03 
9.54048E-05 
-8.22402E-04 
-1.72957E-03 
-2.62509E-03 
-3.50803E-03 
-4.37757E-03 
1.38615E-02 
1.29262E-02 
1.19995E-02 
1.10802E-02 
1.01571E-02 
9.23132E-03 
8.30413E-03 
7.58646E-03 
7.37666E-03 
6.37758E-03 
5.38079E-03 
4.38755E-03 
3.39910E-03 
2.42650E-03 
1.45629E-03 
4.87417E-04 
-4.78547E-04 
-1.44009E-03 
-2.39578E-03 
-3.34424E-03 
-4.28422E-03 
-5.21451E-03 
-6.13402E-03 
-7.04172E-03 
-7.93667E-03 
-8.81804E-03 
9.29733E-03 
8.35006E-03 
7.41152E-03 
6.48045E-03 
5.54547E-03 
4.60788E-03 
3.66882E-03 
2.94197E-03 
2.72949E-03 
1.71762E-03 
7.08072E-04 
-2.97877E-04 
-1.29897E-03 
-2.28402E-03 
-3.26664E-03 
-4.24791E-03 
-5.22623E-03 
-6.20008E-03 
-7.16800E-03 
-8.12860E-03 
-9.08060E-03 
-1.00228E-02 
-1.09541E-02 
-1.18734E-02 
-1.27798E-02 
-1.36724E-02 
4.36233E-03 
3.40409E-03 
2.45469E-03 
1.51283E-03 
5.67021E-04 
-3.81433E-04 
-1.33136E-03 
-2.06663E-03 
-2.28158E-03 
-3.30517E-03 
-4.32641E-03 
-5.34401E-03 
-6.35670E-03 
-7.35315E-03 
-8.34715E-03 
-9.33979E-03 
-1.03294E-02 
-1.13146E-02 
-1.22937E-02 
-1.32654E-02 
-1.42285E-02 
-1.51816E-02 
-1.61236E-02 
-1.70536E-02 
-1.79705E-02 
-1.88735E-02 
-9.31367E-04 
-1.89933E-03 
-2.85838E-03 
-3.80979E-03 
-4.76520E-03 
-5.72328E-03 
-6.68285E-03 
-7.42559E-03 
-7.64272E-03 
-8.67670E-03 
-9.70830E-03 
-1.07362E-02 
-1.17592E-02 
-1.27658E-02 
-1.37699E-02 
-1.47726E-02 
-1.57723E-02 
-1.67674E-02 
-1.77565E-02 
-1.87381E-02 
-1.97109E-02 
-2.06736E-02 
-2.16253E-02 
-2.25647E-02 
-2.34909E-02 
-2.44030E-02 
-6.55199E-03 
-7.52817E-03 
-8.49534E-03 
-9.45483E-03 
-1.04183E-02 
-1.13846E-02 
-1.23523E-02 
-1.31013E-02 
-1.33203E-02 
-1.43630E-02 
-1.54034E-02 
-1.64400E-02 
-1.74717E-02 
-1.84868E-02 
-1.94994E-02 
-2.05106E-02 
-2.15188E-02 
-2.25224E-02 
-2.35198E-02 
-2.45097E-02 
-2.54908E-02 
-2.64617E-02 
-2.74214E-02 
-2.83688E-02 
-2.93029E-02 
-3.02228E-02 
-1.24602E-02 
-1.34428E-02 
-1.44164E-02 
-1.53822E-02 
-1.63520E-02 
-1.73246E-02 
-1.82987E-02 
-1.90527E-02 
-1.92731E-02 
-2.03227E-02 
-2.13700E-02 
-2.24134E-02 
-2.34519E-02 
-2.44737E-02 
-2.54930E-02 
-2.65109E-02 
-2.75257E-02 
-2.85359E-02 
-2.95399E-02 
-3.05364E-02 
-3.15239E-02 
-3.25013E-02 
-3.34673E-02 
-3.44209E-02 
-3.53611E-02 
-3.62871E-02 
-1.86088E-02 
-1.95958E-02 
-2.05738E-02 
-2.15439E-02 
-2.25182E-02 
-2.34951E-02 
-2.44736E-02 
-2.52310E-02 
-2.54524E-02 
-2.65067E-02 
-2.75587E-02 
-2.86069E-02 
-2.96500E-02 
-3.06764E-02 
-3.17003E-02 
-3.27228E-02 
-3.37422E-02 
-3.47569E-02 
-3.57655E-02 
-3.67664E-02 
-3.77584E-02 
-3.87401E-02 
-3.97105E-02 
-4.06684E-02 
-4.16129E-02 
-4.25430E-02 
-2.48811E-02 
-2.58704E-02 
-2.68505E-02 
-2.78228E-02 
-2.87992E-02 
-2.97783E-02 
-3.07589E-02 
-3.15180E-02 
-3.17399E-02 
-3.27965E-02 
-3.38508E-02 
-3.49013E-02 
-3.59467E-02 
-3.69754E-02 
-3.80015E-02 
-3.90263E-02 
-4.00479E-02 
-4.10649E-02 
-4.20757E-02 
-4.30788E-02 
-4.40730E-02 
-4.50569E-02 
-4.60294E-02 
-4.69894E-02 
-4.79360E-02 
-4.88682E-02 
-3.13381E-02 
-3.23271E-02 
-3.33069E-02 
-3.42790E-02 
-3.52551E-02 
-3.62340E-02 
-3.72144E-02 
-3.79733E-02 
-3.81951E-02 
-3.92515E-02 
-4.03055E-02 
-4.13558E-02 
-4.24010E-02 
-4.34294E-02 
-4.44553E-02 
-4.54797E-02 
-4.65011E-02 
-4.75179E-02 
-4.85284E-02 
-4.95313E-02 
-5.05252E-02 
-5.15089E-02 
-5.24812E-02 
-5.34410E-02 
-5.43873E-02 
-5.53192E-02 
-3.78215E-02 
-3.88076E-02 
-3.97847E-02 
-4.07539E-02 
-4.17272E-02 
-4.27033E-02 
-4.36808E-02 
-4.44375E-02 
-4.46587E-02 
-4.57120E-02 
-4.67630E-02 
-4.78102E-02 
-4.88523E-02 
-4.98777E-02 
-5.09006E-02 
-5.19222E-02 
-5.29406E-02 
-5.39544E-02 
-5.49620E-02 
-5.59620E-02 
-5.69530E-02 
-5.79338E-02 
-5.89033E-02 
-5.98603E-02 
-6.08039E-02 
-6.17331E-02 
-4.42805E-02 
-4.52610E-02 
-4.62324E-02 
-4.71961E-02 
-4.81638E-02 
-4.91342E-02 
-5.01062E-02 
-5.08585E-02 
-5.10784E-02 
-5.21257E-02 
-5.31706E-02 
-5.42118E-02 
-5.52479E-02 
-5.62675E-02 
-5.72845E-02 
-5.83002E-02 
-5.93127E-02 
-6.03207E-02 
-6.13225E-02 
-6.23167E-02 
-6.33021E-02 
-6.42773E-02 
-6.52412E-02 
-6.61927E-02 
-6.71308E-02 
-6.80547E-02 
-5.06305E-02 
-5.16024E-02 
-5.25652E-02 
-5.35205E-02 
-5.44797E-02 
-5.54416E-02 
-5.64050E-02 
-5.71507E-02 
-5.73687E-02 
-5.84068E-02 
-5.94425E-02 
-6.04746E-02 
-6.15016E-02 
-6.25122E-02 
-6.35203E-02 
-6.45270E-02 
-6.55307E-02 
-6.65298E-02 
-6.75229E-02 
-6.85084E-02 
-6.94851E-02 
-7.04517E-02 
-7.14071E-02 
-7.23503E-02 
-7.32802E-02 
-7.41960E-02 
-5.68032E-02 
-5.77633E-02 
-5.87146E-02 
-5.96583E-02 
-6.06059E-02 
-6.15562E-02 
-6.25080E-02 
-6.32447E-02 
-6.34601E-02 
-6.44857E-02 
-6.55089E-02 
-6.65285E-02 
-6.75432E-02 
-6.85416E-02 
-6.95375E-02 
-7.05321E-02 
-7.15237E-02 
-7.25108E-02 
-7.34918E-02 
-7.44654E-02 
-7.54304E-02 
-7.63853E-02 
-7.73292E-02 
-7.82610E-02 
-7.91797E-02 
-8.00845E-02 
-6.27028E-02 
-6.36480E-02 
-6.45845E-02 
-6.55135E-02 
-6.64464E-02 
-6.73819E-02 
-6.83188E-02 
-6.90441E-02 
-6.92561E-02 
-7.02657E-02 
-7.12730E-02 
-7.22767E-02 
-7.32756E-02 
-7.42585E-02 
-7.52389E-02 
-7.62180E-02 
-7.71941E-02 
-7.81658E-02 
-7.91316E-02 
-8.00901E-02 
-8.10399E-02 
-8.19800E-02 
-8.29093E-02 
-8.38265E-02 
-8.47309E-02 
-8.56216E-02 
-6.82381E-02 
-6.91649E-02 
-7.00832E-02 
-7.09943E-02 
-7.19091E-02 
-7.28265E-02 
-7.37453E-02 
-7.44565E-02 
-7.46644E-02 
-7.56545E-02 
-7.66422E-02 
-7.76265E-02 
-7.86060E-02 
-7.95699E-02 
-8.05313E-02 
-8.14914E-02 
-8.24487E-02 
-8.34015E-02 
-8.43486E-02 
-8.52885E-02 
-8.62200E-02 
-8.71419E-02 
-8.80531E-02 
-8.89526E-02 
-8.98395E-02 
-9.07129E-02 
-7.33171E-02 
-7.42222E-02 
-7.51189E-02 
-7.60085E-02 
-7.69018E-02 
-7.77976E-02 
-7.86949E-02 
-7.93893E-02 
-7.95923E-02 
-8.05591E-02 
-8.15237E-02 
-8.24848E-02 
-8.34413E-02 
-8.43825E-02 
-8.53213E-02 
-8.62589E-02 
-8.71936E-02 
-8.81240E-02 
-8.90488E-02 
-8.99666E-02 
-9.08762E-02 
-9.17764E-02 
-9.26662E-02 
-9.35446E-02 
-9.44106E-02 
-9.52635E-02 
-7.78334E-02 
-7.87131E-02 
-7.95847E-02 
-8.04494E-02 
-8.13177E-02 
-8.21885E-02 
-8.30605E-02 
-8.37356E-02 
-8.39329E-02 
-8.48726E-02 
-8.58102E-02 
-8.67444E-02 
-8.76741E-02 
-8.85889E-02 
-8.95015E-02 
-9.04128E-02 
-9.13213E-02 
-9.22257E-02 
-9.31246E-02 
-9.40167E-02 
-9.49009E-02 
-9.57759E-02 
-9.66407E-02 
-9.74945E-02 
-9.83363E-02 
-9.91653E-02 
-8.16979E-02 
-8.25485E-02 
-8.33913E-02 
-8.42274E-02 
-8.50671E-02 
-8.59090E-02 
-8.67523E-02 
-8.74050E-02 
-8.75958E-02 
-8.85045E-02 
-8.94111E-02 
-9.03144E-02 
-9.12134E-02 
-9.20980E-02 
-9.29804E-02 
-9.38616E-02 
-9.47402E-02 
-9.56147E-02 
-9.64839E-02 
-9.73465E-02 
-9.82014E-02 
-9.90475E-02 
-9.98838E-02 
-1.00709E-01 
-1.01523E-01 
-1.02325E-01 
-8.47731E-02 
-8.55912E-02 
-8.64018E-02 
-8.72060E-02 
-8.80135E-02 
-8.88232E-02 
-8.96343E-02 
-9.02620E-02 
-9.04455E-02 
-9.13195E-02 
-9.21914E-02 
-9.30602E-02 
-9.39248E-02 
-9.47755E-02 
-9.56242E-02 
-9.64717E-02 
-9.73166E-02 
-9.81577E-02 
-9.89937E-02 
-9.98233E-02 
-1.00646E-01 
-1.01459E-01 
-1.02264E-01 
-1.03058E-01 
-1.03840E-01 
-1.04611E-01 
-8.70061E-02 
-8.77876E-02 
-8.85619E-02 
-8.93300E-02 
-9.01014E-02 
-9.08749E-02 
-9.16496E-02 
-9.22492E-02 
-9.24245E-02 
-9.32593E-02 
-9.40922E-02 
-9.49221E-02 
-9.57480E-02 
-9.65606E-02 
-9.73713E-02 
-9.81808E-02 
-9.89880E-02 
-9.97914E-02 
-1.00590E-01 
-1.01382E-01 
-1.02168E-01 
-1.02945E-01 
-1.03713E-01 
-1.04472E-01 
-1.05220E-01 
-1.05956E-01 
-8.82574E-02 
-8.89984E-02 
-8.97325E-02 
-9.04608E-02 
-9.11922E-02 
-9.19256E-02 
-9.26601E-02 
-9.32287E-02 
-9.33949E-02 
-9.41864E-02 
-9.49761E-02 
-9.57629E-02 
-9.65460E-02 
-9.73165E-02 
-9.80852E-02 
-9.88527E-02 
-9.96180E-02 
-1.00380E-01 
-1.01137E-01 
-1.01888E-01 
-1.02633E-01 
-1.03370E-01 
-1.04098E-01 
-1.04817E-01 
-1.05526E-01 
-1.06225E-01 
-8.84178E-02 
-8.91143E-02 
-8.98043E-02 
-9.04889E-02 
-9.11764E-02 
-9.18657E-02 
-9.25562E-02 
-9.30906E-02 
-9.32468E-02 
-9.39908E-02 
-9.47331E-02 
-9.54727E-02 
-9.62088E-02 
-9.69331E-02 
-9.76555E-02 
-9.83770E-02 
-9.90963E-02 
-9.98124E-02 
-1.00524E-01 
-1.01230E-01 
-1.01930E-01 
-1.02623E-01 
-1.03308E-01 
-1.03984E-01 
-1.04650E-01 
-1.05306E-01 
-8.73753E-02 
-8.80232E-02 
-8.86652E-02 
-8.93021E-02 
-8.99417E-02 
-9.05831E-02 
-9.12254E-02 
-9.17226E-02 
-9.18680E-02 
-9.25601E-02 
-9.32507E-02 
-9.39388E-02 
-9.46236E-02 
-9.52974E-02 
-9.59696E-02 
-9.66408E-02 
-9.73100E-02 
-9.79762E-02 
-9.86383E-02 
-9.92954E-02 
-9.99466E-02 
-1.00591E-01 
-1.01228E-01 
-1.01857E-01 
-1.02477E-01 
-1.03088E-01 
-8.50158E-02 
-8.56112E-02 
-8.62011E-02 
-8.67863E-02 
-8.73740E-02 
-8.79633E-02 
-8.85535E-02 
-8.90103E-02 
-8.91439E-02 
-8.97799E-02 
-9.04144E-02 
-9.10466E-02 
-9.16759E-02 
-9.22950E-02 
-9.29126E-02 
-9.35293E-02 
-9.41442E-02 
-9.47563E-02 
-9.53647E-02 
-9.59684E-02 
-9.65668E-02 
-9.71590E-02 
-9.77443E-02 
-9.83221E-02 
-9.88918E-02 
-9.94529E-02 
-8.12231E-02 
-8.17617E-02 
-8.22954E-02 
-8.28248E-02 
-8.33565E-02 
-8.38896E-02 
-8.44236E-02 
-8.48369E-02 
-8.49577E-02 
-8.55331E-02 
-8.61071E-02 
-8.66791E-02 
-8.72483E-02 
-8.78085E-02 
-8.83672E-02 
-8.89252E-02 
-8.94815E-02 
-9.00352E-02 
-9.05856E-02 
-9.11318E-02 
-9.16731E-02 
-9.22089E-02 
-9.27384E-02 
-9.32612E-02 
-9.37766E-02 
-9.42842E-02 
-7.58795E-02 
-7.63572E-02 
-7.68305E-02 
-7.73000E-02 
-7.77715E-02 
-7.82443E-02 
-7.87179E-02 
-7.90844E-02 
-7.91916E-02 
-7.97018E-02 
-8.02110E-02 
-8.07182E-02 
-8.12231E-02 
-8.17198E-02 
-8.22154E-02 
-8.27102E-02 
-8.32036E-02 
-8.36947E-02 
-8.41828E-02 
-8.46672E-02 
-8.51473E-02 
-8.56224E-02 
-8.60921E-02 
-8.65557E-02 
-8.70128E-02 
-8.74629E-02 
-6.88650E-02 
-6.92775E-02 
-6.96862E-02 
-7.00917E-02 
-7.04989E-02 
-7.09072E-02 
-7.13161E-02 
-7.16326E-02 
-7.17252E-02 
-7.21658E-02 
-7.26054E-02 
-7.30435E-02 
-7.34795E-02 
-7.39084E-02 
-7.43363E-02 
-7.47637E-02 
-7.51897E-02 
-7.56138E-02 
-7.60353E-02 
-7.64536E-02 
-7.68682E-02 
-7.72785E-02 
-7.76840E-02 
-7.80844E-02 
-7.84791E-02 
-7.88678E-02 
-6.00390E-02 
-6.03819E-02 
-6.07216E-02 
-6.10587E-02 
-6.13971E-02 
-6.17365E-02 
-6.20764E-02 
-6.23395E-02 
-6.24164E-02 
-6.27827E-02 
-6.31482E-02 
-6.35123E-02 
-6.38747E-02 
-6.42312E-02 
-6.45869E-02 
-6.49421E-02 
-6.52962E-02 
-6.56488E-02 
-6.59991E-02 
-6.63468E-02 
-6.66914E-02 
-6.70325E-02 
-6.73696E-02 
-6.77024E-02 
-6.80305E-02 
-6.83536E-02 
-4.93719E-02 
-4.96414E-02 
-4.99083E-02 
-5.01732E-02 
-5.04391E-02 
-5.07058E-02 
-5.09729E-02 
-5.11796E-02 
-5.12401E-02 
-5.15279E-02 
-5.18151E-02 
-5.21012E-02 
-5.23859E-02 
-5.26661E-02 
-5.29456E-02 
-5.32247E-02 
-5.35030E-02 
-5.37800E-02 
-5.40553E-02 
-5.43286E-02 
-5.45994E-02 
-5.48674E-02 
-5.51322E-02 
-5.53937E-02 
-5.56515E-02 
-5.59055E-02 
-3.66025E-02 
-3.67937E-02 
-3.69831E-02 
-3.71710E-02 
-3.73597E-02 
-3.75489E-02 
-3.77384E-02 
-3.78851E-02 
-3.79280E-02 
-3.81322E-02 
-3.83359E-02 
-3.85389E-02 
-3.87409E-02 
-3.89397E-02 
-3.91380E-02 
-3.93361E-02 
-3.95335E-02 
-3.97300E-02 
-3.99254E-02 
-4.01192E-02 
-4.03113E-02 
-4.05015E-02 
-4.06894E-02 
-4.08749E-02 
-4.10579E-02 
-4.12380E-02 
-2.16752E-02 
-2.17837E-02 
-2.18912E-02 
-2.19979E-02 
-2.21050E-02 
-2.22124E-02 
-2.23200E-02 
-2.24033E-02 
-2.24276E-02 
-2.25435E-02 
-2.26592E-02 
-2.27744E-02 
-2.28891E-02 
-2.30020E-02 
-2.31146E-02 
-2.32270E-02 
-2.33390E-02 
-2.34506E-02 
-2.35615E-02 
-2.36715E-02 
-2.37806E-02 
-2.38885E-02 
-2.39952E-02 
-2.41006E-02 
-2.42044E-02 
-2.43067E-02 
-4.46197E-03 
-4.48342E-03 
-4.50467E-03 
-4.52575E-03 
-4.54692E-03 
-4.56815E-03 
-4.58942E-03 
-4.60587E-03 
-4.61068E-03 
-4.63360E-03 
-4.65645E-03 
-4.67923E-03 
-4.70190E-03 
-4.72420E-03 
-4.74645E-03 
-4.76867E-03 
-4.79082E-03 
-4.81287E-03 
-4.83479E-03 
-4.85654E-03 
-4.87810E-03 
-4.89943E-03 
-4.92052E-03 
-4.94133E-03 
-4.96185E-03 
-4.98207E-03 
1.51621E-02 
1.52322E-02 
1.53016E-02 
1.53705E-02 
1.54397E-02 
1.55090E-02 
1.55785E-02 
1.56323E-02 
1.56480E-02 
1.57228E-02 
1.57975E-02 
1.58719E-02 
1.59460E-02 
1.60189E-02 
1.60916E-02 
1.61642E-02 
1.62365E-02 
1.63086E-02 
1.63802E-02 
1.64513E-02 
1.65217E-02 
1.65914E-02 
1.66603E-02 
1.67283E-02 
1.67953E-02 
1.68614E-02 
3.73284E-02 
3.74945E-02 
3.76591E-02 
3.78224E-02 
3.79863E-02 
3.81507E-02 
3.83154E-02 
3.84429E-02 
3.84801E-02 
3.86576E-02 
3.88346E-02 
3.90110E-02 
3.91866E-02 
3.93593E-02 
3.95316E-02 
3.97037E-02 
3.98752E-02 
4.00460E-02 
4.02157E-02 
4.03842E-02 
4.05511E-02 
4.07164E-02 
4.08797E-02 
4.10409E-02 
4.11998E-02 
4.13564E-02 
6.21543E-02 
6.24209E-02 
6.26851E-02 
6.29472E-02 
6.32103E-02 
6.34743E-02 
6.37386E-02 
6.39432E-02 
6.40030E-02 
6.42878E-02 
6.45720E-02 
6.48551E-02 
6.51369E-02 
6.54142E-02 
6.56908E-02 
6.59670E-02 
6.62423E-02 
6.65165E-02 
6.67889E-02 
6.70593E-02 
6.73273E-02 
6.75925E-02 
6.78546E-02 
6.81134E-02 
6.83685E-02 
6.86198E-02 
8.98570E-02 
9.02291E-02 
9.05976E-02 
9.09633E-02 
9.13305E-02 
9.16987E-02 
9.20675E-02 
9.23529E-02 
9.24364E-02 
9.28337E-02 
9.32302E-02 
9.36253E-02 
9.40184E-02 
9.44053E-02 
9.47911E-02 
9.51765E-02 
9.55607E-02 
9.59432E-02 
9.63233E-02 
9.67005E-02 
9.70744E-02 
9.74444E-02 
9.78101E-02 
9.81712E-02 
9.85271E-02 
9.88777E-02 
1.20391E-01 
1.20872E-01 
1.21350E-01 
1.21823E-01 
1.22298E-01 
1.22775E-01 
1.23252E-01 
1.23622E-01 
1.23730E-01 
1.24244E-01 
1.24758E-01 
1.25269E-01 
1.25778E-01 
1.26279E-01 
1.26778E-01 
1.27277E-01 
1.27775E-01 
1.28270E-01 
1.28762E-01 
1.29250E-01 
1.29734E-01 
1.30213E-01 
1.30687E-01 
1.31154E-01 
1.31615E-01 
1.32069E-01 
1.54000E-01 
1.54596E-01 
1.55186E-01 
1.55772E-01 
1.56360E-01 
1.56950E-01 
1.57540E-01 
1.57998E-01 
1.58131E-01 
1.58768E-01 
1.59403E-01 
1.60036E-01 
1.60665E-01 
1.61285E-01 
1.61903E-01 
1.62520E-01 
1.63136E-01 
1.63748E-01 
1.64357E-01 
1.64961E-01 
1.65560E-01 
1.66153E-01 
1.66739E-01 
1.67317E-01 
1.67887E-01 
1.68449E-01 
1.90808E-01 
1.91523E-01 
1.92231E-01 
1.92934E-01 
1.93639E-01 
1.94347E-01 
1.95055E-01 
1.95604E-01 
1.95764E-01 
1.96527E-01 
1.97289E-01 
1.98048E-01 
1.98804E-01 
1.99547E-01 
2.00288E-01 
2.01029E-01 
2.01767E-01 
2.02502E-01 
2.03232E-01 
2.03957E-01 
2.04676E-01 
2.05387E-01 
2.06089E-01 
2.06783E-01 
2.07467E-01 
2.08140E-01 
2.30948E-01 
2.31787E-01 
2.32617E-01 
2.33441E-01 
2.34269E-01 
2.35099E-01 
2.35930E-01 
2.36573E-01 
2.36761E-01 
2.37657E-01 
2.38550E-01 
2.39441E-01 
2.40327E-01 
2.41198E-01 
2.42068E-01 
2.42937E-01 
2.43803E-01 
2.44664E-01 
2.45521E-01 
2.46371E-01 
2.47214E-01 
2.48048E-01 
2.48872E-01 
2.49686E-01 
2.50488E-01 
2.51278E-01 
2.74547E-01 
2.75514E-01 
2.76472E-01 
2.77422E-01 
2.78376E-01 
2.79333E-01 
2.80291E-01 
2.81033E-01 
2.81250E-01 
2.82283E-01 
2.83313E-01 
2.84339E-01 
2.85361E-01 
2.86366E-01 
2.87369E-01 
2.88370E-01 
2.89369E-01 
2.90363E-01 
2.91350E-01 
2.92331E-01 
2.93302E-01 
2.94264E-01 
2.95214E-01 
2.96152E-01 
2.97077E-01 
2.97988E-01 
3.21739E-01 
3.22839E-01 
3.23928E-01 
3.25009E-01 
3.26094E-01 
3.27183E-01 
3.28273E-01 
3.29117E-01 
3.29363E-01 
3.30538E-01 
3.31710E-01 
3.32878E-01 
3.34040E-01 
3.35184E-01 
3.36324E-01 
3.37463E-01 
3.38599E-01 
3.39730E-01 
3.40853E-01 
3.41969E-01 
3.43074E-01 
3.44168E-01 
3.45249E-01 
3.46316E-01 
3.47368E-01 
3.48404E-01 
3.72669E-01 
3.73907E-01 
3.75133E-01 
3.76349E-01 
3.77570E-01 
3.78795E-01 
3.80022E-01 
3.80971E-01 
3.81249E-01 
3.82571E-01 
3.83889E-01 
3.85204E-01 
3.86511E-01 
3.87798E-01 
3.89082E-01 
3.90364E-01 
3.91641E-01 
3.92914E-01 
3.94178E-01 
3.95433E-01 
3.96676E-01 
3.97907E-01 
3.99124E-01 
4.00325E-01 
4.01509E-01 
4.02675E-01 
4.27431E-01 
4.28811E-01 
4.30178E-01 
4.31534E-01 
4.32896E-01 
4.34262E-01 
4.35630E-01 
4.36689E-01 
4.36998E-01 
4.38472E-01 
4.39943E-01 
4.41408E-01 
4.42866E-01 
4.44301E-01 
4.45732E-01 
4.47162E-01 
4.48587E-01 
4.50005E-01 
4.51415E-01 
4.52815E-01 
4.54201E-01 
4.55574E-01 
4.56930E-01 
4.58269E-01 
4.59590E-01 
4.60890E-01 
---
