PdfType: replica
Format: lhagrid1
---
1.00000E-06 1.28121E-06 1.64152E-06 2.10317E-06 2.69463E-06 3.45242E-06 4.42329E-06 5.66715E-06 7.26076E-06 9.30241E-06 1.19180E-05 1.52689E-05 1.95617E-05 2.50609E-05 3.21053E-05 4.11287E-05 5.26863E-05 6.74889E-05 8.64459E-05 1.10720E-04 1.41800E-04 1.81585E-04 2.32503E-04 2.97652E-04 3.80981E-04 4.87518E-04 6.26039E-04 8.00452E-04 1.02297E-03 1.30657E-03 1.66759E-03 2.12729E-03 2.71054E-03 3.44865E-03 4.37927E-03 5.54908E-03 7.01192E-03 8.83064E-03 1.10763E-02 1.38266E-02 1.71641E-02 2.11717E-02 2.59364E-02 3.15062E-02 3.79623E-02 4.53425E-02 5.36750E-02 6.29705E-02 7.32221E-02 8.44039E-02 9.64793E-02 1.09332E-01 1.23067E-01 1.37507E-01 1.52639E-01 1.68416E-01 1.84794E-01 2.01731E-01 2.19016E-01 2.36948E-01 2.55242E-01 2.73927E-01 2.92954E-01 3.12340E-01 3.32036E-01 3.52019E-01 3.72282E-01 3.92772E-01 4.13533E-01 4.34326E-01 4.55495E-01 4.76836E-01 4.98342E-01 5.20006E-01 5.41818E-01 5.63773E-01 5.85861E-01 6.08077E-01 6.30459E-01 6.52800E-01 6.75387E-01 6.98063E-01 7.20830E-01 7.43683E-01 7.66623E-01 7.89636E-01 8.12791E-01 8.35940E-01 8.59175E-01 8.82485E-01 9.05866E-01 9.29311E-01 9.52817E-01 9.76387E-01 1.00000E+00 
1.14018E+00 1.22539E+00 1.32482E+00 1.44156E+00 1.57954E+00 1.74381E+00 1.94091E+00 2.12132E+00 2.17945E+00 2.49622E+00 2.89383E+00 3.39925E+00 4.05063E+00 4.90286E+00 6.03623E+00 7.57063E+00 9.68869E+00 1.26749E+01 1.69835E+01 2.33578E+01 3.30501E+01 4.82334E+01 7.28041E+01 1.13998E+02 1.85779E+02 3.16228E+02 
908
3.80703E-02 
3.82948E-02 
3.85527E-02 
3.88483E-02 
3.91892E-02 
3.95817E-02 
4.00331E-02 
4.04282E-02 
4.05520E-02 
4.11988E-02 
4.19512E-02 
4.28284E-02 
4.38539E-02 
4.50455E-02 
4.64562E-02 
4.81422E-02 
5.01750E-02 
5.26529E-02 
5.57151E-02 
5.95651E-02 
6.45131E-02 
7.10566E-02 
8.00479E-02 
9.30771E-02 
1.13495E-01 
1.49779E-01 
3.80701E-02 
3.82946E-02 
3.85525E-02 
3.88481E-02 
3.91890E-02 
3.95815E-02 
4.00329E-02 
4.04280E-02 
4.05518E-02 
4.11985E-02 
4.19510E-02 
4.28282E-02 
4.38537E-02 
4.50452E-02 
4.64559E-02 
4.81419E-02 
5.01747E-02 
5.26526E-02 
5.57149E-02 
5.95648E-02 
6.45127E-02 
7.10563E-02 
8.00475E-02 
9.30766E-02 
1.13494E-01 
1.49778E-01 
3.80698E-02 
3.82943E-02 
3.85522E-02 
3.88478E-02 
3.91887E-02 
3.95812E-02 
4.00326E-02 
4.04277E-02 
4.05515E-02 
4.11982E-02 
4.19507E-02 
4.28279E-02 
4.38534E-02 
4.50449E-02 
4.64556E-02 
4.81416E-02 
5.01743E-02 
5.26523E-02 
5.57145E-02 
5.95644E-02 
6.45123E-02 
7.10558E-02 
8.00470E-02 
9.30760E-02 
1.13494E-01 
1.49777E-01 
3.80695E-02 
3.82940E-02 
3.85519E-02 
3.88474E-02 
3.91884E-02 
3.95809E-02 
4.00323E-02 
4.04273E-02 
4.05511E-02 
4.11979E-02 
4.19504E-02 
4.28275E-02 
4.38530E-02 
4.50445E-02 
4.64552E-02 
4.81411E-02 
5.01739E-02 
5.26518E-02 
5.57140E-02 
5.95639E-02 
6.45118E-02 
7.10552E-02 
8.00463E-02 
9.30752E-02 
1.13493E-01 
1.49776E-01 
3.80691E-02 
3.82935E-02 
3.85514E-02 
3.88470E-02 
3.91879E-02 
3.95804E-02 
4.00318E-02 
4.04269E-02 
4.05507E-02 
4.11974E-02 
4.19499E-02 
4.28270E-02 
4.38525E-02 
4.50440E-02 
4.64547E-02 
4.81406E-02 
5.01734E-02 
5.26512E-02 
5.57134E-02 
5.95632E-02 
6.45111E-02 
7.10544E-02 
8.00454E-02 
9.30742E-02 
1.13491E-01 
1.49774E-01 
3.80685E-02 
3.82930E-02 
3.85509E-02 
3.88464E-02 
3.91873E-02 
3.95799E-02 
4.00312E-02 
4.04263E-02 
4.05501E-02 
4.11968E-02 
4.19493E-02 
4.28264E-02 
4.38518E-02 
4.50434E-02 
4.64540E-02 
4.81399E-02 
5.01726E-02 
5.26505E-02 
5.57126E-02 
5.95624E-02 
6.45102E-02 
7.10535E-02 
8.00443E-02 
9.30730E-02 
1.13490E-01 
1.49772E-01 
3.80678E-02 
3.82923E-02 
3.85501E-02 
3.88457E-02 
3.91866E-02 
3.95791E-02 
4.00305E-02 
4.04255E-02 
4.05493E-02 
4.11960E-02 
4.19485E-02 
4.28256E-02 
4.38510E-02 
4.50425E-02 
4.64531E-02 
4.81390E-02 
5.01717E-02 
5.26495E-02 
5.57116E-02 
5.95613E-02 
6.45090E-02 
7.10522E-02 
8.00429E-02 
9.30713E-02 
1.13488E-01 
1.49770E-01 
3.80669E-02 
3.82913E-02 
3.85492E-02 
3.88448E-02 
3.91857E-02 
3.95782E-02 
4.00295E-02 
4.04246E-02 
4.05483E-02 
4.11951E-02 
4.19475E-02 
4.28246E-02 
4.38500E-02 
4.50415E-02 
4.64520E-02 
4.81379E-02 
5.01705E-02 
5.26483E-02 
5.57103E-02 
5.95600E-02 
6.45075E-02 
7.10506E-02 
8.00411E-02 
9.30693E-02 
1.13485E-01 
1.49766E-01 
3.80657E-02 
3.82901E-02 
3.85480E-02 
3.88435E-02 
3.91845E-02 
3.95769E-02 
4.00283E-02 
4.04233E-02 
4.05471E-02 
4.11938E-02 
4.19462E-02 
4.28233E-02 
4.38487E-02 
4.50401E-02 
4.64506E-02 
4.81364E-02 
5.01690E-02 
5.26467E-02 
5.57086E-02 
5.95582E-02 
6.45056E-02 
7.10485E-02 
8.00388E-02 
9.30666E-02 
1.13482E-01 
1.49762E-01 
3.80642E-02 
3.82886E-02 
3.85465E-02 
3.88420E-02 
3.91829E-02 
3.95754E-02 
4.00267E-02 
4.04217E-02 
4.05455E-02 
4.11922E-02 
4.19445E-02 
4.28216E-02 
4.38469E-02 
4.50383E-02 
4.64488E-02 
4.81346E-02 
5.01671E-02 
5.26447E-02 
5.57065E-02 
5.95559E-02 
6.45032E-02 
7.10458E-02 
8.00358E-02 
9.30632E-02 
1.13478E-01 
1.49757E-01 
3.80622E-02 
3.82867E-02 
3.85445E-02 
3.88400E-02 
3.91809E-02 
3.95734E-02 
4.00247E-02 
4.04197E-02 
4.05434E-02 
4.11901E-02 
4.19424E-02 
4.28195E-02 
4.38447E-02 
4.50361E-02 
4.64465E-02 
4.81322E-02 
5.01646E-02 
5.26421E-02 
5.57038E-02 
5.95530E-02 
6.45001E-02 
7.10424E-02 
8.00320E-02 
9.30588E-02 
1.13473E-01 
1.49750E-01 
3.80597E-02 
3.82842E-02 
3.85420E-02 
3.88375E-02 
3.91784E-02 
3.95708E-02 
4.00221E-02 
4.04171E-02 
4.05408E-02 
4.11874E-02 
4.19397E-02 
4.28167E-02 
4.38419E-02 
4.50332E-02 
4.64436E-02 
4.81291E-02 
5.01614E-02 
5.26388E-02 
5.57003E-02 
5.95493E-02 
6.44961E-02 
7.10381E-02 
8.00271E-02 
9.30532E-02 
1.13466E-01 
1.49741E-01 
3.80566E-02 
3.82810E-02 
3.85388E-02 
3.88343E-02 
3.91751E-02 
3.95675E-02 
4.00188E-02 
4.04137E-02 
4.05375E-02 
4.11840E-02 
4.19363E-02 
4.28132E-02 
4.38383E-02 
4.50295E-02 
4.64398E-02 
4.81252E-02 
5.01574E-02 
5.26346E-02 
5.56958E-02 
5.95446E-02 
6.44910E-02 
7.10325E-02 
8.00209E-02 
9.30459E-02 
1.13457E-01 
1.49730E-01 
3.80525E-02 
3.82769E-02 
3.85347E-02 
3.88301E-02 
3.91709E-02 
3.95633E-02 
4.00145E-02 
4.04094E-02 
4.05331E-02 
4.11797E-02 
4.19318E-02 
4.28087E-02 
4.38337E-02 
4.50248E-02 
4.64349E-02 
4.81202E-02 
5.01522E-02 
5.26291E-02 
5.56901E-02 
5.95385E-02 
6.44844E-02 
7.10253E-02 
8.00129E-02 
9.30367E-02 
1.13446E-01 
1.49715E-01 
3.80473E-02 
3.82716E-02 
3.85294E-02 
3.88248E-02 
3.91656E-02 
3.95579E-02 
4.00091E-02 
4.04039E-02 
4.05276E-02 
4.11741E-02 
4.19262E-02 
4.28029E-02 
4.38278E-02 
4.50187E-02 
4.64287E-02 
4.81138E-02 
5.01455E-02 
5.26221E-02 
5.56828E-02 
5.95307E-02 
6.44760E-02 
7.10161E-02 
8.00026E-02 
9.30249E-02 
1.13432E-01 
1.49696E-01 
3.80406E-02 
3.82649E-02 
3.85226E-02 
3.88180E-02 
3.91587E-02 
3.95510E-02 
4.00021E-02 
4.03969E-02 
4.05206E-02 
4.11669E-02 
4.19189E-02 
4.27955E-02 
4.38202E-02 
4.50110E-02 
4.64207E-02 
4.81055E-02 
5.01370E-02 
5.26132E-02 
5.56734E-02 
5.95207E-02 
6.44653E-02 
7.10044E-02 
7.99895E-02 
9.30098E-02 
1.13414E-01 
1.49673E-01 
3.80320E-02 
3.82563E-02 
3.85140E-02 
3.88093E-02 
3.91499E-02 
3.95421E-02 
3.99931E-02 
4.03878E-02 
4.05115E-02 
4.11577E-02 
4.19095E-02 
4.27860E-02 
4.38105E-02 
4.50010E-02 
4.64105E-02 
4.80950E-02 
5.01260E-02 
5.26018E-02 
5.56613E-02 
5.95079E-02 
6.44515E-02 
7.09893E-02 
7.99726E-02 
9.29904E-02 
1.13390E-01 
1.49642E-01 
3.80211E-02 
3.82453E-02 
3.85029E-02 
3.87981E-02 
3.91387E-02 
3.95308E-02 
3.99817E-02 
4.03763E-02 
4.04999E-02 
4.11460E-02 
4.18976E-02 
4.27738E-02 
4.37981E-02 
4.49883E-02 
4.63974E-02 
4.80815E-02 
5.01120E-02 
5.25872E-02 
5.56459E-02 
5.94915E-02 
6.44339E-02 
7.09700E-02 
7.99511E-02 
9.29656E-02 
1.13360E-01 
1.49603E-01 
3.80070E-02 
3.82312E-02 
3.84887E-02 
3.87839E-02 
3.91243E-02 
3.95162E-02 
3.99670E-02 
4.03615E-02 
4.04851E-02 
4.11309E-02 
4.18823E-02 
4.27582E-02 
4.37822E-02 
4.49720E-02 
4.63807E-02 
4.80642E-02 
5.00941E-02 
5.25684E-02 
5.56262E-02 
5.94706E-02 
6.44113E-02 
7.09454E-02 
7.99235E-02 
9.29338E-02 
1.13322E-01 
1.49553E-01 
3.79891E-02 
3.82131E-02 
3.84705E-02 
3.87656E-02 
3.91059E-02 
3.94977E-02 
3.99482E-02 
4.03425E-02 
4.04661E-02 
4.11117E-02 
4.18627E-02 
4.27383E-02 
4.37618E-02 
4.49512E-02 
4.63592E-02 
4.80421E-02 
5.00711E-02 
5.25444E-02 
5.56009E-02 
5.94437E-02 
6.43824E-02 
7.09137E-02 
7.98882E-02 
9.28930E-02 
1.13273E-01 
1.49489E-01 
3.79661E-02 
3.81900E-02 
3.84473E-02 
3.87421E-02 
3.90823E-02 
3.94738E-02 
3.99242E-02 
4.03183E-02 
4.04418E-02 
4.10870E-02 
4.18377E-02 
4.27128E-02 
4.37358E-02 
4.49245E-02 
4.63318E-02 
4.80137E-02 
5.00417E-02 
5.25137E-02 
5.55686E-02 
5.94093E-02 
6.43454E-02 
7.08733E-02 
7.98430E-02 
9.28409E-02 
1.13210E-01 
1.49406E-01 
3.79366E-02 
3.81604E-02 
3.84175E-02 
3.87122E-02 
3.90521E-02 
3.94434E-02 
3.98934E-02 
4.02872E-02 
4.04106E-02 
4.10554E-02 
4.18056E-02 
4.26801E-02 
4.37024E-02 
4.48903E-02 
4.62967E-02 
4.79775E-02 
5.00040E-02 
5.24744E-02 
5.55272E-02 
5.93653E-02 
6.42980E-02 
7.08215E-02 
7.97851E-02 
9.27742E-02 
1.13129E-01 
1.49301E-01 
3.78989E-02 
3.81225E-02 
3.83794E-02 
3.86738E-02 
3.90134E-02 
3.94044E-02 
3.98540E-02 
4.02475E-02 
4.03708E-02 
4.10150E-02 
4.17646E-02 
4.26383E-02 
4.36597E-02 
4.48466E-02 
4.62517E-02 
4.79311E-02 
4.99558E-02 
5.24240E-02 
5.54742E-02 
5.93090E-02 
6.42374E-02 
7.07552E-02 
7.97110E-02 
9.26888E-02 
1.13026E-01 
1.49167E-01 
3.78507E-02 
3.80741E-02 
3.83307E-02 
3.86248E-02 
3.89640E-02 
3.93545E-02 
3.98036E-02 
4.01967E-02 
4.03199E-02 
4.09634E-02 
4.17121E-02 
4.25848E-02 
4.36051E-02 
4.47907E-02 
4.61942E-02 
4.78717E-02 
4.98942E-02 
5.23597E-02 
5.54064E-02 
5.92370E-02 
6.41599E-02 
7.06704E-02 
7.96163E-02 
9.25796E-02 
1.12894E-01 
1.48995E-01 
3.77891E-02 
3.80122E-02 
3.82684E-02 
3.85620E-02 
3.89008E-02 
3.92908E-02 
3.97392E-02 
4.01318E-02 
4.02547E-02 
4.08973E-02 
4.16450E-02 
4.25165E-02 
4.35353E-02 
4.47191E-02 
4.61207E-02 
4.77958E-02 
4.98154E-02 
5.22774E-02 
5.53198E-02 
5.91449E-02 
6.40608E-02 
7.05620E-02 
7.94951E-02 
9.24400E-02 
1.12726E-01 
1.48775E-01 
3.77104E-02 
3.79330E-02 
3.81888E-02 
3.84819E-02 
3.88200E-02 
3.92093E-02 
3.96570E-02 
4.00488E-02 
4.01715E-02 
4.08129E-02 
4.15592E-02 
4.24291E-02 
4.34461E-02 
4.46278E-02 
4.60268E-02 
4.76988E-02 
4.97148E-02 
5.21722E-02 
5.52091E-02 
5.90272E-02 
6.39341E-02 
7.04235E-02 
7.93403E-02 
9.22615E-02 
1.12510E-01 
1.48493E-01 
3.76081E-02 
3.78302E-02 
3.80854E-02 
3.83778E-02 
3.87151E-02 
3.91034E-02 
3.95500E-02 
3.99409E-02 
4.00634E-02 
4.07033E-02 
4.14478E-02 
4.23156E-02 
4.33302E-02 
4.45090E-02 
4.59047E-02 
4.75728E-02 
4.95840E-02 
5.20355E-02 
5.50652E-02 
5.88742E-02 
6.37695E-02 
7.02434E-02 
7.91390E-02 
9.20296E-02 
1.12230E-01 
1.48128E-01 
3.74794E-02 
3.77009E-02 
3.79553E-02 
3.82468E-02 
3.85831E-02 
3.89703E-02 
3.94155E-02 
3.98052E-02 
3.99273E-02 
4.05653E-02 
4.13076E-02 
4.21728E-02 
4.31843E-02 
4.43597E-02 
4.57512E-02 
4.74142E-02 
4.94194E-02 
5.18636E-02 
5.48842E-02 
5.86818E-02 
6.35624E-02 
7.00169E-02 
7.88858E-02 
9.17377E-02 
1.11878E-01 
1.47668E-01 
3.73155E-02 
3.75360E-02 
3.77895E-02 
3.80799E-02 
3.84149E-02 
3.88006E-02 
3.92441E-02 
3.96323E-02 
3.97540E-02 
4.03895E-02 
4.11289E-02 
4.19908E-02 
4.29985E-02 
4.41693E-02 
4.55555E-02 
4.72121E-02 
4.92096E-02 
5.16444E-02 
5.46534E-02 
5.84364E-02 
6.32983E-02 
6.97281E-02 
7.85630E-02 
9.13656E-02 
1.11428E-01 
1.47081E-01 
3.71068E-02 
3.73263E-02 
3.75785E-02 
3.78675E-02 
3.82008E-02 
3.85846E-02 
3.90260E-02 
3.94123E-02 
3.95333E-02 
4.01657E-02 
4.09015E-02 
4.17592E-02 
4.27619E-02 
4.39270E-02 
4.53064E-02 
4.69549E-02 
4.89425E-02 
5.13655E-02 
5.43597E-02 
5.81241E-02 
6.29622E-02 
6.93604E-02 
7.81519E-02 
9.08917E-02 
1.10856E-01 
1.46334E-01 
3.68416E-02 
3.70598E-02 
3.73103E-02 
3.75975E-02 
3.79288E-02 
3.83102E-02 
3.87488E-02 
3.91327E-02 
3.92530E-02 
3.98814E-02 
4.06126E-02 
4.14649E-02 
4.24613E-02 
4.36191E-02 
4.49898E-02 
4.66280E-02 
4.86032E-02 
5.10109E-02 
5.39863E-02 
5.77272E-02 
6.25349E-02 
6.88929E-02 
7.76293E-02 
9.02892E-02 
1.10128E-01 
1.45383E-01 
3.65048E-02 
3.67212E-02 
3.69698E-02 
3.72547E-02 
3.75833E-02 
3.79616E-02 
3.83967E-02 
3.87775E-02 
3.88968E-02 
3.95202E-02 
4.02455E-02 
4.10909E-02 
4.20793E-02 
4.32278E-02 
4.45875E-02 
4.62126E-02 
4.81719E-02 
5.05603E-02 
5.35118E-02 
5.72226E-02 
6.19917E-02 
6.82987E-02 
7.69649E-02 
8.95231E-02 
1.09203E-01 
1.44175E-01 
3.60788E-02 
3.62929E-02 
3.65390E-02 
3.68209E-02 
3.71462E-02 
3.75206E-02 
3.79512E-02 
3.83281E-02 
3.84462E-02 
3.90632E-02 
3.97810E-02 
4.06178E-02 
4.15961E-02 
4.27328E-02 
4.40785E-02 
4.56869E-02 
4.76261E-02 
4.99900E-02 
5.29112E-02 
5.65839E-02 
6.13041E-02 
6.75464E-02 
7.61236E-02 
8.85530E-02 
1.08031E-01 
1.42644E-01 
3.55417E-02 
3.57531E-02 
3.59959E-02 
3.62741E-02 
3.65951E-02 
3.69647E-02 
3.73896E-02 
3.77616E-02 
3.78781E-02 
3.84870E-02 
3.91954E-02 
4.00213E-02 
4.09867E-02 
4.21085E-02 
4.34366E-02 
4.50239E-02 
4.69377E-02 
4.92706E-02 
5.21535E-02 
5.57781E-02 
6.04364E-02 
6.65969E-02 
7.50617E-02 
8.73281E-02 
1.06551E-01 
1.40710E-01 
3.48679E-02 
3.50757E-02 
3.53144E-02 
3.55881E-02 
3.59037E-02 
3.62670E-02 
3.66849E-02 
3.70506E-02 
3.71652E-02 
3.77639E-02 
3.84605E-02 
3.92726E-02 
4.02218E-02 
4.13249E-02 
4.26308E-02 
4.41915E-02 
4.60733E-02 
4.83672E-02 
5.12020E-02 
5.47659E-02 
5.93463E-02 
6.54038E-02 
7.37271E-02 
8.57884E-02 
1.04689E-01 
1.38278E-01 
3.40261E-02 
3.42295E-02 
3.44631E-02 
3.47309E-02 
3.50398E-02 
3.53954E-02 
3.58044E-02 
3.61623E-02 
3.62744E-02 
3.68604E-02 
3.75421E-02 
3.83368E-02 
3.92658E-02 
4.03454E-02 
4.16234E-02 
4.31508E-02 
4.49925E-02 
4.72374E-02 
5.00117E-02 
5.34996E-02 
5.79823E-02 
6.39105E-02 
7.20563E-02 
8.38603E-02 
1.02358E-01 
1.35230E-01 
3.29817E-02 
3.31795E-02 
3.34068E-02 
3.36673E-02 
3.39678E-02 
3.43137E-02 
3.47116E-02 
3.50597E-02 
3.51688E-02 
3.57388E-02 
3.64020E-02 
3.71751E-02 
3.80789E-02 
3.91290E-02 
4.03723E-02 
4.18582E-02 
4.36498E-02 
4.58337E-02 
4.85325E-02 
5.19256E-02 
5.62863E-02 
6.20533E-02 
6.99775E-02 
8.14605E-02 
9.94552E-02 
1.31433E-01 
3.16958E-02 
3.18868E-02 
3.21062E-02 
3.23577E-02 
3.26477E-02 
3.29817E-02 
3.33657E-02 
3.37018E-02 
3.38071E-02 
3.43574E-02 
3.49976E-02 
3.57439E-02 
3.66164E-02 
3.76301E-02 
3.88303E-02 
4.02647E-02 
4.19942E-02 
4.41024E-02 
4.67077E-02 
4.99832E-02 
5.41928E-02 
5.97600E-02 
6.74096E-02 
7.84946E-02 
9.58656E-02 
1.26735E-01 
3.01273E-02 
3.03099E-02 
3.05196E-02 
3.07600E-02 
3.10372E-02 
3.13564E-02 
3.17235E-02 
3.20448E-02 
3.21454E-02 
3.26714E-02 
3.32833E-02 
3.39967E-02 
3.48306E-02 
3.57996E-02 
3.69468E-02 
3.83178E-02 
3.99709E-02 
4.19860E-02 
4.44762E-02 
4.76071E-02 
5.16308E-02 
5.69521E-02 
6.42638E-02 
7.48593E-02 
9.14631E-02 
1.20969E-01 
2.82353E-02 
2.84075E-02 
2.86055E-02 
2.88323E-02 
2.90939E-02 
2.93951E-02 
2.97415E-02 
3.00447E-02 
3.01397E-02 
3.06360E-02 
3.12135E-02 
3.18866E-02 
3.26736E-02 
3.35880E-02 
3.46706E-02 
3.59644E-02 
3.75244E-02 
3.94259E-02 
4.17759E-02 
4.47304E-02 
4.85274E-02 
5.35489E-02 
6.04488E-02 
7.04474E-02 
8.61159E-02 
1.13960E-01 
2.59818E-02 
2.61416E-02 
2.63253E-02 
2.65358E-02 
2.67785E-02 
2.70581E-02 
2.73795E-02 
2.76608E-02 
2.77490E-02 
2.82096E-02 
2.87454E-02 
2.93701E-02 
3.01003E-02 
3.09489E-02 
3.19535E-02 
3.31541E-02 
3.46017E-02 
3.63663E-02 
3.85469E-02 
4.12886E-02 
4.48121E-02 
4.94719E-02 
5.58747E-02 
6.51530E-02 
7.96928E-02 
1.05531E-01 
2.33369E-02 
2.34820E-02 
2.36486E-02 
2.38396E-02 
2.40599E-02 
2.43136E-02 
2.46053E-02 
2.48605E-02 
2.49405E-02 
2.53585E-02 
2.58447E-02 
2.64115E-02 
2.70742E-02 
2.78441E-02 
2.87557E-02 
2.98451E-02 
3.11587E-02 
3.27599E-02 
3.47387E-02 
3.72265E-02 
4.04237E-02 
4.46521E-02 
5.04620E-02 
5.88812E-02 
7.20748E-02 
9.55207E-02 
2.02785E-02 
2.04061E-02 
2.05527E-02 
2.07207E-02 
2.09145E-02 
2.11377E-02 
2.13942E-02 
2.16188E-02 
2.16892E-02 
2.20568E-02 
2.24845E-02 
2.29831E-02 
2.35660E-02 
2.42434E-02 
2.50452E-02 
2.60036E-02 
2.71591E-02 
2.85676E-02 
3.03082E-02 
3.24966E-02 
3.53092E-02 
3.90287E-02 
4.41395E-02 
5.15456E-02 
6.31515E-02 
8.37760E-02 
1.68208E-02 
1.69282E-02 
1.70515E-02 
1.71929E-02 
1.73560E-02 
1.75438E-02 
1.77598E-02 
1.79488E-02 
1.80080E-02 
1.83174E-02 
1.86774E-02 
1.90970E-02 
1.95876E-02 
2.01577E-02 
2.08325E-02 
2.16391E-02 
2.26116E-02 
2.37970E-02 
2.52620E-02 
2.71038E-02 
2.94709E-02 
3.26013E-02 
3.69027E-02 
4.31358E-02 
5.29036E-02 
7.02616E-02 
1.29693E-02 
1.30536E-02 
1.31503E-02 
1.32613E-02 
1.33892E-02 
1.35365E-02 
1.37058E-02 
1.38541E-02 
1.39005E-02 
1.41432E-02 
1.44256E-02 
1.47547E-02 
1.51395E-02 
1.55866E-02 
1.61159E-02 
1.67485E-02 
1.75113E-02 
1.84411E-02 
1.95901E-02 
2.10347E-02 
2.28912E-02 
2.53465E-02 
2.87202E-02 
3.36091E-02 
4.12702E-02 
5.48847E-02 
8.76978E-03 
8.82788E-03 
8.89463E-03 
8.97113E-03 
9.05937E-03 
9.16097E-03 
9.27780E-03 
9.38006E-03 
9.41209E-03 
9.57950E-03 
9.77426E-03 
1.00013E-02 
1.02667E-02 
1.05751E-02 
1.09402E-02 
1.13766E-02 
1.19028E-02 
1.25441E-02 
1.33367E-02 
1.43332E-02 
1.56138E-02 
1.73075E-02 
1.96346E-02 
2.30069E-02 
2.82916E-02 
3.76827E-02 
4.28469E-03 
4.31374E-03 
4.34711E-03 
4.38535E-03 
4.42947E-03 
4.48026E-03 
4.53867E-03 
4.58979E-03 
4.60581E-03 
4.68949E-03 
4.78686E-03 
4.90037E-03 
5.03306E-03 
5.18724E-03 
5.36977E-03 
5.58793E-03 
5.85096E-03 
6.17160E-03 
6.56783E-03 
7.06600E-03 
7.70624E-03 
8.55294E-03 
9.71635E-03 
1.14023E-02 
1.40442E-02 
1.87391E-02 
-4.03601E-04 
-4.06410E-04 
-4.09637E-04 
-4.13336E-04 
-4.17602E-04 
-4.22514E-04 
-4.28162E-04 
-4.33105E-04 
-4.34654E-04 
-4.42747E-04 
-4.52163E-04 
-4.63139E-04 
-4.75971E-04 
-4.90880E-04 
-5.08532E-04 
-5.29629E-04 
-5.55065E-04 
-5.86071E-04 
-6.24388E-04 
-6.72563E-04 
-7.34476E-04 
-8.16354E-04 
-9.28860E-04 
-1.09189E-03 
-1.34738E-03 
-1.80139E-03 
-5.19654E-03 
-5.23380E-03 
-5.27661E-03 
-5.32567E-03 
-5.38226E-03 
-5.44741E-03 
-5.52233E-03 
-5.58790E-03 
-5.60845E-03 
-5.71580E-03 
-5.84070E-03 
-5.98630E-03 
-6.15650E-03 
-6.35428E-03 
-6.58843E-03 
-6.86827E-03 
-7.20567E-03 
-7.61696E-03 
-8.12523E-03 
-8.76425E-03 
-9.58552E-03 
-1.06716E-02 
-1.21640E-02 
-1.43266E-02 
-1.77155E-02 
-2.37379E-02 
-9.98311E-03 
-1.00571E-02 
-1.01422E-02 
-1.02396E-02 
-1.03521E-02 
-1.04815E-02 
-1.06303E-02 
-1.07606E-02 
-1.08014E-02 
-1.10147E-02 
-1.12628E-02 
-1.15521E-02 
-1.18902E-02 
-1.22831E-02 
-1.27483E-02 
-1.33042E-02 
-1.39745E-02 
-1.47916E-02 
-1.58013E-02 
-1.70708E-02 
-1.87024E-02 
-2.08601E-02 
-2.38249E-02 
-2.81211E-02 
-3.48537E-02 
-4.68180E-02 
-1.46483E-02 
-1.47610E-02 
-1.48906E-02 
-1.50391E-02 
-1.52103E-02 
-1.54075E-02 
-1.56343E-02 
-1.58327E-02 
-1.58949E-02 
-1.62198E-02 
-1.65978E-02 
-1.70385E-02 
-1.75536E-02 
-1.81521E-02 
-1.88608E-02 
-1.97077E-02 
-2.07289E-02 
-2.19736E-02 
-2.35119E-02 
-2.54459E-02 
-2.79314E-02 
-3.12185E-02 
-3.57351E-02 
-4.22801E-02 
-5.25367E-02 
-7.07633E-02 
-1.90551E-02 
-1.92080E-02 
-1.93836E-02 
-1.95850E-02 
-1.98172E-02 
-2.00846E-02 
-2.03921E-02 
-2.06612E-02 
-2.07455E-02 
-2.11861E-02 
-2.16987E-02 
-2.22962E-02 
-2.29947E-02 
-2.38064E-02 
-2.47674E-02 
-2.59158E-02 
-2.73005E-02 
-2.89885E-02 
-3.10744E-02 
-3.36970E-02 
-3.70675E-02 
-4.15248E-02 
-4.76495E-02 
-5.65248E-02 
-7.04331E-02 
-9.51491E-02 
-2.31473E-02 
-2.33419E-02 
-2.35654E-02 
-2.38216E-02 
-2.41171E-02 
-2.44574E-02 
-2.48486E-02 
-2.51910E-02 
-2.52983E-02 
-2.58590E-02 
-2.65112E-02 
-2.72715E-02 
-2.81604E-02 
-2.91932E-02 
-3.04160E-02 
-3.18773E-02 
-3.36393E-02 
-3.57872E-02 
-3.84415E-02 
-4.17785E-02 
-4.60673E-02 
-5.17392E-02 
-5.95326E-02 
-7.08260E-02 
-8.85237E-02 
-1.19974E-01 
-2.67855E-02 
-2.70225E-02 
-2.72947E-02 
-2.76068E-02 
-2.79667E-02 
-2.83811E-02 
-2.88577E-02 
-2.92748E-02 
-2.94055E-02 
-3.00883E-02 
-3.08827E-02 
-3.18088E-02 
-3.28914E-02 
-3.41494E-02 
-3.56387E-02 
-3.74187E-02 
-3.95648E-02 
-4.21809E-02 
-4.54138E-02 
-4.94783E-02 
-5.47021E-02 
-6.16103E-02 
-7.11027E-02 
-8.48581E-02 
-1.06414E-01 
-1.44720E-01 
-2.98947E-02 
-3.01746E-02 
-3.04962E-02 
-3.08648E-02 
-3.12899E-02 
-3.17794E-02 
-3.23423E-02 
-3.28349E-02 
-3.29893E-02 
-3.37958E-02 
-3.47341E-02 
-3.58279E-02 
-3.71067E-02 
-3.85925E-02 
-4.03516E-02 
-4.24540E-02 
-4.49888E-02 
-4.80788E-02 
-5.18973E-02 
-5.66981E-02 
-6.28680E-02 
-7.10276E-02 
-8.22394E-02 
-9.84864E-02 
-1.23947E-01 
-1.69191E-01 
-3.24010E-02 
-3.27240E-02 
-3.30951E-02 
-3.35204E-02 
-3.40110E-02 
-3.45758E-02 
-3.52254E-02 
-3.57939E-02 
-3.59720E-02 
-3.69027E-02 
-3.79855E-02 
-3.92477E-02 
-4.07234E-02 
-4.24380E-02 
-4.44679E-02 
-4.68940E-02 
-4.98191E-02 
-5.33848E-02 
-5.77913E-02 
-6.33312E-02 
-7.04512E-02 
-7.98671E-02 
-9.28052E-02 
-1.11554E-01 
-1.40934E-01 
-1.93145E-01 
-3.42433E-02 
-3.46092E-02 
-3.50297E-02 
-3.55115E-02 
-3.60674E-02 
-3.67073E-02 
-3.74432E-02 
-3.80873E-02 
-3.82891E-02 
-3.93435E-02 
-4.05703E-02 
-4.20004E-02 
-4.36722E-02 
-4.56148E-02 
-4.79147E-02 
-5.06633E-02 
-5.39774E-02 
-5.80172E-02 
-6.30095E-02 
-6.92861E-02 
-7.73528E-02 
-8.80207E-02 
-1.02679E-01 
-1.23921E-01 
-1.57207E-01 
-2.16361E-01 
-3.53735E-02 
-3.57819E-02 
-3.62512E-02 
-3.67890E-02 
-3.74094E-02 
-3.81237E-02 
-3.89450E-02 
-3.96639E-02 
-3.98891E-02 
-4.10660E-02 
-4.24352E-02 
-4.40314E-02 
-4.58973E-02 
-4.80655E-02 
-5.06324E-02 
-5.37003E-02 
-5.73992E-02 
-6.19081E-02 
-6.74801E-02 
-7.44856E-02 
-8.34889E-02 
-9.53956E-02 
-1.11756E-01 
-1.35464E-01 
-1.72616E-01 
-2.38639E-01 
-3.57564E-02 
-3.62062E-02 
-3.67230E-02 
-3.73153E-02 
-3.79985E-02 
-3.87850E-02 
-3.96896E-02 
-4.04812E-02 
-4.07293E-02 
-4.20253E-02 
-4.35332E-02 
-4.52909E-02 
-4.73458E-02 
-4.97335E-02 
-5.25603E-02 
-5.59388E-02 
-6.00122E-02 
-6.49777E-02 
-7.11139E-02 
-7.88287E-02 
-8.87436E-02 
-1.01856E-01 
-1.19873E-01 
-1.45982E-01 
-1.86896E-01 
-2.59603E-01 
-3.53771E-02 
-3.58677E-02 
-3.64313E-02 
-3.70773E-02 
-3.78224E-02 
-3.86802E-02 
-3.96667E-02 
-4.05301E-02 
-4.08006E-02 
-4.22141E-02 
-4.38586E-02 
-4.57756E-02 
-4.80167E-02 
-5.06207E-02 
-5.37037E-02 
-5.73883E-02 
-6.18308E-02 
-6.72461E-02 
-7.39384E-02 
-8.23522E-02 
-9.31655E-02 
-1.07466E-01 
-1.27116E-01 
-1.55590E-01 
-2.00211E-01 
-2.79506E-01 
-3.42249E-02 
-3.47548E-02 
-3.53636E-02 
-3.60613E-02 
-3.68662E-02 
-3.77928E-02 
-3.88583E-02 
-3.97909E-02 
-4.00831E-02 
-4.16099E-02 
-4.33863E-02 
-4.54570E-02 
-4.78777E-02 
-5.06905E-02 
-5.40206E-02 
-5.80006E-02 
-6.27992E-02 
-6.86487E-02 
-7.58774E-02 
-8.49657E-02 
-9.66459E-02 
-1.12093E-01 
-1.33318E-01 
-1.64074E-01 
-2.12273E-01 
-2.97925E-01 
-3.23033E-02 
-3.28710E-02 
-3.35232E-02 
-3.42708E-02 
-3.51330E-02 
-3.61257E-02 
-3.72674E-02 
-3.82665E-02 
-3.85796E-02 
-4.02153E-02 
-4.21184E-02 
-4.43369E-02 
-4.69304E-02 
-4.99440E-02 
-5.35117E-02 
-5.77757E-02 
-6.29168E-02 
-6.91838E-02 
-7.69284E-02 
-8.66653E-02 
-9.91791E-02 
-1.15728E-01 
-1.38468E-01 
-1.71420E-01 
-2.23058E-01 
-3.14822E-01 
-2.96292E-02 
-3.02330E-02 
-3.09267E-02 
-3.17217E-02 
-3.26388E-02 
-3.36946E-02 
-3.49087E-02 
-3.59713E-02 
-3.63043E-02 
-3.80440E-02 
-4.00680E-02 
-4.24274E-02 
-4.51857E-02 
-4.83907E-02 
-5.21851E-02 
-5.67200E-02 
-6.21878E-02 
-6.88529E-02 
-7.70896E-02 
-8.74451E-02 
-1.00754E-01 
-1.18355E-01 
-1.42539E-01 
-1.77584E-01 
-2.32503E-01 
-3.30098E-01 
-2.62199E-02 
-2.68579E-02 
-2.75909E-02 
-2.84309E-02 
-2.94000E-02 
-3.05156E-02 
-3.17986E-02 
-3.29214E-02 
-3.32732E-02 
-3.51115E-02 
-3.72502E-02 
-3.97434E-02 
-4.26579E-02 
-4.60446E-02 
-5.00541E-02 
-5.48460E-02 
-6.06236E-02 
-6.76664E-02 
-7.63699E-02 
-8.73123E-02 
-1.01375E-01 
-1.19973E-01 
-1.45528E-01 
-1.82560E-01 
-2.40591E-01 
-3.43716E-01 
-2.21106E-02 
-2.27808E-02 
-2.35507E-02 
-2.44331E-02 
-2.54510E-02 
-2.66228E-02 
-2.79704E-02 
-2.91499E-02 
-2.95194E-02 
-3.14503E-02 
-3.36968E-02 
-3.63155E-02 
-3.93770E-02 
-4.29343E-02 
-4.71458E-02 
-5.21791E-02 
-5.82478E-02 
-6.56455E-02 
-7.47875E-02 
-8.62813E-02 
-1.01053E-01 
-1.20588E-01 
-1.47431E-01 
-1.86328E-01 
-2.47283E-01 
-3.55605E-01 
-1.73423E-02 
-1.80424E-02 
-1.88467E-02 
-1.97685E-02 
-2.08318E-02 
-2.20560E-02 
-2.34637E-02 
-2.46958E-02 
-2.50819E-02 
-2.70989E-02 
-2.94457E-02 
-3.21814E-02 
-3.53795E-02 
-3.90956E-02 
-4.34951E-02 
-4.87532E-02 
-5.50928E-02 
-6.28208E-02 
-7.23709E-02 
-8.43778E-02 
-9.98089E-02 
-1.20216E-01 
-1.48257E-01 
-1.88891E-01 
-2.52567E-01 
-3.65725E-01 
-1.19593E-02 
-1.26870E-02 
-1.35229E-02 
-1.44810E-02 
-1.55862E-02 
-1.68585E-02 
-1.83217E-02 
-1.96023E-02 
-2.00036E-02 
-2.21001E-02 
-2.45392E-02 
-2.73826E-02 
-3.07067E-02 
-3.45691E-02 
-3.91418E-02 
-4.46069E-02 
-5.11962E-02 
-5.92284E-02 
-6.91546E-02 
-8.16342E-02 
-9.76729E-02 
-1.18884E-01 
-1.48029E-01 
-1.90262E-01 
-2.56446E-01 
-3.74059E-01 
-6.02590E-03 
-6.77860E-03 
-7.64333E-03 
-8.63437E-03 
-9.77754E-03 
-1.10937E-02 
-1.26072E-02 
-1.39319E-02 
-1.43469E-02 
-1.65155E-02 
-1.90386E-02 
-2.19798E-02 
-2.54182E-02 
-2.94135E-02 
-3.41436E-02 
-3.97967E-02 
-4.66127E-02 
-5.49213E-02 
-6.51889E-02 
-7.80978E-02 
-9.46883E-02 
-1.16629E-01 
-1.46776E-01 
-1.90463E-01 
-2.58924E-01 
-3.80583E-01 
4.14871E-04 
-3.60285E-04 
-1.25080E-03 
-2.27141E-03 
-3.44868E-03 
-4.80407E-03 
-6.36276E-03 
-7.72691E-03 
-8.15436E-03 
-1.03877E-02 
-1.29860E-02 
-1.60150E-02 
-1.95559E-02 
-2.36704E-02 
-2.85416E-02 
-3.43633E-02 
-4.13826E-02 
-4.99390E-02 
-6.05129E-02 
-7.38069E-02 
-9.08923E-02 
-1.13487E-01 
-1.44534E-01 
-1.89524E-01 
-2.60027E-01 
-3.85315E-01 
7.22328E-03 
6.42857E-03 
5.51560E-03 
4.46925E-03 
3.26229E-03 
1.87272E-03 
2.74720E-04 
-1.12383E-03 
-1.56206E-03 
-3.85170E-03 
-6.51558E-03 
-9.62091E-03 
-1.32512E-02 
-1.74694E-02 
-2.24634E-02 
-2.84320E-02 
-3.56283E-02 
-4.44005E-02 
-5.52411E-02 
-6.88703E-02 
-8.63866E-02 
-1.09551E-01 
-1.41381E-01 
-1.87506E-01 
-2.59787E-01 
-3.88234E-01 
1.44446E-02 
1.36330E-02 
1.27006E-02 
1.16321E-02 
1.03995E-02 
8.98039E-03 
7.34844E-03 
5.92018E-03 
5.47265E-03 
3.13437E-03 
4.13900E-04 
-2.75739E-03 
-6.46476E-03 
-1.07726E-02 
-1.58727E-02 
-2.19680E-02 
-2.93172E-02 
-3.82757E-02 
-4.93466E-02 
-6.32654E-02 
-8.11537E-02 
-1.04811E-01 
-1.37317E-01 
-1.84421E-01 
-2.58237E-01 
-3.89413E-01 
2.19402E-02 
2.11147E-02 
2.01663E-02 
1.90794E-02 
1.78256E-02 
1.63822E-02 
1.47222E-02 
1.32694E-02 
1.28142E-02 
1.04358E-02 
7.66864E-03 
4.44291E-03 
6.71892E-04 
-3.70990E-03 
-8.89754E-03 
-1.50975E-02 
-2.25729E-02 
-3.16852E-02 
-4.29461E-02 
-5.71038E-02 
-7.52992E-02 
-9.93623E-02 
-1.32426E-01 
-1.80339E-01 
-2.55423E-01 
-3.88851E-01 
2.96302E-02 
2.87938E-02 
2.78329E-02 
2.67316E-02 
2.54613E-02 
2.39988E-02 
2.23169E-02 
2.08449E-02 
2.03837E-02 
1.79738E-02 
1.51701E-02 
1.19018E-02 
8.08093E-03 
3.64125E-03 
-1.61493E-03 
-7.89682E-03 
-1.54709E-02 
-2.47036E-02 
-3.61133E-02 
-5.04581E-02 
-6.88939E-02 
-9.32748E-02 
-1.26776E-01 
-1.75322E-01 
-2.51397E-01 
-3.86588E-01 
3.74308E-02 
3.65866E-02 
3.56167E-02 
3.45052E-02 
3.32230E-02 
3.17468E-02 
3.00493E-02 
2.85635E-02 
2.80980E-02 
2.56657E-02 
2.28358E-02 
1.95369E-02 
1.56804E-02 
1.11993E-02 
5.89409E-03 
-4.46415E-04 
-8.09120E-03 
-1.74101E-02 
-2.89263E-02 
-4.34049E-02 
-6.20127E-02 
-8.66212E-02 
-1.20435E-01 
-1.69434E-01 
-2.46219E-01 
-3.82672E-01 
4.52534E-02 
4.44045E-02 
4.34293E-02 
4.23117E-02 
4.10224E-02 
3.95382E-02 
3.78313E-02 
3.63374E-02 
3.58693E-02 
3.34236E-02 
3.05782E-02 
2.72612E-02 
2.33836E-02 
1.88779E-02 
1.35435E-02 
7.16821E-03 
-5.18528E-04 
-9.88857E-03 
-2.14679E-02 
-3.60261E-02 
-5.47360E-02 
-7.94796E-02 
-1.13479E-01 
-1.62747E-01 
-2.39953E-01 
-3.77155E-01 
5.30074E-02 
5.21572E-02 
5.11804E-02 
5.00609E-02 
4.87695E-02 
4.72828E-02 
4.55731E-02 
4.40768E-02 
4.36079E-02 
4.11582E-02 
3.83081E-02 
3.49857E-02 
3.11017E-02 
2.65885E-02 
2.12454E-02 
1.48596E-02 
7.16025E-03 
-2.22521E-03 
-1.38236E-02 
-2.84057E-02 
-4.71464E-02 
-7.19307E-02 
-1.05986E-01 
-1.55335E-01 
-2.32668E-01 
-3.70096E-01 
6.05976E-02 
5.97492E-02 
5.87746E-02 
5.76576E-02 
5.63692E-02 
5.48858E-02 
5.31799E-02 
5.16869E-02 
5.12191E-02 
4.87749E-02 
4.59312E-02 
4.26162E-02 
3.87409E-02 
3.42379E-02 
2.89067E-02 
2.25352E-02 
1.48531E-02 
5.48862E-03 
-6.08382E-03 
-2.06332E-02 
-3.93320E-02 
-6.40607E-02 
-9.80394E-02 
-1.47278E-01 
-2.24438E-01 
-3.61558E-01 
6.79271E-02 
6.70840E-02 
6.61154E-02 
6.50054E-02 
6.37249E-02 
6.22507E-02 
6.05554E-02 
5.90717E-02 
5.86068E-02 
5.61778E-02 
5.33517E-02 
5.00573E-02 
4.62060E-02 
4.17309E-02 
3.64328E-02 
3.01008E-02 
2.24663E-02 
1.31600E-02 
1.65934E-03 
-1.27998E-02 
-3.13826E-02 
-5.59579E-02 
-8.97258E-02 
-1.38659E-01 
-2.15341E-01 
-3.51610E-01 
7.49093E-02 
7.40749E-02 
7.31163E-02 
7.20177E-02 
7.07505E-02 
6.92915E-02 
6.76137E-02 
6.61453E-02 
6.56852E-02 
6.32812E-02 
6.04842E-02 
5.72238E-02 
5.34123E-02 
4.89833E-02 
4.37399E-02 
3.74732E-02 
2.99175E-02 
2.07072E-02 
9.32514E-03 
-4.98486E-03 
-2.33760E-02 
-4.76978E-02 
-8.11173E-02 
-1.29546E-01 
-2.05437E-01 
-3.40300E-01 
8.13827E-02 
8.05604E-02 
7.96157E-02 
7.85330E-02 
7.72841E-02 
7.58462E-02 
7.41927E-02 
7.27456E-02 
7.22921E-02 
6.99229E-02 
6.71665E-02 
6.39532E-02 
6.01969E-02 
5.58320E-02 
5.06645E-02 
4.44886E-02 
3.70422E-02 
2.79652E-02 
1.67480E-02 
2.64513E-03 
-1.54797E-02 
-3.94494E-02 
-7.23852E-02 
-1.20112E-01 
-1.94905E-01 
-3.27816E-01 
8.73280E-02 
8.65214E-02 
8.55947E-02 
8.45326E-02 
8.33075E-02 
8.18970E-02 
8.02750E-02 
7.88554E-02 
7.84106E-02 
7.60865E-02 
7.33826E-02 
7.02306E-02 
6.65457E-02 
6.22641E-02 
5.71950E-02 
5.11367E-02 
4.38321E-02 
3.49280E-02 
2.39245E-02 
1.00902E-02 
-7.68937E-03 
-3.12025E-02 
-6.35109E-02 
-1.10329E-01 
-1.83697E-01 
-3.14076E-01 
9.25935E-02 
9.18060E-02 
9.09014E-02 
8.98646E-02 
8.86687E-02 
8.72918E-02 
8.57084E-02 
8.43227E-02 
8.38885E-02 
8.16198E-02 
7.89802E-02 
7.59033E-02 
7.23062E-02 
6.81266E-02 
6.31782E-02 
5.72643E-02 
5.01338E-02 
4.14418E-02 
3.07003E-02 
1.71957E-02 
-1.60424E-04 
-2.31134E-02 
-5.46522E-02 
-1.00355E-01 
-1.71975E-01 
-2.99248E-01 
9.70726E-02 
9.63080E-02 
9.54296E-02 
9.44228E-02 
9.32616E-02 
9.19246E-02 
9.03871E-02 
8.90415E-02 
8.86198E-02 
8.64168E-02 
8.38538E-02 
8.08660E-02 
7.73731E-02 
7.33145E-02 
6.85096E-02 
6.27669E-02 
5.58430E-02 
4.74028E-02 
3.69725E-02 
2.38591E-02 
7.00582E-03 
-1.52822E-02 
-4.59073E-02 
-9.02862E-02 
-1.59831E-01 
-2.83417E-01 
1.00655E-01 
9.99173E-02 
9.90693E-02 
9.80973E-02 
9.69762E-02 
9.56855E-02 
9.42011E-02 
9.29021E-02 
9.24950E-02 
9.03682E-02 
8.78938E-02 
8.50093E-02 
8.16373E-02 
7.77191E-02 
7.30802E-02 
6.75362E-02 
6.08517E-02 
5.27034E-02 
4.26339E-02 
2.99740E-02 
1.37036E-02 
-7.81369E-03 
-3.73796E-02 
-8.02237E-02 
-1.47364E-01 
-2.66676E-01 
1.03231E-01 
1.02523E-01 
1.01710E-01 
1.00777E-01 
9.97019E-02 
9.84638E-02 
9.70400E-02 
9.57939E-02 
9.54035E-02 
9.33635E-02 
9.09900E-02 
8.82232E-02 
8.49887E-02 
8.12304E-02 
7.67808E-02 
7.14630E-02 
6.50512E-02 
5.72354E-02 
4.75767E-02 
3.54333E-02 
1.98267E-02 
-8.12669E-04 
-2.91723E-02 
-7.02684E-02 
-1.34669E-01 
-2.49113E-01 
1.04685E-01 
1.04011E-01 
1.03236E-01 
1.02349E-01 
1.01325E-01 
1.00146E-01 
9.87898E-02 
9.76032E-02 
9.72314E-02 
9.52888E-02 
9.30286E-02 
9.03940E-02 
8.73139E-02 
8.37350E-02 
7.94980E-02 
7.44340E-02 
6.83284E-02 
6.08858E-02 
5.16883E-02 
4.01247E-02 
2.52634E-02 
5.60953E-03 
-2.13960E-02 
-6.05297E-02 
-1.21855E-01 
-2.30835E-01 
1.04903E-01 
1.04266E-01 
1.03535E-01 
1.02697E-01 
1.01730E-01 
1.00617E-01 
9.93369E-02 
9.82165E-02 
9.78655E-02 
9.60314E-02 
9.38975E-02 
9.14099E-02 
8.85019E-02 
8.51229E-02 
8.11224E-02 
7.63413E-02 
7.05767E-02 
6.35497E-02 
5.48658E-02 
4.39480E-02 
2.99166E-02 
1.13604E-02 
-1.41370E-02 
-5.10852E-02 
-1.08986E-01 
-2.11879E-01 
1.03768E-01 
1.03173E-01 
1.02489E-01 
1.01705E-01 
1.00801E-01 
9.97602E-02 
9.85631E-02 
9.75155E-02 
9.71872E-02 
9.54720E-02 
9.34765E-02 
9.11504E-02 
8.84309E-02 
8.52711E-02 
8.15301E-02 
7.70591E-02 
7.16683E-02 
6.50971E-02 
5.69765E-02 
4.67669E-02 
3.36455E-02 
1.62928E-02 
-7.55076E-03 
-4.21025E-02 
-9.62477E-02 
-1.92467E-01 
1.01165E-01 
1.00614E-01 
9.99822E-02 
9.92578E-02 
9.84222E-02 
9.74601E-02 
9.63538E-02 
9.53855E-02 
9.50821E-02 
9.34969E-02 
9.16526E-02 
8.95027E-02 
8.69894E-02 
8.40689E-02 
8.06114E-02 
7.64792E-02 
7.14969E-02 
6.54236E-02 
5.79183E-02 
4.84823E-02 
3.63552E-02 
2.03174E-02 
-1.71942E-03 
-3.36530E-02 
-8.36954E-02 
-1.72624E-01 
9.69719E-02 
9.64707E-02 
9.58948E-02 
9.52348E-02 
9.44736E-02 
9.35971E-02 
9.25892E-02 
9.17070E-02 
9.14306E-02 
8.99864E-02 
8.83062E-02 
8.63475E-02 
8.40578E-02 
8.13971E-02 
7.82472E-02 
7.44826E-02 
6.99435E-02 
6.44105E-02 
5.75728E-02 
4.89762E-02 
3.79280E-02 
2.33169E-02 
3.24035E-03 
-2.58525E-02 
-7.14433E-02 
-1.52461E-01 
9.10696E-02 
9.06211E-02 
9.01059E-02 
8.95155E-02 
8.88344E-02 
8.80503E-02 
8.71485E-02 
8.63593E-02 
8.61120E-02 
8.48200E-02 
8.33168E-02 
8.15645E-02 
7.95159E-02 
7.71356E-02 
7.43175E-02 
7.09494E-02 
6.68886E-02 
6.19384E-02 
5.58211E-02 
4.81302E-02 
3.82458E-02 
2.51740E-02 
7.21250E-03 
-1.88155E-02 
-5.96033E-02 
-1.32086E-01 
8.33368E-02 
8.29450E-02 
8.24949E-02 
8.19791E-02 
8.13841E-02 
8.06991E-02 
7.99113E-02 
7.92219E-02 
7.90059E-02 
7.78771E-02 
7.65639E-02 
7.50331E-02 
7.32435E-02 
7.11640E-02 
6.87022E-02 
6.57599E-02 
6.22123E-02 
5.78879E-02 
5.25438E-02 
4.58250E-02 
3.71900E-02 
2.57705E-02 
1.00794E-02 
-1.26586E-02 
-4.82907E-02 
-1.11611E-01 
7.36513E-02 
7.33202E-02 
7.29397E-02 
7.25037E-02 
7.20007E-02 
7.14216E-02 
7.07557E-02 
7.01728E-02 
6.99902E-02 
6.90360E-02 
6.79259E-02 
6.66318E-02 
6.51190E-02 
6.33611E-02 
6.12800E-02 
5.87927E-02 
5.57938E-02 
5.21381E-02 
4.76205E-02 
4.19407E-02 
3.46412E-02 
2.49877E-02 
1.17232E-02 
-7.49838E-03 
-3.76200E-02 
-9.11483E-02 
6.18872E-02 
6.16205E-02 
6.13142E-02 
6.09631E-02 
6.05581E-02 
6.00918E-02 
5.95556E-02 
5.90864E-02 
5.89393E-02 
5.81711E-02 
5.72772E-02 
5.62353E-02 
5.50172E-02 
5.36018E-02 
5.19261E-02 
4.99235E-02 
4.75088E-02 
4.45654E-02 
4.09280E-02 
3.63549E-02 
3.04775E-02 
2.27048E-02 
1.20247E-02 
-3.45184E-03 
-2.77048E-02 
-7.08039E-02 
4.79305E-02 
4.77323E-02 
4.75046E-02 
4.72436E-02 
4.69425E-02 
4.65959E-02 
4.61973E-02 
4.58485E-02 
4.57392E-02 
4.51681E-02 
4.45036E-02 
4.37291E-02 
4.28236E-02 
4.17715E-02 
4.05258E-02 
3.90371E-02 
3.72421E-02 
3.50541E-02 
3.23501E-02 
2.89506E-02 
2.45816E-02 
1.88036E-02 
1.08643E-02 
-6.40428E-04 
-1.86693E-02 
-5.07078E-02 
---
