PdfType: replica
Format: lhagrid1
---
1.00000E-06 1.28121E-06 1.64152E-06 2.10317E-06 2.69463E-06 3.45242E-06 4.42329E-06 5.66715E-06 7.26076E-06 9.30241E-06 1.19180E-05 1.52689E-05 1.95617E-05 2.50609E-05 3.21053E-05 4.11287E-05 5.26863E-05 6.74889E-05 8.64459E-05 1.10720E-04 1.41800E-04 1.81585E-04 2.32503E-04 2.97652E-04 3.80981E-04 4.87518E-04 6.26039E-04 8.00452E-04 1.02297E-03 1.30657E-03 1.66759E-03 2.12729E-03 2.71054E-03 3.44865E-03 4.37927E-03 5.54908E-03 7.01192E-03 8.83064E-03 1.10763E-02 1.38266E-02 1.71641E-02 2.11717E-02 2.59364E-02 3.15062E-02 3.79623E-02 4.53425E-02 5.36750E-02 6.29705E-02 7.32221E-02 8.44039E-02 9.64793E-02 1.09332E-01 1.23067E-01 1.37507E-01 1.52639E-01 1.68416E-01 1.84794E-01 2.01731E-01 2.19016E-01 2.36948E-01 2.55242E-01 2.73927E-01 2.92954E-01 3.12340E-01 3.32036E-01 3.52019E-01 3.72282E-01 3.92772E-01 4.13533E-01 4.34326E-01 4.55495E-01 4.76836E-01 4.98342E-01 5.20006E-01 5.41818E-01 5.63773E-01 5.85861E-01 6.08077E-01 6.30459E-01 6.52800E-01 6.75387E-01 6.98063E-01 7.20830E-01 7.43683E-01 7.66623E-01 7.89636E-01 8.12791E-01 8.35940E-01 8.59175E-01 8.82485E-01 9.05866E-01 9.29311E-01 9.52817E-01 9.76387E-01 1.00000E+00 
1.14018E+00 1.22539E+00 1.32482E+00 1.44156E+00 1.57954E+00 1.74381E+00 1.94091E+00 2.12132E+00 2.17945E+00 2.49622E+00 2.89383E+00 3.39925E+00 4.05063E+00 4.90286E+00 6.03623E+00 7.57063E+00 9.68869E+00 1.26749E+01 1.69835E+01 2.33578E+01 3.30501E+01 4.82334E+01 7.28041E+01 1.13998E+02 1.85779E+02 3.16228E+02 
908
4.75085E-02 
4.66345E-02 
4.57685E-02 
4.49095E-02 
4.40466E-02 
4.31812E-02 
4.23144E-02 
4.16433E-02 
4.14471E-02 
4.05128E-02 
3.95805E-02 
3.86515E-02 
3.77268E-02 
3.68170E-02 
3.59095E-02 
3.50031E-02 
3.40994E-02 
3.31998E-02 
3.23057E-02 
3.14183E-02 
3.05389E-02 
2.96685E-02 
2.88083E-02 
2.79591E-02 
2.71218E-02 
2.62974E-02 
4.75085E-02 
4.66345E-02 
4.57685E-02 
4.49094E-02 
4.40466E-02 
4.31812E-02 
4.23143E-02 
4.16433E-02 
4.14471E-02 
4.05128E-02 
3.95805E-02 
3.86514E-02 
3.77268E-02 
3.68170E-02 
3.59094E-02 
3.50030E-02 
3.40993E-02 
3.31997E-02 
3.23056E-02 
3.14182E-02 
3.05388E-02 
2.96685E-02 
2.88082E-02 
2.79590E-02 
2.71218E-02 
2.62973E-02 
4.75084E-02 
4.66344E-02 
4.57685E-02 
4.49094E-02 
4.40465E-02 
4.31811E-02 
4.23143E-02 
4.16432E-02 
4.14470E-02 
4.05127E-02 
3.95804E-02 
3.86514E-02 
3.77267E-02 
3.68169E-02 
3.59094E-02 
3.50030E-02 
3.40993E-02 
3.31997E-02 
3.23056E-02 
3.14182E-02 
3.05388E-02 
2.96684E-02 
2.88081E-02 
2.79590E-02 
2.71217E-02 
2.62973E-02 
4.75084E-02 
4.66344E-02 
4.57684E-02 
4.49093E-02 
4.40465E-02 
4.31811E-02 
4.23142E-02 
4.16432E-02 
4.14470E-02 
4.05127E-02 
3.95804E-02 
3.86513E-02 
3.77267E-02 
3.68169E-02 
3.59093E-02 
3.50029E-02 
3.40992E-02 
3.31996E-02 
3.23055E-02 
3.14181E-02 
3.05387E-02 
2.96683E-02 
2.88080E-02 
2.79589E-02 
2.71216E-02 
2.62972E-02 
4.75083E-02 
4.66343E-02 
4.57683E-02 
4.49092E-02 
4.40464E-02 
4.31810E-02 
4.23141E-02 
4.16431E-02 
4.14469E-02 
4.05126E-02 
3.95803E-02 
3.86512E-02 
3.77266E-02 
3.68168E-02 
3.59092E-02 
3.50028E-02 
3.40991E-02 
3.31995E-02 
3.23054E-02 
3.14180E-02 
3.05386E-02 
2.96682E-02 
2.88079E-02 
2.79588E-02 
2.71215E-02 
2.62971E-02 
4.75082E-02 
4.66342E-02 
4.57682E-02 
4.49091E-02 
4.40463E-02 
4.31809E-02 
4.23140E-02 
4.16430E-02 
4.14468E-02 
4.05125E-02 
3.95802E-02 
3.86511E-02 
3.77265E-02 
3.68167E-02 
3.59091E-02 
3.50027E-02 
3.40990E-02 
3.31994E-02 
3.23053E-02 
3.14179E-02 
3.05384E-02 
2.96681E-02 
2.88078E-02 
2.79586E-02 
2.71214E-02 
2.62969E-02 
4.75081E-02 
4.66341E-02 
4.57681E-02 
4.49090E-02 
4.40462E-02 
4.31808E-02 
4.23139E-02 
4.16428E-02 
4.14467E-02 
4.05123E-02 
3.95800E-02 
3.86510E-02 
3.77263E-02 
3.68165E-02 
3.59089E-02 
3.50025E-02 
3.40988E-02 
3.31992E-02 
3.23051E-02 
3.14177E-02 
3.05383E-02 
2.96679E-02 
2.88076E-02 
2.79584E-02 
2.71212E-02 
2.62967E-02 
4.75079E-02 
4.66340E-02 
4.57680E-02 
4.49089E-02 
4.40460E-02 
4.31806E-02 
4.23137E-02 
4.16427E-02 
4.14465E-02 
4.05122E-02 
3.95799E-02 
3.86508E-02 
3.77261E-02 
3.68163E-02 
3.59087E-02 
3.50023E-02 
3.40986E-02 
3.31990E-02 
3.23049E-02 
3.14175E-02 
3.05380E-02 
2.96677E-02 
2.88074E-02 
2.79582E-02 
2.71210E-02 
2.62965E-02 
4.75078E-02 
4.66338E-02 
4.57678E-02 
4.49087E-02 
4.40458E-02 
4.31804E-02 
4.23135E-02 
4.16425E-02 
4.14463E-02 
4.05119E-02 
3.95796E-02 
3.86506E-02 
3.77259E-02 
3.68161E-02 
3.59085E-02 
3.50021E-02 
3.40983E-02 
3.31987E-02 
3.23046E-02 
3.14172E-02 
3.05378E-02 
2.96674E-02 
2.88071E-02 
2.79579E-02 
2.71207E-02 
2.62962E-02 
4.75075E-02 
4.66335E-02 
4.57675E-02 
4.49084E-02 
4.40456E-02 
4.31801E-02 
4.23133E-02 
4.16422E-02 
4.14460E-02 
4.05116E-02 
3.95793E-02 
3.86503E-02 
3.77256E-02 
3.68158E-02 
3.59081E-02 
3.50017E-02 
3.40980E-02 
3.31984E-02 
3.23043E-02 
3.14169E-02 
3.05374E-02 
2.96670E-02 
2.88067E-02 
2.79575E-02 
2.71203E-02 
2.62958E-02 
4.75072E-02 
4.66332E-02 
4.57672E-02 
4.49081E-02 
4.40452E-02 
4.31798E-02 
4.23129E-02 
4.16418E-02 
4.14456E-02 
4.05113E-02 
3.95790E-02 
3.86499E-02 
3.77252E-02 
3.68153E-02 
3.59077E-02 
3.50013E-02 
3.40976E-02 
3.31980E-02 
3.23038E-02 
3.14164E-02 
3.05369E-02 
2.96665E-02 
2.88062E-02 
2.79570E-02 
2.71198E-02 
2.62953E-02 
4.75068E-02 
4.66328E-02 
4.57668E-02 
4.49077E-02 
4.40448E-02 
4.31794E-02 
4.23124E-02 
4.16414E-02 
4.14452E-02 
4.05108E-02 
3.95785E-02 
3.86494E-02 
3.77247E-02 
3.68148E-02 
3.59072E-02 
3.50008E-02 
3.40970E-02 
3.31974E-02 
3.23032E-02 
3.14158E-02 
3.05363E-02 
2.96659E-02 
2.88056E-02 
2.79564E-02 
2.71191E-02 
2.62946E-02 
4.75063E-02 
4.66323E-02 
4.57663E-02 
4.49071E-02 
4.40442E-02 
4.31788E-02 
4.23119E-02 
4.16408E-02 
4.14446E-02 
4.05102E-02 
3.95778E-02 
3.86487E-02 
3.77240E-02 
3.68142E-02 
3.59065E-02 
3.50001E-02 
3.40963E-02 
3.31967E-02 
3.23025E-02 
3.14151E-02 
3.05356E-02 
2.96652E-02 
2.88048E-02 
2.79556E-02 
2.71183E-02 
2.62938E-02 
4.75057E-02 
4.66316E-02 
4.57656E-02 
4.49064E-02 
4.40435E-02 
4.31781E-02 
4.23111E-02 
4.16400E-02 
4.14438E-02 
4.05094E-02 
3.95771E-02 
3.86479E-02 
3.77232E-02 
3.68133E-02 
3.59056E-02 
3.49992E-02 
3.40954E-02 
3.31958E-02 
3.23016E-02 
3.14141E-02 
3.05346E-02 
2.96642E-02 
2.88038E-02 
2.79546E-02 
2.71173E-02 
2.62927E-02 
4.75049E-02 
4.66308E-02 
4.57647E-02 
4.49056E-02 
4.40426E-02 
4.31771E-02 
4.23102E-02 
4.16390E-02 
4.14428E-02 
4.05084E-02 
3.95760E-02 
3.86469E-02 
3.77221E-02 
3.68122E-02 
3.59045E-02 
3.49980E-02 
3.40943E-02 
3.31946E-02 
3.23003E-02 
3.14129E-02 
3.05333E-02 
2.96629E-02 
2.88025E-02 
2.79533E-02 
2.71159E-02 
2.62914E-02 
4.75038E-02 
4.66297E-02 
4.57636E-02 
4.49044E-02 
4.40415E-02 
4.31759E-02 
4.23090E-02 
4.16378E-02 
4.14416E-02 
4.05071E-02 
3.95747E-02 
3.86455E-02 
3.77208E-02 
3.68108E-02 
3.59031E-02 
3.49966E-02 
3.40928E-02 
3.31931E-02 
3.22988E-02 
3.14113E-02 
3.05317E-02 
2.96613E-02 
2.88009E-02 
2.79516E-02 
2.71142E-02 
2.62896E-02 
4.75025E-02 
4.66283E-02 
4.57622E-02 
4.49030E-02 
4.40400E-02 
4.31744E-02 
4.23074E-02 
4.16362E-02 
4.14400E-02 
4.05055E-02 
3.95730E-02 
3.86438E-02 
3.77190E-02 
3.68090E-02 
3.59013E-02 
3.49947E-02 
3.40909E-02 
3.31911E-02 
3.22968E-02 
3.14093E-02 
3.05297E-02 
2.96592E-02 
2.87988E-02 
2.79494E-02 
2.71120E-02 
2.62874E-02 
4.75008E-02 
4.66266E-02 
4.57604E-02 
4.49011E-02 
4.40381E-02 
4.31725E-02 
4.23054E-02 
4.16342E-02 
4.14379E-02 
4.05034E-02 
3.95709E-02 
3.86416E-02 
3.77168E-02 
3.68067E-02 
3.58989E-02 
3.49923E-02 
3.40884E-02 
3.31886E-02 
3.22943E-02 
3.14067E-02 
3.05271E-02 
2.96565E-02 
2.87960E-02 
2.79466E-02 
2.71092E-02 
2.62846E-02 
4.74985E-02 
4.66243E-02 
4.57581E-02 
4.48987E-02 
4.40356E-02 
4.31700E-02 
4.23028E-02 
4.16316E-02 
4.14353E-02 
4.05007E-02 
3.95682E-02 
3.86388E-02 
3.77139E-02 
3.68038E-02 
3.58959E-02 
3.49893E-02 
3.40853E-02 
3.31854E-02 
3.22910E-02 
3.14034E-02 
3.05237E-02 
2.96531E-02 
2.87925E-02 
2.79431E-02 
2.71056E-02 
2.62809E-02 
4.74957E-02 
4.66214E-02 
4.57551E-02 
4.48957E-02 
4.40325E-02 
4.31668E-02 
4.22995E-02 
4.16282E-02 
4.14320E-02 
4.04973E-02 
3.95646E-02 
3.86352E-02 
3.77102E-02 
3.68000E-02 
3.58921E-02 
3.49853E-02 
3.40813E-02 
3.31814E-02 
3.22869E-02 
3.13992E-02 
3.05194E-02 
2.96487E-02 
2.87881E-02 
2.79386E-02 
2.71010E-02 
2.62762E-02 
4.74921E-02 
4.66177E-02 
4.57513E-02 
4.48917E-02 
4.40285E-02 
4.31626E-02 
4.22953E-02 
4.16240E-02 
4.14277E-02 
4.04929E-02 
3.95601E-02 
3.86306E-02 
3.77055E-02 
3.67952E-02 
3.58872E-02 
3.49803E-02 
3.40762E-02 
3.31761E-02 
3.22816E-02 
3.13937E-02 
3.05139E-02 
2.96431E-02 
2.87824E-02 
2.79328E-02 
2.70951E-02 
2.62702E-02 
4.74875E-02 
4.66129E-02 
4.57464E-02 
4.48867E-02 
4.40233E-02 
4.31574E-02 
4.22900E-02 
4.16185E-02 
4.14222E-02 
4.04872E-02 
3.95543E-02 
3.86247E-02 
3.76994E-02 
3.67890E-02 
3.58809E-02 
3.49739E-02 
3.40696E-02 
3.31694E-02 
3.22747E-02 
3.13868E-02 
3.05068E-02 
2.96359E-02 
2.87750E-02 
2.79253E-02 
2.70875E-02 
2.62625E-02 
4.74815E-02 
4.66068E-02 
4.57401E-02 
4.48803E-02 
4.40168E-02 
4.31506E-02 
4.22831E-02 
4.16114E-02 
4.14151E-02 
4.04800E-02 
3.95469E-02 
3.86171E-02 
3.76917E-02 
3.67811E-02 
3.58728E-02 
3.49657E-02 
3.40612E-02 
3.31609E-02 
3.22660E-02 
3.13779E-02 
3.04977E-02 
2.96266E-02 
2.87657E-02 
2.79158E-02 
2.70778E-02 
2.62527E-02 
4.74739E-02 
4.65990E-02 
4.57321E-02 
4.48721E-02 
4.40083E-02 
4.31420E-02 
4.22742E-02 
4.16025E-02 
4.14061E-02 
4.04707E-02 
3.95375E-02 
3.86074E-02 
3.76818E-02 
3.67710E-02 
3.58625E-02 
3.49551E-02 
3.40504E-02 
3.31499E-02 
3.22548E-02 
3.13665E-02 
3.04861E-02 
2.96148E-02 
2.87537E-02 
2.79036E-02 
2.70654E-02 
2.62401E-02 
4.74641E-02 
4.65890E-02 
4.57218E-02 
4.48615E-02 
4.39975E-02 
4.31310E-02 
4.22629E-02 
4.15909E-02 
4.13945E-02 
4.04589E-02 
3.95253E-02 
3.85950E-02 
3.76691E-02 
3.67580E-02 
3.58492E-02 
3.49416E-02 
3.40367E-02 
3.31358E-02 
3.22405E-02 
3.13519E-02 
3.04713E-02 
2.95997E-02 
2.87383E-02 
2.78879E-02 
2.70496E-02 
2.62240E-02 
4.74516E-02 
4.65761E-02 
4.57086E-02 
4.48480E-02 
4.39837E-02 
4.31168E-02 
4.22484E-02 
4.15762E-02 
4.13797E-02 
4.04437E-02 
3.95098E-02 
3.85791E-02 
3.76528E-02 
3.67414E-02 
3.58323E-02 
3.49243E-02 
3.40190E-02 
3.31178E-02 
3.22222E-02 
3.13332E-02 
3.04522E-02 
2.95804E-02 
2.87186E-02 
2.78679E-02 
2.70292E-02 
2.62033E-02 
4.74353E-02 
4.65594E-02 
4.56915E-02 
4.48305E-02 
4.39657E-02 
4.30983E-02 
4.22295E-02 
4.15570E-02 
4.13603E-02 
4.04239E-02 
3.94895E-02 
3.85584E-02 
3.76316E-02 
3.67198E-02 
3.58102E-02 
3.49017E-02 
3.39960E-02 
3.30944E-02 
3.21983E-02 
3.13089E-02 
3.04275E-02 
2.95552E-02 
2.86930E-02 
2.78419E-02 
2.70028E-02 
2.61764E-02 
4.74147E-02 
4.65382E-02 
4.56698E-02 
4.48082E-02 
4.39429E-02 
4.30750E-02 
4.22057E-02 
4.15327E-02 
4.13359E-02 
4.03989E-02 
3.94639E-02 
3.85322E-02 
3.76049E-02 
3.66925E-02 
3.57823E-02 
3.48733E-02 
3.39670E-02 
3.30648E-02 
3.21681E-02 
3.12782E-02 
3.03962E-02 
2.95234E-02 
2.86606E-02 
2.78090E-02 
2.69694E-02 
2.61425E-02 
4.73883E-02 
4.65112E-02 
4.56420E-02 
4.47797E-02 
4.39137E-02 
4.30452E-02 
4.21751E-02 
4.15016E-02 
4.13047E-02 
4.03669E-02 
3.94312E-02 
3.84987E-02 
3.75707E-02 
3.66575E-02 
3.57466E-02 
3.48369E-02 
3.39299E-02 
3.30270E-02 
3.21296E-02 
3.12389E-02 
3.03562E-02 
2.94827E-02 
2.86193E-02 
2.77670E-02 
2.69266E-02 
2.60991E-02 
4.73545E-02 
4.64764E-02 
4.56064E-02 
4.47433E-02 
4.38764E-02 
4.30069E-02 
4.21360E-02 
4.14618E-02 
4.12647E-02 
4.03260E-02 
3.93893E-02 
3.84559E-02 
3.75269E-02 
3.66128E-02 
3.57010E-02 
3.47903E-02 
3.38824E-02 
3.29786E-02 
3.20802E-02 
3.11887E-02 
3.03051E-02 
2.94307E-02 
2.85664E-02 
2.77132E-02 
2.68720E-02 
2.60437E-02 
4.73111E-02 
4.64319E-02 
4.55608E-02 
4.46965E-02 
4.38285E-02 
4.29579E-02 
4.20859E-02 
4.14108E-02 
4.12134E-02 
4.02735E-02 
3.93356E-02 
3.84010E-02 
3.74708E-02 
3.65556E-02 
3.56425E-02 
3.47307E-02 
3.38216E-02 
3.29166E-02 
3.20172E-02 
3.11245E-02 
3.02397E-02 
2.93642E-02 
2.84988E-02 
2.76445E-02 
2.68022E-02 
2.59728E-02 
4.72554E-02 
4.63748E-02 
4.55022E-02 
4.46365E-02 
4.37671E-02 
4.28951E-02 
4.20216E-02 
4.13454E-02 
4.11477E-02 
4.02063E-02 
3.92669E-02 
3.83307E-02 
3.73990E-02 
3.64822E-02 
3.55677E-02 
3.46544E-02 
3.37438E-02 
3.28373E-02 
3.19364E-02 
3.10422E-02 
3.01561E-02 
2.92790E-02 
2.84122E-02 
2.75565E-02 
2.67129E-02 
2.58821E-02 
4.71839E-02 
4.63014E-02 
4.54270E-02 
4.45596E-02 
4.36883E-02 
4.28145E-02 
4.19392E-02 
4.12617E-02 
4.10636E-02 
4.01201E-02 
3.91788E-02 
3.82407E-02 
3.73071E-02 
3.63884E-02 
3.54720E-02 
3.45568E-02 
3.36443E-02 
3.27359E-02 
3.18331E-02 
3.09371E-02 
3.00491E-02 
2.91703E-02 
2.83017E-02 
2.74442E-02 
2.65988E-02 
2.57663E-02 
4.70921E-02 
4.62074E-02 
4.53307E-02 
4.44610E-02 
4.35875E-02 
4.27114E-02 
4.18338E-02 
4.11544E-02 
4.09558E-02 
4.00099E-02 
3.90661E-02 
3.81256E-02 
3.71895E-02 
3.62684E-02 
3.53496E-02 
3.44320E-02 
3.35172E-02 
3.26065E-02 
3.17013E-02 
3.08029E-02 
2.99126E-02 
2.90315E-02 
2.81606E-02 
2.73009E-02 
2.64533E-02 
2.56187E-02 
4.69744E-02 
4.60867E-02 
4.52072E-02 
4.43346E-02 
4.34582E-02 
4.25793E-02 
4.16988E-02 
4.10172E-02 
4.08180E-02 
3.98690E-02 
3.89221E-02 
3.79785E-02 
3.70393E-02 
3.61153E-02 
3.51935E-02 
3.42729E-02 
3.33550E-02 
3.24413E-02 
3.15332E-02 
3.06319E-02 
2.97386E-02 
2.88546E-02 
2.79809E-02 
2.71184E-02 
2.62680E-02 
2.54306E-02 
4.68232E-02 
4.59319E-02 
4.50487E-02 
4.41726E-02 
4.32927E-02 
4.24101E-02 
4.15260E-02 
4.08417E-02 
4.06416E-02 
3.96888E-02 
3.87380E-02 
3.77905E-02 
3.68475E-02 
3.59197E-02 
3.49941E-02 
3.40697E-02 
3.31481E-02 
3.22307E-02 
3.13188E-02 
3.04139E-02 
2.95170E-02 
2.86294E-02 
2.77521E-02 
2.68860E-02 
2.60322E-02 
2.51914E-02 
4.66291E-02 
4.57333E-02 
4.48456E-02 
4.39651E-02 
4.30807E-02 
4.21936E-02 
4.13051E-02 
4.06173E-02 
4.04162E-02 
3.94585E-02 
3.85029E-02 
3.75507E-02 
3.66029E-02 
3.56703E-02 
3.47401E-02 
3.38110E-02 
3.28847E-02 
3.19627E-02 
3.10462E-02 
3.01366E-02 
2.92352E-02 
2.83431E-02 
2.74613E-02 
2.65909E-02 
2.57328E-02 
2.48877E-02 
4.63801E-02 
4.54787E-02 
4.45855E-02 
4.36995E-02 
4.28095E-02 
4.19170E-02 
4.10229E-02 
4.03308E-02 
4.01285E-02 
3.91648E-02 
3.82033E-02 
3.72451E-02 
3.62914E-02 
3.53530E-02 
3.44170E-02 
3.34821E-02 
3.25501E-02 
3.16223E-02 
3.07001E-02 
2.97848E-02 
2.88778E-02 
2.79801E-02 
2.70929E-02 
2.62170E-02 
2.53535E-02 
2.45032E-02 
4.60609E-02 
4.51526E-02 
4.42527E-02 
4.33599E-02 
4.24632E-02 
4.15639E-02 
4.06631E-02 
3.99657E-02 
3.97618E-02 
3.87909E-02 
3.78220E-02 
3.68565E-02 
3.58956E-02 
3.49501E-02 
3.40070E-02 
3.30650E-02 
3.21259E-02 
3.11910E-02 
3.02619E-02 
2.93397E-02 
2.84258E-02 
2.75213E-02 
2.66273E-02 
2.57448E-02 
2.48747E-02 
2.40179E-02 
4.56525E-02 
4.47360E-02 
4.38278E-02 
4.29269E-02 
4.20220E-02 
4.11144E-02 
4.02053E-02 
3.95016E-02 
3.92958E-02 
3.83160E-02 
3.73383E-02 
3.63640E-02 
3.53943E-02 
3.44402E-02 
3.34884E-02 
3.25378E-02 
3.15901E-02 
3.06467E-02 
2.97090E-02 
2.87784E-02 
2.78561E-02 
2.69433E-02 
2.60412E-02 
2.51506E-02 
2.42726E-02 
2.34080E-02 
4.51315E-02 
4.42050E-02 
4.32869E-02 
4.23762E-02 
4.14614E-02 
4.05440E-02 
3.96250E-02 
3.89136E-02 
3.87056E-02 
3.77151E-02 
3.67268E-02 
3.57419E-02 
3.47616E-02 
3.37971E-02 
3.28350E-02 
3.18741E-02 
3.09160E-02 
2.99624E-02 
2.90145E-02 
2.80737E-02 
2.71414E-02 
2.62187E-02 
2.53067E-02 
2.44065E-02 
2.35189E-02 
2.26449E-02 
4.44694E-02 
4.35311E-02 
4.26013E-02 
4.16790E-02 
4.07526E-02 
3.98234E-02 
3.88927E-02 
3.81723E-02 
3.79616E-02 
3.69585E-02 
3.59575E-02 
3.49601E-02 
3.39673E-02 
3.29905E-02 
3.20161E-02 
3.10429E-02 
3.00727E-02 
2.91068E-02 
2.81468E-02 
2.71941E-02 
2.62499E-02 
2.53154E-02 
2.43918E-02 
2.34801E-02 
2.25812E-02 
2.16960E-02 
4.36315E-02 
4.26793E-02 
4.17358E-02 
4.07999E-02 
3.98598E-02 
3.89170E-02 
3.79726E-02 
3.72415E-02 
3.70278E-02 
3.60099E-02 
3.49942E-02 
3.39820E-02 
3.29746E-02 
3.19834E-02 
3.09946E-02 
3.00071E-02 
2.90226E-02 
2.80425E-02 
2.70684E-02 
2.61016E-02 
2.51435E-02 
2.41952E-02 
2.32580E-02 
2.23329E-02 
2.14207E-02 
2.05225E-02 
4.25834E-02 
4.16154E-02 
4.06562E-02 
3.97047E-02 
3.87490E-02 
3.77904E-02 
3.68303E-02 
3.60870E-02 
3.58697E-02 
3.48349E-02 
3.38023E-02 
3.27732E-02 
3.17491E-02 
3.07414E-02 
2.97361E-02 
2.87322E-02 
2.77312E-02 
2.67348E-02 
2.57445E-02 
2.47616E-02 
2.37876E-02 
2.28235E-02 
2.18707E-02 
2.09301E-02 
2.00028E-02 
1.90896E-02 
4.12784E-02 
4.02924E-02 
3.93154E-02 
3.83462E-02 
3.73728E-02 
3.63965E-02 
3.54185E-02 
3.46615E-02 
3.44402E-02 
3.33861E-02 
3.23343E-02 
3.12862E-02 
3.02430E-02 
2.92166E-02 
2.81927E-02 
2.71702E-02 
2.61507E-02 
2.51358E-02 
2.41271E-02 
2.31260E-02 
2.21338E-02 
2.11519E-02 
2.01814E-02 
1.92234E-02 
1.82788E-02 
1.73487E-02 
3.96715E-02 
3.86655E-02 
3.76688E-02 
3.66799E-02 
3.56868E-02 
3.46907E-02 
3.36929E-02 
3.29205E-02 
3.26947E-02 
3.16193E-02 
3.05462E-02 
2.94768E-02 
2.84125E-02 
2.73653E-02 
2.63206E-02 
2.52774E-02 
2.42372E-02 
2.32017E-02 
2.21726E-02 
2.11512E-02 
2.01389E-02 
1.91371E-02 
1.81469E-02 
1.71695E-02 
1.62058E-02 
1.52568E-02 
3.77149E-02 
3.66871E-02 
3.56686E-02 
3.46583E-02 
3.36436E-02 
3.26258E-02 
3.16064E-02 
3.08172E-02 
3.05865E-02 
2.94876E-02 
2.83912E-02 
2.72986E-02 
2.62112E-02 
2.51412E-02 
2.40739E-02 
2.30079E-02 
2.19451E-02 
2.08872E-02 
1.98356E-02 
1.87920E-02 
1.77578E-02 
1.67342E-02 
1.57225E-02 
1.47238E-02 
1.37392E-02 
1.27696E-02 
3.53612E-02 
3.43098E-02 
3.32681E-02 
3.22346E-02 
3.11967E-02 
3.01557E-02 
2.91129E-02 
2.83056E-02 
2.80696E-02 
2.69457E-02 
2.58242E-02 
2.47066E-02 
2.35943E-02 
2.24998E-02 
2.14081E-02 
2.03177E-02 
1.92306E-02 
1.81485E-02 
1.70729E-02 
1.60054E-02 
1.49475E-02 
1.39005E-02 
1.28656E-02 
1.18441E-02 
1.08370E-02 
9.84517E-03 
3.25660E-02 
3.14898E-02 
3.04234E-02 
2.93656E-02 
2.83031E-02 
2.72374E-02 
2.61700E-02 
2.53437E-02 
2.51021E-02 
2.39516E-02 
2.28036E-02 
2.16595E-02 
2.05209E-02 
1.94006E-02 
1.82830E-02 
1.71669E-02 
1.60541E-02 
1.49463E-02 
1.38453E-02 
1.27526E-02 
1.16697E-02 
1.05979E-02 
9.53860E-03 
8.49292E-03 
7.46196E-03 
6.44672E-03 
2.92919E-02 
2.81898E-02 
2.70979E-02 
2.60146E-02 
2.49266E-02 
2.38354E-02 
2.27423E-02 
2.18962E-02 
2.16488E-02 
2.04706E-02 
1.92951E-02 
1.81236E-02 
1.69577E-02 
1.58105E-02 
1.46660E-02 
1.35231E-02 
1.23836E-02 
1.12493E-02 
1.01218E-02 
9.00289E-03 
7.89397E-03 
6.79649E-03 
5.71175E-03 
4.64097E-03 
3.58527E-03 
2.54566E-03 
2.55085E-02 
2.43801E-02 
2.32620E-02 
2.21528E-02 
2.10387E-02 
1.99214E-02 
1.88022E-02 
1.79357E-02 
1.76824E-02 
1.64761E-02 
1.52724E-02 
1.40728E-02 
1.28790E-02 
1.17043E-02 
1.05324E-02 
9.36216E-03 
8.19536E-03 
7.03387E-03 
5.87942E-03 
4.73369E-03 
3.59821E-03 
2.47445E-03 
1.36373E-03 
2.67313E-04 
-8.13672E-04 
-1.87818E-03 
2.12197E-02 
2.00649E-02 
1.89207E-02 
1.77855E-02 
1.66454E-02 
1.55020E-02 
1.43566E-02 
1.34699E-02 
1.32107E-02 
1.19761E-02 
1.07443E-02 
9.51668E-03 
8.29492E-03 
7.09278E-03 
5.89356E-03 
4.69592E-03 
3.50185E-03 
2.31321E-03 
1.13178E-03 
-4.07320E-05 
-1.20275E-03 
-2.35278E-03 
-3.48946E-03 
-4.61150E-03 
-5.71775E-03 
-6.80715E-03 
1.63627E-02 
1.51817E-02 
1.40114E-02 
1.28505E-02 
1.16845E-02 
1.05151E-02 
9.34367E-03 
8.43685E-03 
8.17173E-03 
6.90915E-03 
5.64933E-03 
4.39386E-03 
3.14435E-03 
1.91490E-03 
6.88437E-04 
-5.36399E-04 
-1.75760E-03 
-2.97324E-03 
-4.18150E-03 
-5.38064E-03 
-6.56906E-03 
-7.74521E-03 
-8.90771E-03 
-1.00552E-02 
-1.11866E-02 
-1.23008E-02 
1.09808E-02 
9.77440E-03 
8.57901E-03 
7.39313E-03 
6.20207E-03 
5.00749E-03 
3.81087E-03 
2.88454E-03 
2.61373E-03 
1.32399E-03 
3.70749E-05 
-1.24539E-03 
-2.52177E-03 
-3.77766E-03 
-5.03050E-03 
-6.28168E-03 
-7.52914E-03 
-8.77092E-03 
-1.00052E-02 
-1.12301E-02 
-1.24441E-02 
-1.36455E-02 
-1.48330E-02 
-1.60052E-02 
-1.71609E-02 
-1.82990E-02 
5.07214E-03 
3.84149E-03 
2.62210E-03 
1.41241E-03 
1.97439E-04 
-1.02113E-03 
-2.24177E-03 
-3.18669E-03 
-3.46294E-03 
-4.77857E-03 
-6.09132E-03 
-7.39953E-03 
-8.70154E-03 
-9.98264E-03 
-1.12606E-02 
-1.25369E-02 
-1.38094E-02 
-1.50761E-02 
-1.63352E-02 
-1.75847E-02 
-1.88230E-02 
-2.00486E-02 
-2.12599E-02 
-2.24557E-02 
-2.36346E-02 
-2.47955E-02 
-1.34251E-03 
-2.59580E-03 
-3.83762E-03 
-5.06957E-03 
-6.30689E-03 
-7.54788E-03 
-8.79098E-03 
-9.75328E-03 
-1.00346E-02 
-1.13744E-02 
-1.27114E-02 
-1.40436E-02 
-1.53696E-02 
-1.66743E-02 
-1.79758E-02 
-1.92755E-02 
-2.05715E-02 
-2.18615E-02 
-2.31437E-02 
-2.44162E-02 
-2.56773E-02 
-2.69254E-02 
-2.81590E-02 
-2.93768E-02 
-3.05774E-02 
-3.17597E-02 
-8.23204E-03 
-9.50602E-03 
-1.07683E-02 
-1.20206E-02 
-1.32784E-02 
-1.45398E-02 
-1.58034E-02 
-1.67816E-02 
-1.70676E-02 
-1.84296E-02 
-1.97885E-02 
-2.11428E-02 
-2.24906E-02 
-2.38168E-02 
-2.51398E-02 
-2.64611E-02 
-2.77784E-02 
-2.90897E-02 
-3.03930E-02 
-3.16865E-02 
-3.29685E-02 
-3.42372E-02 
-3.54912E-02 
-3.67290E-02 
-3.79494E-02 
-3.91512E-02 
-1.55549E-02 
-1.68473E-02 
-1.81278E-02 
-1.93981E-02 
-2.06740E-02 
-2.19536E-02 
-2.32355E-02 
-2.42278E-02 
-2.45179E-02 
-2.58995E-02 
-2.72780E-02 
-2.86518E-02 
-3.00191E-02 
-3.13644E-02 
-3.27065E-02 
-3.40468E-02 
-3.53831E-02 
-3.67133E-02 
-3.80354E-02 
-3.93476E-02 
-4.06480E-02 
-4.19350E-02 
-4.32071E-02 
-4.44628E-02 
-4.57008E-02 
-4.69199E-02 
-2.31833E-02 
-2.44912E-02 
-2.57871E-02 
-2.70728E-02 
-2.83641E-02 
-2.96591E-02 
-3.09564E-02 
-3.19607E-02 
-3.22543E-02 
-3.36525E-02 
-3.50477E-02 
-3.64381E-02 
-3.78218E-02 
-3.91834E-02 
-4.05416E-02 
-4.18980E-02 
-4.32504E-02 
-4.45967E-02 
-4.59348E-02 
-4.72628E-02 
-4.85789E-02 
-4.98814E-02 
-5.11688E-02 
-5.24396E-02 
-5.36926E-02 
-5.49264E-02 
-3.12046E-02 
-3.25253E-02 
-3.38339E-02 
-3.51322E-02 
-3.64360E-02 
-3.77438E-02 
-3.90537E-02 
-4.00678E-02 
-4.03643E-02 
-4.17762E-02 
-4.31850E-02 
-4.45889E-02 
-4.59862E-02 
-4.73611E-02 
-4.87326E-02 
-5.01023E-02 
-5.14679E-02 
-5.28273E-02 
-5.41785E-02 
-5.55194E-02 
-5.68484E-02 
-5.81637E-02 
-5.94636E-02 
-6.07469E-02 
-6.20121E-02 
-6.32580E-02 
-3.94382E-02 
-4.07684E-02 
-4.20864E-02 
-4.33939E-02 
-4.47072E-02 
-4.60243E-02 
-4.73437E-02 
-4.83651E-02 
-4.86637E-02 
-5.00857E-02 
-5.15047E-02 
-5.29187E-02 
-5.43260E-02 
-5.57108E-02 
-5.70921E-02 
-5.84717E-02 
-5.98471E-02 
-6.12163E-02 
-6.25772E-02 
-6.39278E-02 
-6.52663E-02 
-6.65910E-02 
-6.79003E-02 
-6.91928E-02 
-7.04670E-02 
-7.17219E-02 
-4.78333E-02 
-4.91695E-02 
-5.04934E-02 
-5.18069E-02 
-5.31261E-02 
-5.44491E-02 
-5.57745E-02 
-5.68004E-02 
-5.71004E-02 
-5.85288E-02 
-5.99542E-02 
-6.13746E-02 
-6.27882E-02 
-6.41792E-02 
-6.55668E-02 
-6.69526E-02 
-6.83342E-02 
-6.97096E-02 
-7.10766E-02 
-7.24332E-02 
-7.37778E-02 
-7.51085E-02 
-7.64237E-02 
-7.77220E-02 
-7.90020E-02 
-8.02625E-02 
-5.62962E-02 
-5.76347E-02 
-5.89609E-02 
-6.02766E-02 
-6.15980E-02 
-6.29233E-02 
-6.42509E-02 
-6.52786E-02 
-6.55790E-02 
-6.70099E-02 
-6.84377E-02 
-6.98605E-02 
-7.12765E-02 
-7.26699E-02 
-7.40598E-02 
-7.54479E-02 
-7.68319E-02 
-7.82096E-02 
-7.95789E-02 
-8.09379E-02 
-8.22847E-02 
-8.36176E-02 
-8.49351E-02 
-8.62356E-02 
-8.75178E-02 
-8.87804E-02 
-6.47549E-02 
-6.60917E-02 
-6.74162E-02 
-6.87303E-02 
-7.00500E-02 
-7.13737E-02 
-7.26996E-02 
-7.37260E-02 
-7.40260E-02 
-7.54551E-02 
-7.68811E-02 
-7.83021E-02 
-7.97164E-02 
-8.11080E-02 
-8.24962E-02 
-8.38825E-02 
-8.52648E-02 
-8.66407E-02 
-8.80083E-02 
-8.93656E-02 
-9.07108E-02 
-9.20420E-02 
-9.33578E-02 
-9.46567E-02 
-9.59372E-02 
-9.71983E-02 
-7.31005E-02 
-7.44315E-02 
-7.57503E-02 
-7.70585E-02 
-7.83725E-02 
-7.96904E-02 
-8.10105E-02 
-8.20325E-02 
-8.23312E-02 
-8.37541E-02 
-8.51738E-02 
-8.65887E-02 
-8.79968E-02 
-8.93823E-02 
-9.07645E-02 
-9.21448E-02 
-9.35210E-02 
-9.48909E-02 
-9.62526E-02 
-9.76039E-02 
-9.89432E-02 
-1.00269E-01 
-1.01579E-01 
-1.02872E-01 
-1.04147E-01 
-1.05402E-01 
-8.12295E-02 
-8.25503E-02 
-8.38590E-02 
-8.51573E-02 
-8.64612E-02 
-8.77690E-02 
-8.90791E-02 
-9.00932E-02 
-9.03897E-02 
-9.18017E-02 
-9.32106E-02 
-9.46146E-02 
-9.60120E-02 
-9.73870E-02 
-9.87586E-02 
-1.00128E-01 
-1.01494E-01 
-1.02854E-01 
-1.04205E-01 
-1.05546E-01 
-1.06875E-01 
-1.08190E-01 
-1.09490E-01 
-1.10774E-01 
-1.12039E-01 
-1.13285E-01 
-8.90382E-02 
-9.03443E-02 
-9.16385E-02 
-9.29224E-02 
-9.42119E-02 
-9.55052E-02 
-9.68007E-02 
-9.78035E-02 
-9.80967E-02 
-9.94930E-02 
-1.00886E-01 
-1.02275E-01 
-1.03657E-01 
-1.05016E-01 
-1.06373E-01 
-1.07727E-01 
-1.09078E-01 
-1.10422E-01 
-1.11758E-01 
-1.13085E-01 
-1.14399E-01 
-1.15700E-01 
-1.16985E-01 
-1.18254E-01 
-1.19505E-01 
-1.20738E-01 
-9.64006E-02 
-9.76874E-02 
-9.89624E-02 
-1.00227E-01 
-1.01498E-01 
-1.02772E-01 
-1.04048E-01 
-1.05036E-01 
-1.05325E-01 
-1.06701E-01 
-1.08074E-01 
-1.09442E-01 
-1.10803E-01 
-1.12143E-01 
-1.13479E-01 
-1.14813E-01 
-1.16144E-01 
-1.17469E-01 
-1.18785E-01 
-1.20092E-01 
-1.21386E-01 
-1.22668E-01 
-1.23935E-01 
-1.25185E-01 
-1.26418E-01 
-1.27632E-01 
-1.03220E-01 
-1.04483E-01 
-1.05734E-01 
-1.06975E-01 
-1.08222E-01 
-1.09472E-01 
-1.10724E-01 
-1.11694E-01 
-1.11977E-01 
-1.13327E-01 
-1.14674E-01 
-1.16016E-01 
-1.17352E-01 
-1.18667E-01 
-1.19978E-01 
-1.21287E-01 
-1.22593E-01 
-1.23893E-01 
-1.25184E-01 
-1.26466E-01 
-1.27737E-01 
-1.28995E-01 
-1.30237E-01 
-1.31464E-01 
-1.32674E-01 
-1.33865E-01 
-1.09309E-01 
-1.10543E-01 
-1.11766E-01 
-1.12979E-01 
-1.14197E-01 
-1.15419E-01 
-1.16642E-01 
-1.17590E-01 
-1.17867E-01 
-1.19186E-01 
-1.20502E-01 
-1.21814E-01 
-1.23119E-01 
-1.24404E-01 
-1.25685E-01 
-1.26965E-01 
-1.28240E-01 
-1.29510E-01 
-1.30773E-01 
-1.32026E-01 
-1.33267E-01 
-1.34496E-01 
-1.35710E-01 
-1.36909E-01 
-1.38091E-01 
-1.39255E-01 
-1.14649E-01 
-1.15849E-01 
-1.17038E-01 
-1.18217E-01 
-1.19402E-01 
-1.20590E-01 
-1.21780E-01 
-1.22701E-01 
-1.22970E-01 
-1.24253E-01 
-1.25533E-01 
-1.26808E-01 
-1.28078E-01 
-1.29327E-01 
-1.30573E-01 
-1.31817E-01 
-1.33057E-01 
-1.34292E-01 
-1.35520E-01 
-1.36738E-01 
-1.37945E-01 
-1.39140E-01 
-1.40321E-01 
-1.41487E-01 
-1.42636E-01 
-1.43768E-01 
-1.19054E-01 
-1.20214E-01 
-1.21364E-01 
-1.22505E-01 
-1.23651E-01 
-1.24800E-01 
-1.25951E-01 
-1.26842E-01 
-1.27103E-01 
-1.28344E-01 
-1.29582E-01 
-1.30815E-01 
-1.32043E-01 
-1.33251E-01 
-1.34457E-01 
-1.35660E-01 
-1.36860E-01 
-1.38055E-01 
-1.39242E-01 
-1.40421E-01 
-1.41588E-01 
-1.42744E-01 
-1.43886E-01 
-1.45014E-01 
-1.46126E-01 
-1.47221E-01 
-1.22394E-01 
-1.23510E-01 
-1.24616E-01 
-1.25713E-01 
-1.26815E-01 
-1.27920E-01 
-1.29027E-01 
-1.29884E-01 
-1.30135E-01 
-1.31328E-01 
-1.32519E-01 
-1.33705E-01 
-1.34886E-01 
-1.36048E-01 
-1.37207E-01 
-1.38364E-01 
-1.39518E-01 
-1.40667E-01 
-1.41809E-01 
-1.42942E-01 
-1.44065E-01 
-1.45177E-01 
-1.46275E-01 
-1.47360E-01 
-1.48429E-01 
-1.49482E-01 
-1.24538E-01 
-1.25604E-01 
-1.26661E-01 
-1.27709E-01 
-1.28761E-01 
-1.29817E-01 
-1.30875E-01 
-1.31694E-01 
-1.31933E-01 
-1.33073E-01 
-1.34211E-01 
-1.35344E-01 
-1.36472E-01 
-1.37582E-01 
-1.38690E-01 
-1.39796E-01 
-1.40898E-01 
-1.41996E-01 
-1.43087E-01 
-1.44169E-01 
-1.45242E-01 
-1.46304E-01 
-1.47354E-01 
-1.48390E-01 
-1.49411E-01 
-1.50417E-01 
-1.25349E-01 
-1.26360E-01 
-1.27362E-01 
-1.28356E-01 
-1.29354E-01 
-1.30356E-01 
-1.31359E-01 
-1.32135E-01 
-1.32362E-01 
-1.33443E-01 
-1.34521E-01 
-1.35596E-01 
-1.36666E-01 
-1.37719E-01 
-1.38769E-01 
-1.39817E-01 
-1.40863E-01 
-1.41904E-01 
-1.42938E-01 
-1.43965E-01 
-1.44982E-01 
-1.45989E-01 
-1.46984E-01 
-1.47967E-01 
-1.48935E-01 
-1.49889E-01 
-1.24691E-01 
-1.25641E-01 
-1.26583E-01 
-1.27517E-01 
-1.28456E-01 
-1.29397E-01 
-1.30339E-01 
-1.31069E-01 
-1.31282E-01 
-1.32298E-01 
-1.33312E-01 
-1.34323E-01 
-1.35328E-01 
-1.36318E-01 
-1.37304E-01 
-1.38290E-01 
-1.39273E-01 
-1.40251E-01 
-1.41224E-01 
-1.42189E-01 
-1.43145E-01 
-1.44091E-01 
-1.45027E-01 
-1.45950E-01 
-1.46861E-01 
-1.47757E-01 
-1.22422E-01 
-1.23306E-01 
-1.24182E-01 
-1.25051E-01 
-1.25924E-01 
-1.26799E-01 
-1.27676E-01 
-1.28355E-01 
-1.28554E-01 
-1.29499E-01 
-1.30442E-01 
-1.31382E-01 
-1.32317E-01 
-1.33238E-01 
-1.34156E-01 
-1.35073E-01 
-1.35987E-01 
-1.36897E-01 
-1.37801E-01 
-1.38699E-01 
-1.39589E-01 
-1.40469E-01 
-1.41340E-01 
-1.42199E-01 
-1.43046E-01 
-1.43880E-01 
-1.18399E-01 
-1.19212E-01 
-1.20016E-01 
-1.20815E-01 
-1.21616E-01 
-1.22421E-01 
-1.23226E-01 
-1.23850E-01 
-1.24032E-01 
-1.24901E-01 
-1.25767E-01 
-1.26630E-01 
-1.27490E-01 
-1.28335E-01 
-1.29178E-01 
-1.30021E-01 
-1.30861E-01 
-1.31697E-01 
-1.32528E-01 
-1.33352E-01 
-1.34169E-01 
-1.34978E-01 
-1.35778E-01 
-1.36567E-01 
-1.37345E-01 
-1.38111E-01 
-1.12464E-01 
-1.13199E-01 
-1.13926E-01 
-1.14648E-01 
-1.15373E-01 
-1.16101E-01 
-1.16829E-01 
-1.17393E-01 
-1.17558E-01 
-1.18343E-01 
-1.19126E-01 
-1.19907E-01 
-1.20684E-01 
-1.21448E-01 
-1.22211E-01 
-1.22972E-01 
-1.23732E-01 
-1.24488E-01 
-1.25239E-01 
-1.25985E-01 
-1.26724E-01 
-1.27455E-01 
-1.28178E-01 
-1.28891E-01 
-1.29595E-01 
-1.30288E-01 
-1.04538E-01 
-1.05190E-01 
-1.05835E-01 
-1.06475E-01 
-1.07119E-01 
-1.07763E-01 
-1.08410E-01 
-1.08910E-01 
-1.09056E-01 
-1.09752E-01 
-1.10447E-01 
-1.11139E-01 
-1.11828E-01 
-1.12506E-01 
-1.13183E-01 
-1.13858E-01 
-1.14532E-01 
-1.15202E-01 
-1.15869E-01 
-1.16530E-01 
-1.17185E-01 
-1.17834E-01 
-1.18475E-01 
-1.19108E-01 
-1.19732E-01 
-1.20346E-01 
-9.43716E-02 
-9.49335E-02 
-9.54904E-02 
-9.60428E-02 
-9.65976E-02 
-9.71540E-02 
-9.77114E-02 
-9.81429E-02 
-9.82691E-02 
-9.88698E-02 
-9.94693E-02 
-1.00067E-01 
-1.00661E-01 
-1.01246E-01 
-1.01830E-01 
-1.02413E-01 
-1.02994E-01 
-1.03572E-01 
-1.04147E-01 
-1.04718E-01 
-1.05283E-01 
-1.05843E-01 
-1.06396E-01 
-1.06942E-01 
-1.07480E-01 
-1.08010E-01 
-8.18641E-02 
-8.23308E-02 
-8.27933E-02 
-8.32521E-02 
-8.37129E-02 
-8.41750E-02 
-8.46380E-02 
-8.49963E-02 
-8.51011E-02 
-8.56001E-02 
-8.60980E-02 
-8.65941E-02 
-8.70879E-02 
-8.75738E-02 
-8.80585E-02 
-8.85426E-02 
-8.90252E-02 
-8.95056E-02 
-8.99831E-02 
-9.04570E-02 
-9.09267E-02 
-9.13915E-02 
-9.18509E-02 
-9.23044E-02 
-9.27515E-02 
-9.31918E-02 
-6.68634E-02 
-6.72290E-02 
-6.75912E-02 
-6.79506E-02 
-6.83115E-02 
-6.86735E-02 
-6.90362E-02 
-6.93169E-02 
-6.93989E-02 
-6.97898E-02 
-7.01798E-02 
-7.05684E-02 
-7.09552E-02 
-7.13358E-02 
-7.17155E-02 
-7.20946E-02 
-7.24726E-02 
-7.28490E-02 
-7.32230E-02 
-7.35942E-02 
-7.39621E-02 
-7.43262E-02 
-7.46860E-02 
-7.50412E-02 
-7.53915E-02 
-7.57364E-02 
-4.92188E-02 
-4.94773E-02 
-4.97334E-02 
-4.99875E-02 
-5.02427E-02 
-5.04986E-02 
-5.07550E-02 
-5.09535E-02 
-5.10115E-02 
-5.12878E-02 
-5.15636E-02 
-5.18384E-02 
-5.21118E-02 
-5.23809E-02 
-5.26494E-02 
-5.29174E-02 
-5.31847E-02 
-5.34508E-02 
-5.37152E-02 
-5.39777E-02 
-5.42378E-02 
-5.44952E-02 
-5.47496E-02 
-5.50008E-02 
-5.52484E-02 
-5.54923E-02 
-2.87732E-02 
-2.89185E-02 
-2.90625E-02 
-2.92054E-02 
-2.93489E-02 
-2.94928E-02 
-2.96370E-02 
-2.97486E-02 
-2.97812E-02 
-2.99366E-02 
-3.00916E-02 
-3.02462E-02 
-3.03999E-02 
-3.05512E-02 
-3.07022E-02 
-3.08529E-02 
-3.10032E-02 
-3.11528E-02 
-3.13015E-02 
-3.14491E-02 
-3.15954E-02 
-3.17401E-02 
-3.18832E-02 
-3.20244E-02 
-3.21636E-02 
-3.23008E-02 
-5.38215E-03 
-5.40833E-03 
-5.43428E-03 
-5.46002E-03 
-5.48587E-03 
-5.51180E-03 
-5.53778E-03 
-5.55788E-03 
-5.56376E-03 
-5.59175E-03 
-5.61969E-03 
-5.64752E-03 
-5.67523E-03 
-5.70249E-03 
-5.72968E-03 
-5.75684E-03 
-5.78392E-03 
-5.81087E-03 
-5.83766E-03 
-5.86425E-03 
-5.89060E-03 
-5.91667E-03 
-5.94245E-03 
-5.96789E-03 
-5.99298E-03 
-6.01768E-03 
2.11951E-02 
2.12945E-02 
2.13930E-02 
2.14908E-02 
2.15889E-02 
2.16874E-02 
2.17860E-02 
2.18624E-02 
2.18847E-02 
2.19910E-02 
2.20971E-02 
2.22028E-02 
2.23080E-02 
2.24115E-02 
2.25147E-02 
2.26179E-02 
2.27207E-02 
2.28230E-02 
2.29247E-02 
2.30257E-02 
2.31258E-02 
2.32248E-02 
2.33227E-02 
2.34193E-02 
2.35145E-02 
2.36083E-02 
5.09463E-02 
5.11771E-02 
5.14057E-02 
5.16326E-02 
5.18604E-02 
5.20889E-02 
5.23178E-02 
5.24950E-02 
5.25468E-02 
5.27935E-02 
5.30396E-02 
5.32849E-02 
5.35291E-02 
5.37693E-02 
5.40089E-02 
5.42483E-02 
5.44869E-02 
5.47244E-02 
5.49605E-02 
5.51948E-02 
5.54270E-02 
5.56568E-02 
5.58839E-02 
5.61081E-02 
5.63292E-02 
5.65469E-02 
8.41385E-02 
8.45068E-02 
8.48718E-02 
8.52339E-02 
8.55975E-02 
8.59623E-02 
8.63276E-02 
8.66105E-02 
8.66931E-02 
8.70869E-02 
8.74798E-02 
8.78714E-02 
8.82611E-02 
8.86446E-02 
8.90271E-02 
8.94091E-02 
8.97900E-02 
9.01691E-02 
9.05459E-02 
9.09199E-02 
9.12906E-02 
9.16574E-02 
9.20200E-02 
9.23779E-02 
9.27307E-02 
9.30782E-02 
1.20924E-01 
1.21436E-01 
1.21943E-01 
1.22447E-01 
1.22953E-01 
1.23460E-01 
1.23968E-01 
1.24361E-01 
1.24476E-01 
1.25024E-01 
1.25570E-01 
1.26114E-01 
1.26656E-01 
1.27189E-01 
1.27721E-01 
1.28252E-01 
1.28782E-01 
1.29309E-01 
1.29833E-01 
1.30353E-01 
1.30869E-01 
1.31379E-01 
1.31883E-01 
1.32381E-01 
1.32871E-01 
1.33354E-01 
1.61463E-01 
1.62125E-01 
1.62782E-01 
1.63433E-01 
1.64087E-01 
1.64742E-01 
1.65399E-01 
1.65908E-01 
1.66056E-01 
1.66764E-01 
1.67471E-01 
1.68175E-01 
1.68876E-01 
1.69565E-01 
1.70253E-01 
1.70940E-01 
1.71625E-01 
1.72306E-01 
1.72984E-01 
1.73656E-01 
1.74323E-01 
1.74982E-01 
1.75634E-01 
1.76278E-01 
1.76912E-01 
1.77537E-01 
2.05912E-01 
2.06730E-01 
2.07542E-01 
2.08346E-01 
2.09155E-01 
2.09965E-01 
2.10777E-01 
2.11406E-01 
2.11590E-01 
2.12465E-01 
2.13338E-01 
2.14209E-01 
2.15075E-01 
2.15927E-01 
2.16777E-01 
2.17626E-01 
2.18473E-01 
2.19316E-01 
2.20153E-01 
2.20985E-01 
2.21808E-01 
2.22624E-01 
2.23430E-01 
2.24225E-01 
2.25009E-01 
2.25782E-01 
2.54431E-01 
2.55412E-01 
2.56385E-01 
2.57350E-01 
2.58318E-01 
2.59290E-01 
2.60264E-01 
2.61017E-01 
2.61238E-01 
2.62287E-01 
2.63334E-01 
2.64377E-01 
2.65415E-01 
2.66437E-01 
2.67456E-01 
2.68474E-01 
2.69489E-01 
2.70499E-01 
2.71503E-01 
2.72500E-01 
2.73487E-01 
2.74465E-01 
2.75431E-01 
2.76384E-01 
2.77324E-01 
2.78250E-01 
3.07197E-01 
3.08347E-01 
3.09487E-01 
3.10618E-01 
3.11754E-01 
3.12893E-01 
3.14034E-01 
3.14918E-01 
3.15176E-01 
3.16406E-01 
3.17633E-01 
3.18856E-01 
3.20074E-01 
3.21271E-01 
3.22466E-01 
3.23659E-01 
3.24849E-01 
3.26033E-01 
3.27211E-01 
3.28379E-01 
3.29536E-01 
3.30682E-01 
3.31815E-01 
3.32933E-01 
3.34035E-01 
3.35120E-01 
3.64328E-01 
3.65654E-01 
3.66968E-01 
3.68271E-01 
3.69581E-01 
3.70893E-01 
3.72209E-01 
3.73227E-01 
3.73524E-01 
3.74942E-01 
3.76356E-01 
3.77766E-01 
3.79169E-01 
3.80549E-01 
3.81926E-01 
3.83301E-01 
3.84672E-01 
3.86037E-01 
3.87393E-01 
3.88739E-01 
3.90074E-01 
3.91394E-01 
3.92699E-01 
3.93988E-01 
3.95258E-01 
3.96509E-01 
---
