PdfType: replica
Format: lhagrid1
---
1.00000E-06 1.28121E-06 1.64152E-06 2.10317E-06 2.69463E-06 3.45242E-06 4.42329E-06 5.66715E-06 7.26076E-06 9.30241E-06 1.19180E-05 1.52689E-05 1.95617E-05 2.50609E-05 3.21053E-05 4.11287E-05 5.26863E-05 6.74889E-05 8.64459E-05 1.10720E-04 1.41800E-04 1.81585E-04 2.32503E-04 2.97652E-04 3.80981E-04 4.87518E-04 6.26039E-04 8.00452E-04 1.02297E-03 1.30657E-03 1.66759E-03 2.12729E-03 2.71054E-03 3.44865E-03 4.37927E-03 5.54908E-03 7.01192E-03 8.83064E-03 1.10763E-02 1.38266E-02 1.71641E-02 2.11717E-02 2.59364E-02 3.15062E-02 3.79623E-02 4.53425E-02 5.36750E-02 6.29705E-02 7.32221E-02 8.44039E-02 9.64793E-02 1.09332E-01 1.23067E-01 1.37507E-01 1.52639E-01 1.68416E-01 1.84794E-01 2.01731E-01 2.19016E-01 2.36948E-01 2.55242E-01 2.73927E-01 2.92954E-01 3.12340E-01 3.32036E-01 3.52019E-01 3.72282E-01 3.92772E-01 4.13533E-01 4.34326E-01 4.55495E-01 4.76836E-01 4.98342E-01 5.20006E-01 5.41818E-01 5.63773E-01 5.85861E-01 6.08077E-01 6.30459E-01 6.52800E-01 6.75387E-01 6.98063E-01 7.20830E-01 7.43683E-01 7.66623E-01 7.89636E-01 8.12791E-01 8.35940E-01 8.59175E-01 8.82485E-01 9.05866E-01 9.29311E-01 9.52817E-01 9.76387E-01 1.00000E+00 
1.14018E+00 1.22539E+00 1.32482E+00 1.44156E+00 1.57954E+00 1.74381E+00 1.94091E+00 2.12132E+00 2.17945E+00 2.49622E+00 2.89383E+00 3.39925E+00 4.05063E+00 4.90286E+00 6.03623E+00 7.57063E+00 9.68869E+00 1.26749E+01 1.69835E+01 2.33578E+01 3.30501E+01 4.82334E+01 7.28041E+01 1.13998E+02 1.85779E+02 3.16228E+02 
908
1.76915E-01 
1.73392E-01 
1.69923E-01 
1.66503E-01 
1.63090E-01 
1.59688E-01 
1.56302E-01 
1.53694E-01 
1.52934E-01 
1.49328E-01 
1.45753E-01 
1.42211E-01 
1.38706E-01 
1.35275E-01 
1.31871E-01 
1.28489E-01 
1.25134E-01 
1.21809E-01 
1.18521E-01 
1.15271E-01 
1.12064E-01 
1.08902E-01 
1.05789E-01 
1.02727E-01 
9.97180E-02 
9.67637E-02 
1.76914E-01 
1.73391E-01 
1.69923E-01 
1.66502E-01 
1.63089E-01 
1.59688E-01 
1.56301E-01 
1.53694E-01 
1.52934E-01 
1.49328E-01 
1.45752E-01 
1.42210E-01 
1.38705E-01 
1.35275E-01 
1.31871E-01 
1.28488E-01 
1.25133E-01 
1.21809E-01 
1.18520E-01 
1.15270E-01 
1.12063E-01 
1.08902E-01 
1.05789E-01 
1.02727E-01 
9.97175E-02 
9.67632E-02 
1.76913E-01 
1.73390E-01 
1.69922E-01 
1.66502E-01 
1.63089E-01 
1.59687E-01 
1.56300E-01 
1.53693E-01 
1.52933E-01 
1.49327E-01 
1.45752E-01 
1.42210E-01 
1.38705E-01 
1.35274E-01 
1.31870E-01 
1.28488E-01 
1.25132E-01 
1.21808E-01 
1.18520E-01 
1.15270E-01 
1.12063E-01 
1.08901E-01 
1.05788E-01 
1.02726E-01 
9.97169E-02 
9.67626E-02 
1.76913E-01 
1.73390E-01 
1.69921E-01 
1.66501E-01 
1.63088E-01 
1.59686E-01 
1.56300E-01 
1.53692E-01 
1.52932E-01 
1.49326E-01 
1.45751E-01 
1.42209E-01 
1.38704E-01 
1.35273E-01 
1.31869E-01 
1.28487E-01 
1.25132E-01 
1.21808E-01 
1.18519E-01 
1.15269E-01 
1.12062E-01 
1.08900E-01 
1.05787E-01 
1.02725E-01 
9.97161E-02 
9.67618E-02 
1.76911E-01 
1.73388E-01 
1.69920E-01 
1.66500E-01 
1.63087E-01 
1.59685E-01 
1.56299E-01 
1.53691E-01 
1.52931E-01 
1.49325E-01 
1.45750E-01 
1.42208E-01 
1.38703E-01 
1.35272E-01 
1.31868E-01 
1.28486E-01 
1.25131E-01 
1.21806E-01 
1.18518E-01 
1.15268E-01 
1.12061E-01 
1.08899E-01 
1.05786E-01 
1.02724E-01 
9.97151E-02 
9.67608E-02 
1.76910E-01 
1.73387E-01 
1.69919E-01 
1.66498E-01 
1.63085E-01 
1.59684E-01 
1.56297E-01 
1.53690E-01 
1.52930E-01 
1.49324E-01 
1.45748E-01 
1.42206E-01 
1.38702E-01 
1.35271E-01 
1.31867E-01 
1.28485E-01 
1.25129E-01 
1.21805E-01 
1.18516E-01 
1.15267E-01 
1.12060E-01 
1.08898E-01 
1.05785E-01 
1.02723E-01 
9.97137E-02 
9.67595E-02 
1.76908E-01 
1.73385E-01 
1.69917E-01 
1.66497E-01 
1.63083E-01 
1.59682E-01 
1.56295E-01 
1.53688E-01 
1.52928E-01 
1.49322E-01 
1.45747E-01 
1.42205E-01 
1.38700E-01 
1.35269E-01 
1.31865E-01 
1.28483E-01 
1.25128E-01 
1.21803E-01 
1.18515E-01 
1.15265E-01 
1.12058E-01 
1.08896E-01 
1.05783E-01 
1.02721E-01 
9.97121E-02 
9.67578E-02 
1.76906E-01 
1.73383E-01 
1.69914E-01 
1.66494E-01 
1.63081E-01 
1.59680E-01 
1.56293E-01 
1.53686E-01 
1.52926E-01 
1.49320E-01 
1.45744E-01 
1.42202E-01 
1.38698E-01 
1.35267E-01 
1.31863E-01 
1.28481E-01 
1.25125E-01 
1.21801E-01 
1.18512E-01 
1.15263E-01 
1.12056E-01 
1.08894E-01 
1.05781E-01 
1.02719E-01 
9.97099E-02 
9.67557E-02 
1.76903E-01 
1.73380E-01 
1.69912E-01 
1.66491E-01 
1.63078E-01 
1.59677E-01 
1.56290E-01 
1.53683E-01 
1.52923E-01 
1.49317E-01 
1.45741E-01 
1.42200E-01 
1.38695E-01 
1.35264E-01 
1.31860E-01 
1.28478E-01 
1.25123E-01 
1.21798E-01 
1.18510E-01 
1.15260E-01 
1.12053E-01 
1.08892E-01 
1.05778E-01 
1.02716E-01 
9.97072E-02 
9.67529E-02 
1.76899E-01 
1.73376E-01 
1.69908E-01 
1.66488E-01 
1.63075E-01 
1.59673E-01 
1.56287E-01 
1.53679E-01 
1.52919E-01 
1.49313E-01 
1.45738E-01 
1.42196E-01 
1.38691E-01 
1.35261E-01 
1.31856E-01 
1.28474E-01 
1.25119E-01 
1.21795E-01 
1.18506E-01 
1.15256E-01 
1.12049E-01 
1.08888E-01 
1.05775E-01 
1.02713E-01 
9.97037E-02 
9.67494E-02 
1.76894E-01 
1.73371E-01 
1.69903E-01 
1.66483E-01 
1.63070E-01 
1.59668E-01 
1.56282E-01 
1.53674E-01 
1.52914E-01 
1.49309E-01 
1.45733E-01 
1.42191E-01 
1.38686E-01 
1.35256E-01 
1.31852E-01 
1.28470E-01 
1.25114E-01 
1.21790E-01 
1.18501E-01 
1.15252E-01 
1.12045E-01 
1.08883E-01 
1.05770E-01 
1.02708E-01 
9.96991E-02 
9.67449E-02 
1.76888E-01 
1.73365E-01 
1.69897E-01 
1.66477E-01 
1.63064E-01 
1.59662E-01 
1.56276E-01 
1.53668E-01 
1.52908E-01 
1.49303E-01 
1.45727E-01 
1.42185E-01 
1.38680E-01 
1.35250E-01 
1.31846E-01 
1.28464E-01 
1.25108E-01 
1.21784E-01 
1.18496E-01 
1.15246E-01 
1.12039E-01 
1.08878E-01 
1.05765E-01 
1.02702E-01 
9.96934E-02 
9.67392E-02 
1.76880E-01 
1.73357E-01 
1.69889E-01 
1.66469E-01 
1.63056E-01 
1.59654E-01 
1.56268E-01 
1.53661E-01 
1.52901E-01 
1.49295E-01 
1.45719E-01 
1.42177E-01 
1.38673E-01 
1.35242E-01 
1.31838E-01 
1.28456E-01 
1.25101E-01 
1.21777E-01 
1.18488E-01 
1.15239E-01 
1.12031E-01 
1.08870E-01 
1.05757E-01 
1.02695E-01 
9.96860E-02 
9.67318E-02 
1.76870E-01 
1.73347E-01 
1.69879E-01 
1.66459E-01 
1.63046E-01 
1.59644E-01 
1.56258E-01 
1.53651E-01 
1.52891E-01 
1.49285E-01 
1.45709E-01 
1.42168E-01 
1.38663E-01 
1.35233E-01 
1.31828E-01 
1.28446E-01 
1.25091E-01 
1.21767E-01 
1.18478E-01 
1.15229E-01 
1.12022E-01 
1.08861E-01 
1.05748E-01 
1.02686E-01 
9.96765E-02 
9.67223E-02 
1.76857E-01 
1.73334E-01 
1.69866E-01 
1.66446E-01 
1.63033E-01 
1.59631E-01 
1.56245E-01 
1.53638E-01 
1.52878E-01 
1.49272E-01 
1.45697E-01 
1.42155E-01 
1.38650E-01 
1.35220E-01 
1.31816E-01 
1.28434E-01 
1.25079E-01 
1.21755E-01 
1.18466E-01 
1.15217E-01 
1.12010E-01 
1.08848E-01 
1.05735E-01 
1.02673E-01 
9.96643E-02 
9.67102E-02 
1.76840E-01 
1.73318E-01 
1.69849E-01 
1.66429E-01 
1.63016E-01 
1.59615E-01 
1.56229E-01 
1.53621E-01 
1.52861E-01 
1.49256E-01 
1.45681E-01 
1.42139E-01 
1.38634E-01 
1.35204E-01 
1.31800E-01 
1.28418E-01 
1.25063E-01 
1.21739E-01 
1.18450E-01 
1.15201E-01 
1.11994E-01 
1.08833E-01 
1.05720E-01 
1.02658E-01 
9.96487E-02 
9.66947E-02 
1.76819E-01 
1.73296E-01 
1.69828E-01 
1.66408E-01 
1.62995E-01 
1.59594E-01 
1.56208E-01 
1.53601E-01 
1.52841E-01 
1.49235E-01 
1.45660E-01 
1.42118E-01 
1.38614E-01 
1.35183E-01 
1.31779E-01 
1.28397E-01 
1.25042E-01 
1.21718E-01 
1.18430E-01 
1.15181E-01 
1.11974E-01 
1.08812E-01 
1.05700E-01 
1.02638E-01 
9.96288E-02 
9.66748E-02 
1.76792E-01 
1.73269E-01 
1.69801E-01 
1.66381E-01 
1.62968E-01 
1.59567E-01 
1.56181E-01 
1.53574E-01 
1.52814E-01 
1.49208E-01 
1.45633E-01 
1.42092E-01 
1.38587E-01 
1.35157E-01 
1.31753E-01 
1.28371E-01 
1.25016E-01 
1.21692E-01 
1.18404E-01 
1.15155E-01 
1.11948E-01 
1.08787E-01 
1.05674E-01 
1.02612E-01 
9.96033E-02 
9.66493E-02 
1.76757E-01 
1.73234E-01 
1.69766E-01 
1.66346E-01 
1.62934E-01 
1.59532E-01 
1.56147E-01 
1.53539E-01 
1.52779E-01 
1.49174E-01 
1.45599E-01 
1.42058E-01 
1.38553E-01 
1.35123E-01 
1.31719E-01 
1.28338E-01 
1.24983E-01 
1.21659E-01 
1.18371E-01 
1.15121E-01 
1.11915E-01 
1.08754E-01 
1.05641E-01 
1.02579E-01 
9.95706E-02 
9.66167E-02 
1.76712E-01 
1.73189E-01 
1.69722E-01 
1.66302E-01 
1.62889E-01 
1.59488E-01 
1.56102E-01 
1.53495E-01 
1.52736E-01 
1.49130E-01 
1.45555E-01 
1.42014E-01 
1.38510E-01 
1.35080E-01 
1.31676E-01 
1.28295E-01 
1.24940E-01 
1.21616E-01 
1.18328E-01 
1.15079E-01 
1.11872E-01 
1.08712E-01 
1.05599E-01 
1.02537E-01 
9.95287E-02 
9.65749E-02 
1.76654E-01 
1.73132E-01 
1.69664E-01 
1.66245E-01 
1.62833E-01 
1.59432E-01 
1.56046E-01 
1.53439E-01 
1.52679E-01 
1.49074E-01 
1.45499E-01 
1.41958E-01 
1.38454E-01 
1.35025E-01 
1.31621E-01 
1.28240E-01 
1.24885E-01 
1.21562E-01 
1.18274E-01 
1.15025E-01 
1.11818E-01 
1.08657E-01 
1.05545E-01 
1.02484E-01 
9.94751E-02 
9.65215E-02 
1.76581E-01 
1.73059E-01 
1.69591E-01 
1.66172E-01 
1.62760E-01 
1.59359E-01 
1.55974E-01 
1.53367E-01 
1.52607E-01 
1.49003E-01 
1.45428E-01 
1.41887E-01 
1.38383E-01 
1.34954E-01 
1.31550E-01 
1.28169E-01 
1.24815E-01 
1.21492E-01 
1.18204E-01 
1.14955E-01 
1.11749E-01 
1.08588E-01 
1.05476E-01 
1.02415E-01 
9.94065E-02 
9.64530E-02 
1.76487E-01 
1.72965E-01 
1.69498E-01 
1.66079E-01 
1.62667E-01 
1.59267E-01 
1.55881E-01 
1.53275E-01 
1.52515E-01 
1.48911E-01 
1.45336E-01 
1.41796E-01 
1.38292E-01 
1.34863E-01 
1.31460E-01 
1.28079E-01 
1.24725E-01 
1.21402E-01 
1.18114E-01 
1.14866E-01 
1.11660E-01 
1.08500E-01 
1.05388E-01 
1.02327E-01 
9.93186E-02 
9.63655E-02 
1.76367E-01 
1.72845E-01 
1.69378E-01 
1.65960E-01 
1.62548E-01 
1.59148E-01 
1.55763E-01 
1.53157E-01 
1.52397E-01 
1.48793E-01 
1.45219E-01 
1.41679E-01 
1.38176E-01 
1.34747E-01 
1.31344E-01 
1.27964E-01 
1.24610E-01 
1.21287E-01 
1.18000E-01 
1.14752E-01 
1.11546E-01 
1.08386E-01 
1.05275E-01 
1.02214E-01 
9.92063E-02 
9.62534E-02 
1.76213E-01 
1.72692E-01 
1.69225E-01 
1.65807E-01 
1.62396E-01 
1.58997E-01 
1.55612E-01 
1.53006E-01 
1.52247E-01 
1.48643E-01 
1.45070E-01 
1.41530E-01 
1.38027E-01 
1.34599E-01 
1.31197E-01 
1.27816E-01 
1.24463E-01 
1.21141E-01 
1.17854E-01 
1.14606E-01 
1.11401E-01 
1.08242E-01 
1.05130E-01 
1.02070E-01 
9.90627E-02 
9.61102E-02 
1.76016E-01 
1.72496E-01 
1.69030E-01 
1.65612E-01 
1.62202E-01 
1.58803E-01 
1.55419E-01 
1.52814E-01 
1.52054E-01 
1.48451E-01 
1.44878E-01 
1.41339E-01 
1.37837E-01 
1.34409E-01 
1.31007E-01 
1.27628E-01 
1.24275E-01 
1.20953E-01 
1.17667E-01 
1.14420E-01 
1.11215E-01 
1.08056E-01 
1.04946E-01 
1.01886E-01 
9.88791E-02 
9.59271E-02 
1.75761E-01 
1.72241E-01 
1.68776E-01 
1.65359E-01 
1.61949E-01 
1.58551E-01 
1.55168E-01 
1.52563E-01 
1.51804E-01 
1.48202E-01 
1.44629E-01 
1.41091E-01 
1.37590E-01 
1.34163E-01 
1.30762E-01 
1.27383E-01 
1.24031E-01 
1.20710E-01 
1.17424E-01 
1.14178E-01 
1.10974E-01 
1.07816E-01 
1.04706E-01 
1.01647E-01 
9.86404E-02 
9.56891E-02 
1.75439E-01 
1.71920E-01 
1.68456E-01 
1.65040E-01 
1.61632E-01 
1.58234E-01 
1.54852E-01 
1.52248E-01 
1.51489E-01 
1.47888E-01 
1.44316E-01 
1.40779E-01 
1.37279E-01 
1.33853E-01 
1.30453E-01 
1.27075E-01 
1.23723E-01 
1.20404E-01 
1.17119E-01 
1.13873E-01 
1.10670E-01 
1.07513E-01 
1.04404E-01 
1.01345E-01 
9.83401E-02 
9.53896E-02 
1.75029E-01 
1.71511E-01 
1.68048E-01 
1.64634E-01 
1.61226E-01 
1.57830E-01 
1.54449E-01 
1.51846E-01 
1.51087E-01 
1.47487E-01 
1.43917E-01 
1.40381E-01 
1.36882E-01 
1.33457E-01 
1.30058E-01 
1.26682E-01 
1.23332E-01 
1.20013E-01 
1.16729E-01 
1.13485E-01 
1.10283E-01 
1.07127E-01 
1.04019E-01 
1.00961E-01 
9.79572E-02 
9.50077E-02 
1.74506E-01 
1.70991E-01 
1.67529E-01 
1.64116E-01 
1.60710E-01 
1.57315E-01 
1.53936E-01 
1.51334E-01 
1.50575E-01 
1.46977E-01 
1.43409E-01 
1.39874E-01 
1.36377E-01 
1.32953E-01 
1.29556E-01 
1.26181E-01 
1.22832E-01 
1.19515E-01 
1.16233E-01 
1.12990E-01 
1.09790E-01 
1.06635E-01 
1.03528E-01 
1.00472E-01 
9.74695E-02 
9.45213E-02 
1.73842E-01 
1.70328E-01 
1.66869E-01 
1.63458E-01 
1.60054E-01 
1.56661E-01 
1.53283E-01 
1.50683E-01 
1.49925E-01 
1.46329E-01 
1.42762E-01 
1.39230E-01 
1.35734E-01 
1.32313E-01 
1.28918E-01 
1.25544E-01 
1.22198E-01 
1.18882E-01 
1.15602E-01 
1.12361E-01 
1.09163E-01 
1.06009E-01 
1.02905E-01 
9.98505E-02 
9.68493E-02 
9.39028E-02 
1.72997E-01 
1.69486E-01 
1.66029E-01 
1.62620E-01 
1.59219E-01 
1.55828E-01 
1.52453E-01 
1.49855E-01 
1.49097E-01 
1.45504E-01 
1.41940E-01 
1.38410E-01 
1.34917E-01 
1.31498E-01 
1.28105E-01 
1.24734E-01 
1.21390E-01 
1.18077E-01 
1.14800E-01 
1.11561E-01 
1.08365E-01 
1.05214E-01 
1.02111E-01 
9.90595E-02 
9.60605E-02 
9.31161E-02 
1.71926E-01 
1.68418E-01 
1.64965E-01 
1.61559E-01 
1.58161E-01 
1.54774E-01 
1.51402E-01 
1.48806E-01 
1.48049E-01 
1.44458E-01 
1.40898E-01 
1.37371E-01 
1.33882E-01 
1.30466E-01 
1.27076E-01 
1.23709E-01 
1.20368E-01 
1.17058E-01 
1.13783E-01 
1.10547E-01 
1.07354E-01 
1.04206E-01 
1.01106E-01 
9.80574E-02 
9.50612E-02 
9.21196E-02 
1.70574E-01 
1.67070E-01 
1.63621E-01 
1.60219E-01 
1.56825E-01 
1.53442E-01 
1.50074E-01 
1.47480E-01 
1.46724E-01 
1.43138E-01 
1.39582E-01 
1.36060E-01 
1.32574E-01 
1.29162E-01 
1.25777E-01 
1.22413E-01 
1.19076E-01 
1.15770E-01 
1.12499E-01 
1.09267E-01 
1.06078E-01 
1.02933E-01 
9.98373E-02 
9.67918E-02 
9.37991E-02 
9.08610E-02 
1.68873E-01 
1.65374E-01 
1.61930E-01 
1.58533E-01 
1.55144E-01 
1.51766E-01 
1.48403E-01 
1.45814E-01 
1.45059E-01 
1.41478E-01 
1.37927E-01 
1.34410E-01 
1.30929E-01 
1.27523E-01 
1.24142E-01 
1.20783E-01 
1.17451E-01 
1.14150E-01 
1.10884E-01 
1.07657E-01 
1.04472E-01 
1.01332E-01 
9.82410E-02 
9.52000E-02 
9.22117E-02 
8.92780E-02 
1.66741E-01 
1.63249E-01 
1.59811E-01 
1.56421E-01 
1.53038E-01 
1.49666E-01 
1.46309E-01 
1.43725E-01 
1.42971E-01 
1.39397E-01 
1.35853E-01 
1.32342E-01 
1.28868E-01 
1.25468E-01 
1.22093E-01 
1.18741E-01 
1.15415E-01 
1.12120E-01 
1.08860E-01 
1.05639E-01 
1.02460E-01 
9.93264E-02 
9.62406E-02 
9.32053E-02 
9.02226E-02 
8.72943E-02 
1.64085E-01 
1.60601E-01 
1.57171E-01 
1.53789E-01 
1.50414E-01 
1.47050E-01 
1.43701E-01 
1.41122E-01 
1.40371E-01 
1.36805E-01 
1.33269E-01 
1.29766E-01 
1.26300E-01 
1.22908E-01 
1.19541E-01 
1.16197E-01 
1.12879E-01 
1.09591E-01 
1.06339E-01 
1.03125E-01 
9.99539E-02 
9.68275E-02 
9.37490E-02 
9.07207E-02 
8.77450E-02 
8.48235E-02 
1.60798E-01 
1.57324E-01 
1.53904E-01 
1.50532E-01 
1.47166E-01 
1.43812E-01 
1.40473E-01 
1.37902E-01 
1.37153E-01 
1.33597E-01 
1.30071E-01 
1.26579E-01 
1.23123E-01 
1.19741E-01 
1.16384E-01 
1.13049E-01 
1.09740E-01 
1.06463E-01 
1.03220E-01 
1.00015E-01 
9.68531E-02 
9.37358E-02 
9.06662E-02 
8.76468E-02 
8.46796E-02 
8.17666E-02 
1.56763E-01 
1.53302E-01 
1.49894E-01 
1.46534E-01 
1.43180E-01 
1.39838E-01 
1.36511E-01 
1.33949E-01 
1.33202E-01 
1.29660E-01 
1.26147E-01 
1.22667E-01 
1.19223E-01 
1.15853E-01 
1.12508E-01 
1.09185E-01 
1.05888E-01 
1.02622E-01 
9.93912E-02 
9.61984E-02 
9.30475E-02 
8.99413E-02 
8.68827E-02 
8.38742E-02 
8.09177E-02 
7.80151E-02 
1.51856E-01 
1.48410E-01 
1.45017E-01 
1.41672E-01 
1.38333E-01 
1.35006E-01 
1.31693E-01 
1.29143E-01 
1.28399E-01 
1.24872E-01 
1.21375E-01 
1.17910E-01 
1.14482E-01 
1.11126E-01 
1.07796E-01 
1.04488E-01 
1.01206E-01 
9.79541E-02 
9.47371E-02 
9.15584E-02 
8.84213E-02 
8.53288E-02 
8.22837E-02 
7.92883E-02 
7.63449E-02 
7.34551E-02 
1.45954E-01 
1.42526E-01 
1.39151E-01 
1.35824E-01 
1.32503E-01 
1.29193E-01 
1.25899E-01 
1.23362E-01 
1.22622E-01 
1.19114E-01 
1.15635E-01 
1.12189E-01 
1.08779E-01 
1.05442E-01 
1.02130E-01 
9.88389E-02 
9.55743E-02 
9.23402E-02 
8.91404E-02 
8.59787E-02 
8.28584E-02 
7.97825E-02 
7.67537E-02 
7.37744E-02 
7.08466E-02 
6.79723E-02 
1.38941E-01 
1.35535E-01 
1.32182E-01 
1.28876E-01 
1.25577E-01 
1.22289E-01 
1.19015E-01 
1.16495E-01 
1.15760E-01 
1.12274E-01 
1.08818E-01 
1.05394E-01 
1.02006E-01 
9.86900E-02 
9.53992E-02 
9.21298E-02 
8.88862E-02 
8.56729E-02 
8.24938E-02 
7.93525E-02 
7.62523E-02 
7.31962E-02 
7.01869E-02 
6.72268E-02 
6.43180E-02 
6.14622E-02 
1.30709E-01 
1.27329E-01 
1.24002E-01 
1.20722E-01 
1.17448E-01 
1.14185E-01 
1.10936E-01 
1.08435E-01 
1.07706E-01 
1.04247E-01 
1.00817E-01 
9.74200E-02 
9.40581E-02 
9.07675E-02 
8.75020E-02 
8.42577E-02 
8.10392E-02 
7.78506E-02 
7.46959E-02 
7.15787E-02 
6.85024E-02 
6.54698E-02 
6.24837E-02 
5.95464E-02 
5.66599E-02 
5.38261E-02 
1.21230E-01 
1.17882E-01 
1.14585E-01 
1.11333E-01 
1.08089E-01 
1.04856E-01 
1.01637E-01 
9.91580E-02 
9.84355E-02 
9.50080E-02 
9.16091E-02 
8.82423E-02 
8.49108E-02 
8.16498E-02 
7.84139E-02 
7.51989E-02 
7.20094E-02 
6.88495E-02 
6.57233E-02 
6.26343E-02 
5.95858E-02 
5.65806E-02 
5.36214E-02 
5.07106E-02 
4.78502E-02 
4.50420E-02 
1.10438E-01 
1.07125E-01 
1.03862E-01 
1.00645E-01 
9.74350E-02 
9.42355E-02 
9.10503E-02 
8.85978E-02 
8.78830E-02 
8.44915E-02 
8.11283E-02 
7.77969E-02 
7.45005E-02 
7.12738E-02 
6.80719E-02 
6.48907E-02 
6.17347E-02 
5.86081E-02 
5.55148E-02 
5.24582E-02 
4.94417E-02 
4.64682E-02 
4.35401E-02 
4.06599E-02 
3.78296E-02 
3.50509E-02 
9.83550E-02 
9.50814E-02 
9.18585E-02 
8.86805E-02 
8.55090E-02 
8.23481E-02 
7.92015E-02 
7.67786E-02 
7.60724E-02 
7.27219E-02 
6.93994E-02 
6.61082E-02 
6.28516E-02 
5.96640E-02 
5.65008E-02 
5.33580E-02 
5.02402E-02 
4.71514E-02 
4.40954E-02 
4.10759E-02 
3.80958E-02 
3.51582E-02 
3.22655E-02 
2.94201E-02 
2.66240E-02 
2.38789E-02 
8.50355E-02 
8.18069E-02 
7.86282E-02 
7.54938E-02 
7.23659E-02 
6.92485E-02 
6.61450E-02 
6.37555E-02 
6.30590E-02 
5.97545E-02 
5.64776E-02 
5.32317E-02 
5.00198E-02 
4.68759E-02 
4.37562E-02 
4.06566E-02 
3.75816E-02 
3.45352E-02 
3.15212E-02 
2.85431E-02 
2.56040E-02 
2.27068E-02 
1.98538E-02 
1.70475E-02 
1.42898E-02 
1.15824E-02 
7.05771E-02 
6.73983E-02 
6.42687E-02 
6.11827E-02 
5.81031E-02 
5.50338E-02 
5.19783E-02 
4.96256E-02 
4.89398E-02 
4.56864E-02 
4.24601E-02 
3.92643E-02 
3.61020E-02 
3.30067E-02 
2.99351E-02 
2.68833E-02 
2.38558E-02 
2.08565E-02 
1.78890E-02 
1.49569E-02 
1.20632E-02 
9.21064E-03 
6.40175E-03 
3.63878E-03 
9.23642E-04 
-1.74195E-03 
5.51165E-02 
5.19923E-02 
4.89165E-02 
4.58834E-02 
4.28567E-02 
3.98401E-02 
3.68370E-02 
3.45248E-02 
3.38508E-02 
3.06532E-02 
2.74823E-02 
2.43414E-02 
2.12334E-02 
1.81912E-02 
1.51723E-02 
1.21730E-02 
9.19746E-03 
6.24963E-03 
3.33314E-03 
4.51367E-04 
-2.39268E-03 
-5.19625E-03 
-7.95690E-03 
-1.06724E-02 
-1.33409E-02 
-1.59608E-02 
3.88267E-02 
3.57615E-02 
3.27438E-02 
2.97682E-02 
2.67987E-02 
2.38391E-02 
2.08928E-02 
1.86242E-02 
1.79630E-02 
1.48259E-02 
1.17150E-02 
8.63336E-03 
5.58415E-03 
2.59949E-03 
-3.62295E-04 
-3.30492E-03 
-6.22421E-03 
-9.11631E-03 
-1.19777E-02 
-1.48049E-02 
-1.75952E-02 
-2.03458E-02 
-2.30542E-02 
-2.57184E-02 
-2.83365E-02 
-3.09068E-02 
2.18990E-02 
1.88971E-02 
1.59417E-02 
1.30274E-02 
1.01192E-02 
7.22068E-03 
4.33516E-03 
2.11341E-03 
1.46581E-03 
-1.60657E-03 
-4.65332E-03 
-7.67133E-03 
-1.06576E-02 
-1.35807E-02 
-1.64814E-02 
-1.93633E-02 
-2.22224E-02 
-2.50548E-02 
-2.78571E-02 
-3.06260E-02 
-3.33588E-02 
-3.60526E-02 
-3.87051E-02 
-4.13144E-02 
-4.38784E-02 
-4.63957E-02 
4.62918E-03 
1.69398E-03 
-1.19580E-03 
-4.04532E-03 
-6.88896E-03 
-9.72306E-03 
-1.25445E-02 
-1.47169E-02 
-1.53501E-02 
-1.83542E-02 
-2.13333E-02 
-2.42842E-02 
-2.72042E-02 
-3.00623E-02 
-3.28986E-02 
-3.57165E-02 
-3.85120E-02 
-4.12815E-02 
-4.40216E-02 
-4.67290E-02 
-4.94010E-02 
-5.20350E-02 
-5.46286E-02 
-5.71799E-02 
-5.96870E-02 
-6.21483E-02 
-1.29864E-02 
-1.58511E-02 
-1.86714E-02 
-2.14524E-02 
-2.42277E-02 
-2.69937E-02 
-2.97473E-02 
-3.18674E-02 
-3.24854E-02 
-3.54173E-02 
-3.83248E-02 
-4.12048E-02 
-4.40546E-02 
-4.68440E-02 
-4.96121E-02 
-5.23623E-02 
-5.50906E-02 
-5.77935E-02 
-6.04677E-02 
-6.31101E-02 
-6.57178E-02 
-6.82885E-02 
-7.08198E-02 
-7.33097E-02 
-7.57566E-02 
-7.81587E-02 
-3.05851E-02 
-3.33764E-02 
-3.61244E-02 
-3.88342E-02 
-4.15384E-02 
-4.42335E-02 
-4.69166E-02 
-4.89825E-02 
-4.95846E-02 
-5.24414E-02 
-5.52744E-02 
-5.80807E-02 
-6.08574E-02 
-6.35754E-02 
-6.62726E-02 
-6.89523E-02 
-7.16107E-02 
-7.42444E-02 
-7.68501E-02 
-7.94248E-02 
-8.19657E-02 
-8.44705E-02 
-8.69370E-02 
-8.93631E-02 
-9.17473E-02 
-9.40879E-02 
-4.80309E-02 
-5.07461E-02 
-5.34193E-02 
-5.60553E-02 
-5.86859E-02 
-6.13076E-02 
-6.39175E-02 
-6.59271E-02 
-6.65129E-02 
-6.92919E-02 
-7.20477E-02 
-7.47775E-02 
-7.74786E-02 
-8.01226E-02 
-8.27463E-02 
-8.53530E-02 
-8.79390E-02 
-9.05010E-02 
-9.30357E-02 
-9.55402E-02 
-9.80120E-02 
-1.00449E-01 
-1.02848E-01 
-1.05208E-01 
-1.07527E-01 
-1.09804E-01 
-6.51537E-02 
-6.77907E-02 
-7.03868E-02 
-7.29467E-02 
-7.55014E-02 
-7.80474E-02 
-8.05821E-02 
-8.25338E-02 
-8.31026E-02 
-8.58015E-02 
-8.84778E-02 
-9.11289E-02 
-9.37521E-02 
-9.63198E-02 
-9.88678E-02 
-1.01399E-01 
-1.03911E-01 
-1.06399E-01 
-1.08860E-01 
-1.11293E-01 
-1.13693E-01 
-1.16059E-01 
-1.18390E-01 
-1.20681E-01 
-1.22934E-01 
-1.25145E-01 
-8.17986E-02 
-8.43552E-02 
-8.68723E-02 
-8.93543E-02 
-9.18312E-02 
-9.42998E-02 
-9.67573E-02 
-9.86495E-02 
-9.92011E-02 
-1.01818E-01 
-1.04413E-01 
-1.06983E-01 
-1.09526E-01 
-1.12016E-01 
-1.14486E-01 
-1.16941E-01 
-1.19376E-01 
-1.21788E-01 
-1.24175E-01 
-1.26533E-01 
-1.28860E-01 
-1.31155E-01 
-1.33414E-01 
-1.35636E-01 
-1.37820E-01 
-1.39964E-01 
-9.78246E-02 
-1.00299E-01 
-1.02736E-01 
-1.05138E-01 
-1.07536E-01 
-1.09925E-01 
-1.12304E-01 
-1.14136E-01 
-1.14669E-01 
-1.17202E-01 
-1.19714E-01 
-1.22202E-01 
-1.24664E-01 
-1.27074E-01 
-1.29465E-01 
-1.31841E-01 
-1.34198E-01 
-1.36533E-01 
-1.38843E-01 
-1.41126E-01 
-1.43378E-01 
-1.45599E-01 
-1.47786E-01 
-1.49937E-01 
-1.52051E-01 
-1.54126E-01 
-1.12961E-01 
-1.15354E-01 
-1.17709E-01 
-1.20031E-01 
-1.22349E-01 
-1.24659E-01 
-1.26958E-01 
-1.28729E-01 
-1.29245E-01 
-1.31694E-01 
-1.34122E-01 
-1.36527E-01 
-1.38907E-01 
-1.41236E-01 
-1.43548E-01 
-1.45844E-01 
-1.48123E-01 
-1.50380E-01 
-1.52613E-01 
-1.54820E-01 
-1.56998E-01 
-1.59144E-01 
-1.61258E-01 
-1.63338E-01 
-1.65381E-01 
-1.67387E-01 
-1.27393E-01 
-1.29701E-01 
-1.31973E-01 
-1.34214E-01 
-1.36449E-01 
-1.38678E-01 
-1.40896E-01 
-1.42605E-01 
-1.43102E-01 
-1.45465E-01 
-1.47807E-01 
-1.50127E-01 
-1.52423E-01 
-1.54671E-01 
-1.56901E-01 
-1.59117E-01 
-1.61315E-01 
-1.63492E-01 
-1.65647E-01 
-1.67776E-01 
-1.69877E-01 
-1.71948E-01 
-1.73987E-01 
-1.75993E-01 
-1.77965E-01 
-1.79900E-01 
-1.40811E-01 
-1.43034E-01 
-1.45223E-01 
-1.47381E-01 
-1.49535E-01 
-1.51682E-01 
-1.53819E-01 
-1.55464E-01 
-1.55944E-01 
-1.58219E-01 
-1.60476E-01 
-1.62711E-01 
-1.64923E-01 
-1.67088E-01 
-1.69236E-01 
-1.71370E-01 
-1.73488E-01 
-1.75586E-01 
-1.77661E-01 
-1.79712E-01 
-1.81736E-01 
-1.83731E-01 
-1.85695E-01 
-1.87628E-01 
-1.89527E-01 
-1.91391E-01 
-1.53189E-01 
-1.55327E-01 
-1.57432E-01 
-1.59508E-01 
-1.61579E-01 
-1.63643E-01 
-1.65698E-01 
-1.67281E-01 
-1.67742E-01 
-1.69930E-01 
-1.72100E-01 
-1.74250E-01 
-1.76377E-01 
-1.78459E-01 
-1.80525E-01 
-1.82577E-01 
-1.84614E-01 
-1.86631E-01 
-1.88627E-01 
-1.90599E-01 
-1.92546E-01 
-1.94464E-01 
-1.96353E-01 
-1.98212E-01 
-2.00038E-01 
-2.01831E-01 
-1.64450E-01 
-1.66503E-01 
-1.68524E-01 
-1.70516E-01 
-1.72505E-01 
-1.74487E-01 
-1.76460E-01 
-1.77980E-01 
-1.78422E-01 
-1.80523E-01 
-1.82607E-01 
-1.84670E-01 
-1.86713E-01 
-1.88711E-01 
-1.90695E-01 
-1.92666E-01 
-1.94621E-01 
-1.96557E-01 
-1.98474E-01 
-2.00367E-01 
-2.02236E-01 
-2.04078E-01 
-2.05892E-01 
-2.07676E-01 
-2.09429E-01 
-2.11151E-01 
-1.74566E-01 
-1.76534E-01 
-1.78470E-01 
-1.80380E-01 
-1.82286E-01 
-1.84185E-01 
-1.86076E-01 
-1.87532E-01 
-1.87957E-01 
-1.89970E-01 
-1.91967E-01 
-1.93945E-01 
-1.95902E-01 
-1.97817E-01 
-1.99718E-01 
-2.01607E-01 
-2.03480E-01 
-2.05336E-01 
-2.07173E-01 
-2.08987E-01 
-2.10778E-01 
-2.12544E-01 
-2.14282E-01 
-2.15992E-01 
-2.17672E-01 
-2.19322E-01 
-1.83480E-01 
-1.85362E-01 
-1.87215E-01 
-1.89042E-01 
-1.90865E-01 
-1.92682E-01 
-1.94491E-01 
-1.95884E-01 
-1.96290E-01 
-1.98216E-01 
-2.00126E-01 
-2.02018E-01 
-2.03890E-01 
-2.05722E-01 
-2.07540E-01 
-2.09347E-01 
-2.11139E-01 
-2.12915E-01 
-2.14672E-01 
-2.16408E-01 
-2.18121E-01 
-2.19809E-01 
-2.21472E-01 
-2.23108E-01 
-2.24715E-01 
-2.26293E-01 
-1.91159E-01 
-1.92956E-01 
-1.94725E-01 
-1.96470E-01 
-1.98210E-01 
-1.99945E-01 
-2.01672E-01 
-2.03002E-01 
-2.03390E-01 
-2.05229E-01 
-2.07052E-01 
-2.08859E-01 
-2.10646E-01 
-2.12396E-01 
-2.14132E-01 
-2.15857E-01 
-2.17568E-01 
-2.19264E-01 
-2.20941E-01 
-2.22598E-01 
-2.24234E-01 
-2.25846E-01 
-2.27434E-01 
-2.28996E-01 
-2.30530E-01 
-2.32037E-01 
-1.97585E-01 
-1.99297E-01 
-2.00983E-01 
-2.02645E-01 
-2.04304E-01 
-2.05957E-01 
-2.07602E-01 
-2.08870E-01 
-2.09239E-01 
-2.10991E-01 
-2.12729E-01 
-2.14450E-01 
-2.16153E-01 
-2.17821E-01 
-2.19475E-01 
-2.21119E-01 
-2.22749E-01 
-2.24365E-01 
-2.25963E-01 
-2.27542E-01 
-2.29101E-01 
-2.30637E-01 
-2.32150E-01 
-2.33638E-01 
-2.35101E-01 
-2.36536E-01 
-2.02733E-01 
-2.04361E-01 
-2.05964E-01 
-2.07544E-01 
-2.09122E-01 
-2.10694E-01 
-2.12259E-01 
-2.13464E-01 
-2.13815E-01 
-2.15481E-01 
-2.17134E-01 
-2.18771E-01 
-2.20390E-01 
-2.21976E-01 
-2.23549E-01 
-2.25112E-01 
-2.26663E-01 
-2.28199E-01 
-2.29719E-01 
-2.31220E-01 
-2.32702E-01 
-2.34163E-01 
-2.35602E-01 
-2.37017E-01 
-2.38408E-01 
-2.39773E-01 
-2.06610E-01 
-2.08155E-01 
-2.09675E-01 
-2.11175E-01 
-2.12671E-01 
-2.14163E-01 
-2.15648E-01 
-2.16791E-01 
-2.17124E-01 
-2.18705E-01 
-2.20273E-01 
-2.21826E-01 
-2.23362E-01 
-2.24867E-01 
-2.26359E-01 
-2.27842E-01 
-2.29313E-01 
-2.30771E-01 
-2.32213E-01 
-2.33637E-01 
-2.35044E-01 
-2.36430E-01 
-2.37795E-01 
-2.39137E-01 
-2.40457E-01 
-2.41752E-01 
-2.09189E-01 
-2.10652E-01 
-2.12092E-01 
-2.13512E-01 
-2.14929E-01 
-2.16341E-01 
-2.17747E-01 
-2.18830E-01 
-2.19146E-01 
-2.20643E-01 
-2.22127E-01 
-2.23598E-01 
-2.25053E-01 
-2.26478E-01 
-2.27891E-01 
-2.29295E-01 
-2.30689E-01 
-2.32069E-01 
-2.33434E-01 
-2.34784E-01 
-2.36115E-01 
-2.37428E-01 
-2.38720E-01 
-2.39992E-01 
-2.41241E-01 
-2.42468E-01 
-2.10522E-01 
-2.11903E-01 
-2.13263E-01 
-2.14603E-01 
-2.15942E-01 
-2.17275E-01 
-2.18603E-01 
-2.19625E-01 
-2.19923E-01 
-2.21336E-01 
-2.22738E-01 
-2.24127E-01 
-2.25501E-01 
-2.26846E-01 
-2.28180E-01 
-2.29506E-01 
-2.30822E-01 
-2.32125E-01 
-2.33414E-01 
-2.34688E-01 
-2.35945E-01 
-2.37185E-01 
-2.38405E-01 
-2.39606E-01 
-2.40786E-01 
-2.41944E-01 
-2.10595E-01 
-2.11896E-01 
-2.13176E-01 
-2.14439E-01 
-2.15699E-01 
-2.16955E-01 
-2.18205E-01 
-2.19168E-01 
-2.19448E-01 
-2.20779E-01 
-2.22099E-01 
-2.23407E-01 
-2.24701E-01 
-2.25967E-01 
-2.27224E-01 
-2.28473E-01 
-2.29712E-01 
-2.30939E-01 
-2.32153E-01 
-2.33353E-01 
-2.34537E-01 
-2.35704E-01 
-2.36853E-01 
-2.37983E-01 
-2.39094E-01 
-2.40185E-01 
-2.09430E-01 
-2.10651E-01 
-2.11854E-01 
-2.13039E-01 
-2.14223E-01 
-2.15402E-01 
-2.16576E-01 
-2.17480E-01 
-2.17743E-01 
-2.18993E-01 
-2.20232E-01 
-2.21460E-01 
-2.22675E-01 
-2.23864E-01 
-2.25044E-01 
-2.26217E-01 
-2.27380E-01 
-2.28532E-01 
-2.29672E-01 
-2.30799E-01 
-2.31911E-01 
-2.33007E-01 
-2.34086E-01 
-2.35147E-01 
-2.36190E-01 
-2.37215E-01 
-2.07051E-01 
-2.08194E-01 
-2.09320E-01 
-2.10429E-01 
-2.11537E-01 
-2.12641E-01 
-2.13740E-01 
-2.14586E-01 
-2.14832E-01 
-2.16002E-01 
-2.17162E-01 
-2.18312E-01 
-2.19449E-01 
-2.20562E-01 
-2.21667E-01 
-2.22764E-01 
-2.23853E-01 
-2.24931E-01 
-2.25999E-01 
-2.27053E-01 
-2.28094E-01 
-2.29120E-01 
-2.30130E-01 
-2.31123E-01 
-2.32100E-01 
-2.33058E-01 
-2.03487E-01 
-2.04553E-01 
-2.05603E-01 
-2.06638E-01 
-2.07671E-01 
-2.08701E-01 
-2.09726E-01 
-2.10515E-01 
-2.10745E-01 
-2.11837E-01 
-2.12919E-01 
-2.13991E-01 
-2.15052E-01 
-2.16090E-01 
-2.17121E-01 
-2.18144E-01 
-2.19160E-01 
-2.20166E-01 
-2.21161E-01 
-2.22145E-01 
-2.23116E-01 
-2.24073E-01 
-2.25015E-01 
-2.25942E-01 
-2.26853E-01 
-2.27747E-01 
-1.98770E-01 
-1.99761E-01 
-2.00736E-01 
-2.01698E-01 
-2.02658E-01 
-2.03615E-01 
-2.04567E-01 
-2.05301E-01 
-2.05515E-01 
-2.06529E-01 
-2.07534E-01 
-2.08531E-01 
-2.09516E-01 
-2.10481E-01 
-2.11439E-01 
-2.12390E-01 
-2.13334E-01 
-2.14269E-01 
-2.15194E-01 
-2.16108E-01 
-2.17010E-01 
-2.17899E-01 
-2.18775E-01 
-2.19636E-01 
-2.20482E-01 
-2.21313E-01 
-1.92935E-01 
-1.93852E-01 
-1.94755E-01 
-1.95645E-01 
-1.96533E-01 
-1.97419E-01 
-1.98300E-01 
-1.98979E-01 
-1.99177E-01 
-2.00115E-01 
-2.01046E-01 
-2.01967E-01 
-2.02880E-01 
-2.03772E-01 
-2.04658E-01 
-2.05539E-01 
-2.06412E-01 
-2.07277E-01 
-2.08133E-01 
-2.08979E-01 
-2.09813E-01 
-2.10636E-01 
-2.11446E-01 
-2.12243E-01 
-2.13026E-01 
-2.13795E-01 
-1.86023E-01 
-1.86867E-01 
-1.87698E-01 
-1.88518E-01 
-1.89336E-01 
-1.90152E-01 
-1.90963E-01 
-1.91588E-01 
-1.91770E-01 
-1.92634E-01 
-1.93491E-01 
-1.94340E-01 
-1.95180E-01 
-1.96003E-01 
-1.96819E-01 
-1.97629E-01 
-1.98433E-01 
-1.99230E-01 
-2.00018E-01 
-2.00797E-01 
-2.01566E-01 
-2.02324E-01 
-2.03070E-01 
-2.03804E-01 
-2.04525E-01 
-2.05233E-01 
-1.78057E-01 
-1.78830E-01 
-1.79591E-01 
-1.80342E-01 
-1.81091E-01 
-1.81838E-01 
-1.82581E-01 
-1.83153E-01 
-1.83320E-01 
-1.84112E-01 
-1.84896E-01 
-1.85674E-01 
-1.86443E-01 
-1.87196E-01 
-1.87943E-01 
-1.88686E-01 
-1.89422E-01 
-1.90152E-01 
-1.90874E-01 
-1.91587E-01 
-1.92291E-01 
-1.92985E-01 
-1.93668E-01 
-1.94340E-01 
-1.95001E-01 
-1.95649E-01 
-1.69160E-01 
-1.69865E-01 
-1.70558E-01 
-1.71242E-01 
-1.71924E-01 
-1.72604E-01 
-1.73281E-01 
-1.73802E-01 
-1.73954E-01 
-1.74675E-01 
-1.75389E-01 
-1.76097E-01 
-1.76798E-01 
-1.77484E-01 
-1.78164E-01 
-1.78840E-01 
-1.79511E-01 
-1.80176E-01 
-1.80833E-01 
-1.81483E-01 
-1.82124E-01 
-1.82756E-01 
-1.83378E-01 
-1.83990E-01 
-1.84592E-01 
-1.85182E-01 
-1.59266E-01 
-1.59902E-01 
-1.60529E-01 
-1.61147E-01 
-1.61763E-01 
-1.62378E-01 
-1.62989E-01 
-1.63460E-01 
-1.63598E-01 
-1.64249E-01 
-1.64895E-01 
-1.65535E-01 
-1.66168E-01 
-1.66788E-01 
-1.67403E-01 
-1.68014E-01 
-1.68620E-01 
-1.69220E-01 
-1.69814E-01 
-1.70401E-01 
-1.70981E-01 
-1.71552E-01 
-1.72114E-01 
-1.72667E-01 
-1.73211E-01 
-1.73745E-01 
-1.48482E-01 
-1.49052E-01 
-1.49613E-01 
-1.50167E-01 
-1.50720E-01 
-1.51270E-01 
-1.51819E-01 
-1.52241E-01 
-1.52364E-01 
-1.52947E-01 
-1.53526E-01 
-1.54100E-01 
-1.54667E-01 
-1.55222E-01 
-1.55774E-01 
-1.56321E-01 
-1.56864E-01 
-1.57402E-01 
-1.57935E-01 
-1.58461E-01 
-1.58980E-01 
-1.59492E-01 
-1.59996E-01 
-1.60492E-01 
-1.60979E-01 
-1.61457E-01 
-1.36858E-01 
-1.37364E-01 
-1.37862E-01 
-1.38353E-01 
-1.38843E-01 
-1.39332E-01 
-1.39818E-01 
-1.40193E-01 
-1.40302E-01 
-1.40820E-01 
-1.41334E-01 
-1.41842E-01 
-1.42346E-01 
-1.42838E-01 
-1.43327E-01 
-1.43813E-01 
-1.44295E-01 
-1.44772E-01 
-1.45245E-01 
-1.45712E-01 
-1.46172E-01 
-1.46626E-01 
-1.47073E-01 
-1.47513E-01 
-1.47945E-01 
-1.48370E-01 
-1.24449E-01 
-1.24893E-01 
-1.25329E-01 
-1.25760E-01 
-1.26190E-01 
-1.26618E-01 
-1.27044E-01 
-1.27372E-01 
-1.27468E-01 
-1.27922E-01 
-1.28372E-01 
-1.28818E-01 
-1.29259E-01 
-1.29691E-01 
-1.30119E-01 
-1.30545E-01 
-1.30967E-01 
-1.31386E-01 
-1.31800E-01 
-1.32209E-01 
-1.32612E-01 
-1.33010E-01 
-1.33402E-01 
-1.33788E-01 
-1.34166E-01 
-1.34538E-01 
-1.11310E-01 
-1.11693E-01 
-1.12069E-01 
-1.12441E-01 
-1.12812E-01 
-1.13181E-01 
-1.13549E-01 
-1.13832E-01 
-1.13915E-01 
-1.14307E-01 
-1.14695E-01 
-1.15080E-01 
-1.15461E-01 
-1.15833E-01 
-1.16203E-01 
-1.16570E-01 
-1.16935E-01 
-1.17296E-01 
-1.17653E-01 
-1.18006E-01 
-1.18355E-01 
-1.18698E-01 
-1.19036E-01 
-1.19369E-01 
-1.19696E-01 
-1.20017E-01 
-9.75029E-02 
-9.78267E-02 
-9.81455E-02 
-9.84599E-02 
-9.87737E-02 
-9.90864E-02 
-9.93977E-02 
-9.96373E-02 
-9.97072E-02 
-1.00039E-01 
-1.00367E-01 
-1.00693E-01 
-1.01015E-01 
-1.01330E-01 
-1.01643E-01 
-1.01954E-01 
-1.02263E-01 
-1.02568E-01 
-1.02871E-01 
-1.03169E-01 
-1.03464E-01 
-1.03755E-01 
-1.04041E-01 
-1.04322E-01 
-1.04599E-01 
-1.04871E-01 
-8.30424E-02 
-8.33091E-02 
-8.35717E-02 
-8.38306E-02 
-8.40890E-02 
-8.43465E-02 
-8.46028E-02 
-8.48002E-02 
-8.48578E-02 
-8.51307E-02 
-8.54014E-02 
-8.56695E-02 
-8.59348E-02 
-8.61945E-02 
-8.64522E-02 
-8.67082E-02 
-8.69622E-02 
-8.72139E-02 
-8.74628E-02 
-8.77088E-02 
-8.79516E-02 
-8.81909E-02 
-8.84266E-02 
-8.86584E-02 
-8.88862E-02 
-8.91098E-02 
-6.80803E-02 
-6.82920E-02 
-6.85003E-02 
-6.87058E-02 
-6.89109E-02 
-6.91152E-02 
-6.93186E-02 
-6.94753E-02 
-6.95209E-02 
-6.97375E-02 
-6.99524E-02 
-7.01651E-02 
-7.03757E-02 
-7.05818E-02 
-7.07863E-02 
-7.09894E-02 
-7.11910E-02 
-7.13907E-02 
-7.15883E-02 
-7.17835E-02 
-7.19762E-02 
-7.21661E-02 
-7.23531E-02 
-7.25370E-02 
-7.27178E-02 
-7.28953E-02 
-5.26194E-02 
-5.27779E-02 
-5.29339E-02 
-5.30878E-02 
-5.32413E-02 
-5.33944E-02 
-5.35467E-02 
-5.36640E-02 
-5.36982E-02 
-5.38604E-02 
-5.40212E-02 
-5.41806E-02 
-5.43382E-02 
-5.44926E-02 
-5.46457E-02 
-5.47979E-02 
-5.49488E-02 
-5.50983E-02 
-5.52463E-02 
-5.53925E-02 
-5.55367E-02 
-5.56790E-02 
-5.58190E-02 
-5.59568E-02 
-5.60921E-02 
-5.62250E-02 
-3.67279E-02 
-3.68352E-02 
-3.69408E-02 
-3.70449E-02 
-3.71488E-02 
-3.72524E-02 
-3.73555E-02 
-3.74349E-02 
-3.74580E-02 
-3.75678E-02 
-3.76767E-02 
-3.77846E-02 
-3.78913E-02 
-3.79957E-02 
-3.80994E-02 
-3.82024E-02 
-3.83045E-02 
-3.84057E-02 
-3.85059E-02 
-3.86048E-02 
-3.87025E-02 
-3.87987E-02 
-3.88935E-02 
-3.89868E-02 
-3.90784E-02 
-3.91683E-02 
-2.04710E-02 
-2.05291E-02 
-2.05862E-02 
-2.06425E-02 
-2.06988E-02 
-2.07548E-02 
-2.08106E-02 
-2.08535E-02 
-2.08660E-02 
-2.09254E-02 
-2.09843E-02 
-2.10426E-02 
-2.11004E-02 
-2.11569E-02 
-2.12129E-02 
-2.12687E-02 
-2.13239E-02 
-2.13787E-02 
-2.14328E-02 
-2.14864E-02 
-2.15392E-02 
-2.15913E-02 
-2.16425E-02 
-2.16930E-02 
-2.17425E-02 
-2.17912E-02 
-3.91776E-03 
-3.92854E-03 
-3.93916E-03 
-3.94963E-03 
-3.96008E-03 
-3.97050E-03 
-3.98087E-03 
-3.98885E-03 
-3.99118E-03 
-4.00222E-03 
-4.01316E-03 
-4.02401E-03 
-4.03474E-03 
-4.04524E-03 
-4.05566E-03 
-4.06602E-03 
-4.07629E-03 
-4.08647E-03 
-4.09654E-03 
-4.10649E-03 
-4.11631E-03 
-4.12598E-03 
-4.13552E-03 
-4.14489E-03 
-4.15410E-03 
-4.16315E-03 
1.28646E-02 
1.28991E-02 
1.29330E-02 
1.29664E-02 
1.29997E-02 
1.30330E-02 
1.30661E-02 
1.30915E-02 
1.30990E-02 
1.31342E-02 
1.31692E-02 
1.32038E-02 
1.32380E-02 
1.32715E-02 
1.33048E-02 
1.33379E-02 
1.33706E-02 
1.34031E-02 
1.34353E-02 
1.34670E-02 
1.34984E-02 
1.35293E-02 
1.35597E-02 
1.35896E-02 
1.36190E-02 
1.36479E-02 
2.98119E-02 
2.98895E-02 
2.99660E-02 
3.00413E-02 
3.01165E-02 
3.01914E-02 
3.02660E-02 
3.03234E-02 
3.03402E-02 
3.04196E-02 
3.04984E-02 
3.05764E-02 
3.06536E-02 
3.07291E-02 
3.08041E-02 
3.08786E-02 
3.09525E-02 
3.10258E-02 
3.10982E-02 
3.11698E-02 
3.12404E-02 
3.13101E-02 
3.13786E-02 
3.14461E-02 
3.15124E-02 
3.15775E-02 
4.68416E-02 
4.69603E-02 
4.70772E-02 
4.71924E-02 
4.73074E-02 
4.74220E-02 
4.75361E-02 
4.76239E-02 
4.76495E-02 
4.77710E-02 
4.78915E-02 
4.80108E-02 
4.81288E-02 
4.82444E-02 
4.83591E-02 
4.84730E-02 
4.85861E-02 
4.86981E-02 
4.88089E-02 
4.89183E-02 
4.90264E-02 
4.91329E-02 
4.92378E-02 
4.93409E-02 
4.94423E-02 
4.95418E-02 
---
