PdfType: replica
Format: lhagrid1
---
1.00000E-06 1.28121E-06 1.64152E-06 2.10317E-06 2.69463E-06 3.45242E-06 4.42329E-06 5.66715E-06 7.26076E-06 9.30241E-06 1.19180E-05 1.52689E-05 1.95617E-05 2.50609E-05 3.21053E-05 4.11287E-05 5.26863E-05 6.74889E-05 8.64459E-05 1.10720E-04 1.41800E-04 1.81585E-04 2.32503E-04 2.97652E-04 3.80981E-04 4.87518E-04 6.26039E-04 8.00452E-04 1.02297E-03 1.30657E-03 1.66759E-03 2.12729E-03 2.71054E-03 3.44865E-03 4.37927E-03 5.54908E-03 7.01192E-03 8.83064E-03 1.10763E-02 1.38266E-02 1.71641E-02 2.11717E-02 2.59364E-02 3.15062E-02 3.79623E-02 4.53425E-02 5.36750E-02 6.29705E-02 7.32221E-02 8.44039E-02 9.64793E-02 1.09332E-01 1.23067E-01 1.37507E-01 1.52639E-01 1.68416E-01 1.84794E-01 2.01731E-01 2.19016E-01 2.36948E-01 2.55242E-01 2.73927E-01 2.92954E-01 3.12340E-01 3.32036E-01 3.52019E-01 3.72282E-01 3.92772E-01 4.13533E-01 4.34326E-01 4.55495E-01 4.76836E-01 4.98342E-01 5.20006E-01 5.41818E-01 5.63773E-01 5.85861E-01 6.08077E-01 6.30459E-01 6.52800E-01 6.75387E-01 6.98063E-01 7.20830E-01 7.43683E-01 7.66623E-01 7.89636E-01 8.12791E-01 8.35940E-01 8.59175E-01 8.82485E-01 9.05866E-01 9.29311E-01 9.52817E-01 9.76387E-01 1.00000E+00 
1.14018E+00 1.22539E+00 1.32482E+00 1.44156E+00 1.57954E+00 1.74381E+00 1.94091E+00 2.12132E+00 2.17945E+00 2.49622E+00 2.89383E+00 3.39925E+00 4.05063E+00 4.90286E+00 6.03623E+00 7.57063E+00 9.68869E+00 1.26749E+01 1.69835E+01 2.33578E+01 3.30501E+01 4.82334E+01 7.28041E+01 1.13998E+02 1.85779E+02 3.16228E+02 
908
1.07102E-02 
1.05781E-02 
1.04466E-02 
1.03153E-02 
1.01826E-02 
1.00487E-02 
9.91358E-03 
9.80836E-03 
9.77749E-03 
9.62978E-03 
9.48125E-03 
9.33206E-03 
9.18237E-03 
9.03396E-03 
8.88471E-03 
8.73438E-03 
8.58317E-03 
8.43128E-03 
8.27890E-03 
8.12622E-03 
7.97341E-03 
7.82064E-03 
7.66807E-03 
7.51585E-03 
7.36413E-03 
7.21303E-03 
1.07105E-02 
1.05784E-02 
1.04468E-02 
1.03156E-02 
1.01829E-02 
1.00489E-02 
9.91384E-03 
9.80861E-03 
9.77774E-03 
9.63003E-03 
9.48150E-03 
9.33230E-03 
9.18260E-03 
9.03420E-03 
8.88494E-03 
8.73460E-03 
8.58339E-03 
8.43150E-03 
8.27912E-03 
8.12643E-03 
7.97362E-03 
7.82084E-03 
7.66827E-03 
7.51604E-03 
7.36432E-03 
7.21322E-03 
1.07108E-02 
1.05788E-02 
1.04472E-02 
1.03159E-02 
1.01832E-02 
1.00493E-02 
9.91417E-03 
9.80894E-03 
9.77806E-03 
9.63035E-03 
9.48181E-03 
9.33261E-03 
9.18291E-03 
9.03450E-03 
8.88523E-03 
8.73489E-03 
8.58367E-03 
8.43178E-03 
8.27939E-03 
8.12670E-03 
7.97388E-03 
7.82110E-03 
7.66852E-03 
7.51629E-03 
7.36456E-03 
7.21345E-03 
1.07113E-02 
1.05792E-02 
1.04476E-02 
1.03164E-02 
1.01837E-02 
1.00497E-02 
9.91459E-03 
9.80935E-03 
9.77848E-03 
9.63076E-03 
9.48222E-03 
9.33301E-03 
9.18330E-03 
9.03488E-03 
8.88561E-03 
8.73526E-03 
8.58404E-03 
8.43213E-03 
8.27974E-03 
8.12704E-03 
7.97421E-03 
7.82143E-03 
7.66884E-03 
7.51661E-03 
7.36486E-03 
7.21375E-03 
1.07119E-02 
1.05798E-02 
1.04482E-02 
1.03169E-02 
1.01842E-02 
1.00503E-02 
9.91513E-03 
9.80989E-03 
9.77901E-03 
9.63129E-03 
9.48273E-03 
9.33351E-03 
9.18380E-03 
9.03537E-03 
8.88609E-03 
8.73574E-03 
8.58450E-03 
8.43259E-03 
8.28019E-03 
8.12748E-03 
7.97464E-03 
7.82185E-03 
7.66925E-03 
7.51701E-03 
7.36526E-03 
7.21414E-03 
1.07126E-02 
1.05805E-02 
1.04489E-02 
1.03177E-02 
1.01849E-02 
1.00510E-02 
9.91583E-03 
9.81057E-03 
9.77970E-03 
9.63196E-03 
9.48339E-03 
9.33416E-03 
9.18444E-03 
9.03600E-03 
8.88671E-03 
8.73634E-03 
8.58510E-03 
8.43317E-03 
8.28076E-03 
8.12804E-03 
7.97520E-03 
7.82239E-03 
7.66978E-03 
7.51753E-03 
7.36577E-03 
7.21464E-03 
1.07136E-02 
1.05815E-02 
1.04499E-02 
1.03186E-02 
1.01859E-02 
1.00519E-02 
9.91671E-03 
9.81145E-03 
9.78057E-03 
9.63282E-03 
9.48424E-03 
9.33500E-03 
9.18526E-03 
9.03680E-03 
8.88750E-03 
8.73712E-03 
8.58586E-03 
8.43392E-03 
8.28150E-03 
8.12876E-03 
7.97590E-03 
7.82308E-03 
7.67046E-03 
7.51819E-03 
7.36642E-03 
7.21527E-03 
1.07148E-02 
1.05827E-02 
1.04511E-02 
1.03198E-02 
1.01870E-02 
1.00530E-02 
9.91785E-03 
9.81258E-03 
9.78169E-03 
9.63392E-03 
9.48533E-03 
9.33607E-03 
9.18631E-03 
9.03784E-03 
8.88852E-03 
8.73812E-03 
8.58684E-03 
8.43488E-03 
8.28244E-03 
8.12969E-03 
7.97681E-03 
7.82397E-03 
7.67133E-03 
7.51904E-03 
7.36725E-03 
7.21609E-03 
1.07164E-02 
1.05843E-02 
1.04526E-02 
1.03213E-02 
1.01885E-02 
1.00545E-02 
9.91931E-03 
9.81402E-03 
9.78313E-03 
9.63534E-03 
9.48672E-03 
9.33743E-03 
9.18765E-03 
9.03916E-03 
8.88982E-03 
8.73939E-03 
8.58809E-03 
8.43611E-03 
8.28364E-03 
8.13087E-03 
7.97797E-03 
7.82510E-03 
7.67244E-03 
7.52013E-03 
7.36831E-03 
7.21713E-03 
1.07184E-02 
1.05863E-02 
1.04546E-02 
1.03232E-02 
1.01905E-02 
1.00564E-02 
9.92118E-03 
9.81586E-03 
9.78497E-03 
9.63715E-03 
9.48850E-03 
9.33919E-03 
9.18937E-03 
9.04085E-03 
8.89148E-03 
8.74103E-03 
8.58970E-03 
8.43769E-03 
8.28519E-03 
8.13238E-03 
7.97945E-03 
7.82656E-03 
7.67387E-03 
7.52152E-03 
7.36968E-03 
7.21846E-03 
1.07210E-02 
1.05888E-02 
1.04571E-02 
1.03257E-02 
1.01929E-02 
1.00588E-02 
9.92357E-03 
9.81823E-03 
9.78733E-03 
9.63947E-03 
9.49078E-03 
9.34143E-03 
9.19158E-03 
9.04302E-03 
8.89361E-03 
8.74312E-03 
8.59175E-03 
8.43971E-03 
8.28717E-03 
8.13433E-03 
7.98135E-03 
7.82842E-03 
7.67569E-03 
7.52331E-03 
7.37143E-03 
7.22017E-03 
1.07243E-02 
1.05921E-02 
1.04603E-02 
1.03289E-02 
1.01961E-02 
1.00619E-02 
9.92663E-03 
9.82126E-03 
9.79035E-03 
9.64244E-03 
9.49371E-03 
9.34431E-03 
9.19441E-03 
9.04580E-03 
8.89634E-03 
8.74580E-03 
8.59439E-03 
8.44229E-03 
8.28970E-03 
8.13681E-03 
7.98379E-03 
7.83081E-03 
7.67803E-03 
7.52560E-03 
7.37367E-03 
7.22237E-03 
1.07286E-02 
1.05963E-02 
1.04645E-02 
1.03330E-02 
1.02001E-02 
1.00659E-02 
9.93056E-03 
9.82514E-03 
9.79422E-03 
9.64625E-03 
9.49745E-03 
9.34799E-03 
9.19803E-03 
9.04936E-03 
8.89984E-03 
8.74924E-03 
8.59776E-03 
8.44560E-03 
8.29295E-03 
8.14000E-03 
7.98691E-03 
7.83387E-03 
7.68103E-03 
7.52853E-03 
7.37654E-03 
7.22517E-03 
1.07340E-02 
1.06017E-02 
1.04698E-02 
1.03383E-02 
1.02053E-02 
1.00710E-02 
9.93558E-03 
9.83011E-03 
9.79917E-03 
9.65113E-03 
9.50225E-03 
9.35271E-03 
9.20267E-03 
9.05393E-03 
8.90433E-03 
8.75364E-03 
8.60208E-03 
8.44984E-03 
8.29711E-03 
8.14408E-03 
7.99091E-03 
7.83779E-03 
7.68486E-03 
7.53229E-03 
7.38021E-03 
7.22877E-03 
1.07410E-02 
1.06086E-02 
1.04766E-02 
1.03450E-02 
1.02119E-02 
1.00775E-02 
9.94202E-03 
9.83648E-03 
9.80552E-03 
9.65737E-03 
9.50840E-03 
9.35876E-03 
9.20862E-03 
9.05977E-03 
8.91007E-03 
8.75928E-03 
8.60762E-03 
8.45528E-03 
8.30244E-03 
8.14930E-03 
7.99604E-03 
7.84281E-03 
7.68978E-03 
7.53710E-03 
7.38492E-03 
7.23337E-03 
1.07500E-02 
1.06174E-02 
1.04853E-02 
1.03536E-02 
1.02204E-02 
1.00859E-02 
9.95027E-03 
9.84464E-03 
9.81365E-03 
9.66537E-03 
9.51627E-03 
9.36650E-03 
9.21623E-03 
9.06725E-03 
8.91742E-03 
8.76651E-03 
8.61471E-03 
8.46224E-03 
8.30927E-03 
8.15600E-03 
8.00260E-03 
7.84923E-03 
7.69607E-03 
7.54327E-03 
7.39095E-03 
7.23927E-03 
1.07614E-02 
1.06287E-02 
1.04965E-02 
1.03646E-02 
1.02312E-02 
1.00966E-02 
9.96084E-03 
9.85509E-03 
9.82406E-03 
9.67562E-03 
9.52635E-03 
9.37642E-03 
9.22598E-03 
9.07684E-03 
8.92684E-03 
8.77576E-03 
8.62380E-03 
8.47115E-03 
8.31801E-03 
8.16457E-03 
8.01100E-03 
7.85747E-03 
7.70414E-03 
7.55116E-03 
7.39868E-03 
7.24683E-03 
1.07761E-02 
1.06432E-02 
1.05108E-02 
1.03787E-02 
1.02452E-02 
1.01103E-02 
9.97437E-03 
9.86847E-03 
9.83740E-03 
9.68875E-03 
9.53927E-03 
9.38912E-03 
9.23846E-03 
9.08911E-03 
8.93890E-03 
8.78760E-03 
8.63543E-03 
8.48256E-03 
8.32921E-03 
8.17555E-03 
8.02176E-03 
7.86801E-03 
7.71446E-03 
7.56126E-03 
7.40857E-03 
7.25650E-03 
1.07949E-02 
1.06617E-02 
1.05291E-02 
1.03967E-02 
1.02630E-02 
1.01279E-02 
9.99169E-03 
9.88560E-03 
9.85447E-03 
9.70555E-03 
9.55580E-03 
9.40537E-03 
9.25445E-03 
9.10482E-03 
8.95434E-03 
8.80277E-03 
8.65032E-03 
8.49718E-03 
8.34354E-03 
8.18960E-03 
8.03553E-03 
7.88151E-03 
7.72768E-03 
7.57421E-03 
7.42123E-03 
7.26889E-03 
1.08189E-02 
1.06855E-02 
1.05525E-02 
1.04199E-02 
1.02858E-02 
1.01504E-02 
1.00139E-02 
9.90753E-03 
9.87633E-03 
9.72706E-03 
9.57696E-03 
9.42619E-03 
9.27491E-03 
9.12494E-03 
8.97411E-03 
8.82219E-03 
8.66938E-03 
8.51588E-03 
8.36189E-03 
8.20760E-03 
8.05317E-03 
7.89878E-03 
7.74460E-03 
7.59077E-03 
7.43744E-03 
7.28475E-03 
1.08497E-02 
1.07158E-02 
1.05825E-02 
1.04494E-02 
1.03150E-02 
1.01792E-02 
1.00423E-02 
9.93560E-03 
9.90431E-03 
9.75460E-03 
9.60405E-03 
9.45283E-03 
9.30111E-03 
9.15069E-03 
8.99941E-03 
8.84704E-03 
8.69378E-03 
8.53983E-03 
8.38538E-03 
8.23063E-03 
8.07574E-03 
7.92090E-03 
7.76626E-03 
7.61197E-03 
7.45819E-03 
7.30504E-03 
1.08890E-02 
1.07547E-02 
1.06208E-02 
1.04873E-02 
1.03523E-02 
1.02160E-02 
1.00786E-02 
9.97151E-03 
9.94010E-03 
9.78983E-03 
9.63871E-03 
9.48692E-03 
9.33462E-03 
9.18364E-03 
9.03179E-03 
8.87884E-03 
8.72500E-03 
8.57046E-03 
8.41543E-03 
8.26009E-03 
8.10462E-03 
7.94919E-03 
7.79397E-03 
7.63910E-03 
7.48473E-03 
7.33101E-03 
1.09394E-02 
1.08044E-02 
1.06699E-02 
1.05357E-02 
1.04001E-02 
1.02631E-02 
1.01250E-02 
1.00175E-02 
9.98590E-03 
9.83490E-03 
9.68305E-03 
9.53053E-03 
9.37750E-03 
9.22578E-03 
9.07320E-03 
8.91951E-03 
8.76493E-03 
8.60965E-03 
8.45387E-03 
8.29778E-03 
8.14156E-03 
7.98538E-03 
7.82941E-03 
7.67379E-03 
7.51868E-03 
7.36421E-03 
1.10038E-02 
1.08680E-02 
1.07327E-02 
1.05977E-02 
1.04612E-02 
1.03234E-02 
1.01844E-02 
1.00762E-02 
1.00445E-02 
9.89253E-03 
9.73975E-03 
9.58629E-03 
9.43232E-03 
9.27967E-03 
9.12615E-03 
8.97152E-03 
8.81599E-03 
8.65975E-03 
8.50302E-03 
8.34597E-03 
8.18879E-03 
8.03165E-03 
7.87472E-03 
7.71815E-03 
7.56208E-03 
7.40667E-03 
1.10862E-02 
1.09493E-02 
1.08129E-02 
1.06768E-02 
1.05393E-02 
1.04004E-02 
1.02604E-02 
1.01513E-02 
1.01193E-02 
9.96617E-03 
9.81221E-03 
9.65755E-03 
9.50237E-03 
9.34854E-03 
9.19382E-03 
9.03798E-03 
8.88123E-03 
8.72378E-03 
8.56582E-03 
8.40755E-03 
8.24914E-03 
8.09077E-03 
7.93262E-03 
7.77482E-03 
7.61754E-03 
7.46091E-03 
1.11913E-02 
1.10531E-02 
1.09153E-02 
1.07779E-02 
1.06390E-02 
1.04988E-02 
1.03573E-02 
1.02472E-02 
1.02149E-02 
1.00602E-02 
9.90474E-03 
9.74855E-03 
9.59184E-03 
9.43648E-03 
9.28023E-03 
9.12285E-03 
8.96455E-03 
8.80554E-03 
8.64602E-03 
8.48618E-03 
8.32620E-03 
8.16627E-03 
8.00654E-03 
7.84718E-03 
7.68835E-03 
7.53017E-03 
1.13278E-02 
1.11879E-02 
1.10483E-02 
1.09092E-02 
1.07685E-02 
1.06265E-02 
1.04833E-02 
1.03717E-02 
1.03390E-02 
1.01824E-02 
1.00249E-02 
9.86671E-03 
9.70800E-03 
9.55066E-03 
9.39242E-03 
9.23303E-03 
9.07272E-03 
8.91168E-03 
8.75012E-03 
8.58825E-03 
8.42623E-03 
8.26426E-03 
8.10250E-03 
7.94111E-03 
7.78025E-03 
7.62005E-03 
1.14995E-02 
1.13573E-02 
1.12156E-02 
1.10742E-02 
1.09313E-02 
1.07870E-02 
1.06415E-02 
1.05282E-02 
1.04950E-02 
1.03359E-02 
1.01759E-02 
1.00152E-02 
9.85400E-03 
9.69416E-03 
9.53341E-03 
9.37150E-03 
9.20865E-03 
9.04506E-03 
8.88095E-03 
8.71650E-03 
8.55192E-03 
8.38739E-03 
8.22306E-03 
8.05912E-03 
7.89571E-03 
7.73298E-03 
1.17180E-02 
1.15730E-02 
1.14285E-02 
1.12843E-02 
1.11386E-02 
1.09914E-02 
1.08430E-02 
1.07274E-02 
1.06935E-02 
1.05313E-02 
1.03681E-02 
1.02043E-02 
1.00398E-02 
9.87681E-03 
9.71287E-03 
9.54774E-03 
9.38164E-03 
9.21480E-03 
9.04743E-03 
8.87971E-03 
8.71186E-03 
8.54405E-03 
8.37646E-03 
8.20926E-03 
8.04260E-03 
7.87663E-03 
1.19959E-02 
1.18472E-02 
1.16991E-02 
1.15514E-02 
1.14020E-02 
1.12512E-02 
1.10991E-02 
1.09807E-02 
1.09459E-02 
1.07796E-02 
1.06124E-02 
1.04445E-02 
1.02760E-02 
1.01089E-02 
9.94089E-03 
9.77165E-03 
9.60144E-03 
9.43045E-03 
9.25892E-03 
9.08704E-03 
8.91502E-03 
8.74304E-03 
8.57129E-03 
8.39993E-03 
8.22913E-03 
8.05904E-03 
1.23484E-02 
1.21951E-02 
1.20424E-02 
1.18901E-02 
1.17362E-02 
1.15807E-02 
1.14240E-02 
1.13018E-02 
1.12660E-02 
1.10946E-02 
1.09223E-02 
1.07491E-02 
1.05754E-02 
1.04032E-02 
1.02300E-02 
1.00556E-02 
9.88011E-03 
9.70385E-03 
9.52703E-03 
9.34985E-03 
9.17253E-03 
8.99525E-03 
8.81820E-03 
8.64156E-03 
8.46550E-03 
8.29016E-03 
1.27953E-02 
1.26362E-02 
1.24777E-02 
1.23197E-02 
1.21598E-02 
1.19985E-02 
1.18357E-02 
1.17090E-02 
1.16718E-02 
1.14939E-02 
1.13149E-02 
1.11352E-02 
1.09549E-02 
1.07762E-02 
1.05964E-02 
1.04153E-02 
1.02331E-02 
1.00502E-02 
9.86662E-03 
9.68270E-03 
9.49863E-03 
9.31461E-03 
9.13082E-03 
8.94746E-03 
8.76470E-03 
8.58269E-03 
1.33593E-02 
1.31929E-02 
1.30270E-02 
1.28616E-02 
1.26943E-02 
1.25255E-02 
1.23552E-02 
1.22225E-02 
1.21836E-02 
1.19974E-02 
1.18102E-02 
1.16221E-02 
1.14334E-02 
1.12464E-02 
1.10582E-02 
1.08687E-02 
1.06781E-02 
1.04867E-02 
1.02946E-02 
1.01021E-02 
9.90949E-03 
9.71692E-03 
9.52459E-03 
9.33271E-03 
9.14146E-03 
8.95100E-03 
1.40682E-02 
1.38924E-02 
1.37172E-02 
1.35425E-02 
1.33659E-02 
1.31876E-02 
1.30077E-02 
1.28676E-02 
1.28265E-02 
1.26299E-02 
1.24322E-02 
1.22335E-02 
1.20343E-02 
1.18367E-02 
1.16380E-02 
1.14379E-02 
1.12366E-02 
1.10344E-02 
1.08315E-02 
1.06282E-02 
1.04248E-02 
1.02214E-02 
1.00183E-02 
9.81567E-03 
9.61369E-03 
9.41254E-03 
1.49542E-02 
1.47667E-02 
1.45798E-02 
1.43934E-02 
1.42049E-02 
1.40147E-02 
1.38228E-02 
1.36733E-02 
1.36295E-02 
1.34197E-02 
1.32088E-02 
1.29969E-02 
1.27842E-02 
1.25735E-02 
1.23615E-02 
1.21480E-02 
1.19332E-02 
1.17175E-02 
1.15011E-02 
1.12842E-02 
1.10672E-02 
1.08502E-02 
1.06335E-02 
1.04173E-02 
1.02018E-02 
9.98723E-03 
1.60557E-02 
1.58534E-02 
1.56518E-02 
1.54507E-02 
1.52475E-02 
1.50423E-02 
1.48353E-02 
1.46741E-02 
1.46268E-02 
1.44005E-02 
1.41730E-02 
1.39444E-02 
1.37151E-02 
1.34878E-02 
1.32591E-02 
1.30288E-02 
1.27972E-02 
1.25645E-02 
1.23311E-02 
1.20972E-02 
1.18631E-02 
1.16290E-02 
1.13953E-02 
1.11621E-02 
1.09297E-02 
1.06982E-02 
1.74139E-02 
1.71932E-02 
1.69733E-02 
1.67540E-02 
1.65322E-02 
1.63084E-02 
1.60826E-02 
1.59067E-02 
1.58551E-02 
1.56083E-02 
1.53601E-02 
1.51107E-02 
1.48606E-02 
1.46126E-02 
1.43631E-02 
1.41119E-02 
1.38592E-02 
1.36054E-02 
1.33507E-02 
1.30956E-02 
1.28402E-02 
1.25849E-02 
1.23299E-02 
1.20755E-02 
1.18220E-02 
1.15694E-02 
1.90729E-02 
1.88294E-02 
1.85868E-02 
1.83449E-02 
1.81002E-02 
1.78533E-02 
1.76042E-02 
1.74102E-02 
1.73532E-02 
1.70809E-02 
1.68071E-02 
1.65320E-02 
1.62560E-02 
1.59824E-02 
1.57072E-02 
1.54300E-02 
1.51513E-02 
1.48712E-02 
1.45903E-02 
1.43088E-02 
1.40270E-02 
1.37454E-02 
1.34641E-02 
1.31834E-02 
1.29037E-02 
1.26251E-02 
2.10763E-02 
2.08049E-02 
2.05344E-02 
2.02645E-02 
1.99918E-02 
1.97164E-02 
1.94386E-02 
1.92223E-02 
1.91588E-02 
1.88552E-02 
1.85498E-02 
1.82431E-02 
1.79354E-02 
1.76303E-02 
1.73234E-02 
1.70144E-02 
1.67035E-02 
1.63912E-02 
1.60780E-02 
1.57641E-02 
1.54499E-02 
1.51358E-02 
1.48222E-02 
1.45092E-02 
1.41973E-02 
1.38867E-02 
2.34626E-02 
2.31570E-02 
2.28525E-02 
2.25487E-02 
2.22417E-02 
2.19316E-02 
2.16190E-02 
2.13754E-02 
2.13040E-02 
2.09622E-02 
2.06184E-02 
2.02731E-02 
1.99267E-02 
1.95833E-02 
1.92378E-02 
1.88899E-02 
1.85400E-02 
1.81885E-02 
1.78358E-02 
1.74825E-02 
1.71288E-02 
1.67753E-02 
1.64222E-02 
1.60699E-02 
1.57187E-02 
1.53691E-02 
2.62593E-02 
2.59125E-02 
2.55670E-02 
2.52223E-02 
2.48739E-02 
2.45222E-02 
2.41674E-02 
2.38911E-02 
2.38100E-02 
2.34222E-02 
2.30321E-02 
2.26404E-02 
2.22473E-02 
2.18576E-02 
2.14656E-02 
2.10709E-02 
2.06738E-02 
2.02750E-02 
1.98748E-02 
1.94739E-02 
1.90726E-02 
1.86715E-02 
1.82708E-02 
1.78711E-02 
1.74727E-02 
1.70759E-02 
2.94752E-02 
2.90794E-02 
2.86851E-02 
2.82917E-02 
2.78940E-02 
2.74925E-02 
2.70876E-02 
2.67722E-02 
2.66797E-02 
2.62369E-02 
2.57918E-02 
2.53446E-02 
2.48959E-02 
2.44511E-02 
2.40038E-02 
2.35532E-02 
2.31000E-02 
2.26447E-02 
2.21880E-02 
2.17304E-02 
2.12724E-02 
2.08145E-02 
2.03572E-02 
1.99010E-02 
1.94462E-02 
1.89933E-02 
3.30988E-02 
3.26453E-02 
3.21933E-02 
3.17426E-02 
3.12869E-02 
3.08268E-02 
3.03628E-02 
3.00014E-02 
2.98953E-02 
2.93880E-02 
2.88779E-02 
2.83655E-02 
2.78513E-02 
2.73416E-02 
2.68290E-02 
2.63127E-02 
2.57933E-02 
2.52717E-02 
2.47483E-02 
2.42239E-02 
2.36991E-02 
2.31744E-02 
2.26503E-02 
2.21275E-02 
2.16064E-02 
2.10875E-02 
3.70627E-02 
3.65424E-02 
3.60240E-02 
3.55069E-02 
3.49841E-02 
3.44563E-02 
3.39239E-02 
3.35093E-02 
3.33877E-02 
3.28057E-02 
3.22205E-02 
3.16326E-02 
3.10428E-02 
3.04581E-02 
2.98700E-02 
2.92777E-02 
2.86819E-02 
2.80834E-02 
2.74830E-02 
2.68815E-02 
2.62794E-02 
2.56774E-02 
2.50763E-02 
2.44765E-02 
2.38787E-02 
2.32833E-02 
4.12959E-02 
4.06992E-02 
4.01047E-02 
3.95117E-02 
3.89121E-02 
3.83068E-02 
3.76964E-02 
3.72209E-02 
3.70814E-02 
3.64140E-02 
3.57429E-02 
3.50687E-02 
3.43924E-02 
3.37218E-02 
3.30474E-02 
3.23681E-02 
3.16849E-02 
3.09986E-02 
3.03100E-02 
2.96201E-02 
2.89296E-02 
2.82394E-02 
2.75500E-02 
2.68621E-02 
2.61766E-02 
2.54938E-02 
4.56676E-02 
4.49850E-02 
4.43048E-02 
4.36263E-02 
4.29404E-02 
4.22478E-02 
4.15494E-02 
4.10054E-02 
4.08458E-02 
4.00823E-02 
3.93144E-02 
3.85432E-02 
3.77693E-02 
3.70021E-02 
3.62305E-02 
3.54534E-02 
3.46717E-02 
3.38864E-02 
3.30987E-02 
3.23094E-02 
3.15194E-02 
3.07297E-02 
2.99409E-02 
2.91540E-02 
2.83696E-02 
2.75885E-02 
5.00160E-02 
4.92380E-02 
4.84627E-02 
4.76895E-02 
4.69077E-02 
4.61185E-02 
4.53225E-02 
4.47025E-02 
4.45206E-02 
4.36504E-02 
4.27752E-02 
4.18962E-02 
4.10142E-02 
4.01399E-02 
3.92605E-02 
3.83747E-02 
3.74838E-02 
3.65889E-02 
3.56911E-02 
3.47916E-02 
3.38912E-02 
3.29911E-02 
3.20922E-02 
3.11953E-02 
3.03014E-02 
2.94111E-02 
5.41484E-02 
5.32662E-02 
5.23870E-02 
5.15101E-02 
5.06236E-02 
4.97286E-02 
4.88259E-02 
4.81229E-02 
4.79166E-02 
4.69297E-02 
4.59373E-02 
4.49405E-02 
4.39403E-02 
4.29488E-02 
4.19516E-02 
4.09471E-02 
3.99368E-02 
3.89220E-02 
3.79039E-02 
3.68837E-02 
3.58628E-02 
3.48420E-02 
3.38226E-02 
3.28056E-02 
3.17918E-02 
3.07823E-02 
5.78500E-02 
5.68554E-02 
5.58642E-02 
5.48756E-02 
5.38762E-02 
5.28672E-02 
5.18495E-02 
5.10569E-02 
5.08244E-02 
4.97118E-02 
4.85930E-02 
4.74692E-02 
4.63416E-02 
4.52238E-02 
4.40995E-02 
4.29671E-02 
4.18282E-02 
4.06841E-02 
3.95363E-02 
3.83862E-02 
3.72352E-02 
3.60844E-02 
3.49352E-02 
3.37886E-02 
3.26457E-02 
3.15076E-02 
6.08938E-02 
5.97797E-02 
5.86695E-02 
5.75622E-02 
5.64427E-02 
5.53125E-02 
5.41726E-02 
5.32848E-02 
5.30243E-02 
5.17781E-02 
5.05250E-02 
4.92662E-02 
4.80032E-02 
4.67511E-02 
4.54918E-02 
4.42234E-02 
4.29476E-02 
4.16661E-02 
4.03805E-02 
3.90923E-02 
3.78030E-02 
3.65140E-02 
3.52268E-02 
3.39425E-02 
3.26623E-02 
3.13875E-02 
6.30547E-02 
6.18153E-02 
6.05802E-02 
5.93483E-02 
5.81029E-02 
5.68455E-02 
5.55773E-02 
5.45896E-02 
5.42999E-02 
5.29134E-02 
5.15192E-02 
5.01188E-02 
4.87137E-02 
4.73208E-02 
4.59198E-02 
4.45087E-02 
4.30893E-02 
4.16636E-02 
4.02333E-02 
3.88002E-02 
3.73658E-02 
3.59318E-02 
3.44997E-02 
3.30709E-02 
3.16467E-02 
3.02285E-02 
6.41173E-02 
6.27486E-02 
6.13847E-02 
6.00243E-02 
5.86490E-02 
5.72605E-02 
5.58601E-02 
5.47694E-02 
5.44494E-02 
5.29184E-02 
5.13788E-02 
4.98323E-02 
4.82807E-02 
4.67425E-02 
4.51954E-02 
4.36371E-02 
4.20698E-02 
4.04954E-02 
3.89159E-02 
3.73333E-02 
3.57493E-02 
3.41658E-02 
3.25843E-02 
3.10065E-02 
2.94338E-02 
2.78677E-02 
6.38998E-02 
6.23978E-02 
6.09009E-02 
5.94080E-02 
5.78987E-02 
5.63748E-02 
5.48379E-02 
5.36409E-02 
5.32898E-02 
5.16095E-02 
4.99199E-02 
4.82228E-02 
4.65199E-02 
4.48317E-02 
4.31339E-02 
4.14238E-02 
3.97037E-02 
3.79759E-02 
3.62425E-02 
3.45056E-02 
3.27673E-02 
3.10295E-02 
2.92939E-02 
2.75623E-02 
2.58363E-02 
2.41175E-02 
6.22319E-02 
6.05949E-02 
5.89636E-02 
5.73365E-02 
5.56916E-02 
5.40308E-02 
5.23559E-02 
5.10513E-02 
5.06686E-02 
4.88375E-02 
4.69960E-02 
4.51464E-02 
4.32906E-02 
4.14508E-02 
3.96004E-02 
3.77366E-02 
3.58620E-02 
3.39790E-02 
3.20898E-02 
3.01970E-02 
2.83025E-02 
2.64085E-02 
2.45170E-02 
2.26298E-02 
2.07488E-02 
1.88756E-02 
5.89799E-02 
5.72072E-02 
5.54408E-02 
5.36790E-02 
5.18978E-02 
5.00995E-02 
4.82858E-02 
4.68732E-02 
4.64588E-02 
4.44760E-02 
4.24820E-02 
4.04792E-02 
3.84697E-02 
3.64774E-02 
3.44738E-02 
3.24557E-02 
3.04258E-02 
2.83868E-02 
2.63412E-02 
2.42915E-02 
2.22401E-02 
2.01893E-02 
1.81411E-02 
1.60976E-02 
1.40608E-02 
1.20324E-02 
5.40401E-02 
5.21325E-02 
5.02315E-02 
4.83354E-02 
4.64186E-02 
4.44833E-02 
4.25315E-02 
4.10113E-02 
4.05653E-02 
3.84314E-02 
3.62856E-02 
3.41301E-02 
3.19675E-02 
2.98235E-02 
2.76673E-02 
2.54954E-02 
2.33109E-02 
2.11165E-02 
1.89151E-02 
1.67093E-02 
1.45017E-02 
1.22946E-02 
1.00904E-02 
7.89123E-03 
5.69925E-03 
3.51637E-03 
4.73408E-02 
4.52998E-02 
4.32660E-02 
4.12374E-02 
3.91866E-02 
3.71160E-02 
3.50278E-02 
3.34013E-02 
3.29241E-02 
3.06411E-02 
2.83453E-02 
2.60392E-02 
2.37255E-02 
2.14316E-02 
1.91246E-02 
1.68010E-02 
1.44638E-02 
1.21161E-02 
9.76079E-03 
7.40081E-03 
5.03884E-03 
2.67750E-03 
3.19225E-04 
-2.03360E-03 
-4.37878E-03 
-6.71423E-03 
3.88419E-02 
3.66704E-02 
3.45065E-02 
3.23481E-02 
3.01661E-02 
2.79631E-02 
2.57413E-02 
2.40108E-02 
2.35031E-02 
2.10741E-02 
1.86314E-02 
1.61779E-02 
1.37161E-02 
1.12755E-02 
8.82100E-03 
6.34871E-03 
3.86200E-03 
1.36412E-03 
-1.14180E-03 
-3.65273E-03 
-6.16578E-03 
-8.67816E-03 
-1.11873E-02 
-1.36906E-02 
-1.61858E-02 
-1.86706E-02 
2.86436E-02 
2.63466E-02 
2.40575E-02 
2.17744E-02 
1.94663E-02 
1.71359E-02 
1.47856E-02 
1.29551E-02 
1.24180E-02 
9.84856E-03 
7.26470E-03 
4.66930E-03 
2.06520E-03 
-5.16433E-04 
-3.11288E-03 
-5.72811E-03 
-8.35857E-03 
-1.10009E-02 
-1.36517E-02 
-1.63077E-02 
-1.89661E-02 
-2.16237E-02 
-2.42779E-02 
-2.69259E-02 
-2.95654E-02 
-3.21938E-02 
1.65698E-02 
1.41507E-02 
1.17401E-02 
9.33568E-03 
6.90495E-03 
4.45076E-03 
1.97566E-03 
4.78693E-05 
-5.17703E-04 
-3.22369E-03 
-5.94482E-03 
-8.67810E-03 
-1.14205E-02 
-1.41393E-02 
-1.68737E-02 
-1.96279E-02 
-2.23981E-02 
-2.51807E-02 
-2.79723E-02 
-3.07695E-02 
-3.35691E-02 
-3.63679E-02 
-3.91631E-02 
-4.19518E-02 
-4.47315E-02 
-4.74996E-02 
2.82927E-03 
2.94294E-04 
-2.23182E-03 
-4.75143E-03 
-7.29859E-03 
-9.87034E-03 
-1.24640E-02 
-1.44841E-02 
-1.50768E-02 
-1.79124E-02 
-2.07639E-02 
-2.36281E-02 
-2.65019E-02 
-2.93509E-02 
-3.22163E-02 
-3.51024E-02 
-3.80053E-02 
-4.09212E-02 
-4.38466E-02 
-4.67778E-02 
-4.97114E-02 
-5.26443E-02 
-5.55734E-02 
-5.84957E-02 
-6.14085E-02 
-6.43092E-02 
-1.25341E-02 
-1.51785E-02 
-1.78136E-02 
-2.04419E-02 
-2.30989E-02 
-2.57817E-02 
-2.84872E-02 
-3.05945E-02 
-3.12128E-02 
-3.41707E-02 
-3.71452E-02 
-4.01330E-02 
-4.31308E-02 
-4.61027E-02 
-4.90917E-02 
-5.21023E-02 
-5.51305E-02 
-5.81723E-02 
-6.12238E-02 
-6.42815E-02 
-6.73417E-02 
-7.04011E-02 
-7.34566E-02 
-7.65050E-02 
-7.95435E-02 
-8.25693E-02 
-2.93952E-02 
-3.21416E-02 
-3.48784E-02 
-3.76082E-02 
-4.03678E-02 
-4.31540E-02 
-4.59640E-02 
-4.81526E-02 
-4.87947E-02 
-5.18668E-02 
-5.49561E-02 
-5.80592E-02 
-6.11727E-02 
-6.42593E-02 
-6.73637E-02 
-7.04905E-02 
-7.36355E-02 
-7.67946E-02 
-7.99639E-02 
-8.31396E-02 
-8.63179E-02 
-8.94954E-02 
-9.26688E-02 
-9.58348E-02 
-9.89905E-02 
-1.02133E-01 
-4.76638E-02 
-5.05045E-02 
-5.33353E-02 
-5.61587E-02 
-5.90131E-02 
-6.18950E-02 
-6.48014E-02 
-6.70652E-02 
-6.77294E-02 
-7.09069E-02 
-7.41023E-02 
-7.73119E-02 
-8.05323E-02 
-8.37249E-02 
-8.69358E-02 
-9.01700E-02 
-9.34230E-02 
-9.66906E-02 
-9.99687E-02 
-1.03253E-01 
-1.06541E-01 
-1.09827E-01 
-1.13110E-01 
-1.16384E-01 
-1.19649E-01 
-1.22899E-01 
-6.71683E-02 
-7.00948E-02 
-7.30111E-02 
-7.59198E-02 
-7.88604E-02 
-8.18293E-02 
-8.48235E-02 
-8.71557E-02 
-8.78399E-02 
-9.11134E-02 
-9.44053E-02 
-9.77119E-02 
-1.01030E-01 
-1.04319E-01 
-1.07626E-01 
-1.10958E-01 
-1.14310E-01 
-1.17676E-01 
-1.21053E-01 
-1.24437E-01 
-1.27824E-01 
-1.31209E-01 
-1.34591E-01 
-1.37965E-01 
-1.41327E-01 
-1.44676E-01 
-8.77384E-02 
-9.07416E-02 
-9.37343E-02 
-9.67194E-02 
-9.97370E-02 
-1.02784E-01 
-1.05857E-01 
-1.08250E-01 
-1.08952E-01 
-1.12311E-01 
-1.15690E-01 
-1.19083E-01 
-1.22487E-01 
-1.25863E-01 
-1.29257E-01 
-1.32677E-01 
-1.36116E-01 
-1.39570E-01 
-1.43036E-01 
-1.46509E-01 
-1.49984E-01 
-1.53459E-01 
-1.56929E-01 
-1.60391E-01 
-1.63842E-01 
-1.67278E-01 
-1.09201E-01 
-1.12272E-01 
-1.15331E-01 
-1.18383E-01 
-1.21468E-01 
-1.24583E-01 
-1.27725E-01 
-1.30172E-01 
-1.30890E-01 
-1.34324E-01 
-1.37778E-01 
-1.41247E-01 
-1.44728E-01 
-1.48179E-01 
-1.51649E-01 
-1.55145E-01 
-1.58661E-01 
-1.62193E-01 
-1.65736E-01 
-1.69287E-01 
-1.72840E-01 
-1.76392E-01 
-1.79940E-01 
-1.83480E-01 
-1.87008E-01 
-1.90521E-01 
-1.31317E-01 
-1.34444E-01 
-1.37561E-01 
-1.40669E-01 
-1.43812E-01 
-1.46985E-01 
-1.50185E-01 
-1.52677E-01 
-1.53409E-01 
-1.56907E-01 
-1.60425E-01 
-1.63959E-01 
-1.67504E-01 
-1.71019E-01 
-1.74555E-01 
-1.78115E-01 
-1.81697E-01 
-1.85294E-01 
-1.88903E-01 
-1.92520E-01 
-1.96139E-01 
-1.99758E-01 
-2.03372E-01 
-2.06977E-01 
-2.10571E-01 
-2.14149E-01 
-1.53933E-01 
-1.57107E-01 
-1.60271E-01 
-1.63426E-01 
-1.66615E-01 
-1.69835E-01 
-1.73083E-01 
-1.75613E-01 
-1.76355E-01 
-1.79906E-01 
-1.83476E-01 
-1.87063E-01 
-1.90661E-01 
-1.94229E-01 
-1.97817E-01 
-2.01431E-01 
-2.05066E-01 
-2.08717E-01 
-2.12380E-01 
-2.16051E-01 
-2.19724E-01 
-2.23397E-01 
-2.27065E-01 
-2.30724E-01 
-2.34371E-01 
-2.38004E-01 
-1.76576E-01 
-1.79786E-01 
-1.82984E-01 
-1.86175E-01 
-1.89400E-01 
-1.92657E-01 
-1.95941E-01 
-1.98499E-01 
-1.99249E-01 
-2.02840E-01 
-2.06450E-01 
-2.10077E-01 
-2.13716E-01 
-2.17323E-01 
-2.20952E-01 
-2.24606E-01 
-2.28282E-01 
-2.31974E-01 
-2.35678E-01 
-2.39390E-01 
-2.43104E-01 
-2.46818E-01 
-2.50527E-01 
-2.54227E-01 
-2.57916E-01 
-2.61589E-01 
-1.99393E-01 
-2.02627E-01 
-2.05851E-01 
-2.09065E-01 
-2.12316E-01 
-2.15597E-01 
-2.18906E-01 
-2.21484E-01 
-2.22240E-01 
-2.25858E-01 
-2.29497E-01 
-2.33151E-01 
-2.36818E-01 
-2.40453E-01 
-2.44110E-01 
-2.47792E-01 
-2.51496E-01 
-2.55217E-01 
-2.58949E-01 
-2.62689E-01 
-2.66433E-01 
-2.70175E-01 
-2.73912E-01 
-2.77641E-01 
-2.81358E-01 
-2.85059E-01 
-2.21921E-01 
-2.25168E-01 
-2.28404E-01 
-2.31632E-01 
-2.34896E-01 
-2.38190E-01 
-2.41513E-01 
-2.44101E-01 
-2.44860E-01 
-2.48493E-01 
-2.52146E-01 
-2.55816E-01 
-2.59497E-01 
-2.63147E-01 
-2.66818E-01 
-2.70516E-01 
-2.74234E-01 
-2.77970E-01 
-2.81718E-01 
-2.85473E-01 
-2.89231E-01 
-2.92989E-01 
-2.96741E-01 
-3.00485E-01 
-3.04217E-01 
-3.07933E-01 
-2.43900E-01 
-2.47149E-01 
-2.50386E-01 
-2.53616E-01 
-2.56880E-01 
-2.60176E-01 
-2.63500E-01 
-2.66089E-01 
-2.66848E-01 
-2.70483E-01 
-2.74137E-01 
-2.77808E-01 
-2.81491E-01 
-2.85142E-01 
-2.88814E-01 
-2.92513E-01 
-2.96234E-01 
-2.99971E-01 
-3.03720E-01 
-3.07476E-01 
-3.11236E-01 
-3.14995E-01 
-3.18749E-01 
-3.22494E-01 
-3.26227E-01 
-3.29944E-01 
-2.65062E-01 
-2.68300E-01 
-2.71527E-01 
-2.74745E-01 
-2.77999E-01 
-2.81283E-01 
-2.84596E-01 
-2.87176E-01 
-2.87933E-01 
-2.91555E-01 
-2.95197E-01 
-2.98856E-01 
-3.02526E-01 
-3.06165E-01 
-3.09825E-01 
-3.13512E-01 
-3.17219E-01 
-3.20944E-01 
-3.24680E-01 
-3.28424E-01 
-3.32171E-01 
-3.35918E-01 
-3.39659E-01 
-3.43391E-01 
-3.47112E-01 
-3.50817E-01 
-2.85126E-01 
-2.88340E-01 
-2.91544E-01 
-2.94739E-01 
-2.97969E-01 
-3.01230E-01 
-3.04519E-01 
-3.07080E-01 
-3.07832E-01 
-3.11428E-01 
-3.15043E-01 
-3.18675E-01 
-3.22320E-01 
-3.25932E-01 
-3.29566E-01 
-3.33226E-01 
-3.36907E-01 
-3.40604E-01 
-3.44314E-01 
-3.48031E-01 
-3.51751E-01 
-3.55470E-01 
-3.59184E-01 
-3.62890E-01 
-3.66583E-01 
-3.70262E-01 
-3.03804E-01 
-3.06983E-01 
-3.10150E-01 
-3.13309E-01 
-3.16503E-01 
-3.19728E-01 
-3.22980E-01 
-3.25513E-01 
-3.26256E-01 
-3.29812E-01 
-3.33387E-01 
-3.36978E-01 
-3.40582E-01 
-3.44154E-01 
-3.47747E-01 
-3.51366E-01 
-3.55005E-01 
-3.58662E-01 
-3.62330E-01 
-3.66005E-01 
-3.69683E-01 
-3.73361E-01 
-3.77033E-01 
-3.80698E-01 
-3.84350E-01 
-3.87987E-01 
-3.20800E-01 
-3.23930E-01 
-3.27048E-01 
-3.30159E-01 
-3.33304E-01 
-3.36479E-01 
-3.39681E-01 
-3.42175E-01 
-3.42907E-01 
-3.46407E-01 
-3.49928E-01 
-3.53464E-01 
-3.57012E-01 
-3.60529E-01 
-3.64067E-01 
-3.67630E-01 
-3.71214E-01 
-3.74814E-01 
-3.78426E-01 
-3.82044E-01 
-3.85666E-01 
-3.89287E-01 
-3.92903E-01 
-3.96511E-01 
-4.00107E-01 
-4.03689E-01 
-3.35811E-01 
-3.38879E-01 
-3.41936E-01 
-3.44985E-01 
-3.48068E-01 
-3.51180E-01 
-3.54319E-01 
-3.56763E-01 
-3.57480E-01 
-3.60912E-01 
-3.64363E-01 
-3.67829E-01 
-3.71307E-01 
-3.74754E-01 
-3.78222E-01 
-3.81715E-01 
-3.85228E-01 
-3.88756E-01 
-3.92297E-01 
-3.95844E-01 
-3.99394E-01 
-4.02943E-01 
-4.06488E-01 
-4.10024E-01 
-4.13549E-01 
-4.17060E-01 
-3.48551E-01 
-3.51543E-01 
-3.54525E-01 
-3.57500E-01 
-3.60506E-01 
-3.63542E-01 
-3.66604E-01 
-3.68988E-01 
-3.69688E-01 
-3.73035E-01 
-3.76401E-01 
-3.79782E-01 
-3.83174E-01 
-3.86537E-01 
-3.89920E-01 
-3.93327E-01 
-3.96753E-01 
-4.00195E-01 
-4.03649E-01 
-4.07109E-01 
-4.10572E-01 
-4.14034E-01 
-4.17491E-01 
-4.20941E-01 
-4.24379E-01 
-4.27803E-01 
-3.58609E-01 
-3.61513E-01 
-3.64407E-01 
-3.67294E-01 
-3.70212E-01 
-3.73158E-01 
-3.76130E-01 
-3.78444E-01 
-3.79123E-01 
-3.82371E-01 
-3.85638E-01 
-3.88920E-01 
-3.92212E-01 
-3.95476E-01 
-3.98758E-01 
-4.02065E-01 
-4.05390E-01 
-4.08731E-01 
-4.12082E-01 
-4.15440E-01 
-4.18801E-01 
-4.22161E-01 
-4.25517E-01 
-4.28865E-01 
-4.32202E-01 
-4.35525E-01 
-3.65800E-01 
-3.68602E-01 
-3.71394E-01 
-3.74178E-01 
-3.76994E-01 
-3.79836E-01 
-3.82703E-01 
-3.84935E-01 
-3.85590E-01 
-3.88724E-01 
-3.91876E-01 
-3.95042E-01 
-3.98218E-01 
-4.01367E-01 
-4.04534E-01 
-4.07723E-01 
-4.10932E-01 
-4.14155E-01 
-4.17388E-01 
-4.20628E-01 
-4.23870E-01 
-4.27111E-01 
-4.30349E-01 
-4.33579E-01 
-4.36798E-01 
-4.40004E-01 
-3.69724E-01 
-3.72410E-01 
-3.75086E-01 
-3.77755E-01 
-3.80454E-01 
-3.83178E-01 
-3.85926E-01 
-3.88066E-01 
-3.88694E-01 
-3.91698E-01 
-3.94719E-01 
-3.97754E-01 
-4.00798E-01 
-4.03817E-01 
-4.06852E-01 
-4.09910E-01 
-4.12985E-01 
-4.16075E-01 
-4.19174E-01 
-4.22279E-01 
-4.25387E-01 
-4.28494E-01 
-4.31597E-01 
-4.34693E-01 
-4.37779E-01 
-4.40852E-01 
-3.70056E-01 
-3.72612E-01 
-3.75158E-01 
-3.77698E-01 
-3.80266E-01 
-3.82859E-01 
-3.85474E-01 
-3.87510E-01 
-3.88108E-01 
-3.90966E-01 
-3.93841E-01 
-3.96728E-01 
-3.99626E-01 
-4.02498E-01 
-4.05386E-01 
-4.08296E-01 
-4.11222E-01 
-4.14162E-01 
-4.17111E-01 
-4.20066E-01 
-4.23024E-01 
-4.25980E-01 
-4.28933E-01 
-4.31879E-01 
-4.34816E-01 
-4.37740E-01 
-3.66463E-01 
-3.68875E-01 
-3.71278E-01 
-3.73675E-01 
-3.76098E-01 
-3.78544E-01 
-3.81012E-01 
-3.82933E-01 
-3.83497E-01 
-3.86195E-01 
-3.88907E-01 
-3.91632E-01 
-3.94366E-01 
-3.97076E-01 
-3.99802E-01 
-4.02547E-01 
-4.05309E-01 
-4.08082E-01 
-4.10865E-01 
-4.13654E-01 
-4.16444E-01 
-4.19234E-01 
-4.22021E-01 
-4.24801E-01 
-4.27572E-01 
-4.30331E-01 
-3.58608E-01 
-3.60861E-01 
-3.63106E-01 
-3.65346E-01 
-3.67610E-01 
-3.69896E-01 
-3.72201E-01 
-3.73997E-01 
-3.74523E-01 
-3.77044E-01 
-3.79578E-01 
-3.82124E-01 
-3.84678E-01 
-3.87211E-01 
-3.89758E-01 
-3.92323E-01 
-3.94903E-01 
-3.97495E-01 
-4.00095E-01 
-4.02700E-01 
-4.05308E-01 
-4.07915E-01 
-4.10518E-01 
-4.13116E-01 
-4.15705E-01 
-4.18283E-01 
-3.46153E-01 
-3.48234E-01 
-3.50307E-01 
-3.52375E-01 
-3.54466E-01 
-3.56577E-01 
-3.58705E-01 
-3.60364E-01 
-3.60850E-01 
-3.63177E-01 
-3.65518E-01 
-3.67869E-01 
-3.70227E-01 
-3.72566E-01 
-3.74918E-01 
-3.77286E-01 
-3.79669E-01 
-3.82062E-01 
-3.84463E-01 
-3.86869E-01 
-3.89277E-01 
-3.91684E-01 
-3.94089E-01 
-3.96487E-01 
-3.98878E-01 
-4.01259E-01 
-3.28697E-01 
-3.30590E-01 
-3.32477E-01 
-3.34358E-01 
-3.36260E-01 
-3.38181E-01 
-3.40118E-01 
-3.41627E-01 
-3.42069E-01 
-3.44187E-01 
-3.46316E-01 
-3.48455E-01 
-3.50602E-01 
-3.52729E-01 
-3.54869E-01 
-3.57025E-01 
-3.59192E-01 
-3.61370E-01 
-3.63555E-01 
-3.65744E-01 
-3.67935E-01 
-3.70125E-01 
-3.72312E-01 
-3.74495E-01 
-3.76670E-01 
-3.78836E-01 
-3.06004E-01 
-3.07696E-01 
-3.09382E-01 
-3.11064E-01 
-3.12763E-01 
-3.14480E-01 
-3.16211E-01 
-3.17559E-01 
-3.17954E-01 
-3.19847E-01 
-3.21750E-01 
-3.23661E-01 
-3.25579E-01 
-3.27480E-01 
-3.29393E-01 
-3.31319E-01 
-3.33256E-01 
-3.35202E-01 
-3.37154E-01 
-3.39110E-01 
-3.41068E-01 
-3.43026E-01 
-3.44980E-01 
-3.46931E-01 
-3.48874E-01 
-3.50810E-01 
-2.77653E-01 
-2.79129E-01 
-2.80599E-01 
-2.82066E-01 
-2.83549E-01 
-2.85046E-01 
-2.86555E-01 
-2.87731E-01 
-2.88076E-01 
-2.89727E-01 
-2.91387E-01 
-2.93054E-01 
-2.94727E-01 
-2.96385E-01 
-2.98053E-01 
-2.99733E-01 
-3.01423E-01 
-3.03120E-01 
-3.04823E-01 
-3.06529E-01 
-3.08237E-01 
-3.09944E-01 
-3.11649E-01 
-3.13350E-01 
-3.15046E-01 
-3.16734E-01 
-2.43290E-01 
-2.44535E-01 
-2.45775E-01 
-2.47012E-01 
-2.48263E-01 
-2.49526E-01 
-2.50799E-01 
-2.51791E-01 
-2.52082E-01 
-2.53474E-01 
-2.54874E-01 
-2.56281E-01 
-2.57692E-01 
-2.59091E-01 
-2.60497E-01 
-2.61915E-01 
-2.63340E-01 
-2.64772E-01 
-2.66208E-01 
-2.67647E-01 
-2.69087E-01 
-2.70528E-01 
-2.71966E-01 
-2.73400E-01 
-2.74831E-01 
-2.76255E-01 
-2.02555E-01 
-2.03554E-01 
-2.04549E-01 
-2.05542E-01 
-2.06546E-01 
-2.07559E-01 
-2.08581E-01 
-2.09377E-01 
-2.09610E-01 
-2.10728E-01 
-2.11851E-01 
-2.12980E-01 
-2.14112E-01 
-2.15235E-01 
-2.16364E-01 
-2.17501E-01 
-2.18644E-01 
-2.19793E-01 
-2.20946E-01 
-2.22101E-01 
-2.23257E-01 
-2.24412E-01 
-2.25567E-01 
-2.26718E-01 
-2.27866E-01 
-2.29009E-01 
-1.55092E-01 
-1.55830E-01 
-1.56565E-01 
-1.57299E-01 
-1.58040E-01 
-1.58789E-01 
-1.59544E-01 
-1.60132E-01 
-1.60305E-01 
-1.61130E-01 
-1.61961E-01 
-1.62794E-01 
-1.63631E-01 
-1.64461E-01 
-1.65295E-01 
-1.66135E-01 
-1.66980E-01 
-1.67829E-01 
-1.68681E-01 
-1.69534E-01 
-1.70388E-01 
-1.71242E-01 
-1.72095E-01 
-1.72946E-01 
-1.73794E-01 
-1.74638E-01 
-1.00537E-01 
-1.00999E-01 
-1.01460E-01 
-1.01919E-01 
-1.02384E-01 
-1.02852E-01 
-1.03325E-01 
-1.03694E-01 
-1.03802E-01 
-1.04319E-01 
-1.04839E-01 
-1.05361E-01 
-1.05885E-01 
-1.06404E-01 
-1.06927E-01 
-1.07453E-01 
-1.07982E-01 
-1.08514E-01 
-1.09048E-01 
-1.09582E-01 
-1.10117E-01 
-1.10652E-01 
-1.11186E-01 
-1.11719E-01 
-1.12250E-01 
-1.12779E-01 
-3.85093E-02 
-3.86806E-02 
-3.88512E-02 
-3.90214E-02 
-3.91934E-02 
-3.93671E-02 
-3.95423E-02 
-3.96788E-02 
-3.97188E-02 
-3.99104E-02 
-4.01030E-02 
-4.02964E-02 
-4.04906E-02 
-4.06830E-02 
-4.08766E-02 
-4.10715E-02 
-4.12676E-02 
-4.14645E-02 
-4.16621E-02 
-4.18601E-02 
-4.20583E-02 
-4.22564E-02 
-4.24543E-02 
-4.26517E-02 
-4.28484E-02 
-4.30443E-02 
3.13065E-02 
3.14413E-02 
3.15756E-02 
3.17096E-02 
3.18450E-02 
3.19817E-02 
3.21196E-02 
3.22270E-02 
3.22585E-02 
3.24092E-02 
3.25608E-02 
3.27131E-02 
3.28659E-02 
3.30174E-02 
3.31697E-02 
3.33231E-02 
3.34775E-02 
3.36325E-02 
3.37880E-02 
3.39438E-02 
3.40998E-02 
3.42557E-02 
3.44114E-02 
3.45668E-02 
3.47217E-02 
3.48759E-02 
---
