PdfType: replica
Format: lhagrid1
---
1.00000E-06 1.28121E-06 1.64152E-06 2.10317E-06 2.69463E-06 3.45242E-06 4.42329E-06 5.66715E-06 7.26076E-06 9.30241E-06 1.19180E-05 1.52689E-05 1.95617E-05 2.50609E-05 3.21053E-05 4.11287E-05 5.26863E-05 6.74889E-05 8.64459E-05 1.10720E-04 1.41800E-04 1.81585E-04 2.32503E-04 2.97652E-04 3.80981E-04 4.87518E-04 6.26039E-04 8.00452E-04 1.02297E-03 1.30657E-03 1.66759E-03 2.12729E-03 2.71054E-03 3.44865E-03 4.37927E-03 5.54908E-03 7.01192E-03 8.83064E-03 1.10763E-02 1.38266E-02 1.71641E-02 2.11717E-02 2.59364E-02 3.15062E-02 3.79623E-02 4.53425E-02 5.36750E-02 6.29705E-02 7.32221E-02 8.44039E-02 9.64793E-02 1.09332E-01 1.23067E-01 1.37507E-01 1.52639E-01 1.68416E-01 1.84794E-01 2.01731E-01 2.19016E-01 2.36948E-01 2.55242E-01 2.73927E-01 2.92954E-01 3.12340E-01 3.32036E-01 3.52019E-01 3.72282E-01 3.92772E-01 4.13533E-01 4.34326E-01 4.55495E-01 4.76836E-01 4.98342E-01 5.20006E-01 5.41818E-01 5.63773E-01 5.85861E-01 6.08077E-01 6.30459E-01 6.52800E-01 6.75387E-01 6.98063E-01 7.20830E-01 7.43683E-01 7.66623E-01 7.89636E-01 8.12791E-01 8.35940E-01 8.59175E-01 8.82485E-01 9.05866E-01 9.29311E-01 9.52817E-01 9.76387E-01 1.00000E+00 
1.14018E+00 1.22539E+00 1.32482E+00 1.44156E+00 1.57954E+00 1.74381E+00 1.94091E+00 2.12132E+00 2.17945E+00 2.49622E+00 2.89383E+00 3.39925E+00 4.05063E+00 4.90286E+00 6.03623E+00 7.57063E+00 9.68869E+00 1.26749E+01 1.69835E+01 2.33578E+01 3.30501E+01 4.82334E+01 7.28041E+01 1.13998E+02 1.85779E+02 3.16228E+02 
908
2.10326E-01 
2.06304E-01 
2.02339E-01 
1.98425E-01 
1.94515E-01 
1.90613E-01 
1.86724E-01 
1.83727E-01 
1.82852E-01 
1.78701E-01 
1.74579E-01 
1.70490E-01 
1.66439E-01 
1.62467E-01 
1.58520E-01 
1.54593E-01 
1.50691E-01 
1.46820E-01 
1.42984E-01 
1.39188E-01 
1.35437E-01 
1.31733E-01 
1.28081E-01 
1.24483E-01 
1.20941E-01 
1.17460E-01 
2.10325E-01 
2.06303E-01 
2.02339E-01 
1.98424E-01 
1.94514E-01 
1.90612E-01 
1.86724E-01 
1.83726E-01 
1.82852E-01 
1.78701E-01 
1.74579E-01 
1.70490E-01 
1.66438E-01 
1.62466E-01 
1.58519E-01 
1.54592E-01 
1.50690E-01 
1.46819E-01 
1.42983E-01 
1.39188E-01 
1.35436E-01 
1.31733E-01 
1.28080E-01 
1.24482E-01 
1.20941E-01 
1.17459E-01 
2.10324E-01 
2.06302E-01 
2.02338E-01 
1.98424E-01 
1.94513E-01 
1.90612E-01 
1.86723E-01 
1.83725E-01 
1.82851E-01 
1.78700E-01 
1.74578E-01 
1.70489E-01 
1.66437E-01 
1.62466E-01 
1.58518E-01 
1.54591E-01 
1.50689E-01 
1.46818E-01 
1.42983E-01 
1.39187E-01 
1.35435E-01 
1.31732E-01 
1.28079E-01 
1.24481E-01 
1.20940E-01 
1.17458E-01 
2.10323E-01 
2.06301E-01 
2.02337E-01 
1.98423E-01 
1.94512E-01 
1.90610E-01 
1.86722E-01 
1.83724E-01 
1.82850E-01 
1.78699E-01 
1.74577E-01 
1.70488E-01 
1.66436E-01 
1.62464E-01 
1.58517E-01 
1.54590E-01 
1.50688E-01 
1.46817E-01 
1.42982E-01 
1.39186E-01 
1.35434E-01 
1.31731E-01 
1.28078E-01 
1.24480E-01 
1.20939E-01 
1.17457E-01 
2.10322E-01 
2.06300E-01 
2.02335E-01 
1.98421E-01 
1.94511E-01 
1.90609E-01 
1.86720E-01 
1.83723E-01 
1.82848E-01 
1.78697E-01 
1.74575E-01 
1.70486E-01 
1.66435E-01 
1.62463E-01 
1.58516E-01 
1.54589E-01 
1.50687E-01 
1.46816E-01 
1.42980E-01 
1.39185E-01 
1.35433E-01 
1.31729E-01 
1.28077E-01 
1.24479E-01 
1.20938E-01 
1.17456E-01 
2.10320E-01 
2.06298E-01 
2.02333E-01 
1.98419E-01 
1.94509E-01 
1.90607E-01 
1.86718E-01 
1.83721E-01 
1.82847E-01 
1.78696E-01 
1.74574E-01 
1.70485E-01 
1.66433E-01 
1.62461E-01 
1.58514E-01 
1.54587E-01 
1.50685E-01 
1.46814E-01 
1.42979E-01 
1.39183E-01 
1.35431E-01 
1.31728E-01 
1.28075E-01 
1.24477E-01 
1.20936E-01 
1.17454E-01 
2.10317E-01 
2.06296E-01 
2.02331E-01 
1.98417E-01 
1.94507E-01 
1.90605E-01 
1.86716E-01 
1.83719E-01 
1.82844E-01 
1.78693E-01 
1.74571E-01 
1.70482E-01 
1.66431E-01 
1.62459E-01 
1.58512E-01 
1.54585E-01 
1.50683E-01 
1.46812E-01 
1.42976E-01 
1.39181E-01 
1.35429E-01 
1.31725E-01 
1.28073E-01 
1.24475E-01 
1.20934E-01 
1.17452E-01 
2.10315E-01 
2.06293E-01 
2.02328E-01 
1.98414E-01 
1.94504E-01 
1.90602E-01 
1.86713E-01 
1.83716E-01 
1.82842E-01 
1.78690E-01 
1.74568E-01 
1.70480E-01 
1.66428E-01 
1.62456E-01 
1.58509E-01 
1.54582E-01 
1.50680E-01 
1.46809E-01 
1.42974E-01 
1.39178E-01 
1.35426E-01 
1.31723E-01 
1.28070E-01 
1.24472E-01 
1.20931E-01 
1.17450E-01 
2.10311E-01 
2.06289E-01 
2.02324E-01 
1.98410E-01 
1.94500E-01 
1.90598E-01 
1.86710E-01 
1.83712E-01 
1.82838E-01 
1.78687E-01 
1.74565E-01 
1.70476E-01 
1.66424E-01 
1.62453E-01 
1.58506E-01 
1.54578E-01 
1.50677E-01 
1.46806E-01 
1.42970E-01 
1.39174E-01 
1.35423E-01 
1.31719E-01 
1.28067E-01 
1.24469E-01 
1.20928E-01 
1.17446E-01 
2.10306E-01 
2.06284E-01 
2.02320E-01 
1.98406E-01 
1.94495E-01 
1.90594E-01 
1.86705E-01 
1.83707E-01 
1.82833E-01 
1.78682E-01 
1.74560E-01 
1.70471E-01 
1.66420E-01 
1.62448E-01 
1.58501E-01 
1.54574E-01 
1.50672E-01 
1.46801E-01 
1.42965E-01 
1.39170E-01 
1.35418E-01 
1.31715E-01 
1.28062E-01 
1.24464E-01 
1.20923E-01 
1.17442E-01 
2.10300E-01 
2.06278E-01 
2.02313E-01 
1.98399E-01 
1.94489E-01 
1.90588E-01 
1.86699E-01 
1.83701E-01 
1.82827E-01 
1.78676E-01 
1.74554E-01 
1.70465E-01 
1.66414E-01 
1.62442E-01 
1.58495E-01 
1.54568E-01 
1.50666E-01 
1.46795E-01 
1.42960E-01 
1.39164E-01 
1.35412E-01 
1.31709E-01 
1.28056E-01 
1.24458E-01 
1.20917E-01 
1.17436E-01 
2.10292E-01 
2.06270E-01 
2.02306E-01 
1.98392E-01 
1.94481E-01 
1.90580E-01 
1.86691E-01 
1.83693E-01 
1.82819E-01 
1.78668E-01 
1.74546E-01 
1.70458E-01 
1.66406E-01 
1.62434E-01 
1.58487E-01 
1.54560E-01 
1.50659E-01 
1.46788E-01 
1.42952E-01 
1.39156E-01 
1.35405E-01 
1.31701E-01 
1.28049E-01 
1.24451E-01 
1.20910E-01 
1.17428E-01 
2.10281E-01 
2.06260E-01 
2.02295E-01 
1.98381E-01 
1.94471E-01 
1.90570E-01 
1.86681E-01 
1.83683E-01 
1.82809E-01 
1.78658E-01 
1.74536E-01 
1.70448E-01 
1.66396E-01 
1.62425E-01 
1.58478E-01 
1.54551E-01 
1.50649E-01 
1.46778E-01 
1.42942E-01 
1.39147E-01 
1.35395E-01 
1.31692E-01 
1.28039E-01 
1.24441E-01 
1.20900E-01 
1.17419E-01 
2.10268E-01 
2.06247E-01 
2.02282E-01 
1.98369E-01 
1.94458E-01 
1.90557E-01 
1.86668E-01 
1.83671E-01 
1.82796E-01 
1.78646E-01 
1.74524E-01 
1.70435E-01 
1.66384E-01 
1.62412E-01 
1.58465E-01 
1.54538E-01 
1.50636E-01 
1.46765E-01 
1.42930E-01 
1.39134E-01 
1.35383E-01 
1.31679E-01 
1.28027E-01 
1.24429E-01 
1.20888E-01 
1.17407E-01 
2.10252E-01 
2.06230E-01 
2.02266E-01 
1.98352E-01 
1.94442E-01 
1.90540E-01 
1.86652E-01 
1.83654E-01 
1.82780E-01 
1.78629E-01 
1.74507E-01 
1.70419E-01 
1.66367E-01 
1.62396E-01 
1.58449E-01 
1.54522E-01 
1.50620E-01 
1.46750E-01 
1.42914E-01 
1.39119E-01 
1.35367E-01 
1.31664E-01 
1.28011E-01 
1.24414E-01 
1.20873E-01 
1.17391E-01 
2.10230E-01 
2.06209E-01 
2.02244E-01 
1.98331E-01 
1.94421E-01 
1.90519E-01 
1.86631E-01 
1.83633E-01 
1.82759E-01 
1.78608E-01 
1.74487E-01 
1.70398E-01 
1.66347E-01 
1.62375E-01 
1.58428E-01 
1.54501E-01 
1.50600E-01 
1.46729E-01 
1.42894E-01 
1.39098E-01 
1.35347E-01 
1.31644E-01 
1.27991E-01 
1.24394E-01 
1.20853E-01 
1.17371E-01 
2.10203E-01 
2.06181E-01 
2.02217E-01 
1.98303E-01 
1.94394E-01 
1.90492E-01 
1.86604E-01 
1.83606E-01 
1.82732E-01 
1.78582E-01 
1.74460E-01 
1.70371E-01 
1.66320E-01 
1.62349E-01 
1.58402E-01 
1.54475E-01 
1.50574E-01 
1.46703E-01 
1.42868E-01 
1.39072E-01 
1.35321E-01 
1.31618E-01 
1.27966E-01 
1.24368E-01 
1.20827E-01 
1.17346E-01 
2.10168E-01 
2.06146E-01 
2.02182E-01 
1.98269E-01 
1.94359E-01 
1.90458E-01 
1.86569E-01 
1.83572E-01 
1.82698E-01 
1.78547E-01 
1.74426E-01 
1.70337E-01 
1.66286E-01 
1.62315E-01 
1.58368E-01 
1.54442E-01 
1.50540E-01 
1.46670E-01 
1.42834E-01 
1.39039E-01 
1.35288E-01 
1.31585E-01 
1.27933E-01 
1.24335E-01 
1.20794E-01 
1.17313E-01 
2.10123E-01 
2.06101E-01 
2.02137E-01 
1.98224E-01 
1.94314E-01 
1.90413E-01 
1.86525E-01 
1.83528E-01 
1.82654E-01 
1.78503E-01 
1.74382E-01 
1.70294E-01 
1.66243E-01 
1.62272E-01 
1.58325E-01 
1.54398E-01 
1.50497E-01 
1.46627E-01 
1.42792E-01 
1.38997E-01 
1.35246E-01 
1.31542E-01 
1.27891E-01 
1.24293E-01 
1.20753E-01 
1.17272E-01 
2.10065E-01 
2.06044E-01 
2.02080E-01 
1.98167E-01 
1.94257E-01 
1.90356E-01 
1.86468E-01 
1.83471E-01 
1.82597E-01 
1.78447E-01 
1.74326E-01 
1.70238E-01 
1.66187E-01 
1.62216E-01 
1.58270E-01 
1.54343E-01 
1.50442E-01 
1.46572E-01 
1.42737E-01 
1.38942E-01 
1.35191E-01 
1.31488E-01 
1.27837E-01 
1.24239E-01 
1.20699E-01 
1.17218E-01 
2.09991E-01 
2.05970E-01 
2.02007E-01 
1.98094E-01 
1.94184E-01 
1.90284E-01 
1.86396E-01 
1.83399E-01 
1.82525E-01 
1.78375E-01 
1.74254E-01 
1.70166E-01 
1.66116E-01 
1.62145E-01 
1.58199E-01 
1.54273E-01 
1.50372E-01 
1.46502E-01 
1.42667E-01 
1.38872E-01 
1.35122E-01 
1.31419E-01 
1.27767E-01 
1.24170E-01 
1.20630E-01 
1.17149E-01 
2.09897E-01 
2.05876E-01 
2.01913E-01 
1.98000E-01 
1.94091E-01 
1.90191E-01 
1.86303E-01 
1.83307E-01 
1.82433E-01 
1.78283E-01 
1.74162E-01 
1.70075E-01 
1.66024E-01 
1.62054E-01 
1.58108E-01 
1.54182E-01 
1.50282E-01 
1.46412E-01 
1.42578E-01 
1.38783E-01 
1.35033E-01 
1.31330E-01 
1.27679E-01 
1.24082E-01 
1.20542E-01 
1.17062E-01 
2.09776E-01 
2.05755E-01 
2.01793E-01 
1.97880E-01 
1.93972E-01 
1.90072E-01 
1.86184E-01 
1.83188E-01 
1.82314E-01 
1.78165E-01 
1.74045E-01 
1.69957E-01 
1.65908E-01 
1.61938E-01 
1.57992E-01 
1.54067E-01 
1.50166E-01 
1.46297E-01 
1.42463E-01 
1.38669E-01 
1.34919E-01 
1.31217E-01 
1.27566E-01 
1.23969E-01 
1.20430E-01 
1.16950E-01 
2.09621E-01 
2.05601E-01 
2.01639E-01 
1.97727E-01 
1.93819E-01 
1.89919E-01 
1.86033E-01 
1.83037E-01 
1.82163E-01 
1.78014E-01 
1.73894E-01 
1.69808E-01 
1.65758E-01 
1.61789E-01 
1.57844E-01 
1.53919E-01 
1.50019E-01 
1.46150E-01 
1.42316E-01 
1.38523E-01 
1.34773E-01 
1.31071E-01 
1.27421E-01 
1.23825E-01 
1.20286E-01 
1.16806E-01 
2.09423E-01 
2.05404E-01 
2.01443E-01 
1.97531E-01 
1.93624E-01 
1.89725E-01 
1.85838E-01 
1.82843E-01 
1.81969E-01 
1.77821E-01 
1.73702E-01 
1.69616E-01 
1.65567E-01 
1.61598E-01 
1.57654E-01 
1.53729E-01 
1.49830E-01 
1.45962E-01 
1.42129E-01 
1.38336E-01 
1.34587E-01 
1.30886E-01 
1.27236E-01 
1.23640E-01 
1.20102E-01 
1.16622E-01 
2.09171E-01 
2.05152E-01 
2.01191E-01 
1.97281E-01 
1.93374E-01 
1.89476E-01 
1.85590E-01 
1.82595E-01 
1.81722E-01 
1.77575E-01 
1.73456E-01 
1.69371E-01 
1.65323E-01 
1.61355E-01 
1.57411E-01 
1.53488E-01 
1.49589E-01 
1.45722E-01 
1.41889E-01 
1.38097E-01 
1.34349E-01 
1.30648E-01 
1.26999E-01 
1.23404E-01 
1.19866E-01 
1.16388E-01 
2.08842E-01 
2.04825E-01 
2.00865E-01 
1.96955E-01 
1.93049E-01 
1.89152E-01 
1.85268E-01 
1.82274E-01 
1.81400E-01 
1.77254E-01 
1.73137E-01 
1.69053E-01 
1.65006E-01 
1.61038E-01 
1.57096E-01 
1.53173E-01 
1.49276E-01 
1.45409E-01 
1.41578E-01 
1.37787E-01 
1.34039E-01 
1.30340E-01 
1.26692E-01 
1.23098E-01 
1.19561E-01 
1.16083E-01 
2.08429E-01 
2.04412E-01 
2.00454E-01 
1.96546E-01 
1.92641E-01 
1.88745E-01 
1.84862E-01 
1.81869E-01 
1.80996E-01 
1.76851E-01 
1.72735E-01 
1.68652E-01 
1.64606E-01 
1.60640E-01 
1.56699E-01 
1.52778E-01 
1.48882E-01 
1.45016E-01 
1.41186E-01 
1.37396E-01 
1.33650E-01 
1.29952E-01 
1.26304E-01 
1.22712E-01 
1.19176E-01 
1.15699E-01 
2.07901E-01 
2.03887E-01 
1.99930E-01 
1.96023E-01 
1.92120E-01 
1.88226E-01 
1.84344E-01 
1.81352E-01 
1.80480E-01 
1.76337E-01 
1.72222E-01 
1.68141E-01 
1.64097E-01 
1.60133E-01 
1.56193E-01 
1.52273E-01 
1.48379E-01 
1.44515E-01 
1.40686E-01 
1.36898E-01 
1.33153E-01 
1.29457E-01 
1.25811E-01 
1.22220E-01 
1.18685E-01 
1.15210E-01 
2.07230E-01 
2.03218E-01 
1.99263E-01 
1.95358E-01 
1.91457E-01 
1.87565E-01 
1.83685E-01 
1.80695E-01 
1.79823E-01 
1.75682E-01 
1.71569E-01 
1.67490E-01 
1.63449E-01 
1.59486E-01 
1.55549E-01 
1.51631E-01 
1.47739E-01 
1.43877E-01 
1.40050E-01 
1.36264E-01 
1.32521E-01 
1.28826E-01 
1.25182E-01 
1.21593E-01 
1.18060E-01 
1.14587E-01 
2.06376E-01 
2.02367E-01 
1.98414E-01 
1.94512E-01 
1.90614E-01 
1.86724E-01 
1.82847E-01 
1.79859E-01 
1.78987E-01 
1.74849E-01 
1.70740E-01 
1.66663E-01 
1.62624E-01 
1.58664E-01 
1.54729E-01 
1.50814E-01 
1.46924E-01 
1.43065E-01 
1.39241E-01 
1.35457E-01 
1.31717E-01 
1.28025E-01 
1.24383E-01 
1.20796E-01 
1.17266E-01 
1.13795E-01 
2.05291E-01 
2.01285E-01 
1.97336E-01 
1.93437E-01 
1.89542E-01 
1.85655E-01 
1.81782E-01 
1.78796E-01 
1.77925E-01 
1.73790E-01 
1.69684E-01 
1.65611E-01 
1.61575E-01 
1.57619E-01 
1.53687E-01 
1.49776E-01 
1.45889E-01 
1.42033E-01 
1.38212E-01 
1.34432E-01 
1.30695E-01 
1.27005E-01 
1.23367E-01 
1.19783E-01 
1.16256E-01 
1.12788E-01 
2.03916E-01 
1.99914E-01 
1.95969E-01 
1.92074E-01 
1.88184E-01 
1.84301E-01 
1.80432E-01 
1.77449E-01 
1.76579E-01 
1.72449E-01 
1.68347E-01 
1.64279E-01 
1.60247E-01 
1.56295E-01 
1.52368E-01 
1.48460E-01 
1.44578E-01 
1.40726E-01 
1.36909E-01 
1.33133E-01 
1.29400E-01 
1.25714E-01 
1.22080E-01 
1.18500E-01 
1.14976E-01 
1.11512E-01 
2.02179E-01 
1.98183E-01 
1.94243E-01 
1.90354E-01 
1.86469E-01 
1.82592E-01 
1.78727E-01 
1.75749E-01 
1.74880E-01 
1.70755E-01 
1.66659E-01 
1.62596E-01 
1.58570E-01 
1.54624E-01 
1.50702E-01 
1.46799E-01 
1.42922E-01 
1.39076E-01 
1.35264E-01 
1.31492E-01 
1.27765E-01 
1.24084E-01 
1.20455E-01 
1.16880E-01 
1.13361E-01 
1.09902E-01 
1.99996E-01 
1.96006E-01 
1.92074E-01 
1.88191E-01 
1.84312E-01 
1.80442E-01 
1.76584E-01 
1.73611E-01 
1.72743E-01 
1.68626E-01 
1.64537E-01 
1.60481E-01 
1.56462E-01 
1.52522E-01 
1.48607E-01 
1.44711E-01 
1.40840E-01 
1.37000E-01 
1.33196E-01 
1.29430E-01 
1.25709E-01 
1.22035E-01 
1.18412E-01 
1.14843E-01 
1.11330E-01 
1.07876E-01 
1.97260E-01 
1.93279E-01 
1.89355E-01 
1.85481E-01 
1.81611E-01 
1.77749E-01 
1.73899E-01 
1.70932E-01 
1.70067E-01 
1.65958E-01 
1.61878E-01 
1.57831E-01 
1.53820E-01 
1.49889E-01 
1.45982E-01 
1.42095E-01 
1.38233E-01 
1.34401E-01 
1.30605E-01 
1.26847E-01 
1.23134E-01 
1.19468E-01 
1.15853E-01 
1.12291E-01 
1.08786E-01 
1.05340E-01 
1.93854E-01 
1.89884E-01 
1.85971E-01 
1.82107E-01 
1.78247E-01 
1.74395E-01 
1.70557E-01 
1.67598E-01 
1.66735E-01 
1.62637E-01 
1.58568E-01 
1.54531E-01 
1.50532E-01 
1.46611E-01 
1.42715E-01 
1.38838E-01 
1.34987E-01 
1.31165E-01 
1.27379E-01 
1.23632E-01 
1.19929E-01 
1.16272E-01 
1.12667E-01 
1.09115E-01 
1.05620E-01 
1.02183E-01 
1.89642E-01 
1.85686E-01 
1.81785E-01 
1.77935E-01 
1.74088E-01 
1.70249E-01 
1.66423E-01 
1.63474E-01 
1.62614E-01 
1.58530E-01 
1.54475E-01 
1.50452E-01 
1.46466E-01 
1.42558E-01 
1.38675E-01 
1.34811E-01 
1.30973E-01 
1.27164E-01 
1.23391E-01 
1.19656E-01 
1.15965E-01 
1.12322E-01 
1.08728E-01 
1.05188E-01 
1.01705E-01 
9.82794E-02 
1.84476E-01 
1.80536E-01 
1.76652E-01 
1.72817E-01 
1.68986E-01 
1.65163E-01 
1.61353E-01 
1.58417E-01 
1.57560E-01 
1.53493E-01 
1.49455E-01 
1.45449E-01 
1.41479E-01 
1.37588E-01 
1.33721E-01 
1.29873E-01 
1.26051E-01 
1.22258E-01 
1.18500E-01 
1.14781E-01 
1.11106E-01 
1.07477E-01 
1.03899E-01 
1.00374E-01 
9.69045E-02 
9.34935E-02 
1.78200E-01 
1.74280E-01 
1.70416E-01 
1.66601E-01 
1.62789E-01 
1.58986E-01 
1.55196E-01 
1.52274E-01 
1.51422E-01 
1.47376E-01 
1.43358E-01 
1.39373E-01 
1.35423E-01 
1.31552E-01 
1.27705E-01 
1.23877E-01 
1.20074E-01 
1.16300E-01 
1.12562E-01 
1.08862E-01 
1.05205E-01 
1.01595E-01 
9.80352E-02 
9.45280E-02 
9.10765E-02 
8.76830E-02 
1.70661E-01 
1.66765E-01 
1.62925E-01 
1.59134E-01 
1.55346E-01 
1.51567E-01 
1.47800E-01 
1.44896E-01 
1.44049E-01 
1.40028E-01 
1.36035E-01 
1.32075E-01 
1.28150E-01 
1.24303E-01 
1.20479E-01 
1.16675E-01 
1.12896E-01 
1.09146E-01 
1.05431E-01 
1.01754E-01 
9.81200E-02 
9.45324E-02 
9.09944E-02 
8.75091E-02 
8.40790E-02 
8.07066E-02 
1.61718E-01 
1.57851E-01 
1.54040E-01 
1.50277E-01 
1.46518E-01 
1.42766E-01 
1.39028E-01 
1.36146E-01 
1.35305E-01 
1.31315E-01 
1.27352E-01 
1.23421E-01 
1.19525E-01 
1.15707E-01 
1.11912E-01 
1.08137E-01 
1.04386E-01 
1.00664E-01 
9.69763E-02 
9.33272E-02 
8.97204E-02 
8.61597E-02 
8.26483E-02 
7.91890E-02 
7.57847E-02 
7.24375E-02 
1.51241E-01 
1.47408E-01 
1.43631E-01 
1.39902E-01 
1.36176E-01 
1.32459E-01 
1.28753E-01 
1.25897E-01 
1.25064E-01 
1.21109E-01 
1.17182E-01 
1.13286E-01 
1.09426E-01 
1.05641E-01 
1.01881E-01 
9.81387E-02 
9.44211E-02 
9.07327E-02 
8.70782E-02 
8.34617E-02 
7.98872E-02 
7.63583E-02 
7.28783E-02 
6.94500E-02 
6.60761E-02 
6.27589E-02 
1.39206E-01 
1.35414E-01 
1.31676E-01 
1.27986E-01 
1.24299E-01 
1.20621E-01 
1.16955E-01 
1.14129E-01 
1.13304E-01 
1.09391E-01 
1.05505E-01 
1.01650E-01 
9.78300E-02 
9.40855E-02 
9.03643E-02 
8.66618E-02 
8.29833E-02 
7.93336E-02 
7.57175E-02 
7.21390E-02 
6.86020E-02 
6.51103E-02 
6.16668E-02 
5.82745E-02 
5.49361E-02 
5.16537E-02 
1.25541E-01 
1.21795E-01 
1.18104E-01 
1.14459E-01 
1.10817E-01 
1.07184E-01 
1.03562E-01 
1.00771E-01 
9.99569E-02 
9.60912E-02 
9.22527E-02 
8.84450E-02 
8.46720E-02 
8.09734E-02 
7.72978E-02 
7.36406E-02 
7.00072E-02 
6.64023E-02 
6.28304E-02 
5.92957E-02 
5.58021E-02 
5.23531E-02 
4.89518E-02 
4.56011E-02 
4.23036E-02 
3.90615E-02 
1.10292E-01 
1.06599E-01 
1.02960E-01 
9.93663E-02 
9.57762E-02 
9.21940E-02 
8.86236E-02 
8.58716E-02 
8.50690E-02 
8.12578E-02 
7.74734E-02 
7.37194E-02 
6.99996E-02 
6.63531E-02 
6.27293E-02 
5.91238E-02 
5.55416E-02 
5.19875E-02 
4.84659E-02 
4.49811E-02 
4.15368E-02 
3.81364E-02 
3.47831E-02 
3.14797E-02 
2.82286E-02 
2.50322E-02 
9.35489E-02 
8.99156E-02 
8.63343E-02 
8.27984E-02 
7.92659E-02 
7.57412E-02 
7.22281E-02 
6.95203E-02 
6.87305E-02 
6.49805E-02 
6.12568E-02 
5.75630E-02 
5.39030E-02 
5.03150E-02 
4.67493E-02 
4.32016E-02 
3.96769E-02 
3.61798E-02 
3.27148E-02 
2.92859E-02 
2.58968E-02 
2.25510E-02 
1.92514E-02 
1.60010E-02 
1.28021E-02 
9.65699E-03 
7.54569E-02 
7.18892E-02 
6.83726E-02 
6.49006E-02 
6.14319E-02 
5.79709E-02 
5.45213E-02 
5.18623E-02 
5.10868E-02 
4.74045E-02 
4.37481E-02 
4.01210E-02 
3.65270E-02 
3.30039E-02 
2.95026E-02 
2.60190E-02 
2.25579E-02 
1.91240E-02 
1.57215E-02 
1.23546E-02 
9.02670E-03 
5.74130E-03 
2.50137E-03 
-6.90360E-04 
-3.83147E-03 
-6.91981E-03 
5.62131E-02 
5.27172E-02 
4.92713E-02 
4.58692E-02 
4.24703E-02 
3.90789E-02 
3.56987E-02 
3.30932E-02 
3.23333E-02 
2.87252E-02 
2.51423E-02 
2.15882E-02 
1.80665E-02 
1.46143E-02 
1.11835E-02 
7.76992E-03 
4.37848E-03 
1.01368E-03 
-2.32030E-03 
-5.61952E-03 
-8.88041E-03 
-1.20997E-02 
-1.52744E-02 
-1.84019E-02 
-2.14798E-02 
-2.45060E-02 
3.60605E-02 
3.26422E-02 
2.92728E-02 
2.59462E-02 
2.26228E-02 
1.93067E-02 
1.60015E-02 
1.34539E-02 
1.27109E-02 
9.18285E-03 
5.67948E-03 
2.20434E-03 
-1.23913E-03 
-4.61478E-03 
-7.96940E-03 
-1.13072E-02 
-1.46233E-02 
-1.79134E-02 
-2.11734E-02 
-2.43993E-02 
-2.75878E-02 
-3.07356E-02 
-3.38399E-02 
-3.68979E-02 
-3.99075E-02 
-4.28665E-02 
1.52652E-02 
1.19299E-02 
8.64237E-03 
5.39657E-03 
2.15385E-03 
-1.08172E-03 
-4.30663E-03 
-6.79237E-03 
-7.51737E-03 
-1.09597E-02 
-1.43780E-02 
-1.77688E-02 
-2.11286E-02 
-2.44223E-02 
-2.76955E-02 
-3.09522E-02 
-3.41878E-02 
-3.73980E-02 
-4.05788E-02 
-4.37264E-02 
-4.68375E-02 
-4.99088E-02 
-5.29377E-02 
-5.59215E-02 
-5.88580E-02 
-6.17451E-02 
-5.78099E-03 
-9.02884E-03 
-1.22302E-02 
-1.53909E-02 
-1.85487E-02 
-2.16994E-02 
-2.48398E-02 
-2.72604E-02 
-2.79664E-02 
-3.13185E-02 
-3.46472E-02 
-3.79490E-02 
-4.12208E-02 
-4.44282E-02 
-4.76155E-02 
-5.07869E-02 
-5.39377E-02 
-5.70637E-02 
-6.01611E-02 
-6.32262E-02 
-6.62558E-02 
-6.92466E-02 
-7.21961E-02 
-7.51017E-02 
-7.79612E-02 
-8.07727E-02 
-2.70524E-02 
-3.02078E-02 
-3.33182E-02 
-3.63890E-02 
-3.94569E-02 
-4.25180E-02 
-4.55691E-02 
-4.79208E-02 
-4.86067E-02 
-5.18635E-02 
-5.50975E-02 
-5.83055E-02 
-6.14842E-02 
-6.46003E-02 
-6.76970E-02 
-7.07782E-02 
-7.38393E-02 
-7.68765E-02 
-7.98858E-02 
-8.28637E-02 
-8.58071E-02 
-8.87129E-02 
-9.15785E-02 
-9.44014E-02 
-9.71796E-02 
-9.99111E-02 
-4.80807E-02 
-5.11402E-02 
-5.41559E-02 
-5.71334E-02 
-6.01080E-02 
-6.30761E-02 
-6.60344E-02 
-6.83146E-02 
-6.89796E-02 
-7.21374E-02 
-7.52731E-02 
-7.83835E-02 
-8.14656E-02 
-8.44869E-02 
-8.74895E-02 
-9.04769E-02 
-9.34450E-02 
-9.63898E-02 
-9.93076E-02 
-1.02195E-01 
-1.05049E-01 
-1.07866E-01 
-1.10645E-01 
-1.13382E-01 
-1.16076E-01 
-1.18724E-01 
-6.86760E-02 
-7.16363E-02 
-7.45542E-02 
-7.74351E-02 
-8.03132E-02 
-8.31850E-02 
-8.60473E-02 
-8.82536E-02 
-8.88971E-02 
-9.19524E-02 
-9.49863E-02 
-9.79958E-02 
-1.00978E-01 
-1.03901E-01 
-1.06806E-01 
-1.09697E-01 
-1.12569E-01 
-1.15418E-01 
-1.18241E-01 
-1.21035E-01 
-1.23796E-01 
-1.26522E-01 
-1.29211E-01 
-1.31859E-01 
-1.34465E-01 
-1.37028E-01 
-8.86109E-02 
-9.14691E-02 
-9.42864E-02 
-9.70679E-02 
-9.98468E-02 
-1.02620E-01 
-1.05383E-01 
-1.07513E-01 
-1.08135E-01 
-1.11085E-01 
-1.14014E-01 
-1.16920E-01 
-1.19799E-01 
-1.22621E-01 
-1.25426E-01 
-1.28217E-01 
-1.30990E-01 
-1.33741E-01 
-1.36467E-01 
-1.39164E-01 
-1.41830E-01 
-1.44462E-01 
-1.47058E-01 
-1.49615E-01 
-1.52131E-01 
-1.54606E-01 
-1.07679E-01 
-1.10433E-01 
-1.13147E-01 
-1.15827E-01 
-1.18505E-01 
-1.21176E-01 
-1.23839E-01 
-1.25891E-01 
-1.26490E-01 
-1.29332E-01 
-1.32154E-01 
-1.34954E-01 
-1.37728E-01 
-1.40447E-01 
-1.43149E-01 
-1.45838E-01 
-1.48510E-01 
-1.51160E-01 
-1.53786E-01 
-1.56385E-01 
-1.58954E-01 
-1.61490E-01 
-1.63991E-01 
-1.66454E-01 
-1.68879E-01 
-1.71262E-01 
-1.25696E-01 
-1.28343E-01 
-1.30953E-01 
-1.33529E-01 
-1.36103E-01 
-1.38671E-01 
-1.41231E-01 
-1.43204E-01 
-1.43780E-01 
-1.46512E-01 
-1.49225E-01 
-1.51917E-01 
-1.54583E-01 
-1.57198E-01 
-1.59796E-01 
-1.62381E-01 
-1.64949E-01 
-1.67497E-01 
-1.70022E-01 
-1.72520E-01 
-1.74990E-01 
-1.77428E-01 
-1.79832E-01 
-1.82200E-01 
-1.84531E-01 
-1.86823E-01 
-1.42341E-01 
-1.44881E-01 
-1.47385E-01 
-1.49858E-01 
-1.52328E-01 
-1.54792E-01 
-1.57249E-01 
-1.59142E-01 
-1.59694E-01 
-1.62316E-01 
-1.64920E-01 
-1.67503E-01 
-1.70062E-01 
-1.72571E-01 
-1.75064E-01 
-1.77545E-01 
-1.80009E-01 
-1.82454E-01 
-1.84877E-01 
-1.87275E-01 
-1.89645E-01 
-1.91984E-01 
-1.94291E-01 
-1.96564E-01 
-1.98801E-01 
-2.01000E-01 
-1.57796E-01 
-1.60227E-01 
-1.62624E-01 
-1.64990E-01 
-1.67354E-01 
-1.69713E-01 
-1.72064E-01 
-1.73876E-01 
-1.74404E-01 
-1.76914E-01 
-1.79406E-01 
-1.81878E-01 
-1.84327E-01 
-1.86728E-01 
-1.89114E-01 
-1.91488E-01 
-1.93847E-01 
-1.96188E-01 
-1.98506E-01 
-2.00801E-01 
-2.03069E-01 
-2.05308E-01 
-2.07516E-01 
-2.09691E-01 
-2.11832E-01 
-2.13937E-01 
-1.71710E-01 
-1.74033E-01 
-1.76321E-01 
-1.78581E-01 
-1.80839E-01 
-1.83092E-01 
-1.85337E-01 
-1.87068E-01 
-1.87572E-01 
-1.89969E-01 
-1.92349E-01 
-1.94710E-01 
-1.97049E-01 
-1.99342E-01 
-2.01621E-01 
-2.03888E-01 
-2.06141E-01 
-2.08376E-01 
-2.10591E-01 
-2.12782E-01 
-2.14948E-01 
-2.17086E-01 
-2.19195E-01 
-2.21273E-01 
-2.23317E-01 
-2.25327E-01 
-1.84046E-01 
-1.86258E-01 
-1.88439E-01 
-1.90592E-01 
-1.92743E-01 
-1.94890E-01 
-1.97029E-01 
-1.98678E-01 
-1.99159E-01 
-2.01442E-01 
-2.03710E-01 
-2.05959E-01 
-2.08188E-01 
-2.10372E-01 
-2.12544E-01 
-2.14704E-01 
-2.16850E-01 
-2.18980E-01 
-2.21090E-01 
-2.23178E-01 
-2.25241E-01 
-2.27279E-01 
-2.29288E-01 
-2.31267E-01 
-2.33215E-01 
-2.35130E-01 
-1.94716E-01 
-1.96819E-01 
-1.98891E-01 
-2.00938E-01 
-2.02982E-01 
-2.05022E-01 
-2.07055E-01 
-2.08623E-01 
-2.09080E-01 
-2.11250E-01 
-2.13405E-01 
-2.15543E-01 
-2.17661E-01 
-2.19738E-01 
-2.21801E-01 
-2.23855E-01 
-2.25895E-01 
-2.27919E-01 
-2.29924E-01 
-2.31909E-01 
-2.33870E-01 
-2.35806E-01 
-2.37716E-01 
-2.39597E-01 
-2.41449E-01 
-2.43269E-01 
-2.03684E-01 
-2.05677E-01 
-2.07642E-01 
-2.09582E-01 
-2.11520E-01 
-2.13454E-01 
-2.15381E-01 
-2.16867E-01 
-2.17300E-01 
-2.19357E-01 
-2.21400E-01 
-2.23426E-01 
-2.25434E-01 
-2.27403E-01 
-2.29359E-01 
-2.31305E-01 
-2.33239E-01 
-2.35157E-01 
-2.37058E-01 
-2.38939E-01 
-2.40799E-01 
-2.42634E-01 
-2.44444E-01 
-2.46228E-01 
-2.47983E-01 
-2.49708E-01 
-2.10893E-01 
-2.12777E-01 
-2.14635E-01 
-2.16468E-01 
-2.18300E-01 
-2.20128E-01 
-2.21950E-01 
-2.23354E-01 
-2.23764E-01 
-2.25708E-01 
-2.27640E-01 
-2.29555E-01 
-2.31453E-01 
-2.33314E-01 
-2.35163E-01 
-2.37003E-01 
-2.38831E-01 
-2.40644E-01 
-2.42441E-01 
-2.44219E-01 
-2.45977E-01 
-2.47712E-01 
-2.49423E-01 
-2.51109E-01 
-2.52768E-01 
-2.54399E-01 
-2.16314E-01 
-2.18090E-01 
-2.19840E-01 
-2.21568E-01 
-2.23295E-01 
-2.25018E-01 
-2.26735E-01 
-2.28058E-01 
-2.28444E-01 
-2.30277E-01 
-2.32097E-01 
-2.33902E-01 
-2.35691E-01 
-2.37445E-01 
-2.39188E-01 
-2.40922E-01 
-2.42645E-01 
-2.44354E-01 
-2.46047E-01 
-2.47723E-01 
-2.49380E-01 
-2.51015E-01 
-2.52628E-01 
-2.54216E-01 
-2.55780E-01 
-2.57317E-01 
-2.19933E-01 
-2.21602E-01 
-2.23246E-01 
-2.24869E-01 
-2.26491E-01 
-2.28110E-01 
-2.29723E-01 
-2.30966E-01 
-2.31329E-01 
-2.33051E-01 
-2.34761E-01 
-2.36457E-01 
-2.38137E-01 
-2.39785E-01 
-2.41422E-01 
-2.43051E-01 
-2.44669E-01 
-2.46275E-01 
-2.47866E-01 
-2.49440E-01 
-2.50996E-01 
-2.52533E-01 
-2.54048E-01 
-2.55540E-01 
-2.57009E-01 
-2.58453E-01 
-2.21743E-01 
-2.23305E-01 
-2.24844E-01 
-2.26364E-01 
-2.27883E-01 
-2.29398E-01 
-2.30908E-01 
-2.32073E-01 
-2.32412E-01 
-2.34024E-01 
-2.35625E-01 
-2.37213E-01 
-2.38786E-01 
-2.40329E-01 
-2.41862E-01 
-2.43387E-01 
-2.44902E-01 
-2.46405E-01 
-2.47895E-01 
-2.49369E-01 
-2.50826E-01 
-2.52264E-01 
-2.53683E-01 
-2.55080E-01 
-2.56455E-01 
-2.57807E-01 
-2.21754E-01 
-2.23211E-01 
-2.24646E-01 
-2.26064E-01 
-2.27480E-01 
-2.28893E-01 
-2.30302E-01 
-2.31387E-01 
-2.31704E-01 
-2.33207E-01 
-2.34700E-01 
-2.36181E-01 
-2.37649E-01 
-2.39087E-01 
-2.40517E-01 
-2.41939E-01 
-2.43352E-01 
-2.44754E-01 
-2.46143E-01 
-2.47518E-01 
-2.48877E-01 
-2.50218E-01 
-2.51541E-01 
-2.52844E-01 
-2.54127E-01 
-2.55388E-01 
-2.20003E-01 
-2.21357E-01 
-2.22691E-01 
-2.24008E-01 
-2.25324E-01 
-2.26638E-01 
-2.27947E-01 
-2.28955E-01 
-2.29250E-01 
-2.30647E-01 
-2.32034E-01 
-2.33410E-01 
-2.34774E-01 
-2.36111E-01 
-2.37439E-01 
-2.38761E-01 
-2.40075E-01 
-2.41377E-01 
-2.42668E-01 
-2.43946E-01 
-2.45209E-01 
-2.46455E-01 
-2.47685E-01 
-2.48896E-01 
-2.50088E-01 
-2.51259E-01 
-2.16488E-01 
-2.17739E-01 
-2.18973E-01 
-2.20191E-01 
-2.21407E-01 
-2.22621E-01 
-2.23832E-01 
-2.24764E-01 
-2.25036E-01 
-2.26328E-01 
-2.27610E-01 
-2.28883E-01 
-2.30143E-01 
-2.31379E-01 
-2.32607E-01 
-2.33829E-01 
-2.35043E-01 
-2.36248E-01 
-2.37441E-01 
-2.38622E-01 
-2.39790E-01 
-2.40942E-01 
-2.42079E-01 
-2.43198E-01 
-2.44300E-01 
-2.45383E-01 
-2.11257E-01 
-2.12408E-01 
-2.13543E-01 
-2.14663E-01 
-2.15782E-01 
-2.16898E-01 
-2.18011E-01 
-2.18869E-01 
-2.19119E-01 
-2.20307E-01 
-2.21487E-01 
-2.22657E-01 
-2.23816E-01 
-2.24953E-01 
-2.26083E-01 
-2.27206E-01 
-2.28323E-01 
-2.29431E-01 
-2.30529E-01 
-2.31615E-01 
-2.32688E-01 
-2.33748E-01 
-2.34794E-01 
-2.35823E-01 
-2.36837E-01 
-2.37833E-01 
-2.04356E-01 
-2.05409E-01 
-2.06446E-01 
-2.07470E-01 
-2.08493E-01 
-2.09514E-01 
-2.10532E-01 
-2.11316E-01 
-2.11545E-01 
-2.12631E-01 
-2.13710E-01 
-2.14780E-01 
-2.15840E-01 
-2.16879E-01 
-2.17912E-01 
-2.18940E-01 
-2.19960E-01 
-2.20973E-01 
-2.21977E-01 
-2.22970E-01 
-2.23952E-01 
-2.24921E-01 
-2.25877E-01 
-2.26818E-01 
-2.27745E-01 
-2.28656E-01 
-1.95837E-01 
-1.96793E-01 
-1.97735E-01 
-1.98665E-01 
-1.99594E-01 
-2.00521E-01 
-2.01445E-01 
-2.02158E-01 
-2.02366E-01 
-2.03352E-01 
-2.04332E-01 
-2.05303E-01 
-2.06266E-01 
-2.07210E-01 
-2.08148E-01 
-2.09081E-01 
-2.10008E-01 
-2.10928E-01 
-2.11840E-01 
-2.12742E-01 
-2.13633E-01 
-2.14514E-01 
-2.15382E-01 
-2.16237E-01 
-2.17078E-01 
-2.17906E-01 
-1.85757E-01 
-1.86618E-01 
-1.87467E-01 
-1.88305E-01 
-1.89143E-01 
-1.89978E-01 
-1.90811E-01 
-1.91453E-01 
-1.91640E-01 
-1.92529E-01 
-1.93412E-01 
-1.94287E-01 
-1.95155E-01 
-1.96005E-01 
-1.96851E-01 
-1.97692E-01 
-1.98527E-01 
-1.99356E-01 
-2.00177E-01 
-2.00990E-01 
-2.01794E-01 
-2.02587E-01 
-2.03369E-01 
-2.04139E-01 
-2.04898E-01 
-2.05643E-01 
-1.74179E-01 
-1.74948E-01 
-1.75706E-01 
-1.76454E-01 
-1.77202E-01 
-1.77947E-01 
-1.78691E-01 
-1.79264E-01 
-1.79431E-01 
-1.80225E-01 
-1.81013E-01 
-1.81794E-01 
-1.82569E-01 
-1.83328E-01 
-1.84083E-01 
-1.84833E-01 
-1.85579E-01 
-1.86319E-01 
-1.87052E-01 
-1.87778E-01 
-1.88495E-01 
-1.89203E-01 
-1.89901E-01 
-1.90589E-01 
-1.91266E-01 
-1.91932E-01 
-1.61172E-01 
-1.61851E-01 
-1.62520E-01 
-1.63181E-01 
-1.63840E-01 
-1.64499E-01 
-1.65155E-01 
-1.65661E-01 
-1.65808E-01 
-1.66509E-01 
-1.67205E-01 
-1.67895E-01 
-1.68578E-01 
-1.69249E-01 
-1.69915E-01 
-1.70577E-01 
-1.71236E-01 
-1.71889E-01 
-1.72536E-01 
-1.73177E-01 
-1.73810E-01 
-1.74435E-01 
-1.75051E-01 
-1.75659E-01 
-1.76256E-01 
-1.76844E-01 
-1.46808E-01 
-1.47399E-01 
-1.47982E-01 
-1.48557E-01 
-1.49131E-01 
-1.49705E-01 
-1.50276E-01 
-1.50716E-01 
-1.50845E-01 
-1.51455E-01 
-1.52060E-01 
-1.52661E-01 
-1.53256E-01 
-1.53840E-01 
-1.54419E-01 
-1.54996E-01 
-1.55570E-01 
-1.56138E-01 
-1.56702E-01 
-1.57260E-01 
-1.57811E-01 
-1.58355E-01 
-1.58891E-01 
-1.59420E-01 
-1.59940E-01 
-1.60452E-01 
-1.31132E-01 
-1.31638E-01 
-1.32136E-01 
-1.32627E-01 
-1.33119E-01 
-1.33609E-01 
-1.34097E-01 
-1.34474E-01 
-1.34584E-01 
-1.35105E-01 
-1.35623E-01 
-1.36137E-01 
-1.36646E-01 
-1.37145E-01 
-1.37641E-01 
-1.38134E-01 
-1.38624E-01 
-1.39111E-01 
-1.39592E-01 
-1.40069E-01 
-1.40541E-01 
-1.41006E-01 
-1.41465E-01 
-1.41917E-01 
-1.42362E-01 
-1.42799E-01 
-1.14374E-01 
-1.14797E-01 
-1.15214E-01 
-1.15625E-01 
-1.16036E-01 
-1.16446E-01 
-1.16855E-01 
-1.17170E-01 
-1.17262E-01 
-1.17698E-01 
-1.18131E-01 
-1.18561E-01 
-1.18987E-01 
-1.19404E-01 
-1.19819E-01 
-1.20232E-01 
-1.20642E-01 
-1.21049E-01 
-1.21452E-01 
-1.21851E-01 
-1.22245E-01 
-1.22634E-01 
-1.23018E-01 
-1.23396E-01 
-1.23769E-01 
-1.24135E-01 
-9.64012E-02 
-9.67433E-02 
-9.70806E-02 
-9.74136E-02 
-9.77462E-02 
-9.80782E-02 
-9.84090E-02 
-9.86640E-02 
-9.87384E-02 
-9.90915E-02 
-9.94422E-02 
-9.97900E-02 
-1.00135E-01 
-1.00473E-01 
-1.00808E-01 
-1.01142E-01 
-1.01474E-01 
-1.01804E-01 
-1.02130E-01 
-1.02453E-01 
-1.02772E-01 
-1.03087E-01 
-1.03398E-01 
-1.03704E-01 
-1.04005E-01 
-1.04301E-01 
-7.74137E-02 
-7.76779E-02 
-7.79384E-02 
-7.81955E-02 
-7.84524E-02 
-7.87088E-02 
-7.89643E-02 
-7.91612E-02 
-7.92187E-02 
-7.94914E-02 
-7.97622E-02 
-8.00309E-02 
-8.02971E-02 
-8.05580E-02 
-8.08173E-02 
-8.10753E-02 
-8.13317E-02 
-8.15860E-02 
-8.18380E-02 
-8.20874E-02 
-8.23339E-02 
-8.25772E-02 
-8.28172E-02 
-8.30536E-02 
-8.32863E-02 
-8.35150E-02 
-5.74993E-02 
-5.76883E-02 
-5.78746E-02 
-5.80585E-02 
-5.82423E-02 
-5.84256E-02 
-5.86084E-02 
-5.87493E-02 
-5.87903E-02 
-5.89854E-02 
-5.91791E-02 
-5.93713E-02 
-5.95617E-02 
-5.97483E-02 
-5.99338E-02 
-6.01184E-02 
-6.03017E-02 
-6.04836E-02 
-6.06639E-02 
-6.08423E-02 
-6.10186E-02 
-6.11926E-02 
-6.13642E-02 
-6.15333E-02 
-6.16997E-02 
-6.18633E-02 
-3.67540E-02 
-3.68705E-02 
-3.69853E-02 
-3.70987E-02 
-3.72119E-02 
-3.73249E-02 
-3.74376E-02 
-3.75244E-02 
-3.75497E-02 
-3.76699E-02 
-3.77893E-02 
-3.79077E-02 
-3.80251E-02 
-3.81401E-02 
-3.82544E-02 
-3.83682E-02 
-3.84812E-02 
-3.85933E-02 
-3.87044E-02 
-3.88143E-02 
-3.89230E-02 
-3.90302E-02 
-3.91360E-02 
-3.92402E-02 
-3.93428E-02 
-3.94436E-02 
-1.52711E-02 
-1.53178E-02 
-1.53638E-02 
-1.54093E-02 
-1.54547E-02 
-1.55000E-02 
-1.55452E-02 
-1.55800E-02 
-1.55902E-02 
-1.56384E-02 
-1.56863E-02 
-1.57338E-02 
-1.57808E-02 
-1.58270E-02 
-1.58728E-02 
-1.59184E-02 
-1.59638E-02 
-1.60087E-02 
-1.60533E-02 
-1.60974E-02 
-1.61410E-02 
-1.61840E-02 
-1.62264E-02 
-1.62682E-02 
-1.63093E-02 
-1.63498E-02 
6.83965E-03 
6.85987E-03 
6.87980E-03 
6.89948E-03 
6.91914E-03 
6.93876E-03 
6.95831E-03 
6.97338E-03 
6.97777E-03 
6.99864E-03 
7.01937E-03 
7.03992E-03 
7.06029E-03 
7.08026E-03 
7.10011E-03 
7.11985E-03 
7.13947E-03 
7.15893E-03 
7.17821E-03 
7.19730E-03 
7.21616E-03 
7.23478E-03 
7.25314E-03 
7.27123E-03 
7.28903E-03 
7.30654E-03 
2.95469E-02 
2.96314E-02 
2.97147E-02 
2.97969E-02 
2.98790E-02 
2.99610E-02 
3.00427E-02 
3.01057E-02 
3.01240E-02 
3.02112E-02 
3.02978E-02 
3.03837E-02 
3.04688E-02 
3.05523E-02 
3.06352E-02 
3.07177E-02 
3.07997E-02 
3.08810E-02 
3.09616E-02 
3.10413E-02 
3.11201E-02 
3.11979E-02 
3.12747E-02 
3.13502E-02 
3.14246E-02 
3.14978E-02 
5.26037E-02 
5.27493E-02 
5.28929E-02 
5.30346E-02 
5.31762E-02 
5.33175E-02 
5.34584E-02 
5.35669E-02 
5.35986E-02 
5.37489E-02 
5.38982E-02 
5.40463E-02 
5.41930E-02 
5.43368E-02 
5.44798E-02 
5.46220E-02 
5.47633E-02 
5.49035E-02 
5.50424E-02 
5.51799E-02 
5.53157E-02 
5.54499E-02 
5.55821E-02 
5.57124E-02 
5.58407E-02 
5.59668E-02 
7.59965E-02 
7.62005E-02 
7.64015E-02 
7.66000E-02 
7.67982E-02 
7.69961E-02 
7.71933E-02 
7.73453E-02 
7.73896E-02 
7.76001E-02 
7.78091E-02 
7.80164E-02 
7.82219E-02 
7.84232E-02 
7.86234E-02 
7.88225E-02 
7.90204E-02 
7.92167E-02 
7.94111E-02 
7.96036E-02 
7.97938E-02 
7.99816E-02 
8.01668E-02 
8.03493E-02 
8.05288E-02 
8.07054E-02 
9.96092E-02 
9.98685E-02 
1.00124E-01 
1.00376E-01 
1.00628E-01 
1.00880E-01 
1.01131E-01 
1.01324E-01 
1.01380E-01 
1.01648E-01 
1.01914E-01 
1.02177E-01 
1.02438E-01 
1.02694E-01 
1.02949E-01 
1.03202E-01 
1.03454E-01 
1.03703E-01 
1.03950E-01 
1.04195E-01 
1.04437E-01 
1.04676E-01 
1.04911E-01 
1.05143E-01 
1.05371E-01 
1.05596E-01 
1.23330E-01 
1.23642E-01 
1.23949E-01 
1.24252E-01 
1.24555E-01 
1.24858E-01 
1.25159E-01 
1.25391E-01 
1.25459E-01 
1.25781E-01 
1.26100E-01 
1.26417E-01 
1.26731E-01 
1.27039E-01 
1.27344E-01 
1.27649E-01 
1.27951E-01 
1.28251E-01 
1.28548E-01 
1.28842E-01 
1.29133E-01 
1.29420E-01 
1.29703E-01 
1.29982E-01 
1.30256E-01 
1.30526E-01 
1.47043E-01 
1.47404E-01 
1.47760E-01 
1.48111E-01 
1.48462E-01 
1.48812E-01 
1.49161E-01 
1.49430E-01 
1.49509E-01 
1.49881E-01 
1.50251E-01 
1.50618E-01 
1.50982E-01 
1.51338E-01 
1.51693E-01 
1.52045E-01 
1.52395E-01 
1.52743E-01 
1.53087E-01 
1.53428E-01 
1.53764E-01 
1.54097E-01 
1.54425E-01 
1.54748E-01 
1.55065E-01 
1.55378E-01 
1.70633E-01 
1.71040E-01 
1.71442E-01 
1.71838E-01 
1.72234E-01 
1.72629E-01 
1.73023E-01 
1.73326E-01 
1.73415E-01 
1.73835E-01 
1.74253E-01 
1.74667E-01 
1.75077E-01 
1.75479E-01 
1.75879E-01 
1.76277E-01 
1.76672E-01 
1.77064E-01 
1.77452E-01 
1.77837E-01 
1.78216E-01 
1.78591E-01 
1.78961E-01 
1.79326E-01 
1.79684E-01 
1.80037E-01 
1.93990E-01 
1.94441E-01 
1.94885E-01 
1.95323E-01 
1.95761E-01 
1.96198E-01 
1.96634E-01 
1.96970E-01 
1.97068E-01 
1.97532E-01 
1.97994E-01 
1.98452E-01 
1.98906E-01 
1.99351E-01 
1.99793E-01 
2.00233E-01 
2.00670E-01 
2.01103E-01 
2.01533E-01 
2.01958E-01 
2.02378E-01 
2.02793E-01 
2.03202E-01 
2.03605E-01 
2.04002E-01 
2.04392E-01 
2.16980E-01 
2.17470E-01 
2.17954E-01 
2.18431E-01 
2.18908E-01 
2.19384E-01 
2.19859E-01 
2.20224E-01 
2.20331E-01 
2.20837E-01 
2.21340E-01 
2.21839E-01 
2.22333E-01 
2.22817E-01 
2.23299E-01 
2.23778E-01 
2.24254E-01 
2.24726E-01 
2.25194E-01 
2.25657E-01 
2.26114E-01 
2.26566E-01 
2.27012E-01 
2.27451E-01 
2.27882E-01 
2.28307E-01 
---
