PdfType: replica
Format: lhagrid1
---
1.00000E-06 1.28121E-06 1.64152E-06 2.10317E-06 2.69463E-06 3.45242E-06 4.42329E-06 5.66715E-06 7.26076E-06 9.30241E-06 1.19180E-05 1.52689E-05 1.95617E-05 2.50609E-05 3.21053E-05 4.11287E-05 5.26863E-05 6.74889E-05 8.64459E-05 1.10720E-04 1.41800E-04 1.81585E-04 2.32503E-04 2.97652E-04 3.80981E-04 4.87518E-04 6.26039E-04 8.00452E-04 1.02297E-03 1.30657E-03 1.66759E-03 2.12729E-03 2.71054E-03 3.44865E-03 4.37927E-03 5.54908E-03 7.01192E-03 8.83064E-03 1.10763E-02 1.38266E-02 1.71641E-02 2.11717E-02 2.59364E-02 3.15062E-02 3.79623E-02 4.53425E-02 5.36750E-02 6.29705E-02 7.32221E-02 8.44039E-02 9.64793E-02 1.09332E-01 1.23067E-01 1.37507E-01 1.52639E-01 1.68416E-01 1.84794E-01 2.01731E-01 2.19016E-01 2.36948E-01 2.55242E-01 2.73927E-01 2.92954E-01 3.12340E-01 3.32036E-01 3.52019E-01 3.72282E-01 3.92772E-01 4.13533E-01 4.34326E-01 4.55495E-01 4.76836E-01 4.98342E-01 5.20006E-01 5.41818E-01 5.63773E-01 5.85861E-01 6.08077E-01 6.30459E-01 6.52800E-01 6.75387E-01 6.98063E-01 7.20830E-01 7.43683E-01 7.66623E-01 7.89636E-01 8.12791E-01 8.35940E-01 8.59175E-01 8.82485E-01 9.05866E-01 9.29311E-01 9.52817E-01 9.76387E-01 1.00000E+00 
1.14018E+00 1.22539E+00 1.32482E+00 1.44156E+00 1.57954E+00 1.74381E+00 1.94091E+00 2.12132E+00 2.17945E+00 2.49622E+00 2.89383E+00 3.39925E+00 4.05063E+00 4.90286E+00 6.03623E+00 7.57063E+00 9.68869E+00 1.26749E+01 1.69835E+01 2.33578E+01 3.30501E+01 4.82334E+01 7.28041E+01 1.13998E+02 1.85779E+02 3.16228E+02 
908
2.20873E-01 
2.16657E-01 
2.12500E-01 
2.08395E-01 
2.04293E-01 
2.00200E-01 
1.96120E-01 
1.92974E-01 
1.92057E-01 
1.87700E-01 
1.83374E-01 
1.79082E-01 
1.74828E-01 
1.70658E-01 
1.66513E-01 
1.62389E-01 
1.58291E-01 
1.54225E-01 
1.50196E-01 
1.46209E-01 
1.42268E-01 
1.38377E-01 
1.34540E-01 
1.30759E-01 
1.27039E-01 
1.23380E-01 
2.20873E-01 
2.16656E-01 
2.12499E-01 
2.08394E-01 
2.04292E-01 
2.00199E-01 
1.96119E-01 
1.92974E-01 
1.92056E-01 
1.87700E-01 
1.83373E-01 
1.79081E-01 
1.74827E-01 
1.70657E-01 
1.66513E-01 
1.62388E-01 
1.58291E-01 
1.54225E-01 
1.50196E-01 
1.46209E-01 
1.42267E-01 
1.38376E-01 
1.34539E-01 
1.30759E-01 
1.27038E-01 
1.23380E-01 
2.20872E-01 
2.16655E-01 
2.12498E-01 
2.08393E-01 
2.04292E-01 
2.00198E-01 
1.96118E-01 
1.92973E-01 
1.92055E-01 
1.87699E-01 
1.83372E-01 
1.79080E-01 
1.74827E-01 
1.70656E-01 
1.66512E-01 
1.62388E-01 
1.58290E-01 
1.54224E-01 
1.50195E-01 
1.46208E-01 
1.42267E-01 
1.38376E-01 
1.34538E-01 
1.30758E-01 
1.27037E-01 
1.23379E-01 
2.20871E-01 
2.16654E-01 
2.12497E-01 
2.08392E-01 
2.04290E-01 
2.00197E-01 
1.96117E-01 
1.92972E-01 
1.92054E-01 
1.87698E-01 
1.83371E-01 
1.79079E-01 
1.74825E-01 
1.70655E-01 
1.66511E-01 
1.62386E-01 
1.58289E-01 
1.54223E-01 
1.50194E-01 
1.46207E-01 
1.42266E-01 
1.38375E-01 
1.34537E-01 
1.30757E-01 
1.27036E-01 
1.23378E-01 
2.20869E-01 
2.16652E-01 
2.12495E-01 
2.08391E-01 
2.04289E-01 
2.00196E-01 
1.96116E-01 
1.92970E-01 
1.92053E-01 
1.87696E-01 
1.83370E-01 
1.79078E-01 
1.74824E-01 
1.70654E-01 
1.66509E-01 
1.62385E-01 
1.58287E-01 
1.54221E-01 
1.50192E-01 
1.46205E-01 
1.42264E-01 
1.38373E-01 
1.34536E-01 
1.30755E-01 
1.27035E-01 
1.23376E-01 
2.20867E-01 
2.16650E-01 
2.12493E-01 
2.08389E-01 
2.04287E-01 
2.00194E-01 
1.96114E-01 
1.92968E-01 
1.92051E-01 
1.87694E-01 
1.83368E-01 
1.79076E-01 
1.74822E-01 
1.70652E-01 
1.66507E-01 
1.62383E-01 
1.58285E-01 
1.54220E-01 
1.50191E-01 
1.46203E-01 
1.42262E-01 
1.38371E-01 
1.34534E-01 
1.30754E-01 
1.27033E-01 
1.23375E-01 
2.20865E-01 
2.16648E-01 
2.12491E-01 
2.08386E-01 
2.04285E-01 
2.00192E-01 
1.96111E-01 
1.92966E-01 
1.92049E-01 
1.87692E-01 
1.83366E-01 
1.79073E-01 
1.74820E-01 
1.70650E-01 
1.66505E-01 
1.62381E-01 
1.58283E-01 
1.54217E-01 
1.50188E-01 
1.46201E-01 
1.42260E-01 
1.38369E-01 
1.34532E-01 
1.30751E-01 
1.27031E-01 
1.23372E-01 
2.20862E-01 
2.16645E-01 
2.12488E-01 
2.08383E-01 
2.04282E-01 
2.00188E-01 
1.96108E-01 
1.92963E-01 
1.92045E-01 
1.87689E-01 
1.83363E-01 
1.79070E-01 
1.74817E-01 
1.70647E-01 
1.66502E-01 
1.62378E-01 
1.58280E-01 
1.54214E-01 
1.50185E-01 
1.46198E-01 
1.42257E-01 
1.38366E-01 
1.34529E-01 
1.30748E-01 
1.27028E-01 
1.23369E-01 
2.20858E-01 
2.16641E-01 
2.12484E-01 
2.08379E-01 
2.04278E-01 
2.00185E-01 
1.96104E-01 
1.92959E-01 
1.92042E-01 
1.87685E-01 
1.83359E-01 
1.79066E-01 
1.74813E-01 
1.70643E-01 
1.66498E-01 
1.62374E-01 
1.58276E-01 
1.54210E-01 
1.50182E-01 
1.46194E-01 
1.42253E-01 
1.38362E-01 
1.34525E-01 
1.30745E-01 
1.27024E-01 
1.23366E-01 
2.20852E-01 
2.16636E-01 
2.12479E-01 
2.08374E-01 
2.04273E-01 
2.00179E-01 
1.96099E-01 
1.92954E-01 
1.92037E-01 
1.87680E-01 
1.83354E-01 
1.79061E-01 
1.74808E-01 
1.70638E-01 
1.66493E-01 
1.62369E-01 
1.58271E-01 
1.54206E-01 
1.50177E-01 
1.46190E-01 
1.42249E-01 
1.38358E-01 
1.34520E-01 
1.30740E-01 
1.27019E-01 
1.23361E-01 
2.20846E-01 
2.16629E-01 
2.12472E-01 
2.08368E-01 
2.04266E-01 
2.00173E-01 
1.96093E-01 
1.92948E-01 
1.92030E-01 
1.87674E-01 
1.83347E-01 
1.79055E-01 
1.74802E-01 
1.70631E-01 
1.66487E-01 
1.62363E-01 
1.58265E-01 
1.54199E-01 
1.50170E-01 
1.46183E-01 
1.42242E-01 
1.38351E-01 
1.34514E-01 
1.30734E-01 
1.27013E-01 
1.23355E-01 
2.20838E-01 
2.16621E-01 
2.12464E-01 
2.08359E-01 
2.04258E-01 
2.00165E-01 
1.96085E-01 
1.92939E-01 
1.92022E-01 
1.87666E-01 
1.83339E-01 
1.79047E-01 
1.74793E-01 
1.70623E-01 
1.66479E-01 
1.62355E-01 
1.58257E-01 
1.54191E-01 
1.50162E-01 
1.46175E-01 
1.42234E-01 
1.38343E-01 
1.34506E-01 
1.30726E-01 
1.27005E-01 
1.23347E-01 
2.20827E-01 
2.16610E-01 
2.12453E-01 
2.08349E-01 
2.04247E-01 
2.00154E-01 
1.96074E-01 
1.92929E-01 
1.92011E-01 
1.87655E-01 
1.83329E-01 
1.79036E-01 
1.74783E-01 
1.70613E-01 
1.66469E-01 
1.62345E-01 
1.58247E-01 
1.54181E-01 
1.50152E-01 
1.46165E-01 
1.42224E-01 
1.38333E-01 
1.34496E-01 
1.30716E-01 
1.26995E-01 
1.23337E-01 
2.20813E-01 
2.16596E-01 
2.12440E-01 
2.08335E-01 
2.04233E-01 
2.00141E-01 
1.96060E-01 
1.92915E-01 
1.91998E-01 
1.87642E-01 
1.83315E-01 
1.79023E-01 
1.74770E-01 
1.70600E-01 
1.66455E-01 
1.62331E-01 
1.58234E-01 
1.54168E-01 
1.50139E-01 
1.46152E-01 
1.42211E-01 
1.38320E-01 
1.34483E-01 
1.30703E-01 
1.26982E-01 
1.23324E-01 
2.20795E-01 
2.16579E-01 
2.12422E-01 
2.08317E-01 
2.04216E-01 
2.00123E-01 
1.96043E-01 
1.92898E-01 
1.91981E-01 
1.87624E-01 
1.83298E-01 
1.79006E-01 
1.74753E-01 
1.70583E-01 
1.66438E-01 
1.62314E-01 
1.58217E-01 
1.54151E-01 
1.50122E-01 
1.46135E-01 
1.42195E-01 
1.38304E-01 
1.34467E-01 
1.30686E-01 
1.26966E-01 
1.23308E-01 
2.20773E-01 
2.16556E-01 
2.12399E-01 
2.08295E-01 
2.04194E-01 
2.00101E-01 
1.96021E-01 
1.92876E-01 
1.91958E-01 
1.87602E-01 
1.83276E-01 
1.78984E-01 
1.74731E-01 
1.70561E-01 
1.66417E-01 
1.62293E-01 
1.58195E-01 
1.54130E-01 
1.50101E-01 
1.46114E-01 
1.42173E-01 
1.38282E-01 
1.34445E-01 
1.30665E-01 
1.26945E-01 
1.23287E-01 
2.20744E-01 
2.16527E-01 
2.12371E-01 
2.08266E-01 
2.04165E-01 
2.00072E-01 
1.95992E-01 
1.92847E-01 
1.91930E-01 
1.87574E-01 
1.83248E-01 
1.78956E-01 
1.74703E-01 
1.70533E-01 
1.66389E-01 
1.62265E-01 
1.58168E-01 
1.54102E-01 
1.50073E-01 
1.46087E-01 
1.42146E-01 
1.38255E-01 
1.34418E-01 
1.30638E-01 
1.26918E-01 
1.23260E-01 
2.20706E-01 
2.16490E-01 
2.12334E-01 
2.08229E-01 
2.04128E-01 
2.00036E-01 
1.95956E-01 
1.92811E-01 
1.91894E-01 
1.87538E-01 
1.83212E-01 
1.78920E-01 
1.74667E-01 
1.70497E-01 
1.66353E-01 
1.62229E-01 
1.58132E-01 
1.54067E-01 
1.50038E-01 
1.46051E-01 
1.42111E-01 
1.38220E-01 
1.34383E-01 
1.30603E-01 
1.26883E-01 
1.23225E-01 
2.20659E-01 
2.16443E-01 
2.12286E-01 
2.08182E-01 
2.04081E-01 
1.99989E-01 
1.95909E-01 
1.92764E-01 
1.91847E-01 
1.87491E-01 
1.83165E-01 
1.78874E-01 
1.74621E-01 
1.70451E-01 
1.66307E-01 
1.62184E-01 
1.58087E-01 
1.54021E-01 
1.49993E-01 
1.46006E-01 
1.42066E-01 
1.38176E-01 
1.34339E-01 
1.30559E-01 
1.26839E-01 
1.23181E-01 
2.20598E-01 
2.16382E-01 
2.12226E-01 
2.08122E-01 
2.04021E-01 
1.99929E-01 
1.95849E-01 
1.92705E-01 
1.91787E-01 
1.87432E-01 
1.83106E-01 
1.78815E-01 
1.74562E-01 
1.70393E-01 
1.66249E-01 
1.62125E-01 
1.58029E-01 
1.53963E-01 
1.49935E-01 
1.45949E-01 
1.42009E-01 
1.38118E-01 
1.34282E-01 
1.30502E-01 
1.26782E-01 
1.23124E-01 
2.20520E-01 
2.16304E-01 
2.12148E-01 
2.08045E-01 
2.03944E-01 
1.99852E-01 
1.95773E-01 
1.92628E-01 
1.91711E-01 
1.87356E-01 
1.83030E-01 
1.78739E-01 
1.74487E-01 
1.70317E-01 
1.66174E-01 
1.62051E-01 
1.57954E-01 
1.53889E-01 
1.49861E-01 
1.45875E-01 
1.41935E-01 
1.38045E-01 
1.34209E-01 
1.30429E-01 
1.26709E-01 
1.23052E-01 
2.20420E-01 
2.16205E-01 
2.12049E-01 
2.07946E-01 
2.03846E-01 
1.99754E-01 
1.95675E-01 
1.92531E-01 
1.91613E-01 
1.87258E-01 
1.82933E-01 
1.78642E-01 
1.74390E-01 
1.70221E-01 
1.66078E-01 
1.61955E-01 
1.57859E-01 
1.53794E-01 
1.49767E-01 
1.45781E-01 
1.41841E-01 
1.37951E-01 
1.34115E-01 
1.30336E-01 
1.26616E-01 
1.22959E-01 
2.20293E-01 
2.16078E-01 
2.11922E-01 
2.07819E-01 
2.03719E-01 
1.99628E-01 
1.95549E-01 
1.92405E-01 
1.91488E-01 
1.87134E-01 
1.82809E-01 
1.78519E-01 
1.74267E-01 
1.70098E-01 
1.65955E-01 
1.61833E-01 
1.57737E-01 
1.53673E-01 
1.49645E-01 
1.45660E-01 
1.41720E-01 
1.37831E-01 
1.33995E-01 
1.30216E-01 
1.26497E-01 
1.22841E-01 
2.20129E-01 
2.15915E-01 
2.11760E-01 
2.07657E-01 
2.03558E-01 
1.99467E-01 
1.95389E-01 
1.92245E-01 
1.91328E-01 
1.86974E-01 
1.82650E-01 
1.78360E-01 
1.74109E-01 
1.69941E-01 
1.65798E-01 
1.61677E-01 
1.57581E-01 
1.53517E-01 
1.49490E-01 
1.45505E-01 
1.41566E-01 
1.37677E-01 
1.33842E-01 
1.30064E-01 
1.26345E-01 
1.22689E-01 
2.19920E-01 
2.15707E-01 
2.11552E-01 
2.07450E-01 
2.03352E-01 
1.99261E-01 
1.95184E-01 
1.92041E-01 
1.91124E-01 
1.86770E-01 
1.82447E-01 
1.78158E-01 
1.73907E-01 
1.69740E-01 
1.65598E-01 
1.61476E-01 
1.57382E-01 
1.53318E-01 
1.49292E-01 
1.45308E-01 
1.41369E-01 
1.37481E-01 
1.33646E-01 
1.29868E-01 
1.26150E-01 
1.22495E-01 
2.19653E-01 
2.15440E-01 
2.11287E-01 
2.07186E-01 
2.03088E-01 
1.98998E-01 
1.94922E-01 
1.91779E-01 
1.90862E-01 
1.86510E-01 
1.82187E-01 
1.77899E-01 
1.73649E-01 
1.69482E-01 
1.65341E-01 
1.61221E-01 
1.57127E-01 
1.53064E-01 
1.49039E-01 
1.45055E-01 
1.41118E-01 
1.37230E-01 
1.33396E-01 
1.29619E-01 
1.25902E-01 
1.22246E-01 
2.19306E-01 
2.15095E-01 
2.10942E-01 
2.06842E-01 
2.02745E-01 
1.98657E-01 
1.94581E-01 
1.91439E-01 
1.90523E-01 
1.86171E-01 
1.81850E-01 
1.77562E-01 
1.73313E-01 
1.69148E-01 
1.65008E-01 
1.60889E-01 
1.56795E-01 
1.52734E-01 
1.48710E-01 
1.44727E-01 
1.40790E-01 
1.36904E-01 
1.33071E-01 
1.29295E-01 
1.25578E-01 
1.21924E-01 
2.18870E-01 
2.14659E-01 
2.10508E-01 
2.06409E-01 
2.02314E-01 
1.98226E-01 
1.94152E-01 
1.91011E-01 
1.90095E-01 
1.85745E-01 
1.81425E-01 
1.77139E-01 
1.72891E-01 
1.68727E-01 
1.64589E-01 
1.60470E-01 
1.56378E-01 
1.52318E-01 
1.48295E-01 
1.44314E-01 
1.40379E-01 
1.36493E-01 
1.32661E-01 
1.28886E-01 
1.25171E-01 
1.21518E-01 
2.18313E-01 
2.14104E-01 
2.09955E-01 
2.05858E-01 
2.01764E-01 
1.97678E-01 
1.93605E-01 
1.90466E-01 
1.89550E-01 
1.85202E-01 
1.80883E-01 
1.76599E-01 
1.72353E-01 
1.68191E-01 
1.64054E-01 
1.59937E-01 
1.55847E-01 
1.51789E-01 
1.47767E-01 
1.43787E-01 
1.39853E-01 
1.35970E-01 
1.32139E-01 
1.28366E-01 
1.24652E-01 
1.21001E-01 
2.17604E-01 
2.13397E-01 
2.09250E-01 
2.05155E-01 
2.01063E-01 
1.96980E-01 
1.92909E-01 
1.89771E-01 
1.88856E-01 
1.84510E-01 
1.80193E-01 
1.75911E-01 
1.71668E-01 
1.67507E-01 
1.63373E-01 
1.59258E-01 
1.55170E-01 
1.51114E-01 
1.47094E-01 
1.43117E-01 
1.39185E-01 
1.35303E-01 
1.31475E-01 
1.27703E-01 
1.23991E-01 
1.20342E-01 
2.16702E-01 
2.12498E-01 
2.08354E-01 
2.04261E-01 
2.00172E-01 
1.96091E-01 
1.92024E-01 
1.88888E-01 
1.87973E-01 
1.83630E-01 
1.79316E-01 
1.75037E-01 
1.70796E-01 
1.66639E-01 
1.62506E-01 
1.58395E-01 
1.54309E-01 
1.50256E-01 
1.46239E-01 
1.42264E-01 
1.38335E-01 
1.34455E-01 
1.30629E-01 
1.26860E-01 
1.23151E-01 
1.19504E-01 
2.15556E-01 
2.11355E-01 
2.07214E-01 
2.03125E-01 
1.99039E-01 
1.94962E-01 
1.90898E-01 
1.87764E-01 
1.86850E-01 
1.82511E-01 
1.78201E-01 
1.73925E-01 
1.69688E-01 
1.65534E-01 
1.61405E-01 
1.57297E-01 
1.53215E-01 
1.49165E-01 
1.45151E-01 
1.41179E-01 
1.37253E-01 
1.33377E-01 
1.29555E-01 
1.25789E-01 
1.22083E-01 
1.18438E-01 
2.14103E-01 
2.09907E-01 
2.05771E-01 
2.01686E-01 
1.97605E-01 
1.93532E-01 
1.89471E-01 
1.86341E-01 
1.85428E-01 
1.81093E-01 
1.76788E-01 
1.72517E-01 
1.68284E-01 
1.64134E-01 
1.60010E-01 
1.55906E-01 
1.51829E-01 
1.47783E-01 
1.43773E-01 
1.39806E-01 
1.35884E-01 
1.32012E-01 
1.28194E-01 
1.24432E-01 
1.20729E-01 
1.17089E-01 
2.12269E-01 
2.08079E-01 
2.03948E-01 
1.99869E-01 
1.95793E-01 
1.91725E-01 
1.87670E-01 
1.84545E-01 
1.83633E-01 
1.79304E-01 
1.75004E-01 
1.70739E-01 
1.66512E-01 
1.62367E-01 
1.58249E-01 
1.54150E-01 
1.50078E-01 
1.46037E-01 
1.42034E-01 
1.38071E-01 
1.34155E-01 
1.30288E-01 
1.26475E-01 
1.22718E-01 
1.19020E-01 
1.15385E-01 
2.09963E-01 
2.05780E-01 
2.01656E-01 
1.97583E-01 
1.93514E-01 
1.89454E-01 
1.85406E-01 
1.82285E-01 
1.81375E-01 
1.77053E-01 
1.72761E-01 
1.68503E-01 
1.64283E-01 
1.60146E-01 
1.56034E-01 
1.51942E-01 
1.47877E-01 
1.43843E-01 
1.39846E-01 
1.35891E-01 
1.31981E-01 
1.28121E-01 
1.24314E-01 
1.20563E-01 
1.16872E-01 
1.13243E-01 
2.07074E-01 
2.02899E-01 
1.98784E-01 
1.94720E-01 
1.90660E-01 
1.86608E-01 
1.82569E-01 
1.79455E-01 
1.78547E-01 
1.74234E-01 
1.69951E-01 
1.65702E-01 
1.61491E-01 
1.57362E-01 
1.53259E-01 
1.49177E-01 
1.45120E-01 
1.41095E-01 
1.37106E-01 
1.33159E-01 
1.29258E-01 
1.25406E-01 
1.21607E-01 
1.17864E-01 
1.14181E-01 
1.10559E-01 
2.03476E-01 
1.99313E-01 
1.95208E-01 
1.91155E-01 
1.87106E-01 
1.83065E-01 
1.79036E-01 
1.75931E-01 
1.75025E-01 
1.70723E-01 
1.66452E-01 
1.62214E-01 
1.58014E-01 
1.53897E-01 
1.49805E-01 
1.45733E-01 
1.41687E-01 
1.37673E-01 
1.33695E-01 
1.29758E-01 
1.25867E-01 
1.22025E-01 
1.18237E-01 
1.14504E-01 
1.10831E-01 
1.07219E-01 
1.99026E-01 
1.94877E-01 
1.90786E-01 
1.86747E-01 
1.82711E-01 
1.78683E-01 
1.74668E-01 
1.71572E-01 
1.70670E-01 
1.66383E-01 
1.62125E-01 
1.57901E-01 
1.53716E-01 
1.49612E-01 
1.45533E-01 
1.41475E-01 
1.37443E-01 
1.33442E-01 
1.29477E-01 
1.25553E-01 
1.21675E-01 
1.17846E-01 
1.14070E-01 
1.10350E-01 
1.06689E-01 
1.03089E-01 
1.93568E-01 
1.89436E-01 
1.85362E-01 
1.81339E-01 
1.77319E-01 
1.73308E-01 
1.69309E-01 
1.66227E-01 
1.65328E-01 
1.61058E-01 
1.56818E-01 
1.52612E-01 
1.48443E-01 
1.44357E-01 
1.40295E-01 
1.36253E-01 
1.32237E-01 
1.28253E-01 
1.24304E-01 
1.20397E-01 
1.16535E-01 
1.12721E-01 
1.08961E-01 
1.05256E-01 
1.01610E-01 
9.80244E-02 
1.86937E-01 
1.82826E-01 
1.78772E-01 
1.74770E-01 
1.70770E-01 
1.66779E-01 
1.62801E-01 
1.59734E-01 
1.58839E-01 
1.54591E-01 
1.50373E-01 
1.46188E-01 
1.42040E-01 
1.37974E-01 
1.33933E-01 
1.29911E-01 
1.25916E-01 
1.21951E-01 
1.18023E-01 
1.14135E-01 
1.10292E-01 
1.06498E-01 
1.02756E-01 
9.90700E-02 
9.54421E-02 
9.18751E-02 
1.78970E-01 
1.74884E-01 
1.70855E-01 
1.66877E-01 
1.62903E-01 
1.58936E-01 
1.54982E-01 
1.51934E-01 
1.51045E-01 
1.46823E-01 
1.42630E-01 
1.38470E-01 
1.34348E-01 
1.30307E-01 
1.26291E-01 
1.22294E-01 
1.18323E-01 
1.14383E-01 
1.10478E-01 
1.06614E-01 
1.02795E-01 
9.90242E-02 
9.53054E-02 
9.16419E-02 
8.80362E-02 
8.44911E-02 
1.69519E-01 
1.65462E-01 
1.61464E-01 
1.57515E-01 
1.53570E-01 
1.49632E-01 
1.45707E-01 
1.42682E-01 
1.41799E-01 
1.37609E-01 
1.33447E-01 
1.29318E-01 
1.25226E-01 
1.21215E-01 
1.17228E-01 
1.13261E-01 
1.09319E-01 
1.05408E-01 
1.01532E-01 
9.76971E-02 
9.39060E-02 
9.01631E-02 
8.64718E-02 
8.28353E-02 
7.92563E-02 
7.57373E-02 
1.58444E-01 
1.54423E-01 
1.50460E-01 
1.46546E-01 
1.42635E-01 
1.38733E-01 
1.34842E-01 
1.31843E-01 
1.30969E-01 
1.26815E-01 
1.22690E-01 
1.18597E-01 
1.14542E-01 
1.10566E-01 
1.06614E-01 
1.02682E-01 
9.87750E-02 
9.48984E-02 
9.10570E-02 
8.72554E-02 
8.34978E-02 
7.97879E-02 
7.61291E-02 
7.25247E-02 
6.89772E-02 
6.54893E-02 
1.45720E-01 
1.41741E-01 
1.37818E-01 
1.33945E-01 
1.30075E-01 
1.26213E-01 
1.22363E-01 
1.19395E-01 
1.18529E-01 
1.14419E-01 
1.10336E-01 
1.06286E-01 
1.02273E-01 
9.83377E-02 
9.44270E-02 
9.05355E-02 
8.66690E-02 
8.28325E-02 
7.90309E-02 
7.52687E-02 
7.15500E-02 
6.78785E-02 
6.42576E-02 
6.06905E-02 
5.71798E-02 
5.37280E-02 
1.31269E-01 
1.27338E-01 
1.23463E-01 
1.19636E-01 
1.15813E-01 
1.11998E-01 
1.08194E-01 
1.05262E-01 
1.04407E-01 
1.00346E-01 
9.63126E-02 
9.23115E-02 
8.83464E-02 
8.44590E-02 
8.05954E-02 
7.67510E-02 
7.29311E-02 
6.91410E-02 
6.53853E-02 
6.16685E-02 
5.79946E-02 
5.43675E-02 
5.07904E-02 
4.72663E-02 
4.37980E-02 
4.03878E-02 
1.15138E-01 
1.11262E-01 
1.07441E-01 
1.03668E-01 
9.98975E-02 
9.61350E-02 
9.23843E-02 
8.94930E-02 
8.86497E-02 
8.46451E-02 
8.06679E-02 
7.67224E-02 
7.28124E-02 
6.89790E-02 
6.51692E-02 
6.13781E-02 
5.76113E-02 
5.38738E-02 
5.01703E-02 
4.65052E-02 
4.28824E-02 
3.93056E-02 
3.57782E-02 
3.23031E-02 
2.88830E-02 
2.55202E-02 
9.74212E-02 
9.36063E-02 
8.98455E-02 
8.61318E-02 
8.24211E-02 
7.87181E-02 
7.50267E-02 
7.21811E-02 
7.13511E-02 
6.74098E-02 
6.34956E-02 
5.96124E-02 
5.57642E-02 
5.19914E-02 
4.82418E-02 
4.45107E-02 
4.08034E-02 
3.71250E-02 
3.34800E-02 
2.98728E-02 
2.63073E-02 
2.27871E-02 
1.93154E-02 
1.58952E-02 
1.25292E-02 
9.21954E-03 
7.82690E-02 
7.45220E-02 
7.08281E-02 
6.71805E-02 
6.35358E-02 
5.98986E-02 
5.62729E-02 
5.34779E-02 
5.26627E-02 
4.87915E-02 
4.49469E-02 
4.11328E-02 
3.73531E-02 
3.36474E-02 
2.99645E-02 
2.62998E-02 
2.26585E-02 
1.90455E-02 
1.54654E-02 
1.19223E-02 
8.42026E-03 
4.96267E-03 
1.55276E-03 
-1.80656E-03 
-5.11274E-03 
-8.36347E-03 
5.78879E-02 
5.42152E-02 
5.05944E-02 
4.70192E-02 
4.34467E-02 
3.98816E-02 
3.63278E-02 
3.35882E-02 
3.27891E-02 
2.89946E-02 
2.52262E-02 
2.14877E-02 
1.77829E-02 
1.41507E-02 
1.05408E-02 
6.94865E-03 
3.37952E-03 
-1.61854E-04 
-3.67103E-03 
-7.14385E-03 
-1.05765E-02 
-1.39656E-02 
-1.73079E-02 
-2.06007E-02 
-2.38413E-02 
-2.70276E-02 
3.65329E-02 
3.29405E-02 
2.93989E-02 
2.59018E-02 
2.24074E-02 
1.89203E-02 
1.54441E-02 
1.27644E-02 
1.19828E-02 
8.27129E-03 
4.58526E-03 
9.28495E-04 
-2.69535E-03 
-6.24815E-03 
-9.77917E-03 
-1.32927E-02 
-1.67838E-02 
-2.02478E-02 
-2.36803E-02 
-2.70772E-02 
-3.04348E-02 
-3.37498E-02 
-3.70190E-02 
-4.02398E-02 
-4.34096E-02 
-4.65263E-02 
1.44833E-02 
1.09767E-02 
7.51978E-03 
4.10625E-03 
6.95442E-04 
-2.70835E-03 
-6.10140E-03 
-8.71705E-03 
-9.47998E-03 
-1.31028E-02 
-1.67007E-02 
-2.02700E-02 
-2.38072E-02 
-2.72751E-02 
-3.07217E-02 
-3.41513E-02 
-3.75589E-02 
-4.09401E-02 
-4.42905E-02 
-4.76062E-02 
-5.08836E-02 
-5.41193E-02 
-5.73104E-02 
-6.04542E-02 
-6.35482E-02 
-6.65904E-02 
-7.84836E-03 
-1.12644E-02 
-1.46322E-02 
-1.79577E-02 
-2.12805E-02 
-2.45965E-02 
-2.79020E-02 
-3.04501E-02 
-3.11934E-02 
-3.47227E-02 
-3.82278E-02 
-4.17051E-02 
-4.51510E-02 
-4.85295E-02 
-5.18871E-02 
-5.52282E-02 
-5.85480E-02 
-6.18419E-02 
-6.51059E-02 
-6.83360E-02 
-7.15289E-02 
-7.46811E-02 
-7.77899E-02 
-8.08526E-02 
-8.38668E-02 
-8.68304E-02 
-3.04374E-02 
-3.37579E-02 
-3.70314E-02 
-4.02638E-02 
-4.34937E-02 
-4.67169E-02 
-4.99299E-02 
-5.24067E-02 
-5.31292E-02 
-5.65597E-02 
-5.99668E-02 
-6.33467E-02 
-6.66962E-02 
-6.99801E-02 
-7.32438E-02 
-7.64915E-02 
-7.97183E-02 
-8.29200E-02 
-8.60927E-02 
-8.92324E-02 
-9.23359E-02 
-9.54000E-02 
-9.84218E-02 
-1.01399E-01 
-1.04329E-01 
-1.07209E-01 
-5.27895E-02 
-5.60107E-02 
-5.91863E-02 
-6.23220E-02 
-6.54553E-02 
-6.85821E-02 
-7.16990E-02 
-7.41018E-02 
-7.48026E-02 
-7.81306E-02 
-8.14357E-02 
-8.47146E-02 
-8.79640E-02 
-9.11496E-02 
-9.43158E-02 
-9.74663E-02 
-1.00597E-01 
-1.03703E-01 
-1.06780E-01 
-1.09826E-01 
-1.12837E-01 
-1.15809E-01 
-1.18741E-01 
-1.21629E-01 
-1.24471E-01 
-1.27265E-01 
-7.47054E-02 
-7.78238E-02 
-8.08981E-02 
-8.39339E-02 
-8.69672E-02 
-8.99943E-02 
-9.30118E-02 
-9.53379E-02 
-9.60164E-02 
-9.92382E-02 
-1.02438E-01 
-1.05612E-01 
-1.08758E-01 
-1.11842E-01 
-1.14907E-01 
-1.17957E-01 
-1.20988E-01 
-1.23995E-01 
-1.26974E-01 
-1.29923E-01 
-1.32838E-01 
-1.35715E-01 
-1.38553E-01 
-1.41349E-01 
-1.44100E-01 
-1.46806E-01 
-9.59454E-02 
-9.89581E-02 
-1.01928E-01 
-1.04861E-01 
-1.07792E-01 
-1.10716E-01 
-1.13631E-01 
-1.15879E-01 
-1.16534E-01 
-1.19647E-01 
-1.22738E-01 
-1.25805E-01 
-1.28844E-01 
-1.31824E-01 
-1.34785E-01 
-1.37731E-01 
-1.40659E-01 
-1.43564E-01 
-1.46443E-01 
-1.49292E-01 
-1.52108E-01 
-1.54888E-01 
-1.57629E-01 
-1.60330E-01 
-1.62989E-01 
-1.65603E-01 
-1.16292E-01 
-1.19197E-01 
-1.22061E-01 
-1.24888E-01 
-1.27713E-01 
-1.30533E-01 
-1.33344E-01 
-1.35510E-01 
-1.36142E-01 
-1.39143E-01 
-1.42123E-01 
-1.45080E-01 
-1.48010E-01 
-1.50883E-01 
-1.53738E-01 
-1.56578E-01 
-1.59401E-01 
-1.62202E-01 
-1.64977E-01 
-1.67724E-01 
-1.70438E-01 
-1.73119E-01 
-1.75762E-01 
-1.78366E-01 
-1.80929E-01 
-1.83449E-01 
-1.35551E-01 
-1.38346E-01 
-1.41101E-01 
-1.43821E-01 
-1.46539E-01 
-1.49252E-01 
-1.51956E-01 
-1.54040E-01 
-1.54648E-01 
-1.57535E-01 
-1.60402E-01 
-1.63247E-01 
-1.66066E-01 
-1.68829E-01 
-1.71576E-01 
-1.74309E-01 
-1.77025E-01 
-1.79719E-01 
-1.82389E-01 
-1.85032E-01 
-1.87643E-01 
-1.90222E-01 
-1.92765E-01 
-1.95270E-01 
-1.97736E-01 
-2.00160E-01 
-1.53381E-01 
-1.56065E-01 
-1.58711E-01 
-1.61323E-01 
-1.63934E-01 
-1.66539E-01 
-1.69136E-01 
-1.71137E-01 
-1.71721E-01 
-1.74494E-01 
-1.77248E-01 
-1.79980E-01 
-1.82687E-01 
-1.85341E-01 
-1.87979E-01 
-1.90604E-01 
-1.93212E-01 
-1.95799E-01 
-1.98364E-01 
-2.00901E-01 
-2.03410E-01 
-2.05886E-01 
-2.08328E-01 
-2.10734E-01 
-2.13102E-01 
-2.15431E-01 
-1.69979E-01 
-1.72549E-01 
-1.75084E-01 
-1.77586E-01 
-1.80087E-01 
-1.82582E-01 
-1.85070E-01 
-1.86988E-01 
-1.87547E-01 
-1.90203E-01 
-1.92841E-01 
-1.95457E-01 
-1.98051E-01 
-2.00593E-01 
-2.03120E-01 
-2.05634E-01 
-2.08132E-01 
-2.10611E-01 
-2.13068E-01 
-2.15498E-01 
-2.17901E-01 
-2.20273E-01 
-2.22613E-01 
-2.24918E-01 
-2.27186E-01 
-2.29416E-01 
-1.84970E-01 
-1.87428E-01 
-1.89851E-01 
-1.92243E-01 
-1.94633E-01 
-1.97019E-01 
-1.99397E-01 
-2.01230E-01 
-2.01764E-01 
-2.04303E-01 
-2.06825E-01 
-2.09326E-01 
-2.11805E-01 
-2.14235E-01 
-2.16651E-01 
-2.19054E-01 
-2.21443E-01 
-2.23812E-01 
-2.26160E-01 
-2.28484E-01 
-2.30781E-01 
-2.33048E-01 
-2.35285E-01 
-2.37488E-01 
-2.39656E-01 
-2.41788E-01 
-1.98315E-01 
-2.00658E-01 
-2.02969E-01 
-2.05251E-01 
-2.07530E-01 
-2.09806E-01 
-2.12073E-01 
-2.13822E-01 
-2.14332E-01 
-2.16753E-01 
-2.19158E-01 
-2.21544E-01 
-2.23908E-01 
-2.26226E-01 
-2.28530E-01 
-2.30822E-01 
-2.33100E-01 
-2.35359E-01 
-2.37599E-01 
-2.39815E-01 
-2.42006E-01 
-2.44168E-01 
-2.46301E-01 
-2.48403E-01 
-2.50471E-01 
-2.52504E-01 
-2.09919E-01 
-2.12149E-01 
-2.14348E-01 
-2.16519E-01 
-2.18688E-01 
-2.20853E-01 
-2.23011E-01 
-2.24674E-01 
-2.25159E-01 
-2.27463E-01 
-2.29752E-01 
-2.32022E-01 
-2.34271E-01 
-2.36477E-01 
-2.38669E-01 
-2.40850E-01 
-2.43017E-01 
-2.45167E-01 
-2.47298E-01 
-2.49407E-01 
-2.51491E-01 
-2.53549E-01 
-2.55579E-01 
-2.57578E-01 
-2.59546E-01 
-2.61481E-01 
-2.19746E-01 
-2.21862E-01 
-2.23949E-01 
-2.26009E-01 
-2.28068E-01 
-2.30122E-01 
-2.32170E-01 
-2.33749E-01 
-2.34210E-01 
-2.36396E-01 
-2.38568E-01 
-2.40722E-01 
-2.42857E-01 
-2.44951E-01 
-2.47031E-01 
-2.49101E-01 
-2.51158E-01 
-2.53199E-01 
-2.55221E-01 
-2.57222E-01 
-2.59200E-01 
-2.61153E-01 
-2.63080E-01 
-2.64977E-01 
-2.66845E-01 
-2.68681E-01 
-2.27732E-01 
-2.29735E-01 
-2.31710E-01 
-2.33660E-01 
-2.35609E-01 
-2.37554E-01 
-2.39492E-01 
-2.40987E-01 
-2.41423E-01 
-2.43492E-01 
-2.45548E-01 
-2.47587E-01 
-2.49608E-01 
-2.51589E-01 
-2.53558E-01 
-2.55518E-01 
-2.57465E-01 
-2.59396E-01 
-2.61310E-01 
-2.63205E-01 
-2.65077E-01 
-2.66926E-01 
-2.68749E-01 
-2.70545E-01 
-2.72313E-01 
-2.74051E-01 
-2.33845E-01 
-2.35736E-01 
-2.37601E-01 
-2.39441E-01 
-2.41281E-01 
-2.43116E-01 
-2.44946E-01 
-2.46356E-01 
-2.46768E-01 
-2.48721E-01 
-2.50661E-01 
-2.52586E-01 
-2.54494E-01 
-2.56364E-01 
-2.58222E-01 
-2.60072E-01 
-2.61909E-01 
-2.63732E-01 
-2.65539E-01 
-2.67327E-01 
-2.69095E-01 
-2.70839E-01 
-2.72560E-01 
-2.74255E-01 
-2.75924E-01 
-2.77564E-01 
-2.38071E-01 
-2.39851E-01 
-2.41605E-01 
-2.43337E-01 
-2.45068E-01 
-2.46795E-01 
-2.48516E-01 
-2.49844E-01 
-2.50231E-01 
-2.52069E-01 
-2.53895E-01 
-2.55706E-01 
-2.57501E-01 
-2.59260E-01 
-2.61009E-01 
-2.62749E-01 
-2.64478E-01 
-2.66194E-01 
-2.67894E-01 
-2.69577E-01 
-2.71240E-01 
-2.72881E-01 
-2.74501E-01 
-2.76096E-01 
-2.77666E-01 
-2.79209E-01 
-2.40399E-01 
-2.42068E-01 
-2.43713E-01 
-2.45338E-01 
-2.46961E-01 
-2.48581E-01 
-2.50196E-01 
-2.51441E-01 
-2.51804E-01 
-2.53528E-01 
-2.55240E-01 
-2.56939E-01 
-2.58622E-01 
-2.60273E-01 
-2.61913E-01 
-2.63545E-01 
-2.65167E-01 
-2.66776E-01 
-2.68371E-01 
-2.69949E-01 
-2.71509E-01 
-2.73049E-01 
-2.74567E-01 
-2.76064E-01 
-2.77536E-01 
-2.78984E-01 
-2.40839E-01 
-2.42399E-01 
-2.43936E-01 
-2.45454E-01 
-2.46971E-01 
-2.48485E-01 
-2.49994E-01 
-2.51158E-01 
-2.51497E-01 
-2.53108E-01 
-2.54708E-01 
-2.56296E-01 
-2.57869E-01 
-2.59411E-01 
-2.60944E-01 
-2.62469E-01 
-2.63985E-01 
-2.65488E-01 
-2.66979E-01 
-2.68453E-01 
-2.69911E-01 
-2.71350E-01 
-2.72769E-01 
-2.74167E-01 
-2.75543E-01 
-2.76896E-01 
-2.39425E-01 
-2.40877E-01 
-2.42309E-01 
-2.43723E-01 
-2.45136E-01 
-2.46546E-01 
-2.47951E-01 
-2.49035E-01 
-2.49351E-01 
-2.50852E-01 
-2.52342E-01 
-2.53821E-01 
-2.55286E-01 
-2.56722E-01 
-2.58150E-01 
-2.59571E-01 
-2.60982E-01 
-2.62383E-01 
-2.63771E-01 
-2.65144E-01 
-2.66502E-01 
-2.67842E-01 
-2.69164E-01 
-2.70466E-01 
-2.71748E-01 
-2.73008E-01 
-2.36158E-01 
-2.37505E-01 
-2.38832E-01 
-2.40142E-01 
-2.41452E-01 
-2.42759E-01 
-2.44061E-01 
-2.45066E-01 
-2.45358E-01 
-2.46749E-01 
-2.48131E-01 
-2.49501E-01 
-2.50859E-01 
-2.52190E-01 
-2.53514E-01 
-2.54830E-01 
-2.56139E-01 
-2.57437E-01 
-2.58723E-01 
-2.59996E-01 
-2.61254E-01 
-2.62497E-01 
-2.63722E-01 
-2.64929E-01 
-2.66117E-01 
-2.67285E-01 
-2.31086E-01 
-2.32327E-01 
-2.33552E-01 
-2.34760E-01 
-2.35968E-01 
-2.37174E-01 
-2.38375E-01 
-2.39302E-01 
-2.39572E-01 
-2.40855E-01 
-2.42129E-01 
-2.43393E-01 
-2.44646E-01 
-2.45874E-01 
-2.47094E-01 
-2.48309E-01 
-2.49515E-01 
-2.50713E-01 
-2.51899E-01 
-2.53074E-01 
-2.54234E-01 
-2.55380E-01 
-2.56510E-01 
-2.57623E-01 
-2.58719E-01 
-2.59796E-01 
-2.24253E-01 
-2.25392E-01 
-2.26515E-01 
-2.27624E-01 
-2.28732E-01 
-2.29838E-01 
-2.30940E-01 
-2.31790E-01 
-2.32038E-01 
-2.33215E-01 
-2.34384E-01 
-2.35544E-01 
-2.36693E-01 
-2.37819E-01 
-2.38939E-01 
-2.40053E-01 
-2.41160E-01 
-2.42259E-01 
-2.43347E-01 
-2.44425E-01 
-2.45489E-01 
-2.46541E-01 
-2.47577E-01 
-2.48599E-01 
-2.49604E-01 
-2.50592E-01 
-2.15712E-01 
-2.16751E-01 
-2.17775E-01 
-2.18786E-01 
-2.19796E-01 
-2.20804E-01 
-2.21809E-01 
-2.22584E-01 
-2.22810E-01 
-2.23883E-01 
-2.24949E-01 
-2.26006E-01 
-2.27054E-01 
-2.28081E-01 
-2.29102E-01 
-2.30118E-01 
-2.31127E-01 
-2.32129E-01 
-2.33121E-01 
-2.34103E-01 
-2.35074E-01 
-2.36033E-01 
-2.36978E-01 
-2.37909E-01 
-2.38826E-01 
-2.39727E-01 
-2.05523E-01 
-2.06463E-01 
-2.07390E-01 
-2.08306E-01 
-2.09220E-01 
-2.10133E-01 
-2.11043E-01 
-2.11744E-01 
-2.11948E-01 
-2.12920E-01 
-2.13885E-01 
-2.14842E-01 
-2.15790E-01 
-2.16720E-01 
-2.17644E-01 
-2.18564E-01 
-2.19477E-01 
-2.20384E-01 
-2.21282E-01 
-2.22171E-01 
-2.23050E-01 
-2.23918E-01 
-2.24773E-01 
-2.25616E-01 
-2.26446E-01 
-2.27262E-01 
-1.93749E-01 
-1.94593E-01 
-1.95425E-01 
-1.96247E-01 
-1.97068E-01 
-1.97887E-01 
-1.98703E-01 
-1.99333E-01 
-1.99517E-01 
-2.00389E-01 
-2.01255E-01 
-2.02114E-01 
-2.02965E-01 
-2.03800E-01 
-2.04629E-01 
-2.05455E-01 
-2.06275E-01 
-2.07089E-01 
-2.07895E-01 
-2.08693E-01 
-2.09482E-01 
-2.10261E-01 
-2.11029E-01 
-2.11785E-01 
-2.12530E-01 
-2.13262E-01 
-1.80461E-01 
-1.81211E-01 
-1.81951E-01 
-1.82681E-01 
-1.83410E-01 
-1.84138E-01 
-1.84864E-01 
-1.85423E-01 
-1.85587E-01 
-1.86361E-01 
-1.87131E-01 
-1.87894E-01 
-1.88651E-01 
-1.89393E-01 
-1.90130E-01 
-1.90863E-01 
-1.91592E-01 
-1.92315E-01 
-1.93032E-01 
-1.93741E-01 
-1.94442E-01 
-1.95134E-01 
-1.95817E-01 
-1.96489E-01 
-1.97151E-01 
-1.97802E-01 
-1.65733E-01 
-1.66391E-01 
-1.67040E-01 
-1.67681E-01 
-1.68322E-01 
-1.68961E-01 
-1.69598E-01 
-1.70089E-01 
-1.70232E-01 
-1.70912E-01 
-1.71588E-01 
-1.72258E-01 
-1.72922E-01 
-1.73573E-01 
-1.74220E-01 
-1.74864E-01 
-1.75504E-01 
-1.76139E-01 
-1.76768E-01 
-1.77391E-01 
-1.78006E-01 
-1.78614E-01 
-1.79213E-01 
-1.79803E-01 
-1.80384E-01 
-1.80955E-01 
-1.49610E-01 
-1.50179E-01 
-1.50740E-01 
-1.51294E-01 
-1.51848E-01 
-1.52400E-01 
-1.52950E-01 
-1.53375E-01 
-1.53499E-01 
-1.54087E-01 
-1.54671E-01 
-1.55250E-01 
-1.55824E-01 
-1.56386E-01 
-1.56946E-01 
-1.57502E-01 
-1.58055E-01 
-1.58604E-01 
-1.59148E-01 
-1.59686E-01 
-1.60218E-01 
-1.60743E-01 
-1.61261E-01 
-1.61771E-01 
-1.62273E-01 
-1.62766E-01 
-1.32330E-01 
-1.32813E-01 
-1.33289E-01 
-1.33759E-01 
-1.34228E-01 
-1.34697E-01 
-1.35164E-01 
-1.35524E-01 
-1.35629E-01 
-1.36128E-01 
-1.36623E-01 
-1.37115E-01 
-1.37602E-01 
-1.38079E-01 
-1.38554E-01 
-1.39026E-01 
-1.39495E-01 
-1.39961E-01 
-1.40422E-01 
-1.40878E-01 
-1.41330E-01 
-1.41775E-01 
-1.42215E-01 
-1.42647E-01 
-1.43073E-01 
-1.43492E-01 
-1.13754E-01 
-1.14153E-01 
-1.14546E-01 
-1.14934E-01 
-1.15322E-01 
-1.15709E-01 
-1.16094E-01 
-1.16392E-01 
-1.16478E-01 
-1.16890E-01 
-1.17299E-01 
-1.17705E-01 
-1.18107E-01 
-1.18501E-01 
-1.18893E-01 
-1.19283E-01 
-1.19670E-01 
-1.20054E-01 
-1.20435E-01 
-1.20812E-01 
-1.21185E-01 
-1.21552E-01 
-1.21915E-01 
-1.22273E-01 
-1.22624E-01 
-1.22970E-01 
-9.40906E-02 
-9.44077E-02 
-9.47203E-02 
-9.50290E-02 
-9.53375E-02 
-9.56453E-02 
-9.59521E-02 
-9.61886E-02 
-9.62576E-02 
-9.65852E-02 
-9.69106E-02 
-9.72333E-02 
-9.75532E-02 
-9.78668E-02 
-9.81785E-02 
-9.84886E-02 
-9.87967E-02 
-9.91025E-02 
-9.94055E-02 
-9.97053E-02 
-1.00002E-01 
-1.00294E-01 
-1.00583E-01 
-1.00867E-01 
-1.01147E-01 
-1.01422E-01 
-7.34286E-02 
-7.36669E-02 
-7.39019E-02 
-7.41339E-02 
-7.43657E-02 
-7.45970E-02 
-7.48276E-02 
-7.50054E-02 
-7.50572E-02 
-7.53034E-02 
-7.55479E-02 
-7.57905E-02 
-7.60309E-02 
-7.62666E-02 
-7.65009E-02 
-7.67339E-02 
-7.69655E-02 
-7.71953E-02 
-7.74230E-02 
-7.76484E-02 
-7.78711E-02 
-7.80910E-02 
-7.83079E-02 
-7.85216E-02 
-7.87318E-02 
-7.89386E-02 
-5.18671E-02 
-5.20294E-02 
-5.21894E-02 
-5.23474E-02 
-5.25053E-02 
-5.26629E-02 
-5.28199E-02 
-5.29410E-02 
-5.29763E-02 
-5.31440E-02 
-5.33106E-02 
-5.34758E-02 
-5.36395E-02 
-5.38000E-02 
-5.39596E-02 
-5.41183E-02 
-5.42761E-02 
-5.44326E-02 
-5.45877E-02 
-5.47411E-02 
-5.48929E-02 
-5.50426E-02 
-5.51903E-02 
-5.53359E-02 
-5.54791E-02 
-5.56199E-02 
-2.95020E-02 
-2.95911E-02 
-2.96790E-02 
-2.97658E-02 
-2.98525E-02 
-2.99390E-02 
-3.00252E-02 
-3.00917E-02 
-3.01111E-02 
-3.02032E-02 
-3.02946E-02 
-3.03853E-02 
-3.04752E-02 
-3.05634E-02 
-3.06510E-02 
-3.07381E-02 
-3.08248E-02 
-3.09107E-02 
-3.09959E-02 
-3.10801E-02 
-3.11634E-02 
-3.12457E-02 
-3.13268E-02 
-3.14067E-02 
-3.14853E-02 
-3.15626E-02 
-6.44684E-03 
-6.46566E-03 
-6.48422E-03 
-6.50254E-03 
-6.52085E-03 
-6.53912E-03 
-6.55733E-03 
-6.57137E-03 
-6.57547E-03 
-6.59491E-03 
-6.61422E-03 
-6.63338E-03 
-6.65237E-03 
-6.67098E-03 
-6.68948E-03 
-6.70789E-03 
-6.72618E-03 
-6.74433E-03 
-6.76231E-03 
-6.78011E-03 
-6.79770E-03 
-6.81507E-03 
-6.83220E-03 
-6.84907E-03 
-6.86568E-03 
-6.88201E-03 
1.72673E-02 
1.73160E-02 
1.73641E-02 
1.74116E-02 
1.74590E-02 
1.75063E-02 
1.75535E-02 
1.75899E-02 
1.76005E-02 
1.76509E-02 
1.77009E-02 
1.77506E-02 
1.77997E-02 
1.78480E-02 
1.78959E-02 
1.79436E-02 
1.79910E-02 
1.80380E-02 
1.80846E-02 
1.81307E-02 
1.81763E-02 
1.82213E-02 
1.82657E-02 
1.83094E-02 
1.83524E-02 
1.83947E-02 
4.13837E-02 
4.14969E-02 
4.16084E-02 
4.17186E-02 
4.18287E-02 
4.19385E-02 
4.20480E-02 
4.21325E-02 
4.21571E-02 
4.22740E-02 
4.23901E-02 
4.25053E-02 
4.26195E-02 
4.27314E-02 
4.28426E-02 
4.29533E-02 
4.30633E-02 
4.31724E-02 
4.32805E-02 
4.33875E-02 
4.34933E-02 
4.35977E-02 
4.37007E-02 
4.38022E-02 
4.39020E-02 
4.40002E-02 
6.58899E-02 
6.60645E-02 
6.62367E-02 
6.64067E-02 
6.65765E-02 
6.67461E-02 
6.69150E-02 
6.70453E-02 
6.70833E-02 
6.72637E-02 
6.74429E-02 
6.76207E-02 
6.77968E-02 
6.79695E-02 
6.81412E-02 
6.83120E-02 
6.84817E-02 
6.86501E-02 
6.88169E-02 
6.89821E-02 
6.91453E-02 
6.93064E-02 
6.94654E-02 
6.96219E-02 
6.97760E-02 
6.99275E-02 
9.06658E-02 
9.08989E-02 
9.11287E-02 
9.13556E-02 
9.15823E-02 
9.18086E-02 
9.20341E-02 
9.22080E-02 
9.22587E-02 
9.24995E-02 
9.27387E-02 
9.29760E-02 
9.32111E-02 
9.34416E-02 
9.36708E-02 
9.38987E-02 
9.41253E-02 
9.43500E-02 
9.45727E-02 
9.47931E-02 
9.50110E-02 
9.52261E-02 
9.54382E-02 
9.56472E-02 
9.58529E-02 
9.60551E-02 
1.15596E-01 
1.15885E-01 
1.16169E-01 
1.16450E-01 
1.16731E-01 
1.17011E-01 
1.17290E-01 
1.17505E-01 
1.17568E-01 
1.17866E-01 
1.18162E-01 
1.18456E-01 
1.18747E-01 
1.19032E-01 
1.19316E-01 
1.19598E-01 
1.19878E-01 
1.20157E-01 
1.20432E-01 
1.20705E-01 
1.20975E-01 
1.21241E-01 
1.21503E-01 
1.21762E-01 
1.22017E-01 
1.22267E-01 
1.40561E-01 
1.40902E-01 
1.41238E-01 
1.41570E-01 
1.41901E-01 
1.42232E-01 
1.42562E-01 
1.42816E-01 
1.42890E-01 
1.43243E-01 
1.43592E-01 
1.43939E-01 
1.44283E-01 
1.44620E-01 
1.44955E-01 
1.45289E-01 
1.45620E-01 
1.45949E-01 
1.46274E-01 
1.46596E-01 
1.46915E-01 
1.47230E-01 
1.47540E-01 
1.47845E-01 
1.48146E-01 
1.48442E-01 
1.65442E-01 
1.65832E-01 
1.66217E-01 
1.66597E-01 
1.66976E-01 
1.67355E-01 
1.67732E-01 
1.68023E-01 
1.68108E-01 
1.68511E-01 
1.68911E-01 
1.69308E-01 
1.69702E-01 
1.70087E-01 
1.70471E-01 
1.70852E-01 
1.71231E-01 
1.71608E-01 
1.71980E-01 
1.72349E-01 
1.72714E-01 
1.73074E-01 
1.73429E-01 
1.73778E-01 
1.74122E-01 
1.74461E-01 
1.90126E-01 
1.90562E-01 
1.90992E-01 
1.91417E-01 
1.91841E-01 
1.92264E-01 
1.92687E-01 
1.93012E-01 
1.93107E-01 
1.93557E-01 
1.94005E-01 
1.94449E-01 
1.94889E-01 
1.95320E-01 
1.95749E-01 
1.96175E-01 
1.96599E-01 
1.97020E-01 
1.97436E-01 
1.97849E-01 
1.98257E-01 
1.98659E-01 
1.99056E-01 
1.99447E-01 
1.99832E-01 
2.00210E-01 
2.14473E-01 
2.14952E-01 
2.15424E-01 
2.15891E-01 
2.16357E-01 
2.16822E-01 
2.17285E-01 
2.17642E-01 
2.17747E-01 
2.18242E-01 
2.18733E-01 
2.19221E-01 
2.19704E-01 
2.20178E-01 
2.20648E-01 
2.21117E-01 
2.21582E-01 
2.22044E-01 
2.22502E-01 
2.22955E-01 
2.23403E-01 
2.23845E-01 
2.24281E-01 
2.24710E-01 
2.25133E-01 
2.25548E-01 
---
