PdfType: replica
Format: lhagrid1
---
1.00000E-06 1.28121E-06 1.64152E-06 2.10317E-06 2.69463E-06 3.45242E-06 4.42329E-06 5.66715E-06 7.26076E-06 9.30241E-06 1.19180E-05 1.52689E-05 1.95617E-05 2.50609E-05 3.21053E-05 4.11287E-05 5.26863E-05 6.74889E-05 8.64459E-05 1.10720E-04 1.41800E-04 1.81585E-04 2.32503E-04 2.97652E-04 3.80981E-04 4.87518E-04 6.26039E-04 8.00452E-04 1.02297E-03 1.30657E-03 1.66759E-03 2.12729E-03 2.71054E-03 3.44865E-03 4.37927E-03 5.54908E-03 7.01192E-03 8.83064E-03 1.10763E-02 1.38266E-02 1.71641E-02 2.11717E-02 2.59364E-02 3.15062E-02 3.79623E-02 4.53425E-02 5.36750E-02 6.29705E-02 7.32221E-02 8.44039E-02 9.64793E-02 1.09332E-01 1.23067E-01 1.37507E-01 1.52639E-01 1.68416E-01 1.84794E-01 2.01731E-01 2.19016E-01 2.36948E-01 2.55242E-01 2.73927E-01 2.92954E-01 3.12340E-01 3.32036E-01 3.52019E-01 3.72282E-01 3.92772E-01 4.13533E-01 4.34326E-01 4.55495E-01 4.76836E-01 4.98342E-01 5.20006E-01 5.41818E-01 5.63773E-01 5.85861E-01 6.08077E-01 6.30459E-01 6.52800E-01 6.75387E-01 6.98063E-01 7.20830E-01 7.43683E-01 7.66623E-01 7.89636E-01 8.12791E-01 8.35940E-01 8.59175E-01 8.82485E-01 9.05866E-01 9.29311E-01 9.52817E-01 9.76387E-01 1.00000E+00 
1.14018E+00 1.22539E+00 1.32482E+00 1.44156E+00 1.57954E+00 1.74381E+00 1.94091E+00 2.12132E+00 2.17945E+00 2.49622E+00 2.89383E+00 3.39925E+00 4.05063E+00 4.90286E+00 6.03623E+00 7.57063E+00 9.68869E+00 1.26749E+01 1.69835E+01 2.33578E+01 3.30501E+01 4.82334E+01 7.28041E+01 1.13998E+02 1.85779E+02 3.16228E+02 
908
1.39867E-01 
1.37288E-01 
1.34743E-01 
1.32228E-01 
1.29712E-01 
1.27198E-01 
1.24690E-01 
1.22754E-01 
1.22189E-01 
1.19506E-01 
1.16837E-01 
1.14186E-01 
1.11556E-01 
1.08974E-01 
1.06405E-01 
1.03845E-01 
1.01298E-01 
9.87681E-02 
9.62579E-02 
9.37705E-02 
9.13087E-02 
8.88751E-02 
8.64720E-02 
8.41016E-02 
8.17658E-02 
7.94664E-02 
1.39866E-01 
1.37288E-01 
1.34743E-01 
1.32227E-01 
1.29711E-01 
1.27197E-01 
1.24689E-01 
1.22754E-01 
1.22189E-01 
1.19505E-01 
1.16836E-01 
1.14186E-01 
1.11556E-01 
1.08974E-01 
1.06404E-01 
1.03844E-01 
1.01298E-01 
9.87677E-02 
9.62574E-02 
9.37700E-02 
9.13082E-02 
8.88746E-02 
8.64716E-02 
8.41012E-02 
8.17654E-02 
7.94659E-02 
1.39866E-01 
1.37287E-01 
1.34742E-01 
1.32227E-01 
1.29710E-01 
1.27197E-01 
1.24689E-01 
1.22753E-01 
1.22188E-01 
1.19504E-01 
1.16836E-01 
1.14185E-01 
1.11555E-01 
1.08973E-01 
1.06404E-01 
1.03844E-01 
1.01297E-01 
9.87671E-02 
9.62569E-02 
9.37694E-02 
9.13077E-02 
8.88741E-02 
8.64710E-02 
8.41006E-02 
8.17648E-02 
7.94654E-02 
1.39865E-01 
1.37286E-01 
1.34742E-01 
1.32226E-01 
1.29710E-01 
1.27196E-01 
1.24688E-01 
1.22753E-01 
1.22188E-01 
1.19504E-01 
1.16835E-01 
1.14184E-01 
1.11554E-01 
1.08972E-01 
1.06403E-01 
1.03843E-01 
1.01296E-01 
9.87664E-02 
9.62561E-02 
9.37687E-02 
9.13069E-02 
8.88733E-02 
8.64703E-02 
8.40999E-02 
8.17641E-02 
7.94647E-02 
1.39864E-01 
1.37285E-01 
1.34741E-01 
1.32225E-01 
1.29709E-01 
1.27195E-01 
1.24687E-01 
1.22752E-01 
1.22187E-01 
1.19503E-01 
1.16834E-01 
1.14183E-01 
1.11553E-01 
1.08971E-01 
1.06402E-01 
1.03842E-01 
1.01295E-01 
9.87654E-02 
9.62552E-02 
9.37678E-02 
9.13060E-02 
8.88724E-02 
8.64693E-02 
8.40990E-02 
8.17632E-02 
7.94637E-02 
1.39863E-01 
1.37284E-01 
1.34739E-01 
1.32224E-01 
1.29707E-01 
1.27194E-01 
1.24686E-01 
1.22750E-01 
1.22185E-01 
1.19502E-01 
1.16833E-01 
1.14182E-01 
1.11552E-01 
1.08970E-01 
1.06401E-01 
1.03841E-01 
1.01294E-01 
9.87642E-02 
9.62540E-02 
9.37666E-02 
9.13048E-02 
8.88712E-02 
8.64682E-02 
8.40978E-02 
8.17620E-02 
7.94626E-02 
1.39861E-01 
1.37283E-01 
1.34738E-01 
1.32222E-01 
1.29706E-01 
1.27192E-01 
1.24684E-01 
1.22749E-01 
1.22184E-01 
1.19500E-01 
1.16831E-01 
1.14181E-01 
1.11550E-01 
1.08969E-01 
1.06399E-01 
1.03839E-01 
1.01293E-01 
9.87627E-02 
9.62524E-02 
9.37650E-02 
9.13033E-02 
8.88697E-02 
8.64666E-02 
8.40963E-02 
8.17605E-02 
7.94611E-02 
1.39859E-01 
1.37280E-01 
1.34736E-01 
1.32220E-01 
1.29704E-01 
1.27190E-01 
1.24682E-01 
1.22747E-01 
1.22182E-01 
1.19498E-01 
1.16829E-01 
1.14178E-01 
1.11548E-01 
1.08967E-01 
1.06397E-01 
1.03837E-01 
1.01291E-01 
9.87607E-02 
9.62505E-02 
9.37631E-02 
9.13013E-02 
8.88677E-02 
8.64647E-02 
8.40943E-02 
8.17586E-02 
7.94591E-02 
1.39856E-01 
1.37278E-01 
1.34733E-01 
1.32217E-01 
1.29701E-01 
1.27188E-01 
1.24679E-01 
1.22744E-01 
1.22179E-01 
1.19495E-01 
1.16827E-01 
1.14176E-01 
1.11546E-01 
1.08964E-01 
1.06395E-01 
1.03835E-01 
1.01288E-01 
9.87582E-02 
9.62479E-02 
9.37606E-02 
9.12988E-02 
8.88652E-02 
8.64622E-02 
8.40919E-02 
8.17561E-02 
7.94567E-02 
1.39853E-01 
1.37274E-01 
1.34730E-01 
1.32214E-01 
1.29698E-01 
1.27184E-01 
1.24676E-01 
1.22741E-01 
1.22176E-01 
1.19492E-01 
1.16823E-01 
1.14173E-01 
1.11543E-01 
1.08961E-01 
1.06391E-01 
1.03832E-01 
1.01285E-01 
9.87549E-02 
9.62447E-02 
9.37573E-02 
9.12956E-02 
8.88620E-02 
8.64590E-02 
8.40887E-02 
8.17529E-02 
7.94535E-02 
1.39849E-01 
1.37270E-01 
1.34725E-01 
1.32210E-01 
1.29693E-01 
1.27180E-01 
1.24672E-01 
1.22736E-01 
1.22172E-01 
1.19488E-01 
1.16819E-01 
1.14168E-01 
1.11538E-01 
1.08956E-01 
1.06387E-01 
1.03827E-01 
1.01281E-01 
9.87508E-02 
9.62406E-02 
9.37532E-02 
9.12915E-02 
8.88579E-02 
8.64549E-02 
8.40846E-02 
8.17488E-02 
7.94494E-02 
1.39843E-01 
1.37264E-01 
1.34720E-01 
1.32204E-01 
1.29688E-01 
1.27174E-01 
1.24666E-01 
1.22731E-01 
1.22166E-01 
1.19482E-01 
1.16814E-01 
1.14163E-01 
1.11533E-01 
1.08951E-01 
1.06382E-01 
1.03822E-01 
1.01275E-01 
9.87454E-02 
9.62353E-02 
9.37479E-02 
9.12862E-02 
8.88527E-02 
8.64497E-02 
8.40794E-02 
8.17436E-02 
7.94442E-02 
1.39836E-01 
1.37257E-01 
1.34713E-01 
1.32197E-01 
1.29681E-01 
1.27167E-01 
1.24659E-01 
1.22724E-01 
1.22159E-01 
1.19475E-01 
1.16807E-01 
1.14156E-01 
1.11526E-01 
1.08944E-01 
1.06375E-01 
1.03815E-01 
1.01269E-01 
9.87386E-02 
9.62285E-02 
9.37411E-02 
9.12794E-02 
8.88459E-02 
8.64430E-02 
8.40727E-02 
8.17370E-02 
7.94376E-02 
1.39827E-01 
1.37248E-01 
1.34703E-01 
1.32188E-01 
1.29672E-01 
1.27158E-01 
1.24650E-01 
1.22715E-01 
1.22150E-01 
1.19466E-01 
1.16798E-01 
1.14147E-01 
1.11517E-01 
1.08935E-01 
1.06366E-01 
1.03806E-01 
1.01260E-01 
9.87299E-02 
9.62197E-02 
9.37325E-02 
9.12708E-02 
8.88373E-02 
8.64344E-02 
8.40641E-02 
8.17284E-02 
7.94291E-02 
1.39815E-01 
1.37236E-01 
1.34692E-01 
1.32176E-01 
1.29660E-01 
1.27147E-01 
1.24639E-01 
1.22703E-01 
1.22139E-01 
1.19455E-01 
1.16786E-01 
1.14136E-01 
1.11506E-01 
1.08924E-01 
1.06355E-01 
1.03795E-01 
1.01249E-01 
9.87187E-02 
9.62086E-02 
9.37213E-02 
9.12597E-02 
8.88263E-02 
8.64233E-02 
8.40531E-02 
8.17175E-02 
7.94181E-02 
1.39800E-01 
1.37221E-01 
1.34677E-01 
1.32161E-01 
1.29645E-01 
1.27132E-01 
1.24624E-01 
1.22689E-01 
1.22124E-01 
1.19440E-01 
1.16772E-01 
1.14121E-01 
1.11491E-01 
1.08909E-01 
1.06340E-01 
1.03781E-01 
1.01234E-01 
9.87043E-02 
9.61943E-02 
9.37071E-02 
9.12455E-02 
8.88121E-02 
8.64092E-02 
8.40390E-02 
8.17034E-02 
7.94042E-02 
1.39780E-01 
1.37202E-01 
1.34657E-01 
1.32142E-01 
1.29626E-01 
1.27113E-01 
1.24605E-01 
1.22670E-01 
1.22105E-01 
1.19421E-01 
1.16753E-01 
1.14102E-01 
1.11472E-01 
1.08891E-01 
1.06322E-01 
1.03762E-01 
1.01216E-01 
9.86860E-02 
9.61760E-02 
9.36888E-02 
9.12273E-02 
8.87940E-02 
8.63911E-02 
8.40210E-02 
8.16855E-02 
7.93862E-02 
1.39756E-01 
1.37177E-01 
1.34633E-01 
1.32117E-01 
1.29602E-01 
1.27088E-01 
1.24581E-01 
1.22645E-01 
1.22081E-01 
1.19397E-01 
1.16729E-01 
1.14078E-01 
1.11449E-01 
1.08867E-01 
1.06298E-01 
1.03739E-01 
1.01192E-01 
9.86624E-02 
9.61525E-02 
9.36654E-02 
9.12040E-02 
8.87707E-02 
8.63680E-02 
8.39979E-02 
8.16624E-02 
7.93633E-02 
1.39724E-01 
1.37146E-01 
1.34601E-01 
1.32086E-01 
1.29570E-01 
1.27057E-01 
1.24549E-01 
1.22614E-01 
1.22050E-01 
1.19366E-01 
1.16698E-01 
1.14048E-01 
1.11418E-01 
1.08836E-01 
1.06268E-01 
1.03708E-01 
1.01162E-01 
9.86323E-02 
9.61225E-02 
9.36355E-02 
9.11741E-02 
8.87410E-02 
8.63383E-02 
8.39684E-02 
8.16330E-02 
7.93339E-02 
1.39683E-01 
1.37105E-01 
1.34561E-01 
1.32046E-01 
1.29530E-01 
1.27017E-01 
1.24510E-01 
1.22575E-01 
1.22010E-01 
1.19327E-01 
1.16658E-01 
1.14008E-01 
1.11379E-01 
1.08797E-01 
1.06229E-01 
1.03669E-01 
1.01123E-01 
9.85937E-02 
9.60840E-02 
9.35972E-02 
9.11359E-02 
8.87029E-02 
8.63004E-02 
8.39305E-02 
8.15952E-02 
7.92963E-02 
1.39631E-01 
1.37053E-01 
1.34509E-01 
1.31994E-01 
1.29479E-01 
1.26966E-01 
1.24458E-01 
1.22524E-01 
1.21959E-01 
1.19276E-01 
1.16608E-01 
1.13958E-01 
1.11329E-01 
1.08747E-01 
1.06179E-01 
1.03620E-01 
1.01074E-01 
9.85443E-02 
9.60348E-02 
9.35481E-02 
9.10870E-02 
8.86541E-02 
8.62517E-02 
8.38820E-02 
8.15469E-02 
7.92481E-02 
1.39565E-01 
1.36987E-01 
1.34443E-01 
1.31928E-01 
1.29413E-01 
1.26901E-01 
1.24393E-01 
1.22459E-01 
1.21894E-01 
1.19211E-01 
1.16543E-01 
1.13893E-01 
1.11264E-01 
1.08683E-01 
1.06115E-01 
1.03556E-01 
1.01010E-01 
9.84811E-02 
9.59718E-02 
9.34853E-02 
9.10244E-02 
8.85917E-02 
8.61895E-02 
8.38200E-02 
8.14851E-02 
7.91865E-02 
1.39480E-01 
1.36902E-01 
1.34359E-01 
1.31844E-01 
1.29329E-01 
1.26817E-01 
1.24310E-01 
1.22375E-01 
1.21811E-01 
1.19128E-01 
1.16460E-01 
1.13811E-01 
1.11182E-01 
1.08601E-01 
1.06033E-01 
1.03475E-01 
1.00929E-01 
9.84003E-02 
9.58912E-02 
9.34049E-02 
9.09443E-02 
8.85119E-02 
8.61099E-02 
8.37407E-02 
8.14060E-02 
7.91076E-02 
1.39371E-01 
1.36794E-01 
1.34250E-01 
1.31736E-01 
1.29221E-01 
1.26709E-01 
1.24203E-01 
1.22268E-01 
1.21704E-01 
1.19022E-01 
1.16355E-01 
1.13705E-01 
1.11077E-01 
1.08497E-01 
1.05929E-01 
1.03370E-01 
1.00825E-01 
9.82968E-02 
9.57880E-02 
9.33021E-02 
9.08418E-02 
8.84097E-02 
8.60081E-02 
8.36391E-02 
8.13048E-02 
7.90067E-02 
1.39231E-01 
1.36655E-01 
1.34112E-01 
1.31598E-01 
1.29084E-01 
1.26572E-01 
1.24066E-01 
1.22132E-01 
1.21568E-01 
1.18886E-01 
1.16219E-01 
1.13570E-01 
1.10942E-01 
1.08362E-01 
1.05795E-01 
1.03237E-01 
1.00693E-01 
9.81645E-02 
9.56562E-02 
9.31707E-02 
9.07108E-02 
8.82791E-02 
8.58779E-02 
8.35093E-02 
8.11753E-02 
7.88776E-02 
1.39053E-01 
1.36477E-01 
1.33935E-01 
1.31422E-01 
1.28908E-01 
1.26397E-01 
1.23891E-01 
1.21958E-01 
1.21394E-01 
1.18712E-01 
1.16046E-01 
1.13398E-01 
1.10771E-01 
1.08191E-01 
1.05624E-01 
1.03067E-01 
1.00523E-01 
9.79954E-02 
9.54876E-02 
9.30027E-02 
9.05433E-02 
8.81121E-02 
8.57114E-02 
8.33434E-02 
8.10099E-02 
7.87127E-02 
1.38822E-01 
1.36247E-01 
1.33705E-01 
1.31193E-01 
1.28680E-01 
1.26169E-01 
1.23664E-01 
1.21731E-01 
1.21167E-01 
1.18487E-01 
1.15821E-01 
1.13174E-01 
1.10547E-01 
1.07969E-01 
1.05402E-01 
1.02846E-01 
1.00302E-01 
9.77756E-02 
9.52685E-02 
9.27843E-02 
9.03256E-02 
8.78951E-02 
8.54951E-02 
8.31278E-02 
8.07949E-02 
7.84984E-02 
1.38531E-01 
1.35956E-01 
1.33416E-01 
1.30904E-01 
1.28392E-01 
1.25883E-01 
1.23378E-01 
1.21446E-01 
1.20882E-01 
1.18203E-01 
1.15538E-01 
1.12892E-01 
1.10266E-01 
1.07688E-01 
1.05123E-01 
1.02568E-01 
1.00025E-01 
9.74991E-02 
9.49929E-02 
9.25095E-02 
9.00517E-02 
8.76221E-02 
8.52229E-02 
8.28564E-02 
8.05244E-02 
7.82287E-02 
1.38160E-01 
1.35586E-01 
1.33047E-01 
1.30536E-01 
1.28026E-01 
1.25517E-01 
1.23014E-01 
1.21083E-01 
1.20519E-01 
1.17841E-01 
1.15178E-01 
1.12532E-01 
1.09908E-01 
1.07331E-01 
1.04767E-01 
1.02213E-01 
9.96713E-02 
9.71465E-02 
9.46415E-02 
9.21592E-02 
8.97025E-02 
8.72740E-02 
8.48759E-02 
8.25105E-02 
8.01796E-02 
7.78849E-02 
1.37687E-01 
1.35115E-01 
1.32577E-01 
1.30068E-01 
1.27559E-01 
1.25052E-01 
1.22550E-01 
1.20620E-01 
1.20057E-01 
1.17380E-01 
1.14718E-01 
1.12075E-01 
1.09451E-01 
1.06876E-01 
1.04314E-01 
1.01761E-01 
9.92209E-02 
9.66976E-02 
9.41940E-02 
9.17132E-02 
8.92579E-02 
8.68308E-02 
8.44341E-02 
8.20700E-02 
7.97404E-02 
7.74471E-02 
1.37086E-01 
1.34516E-01 
1.31980E-01 
1.29473E-01 
1.26965E-01 
1.24460E-01 
1.21960E-01 
1.20032E-01 
1.19469E-01 
1.16794E-01 
1.14134E-01 
1.11492E-01 
1.08871E-01 
1.06298E-01 
1.03737E-01 
1.01186E-01 
9.86482E-02 
9.61267E-02 
9.36250E-02 
9.11460E-02 
8.86926E-02 
8.62672E-02 
8.38723E-02 
8.15100E-02 
7.91821E-02 
7.68905E-02 
1.36322E-01 
1.33754E-01 
1.31221E-01 
1.28716E-01 
1.26211E-01 
1.23708E-01 
1.21210E-01 
1.19283E-01 
1.18721E-01 
1.16049E-01 
1.13392E-01 
1.10752E-01 
1.08134E-01 
1.05563E-01 
1.03005E-01 
1.00456E-01 
9.79201E-02 
9.54010E-02 
9.29016E-02 
9.04250E-02 
8.79738E-02 
8.55508E-02 
8.31581E-02 
8.07980E-02 
7.84723E-02 
7.61828E-02 
1.35354E-01 
1.32790E-01 
1.30259E-01 
1.27757E-01 
1.25255E-01 
1.22755E-01 
1.20261E-01 
1.18336E-01 
1.17774E-01 
1.15105E-01 
1.12451E-01 
1.09815E-01 
1.07199E-01 
1.04632E-01 
1.02076E-01 
9.95308E-02 
9.69981E-02 
9.44820E-02 
9.19856E-02 
8.95119E-02 
8.70636E-02 
8.46435E-02 
8.22536E-02 
7.98963E-02 
7.75734E-02 
7.52866E-02 
1.34132E-01 
1.31572E-01 
1.29045E-01 
1.26547E-01 
1.24048E-01 
1.21552E-01 
1.19062E-01 
1.17140E-01 
1.16579E-01 
1.13914E-01 
1.11264E-01 
1.08632E-01 
1.06020E-01 
1.03456E-01 
1.00905E-01 
9.83629E-02 
9.58341E-02 
9.33218E-02 
9.08291E-02 
8.83592E-02 
8.59146E-02 
8.34981E-02 
8.11119E-02 
7.87581E-02 
7.64387E-02 
7.41554E-02 
1.32596E-01 
1.30041E-01 
1.27519E-01 
1.25025E-01 
1.22531E-01 
1.20040E-01 
1.17554E-01 
1.15636E-01 
1.15076E-01 
1.12416E-01 
1.09771E-01 
1.07144E-01 
1.04538E-01 
1.01979E-01 
9.94321E-02 
9.68951E-02 
9.43710E-02 
9.18635E-02 
8.93756E-02 
8.69103E-02 
8.44704E-02 
8.20585E-02 
7.96768E-02 
7.73275E-02 
7.50125E-02 
7.27335E-02 
1.30673E-01 
1.28123E-01 
1.25607E-01 
1.23120E-01 
1.20632E-01 
1.18147E-01 
1.15667E-01 
1.13753E-01 
1.13195E-01 
1.10541E-01 
1.07902E-01 
1.05282E-01 
1.02681E-01 
1.00128E-01 
9.75880E-02 
9.50570E-02 
9.25391E-02 
9.00375E-02 
8.75555E-02 
8.50962E-02 
8.26621E-02 
8.02560E-02 
7.78800E-02 
7.55363E-02 
7.32269E-02 
7.09533E-02 
1.28279E-01 
1.25737E-01 
1.23228E-01 
1.20748E-01 
1.18268E-01 
1.15790E-01 
1.13318E-01 
1.11410E-01 
1.10853E-01 
1.08207E-01 
1.05577E-01 
1.02964E-01 
1.00371E-01 
9.78259E-02 
9.52931E-02 
9.27697E-02 
9.02593E-02 
8.77652E-02 
8.52907E-02 
8.28387E-02 
8.04120E-02 
7.80130E-02 
7.56442E-02 
7.33075E-02 
7.10050E-02 
6.87383E-02 
1.25320E-01 
1.22787E-01 
1.20288E-01 
1.17818E-01 
1.15346E-01 
1.12878E-01 
1.10415E-01 
1.08514E-01 
1.07959E-01 
1.05323E-01 
1.02702E-01 
1.00099E-01 
9.75162E-02 
9.49805E-02 
9.24572E-02 
8.99432E-02 
8.74422E-02 
8.49574E-02 
8.24921E-02 
8.00493E-02 
7.76316E-02 
7.52416E-02 
7.28816E-02 
7.05537E-02 
6.82597E-02 
6.60015E-02 
1.21693E-01 
1.19172E-01 
1.16684E-01 
1.14225E-01 
1.11765E-01 
1.09308E-01 
1.06856E-01 
1.04964E-01 
1.04412E-01 
1.01789E-01 
9.91798E-02 
9.65886E-02 
9.40175E-02 
9.14935E-02 
8.89819E-02 
8.64795E-02 
8.39900E-02 
8.15168E-02 
7.90629E-02 
7.66313E-02 
7.42248E-02 
7.18458E-02 
6.94967E-02 
6.71796E-02 
6.48962E-02 
6.26484E-02 
1.17291E-01 
1.14784E-01 
1.12311E-01 
1.09865E-01 
1.07420E-01 
1.04976E-01 
1.02538E-01 
1.00657E-01 
1.00108E-01 
9.74993E-02 
9.49053E-02 
9.23287E-02 
8.97723E-02 
8.72626E-02 
8.47652E-02 
8.22770E-02 
7.98017E-02 
7.73424E-02 
7.49024E-02 
7.24847E-02 
7.00918E-02 
6.77263E-02 
6.53905E-02 
6.30865E-02 
6.08161E-02 
5.85810E-02 
1.12007E-01 
1.09518E-01 
1.07062E-01 
1.04633E-01 
1.02205E-01 
9.97782E-02 
9.73570E-02 
9.54888E-02 
9.49435E-02 
9.23527E-02 
8.97766E-02 
8.72179E-02 
8.46790E-02 
8.21867E-02 
7.97065E-02 
7.72355E-02 
7.47772E-02 
7.23350E-02 
6.99118E-02 
6.75107E-02 
6.51344E-02 
6.27852E-02 
6.04656E-02 
5.81774E-02 
5.59227E-02 
5.37031E-02 
1.05748E-01 
1.03280E-01 
1.00844E-01 
9.84358E-02 
9.60271E-02 
9.36210E-02 
9.12199E-02 
8.93672E-02 
8.88265E-02 
8.62573E-02 
8.37026E-02 
8.11651E-02 
7.86474E-02 
7.61758E-02 
7.37163E-02 
7.12659E-02 
6.88280E-02 
6.64061E-02 
6.40031E-02 
6.16220E-02 
5.92654E-02 
5.69358E-02 
5.46354E-02 
5.23663E-02 
5.01303E-02 
4.79291E-02 
9.84271E-02 
9.59832E-02 
9.35713E-02 
9.11870E-02 
8.88023E-02 
8.64201E-02 
8.40429E-02 
8.22086E-02 
8.16733E-02 
7.91296E-02 
7.66003E-02 
7.40880E-02 
7.15953E-02 
6.91483E-02 
6.67132E-02 
6.42871E-02 
6.18735E-02 
5.94756E-02 
5.70965E-02 
5.47391E-02 
5.24059E-02 
5.00994E-02 
4.78219E-02 
4.55754E-02 
4.33616E-02 
4.11823E-02 
9.00329E-02 
8.76176E-02 
8.52338E-02 
8.28774E-02 
8.05206E-02 
7.81661E-02 
7.58167E-02 
7.40039E-02 
7.34748E-02 
7.09608E-02 
6.84610E-02 
6.59781E-02 
6.35146E-02 
6.10961E-02 
5.86895E-02 
5.62917E-02 
5.39063E-02 
5.15364E-02 
4.91851E-02 
4.68552E-02 
4.45492E-02 
4.22697E-02 
4.00188E-02 
3.77985E-02 
3.56106E-02 
3.34568E-02 
8.05231E-02 
7.81406E-02 
7.57894E-02 
7.34651E-02 
7.11403E-02 
6.88180E-02 
6.65006E-02 
6.47124E-02 
6.41906E-02 
6.17108E-02 
5.92452E-02 
5.67961E-02 
5.43661E-02 
5.19806E-02 
4.96068E-02 
4.72417E-02 
4.48888E-02 
4.25512E-02 
4.02319E-02 
3.79338E-02 
3.56593E-02 
3.34108E-02 
3.11906E-02 
2.90005E-02 
2.68425E-02 
2.47180E-02 
6.99391E-02 
6.75940E-02 
6.52797E-02 
6.29919E-02 
6.07037E-02 
5.84178E-02 
5.61368E-02 
5.43767E-02 
5.38630E-02 
5.14222E-02 
4.89952E-02 
4.65846E-02 
4.41928E-02 
4.18447E-02 
3.95082E-02 
3.71802E-02 
3.48642E-02 
3.25634E-02 
3.02805E-02 
2.80184E-02 
2.57796E-02 
2.35665E-02 
2.13811E-02 
1.92255E-02 
1.71013E-02 
1.50101E-02 
5.83540E-02 
5.60509E-02 
5.37780E-02 
5.15311E-02 
4.92838E-02 
4.70388E-02 
4.47986E-02 
4.30700E-02 
4.25655E-02 
4.01684E-02 
3.77848E-02 
3.54173E-02 
3.30682E-02 
3.07622E-02 
2.84674E-02 
2.61811E-02 
2.39065E-02 
2.16468E-02 
1.94048E-02 
1.71832E-02 
1.49844E-02 
1.28109E-02 
1.06646E-02 
8.54747E-03 
6.46126E-03 
4.40751E-03 
4.58816E-02 
4.36249E-02 
4.13978E-02 
3.91962E-02 
3.69942E-02 
3.47945E-02 
3.25994E-02 
3.09057E-02 
3.04114E-02 
2.80625E-02 
2.57270E-02 
2.34072E-02 
2.11055E-02 
1.88460E-02 
1.65975E-02 
1.43572E-02 
1.21285E-02 
9.91436E-03 
7.71753E-03 
5.54069E-03 
3.38628E-03 
1.25654E-03 
-8.46488E-04 
-2.92091E-03 
-4.96506E-03 
-6.97741E-03 
3.26718E-02 
3.04659E-02 
2.82889E-02 
2.61368E-02 
2.39843E-02 
2.18341E-02 
1.96884E-02 
1.80328E-02 
1.75496E-02 
1.52536E-02 
1.29706E-02 
1.07030E-02 
8.45307E-03 
6.24434E-03 
4.04640E-03 
1.85657E-03 
-3.21992E-04 
-2.48636E-03 
-4.63377E-03 
-6.76164E-03 
-8.86760E-03 
-1.09494E-02 
-1.30051E-02 
-1.50329E-02 
-1.70311E-02 
-1.89982E-02 
1.89071E-02 
1.67560E-02 
1.46332E-02 
1.25346E-02 
1.04356E-02 
8.33883E-03 
6.24648E-03 
4.63200E-03 
4.16083E-03 
1.92190E-03 
-3.04315E-04 
-2.51553E-03 
-4.70953E-03 
-6.86335E-03 
-9.00665E-03 
-1.11420E-02 
-1.32664E-02 
-1.53770E-02 
-1.74710E-02 
-1.95460E-02 
-2.15996E-02 
-2.36297E-02 
-2.56343E-02 
-2.76116E-02 
-2.95601E-02 
-3.14783E-02 
4.78552E-03 
2.69306E-03 
6.28021E-04 
-1.41338E-03 
-3.45517E-03 
-5.49483E-03 
-7.53017E-03 
-9.10067E-03 
-9.55900E-03 
-1.17369E-02 
-1.39025E-02 
-1.60535E-02 
-1.81877E-02 
-2.02828E-02 
-2.23677E-02 
-2.44449E-02 
-2.65115E-02 
-2.85645E-02 
-3.06015E-02 
-3.26199E-02 
-3.46176E-02 
-3.65924E-02 
-3.85424E-02 
-4.04658E-02 
-4.23612E-02 
-4.42272E-02 
-9.41101E-03 
-1.14418E-02 
-1.34460E-02 
-1.54272E-02 
-1.74088E-02 
-1.93884E-02 
-2.13637E-02 
-2.28879E-02 
-2.33328E-02 
-2.54465E-02 
-2.75482E-02 
-2.96358E-02 
-3.17071E-02 
-3.37405E-02 
-3.57640E-02 
-3.77800E-02 
-3.97856E-02 
-4.17781E-02 
-4.37551E-02 
-4.57140E-02 
-4.76528E-02 
-4.95694E-02 
-5.14619E-02 
-5.33287E-02 
-5.51682E-02 
-5.69791E-02 
-2.36482E-02 
-2.56139E-02 
-2.75538E-02 
-2.94715E-02 
-3.13896E-02 
-3.33057E-02 
-3.52177E-02 
-3.66931E-02 
-3.71236E-02 
-3.91696E-02 
-4.12040E-02 
-4.32247E-02 
-4.52296E-02 
-4.71978E-02 
-4.91564E-02 
-5.11077E-02 
-5.30491E-02 
-5.49777E-02 
-5.68913E-02 
-5.87875E-02 
-6.06641E-02 
-6.25192E-02 
-6.43511E-02 
-6.61580E-02 
-6.79386E-02 
-6.96914E-02 
-3.75955E-02 
-3.94936E-02 
-4.13669E-02 
-4.32187E-02 
-4.50709E-02 
-4.69211E-02 
-4.87675E-02 
-5.01921E-02 
-5.06079E-02 
-5.25836E-02 
-5.45480E-02 
-5.64993E-02 
-5.84353E-02 
-6.03359E-02 
-6.22271E-02 
-6.41115E-02 
-6.59861E-02 
-6.78485E-02 
-6.96963E-02 
-7.15273E-02 
-7.33394E-02 
-7.51308E-02 
-7.68997E-02 
-7.86446E-02 
-8.03640E-02 
-8.20566E-02 
-5.11115E-02 
-5.29399E-02 
-5.47443E-02 
-5.65280E-02 
-5.83121E-02 
-6.00943E-02 
-6.18727E-02 
-6.32450E-02 
-6.36455E-02 
-6.55485E-02 
-6.74407E-02 
-6.93202E-02 
-7.11851E-02 
-7.30157E-02 
-7.48375E-02 
-7.66525E-02 
-7.84582E-02 
-8.02521E-02 
-8.20320E-02 
-8.37957E-02 
-8.55412E-02 
-8.72667E-02 
-8.89705E-02 
-9.06512E-02 
-9.23074E-02 
-9.39378E-02 
-6.40317E-02 
-6.57883E-02 
-6.75219E-02 
-6.92357E-02 
-7.09498E-02 
-7.26622E-02 
-7.43709E-02 
-7.56893E-02 
-7.60741E-02 
-7.79025E-02 
-7.97205E-02 
-8.15263E-02 
-8.33180E-02 
-8.50769E-02 
-8.68272E-02 
-8.85711E-02 
-9.03059E-02 
-9.20295E-02 
-9.37396E-02 
-9.54341E-02 
-9.71112E-02 
-9.87690E-02 
-1.00406E-01 
-1.02021E-01 
-1.03612E-01 
-1.05179E-01 
-7.62077E-02 
-7.78911E-02 
-7.95524E-02 
-8.11947E-02 
-8.28373E-02 
-8.44783E-02 
-8.61157E-02 
-8.73792E-02 
-8.77479E-02 
-8.95000E-02 
-9.12422E-02 
-9.29727E-02 
-9.46897E-02 
-9.63752E-02 
-9.80525E-02 
-9.97236E-02 
-1.01386E-01 
-1.03038E-01 
-1.04677E-01 
-1.06300E-01 
-1.07908E-01 
-1.09496E-01 
-1.11065E-01 
-1.12612E-01 
-1.14137E-01 
-1.15638E-01 
-8.75077E-02 
-8.91165E-02 
-9.07043E-02 
-9.22739E-02 
-9.38438E-02 
-9.54121E-02 
-9.69770E-02 
-9.81846E-02 
-9.85370E-02 
-1.00212E-01 
-1.01877E-01 
-1.03530E-01 
-1.05171E-01 
-1.06782E-01 
-1.08385E-01 
-1.09983E-01 
-1.11571E-01 
-1.13150E-01 
-1.14716E-01 
-1.16268E-01 
-1.17804E-01 
-1.19322E-01 
-1.20822E-01 
-1.22301E-01 
-1.23758E-01 
-1.25193E-01 
-9.77212E-02 
-9.92554E-02 
-1.00769E-01 
-1.02266E-01 
-1.03763E-01 
-1.05258E-01 
-1.06751E-01 
-1.07902E-01 
-1.08238E-01 
-1.09835E-01 
-1.11423E-01 
-1.13000E-01 
-1.14564E-01 
-1.16100E-01 
-1.17629E-01 
-1.19152E-01 
-1.20667E-01 
-1.22172E-01 
-1.23666E-01 
-1.25145E-01 
-1.26610E-01 
-1.28058E-01 
-1.29487E-01 
-1.30898E-01 
-1.32287E-01 
-1.33655E-01 
-1.06948E-01 
-1.08406E-01 
-1.09845E-01 
-1.11268E-01 
-1.12690E-01 
-1.14111E-01 
-1.15530E-01 
-1.16624E-01 
-1.16943E-01 
-1.18461E-01 
-1.19970E-01 
-1.21468E-01 
-1.22955E-01 
-1.24415E-01 
-1.25868E-01 
-1.27315E-01 
-1.28755E-01 
-1.30186E-01 
-1.31605E-01 
-1.33011E-01 
-1.34403E-01 
-1.35779E-01 
-1.37138E-01 
-1.38478E-01 
-1.39799E-01 
-1.41099E-01 
-1.14968E-01 
-1.16349E-01 
-1.17713E-01 
-1.19061E-01 
-1.20409E-01 
-1.21756E-01 
-1.23100E-01 
-1.24137E-01 
-1.24440E-01 
-1.25878E-01 
-1.27308E-01 
-1.28728E-01 
-1.30138E-01 
-1.31521E-01 
-1.32898E-01 
-1.34269E-01 
-1.35634E-01 
-1.36990E-01 
-1.38335E-01 
-1.39668E-01 
-1.40987E-01 
-1.42291E-01 
-1.43578E-01 
-1.44849E-01 
-1.46100E-01 
-1.47332E-01 
-1.21750E-01 
-1.23055E-01 
-1.24344E-01 
-1.25617E-01 
-1.26891E-01 
-1.28163E-01 
-1.29433E-01 
-1.30413E-01 
-1.30699E-01 
-1.32057E-01 
-1.33408E-01 
-1.34750E-01 
-1.36082E-01 
-1.37389E-01 
-1.38689E-01 
-1.39985E-01 
-1.41274E-01 
-1.42555E-01 
-1.43826E-01 
-1.45085E-01 
-1.46331E-01 
-1.47563E-01 
-1.48780E-01 
-1.49980E-01 
-1.51162E-01 
-1.52326E-01 
-1.27241E-01 
-1.28470E-01 
-1.29683E-01 
-1.30883E-01 
-1.32082E-01 
-1.33280E-01 
-1.34476E-01 
-1.35398E-01 
-1.35668E-01 
-1.36947E-01 
-1.38219E-01 
-1.39483E-01 
-1.40737E-01 
-1.41967E-01 
-1.43192E-01 
-1.44412E-01 
-1.45626E-01 
-1.46832E-01 
-1.48029E-01 
-1.49215E-01 
-1.50388E-01 
-1.51548E-01 
-1.52694E-01 
-1.53824E-01 
-1.54937E-01 
-1.56033E-01 
-1.31418E-01 
-1.32571E-01 
-1.33709E-01 
-1.34834E-01 
-1.35960E-01 
-1.37084E-01 
-1.38205E-01 
-1.39071E-01 
-1.39324E-01 
-1.40524E-01 
-1.41717E-01 
-1.42903E-01 
-1.44079E-01 
-1.45234E-01 
-1.46383E-01 
-1.47528E-01 
-1.48667E-01 
-1.49798E-01 
-1.50921E-01 
-1.52034E-01 
-1.53135E-01 
-1.54223E-01 
-1.55298E-01 
-1.56358E-01 
-1.57402E-01 
-1.58431E-01 
-1.34248E-01 
-1.35326E-01 
-1.36390E-01 
-1.37441E-01 
-1.38493E-01 
-1.39543E-01 
-1.40592E-01 
-1.41401E-01 
-1.41637E-01 
-1.42759E-01 
-1.43874E-01 
-1.44982E-01 
-1.46081E-01 
-1.47160E-01 
-1.48234E-01 
-1.49304E-01 
-1.50369E-01 
-1.51426E-01 
-1.52475E-01 
-1.53515E-01 
-1.54544E-01 
-1.55561E-01 
-1.56565E-01 
-1.57556E-01 
-1.58532E-01 
-1.59493E-01 
-1.35720E-01 
-1.36723E-01 
-1.37713E-01 
-1.38691E-01 
-1.39670E-01 
-1.40648E-01 
-1.41623E-01 
-1.42376E-01 
-1.42596E-01 
-1.43640E-01 
-1.44678E-01 
-1.45709E-01 
-1.46732E-01 
-1.47736E-01 
-1.48735E-01 
-1.49731E-01 
-1.50721E-01 
-1.51705E-01 
-1.52682E-01 
-1.53649E-01 
-1.54607E-01 
-1.55553E-01 
-1.56488E-01 
-1.57410E-01 
-1.58318E-01 
-1.59213E-01 
-1.35831E-01 
-1.36760E-01 
-1.37677E-01 
-1.38583E-01 
-1.39489E-01 
-1.40395E-01 
-1.41298E-01 
-1.41995E-01 
-1.42199E-01 
-1.43166E-01 
-1.44127E-01 
-1.45082E-01 
-1.46029E-01 
-1.46959E-01 
-1.47885E-01 
-1.48807E-01 
-1.49724E-01 
-1.50636E-01 
-1.51540E-01 
-1.52436E-01 
-1.53323E-01 
-1.54199E-01 
-1.55065E-01 
-1.55919E-01 
-1.56760E-01 
-1.57588E-01 
-1.34589E-01 
-1.35445E-01 
-1.36289E-01 
-1.37124E-01 
-1.37959E-01 
-1.38793E-01 
-1.39626E-01 
-1.40268E-01 
-1.40456E-01 
-1.41346E-01 
-1.42232E-01 
-1.43112E-01 
-1.43985E-01 
-1.44842E-01 
-1.45694E-01 
-1.46544E-01 
-1.47389E-01 
-1.48229E-01 
-1.49062E-01 
-1.49887E-01 
-1.50704E-01 
-1.51512E-01 
-1.52310E-01 
-1.53096E-01 
-1.53871E-01 
-1.54635E-01 
-1.32003E-01 
-1.32787E-01 
-1.33560E-01 
-1.34325E-01 
-1.35089E-01 
-1.35853E-01 
-1.36616E-01 
-1.37204E-01 
-1.37375E-01 
-1.38191E-01 
-1.39002E-01 
-1.39808E-01 
-1.40607E-01 
-1.41392E-01 
-1.42172E-01 
-1.42950E-01 
-1.43724E-01 
-1.44493E-01 
-1.45256E-01 
-1.46012E-01 
-1.46760E-01 
-1.47500E-01 
-1.48230E-01 
-1.48950E-01 
-1.49660E-01 
-1.50359E-01 
-1.28139E-01 
-1.28852E-01 
-1.29556E-01 
-1.30252E-01 
-1.30948E-01 
-1.31643E-01 
-1.32337E-01 
-1.32872E-01 
-1.33029E-01 
-1.33771E-01 
-1.34509E-01 
-1.35242E-01 
-1.35970E-01 
-1.36684E-01 
-1.37395E-01 
-1.38103E-01 
-1.38807E-01 
-1.39507E-01 
-1.40202E-01 
-1.40890E-01 
-1.41571E-01 
-1.42244E-01 
-1.42909E-01 
-1.43564E-01 
-1.44210E-01 
-1.44847E-01 
-1.22960E-01 
-1.23603E-01 
-1.24239E-01 
-1.24866E-01 
-1.25494E-01 
-1.26122E-01 
-1.26748E-01 
-1.27231E-01 
-1.27372E-01 
-1.28042E-01 
-1.28708E-01 
-1.29370E-01 
-1.30026E-01 
-1.30671E-01 
-1.31312E-01 
-1.31951E-01 
-1.32586E-01 
-1.33218E-01 
-1.33844E-01 
-1.34465E-01 
-1.35080E-01 
-1.35687E-01 
-1.36287E-01 
-1.36879E-01 
-1.37462E-01 
-1.38036E-01 
-1.16536E-01 
-1.17111E-01 
-1.17679E-01 
-1.18240E-01 
-1.18802E-01 
-1.19362E-01 
-1.19922E-01 
-1.20354E-01 
-1.20480E-01 
-1.21079E-01 
-1.21674E-01 
-1.22266E-01 
-1.22853E-01 
-1.23429E-01 
-1.24002E-01 
-1.24573E-01 
-1.25142E-01 
-1.25706E-01 
-1.26266E-01 
-1.26821E-01 
-1.27371E-01 
-1.27914E-01 
-1.28450E-01 
-1.28979E-01 
-1.29500E-01 
-1.30013E-01 
-1.08910E-01 
-1.09419E-01 
-1.09920E-01 
-1.10417E-01 
-1.10913E-01 
-1.11409E-01 
-1.11904E-01 
-1.12285E-01 
-1.12397E-01 
-1.12926E-01 
-1.13453E-01 
-1.13976E-01 
-1.14494E-01 
-1.15004E-01 
-1.15510E-01 
-1.16015E-01 
-1.16518E-01 
-1.17017E-01 
-1.17512E-01 
-1.18003E-01 
-1.18488E-01 
-1.18968E-01 
-1.19442E-01 
-1.19910E-01 
-1.20371E-01 
-1.20824E-01 
-1.00131E-01 
-1.00574E-01 
-1.01012E-01 
-1.01444E-01 
-1.01877E-01 
-1.02309E-01 
-1.02741E-01 
-1.03074E-01 
-1.03171E-01 
-1.03632E-01 
-1.04091E-01 
-1.04547E-01 
-1.05000E-01 
-1.05444E-01 
-1.05885E-01 
-1.06326E-01 
-1.06764E-01 
-1.07199E-01 
-1.07631E-01 
-1.08058E-01 
-1.08482E-01 
-1.08900E-01 
-1.09314E-01 
-1.09721E-01 
-1.10123E-01 
-1.10518E-01 
-9.02515E-02 
-9.06315E-02 
-9.10064E-02 
-9.13771E-02 
-9.17479E-02 
-9.21183E-02 
-9.24878E-02 
-9.27730E-02 
-9.28563E-02 
-9.32517E-02 
-9.36450E-02 
-9.40356E-02 
-9.44231E-02 
-9.48035E-02 
-9.51821E-02 
-9.55593E-02 
-9.59346E-02 
-9.63074E-02 
-9.66773E-02 
-9.70438E-02 
-9.74065E-02 
-9.77651E-02 
-9.81192E-02 
-9.84685E-02 
-9.88127E-02 
-9.91515E-02 
-7.93287E-02 
-7.96468E-02 
-7.99608E-02 
-8.02712E-02 
-8.05816E-02 
-8.08917E-02 
-8.12012E-02 
-8.14399E-02 
-8.15096E-02 
-8.18408E-02 
-8.21700E-02 
-8.24971E-02 
-8.28215E-02 
-8.31401E-02 
-8.34571E-02 
-8.37729E-02 
-8.40871E-02 
-8.43993E-02 
-8.47090E-02 
-8.50158E-02 
-8.53196E-02 
-8.56198E-02 
-8.59163E-02 
-8.62087E-02 
-8.64969E-02 
-8.67806E-02 
-6.74246E-02 
-6.76826E-02 
-6.79373E-02 
-6.81891E-02 
-6.84410E-02 
-6.86926E-02 
-6.89436E-02 
-6.91373E-02 
-6.91938E-02 
-6.94625E-02 
-6.97296E-02 
-6.99949E-02 
-7.02581E-02 
-7.05165E-02 
-7.07737E-02 
-7.10299E-02 
-7.12848E-02 
-7.15380E-02 
-7.17893E-02 
-7.20382E-02 
-7.22846E-02 
-7.25282E-02 
-7.27687E-02 
-7.30060E-02 
-7.32397E-02 
-7.34699E-02 
-5.46029E-02 
-5.48028E-02 
-5.50000E-02 
-5.51950E-02 
-5.53900E-02 
-5.55849E-02 
-5.57793E-02 
-5.59293E-02 
-5.59730E-02 
-5.61811E-02 
-5.63879E-02 
-5.65933E-02 
-5.67972E-02 
-5.69973E-02 
-5.71964E-02 
-5.73948E-02 
-5.75922E-02 
-5.77883E-02 
-5.79829E-02 
-5.81757E-02 
-5.83665E-02 
-5.85551E-02 
-5.87413E-02 
-5.89251E-02 
-5.91061E-02 
-5.92843E-02 
-4.09040E-02 
-4.10474E-02 
-4.11889E-02 
-4.13288E-02 
-4.14687E-02 
-4.16085E-02 
-4.17480E-02 
-4.18556E-02 
-4.18870E-02 
-4.20362E-02 
-4.21846E-02 
-4.23320E-02 
-4.24783E-02 
-4.26219E-02 
-4.27647E-02 
-4.29071E-02 
-4.30487E-02 
-4.31894E-02 
-4.33290E-02 
-4.34673E-02 
-4.36042E-02 
-4.37395E-02 
-4.38732E-02 
-4.40050E-02 
-4.41348E-02 
-4.42627E-02 
-2.65272E-02 
-2.66164E-02 
-2.67045E-02 
-2.67916E-02 
-2.68786E-02 
-2.69656E-02 
-2.70524E-02 
-2.71194E-02 
-2.71389E-02 
-2.72318E-02 
-2.73241E-02 
-2.74159E-02 
-2.75069E-02 
-2.75962E-02 
-2.76851E-02 
-2.77737E-02 
-2.78618E-02 
-2.79494E-02 
-2.80362E-02 
-2.81223E-02 
-2.82075E-02 
-2.82917E-02 
-2.83749E-02 
-2.84569E-02 
-2.85377E-02 
-2.86173E-02 
-1.13592E-02 
-1.13959E-02 
-1.14322E-02 
-1.14680E-02 
-1.15038E-02 
-1.15396E-02 
-1.15753E-02 
-1.16028E-02 
-1.16109E-02 
-1.16491E-02 
-1.16871E-02 
-1.17248E-02 
-1.17622E-02 
-1.17990E-02 
-1.18356E-02 
-1.18720E-02 
-1.19083E-02 
-1.19443E-02 
-1.19800E-02 
-1.20154E-02 
-1.20505E-02 
-1.20851E-02 
-1.21193E-02 
-1.21531E-02 
-1.21863E-02 
-1.22190E-02 
4.42632E-03 
4.44008E-03 
4.45366E-03 
4.46708E-03 
4.48051E-03 
4.49392E-03 
4.50731E-03 
4.51764E-03 
4.52065E-03 
4.53497E-03 
4.54921E-03 
4.56336E-03 
4.57740E-03 
4.59117E-03 
4.60488E-03 
4.61854E-03 
4.63213E-03 
4.64564E-03 
4.65903E-03 
4.67231E-03 
4.68544E-03 
4.69843E-03 
4.71125E-03 
4.72390E-03 
4.73637E-03 
4.74864E-03 
2.07540E-02 
2.08161E-02 
2.08774E-02 
2.09381E-02 
2.09987E-02 
2.10593E-02 
2.11198E-02 
2.11664E-02 
2.11800E-02 
2.12447E-02 
2.13090E-02 
2.13729E-02 
2.14363E-02 
2.14985E-02 
2.15605E-02 
2.16222E-02 
2.16836E-02 
2.17445E-02 
2.18050E-02 
2.18650E-02 
2.19243E-02 
2.19830E-02 
2.20409E-02 
2.20980E-02 
2.21543E-02 
2.22098E-02 
3.75412E-02 
3.76496E-02 
3.77567E-02 
3.78624E-02 
3.79682E-02 
3.80739E-02 
3.81794E-02 
3.82608E-02 
3.82845E-02 
3.83974E-02 
3.85096E-02 
3.86211E-02 
3.87317E-02 
3.88402E-02 
3.89483E-02 
3.90559E-02 
3.91630E-02 
3.92694E-02 
3.93749E-02 
3.94795E-02 
3.95830E-02 
3.96853E-02 
3.97864E-02 
3.98861E-02 
3.99843E-02 
4.00810E-02 
5.47079E-02 
5.48605E-02 
5.50110E-02 
5.51599E-02 
5.53088E-02 
5.54575E-02 
5.56059E-02 
5.57204E-02 
5.57538E-02 
5.59126E-02 
5.60705E-02 
5.62273E-02 
5.63829E-02 
5.65357E-02 
5.66877E-02 
5.68392E-02 
5.69898E-02 
5.71395E-02 
5.72881E-02 
5.74352E-02 
5.75809E-02 
5.77249E-02 
5.78670E-02 
5.80073E-02 
5.81455E-02 
5.82815E-02 
7.21605E-02 
7.23551E-02 
7.25470E-02 
7.27368E-02 
7.29266E-02 
7.31162E-02 
7.33054E-02 
7.34514E-02 
7.34940E-02 
7.36965E-02 
7.38978E-02 
7.40977E-02 
7.42961E-02 
7.44909E-02 
7.46847E-02 
7.48778E-02 
7.50699E-02 
7.52607E-02 
7.54501E-02 
7.56377E-02 
7.58234E-02 
7.60070E-02 
7.61883E-02 
7.63671E-02 
7.65433E-02 
7.67167E-02 
8.98670E-02 
9.01014E-02 
9.03327E-02 
9.05613E-02 
9.07900E-02 
9.10185E-02 
9.12464E-02 
9.14223E-02 
9.14737E-02 
9.17176E-02 
9.19602E-02 
9.22011E-02 
9.24401E-02 
9.26748E-02 
9.29083E-02 
9.31410E-02 
9.33724E-02 
9.36024E-02 
9.38305E-02 
9.40566E-02 
9.42804E-02 
9.45015E-02 
9.47199E-02 
9.49354E-02 
9.51477E-02 
9.53567E-02 
1.07627E-01 
1.07899E-01 
1.08167E-01 
1.08433E-01 
1.08698E-01 
1.08963E-01 
1.09227E-01 
1.09431E-01 
1.09491E-01 
1.09774E-01 
1.10055E-01 
1.10335E-01 
1.10612E-01 
1.10884E-01 
1.11155E-01 
1.11425E-01 
1.11693E-01 
1.11960E-01 
1.12225E-01 
1.12487E-01 
1.12746E-01 
1.13003E-01 
1.13256E-01 
1.13506E-01 
1.13752E-01 
1.13995E-01 
1.25423E-01 
1.25730E-01 
1.26033E-01 
1.26333E-01 
1.26633E-01 
1.26932E-01 
1.27231E-01 
1.27461E-01 
1.27529E-01 
1.27848E-01 
1.28166E-01 
1.28482E-01 
1.28795E-01 
1.29102E-01 
1.29408E-01 
1.29713E-01 
1.30016E-01 
1.30318E-01 
1.30617E-01 
1.30913E-01 
1.31206E-01 
1.31496E-01 
1.31782E-01 
1.32064E-01 
1.32343E-01 
1.32616E-01 
1.43157E-01 
1.43497E-01 
1.43832E-01 
1.44164E-01 
1.44496E-01 
1.44827E-01 
1.45158E-01 
1.45413E-01 
1.45488E-01 
1.45842E-01 
1.46194E-01 
1.46543E-01 
1.46890E-01 
1.47231E-01 
1.47570E-01 
1.47907E-01 
1.48243E-01 
1.48577E-01 
1.48908E-01 
1.49236E-01 
1.49560E-01 
1.49881E-01 
1.50198E-01 
1.50511E-01 
1.50819E-01 
1.51122E-01 
1.60733E-01 
1.61103E-01 
1.61469E-01 
1.61831E-01 
1.62193E-01 
1.62554E-01 
1.62915E-01 
1.63193E-01 
1.63274E-01 
1.63660E-01 
1.64044E-01 
1.64425E-01 
1.64803E-01 
1.65174E-01 
1.65543E-01 
1.65911E-01 
1.66278E-01 
1.66641E-01 
1.67002E-01 
1.67360E-01 
1.67714E-01 
1.68064E-01 
1.68409E-01 
1.68750E-01 
1.69086E-01 
1.69416E-01 
1.78053E-01 
1.78452E-01 
1.78846E-01 
1.79235E-01 
1.79624E-01 
1.80013E-01 
1.80401E-01 
1.80701E-01 
1.80788E-01 
1.81204E-01 
1.81617E-01 
1.82027E-01 
1.82434E-01 
1.82833E-01 
1.83231E-01 
1.83627E-01 
1.84021E-01 
1.84413E-01 
1.84801E-01 
1.85186E-01 
1.85567E-01 
1.85944E-01 
1.86316E-01 
1.86682E-01 
1.87044E-01 
1.87400E-01 
1.95020E-01 
1.95445E-01 
1.95865E-01 
1.96279E-01 
1.96694E-01 
1.97108E-01 
1.97522E-01 
1.97841E-01 
1.97934E-01 
1.98376E-01 
1.98816E-01 
1.99253E-01 
1.99686E-01 
2.00112E-01 
2.00535E-01 
2.00957E-01 
2.01377E-01 
2.01794E-01 
2.02208E-01 
2.02618E-01 
2.03024E-01 
2.03425E-01 
2.03821E-01 
2.04212E-01 
2.04596E-01 
2.04976E-01 
2.11541E-01 
2.11990E-01 
2.12432E-01 
2.12870E-01 
2.13308E-01 
2.13745E-01 
2.14181E-01 
2.14518E-01 
2.14616E-01 
2.15083E-01 
2.15548E-01 
2.16009E-01 
2.16466E-01 
2.16916E-01 
2.17363E-01 
2.17808E-01 
2.18251E-01 
2.18691E-01 
2.19128E-01 
2.19561E-01 
2.19989E-01 
2.20412E-01 
2.20830E-01 
2.21243E-01 
2.21649E-01 
2.22049E-01 
2.27504E-01 
2.27974E-01 
2.28437E-01 
2.28896E-01 
2.29354E-01 
2.29812E-01 
2.30269E-01 
2.30622E-01 
2.30725E-01 
2.31214E-01 
2.31700E-01 
2.32183E-01 
2.32662E-01 
2.33132E-01 
2.33600E-01 
2.34067E-01 
2.34531E-01 
2.34992E-01 
2.35449E-01 
2.35902E-01 
2.36351E-01 
2.36794E-01 
2.37232E-01 
2.37664E-01 
2.38089E-01 
2.38508E-01 
---
