PdfType: replica
Format: lhagrid1
---
1.00000E-06 1.28121E-06 1.64152E-06 2.10317E-06 2.69463E-06 3.45242E-06 4.42329E-06 5.66715E-06 7.26076E-06 9.30241E-06 1.19180E-05 1.52689E-05 1.95617E-05 2.50609E-05 3.21053E-05 4.11287E-05 5.26863E-05 6.74889E-05 8.64459E-05 1.10720E-04 1.41800E-04 1.81585E-04 2.32503E-04 2.97652E-04 3.80981E-04 4.87518E-04 6.26039E-04 8.00452E-04 1.02297E-03 1.30657E-03 1.66759E-03 2.12729E-03 2.71054E-03 3.44865E-03 4.37927E-03 5.54908E-03 7.01192E-03 8.83064E-03 1.10763E-02 1.38266E-02 1.71641E-02 2.11717E-02 2.59364E-02 3.15062E-02 3.79623E-02 4.53425E-02 5.36750E-02 6.29705E-02 7.32221E-02 8.44039E-02 9.64793E-02 1.09332E-01 1.23067E-01 1.37507E-01 1.52639E-01 1.68416E-01 1.84794E-01 2.01731E-01 2.19016E-01 2.36948E-01 2.55242E-01 2.73927E-01 2.92954E-01 3.12340E-01 3.32036E-01 3.52019E-01 3.72282E-01 3.92772E-01 4.13533E-01 4.34326E-01 4.55495E-01 4.76836E-01 4.98342E-01 5.20006E-01 5.41818E-01 5.63773E-01 5.85861E-01 6.08077E-01 6.30459E-01 6.52800E-01 6.75387E-01 6.98063E-01 7.20830E-01 7.43683E-01 7.66623E-01 7.89636E-01 8.12791E-01 8.35940E-01 8.59175E-01 8.82485E-01 9.05866E-01 9.29311E-01 9.52817E-01 9.76387E-01 1.00000E+00 
1.14018E+00 1.22539E+00 1.32482E+00 1.44156E+00 1.57954E+00 1.74381E+00 1.94091E+00 2.12132E+00 2.17945E+00 2.49622E+00 2.89383E+00 3.39925E+00 4.05063E+00 4.90286E+00 6.03623E+00 7.57063E+00 9.68869E+00 1.26749E+01 1.69835E+01 2.33578E+01 3.30501E+01 4.82334E+01 7.28041E+01 1.13998E+02 1.85779E+02 3.16228E+02 
908
1.73318E-01 
1.69799E-01 
1.66337E-01 
1.62925E-01 
1.59522E-01 
1.56132E-01 
1.52760E-01 
1.50164E-01 
1.49408E-01 
1.45822E-01 
1.42268E-01 
1.38750E-01 
1.35271E-01 
1.31868E-01 
1.28494E-01 
1.25144E-01 
1.21823E-01 
1.18535E-01 
1.15284E-01 
1.12074E-01 
1.08909E-01 
1.05791E-01 
1.02723E-01 
9.97072E-02 
9.67457E-02 
9.38403E-02 
1.73317E-01 
1.69798E-01 
1.66336E-01 
1.62924E-01 
1.59521E-01 
1.56132E-01 
1.52759E-01 
1.50164E-01 
1.49408E-01 
1.45821E-01 
1.42267E-01 
1.38749E-01 
1.35270E-01 
1.31868E-01 
1.28493E-01 
1.25143E-01 
1.21822E-01 
1.18534E-01 
1.15284E-01 
1.12074E-01 
1.08909E-01 
1.05791E-01 
1.02723E-01 
9.97067E-02 
9.67453E-02 
9.38399E-02 
1.73316E-01 
1.69798E-01 
1.66335E-01 
1.62924E-01 
1.59521E-01 
1.56131E-01 
1.52759E-01 
1.50163E-01 
1.49407E-01 
1.45821E-01 
1.42267E-01 
1.38748E-01 
1.35270E-01 
1.31867E-01 
1.28493E-01 
1.25143E-01 
1.21821E-01 
1.18534E-01 
1.15283E-01 
1.12073E-01 
1.08908E-01 
1.05790E-01 
1.02722E-01 
9.97062E-02 
9.67447E-02 
9.38393E-02 
1.73316E-01 
1.69797E-01 
1.66335E-01 
1.62923E-01 
1.59520E-01 
1.56130E-01 
1.52758E-01 
1.50163E-01 
1.49406E-01 
1.45820E-01 
1.42266E-01 
1.38748E-01 
1.35269E-01 
1.31866E-01 
1.28492E-01 
1.25142E-01 
1.21821E-01 
1.18533E-01 
1.15282E-01 
1.12073E-01 
1.08907E-01 
1.05789E-01 
1.02721E-01 
9.97054E-02 
9.67439E-02 
9.38385E-02 
1.73315E-01 
1.69796E-01 
1.66334E-01 
1.62922E-01 
1.59519E-01 
1.56129E-01 
1.52757E-01 
1.50162E-01 
1.49405E-01 
1.45819E-01 
1.42265E-01 
1.38747E-01 
1.35268E-01 
1.31865E-01 
1.28491E-01 
1.25141E-01 
1.21820E-01 
1.18532E-01 
1.15281E-01 
1.12072E-01 
1.08906E-01 
1.05788E-01 
1.02720E-01 
9.97045E-02 
9.67430E-02 
9.38376E-02 
1.73313E-01 
1.69795E-01 
1.66332E-01 
1.62920E-01 
1.59518E-01 
1.56128E-01 
1.52756E-01 
1.50160E-01 
1.49404E-01 
1.45818E-01 
1.42264E-01 
1.38745E-01 
1.35267E-01 
1.31864E-01 
1.28490E-01 
1.25140E-01 
1.21819E-01 
1.18531E-01 
1.15280E-01 
1.12070E-01 
1.08905E-01 
1.05787E-01 
1.02719E-01 
9.97032E-02 
9.67418E-02 
9.38364E-02 
1.73312E-01 
1.69793E-01 
1.66331E-01 
1.62919E-01 
1.59516E-01 
1.56126E-01 
1.52754E-01 
1.50159E-01 
1.49402E-01 
1.45816E-01 
1.42262E-01 
1.38744E-01 
1.35265E-01 
1.31862E-01 
1.28488E-01 
1.25138E-01 
1.21817E-01 
1.18529E-01 
1.15278E-01 
1.12069E-01 
1.08904E-01 
1.05786E-01 
1.02717E-01 
9.97017E-02 
9.67402E-02 
9.38348E-02 
1.73310E-01 
1.69791E-01 
1.66329E-01 
1.62917E-01 
1.59514E-01 
1.56124E-01 
1.52752E-01 
1.50157E-01 
1.49400E-01 
1.45814E-01 
1.42260E-01 
1.38742E-01 
1.35263E-01 
1.31860E-01 
1.28486E-01 
1.25136E-01 
1.21815E-01 
1.18527E-01 
1.15276E-01 
1.12067E-01 
1.08902E-01 
1.05784E-01 
1.02715E-01 
9.96997E-02 
9.67382E-02 
9.38328E-02 
1.73307E-01 
1.69788E-01 
1.66326E-01 
1.62914E-01 
1.59511E-01 
1.56121E-01 
1.52749E-01 
1.50154E-01 
1.49398E-01 
1.45811E-01 
1.42257E-01 
1.38739E-01 
1.35260E-01 
1.31858E-01 
1.28483E-01 
1.25133E-01 
1.21812E-01 
1.18524E-01 
1.15274E-01 
1.12064E-01 
1.08899E-01 
1.05781E-01 
1.02713E-01 
9.96971E-02 
9.67356E-02 
9.38302E-02 
1.73303E-01 
1.69785E-01 
1.66322E-01 
1.62910E-01 
1.59508E-01 
1.56118E-01 
1.52746E-01 
1.50150E-01 
1.49394E-01 
1.45808E-01 
1.42254E-01 
1.38736E-01 
1.35257E-01 
1.31854E-01 
1.28480E-01 
1.25130E-01 
1.21809E-01 
1.18521E-01 
1.15270E-01 
1.12061E-01 
1.08896E-01 
1.05778E-01 
1.02710E-01 
9.96938E-02 
9.67323E-02 
9.38270E-02 
1.73299E-01 
1.69780E-01 
1.66318E-01 
1.62906E-01 
1.59503E-01 
1.56114E-01 
1.52741E-01 
1.50146E-01 
1.49390E-01 
1.45803E-01 
1.42249E-01 
1.38731E-01 
1.35253E-01 
1.31850E-01 
1.28476E-01 
1.25126E-01 
1.21805E-01 
1.18517E-01 
1.15266E-01 
1.12057E-01 
1.08891E-01 
1.05773E-01 
1.02705E-01 
9.96895E-02 
9.67281E-02 
9.38228E-02 
1.73293E-01 
1.69774E-01 
1.66312E-01 
1.62900E-01 
1.59497E-01 
1.56108E-01 
1.52735E-01 
1.50140E-01 
1.49384E-01 
1.45798E-01 
1.42244E-01 
1.38726E-01 
1.35247E-01 
1.31844E-01 
1.28470E-01 
1.25120E-01 
1.21799E-01 
1.18511E-01 
1.15261E-01 
1.12051E-01 
1.08886E-01 
1.05768E-01 
1.02700E-01 
9.96841E-02 
9.67227E-02 
9.38174E-02 
1.73286E-01 
1.69767E-01 
1.66305E-01 
1.62893E-01 
1.59490E-01 
1.56101E-01 
1.52728E-01 
1.50133E-01 
1.49377E-01 
1.45791E-01 
1.42237E-01 
1.38718E-01 
1.35240E-01 
1.31837E-01 
1.28463E-01 
1.25113E-01 
1.21792E-01 
1.18504E-01 
1.15254E-01 
1.12044E-01 
1.08879E-01 
1.05761E-01 
1.02693E-01 
9.96772E-02 
9.67158E-02 
9.38105E-02 
1.73276E-01 
1.69757E-01 
1.66295E-01 
1.62883E-01 
1.59481E-01 
1.56091E-01 
1.52719E-01 
1.50124E-01 
1.49367E-01 
1.45781E-01 
1.42227E-01 
1.38709E-01 
1.35231E-01 
1.31828E-01 
1.28454E-01 
1.25104E-01 
1.21783E-01 
1.18495E-01 
1.15245E-01 
1.12035E-01 
1.08870E-01 
1.05752E-01 
1.02684E-01 
9.96683E-02 
9.67069E-02 
9.38016E-02 
1.73264E-01 
1.69745E-01 
1.66283E-01 
1.62871E-01 
1.59469E-01 
1.56079E-01 
1.52707E-01 
1.50112E-01 
1.49356E-01 
1.45769E-01 
1.42215E-01 
1.38697E-01 
1.35219E-01 
1.31816E-01 
1.28442E-01 
1.25092E-01 
1.21771E-01 
1.18484E-01 
1.15233E-01 
1.12024E-01 
1.08858E-01 
1.05741E-01 
1.02673E-01 
9.96569E-02 
9.66956E-02 
9.37903E-02 
1.73248E-01 
1.69730E-01 
1.66268E-01 
1.62856E-01 
1.59453E-01 
1.56064E-01 
1.52692E-01 
1.50097E-01 
1.49340E-01 
1.45754E-01 
1.42200E-01 
1.38682E-01 
1.35204E-01 
1.31801E-01 
1.28427E-01 
1.25077E-01 
1.21756E-01 
1.18469E-01 
1.15218E-01 
1.12009E-01 
1.08844E-01 
1.05726E-01 
1.02658E-01 
9.96423E-02 
9.66810E-02 
9.37758E-02 
1.73228E-01 
1.69710E-01 
1.66248E-01 
1.62836E-01 
1.59434E-01 
1.56044E-01 
1.52672E-01 
1.50077E-01 
1.49321E-01 
1.45735E-01 
1.42181E-01 
1.38663E-01 
1.35184E-01 
1.31782E-01 
1.28408E-01 
1.25058E-01 
1.21737E-01 
1.18450E-01 
1.15199E-01 
1.11990E-01 
1.08825E-01 
1.05707E-01 
1.02639E-01 
9.96236E-02 
9.66624E-02 
9.37572E-02 
1.73203E-01 
1.69684E-01 
1.66223E-01 
1.62811E-01 
1.59408E-01 
1.56019E-01 
1.52647E-01 
1.50052E-01 
1.49296E-01 
1.45710E-01 
1.42156E-01 
1.38638E-01 
1.35160E-01 
1.31757E-01 
1.28383E-01 
1.25034E-01 
1.21713E-01 
1.18425E-01 
1.15175E-01 
1.11966E-01 
1.08801E-01 
1.05683E-01 
1.02615E-01 
9.95997E-02 
9.66385E-02 
9.37334E-02 
1.73170E-01 
1.69652E-01 
1.66190E-01 
1.62778E-01 
1.59376E-01 
1.55987E-01 
1.52615E-01 
1.50020E-01 
1.49264E-01 
1.45678E-01 
1.42124E-01 
1.38606E-01 
1.35128E-01 
1.31726E-01 
1.28352E-01 
1.25002E-01 
1.21682E-01 
1.18394E-01 
1.15144E-01 
1.11935E-01 
1.08770E-01 
1.05652E-01 
1.02584E-01 
9.95691E-02 
9.66079E-02 
9.37029E-02 
1.73128E-01 
1.69610E-01 
1.66148E-01 
1.62737E-01 
1.59335E-01 
1.55946E-01 
1.52574E-01 
1.49979E-01 
1.49223E-01 
1.45637E-01 
1.42083E-01 
1.38566E-01 
1.35088E-01 
1.31685E-01 
1.28312E-01 
1.24962E-01 
1.21642E-01 
1.18354E-01 
1.15104E-01 
1.11895E-01 
1.08730E-01 
1.05613E-01 
1.02545E-01 
9.95298E-02 
9.65688E-02 
9.36639E-02 
1.73075E-01 
1.69557E-01 
1.66095E-01 
1.62684E-01 
1.59282E-01 
1.55893E-01 
1.52521E-01 
1.49926E-01 
1.49170E-01 
1.45585E-01 
1.42031E-01 
1.38514E-01 
1.35036E-01 
1.31634E-01 
1.28260E-01 
1.24911E-01 
1.21590E-01 
1.18303E-01 
1.15053E-01 
1.11844E-01 
1.08680E-01 
1.05562E-01 
1.02495E-01 
9.94796E-02 
9.65187E-02 
9.36139E-02 
1.73006E-01 
1.69488E-01 
1.66027E-01 
1.62616E-01 
1.59214E-01 
1.55825E-01 
1.52454E-01 
1.49859E-01 
1.49103E-01 
1.45518E-01 
1.41964E-01 
1.38447E-01 
1.34969E-01 
1.31568E-01 
1.28194E-01 
1.24845E-01 
1.21525E-01 
1.18238E-01 
1.14988E-01 
1.11779E-01 
1.08615E-01 
1.05498E-01 
1.02430E-01 
9.94153E-02 
9.64546E-02 
9.35500E-02 
1.72918E-01 
1.69401E-01 
1.65940E-01 
1.62529E-01 
1.59127E-01 
1.55739E-01 
1.52367E-01 
1.49773E-01 
1.49017E-01 
1.45432E-01 
1.41879E-01 
1.38362E-01 
1.34884E-01 
1.31483E-01 
1.28110E-01 
1.24761E-01 
1.21441E-01 
1.18154E-01 
1.14905E-01 
1.11696E-01 
1.08532E-01 
1.05415E-01 
1.02348E-01 
9.93330E-02 
9.63725E-02 
9.34681E-02 
1.72806E-01 
1.69289E-01 
1.65828E-01 
1.62417E-01 
1.59016E-01 
1.55628E-01 
1.52257E-01 
1.49663E-01 
1.48907E-01 
1.45322E-01 
1.41770E-01 
1.38253E-01 
1.34776E-01 
1.31374E-01 
1.28002E-01 
1.24653E-01 
1.21333E-01 
1.18047E-01 
1.14798E-01 
1.11590E-01 
1.08426E-01 
1.05309E-01 
1.02242E-01 
9.92277E-02 
9.62675E-02 
9.33634E-02 
1.72662E-01 
1.69145E-01 
1.65685E-01 
1.62275E-01 
1.58874E-01 
1.55486E-01 
1.52116E-01 
1.49522E-01 
1.48766E-01 
1.45182E-01 
1.41630E-01 
1.38114E-01 
1.34637E-01 
1.31236E-01 
1.27864E-01 
1.24515E-01 
1.21196E-01 
1.17910E-01 
1.14661E-01 
1.11453E-01 
1.08290E-01 
1.05174E-01 
1.02107E-01 
9.90931E-02 
9.61333E-02 
9.32295E-02 
1.72478E-01 
1.68962E-01 
1.65502E-01 
1.62093E-01 
1.58692E-01 
1.55305E-01 
1.51935E-01 
1.49342E-01 
1.48586E-01 
1.45002E-01 
1.41451E-01 
1.37935E-01 
1.34459E-01 
1.31059E-01 
1.27687E-01 
1.24339E-01 
1.21020E-01 
1.17735E-01 
1.14487E-01 
1.11279E-01 
1.08116E-01 
1.05001E-01 
1.01935E-01 
9.89210E-02 
9.59617E-02 
9.30584E-02 
1.72240E-01 
1.68724E-01 
1.65265E-01 
1.61856E-01 
1.58457E-01 
1.55070E-01 
1.51701E-01 
1.49108E-01 
1.48352E-01 
1.44769E-01 
1.41219E-01 
1.37704E-01 
1.34228E-01 
1.30829E-01 
1.27457E-01 
1.24110E-01 
1.20792E-01 
1.17507E-01 
1.14260E-01 
1.11053E-01 
1.07891E-01 
1.04776E-01 
1.01710E-01 
9.86974E-02 
9.57387E-02 
9.28360E-02 
1.71939E-01 
1.68425E-01 
1.64966E-01 
1.61559E-01 
1.58160E-01 
1.54774E-01 
1.51406E-01 
1.48813E-01 
1.48058E-01 
1.44476E-01 
1.40926E-01 
1.37412E-01 
1.33937E-01 
1.30539E-01 
1.27168E-01 
1.23822E-01 
1.20505E-01 
1.17221E-01 
1.13974E-01 
1.10769E-01 
1.07607E-01 
1.04493E-01 
1.01428E-01 
9.84159E-02 
9.54580E-02 
9.25560E-02 
1.71556E-01 
1.68043E-01 
1.64586E-01 
1.61179E-01 
1.57781E-01 
1.54397E-01 
1.51029E-01 
1.48438E-01 
1.47683E-01 
1.44102E-01 
1.40553E-01 
1.37040E-01 
1.33567E-01 
1.30169E-01 
1.26800E-01 
1.23455E-01 
1.20139E-01 
1.16856E-01 
1.13610E-01 
1.10406E-01 
1.07245E-01 
1.04132E-01 
1.01068E-01 
9.80570E-02 
9.51000E-02 
9.21990E-02 
1.71068E-01 
1.67556E-01 
1.64101E-01 
1.60695E-01 
1.57299E-01 
1.53916E-01 
1.50550E-01 
1.47960E-01 
1.47205E-01 
1.43625E-01 
1.40078E-01 
1.36567E-01 
1.33095E-01 
1.29699E-01 
1.26331E-01 
1.22987E-01 
1.19673E-01 
1.16391E-01 
1.13147E-01 
1.09943E-01 
1.06784E-01 
1.03672E-01 
1.00610E-01 
9.75999E-02 
9.46442E-02 
9.17444E-02 
1.70447E-01 
1.66937E-01 
1.63484E-01 
1.60080E-01 
1.56686E-01 
1.53304E-01 
1.49940E-01 
1.47351E-01 
1.46597E-01 
1.43019E-01 
1.39474E-01 
1.35965E-01 
1.32494E-01 
1.29100E-01 
1.25734E-01 
1.22392E-01 
1.19079E-01 
1.15800E-01 
1.12557E-01 
1.09355E-01 
1.06198E-01 
1.03087E-01 
1.00027E-01 
9.70186E-02 
9.40644E-02 
9.11662E-02 
1.69658E-01 
1.66150E-01 
1.62699E-01 
1.59298E-01 
1.55905E-01 
1.52527E-01 
1.49165E-01 
1.46578E-01 
1.45824E-01 
1.42249E-01 
1.38706E-01 
1.35199E-01 
1.31731E-01 
1.28339E-01 
1.24975E-01 
1.21636E-01 
1.18325E-01 
1.15047E-01 
1.11807E-01 
1.08607E-01 
1.05452E-01 
1.02344E-01 
9.92855E-02 
9.62791E-02 
9.33270E-02 
9.04307E-02 
1.68658E-01 
1.65153E-01 
1.61705E-01 
1.58306E-01 
1.54917E-01 
1.51541E-01 
1.48182E-01 
1.45597E-01 
1.44844E-01 
1.41272E-01 
1.37732E-01 
1.34228E-01 
1.30763E-01 
1.27374E-01 
1.24014E-01 
1.20677E-01 
1.17369E-01 
1.14094E-01 
1.10857E-01 
1.07660E-01 
1.04507E-01 
1.01402E-01 
9.83460E-02 
9.53423E-02 
9.23927E-02 
8.94990E-02 
1.67394E-01 
1.63893E-01 
1.60449E-01 
1.57054E-01 
1.53668E-01 
1.50296E-01 
1.46941E-01 
1.44359E-01 
1.43606E-01 
1.40038E-01 
1.36502E-01 
1.33002E-01 
1.29541E-01 
1.26156E-01 
1.22799E-01 
1.19466E-01 
1.16162E-01 
1.12890E-01 
1.09656E-01 
1.06463E-01 
1.03314E-01 
1.00212E-01 
9.71594E-02 
9.41589E-02 
9.12125E-02 
8.83220E-02 
1.65804E-01 
1.62308E-01 
1.58868E-01 
1.55479E-01 
1.52098E-01 
1.48730E-01 
1.45379E-01 
1.42801E-01 
1.42050E-01 
1.38486E-01 
1.34955E-01 
1.31460E-01 
1.28004E-01 
1.24623E-01 
1.21271E-01 
1.17942E-01 
1.14643E-01 
1.11376E-01 
1.08146E-01 
1.04958E-01 
1.01813E-01 
9.87149E-02 
9.56666E-02 
9.26703E-02 
8.97280E-02 
8.68414E-02 
1.63811E-01 
1.60321E-01 
1.56888E-01 
1.53504E-01 
1.50129E-01 
1.46767E-01 
1.43422E-01 
1.40848E-01 
1.40098E-01 
1.36541E-01 
1.33016E-01 
1.29527E-01 
1.26077E-01 
1.22702E-01 
1.19355E-01 
1.16033E-01 
1.12739E-01 
1.09478E-01 
1.06254E-01 
1.03070E-01 
9.99311E-02 
9.68386E-02 
9.37957E-02 
9.08046E-02 
8.78674E-02 
8.49858E-02 
1.61328E-01 
1.57846E-01 
1.54419E-01 
1.51043E-01 
1.47675E-01 
1.44321E-01 
1.40983E-01 
1.38415E-01 
1.37666E-01 
1.34117E-01 
1.30600E-01 
1.27118E-01 
1.23675E-01 
1.20308E-01 
1.16968E-01 
1.13653E-01 
1.10366E-01 
1.07112E-01 
1.03896E-01 
1.00719E-01 
9.75866E-02 
9.45009E-02 
9.14646E-02 
8.84800E-02 
8.55492E-02 
8.26739E-02 
1.58254E-01 
1.54781E-01 
1.51364E-01 
1.47996E-01 
1.44638E-01 
1.41292E-01 
1.37964E-01 
1.35403E-01 
1.34656E-01 
1.31117E-01 
1.27609E-01 
1.24136E-01 
1.20703E-01 
1.17345E-01 
1.14014E-01 
1.10708E-01 
1.07430E-01 
1.04185E-01 
1.00977E-01 
9.78091E-02 
9.46850E-02 
9.16076E-02 
8.85795E-02 
8.56030E-02 
8.26802E-02 
7.98126E-02 
1.54479E-01 
1.51017E-01 
1.47612E-01 
1.44255E-01 
1.40908E-01 
1.37574E-01 
1.34257E-01 
1.31704E-01 
1.30960E-01 
1.27432E-01 
1.23936E-01 
1.20475E-01 
1.17053E-01 
1.13706E-01 
1.10387E-01 
1.07092E-01 
1.03825E-01 
1.00591E-01 
9.73932E-02 
9.42361E-02 
9.11224E-02 
8.80554E-02 
8.50374E-02 
8.20709E-02 
7.91578E-02 
7.62998E-02 
1.49886E-01 
1.46439E-01 
1.43047E-01 
1.39704E-01 
1.36371E-01 
1.33050E-01 
1.29747E-01 
1.27204E-01 
1.26463E-01 
1.22950E-01 
1.19468E-01 
1.16022E-01 
1.12614E-01 
1.09281E-01 
1.05975E-01 
1.02693E-01 
9.94399E-02 
9.62190E-02 
9.30346E-02 
8.98904E-02 
8.67896E-02 
8.37351E-02 
8.07295E-02 
7.77752E-02 
7.48740E-02 
7.20278E-02 
1.44357E-01 
1.40927E-01 
1.37553E-01 
1.34227E-01 
1.30910E-01 
1.27606E-01 
1.24319E-01 
1.21789E-01 
1.21052E-01 
1.17556E-01 
1.14092E-01 
1.10663E-01 
1.07272E-01 
1.03955E-01 
1.00666E-01 
9.74007E-02 
9.41634E-02 
9.09586E-02 
8.77902E-02 
8.46617E-02 
8.15763E-02 
7.85371E-02 
7.55465E-02 
7.26069E-02 
6.97202E-02 
6.68883E-02 
1.37784E-01 
1.34375E-01 
1.31021E-01 
1.27715E-01 
1.24418E-01 
1.21134E-01 
1.17866E-01 
1.15352E-01 
1.14619E-01 
1.11145E-01 
1.07701E-01 
1.04292E-01 
1.00922E-01 
9.76251E-02 
9.43559E-02 
9.11101E-02 
8.78923E-02 
8.47068E-02 
8.15573E-02 
7.84476E-02 
7.53808E-02 
7.23599E-02 
6.93873E-02 
6.64653E-02 
6.35960E-02 
6.07811E-02 
1.30062E-01 
1.26678E-01 
1.23347E-01 
1.20065E-01 
1.16792E-01 
1.13531E-01 
1.10287E-01 
1.07791E-01 
1.07063E-01 
1.03613E-01 
1.00195E-01 
9.68105E-02 
9.34642E-02 
9.01910E-02 
8.69452E-02 
8.37227E-02 
8.05279E-02 
7.73652E-02 
7.42384E-02 
7.11510E-02 
6.81062E-02 
6.51068E-02 
6.21555E-02 
5.92546E-02 
5.64058E-02 
5.36110E-02 
1.21163E-01 
1.17806E-01 
1.14504E-01 
1.11249E-01 
1.08003E-01 
1.04770E-01 
1.01554E-01 
9.90782E-02 
9.83568E-02 
9.49360E-02 
9.15460E-02 
8.81902E-02 
8.48720E-02 
8.16264E-02 
7.84079E-02 
7.52125E-02 
7.20446E-02 
6.89085E-02 
6.58080E-02 
6.27465E-02 
5.97273E-02 
5.67532E-02 
5.38267E-02 
5.09501E-02 
4.81254E-02 
4.53541E-02 
1.11017E-01 
1.07693E-01 
1.04423E-01 
1.01200E-01 
9.79863E-02 
9.47849E-02 
9.15996E-02 
8.91484E-02 
8.84341E-02 
8.50468E-02 
8.16900E-02 
7.83671E-02 
7.50814E-02 
7.18675E-02 
6.86805E-02 
6.55164E-02 
6.23796E-02 
5.92742E-02 
5.62040E-02 
5.31725E-02 
5.01829E-02 
4.72379E-02 
4.43401E-02 
4.14917E-02 
3.86945E-02 
3.59504E-02 
9.96407E-02 
9.63546E-02 
9.31213E-02 
8.99350E-02 
8.67571E-02 
8.35916E-02 
8.04422E-02 
7.80186E-02 
7.73123E-02 
7.39631E-02 
7.06441E-02 
6.73586E-02 
6.41098E-02 
6.09321E-02 
5.77810E-02 
5.46525E-02 
5.15509E-02 
4.84805E-02 
4.54448E-02 
4.24475E-02 
3.94915E-02 
3.65796E-02 
3.37144E-02 
3.08980E-02 
2.81324E-02 
2.54191E-02 
8.70799E-02 
8.38359E-02 
8.06439E-02 
7.74983E-02 
7.43610E-02 
7.12360E-02 
6.81268E-02 
6.57342E-02 
6.50370E-02 
6.17305E-02 
5.84539E-02 
5.52104E-02 
5.20031E-02 
4.88661E-02 
4.57552E-02 
4.26667E-02 
3.96048E-02 
3.65735E-02 
3.35767E-02 
3.06176E-02 
2.76994E-02 
2.48248E-02 
2.19962E-02 
1.92158E-02 
1.64855E-02 
1.38069E-02 
7.34189E-02 
7.02213E-02 
6.70752E-02 
6.39747E-02 
6.08825E-02 
5.78023E-02 
5.47378E-02 
5.23795E-02 
5.16923E-02 
4.84333E-02 
4.52037E-02 
4.20068E-02 
3.88456E-02 
3.57535E-02 
3.26873E-02 
2.96431E-02 
2.66251E-02 
2.36374E-02 
2.06836E-02 
1.77670E-02 
1.48907E-02 
1.20573E-02 
9.26930E-03 
6.52883E-03 
3.83771E-03 
1.19756E-03 
5.87783E-02 
5.56318E-02 
5.25358E-02 
4.94848E-02 
4.64419E-02 
4.34109E-02 
4.03952E-02 
3.80745E-02 
3.73983E-02 
3.41913E-02 
3.10132E-02 
2.78673E-02 
2.47565E-02 
2.17138E-02 
1.86965E-02 
1.57008E-02 
1.27310E-02 
9.79098E-03 
6.88427E-03 
4.01421E-03 
1.18376E-03 
-1.60440E-03 
-4.34792E-03 
-7.04467E-03 
-9.69286E-03 
-1.22909E-02 
4.33129E-02 
4.02217E-02 
3.71800E-02 
3.41826E-02 
3.11931E-02 
2.82153E-02 
2.52526E-02 
2.29726E-02 
2.23082E-02 
1.91575E-02 
1.60352E-02 
1.29445E-02 
9.88833E-03 
6.89902E-03 
3.93469E-03 
9.91608E-04 
-1.92608E-03 
-4.81452E-03 
-7.67021E-03 
-1.04899E-02 
-1.32707E-02 
-1.60099E-02 
-1.87053E-02 
-2.13547E-02 
-2.39564E-02 
-2.65088E-02 
2.71952E-02 
2.41631E-02 
2.11797E-02 
1.82396E-02 
1.53073E-02 
1.23865E-02 
9.48047E-03 
7.24413E-03 
6.59248E-03 
3.50209E-03 
4.39551E-04 
-2.59205E-03 
-5.58973E-03 
-8.52184E-03 
-1.14294E-02 
-1.43162E-02 
-1.71780E-02 
-2.00112E-02 
-2.28123E-02 
-2.55780E-02 
-2.83055E-02 
-3.09923E-02 
-3.36361E-02 
-3.62348E-02 
-3.87868E-02 
-4.12903E-02 
1.06974E-02 
7.72771E-03 
4.80569E-03 
1.92615E-03 
-9.45812E-04 
-3.80649E-03 
-6.65269E-03 
-8.84299E-03 
-9.48124E-03 
-1.25080E-02 
-1.55075E-02 
-1.84767E-02 
-2.14127E-02 
-2.42844E-02 
-2.71322E-02 
-2.99595E-02 
-3.27624E-02 
-3.55373E-02 
-3.82807E-02 
-4.09895E-02 
-4.36609E-02 
-4.62924E-02 
-4.88817E-02 
-5.14270E-02 
-5.39263E-02 
-5.63784E-02 
-6.19376E-03 
-9.09738E-03 
-1.19544E-02 
-1.47699E-02 
-1.75779E-02 
-2.03750E-02 
-2.31578E-02 
-2.52994E-02 
-2.59234E-02 
-2.88829E-02 
-3.18156E-02 
-3.47188E-02 
-3.75894E-02 
-4.03973E-02 
-4.31817E-02 
-4.59461E-02 
-4.86867E-02 
-5.13998E-02 
-5.40821E-02 
-5.67307E-02 
-5.93426E-02 
-6.19156E-02 
-6.44473E-02 
-6.69359E-02 
-6.93797E-02 
-7.17772E-02 
-2.31404E-02 
-2.59753E-02 
-2.87646E-02 
-3.15134E-02 
-3.42550E-02 
-3.69858E-02 
-3.97027E-02 
-4.17936E-02 
-4.24028E-02 
-4.52922E-02 
-4.81555E-02 
-5.09899E-02 
-5.37925E-02 
-5.65339E-02 
-5.92524E-02 
-6.19513E-02 
-6.46270E-02 
-6.72759E-02 
-6.98947E-02 
-7.24805E-02 
-7.50306E-02 
-7.75426E-02 
-8.00144E-02 
-8.24441E-02 
-8.48300E-02 
-8.71707E-02 
-4.00205E-02 
-4.27840E-02 
-4.55032E-02 
-4.81829E-02 
-5.08555E-02 
-5.35177E-02 
-5.61663E-02 
-5.82046E-02 
-5.87985E-02 
-6.16152E-02 
-6.44065E-02 
-6.71696E-02 
-6.99018E-02 
-7.25742E-02 
-7.52243E-02 
-7.78554E-02 
-8.04638E-02 
-8.30460E-02 
-8.55990E-02 
-8.81198E-02 
-9.06057E-02 
-9.30546E-02 
-9.54642E-02 
-9.78328E-02 
-1.00159E-01 
-1.02441E-01 
-5.66784E-02 
-5.93685E-02 
-6.20153E-02 
-6.46238E-02 
-6.72253E-02 
-6.98166E-02 
-7.23948E-02 
-7.43789E-02 
-7.49571E-02 
-7.76988E-02 
-8.04159E-02 
-8.31055E-02 
-8.57651E-02 
-8.83664E-02 
-9.09460E-02 
-9.35072E-02 
-9.60462E-02 
-9.85598E-02 
-1.01045E-01 
-1.03499E-01 
-1.05918E-01 
-1.08302E-01 
-1.10648E-01 
-1.12953E-01 
-1.15217E-01 
-1.17439E-01 
-7.29718E-02 
-7.55864E-02 
-7.81592E-02 
-8.06945E-02 
-8.32231E-02 
-8.57418E-02 
-8.82478E-02 
-9.01763E-02 
-9.07382E-02 
-9.34031E-02 
-9.60441E-02 
-9.86583E-02 
-1.01243E-01 
-1.03772E-01 
-1.06279E-01 
-1.08768E-01 
-1.11236E-01 
-1.13679E-01 
-1.16095E-01 
-1.18480E-01 
-1.20832E-01 
-1.23149E-01 
-1.25429E-01 
-1.27670E-01 
-1.29870E-01 
-1.32029E-01 
-8.87707E-02 
-9.13084E-02 
-9.38053E-02 
-9.62660E-02 
-9.87202E-02 
-1.01165E-01 
-1.03597E-01 
-1.05469E-01 
-1.06014E-01 
-1.08600E-01 
-1.11164E-01 
-1.13701E-01 
-1.16210E-01 
-1.18664E-01 
-1.21097E-01 
-1.23513E-01 
-1.25909E-01 
-1.28280E-01 
-1.30624E-01 
-1.32939E-01 
-1.35222E-01 
-1.37470E-01 
-1.39683E-01 
-1.41858E-01 
-1.43994E-01 
-1.46089E-01 
-1.03814E-01 
-1.06274E-01 
-1.08695E-01 
-1.11081E-01 
-1.13460E-01 
-1.15830E-01 
-1.18187E-01 
-1.20002E-01 
-1.20531E-01 
-1.23038E-01 
-1.25523E-01 
-1.27983E-01 
-1.30415E-01 
-1.32794E-01 
-1.35153E-01 
-1.37495E-01 
-1.39817E-01 
-1.42116E-01 
-1.44389E-01 
-1.46633E-01 
-1.48846E-01 
-1.51026E-01 
-1.53171E-01 
-1.55279E-01 
-1.57350E-01 
-1.59381E-01 
-1.18292E-01 
-1.20673E-01 
-1.23015E-01 
-1.25324E-01 
-1.27626E-01 
-1.29919E-01 
-1.32201E-01 
-1.33957E-01 
-1.34469E-01 
-1.36895E-01 
-1.39300E-01 
-1.41680E-01 
-1.44034E-01 
-1.46336E-01 
-1.48619E-01 
-1.50886E-01 
-1.53133E-01 
-1.55358E-01 
-1.57557E-01 
-1.59729E-01 
-1.61870E-01 
-1.63980E-01 
-1.66056E-01 
-1.68096E-01 
-1.70100E-01 
-1.72066E-01 
-1.31902E-01 
-1.34203E-01 
-1.36467E-01 
-1.38698E-01 
-1.40923E-01 
-1.43140E-01 
-1.45345E-01 
-1.47042E-01 
-1.47537E-01 
-1.49882E-01 
-1.52206E-01 
-1.54506E-01 
-1.56781E-01 
-1.59006E-01 
-1.61213E-01 
-1.63403E-01 
-1.65575E-01 
-1.67725E-01 
-1.69851E-01 
-1.71949E-01 
-1.74019E-01 
-1.76058E-01 
-1.78064E-01 
-1.80036E-01 
-1.81973E-01 
-1.83873E-01 
-1.44621E-01 
-1.46842E-01 
-1.49027E-01 
-1.51180E-01 
-1.53327E-01 
-1.55467E-01 
-1.57595E-01 
-1.59233E-01 
-1.59710E-01 
-1.61973E-01 
-1.64216E-01 
-1.66436E-01 
-1.68632E-01 
-1.70779E-01 
-1.72908E-01 
-1.75022E-01 
-1.77118E-01 
-1.79193E-01 
-1.81245E-01 
-1.83270E-01 
-1.85268E-01 
-1.87235E-01 
-1.89171E-01 
-1.91075E-01 
-1.92944E-01 
-1.94777E-01 
-1.56375E-01 
-1.58515E-01 
-1.60621E-01 
-1.62696E-01 
-1.64765E-01 
-1.66827E-01 
-1.68878E-01 
-1.70456E-01 
-1.70916E-01 
-1.73097E-01 
-1.75258E-01 
-1.77398E-01 
-1.79514E-01 
-1.81583E-01 
-1.83635E-01 
-1.85673E-01 
-1.87693E-01 
-1.89692E-01 
-1.91669E-01 
-1.93621E-01 
-1.95546E-01 
-1.97442E-01 
-1.99308E-01 
-2.01142E-01 
-2.02944E-01 
-2.04710E-01 
-1.67137E-01 
-1.69196E-01 
-1.71222E-01 
-1.73219E-01 
-1.75210E-01 
-1.77194E-01 
-1.79168E-01 
-1.80686E-01 
-1.81129E-01 
-1.83228E-01 
-1.85307E-01 
-1.87366E-01 
-1.89402E-01 
-1.91393E-01 
-1.93368E-01 
-1.95328E-01 
-1.97272E-01 
-1.99196E-01 
-2.01098E-01 
-2.02976E-01 
-2.04829E-01 
-2.06653E-01 
-2.08449E-01 
-2.10214E-01 
-2.11947E-01 
-2.13647E-01 
-1.76850E-01 
-1.78828E-01 
-1.80774E-01 
-1.82693E-01 
-1.84606E-01 
-1.86512E-01 
-1.88408E-01 
-1.89867E-01 
-1.90292E-01 
-1.92309E-01 
-1.94307E-01 
-1.96285E-01 
-1.98241E-01 
-2.00154E-01 
-2.02051E-01 
-2.03934E-01 
-2.05802E-01 
-2.07650E-01 
-2.09478E-01 
-2.11282E-01 
-2.13062E-01 
-2.14815E-01 
-2.16540E-01 
-2.18236E-01 
-2.19901E-01 
-2.21534E-01 
-1.85478E-01 
-1.87376E-01 
-1.89243E-01 
-1.91083E-01 
-1.92919E-01 
-1.94747E-01 
-1.96566E-01 
-1.97965E-01 
-1.98373E-01 
-2.00307E-01 
-2.02224E-01 
-2.04122E-01 
-2.05998E-01 
-2.07833E-01 
-2.09653E-01 
-2.11460E-01 
-2.13251E-01 
-2.15024E-01 
-2.16777E-01 
-2.18508E-01 
-2.20215E-01 
-2.21897E-01 
-2.23552E-01 
-2.25178E-01 
-2.26775E-01 
-2.28342E-01 
-1.93003E-01 
-1.94820E-01 
-1.96609E-01 
-1.98371E-01 
-2.00128E-01 
-2.01879E-01 
-2.03621E-01 
-2.04961E-01 
-2.05352E-01 
-2.07204E-01 
-2.09040E-01 
-2.10857E-01 
-2.12654E-01 
-2.14411E-01 
-2.16154E-01 
-2.17884E-01 
-2.19600E-01 
-2.21298E-01 
-2.22977E-01 
-2.24634E-01 
-2.26269E-01 
-2.27880E-01 
-2.29464E-01 
-2.31022E-01 
-2.32552E-01 
-2.34052E-01 
-1.99394E-01 
-2.01132E-01 
-2.02841E-01 
-2.04526E-01 
-2.06207E-01 
-2.07881E-01 
-2.09546E-01 
-2.10827E-01 
-2.11201E-01 
-2.12972E-01 
-2.14727E-01 
-2.16464E-01 
-2.18182E-01 
-2.19862E-01 
-2.21529E-01 
-2.23183E-01 
-2.24823E-01 
-2.26446E-01 
-2.28052E-01 
-2.29637E-01 
-2.31200E-01 
-2.32739E-01 
-2.34254E-01 
-2.35744E-01 
-2.37206E-01 
-2.38641E-01 
-2.04659E-01 
-2.06317E-01 
-2.07948E-01 
-2.09556E-01 
-2.11160E-01 
-2.12757E-01 
-2.14346E-01 
-2.15569E-01 
-2.15926E-01 
-2.17616E-01 
-2.19291E-01 
-2.20949E-01 
-2.22588E-01 
-2.24191E-01 
-2.25782E-01 
-2.27360E-01 
-2.28925E-01 
-2.30475E-01 
-2.32007E-01 
-2.33519E-01 
-2.35011E-01 
-2.36480E-01 
-2.37926E-01 
-2.39347E-01 
-2.40743E-01 
-2.42112E-01 
-2.08748E-01 
-2.10328E-01 
-2.11883E-01 
-2.13415E-01 
-2.14943E-01 
-2.16465E-01 
-2.17979E-01 
-2.19145E-01 
-2.19485E-01 
-2.21095E-01 
-2.22691E-01 
-2.24271E-01 
-2.25833E-01 
-2.27361E-01 
-2.28877E-01 
-2.30381E-01 
-2.31872E-01 
-2.33349E-01 
-2.34809E-01 
-2.36250E-01 
-2.37671E-01 
-2.39072E-01 
-2.40449E-01 
-2.41804E-01 
-2.43134E-01 
-2.44438E-01 
-2.11734E-01 
-2.13236E-01 
-2.14714E-01 
-2.16171E-01 
-2.17623E-01 
-2.19071E-01 
-2.20510E-01 
-2.21618E-01 
-2.21941E-01 
-2.23472E-01 
-2.24990E-01 
-2.26492E-01 
-2.27977E-01 
-2.29430E-01 
-2.30870E-01 
-2.32300E-01 
-2.33718E-01 
-2.35122E-01 
-2.36510E-01 
-2.37880E-01 
-2.39231E-01 
-2.40562E-01 
-2.41872E-01 
-2.43160E-01 
-2.44424E-01 
-2.45665E-01 
-2.13583E-01 
-2.15009E-01 
-2.16411E-01 
-2.17793E-01 
-2.19171E-01 
-2.20544E-01 
-2.21910E-01 
-2.22961E-01 
-2.23268E-01 
-2.24720E-01 
-2.26160E-01 
-2.27585E-01 
-2.28994E-01 
-2.30372E-01 
-2.31739E-01 
-2.33096E-01 
-2.34441E-01 
-2.35773E-01 
-2.37090E-01 
-2.38390E-01 
-2.39672E-01 
-2.40935E-01 
-2.42177E-01 
-2.43399E-01 
-2.44598E-01 
-2.45775E-01 
-2.14311E-01 
-2.15660E-01 
-2.16988E-01 
-2.18296E-01 
-2.19601E-01 
-2.20900E-01 
-2.22194E-01 
-2.23189E-01 
-2.23479E-01 
-2.24854E-01 
-2.26217E-01 
-2.27566E-01 
-2.28900E-01 
-2.30204E-01 
-2.31498E-01 
-2.32783E-01 
-2.34056E-01 
-2.35317E-01 
-2.36564E-01 
-2.37794E-01 
-2.39008E-01 
-2.40204E-01 
-2.41380E-01 
-2.42536E-01 
-2.43672E-01 
-2.44786E-01 
-2.13933E-01 
-2.15208E-01 
-2.16461E-01 
-2.17697E-01 
-2.18929E-01 
-2.20157E-01 
-2.21378E-01 
-2.22318E-01 
-2.22592E-01 
-2.23891E-01 
-2.25178E-01 
-2.26452E-01 
-2.27712E-01 
-2.28944E-01 
-2.30166E-01 
-2.31379E-01 
-2.32582E-01 
-2.33773E-01 
-2.34950E-01 
-2.36112E-01 
-2.37259E-01 
-2.38388E-01 
-2.39499E-01 
-2.40591E-01 
-2.41663E-01 
-2.42716E-01 
-2.12472E-01 
-2.13672E-01 
-2.14853E-01 
-2.16017E-01 
-2.17178E-01 
-2.18335E-01 
-2.19485E-01 
-2.20371E-01 
-2.20629E-01 
-2.21852E-01 
-2.23065E-01 
-2.24265E-01 
-2.25452E-01 
-2.26613E-01 
-2.27764E-01 
-2.28907E-01 
-2.30040E-01 
-2.31162E-01 
-2.32271E-01 
-2.33366E-01 
-2.34445E-01 
-2.35509E-01 
-2.36556E-01 
-2.37585E-01 
-2.38595E-01 
-2.39586E-01 
-2.09950E-01 
-2.11077E-01 
-2.12187E-01 
-2.13281E-01 
-2.14371E-01 
-2.15458E-01 
-2.16539E-01 
-2.17370E-01 
-2.17613E-01 
-2.18762E-01 
-2.19901E-01 
-2.21029E-01 
-2.22144E-01 
-2.23235E-01 
-2.24316E-01 
-2.25390E-01 
-2.26454E-01 
-2.27508E-01 
-2.28550E-01 
-2.29579E-01 
-2.30593E-01 
-2.31593E-01 
-2.32576E-01 
-2.33543E-01 
-2.34492E-01 
-2.35423E-01 
-2.06394E-01 
-2.07451E-01 
-2.08490E-01 
-2.09515E-01 
-2.10536E-01 
-2.11554E-01 
-2.12566E-01 
-2.13345E-01 
-2.13572E-01 
-2.14649E-01 
-2.15716E-01 
-2.16772E-01 
-2.17817E-01 
-2.18838E-01 
-2.19851E-01 
-2.20857E-01 
-2.21854E-01 
-2.22841E-01 
-2.23817E-01 
-2.24780E-01 
-2.25731E-01 
-2.26667E-01 
-2.27588E-01 
-2.28493E-01 
-2.29382E-01 
-2.30254E-01 
-2.01836E-01 
-2.02822E-01 
-2.03792E-01 
-2.04749E-01 
-2.05702E-01 
-2.06652E-01 
-2.07598E-01 
-2.08325E-01 
-2.08537E-01 
-2.09542E-01 
-2.10538E-01 
-2.11524E-01 
-2.12499E-01 
-2.13453E-01 
-2.14399E-01 
-2.15338E-01 
-2.16268E-01 
-2.17190E-01 
-2.18101E-01 
-2.19000E-01 
-2.19888E-01 
-2.20762E-01 
-2.21621E-01 
-2.22467E-01 
-2.23297E-01 
-2.24111E-01 
-1.96294E-01 
-1.97211E-01 
-1.98113E-01 
-1.99003E-01 
-1.99890E-01 
-2.00773E-01 
-2.01653E-01 
-2.02329E-01 
-2.02526E-01 
-2.03461E-01 
-2.04388E-01 
-2.05305E-01 
-2.06211E-01 
-2.07098E-01 
-2.07978E-01 
-2.08851E-01 
-2.09717E-01 
-2.10574E-01 
-2.11421E-01 
-2.12258E-01 
-2.13083E-01 
-2.13896E-01 
-2.14696E-01 
-2.15482E-01 
-2.16254E-01 
-2.17011E-01 
-1.89860E-01 
-1.90710E-01 
-1.91546E-01 
-1.92371E-01 
-1.93193E-01 
-1.94012E-01 
-1.94826E-01 
-1.95453E-01 
-1.95636E-01 
-1.96503E-01 
-1.97361E-01 
-1.98211E-01 
-1.99052E-01 
-1.99874E-01 
-2.00689E-01 
-2.01498E-01 
-2.02301E-01 
-2.03095E-01 
-2.03880E-01 
-2.04656E-01 
-2.05421E-01 
-2.06174E-01 
-2.06915E-01 
-2.07644E-01 
-2.08359E-01 
-2.09061E-01 
-1.82488E-01 
-1.83272E-01 
-1.84043E-01 
-1.84803E-01 
-1.85562E-01 
-1.86317E-01 
-1.87068E-01 
-1.87646E-01 
-1.87815E-01 
-1.88614E-01 
-1.89406E-01 
-1.90190E-01 
-1.90965E-01 
-1.91723E-01 
-1.92475E-01 
-1.93221E-01 
-1.93961E-01 
-1.94694E-01 
-1.95418E-01 
-1.96133E-01 
-1.96838E-01 
-1.97533E-01 
-1.98217E-01 
-1.98889E-01 
-1.99549E-01 
-2.00196E-01 
-1.74259E-01 
-1.74979E-01 
-1.75687E-01 
-1.76384E-01 
-1.77080E-01 
-1.77773E-01 
-1.78462E-01 
-1.78993E-01 
-1.79148E-01 
-1.79881E-01 
-1.80607E-01 
-1.81327E-01 
-1.82038E-01 
-1.82734E-01 
-1.83423E-01 
-1.84108E-01 
-1.84787E-01 
-1.85459E-01 
-1.86124E-01 
-1.86780E-01 
-1.87427E-01 
-1.88065E-01 
-1.88692E-01 
-1.89309E-01 
-1.89914E-01 
-1.90508E-01 
-1.65215E-01 
-1.65871E-01 
-1.66517E-01 
-1.67153E-01 
-1.67788E-01 
-1.68420E-01 
-1.69049E-01 
-1.69533E-01 
-1.69674E-01 
-1.70343E-01 
-1.71006E-01 
-1.71662E-01 
-1.72311E-01 
-1.72946E-01 
-1.73575E-01 
-1.74200E-01 
-1.74819E-01 
-1.75432E-01 
-1.76039E-01 
-1.76637E-01 
-1.77228E-01 
-1.77809E-01 
-1.78381E-01 
-1.78944E-01 
-1.79496E-01 
-1.80038E-01 
-1.55397E-01 
-1.55992E-01 
-1.56577E-01 
-1.57154E-01 
-1.57729E-01 
-1.58302E-01 
-1.58872E-01 
-1.59311E-01 
-1.59439E-01 
-1.60045E-01 
-1.60646E-01 
-1.61240E-01 
-1.61828E-01 
-1.62403E-01 
-1.62974E-01 
-1.63540E-01 
-1.64101E-01 
-1.64657E-01 
-1.65206E-01 
-1.65749E-01 
-1.66284E-01 
-1.66811E-01 
-1.67330E-01 
-1.67839E-01 
-1.68340E-01 
-1.68831E-01 
-1.44851E-01 
-1.45385E-01 
-1.45912E-01 
-1.46430E-01 
-1.46947E-01 
-1.47462E-01 
-1.47975E-01 
-1.48369E-01 
-1.48484E-01 
-1.49029E-01 
-1.49570E-01 
-1.50104E-01 
-1.50633E-01 
-1.51150E-01 
-1.51663E-01 
-1.52172E-01 
-1.52677E-01 
-1.53176E-01 
-1.53670E-01 
-1.54158E-01 
-1.54639E-01 
-1.55113E-01 
-1.55579E-01 
-1.56038E-01 
-1.56488E-01 
-1.56929E-01 
-1.33625E-01 
-1.34102E-01 
-1.34571E-01 
-1.35033E-01 
-1.35493E-01 
-1.35952E-01 
-1.36409E-01 
-1.36760E-01 
-1.36863E-01 
-1.37348E-01 
-1.37830E-01 
-1.38306E-01 
-1.38777E-01 
-1.39238E-01 
-1.39694E-01 
-1.40148E-01 
-1.40598E-01 
-1.41043E-01 
-1.41483E-01 
-1.41918E-01 
-1.42346E-01 
-1.42768E-01 
-1.43184E-01 
-1.43592E-01 
-1.43993E-01 
-1.44386E-01 
-1.21732E-01 
-1.22152E-01 
-1.22565E-01 
-1.22972E-01 
-1.23377E-01 
-1.23781E-01 
-1.24184E-01 
-1.24493E-01 
-1.24583E-01 
-1.25011E-01 
-1.25435E-01 
-1.25854E-01 
-1.26269E-01 
-1.26675E-01 
-1.27077E-01 
-1.27476E-01 
-1.27872E-01 
-1.28264E-01 
-1.28652E-01 
-1.29035E-01 
-1.29412E-01 
-1.29784E-01 
-1.30150E-01 
-1.30509E-01 
-1.30863E-01 
-1.31209E-01 
-1.09295E-01 
-1.09660E-01 
-1.10019E-01 
-1.10372E-01 
-1.10725E-01 
-1.11076E-01 
-1.11425E-01 
-1.11694E-01 
-1.11772E-01 
-1.12144E-01 
-1.12512E-01 
-1.12877E-01 
-1.13237E-01 
-1.13590E-01 
-1.13939E-01 
-1.14286E-01 
-1.14630E-01 
-1.14971E-01 
-1.15308E-01 
-1.15640E-01 
-1.15968E-01 
-1.16291E-01 
-1.16609E-01 
-1.16922E-01 
-1.17228E-01 
-1.17529E-01 
-9.63160E-02 
-9.66272E-02 
-9.69334E-02 
-9.72351E-02 
-9.75361E-02 
-9.78359E-02 
-9.81341E-02 
-9.83636E-02 
-9.84305E-02 
-9.87477E-02 
-9.90620E-02 
-9.93731E-02 
-9.96808E-02 
-9.99817E-02 
-1.00280E-01 
-1.00576E-01 
-1.00870E-01 
-1.01161E-01 
-1.01448E-01 
-1.01732E-01 
-1.02012E-01 
-1.02288E-01 
-1.02559E-01 
-1.02826E-01 
-1.03088E-01 
-1.03345E-01 
-8.28496E-02 
-8.31091E-02 
-8.33644E-02 
-8.36161E-02 
-8.38670E-02 
-8.41170E-02 
-8.43658E-02 
-8.45572E-02 
-8.46129E-02 
-8.48775E-02 
-8.51396E-02 
-8.53991E-02 
-8.56556E-02 
-8.59066E-02 
-8.61554E-02 
-8.64025E-02 
-8.66475E-02 
-8.68900E-02 
-8.71297E-02 
-8.73664E-02 
-8.75999E-02 
-8.78298E-02 
-8.80561E-02 
-8.82786E-02 
-8.84970E-02 
-8.87113E-02 
-6.89489E-02 
-6.91584E-02 
-6.93646E-02 
-6.95678E-02 
-6.97705E-02 
-6.99724E-02 
-7.01732E-02 
-7.03278E-02 
-7.03728E-02 
-7.05864E-02 
-7.07981E-02 
-7.10076E-02 
-7.12148E-02 
-7.14175E-02 
-7.16184E-02 
-7.18180E-02 
-7.20158E-02 
-7.22116E-02 
-7.24052E-02 
-7.25963E-02 
-7.27849E-02 
-7.29706E-02 
-7.31533E-02 
-7.33329E-02 
-7.35093E-02 
-7.36823E-02 
-5.46699E-02 
-5.48313E-02 
-5.49901E-02 
-5.51466E-02 
-5.53026E-02 
-5.54581E-02 
-5.56127E-02 
-5.57317E-02 
-5.57664E-02 
-5.59309E-02 
-5.60939E-02 
-5.62552E-02 
-5.64147E-02 
-5.65708E-02 
-5.67255E-02 
-5.68791E-02 
-5.70314E-02 
-5.71822E-02 
-5.73313E-02 
-5.74785E-02 
-5.76236E-02 
-5.77666E-02 
-5.79073E-02 
-5.80456E-02 
-5.81814E-02 
-5.83147E-02 
-4.00676E-02 
-4.01826E-02 
-4.02957E-02 
-4.04071E-02 
-4.05183E-02 
-4.06290E-02 
-4.07391E-02 
-4.08239E-02 
-4.08486E-02 
-4.09657E-02 
-4.10818E-02 
-4.11967E-02 
-4.13104E-02 
-4.14215E-02 
-4.15317E-02 
-4.16412E-02 
-4.17496E-02 
-4.18570E-02 
-4.19632E-02 
-4.20680E-02 
-4.21714E-02 
-4.22733E-02 
-4.23735E-02 
-4.24720E-02 
-4.25687E-02 
-4.26636E-02 
-2.51939E-02 
-2.52642E-02 
-2.53333E-02 
-2.54015E-02 
-2.54695E-02 
-2.55372E-02 
-2.56045E-02 
-2.56564E-02 
-2.56715E-02 
-2.57431E-02 
-2.58141E-02 
-2.58844E-02 
-2.59539E-02 
-2.60218E-02 
-2.60892E-02 
-2.61562E-02 
-2.62225E-02 
-2.62882E-02 
-2.63531E-02 
-2.64172E-02 
-2.64804E-02 
-2.65427E-02 
-2.66040E-02 
-2.66642E-02 
-2.67234E-02 
-2.67814E-02 
-1.01170E-02 
-1.01444E-02 
-1.01715E-02 
-1.01981E-02 
-1.02247E-02 
-1.02511E-02 
-1.02774E-02 
-1.02977E-02 
-1.03036E-02 
-1.03316E-02 
-1.03593E-02 
-1.03868E-02 
-1.04140E-02 
-1.04405E-02 
-1.04669E-02 
-1.04930E-02 
-1.05190E-02 
-1.05446E-02 
-1.05700E-02 
-1.05950E-02 
-1.06198E-02 
-1.06441E-02 
-1.06680E-02 
-1.06916E-02 
-1.07147E-02 
-1.07374E-02 
---
