PdfType: replica
Format: lhagrid1
---
1.00000E-06 1.28121E-06 1.64152E-06 2.10317E-06 2.69463E-06 3.45242E-06 4.42329E-06 5.66715E-06 7.26076E-06 9.30241E-06 1.19180E-05 1.52689E-05 1.95617E-05 2.50609E-05 3.21053E-05 4.11287E-05 5.26863E-05 6.74889E-05 8.64459E-05 1.10720E-04 1.41800E-04 1.81585E-04 2.32503E-04 2.97652E-04 3.80981E-04 4.87518E-04 6.26039E-04 8.00452E-04 1.02297E-03 1.30657E-03 1.66759E-03 2.12729E-03 2.71054E-03 3.44865E-03 4.37927E-03 5.54908E-03 7.01192E-03 8.83064E-03 1.10763E-02 1.38266E-02 1.71641E-02 2.11717E-02 2.59364E-02 3.15062E-02 3.79623E-02 4.53425E-02 5.36750E-02 6.29705E-02 7.32221E-02 8.44039E-02 9.64793E-02 1.09332E-01 1.23067E-01 1.37507E-01 1.52639E-01 1.68416E-01 1.84794E-01 2.01731E-01 2.19016E-01 2.36948E-01 2.55242E-01 2.73927E-01 2.92954E-01 3.12340E-01 3.32036E-01 3.52019E-01 3.72282E-01 3.92772E-01 4.13533E-01 4.34326E-01 4.55495E-01 4.76836E-01 4.98342E-01 5.20006E-01 5.41818E-01 5.63773E-01 5.85861E-01 6.08077E-01 6.30459E-01 6.52800E-01 6.75387E-01 6.98063E-01 7.20830E-01 7.43683E-01 7.66623E-01 7.89636E-01 8.12791E-01 8.35940E-01 8.59175E-01 8.82485E-01 9.05866E-01 9.29311E-01 9.52817E-01 9.76387E-01 1.00000E+00 
1.14018E+00 1.22539E+00 1.32482E+00 1.44156E+00 1.57954E+00 1.74381E+00 1.94091E+00 2.12132E+00 2.17945E+00 2.49622E+00 2.89383E+00 3.39925E+00 4.05063E+00 4.90286E+00 6.03623E+00 7.57063E+00 9.68869E+00 1.26749E+01 1.69835E+01 2.33578E+01 3.30501E+01 4.82334E+01 7.28041E+01 1.13998E+02 1.85779E+02 3.16228E+02 
908
2.27364E-01 
1.84511E-01 
1.53481E-01 
1.29986E-01 
1.11405E-01 
9.63833E-02 
8.40229E-02 
7.58844E-02 
7.37031E-02 
6.43567E-02 
5.64688E-02 
4.97450E-02 
4.39648E-02 
3.90074E-02 
3.46631E-02 
3.08296E-02 
2.74351E-02 
2.44204E-02 
2.17358E-02 
1.93398E-02 
1.71970E-02 
1.52772E-02 
1.35546E-02 
1.20070E-02 
1.06150E-02 
9.36180E-03 
2.27363E-01 
1.84510E-01 
1.53481E-01 
1.29986E-01 
1.11404E-01 
9.63832E-02 
8.40228E-02 
7.58843E-02 
7.37030E-02 
6.43566E-02 
5.64688E-02 
4.97450E-02 
4.39647E-02 
3.90074E-02 
3.46631E-02 
3.08296E-02 
2.74351E-02 
2.44204E-02 
2.17358E-02 
1.93398E-02 
1.71970E-02 
1.52772E-02 
1.35547E-02 
1.20070E-02 
1.06150E-02 
9.36183E-03 
2.27363E-01 
1.84510E-01 
1.53481E-01 
1.29986E-01 
1.11404E-01 
9.63830E-02 
8.40226E-02 
7.58841E-02 
7.37028E-02 
6.43565E-02 
5.64687E-02 
4.97449E-02 
4.39647E-02 
3.90074E-02 
3.46631E-02 
3.08295E-02 
2.74351E-02 
2.44204E-02 
2.17358E-02 
1.93398E-02 
1.71970E-02 
1.52772E-02 
1.35547E-02 
1.20071E-02 
1.06151E-02 
9.36188E-03 
2.27362E-01 
1.84509E-01 
1.53480E-01 
1.29985E-01 
1.11404E-01 
9.63827E-02 
8.40224E-02 
7.58839E-02 
7.37027E-02 
6.43563E-02 
5.64686E-02 
4.97448E-02 
4.39646E-02 
3.90073E-02 
3.46630E-02 
3.08295E-02 
2.74351E-02 
2.44204E-02 
2.17359E-02 
1.93398E-02 
1.71970E-02 
1.52773E-02 
1.35547E-02 
1.20071E-02 
1.06151E-02 
9.36193E-03 
2.27361E-01 
1.84509E-01 
1.53479E-01 
1.29985E-01 
1.11403E-01 
9.63824E-02 
8.40221E-02 
7.58837E-02 
7.37024E-02 
6.43561E-02 
5.64684E-02 
4.97447E-02 
4.39645E-02 
3.90072E-02 
3.46630E-02 
3.08295E-02 
2.74351E-02 
2.44204E-02 
2.17359E-02 
1.93399E-02 
1.71971E-02 
1.52773E-02 
1.35548E-02 
1.20072E-02 
1.06152E-02 
9.36201E-03 
2.27360E-01 
1.84508E-01 
1.53479E-01 
1.29984E-01 
1.11403E-01 
9.63820E-02 
8.40218E-02 
7.58834E-02 
7.37022E-02 
6.43559E-02 
5.64682E-02 
4.97446E-02 
4.39644E-02 
3.90072E-02 
3.46629E-02 
3.08295E-02 
2.74350E-02 
2.44204E-02 
2.17359E-02 
1.93399E-02 
1.71971E-02 
1.52774E-02 
1.35548E-02 
1.20073E-02 
1.06153E-02 
9.36210E-03 
2.27358E-01 
1.84506E-01 
1.53478E-01 
1.29983E-01 
1.11402E-01 
9.63814E-02 
8.40213E-02 
7.58830E-02 
7.37018E-02 
6.43556E-02 
5.64680E-02 
4.97444E-02 
4.39643E-02 
3.90070E-02 
3.46629E-02 
3.08294E-02 
2.74350E-02 
2.44204E-02 
2.17359E-02 
1.93399E-02 
1.71972E-02 
1.52774E-02 
1.35549E-02 
1.20074E-02 
1.06154E-02 
9.36222E-03 
2.27356E-01 
1.84505E-01 
1.53476E-01 
1.29982E-01 
1.11401E-01 
9.63807E-02 
8.40208E-02 
7.58825E-02 
7.37013E-02 
6.43552E-02 
5.64677E-02 
4.97441E-02 
4.39641E-02 
3.90069E-02 
3.46628E-02 
3.08294E-02 
2.74350E-02 
2.44204E-02 
2.17359E-02 
1.93400E-02 
1.71972E-02 
1.52775E-02 
1.35550E-02 
1.20075E-02 
1.06155E-02 
9.36237E-03 
2.27354E-01 
1.84503E-01 
1.53475E-01 
1.29981E-01 
1.11400E-01 
9.63798E-02 
8.40200E-02 
7.58819E-02 
7.37007E-02 
6.43547E-02 
5.64673E-02 
4.97438E-02 
4.39638E-02 
3.90067E-02 
3.46627E-02 
3.08293E-02 
2.74350E-02 
2.44204E-02 
2.17360E-02 
1.93401E-02 
1.71973E-02 
1.52777E-02 
1.35552E-02 
1.20076E-02 
1.06157E-02 
9.36256E-03 
2.27351E-01 
1.84500E-01 
1.53473E-01 
1.29979E-01 
1.11399E-01 
9.63787E-02 
8.40191E-02 
7.58810E-02 
7.36999E-02 
6.43541E-02 
5.64668E-02 
4.97434E-02 
4.39635E-02 
3.90065E-02 
3.46625E-02 
3.08292E-02 
2.74349E-02 
2.44204E-02 
2.17360E-02 
1.93402E-02 
1.71975E-02 
1.52778E-02 
1.35554E-02 
1.20078E-02 
1.06159E-02 
9.36281E-03 
2.27346E-01 
1.84497E-01 
1.53470E-01 
1.29977E-01 
1.11397E-01 
9.63772E-02 
8.40179E-02 
7.58800E-02 
7.36989E-02 
6.43533E-02 
5.64661E-02 
4.97429E-02 
4.39631E-02 
3.90062E-02 
3.46623E-02 
3.08291E-02 
2.74349E-02 
2.44204E-02 
2.17361E-02 
1.93403E-02 
1.71976E-02 
1.52780E-02 
1.35556E-02 
1.20081E-02 
1.06162E-02 
9.36313E-03 
2.27341E-01 
1.84493E-01 
1.53467E-01 
1.29974E-01 
1.11395E-01 
9.63753E-02 
8.40163E-02 
7.58786E-02 
7.36976E-02 
6.43522E-02 
5.64653E-02 
4.97423E-02 
4.39626E-02 
3.90058E-02 
3.46620E-02 
3.08289E-02 
2.74348E-02 
2.44204E-02 
2.17362E-02 
1.93404E-02 
1.71978E-02 
1.52783E-02 
1.35559E-02 
1.20084E-02 
1.06166E-02 
9.36354E-03 
2.27334E-01 
1.84487E-01 
1.53462E-01 
1.29971E-01 
1.11392E-01 
9.63729E-02 
8.40143E-02 
7.58769E-02 
7.36960E-02 
6.43509E-02 
5.64642E-02 
4.97414E-02 
4.39620E-02 
3.90054E-02 
3.46617E-02 
3.08287E-02 
2.74347E-02 
2.44204E-02 
2.17363E-02 
1.93406E-02 
1.71981E-02 
1.52786E-02 
1.35563E-02 
1.20089E-02 
1.06171E-02 
9.36406E-03 
2.27325E-01 
1.84480E-01 
1.53457E-01 
1.29966E-01 
1.11388E-01 
9.63698E-02 
8.40117E-02 
7.58747E-02 
7.36938E-02 
6.43492E-02 
5.64629E-02 
4.97403E-02 
4.39612E-02 
3.90047E-02 
3.46613E-02 
3.08284E-02 
2.74346E-02 
2.44205E-02 
2.17364E-02 
1.93408E-02 
1.71984E-02 
1.52790E-02 
1.35568E-02 
1.20094E-02 
1.06177E-02 
9.36473E-03 
2.27314E-01 
1.84472E-01 
1.53450E-01 
1.29961E-01 
1.11383E-01 
9.63658E-02 
8.40085E-02 
7.58719E-02 
7.36911E-02 
6.43470E-02 
5.64611E-02 
4.97390E-02 
4.39601E-02 
3.90040E-02 
3.46607E-02 
3.08281E-02 
2.74345E-02 
2.44205E-02 
2.17366E-02 
1.93412E-02 
1.71988E-02 
1.52795E-02 
1.35574E-02 
1.20102E-02 
1.06185E-02 
9.36559E-03 
2.27300E-01 
1.84460E-01 
1.53441E-01 
1.29953E-01 
1.11377E-01 
9.63608E-02 
8.40043E-02 
7.58683E-02 
7.36877E-02 
6.43442E-02 
5.64589E-02 
4.97372E-02 
4.39587E-02 
3.90030E-02 
3.46600E-02 
3.08277E-02 
2.74343E-02 
2.44205E-02 
2.17368E-02 
1.93415E-02 
1.71994E-02 
1.52802E-02 
1.35582E-02 
1.20111E-02 
1.06195E-02 
9.36669E-03 
2.27281E-01 
1.84446E-01 
1.53429E-01 
1.29944E-01 
1.11369E-01 
9.63542E-02 
8.39989E-02 
7.58636E-02 
7.36832E-02 
6.43406E-02 
5.64560E-02 
4.97349E-02 
4.39570E-02 
3.90017E-02 
3.46591E-02 
3.08271E-02 
2.74340E-02 
2.44205E-02 
2.17371E-02 
1.93420E-02 
1.72001E-02 
1.52811E-02 
1.35592E-02 
1.20122E-02 
1.06208E-02 
9.36810E-03 
2.27258E-01 
1.84427E-01 
1.53414E-01 
1.29931E-01 
1.11359E-01 
9.63459E-02 
8.39920E-02 
7.58577E-02 
7.36775E-02 
6.43360E-02 
5.64523E-02 
4.97320E-02 
4.39548E-02 
3.90000E-02 
3.46580E-02 
3.08264E-02 
2.74337E-02 
2.44206E-02 
2.17375E-02 
1.93427E-02 
1.72010E-02 
1.52822E-02 
1.35605E-02 
1.20137E-02 
1.06224E-02 
9.36990E-03 
2.27228E-01 
1.84403E-01 
1.53395E-01 
1.29916E-01 
1.11346E-01 
9.63352E-02 
8.39831E-02 
7.58501E-02 
7.36702E-02 
6.43301E-02 
5.64476E-02 
4.97283E-02 
4.39519E-02 
3.89979E-02 
3.46565E-02 
3.08256E-02 
2.74334E-02 
2.44207E-02 
2.17379E-02 
1.93435E-02 
1.72021E-02 
1.52836E-02 
1.35622E-02 
1.20156E-02 
1.06246E-02 
9.37221E-03 
2.27189E-01 
1.84373E-01 
1.53370E-01 
1.29895E-01 
1.11330E-01 
9.63216E-02 
8.39718E-02 
7.58403E-02 
7.36609E-02 
6.43226E-02 
5.64415E-02 
4.97235E-02 
4.39483E-02 
3.89952E-02 
3.46547E-02 
3.08244E-02 
2.74329E-02 
2.44207E-02 
2.17385E-02 
1.93446E-02 
1.72036E-02 
1.52855E-02 
1.35644E-02 
1.20181E-02 
1.06273E-02 
9.37517E-03 
2.27139E-01 
1.84334E-01 
1.53339E-01 
1.29870E-01 
1.11309E-01 
9.63041E-02 
8.39574E-02 
7.58278E-02 
7.36490E-02 
6.43129E-02 
5.64338E-02 
4.97175E-02 
4.39436E-02 
3.89917E-02 
3.46522E-02 
3.08229E-02 
2.74322E-02 
2.44208E-02 
2.17393E-02 
1.93459E-02 
1.72054E-02 
1.52878E-02 
1.35671E-02 
1.20212E-02 
1.06308E-02 
9.37895E-03 
2.27076E-01 
1.84284E-01 
1.53298E-01 
1.29837E-01 
1.11282E-01 
9.62817E-02 
8.39388E-02 
7.58118E-02 
7.36337E-02 
6.43005E-02 
5.64239E-02 
4.97096E-02 
4.39376E-02 
3.89873E-02 
3.46492E-02 
3.08211E-02 
2.74314E-02 
2.44210E-02 
2.17402E-02 
1.93476E-02 
1.72078E-02 
1.52908E-02 
1.35707E-02 
1.20252E-02 
1.06352E-02 
9.38378E-03 
2.26995E-01 
1.84220E-01 
1.53247E-01 
1.29795E-01 
1.11247E-01 
9.62530E-02 
8.39151E-02 
7.57914E-02 
7.36141E-02 
6.42847E-02 
5.64112E-02 
4.96997E-02 
4.39299E-02 
3.89816E-02 
3.46452E-02 
3.08186E-02 
2.74303E-02 
2.44211E-02 
2.17414E-02 
1.93498E-02 
1.72109E-02 
1.52946E-02 
1.35752E-02 
1.20304E-02 
1.06409E-02 
9.38996E-03 
2.26891E-01 
1.84138E-01 
1.53181E-01 
1.29741E-01 
1.11202E-01 
9.62163E-02 
8.38847E-02 
7.57652E-02 
7.35890E-02 
6.42644E-02 
5.63950E-02 
4.96869E-02 
4.39201E-02 
3.89743E-02 
3.46401E-02 
3.08155E-02 
2.74290E-02 
2.44213E-02 
2.17430E-02 
1.93526E-02 
1.72147E-02 
1.52994E-02 
1.35809E-02 
1.20369E-02 
1.06481E-02 
9.39786E-03 
2.26758E-01 
1.84033E-01 
1.53096E-01 
1.29672E-01 
1.11146E-01 
9.61693E-02 
8.38459E-02 
7.57317E-02 
7.35569E-02 
6.42384E-02 
5.63742E-02 
4.96705E-02 
4.39075E-02 
3.89649E-02 
3.46336E-02 
3.08115E-02 
2.74272E-02 
2.44215E-02 
2.17450E-02 
1.93561E-02 
1.72197E-02 
1.53057E-02 
1.35882E-02 
1.20452E-02 
1.06574E-02 
9.40794E-03 
2.26588E-01 
1.83899E-01 
1.52989E-01 
1.29584E-01 
1.11073E-01 
9.61093E-02 
8.37962E-02 
7.56888E-02 
7.35158E-02 
6.42052E-02 
5.63476E-02 
4.96495E-02 
4.38913E-02 
3.89530E-02 
3.46253E-02 
3.08064E-02 
2.74249E-02 
2.44217E-02 
2.17475E-02 
1.93606E-02 
1.72260E-02 
1.53136E-02 
1.35976E-02 
1.20559E-02 
1.06692E-02 
9.42080E-03 
2.26368E-01 
1.83725E-01 
1.52848E-01 
1.29469E-01 
1.10979E-01 
9.60312E-02 
8.37315E-02 
7.56330E-02 
7.34624E-02 
6.41620E-02 
5.63129E-02 
4.96222E-02 
4.38703E-02 
3.89374E-02 
3.46144E-02 
3.07997E-02 
2.74219E-02 
2.44220E-02 
2.17507E-02 
1.93664E-02 
1.72341E-02 
1.53238E-02 
1.36097E-02 
1.20697E-02 
1.06845E-02 
9.43748E-03 
2.26090E-01 
1.83506E-01 
1.52672E-01 
1.29324E-01 
1.10860E-01 
9.59328E-02 
8.36501E-02 
7.55627E-02 
7.33951E-02 
6.41075E-02 
5.62692E-02 
4.95877E-02 
4.38438E-02 
3.89176E-02 
3.46006E-02 
3.07912E-02 
2.74180E-02 
2.44223E-02 
2.17546E-02 
1.93737E-02 
1.72443E-02 
1.53366E-02 
1.36248E-02 
1.20870E-02 
1.07037E-02 
9.45839E-03 
2.25735E-01 
1.83226E-01 
1.52446E-01 
1.29140E-01 
1.10708E-01 
9.58072E-02 
8.35461E-02 
7.54729E-02 
7.33092E-02 
6.40379E-02 
5.62134E-02 
4.95437E-02 
4.38098E-02 
3.88923E-02 
3.45829E-02 
3.07802E-02 
2.74130E-02 
2.44225E-02 
2.17595E-02 
1.93827E-02 
1.72571E-02 
1.53528E-02 
1.36441E-02 
1.21089E-02 
1.07281E-02 
9.48493E-03 
2.25283E-01 
1.82870E-01 
1.52159E-01 
1.28905E-01 
1.10514E-01 
9.56469E-02 
8.34134E-02 
7.53583E-02 
7.31995E-02 
6.39490E-02 
5.61421E-02 
4.94873E-02 
4.37664E-02 
3.88599E-02 
3.45602E-02 
3.07660E-02 
2.74063E-02 
2.44226E-02 
2.17656E-02 
1.93941E-02 
1.72733E-02 
1.53732E-02 
1.36683E-02 
1.21366E-02 
1.07589E-02 
9.51855E-03 
2.24708E-01 
1.82416E-01 
1.51793E-01 
1.28605E-01 
1.10267E-01 
9.54427E-02 
8.32442E-02 
7.52122E-02 
7.30595E-02 
6.38355E-02 
5.60510E-02 
4.94153E-02 
4.37107E-02 
3.88183E-02 
3.45309E-02 
3.07476E-02 
2.73976E-02 
2.44223E-02 
2.17730E-02 
1.94083E-02 
1.72935E-02 
1.53989E-02 
1.36989E-02 
1.21716E-02 
1.07978E-02 
9.56101E-03 
2.23975E-01 
1.81837E-01 
1.51326E-01 
1.28224E-01 
1.09953E-01 
9.51823E-02 
8.30284E-02 
7.50258E-02 
7.28810E-02 
6.36907E-02 
5.59346E-02 
4.93231E-02 
4.36394E-02 
3.87649E-02 
3.44932E-02 
3.07237E-02 
2.73859E-02 
2.44215E-02 
2.17818E-02 
1.94258E-02 
1.73188E-02 
1.54311E-02 
1.37373E-02 
1.22155E-02 
1.08468E-02 
9.61451E-03 
2.23045E-01 
1.81104E-01 
1.50734E-01 
1.27739E-01 
1.09553E-01 
9.48514E-02 
8.27540E-02 
7.47886E-02 
7.26537E-02 
6.35062E-02 
5.57862E-02 
4.92055E-02 
4.35482E-02 
3.86963E-02 
3.44445E-02 
3.06925E-02 
2.73702E-02 
2.44197E-02 
2.17922E-02 
1.94472E-02 
1.73499E-02 
1.54710E-02 
1.37851E-02 
1.22704E-02 
1.09080E-02 
9.68150E-03 
2.21868E-01 
1.80174E-01 
1.49984E-01 
1.27125E-01 
1.09046E-01 
9.44317E-02 
8.24057E-02 
7.44874E-02 
7.23651E-02 
6.32716E-02 
5.55972E-02 
4.90554E-02 
4.34315E-02 
3.86083E-02 
3.43815E-02 
3.06517E-02 
2.73491E-02 
2.44159E-02 
2.18040E-02 
1.94728E-02 
1.73880E-02 
1.55202E-02 
1.38442E-02 
1.23385E-02 
1.09841E-02 
9.76484E-03 
2.20384E-01 
1.79002E-01 
1.49038E-01 
1.26350E-01 
1.08406E-01 
9.39010E-02 
8.19651E-02 
7.41060E-02 
7.19996E-02 
6.29741E-02 
5.53571E-02 
4.88642E-02 
4.32824E-02 
3.84953E-02 
3.43002E-02 
3.05982E-02 
2.73203E-02 
2.44091E-02 
2.18168E-02 
1.95030E-02 
1.74337E-02 
1.55799E-02 
1.39165E-02 
1.24220E-02 
1.10778E-02 
9.86763E-03 
2.18518E-01 
1.77528E-01 
1.47847E-01 
1.25374E-01 
1.07600E-01 
9.32317E-02 
8.14086E-02 
7.36239E-02 
7.15374E-02 
6.25973E-02 
5.50524E-02 
4.86209E-02 
4.30919E-02 
3.83501E-02 
3.41946E-02 
3.05277E-02 
2.72808E-02 
2.43972E-02 
2.18293E-02 
1.95375E-02 
1.74878E-02 
1.56515E-02 
1.40038E-02 
1.25234E-02 
1.11919E-02 
9.99323E-03 
2.16184E-01 
1.75683E-01 
1.46356E-01 
1.24150E-01 
1.06588E-01 
9.23911E-02 
8.07090E-02 
7.30170E-02 
7.09554E-02 
6.21218E-02 
5.46668E-02 
4.83120E-02 
4.28489E-02 
3.81636E-02 
3.40577E-02 
3.04345E-02 
2.72262E-02 
2.43769E-02 
2.18397E-02 
1.95752E-02 
1.75499E-02 
1.57355E-02 
1.41074E-02 
1.26447E-02 
1.13291E-02 
1.01447E-02 
2.13282E-01 
1.73386E-01 
1.44498E-01 
1.22625E-01 
1.05325E-01 
9.13406E-02 
7.98331E-02 
7.22562E-02 
7.02254E-02 
6.15240E-02 
5.41805E-02 
4.79207E-02 
4.25393E-02 
3.79241E-02 
3.38796E-02 
3.03106E-02 
2.71503E-02 
2.43436E-02 
2.18444E-02 
1.96137E-02 
1.76187E-02 
1.58314E-02 
1.42277E-02 
1.27869E-02 
1.14910E-02 
1.03242E-02 
2.09698E-01 
1.70547E-01 
1.42199E-01 
1.20734E-01 
1.03758E-01 
9.00350E-02 
7.87426E-02 
7.13073E-02 
6.93145E-02 
6.07757E-02 
5.35694E-02 
4.74266E-02 
4.21458E-02 
3.76168E-02 
3.36479E-02 
3.01455E-02 
2.70444E-02 
2.42901E-02 
2.18376E-02 
1.96486E-02 
1.76909E-02 
1.59370E-02 
1.43633E-02 
1.29494E-02 
1.16777E-02 
1.05327E-02 
2.05306E-01 
1.67066E-01 
1.39376E-01 
1.18410E-01 
1.01828E-01 
8.84235E-02 
7.73935E-02 
7.01309E-02 
6.81844E-02 
5.98440E-02 
5.28051E-02 
4.68050E-02 
4.16469E-02 
3.72231E-02 
3.33464E-02 
2.99254E-02 
2.68963E-02 
2.42061E-02 
2.18105E-02 
1.96723E-02 
1.77601E-02 
1.60470E-02 
1.45098E-02 
1.31288E-02 
1.18866E-02 
1.07683E-02 
1.99975E-01 
1.62833E-01 
1.35938E-01 
1.15575E-01 
9.94691E-02 
8.64497E-02 
7.57365E-02 
6.86825E-02 
6.67919E-02 
5.86911E-02 
5.18544E-02 
4.60266E-02 
4.10167E-02 
3.67200E-02 
3.29546E-02 
2.96319E-02 
2.66898E-02 
2.40768E-02 
2.17500E-02 
1.96733E-02 
1.78160E-02 
1.61521E-02 
1.46591E-02 
1.33177E-02 
1.21112E-02 
1.10250E-02 
1.93571E-01 
1.57740E-01 
1.31795E-01 
1.12150E-01 
9.66133E-02 
8.40535E-02 
7.37185E-02 
6.69135E-02 
6.50897E-02 
5.72748E-02 
5.06795E-02 
4.50575E-02 
4.02243E-02 
3.60793E-02 
3.24469E-02 
2.92415E-02 
2.64033E-02 
2.38825E-02 
2.16379E-02 
1.96345E-02 
1.78428E-02 
1.62376E-02 
1.47973E-02 
1.35032E-02 
1.23393E-02 
1.12915E-02 
1.85955E-01 
1.51671E-01 
1.26847E-01 
1.08051E-01 
9.31853E-02 
8.11681E-02 
7.12796E-02 
6.47686E-02 
6.30236E-02 
5.55463E-02 
4.92359E-02 
4.38568E-02 
3.92325E-02 
3.52665E-02 
3.17910E-02 
2.87241E-02 
2.60085E-02 
2.35966E-02 
2.14490E-02 
1.95321E-02 
1.78178E-02 
1.62819E-02 
1.49039E-02 
1.36657E-02 
1.25521E-02 
1.15495E-02 
1.77048E-01 
1.44559E-01 
1.21034E-01 
1.03222E-01 
8.91341E-02 
7.77459E-02 
6.83750E-02 
6.22048E-02 
6.05511E-02 
5.34652E-02 
4.74851E-02 
4.23875E-02 
3.80052E-02 
3.42469E-02 
3.09533E-02 
2.80469E-02 
2.54734E-02 
2.31878E-02 
2.11525E-02 
1.93360E-02 
1.77114E-02 
1.62560E-02 
1.49500E-02 
1.37767E-02 
1.27214E-02 
1.17713E-02 
1.66721E-01 
1.36292E-01 
1.14258E-01 
9.75750E-02 
8.43805E-02 
7.37143E-02 
6.49374E-02 
5.91584E-02 
5.76095E-02 
5.09728E-02 
4.53718E-02 
4.05974E-02 
3.64929E-02 
3.29728E-02 
2.98880E-02 
2.71659E-02 
2.47555E-02 
2.26149E-02 
2.07086E-02 
1.90072E-02 
1.74857E-02 
1.61225E-02 
1.48993E-02 
1.38004E-02 
1.28119E-02 
1.19221E-02 
1.54915E-01 
1.26813E-01 
1.06465E-01 
9.10581E-02 
7.88729E-02 
6.90226E-02 
6.09171E-02 
5.55801E-02 
5.41497E-02 
4.80207E-02 
4.28481E-02 
3.84389E-02 
3.46484E-02 
3.13976E-02 
2.85488E-02 
2.60349E-02 
2.38089E-02 
2.18319E-02 
2.00715E-02 
1.85003E-02 
1.70951E-02 
1.58362E-02 
1.47066E-02 
1.36917E-02 
1.27789E-02 
1.19571E-02 
1.41587E-01 
1.16079E-01 
9.76094E-02 
8.36243E-02 
7.25637E-02 
6.36226E-02 
5.62652E-02 
5.14208E-02 
5.01224E-02 
4.45591E-02 
3.98639E-02 
3.58617E-02 
3.24210E-02 
2.94702E-02 
2.68843E-02 
2.46024E-02 
2.25819E-02 
2.07874E-02 
1.91895E-02 
1.77633E-02 
1.64878E-02 
1.53451E-02 
1.43197E-02 
1.33985E-02 
1.25700E-02 
1.18240E-02 
1.26727E-01 
1.04069E-01 
8.76634E-02 
7.52412E-02 
6.54166E-02 
5.74746E-02 
5.09394E-02 
4.66363E-02 
4.54830E-02 
4.05414E-02 
3.63709E-02 
3.28159E-02 
2.97597E-02 
2.71387E-02 
2.48417E-02 
2.28149E-02 
2.10201E-02 
1.94262E-02 
1.80068E-02 
1.67400E-02 
1.56070E-02 
1.45920E-02 
1.36812E-02 
1.28630E-02 
1.21270E-02 
1.14644E-02 
1.10354E-01 
9.07875E-02 
7.66197E-02 
6.58922E-02 
5.74080E-02 
5.05494E-02 
4.49058E-02 
4.11898E-02 
4.01938E-02 
3.59264E-02 
3.23249E-02 
2.92548E-02 
2.66156E-02 
2.43521E-02 
2.23686E-02 
2.06182E-02 
1.90683E-02 
1.76918E-02 
1.64661E-02 
1.53721E-02 
1.43937E-02 
1.35171E-02 
1.27306E-02 
1.20240E-02 
1.13884E-02 
1.08162E-02 
9.25229E-02 
7.62653E-02 
6.44933E-02 
5.55798E-02 
4.85303E-02 
4.28315E-02 
3.81422E-02 
3.50546E-02 
3.42271E-02 
3.06812E-02 
2.76888E-02 
2.51379E-02 
2.29450E-02 
2.10642E-02 
1.94161E-02 
1.79617E-02 
1.66739E-02 
1.55302E-02 
1.45117E-02 
1.36027E-02 
1.27898E-02 
1.20615E-02 
1.14079E-02 
1.08208E-02 
1.02927E-02 
9.81727E-03 
7.33108E-02 
6.05527E-02 
5.13146E-02 
4.43197E-02 
3.87876E-02 
3.43155E-02 
3.06356E-02 
2.82126E-02 
2.75632E-02 
2.47806E-02 
2.24322E-02 
2.04304E-02 
1.87095E-02 
1.72336E-02 
1.59402E-02 
1.47989E-02 
1.37883E-02 
1.28908E-02 
1.20915E-02 
1.13782E-02 
1.07402E-02 
1.01687E-02 
9.65584E-03 
9.19509E-03 
8.78066E-03 
8.40756E-03 
5.29258E-02 
4.38083E-02 
3.72065E-02 
3.22077E-02 
2.82542E-02 
2.50583E-02 
2.24284E-02 
2.06969E-02 
2.02328E-02 
1.82442E-02 
1.65660E-02 
1.51354E-02 
1.39056E-02 
1.28509E-02 
1.19266E-02 
1.11110E-02 
1.03887E-02 
9.74733E-03 
9.17616E-03 
8.66638E-03 
8.21046E-03 
7.80201E-03 
7.43552E-03 
7.10624E-03 
6.81008E-03 
6.54345E-03 
3.12311E-02 
2.59084E-02 
2.20543E-02 
1.91361E-02 
1.68282E-02 
1.49624E-02 
1.34272E-02 
1.24163E-02 
1.21454E-02 
1.09845E-02 
1.00048E-02 
9.16964E-03 
8.45169E-03 
7.83595E-03 
7.29636E-03 
6.82021E-03 
6.39859E-03 
6.02414E-03 
5.69071E-03 
5.39310E-03 
5.12695E-03 
4.88850E-03 
4.67455E-03 
4.48232E-03 
4.30943E-03 
4.15377E-03 
8.54254E-03 
7.10283E-03 
6.06035E-03 
5.27101E-03 
4.64673E-03 
4.14207E-03 
3.72681E-03 
3.45338E-03 
3.38010E-03 
3.06610E-03 
2.80109E-03 
2.57520E-03 
2.38100E-03 
2.21445E-03 
2.06850E-03 
1.93971E-03 
1.82567E-03 
1.72438E-03 
1.63419E-03 
1.55369E-03 
1.48170E-03 
1.41721E-03 
1.35933E-03 
1.30734E-03 
1.26057E-03 
1.21847E-03 
-1.50783E-02 
-1.25663E-02 
-1.07475E-02 
-9.37024E-03 
-8.28102E-03 
-7.40051E-03 
-6.67597E-03 
-6.19891E-03 
-6.07105E-03 
-5.52318E-03 
-5.06081E-03 
-4.66668E-03 
-4.32785E-03 
-4.03727E-03 
-3.78261E-03 
-3.55790E-03 
-3.35892E-03 
-3.18221E-03 
-3.02484E-03 
-2.88439E-03 
-2.75879E-03 
-2.64625E-03 
-2.54528E-03 
-2.45456E-03 
-2.37297E-03 
-2.29951E-03 
-3.95106E-02 
-3.30064E-02 
-2.82968E-02 
-2.47308E-02 
-2.19105E-02 
-1.96306E-02 
-1.77546E-02 
-1.65193E-02 
-1.61882E-02 
-1.47697E-02 
-1.35725E-02 
-1.25519E-02 
-1.16746E-02 
-1.09222E-02 
-1.02628E-02 
-9.68098E-03 
-9.16577E-03 
-8.70820E-03 
-8.30075E-03 
-7.93708E-03 
-7.61185E-03 
-7.32047E-03 
-7.05902E-03 
-6.82412E-03 
-6.61285E-03 
-6.42264E-03 
-6.46327E-02 
-5.41224E-02 
-4.65120E-02 
-4.07495E-02 
-3.61921E-02 
-3.25079E-02 
-2.94763E-02 
-2.74802E-02 
-2.69452E-02 
-2.46529E-02 
-2.27183E-02 
-2.10692E-02 
-1.96515E-02 
-1.84356E-02 
-1.73701E-02 
-1.64299E-02 
-1.55973E-02 
-1.48579E-02 
-1.41995E-02 
-1.36119E-02 
-1.30863E-02 
-1.26154E-02 
-1.21930E-02 
-1.18134E-02 
-1.14720E-02 
-1.11646E-02 
-9.03212E-02 
-7.58159E-02 
-6.53127E-02 
-5.73600E-02 
-5.10703E-02 
-4.59858E-02 
-4.18019E-02 
-3.90471E-02 
-3.83088E-02 
-3.51451E-02 
-3.24752E-02 
-3.01993E-02 
-2.82427E-02 
-2.65647E-02 
-2.50942E-02 
-2.37966E-02 
-2.26476E-02 
-2.16272E-02 
-2.07185E-02 
-1.99075E-02 
-1.91821E-02 
-1.85323E-02 
-1.79492E-02 
-1.74254E-02 
-1.69542E-02 
-1.65300E-02 
-1.16196E-01 
-9.77691E-02 
-8.44262E-02 
-7.43232E-02 
-6.63329E-02 
-5.98737E-02 
-5.45586E-02 
-5.10589E-02 
-5.01210E-02 
-4.61019E-02 
-4.27101E-02 
-3.98188E-02 
-3.73333E-02 
-3.52016E-02 
-3.33335E-02 
-3.16850E-02 
-3.02254E-02 
-2.89290E-02 
-2.77746E-02 
-2.67443E-02 
-2.58229E-02 
-2.49974E-02 
-2.42567E-02 
-2.35912E-02 
-2.29926E-02 
-2.24537E-02 
-1.42636E-01 
-1.20306E-01 
-1.04137E-01 
-9.18940E-02 
-8.22113E-02 
-7.43840E-02 
-6.79431E-02 
-6.37022E-02 
-6.25656E-02 
-5.76952E-02 
-5.35850E-02 
-5.00813E-02 
-4.70693E-02 
-4.44860E-02 
-4.22223E-02 
-4.02247E-02 
-3.84558E-02 
-3.68849E-02 
-3.54860E-02 
-3.42375E-02 
-3.31209E-02 
-3.21205E-02 
-3.12229E-02 
-3.04164E-02 
-2.96911E-02 
-2.90381E-02 
-1.69144E-01 
-1.43006E-01 
-1.24079E-01 
-1.09749E-01 
-9.84146E-02 
-8.92524E-02 
-8.17131E-02 
-7.67490E-02 
-7.54185E-02 
-6.97177E-02 
-6.49065E-02 
-6.08053E-02 
-5.72796E-02 
-5.42559E-02 
-5.16060E-02 
-4.92678E-02 
-4.71973E-02 
-4.53585E-02 
-4.37210E-02 
-4.22595E-02 
-4.09525E-02 
-3.97816E-02 
-3.87309E-02 
-3.77869E-02 
-3.69378E-02 
-3.61735E-02 
-1.95687E-01 
-1.65841E-01 
-1.44229E-01 
-1.27865E-01 
-1.14923E-01 
-1.04461E-01 
-9.58523E-02 
-9.01839E-02 
-8.86647E-02 
-8.21550E-02 
-7.66612E-02 
-7.19782E-02 
-6.79523E-02 
-6.44996E-02 
-6.14739E-02 
-5.88039E-02 
-5.64397E-02 
-5.43399E-02 
-5.24702E-02 
-5.08014E-02 
-4.93089E-02 
-4.79718E-02 
-4.67721E-02 
-4.56942E-02 
-4.47247E-02 
-4.38519E-02 
-2.22116E-01 
-1.88682E-01 
-1.64472E-01 
-1.46141E-01 
-1.31643E-01 
-1.19924E-01 
-1.10280E-01 
-1.03930E-01 
-1.02228E-01 
-9.49359E-02 
-8.87817E-02 
-8.35357E-02 
-7.90259E-02 
-7.51581E-02 
-7.17686E-02 
-6.87776E-02 
-6.61292E-02 
-6.37771E-02 
-6.16826E-02 
-5.98132E-02 
-5.81413E-02 
-5.66435E-02 
-5.52995E-02 
-5.40920E-02 
-5.30060E-02 
-5.20282E-02 
-2.48370E-01 
-2.11475E-01 
-1.84760E-01 
-1.64532E-01 
-1.48534E-01 
-1.35601E-01 
-1.24959E-01 
-1.17952E-01 
-1.16074E-01 
-1.08027E-01 
-1.01236E-01 
-9.54473E-02 
-9.04707E-02 
-8.62026E-02 
-8.24623E-02 
-7.91618E-02 
-7.62393E-02 
-7.36437E-02 
-7.13324E-02 
-6.92695E-02 
-6.74246E-02 
-6.57718E-02 
-6.42887E-02 
-6.29563E-02 
-6.17578E-02 
-6.06789E-02 
-2.74295E-01 
-2.34086E-01 
-2.04971E-01 
-1.82926E-01 
-1.65491E-01 
-1.51397E-01 
-1.39799E-01 
-1.32163E-01 
-1.30116E-01 
-1.21346E-01 
-1.13945E-01 
-1.07636E-01 
-1.02213E-01 
-9.75613E-02 
-9.34851E-02 
-8.98881E-02 
-8.67031E-02 
-8.38744E-02 
-8.13555E-02 
-7.91073E-02 
-7.70967E-02 
-7.52954E-02 
-7.36792E-02 
-7.22270E-02 
-7.09209E-02 
-6.97451E-02 
-2.99768E-01 
-2.56405E-01 
-2.25007E-01 
-2.01232E-01 
-1.82430E-01 
-1.67230E-01 
-1.54722E-01 
-1.46487E-01 
-1.44280E-01 
-1.34822E-01 
-1.26840E-01 
-1.20037E-01 
-1.14187E-01 
-1.09171E-01 
-1.04775E-01 
-1.00896E-01 
-9.74612E-02 
-9.44106E-02 
-9.16941E-02 
-8.92696E-02 
-8.71012E-02 
-8.51586E-02 
-8.34156E-02 
-8.18495E-02 
-8.04410E-02 
-7.91729E-02 
-3.24688E-01 
-2.78341E-01 
-2.44781E-01 
-2.19371E-01 
-1.99274E-01 
-1.83028E-01 
-1.69659E-01 
-1.60857E-01 
-1.58498E-01 
-1.48389E-01 
-1.39858E-01 
-1.32586E-01 
-1.26335E-01 
-1.20973E-01 
-1.16275E-01 
-1.12129E-01 
-1.08457E-01 
-1.05197E-01 
-1.02293E-01 
-9.97019E-02 
-9.73843E-02 
-9.53080E-02 
-9.34450E-02 
-9.17711E-02 
-9.02656E-02 
-8.89102E-02 
-3.48895E-01 
-2.99748E-01 
-2.64162E-01 
-2.37217E-01 
-2.15906E-01 
-1.98679E-01 
-1.84503E-01 
-1.75170E-01 
-1.72668E-01 
-1.61949E-01 
-1.52903E-01 
-1.45192E-01 
-1.38562E-01 
-1.32877E-01 
-1.27895E-01 
-1.23498E-01 
-1.19605E-01 
-1.16148E-01 
-1.13069E-01 
-1.10321E-01 
-1.07864E-01 
-1.05662E-01 
-1.03686E-01 
-1.01911E-01 
-1.00315E-01 
-9.88777E-02 
-3.72340E-01 
-3.20582E-01 
-2.83105E-01 
-2.54728E-01 
-2.32285E-01 
-2.14142E-01 
-1.99213E-01 
-1.89384E-01 
-1.86749E-01 
-1.75461E-01 
-1.65934E-01 
-1.57813E-01 
-1.50831E-01 
-1.44844E-01 
-1.39597E-01 
-1.34967E-01 
-1.30867E-01 
-1.27226E-01 
-1.23983E-01 
-1.21089E-01 
-1.18501E-01 
-1.16183E-01 
-1.14102E-01 
-1.12233E-01 
-1.10552E-01 
-1.09038E-01 
-3.94665E-01 
-3.40519E-01 
-3.01312E-01 
-2.71625E-01 
-2.48146E-01 
-2.29167E-01 
-2.13549E-01 
-2.03265E-01 
-2.00509E-01 
-1.88700E-01 
-1.78733E-01 
-1.70237E-01 
-1.62934E-01 
-1.56670E-01 
-1.51181E-01 
-1.46337E-01 
-1.42048E-01 
-1.38239E-01 
-1.34846E-01 
-1.31819E-01 
-1.29111E-01 
-1.26686E-01 
-1.24509E-01 
-1.22554E-01 
-1.20795E-01 
-1.19211E-01 
-4.16140E-01 
-3.59795E-01 
-3.18995E-01 
-2.88103E-01 
-2.63671E-01 
-2.43920E-01 
-2.27668E-01 
-2.16967E-01 
-2.14099E-01 
-2.01810E-01 
-1.91438E-01 
-1.82597E-01 
-1.74997E-01 
-1.68479E-01 
-1.62767E-01 
-1.57726E-01 
-1.53263E-01 
-1.49299E-01 
-1.45769E-01 
-1.42619E-01 
-1.39801E-01 
-1.37277E-01 
-1.35012E-01 
-1.32977E-01 
-1.31147E-01 
-1.29499E-01 
-4.36440E-01 
-3.78115E-01 
-3.35883E-01 
-3.03905E-01 
-2.78615E-01 
-2.58171E-01 
-2.41348E-01 
-2.30271E-01 
-2.27302E-01 
-2.14581E-01 
-2.03846E-01 
-1.94694E-01 
-1.86827E-01 
-1.80080E-01 
-1.74167E-01 
-1.68950E-01 
-1.64330E-01 
-1.60226E-01 
-1.56573E-01 
-1.53312E-01 
-1.50395E-01 
-1.47782E-01 
-1.45438E-01 
-1.43331E-01 
-1.41437E-01 
-1.39731E-01 
-4.55454E-01 
-3.95377E-01 
-3.51876E-01 
-3.18937E-01 
-2.92887E-01 
-2.71828E-01 
-2.54500E-01 
-2.43090E-01 
-2.40032E-01 
-2.26929E-01 
-2.15871E-01 
-2.06444E-01 
-1.98341E-01 
-1.91391E-01 
-1.85300E-01 
-1.79926E-01 
-1.75167E-01 
-1.70941E-01 
-1.67177E-01 
-1.63818E-01 
-1.60814E-01 
-1.58123E-01 
-1.55708E-01 
-1.53538E-01 
-1.51587E-01 
-1.49830E-01 
-4.73073E-01 
-4.11475E-01 
-3.66873E-01 
-3.33101E-01 
-3.06392E-01 
-2.84800E-01 
-2.67033E-01 
-2.55335E-01 
-2.52199E-01 
-2.38765E-01 
-2.27427E-01 
-2.17762E-01 
-2.09453E-01 
-2.02327E-01 
-1.96083E-01 
-1.90572E-01 
-1.85693E-01 
-1.81360E-01 
-1.77501E-01 
-1.74057E-01 
-1.70977E-01 
-1.68217E-01 
-1.65741E-01 
-1.63517E-01 
-1.61516E-01 
-1.59714E-01 
-4.89181E-01 
-4.26301E-01 
-3.80771E-01 
-3.46296E-01 
-3.19031E-01 
-2.96990E-01 
-2.78853E-01 
-2.66911E-01 
-2.63710E-01 
-2.49996E-01 
-2.38422E-01 
-2.28556E-01 
-2.20075E-01 
-2.12801E-01 
-2.06426E-01 
-2.00801E-01 
-1.95820E-01 
-1.91397E-01 
-1.87458E-01 
-1.83942E-01 
-1.80798E-01 
-1.77981E-01 
-1.75453E-01 
-1.73182E-01 
-1.71140E-01 
-1.69301E-01 
-5.03667E-01 
-4.39749E-01 
-3.93467E-01 
-3.58423E-01 
-3.30707E-01 
-3.08302E-01 
-2.89866E-01 
-2.77727E-01 
-2.74473E-01 
-2.60532E-01 
-2.48767E-01 
-2.38738E-01 
-2.30117E-01 
-2.22722E-01 
-2.16243E-01 
-2.10525E-01 
-2.05462E-01 
-2.00965E-01 
-1.96961E-01 
-1.93387E-01 
-1.90191E-01 
-1.87327E-01 
-1.84758E-01 
-1.82450E-01 
-1.80374E-01 
-1.78504E-01 
-5.16414E-01 
-4.51707E-01 
-4.04853E-01 
-3.69376E-01 
-3.41318E-01 
-3.18636E-01 
-2.99972E-01 
-2.87683E-01 
-2.84390E-01 
-2.70277E-01 
-2.58366E-01 
-2.48213E-01 
-2.39485E-01 
-2.32000E-01 
-2.25440E-01 
-2.19651E-01 
-2.14526E-01 
-2.09974E-01 
-2.05920E-01 
-2.02302E-01 
-1.99066E-01 
-1.96168E-01 
-1.93566E-01 
-1.91230E-01 
-1.89128E-01 
-1.87235E-01 
-5.27310E-01 
-4.62067E-01 
-4.14825E-01 
-3.79054E-01 
-3.50764E-01 
-3.27894E-01 
-3.09075E-01 
-2.96684E-01 
-2.93364E-01 
-2.79134E-01 
-2.67125E-01 
-2.56888E-01 
-2.48087E-01 
-2.40540E-01 
-2.33926E-01 
-2.28089E-01 
-2.22921E-01 
-2.18331E-01 
-2.14244E-01 
-2.10596E-01 
-2.07334E-01 
-2.04411E-01 
-2.01788E-01 
-1.99432E-01 
-1.97313E-01 
-1.95405E-01 
-5.36255E-01 
-4.70733E-01 
-4.23290E-01 
-3.87367E-01 
-3.58956E-01 
-3.35988E-01 
-3.17090E-01 
-3.04646E-01 
-3.01311E-01 
-2.87020E-01 
-2.74960E-01 
-2.64679E-01 
-2.55841E-01 
-2.48262E-01 
-2.41619E-01 
-2.35758E-01 
-2.30568E-01 
-2.25958E-01 
-2.21854E-01 
-2.18190E-01 
-2.14914E-01 
-2.11979E-01 
-2.09345E-01 
-2.06979E-01 
-2.04850E-01 
-2.02934E-01 
-5.43069E-01 
-4.77532E-01 
-4.30077E-01 
-3.94145E-01 
-3.65727E-01 
-3.42754E-01 
-3.23851E-01 
-3.11404E-01 
-3.08068E-01 
-2.93774E-01 
-2.81711E-01 
-2.71428E-01 
-2.62588E-01 
-2.55007E-01 
-2.48363E-01 
-2.42500E-01 
-2.37309E-01 
-2.32698E-01 
-2.28592E-01 
-2.24928E-01 
-2.21651E-01 
-2.18715E-01 
-2.16081E-01 
-2.13714E-01 
-2.11585E-01 
-2.09668E-01 
-5.47728E-01 
-4.82441E-01 
-4.35168E-01 
-3.99373E-01 
-3.71064E-01 
-3.48179E-01 
-3.29348E-01 
-3.16948E-01 
-3.13625E-01 
-2.99386E-01 
-2.87369E-01 
-2.77125E-01 
-2.68319E-01 
-2.60766E-01 
-2.54148E-01 
-2.48307E-01 
-2.43136E-01 
-2.38543E-01 
-2.34453E-01 
-2.30802E-01 
-2.27538E-01 
-2.24613E-01 
-2.21989E-01 
-2.19631E-01 
-2.17510E-01 
-2.15601E-01 
-5.50068E-01 
-4.85301E-01 
-4.38405E-01 
-4.02895E-01 
-3.74812E-01 
-3.52109E-01 
-3.33428E-01 
-3.21128E-01 
-3.17831E-01 
-3.03705E-01 
-2.91784E-01 
-2.81622E-01 
-2.72886E-01 
-2.65393E-01 
-2.58828E-01 
-2.53034E-01 
-2.47904E-01 
-2.43347E-01 
-2.39290E-01 
-2.35669E-01 
-2.32430E-01 
-2.29529E-01 
-2.26925E-01 
-2.24586E-01 
-2.22482E-01 
-2.20588E-01 
-5.49976E-01 
-4.86003E-01 
-4.39681E-01 
-4.04607E-01 
-3.76868E-01 
-3.54444E-01 
-3.35992E-01 
-3.23842E-01 
-3.20586E-01 
-3.06633E-01 
-2.94858E-01 
-2.84820E-01 
-2.76191E-01 
-2.68791E-01 
-2.62306E-01 
-2.56583E-01 
-2.51515E-01 
-2.47015E-01 
-2.43007E-01 
-2.39430E-01 
-2.36231E-01 
-2.33366E-01 
-2.30794E-01 
-2.28484E-01 
-2.26406E-01 
-2.24535E-01 
-5.47339E-01 
-4.84436E-01 
-4.38889E-01 
-4.04402E-01 
-3.77127E-01 
-3.55078E-01 
-3.36934E-01 
-3.24988E-01 
-3.21786E-01 
-3.08067E-01 
-2.96489E-01 
-2.86619E-01 
-2.78135E-01 
-2.70858E-01 
-2.64481E-01 
-2.58854E-01 
-2.53871E-01 
-2.49446E-01 
-2.45506E-01 
-2.41989E-01 
-2.38843E-01 
-2.36025E-01 
-2.33497E-01 
-2.31225E-01 
-2.29182E-01 
-2.27342E-01 
-5.42041E-01 
-4.80488E-01 
-4.35919E-01 
-4.02172E-01 
-3.75481E-01 
-3.53906E-01 
-3.36152E-01 
-3.24462E-01 
-3.21329E-01 
-3.07904E-01 
-2.96574E-01 
-2.86916E-01 
-2.78614E-01 
-2.71493E-01 
-2.65253E-01 
-2.59747E-01 
-2.54871E-01 
-2.50541E-01 
-2.46685E-01 
-2.43243E-01 
-2.40165E-01 
-2.37408E-01 
-2.34934E-01 
-2.32711E-01 
-2.30711E-01 
-2.28911E-01 
-5.33971E-01 
-4.74049E-01 
-4.30661E-01 
-3.97808E-01 
-3.71826E-01 
-3.50822E-01 
-3.33538E-01 
-3.22158E-01 
-3.19108E-01 
-3.06039E-01 
-2.95010E-01 
-2.85608E-01 
-2.77525E-01 
-2.70594E-01 
-2.64519E-01 
-2.59159E-01 
-2.54412E-01 
-2.50197E-01 
-2.46443E-01 
-2.43092E-01 
-2.40096E-01 
-2.37412E-01 
-2.35003E-01 
-2.32839E-01 
-2.30893E-01 
-2.29140E-01 
-5.22977E-01 
-4.64977E-01 
-4.22981E-01 
-3.91182E-01 
-3.66032E-01 
-3.45702E-01 
-3.28973E-01 
-3.17958E-01 
-3.15005E-01 
-3.02356E-01 
-2.91680E-01 
-2.82580E-01 
-2.74756E-01 
-2.68047E-01 
-2.62167E-01 
-2.56979E-01 
-2.52384E-01 
-2.48304E-01 
-2.44671E-01 
-2.41428E-01 
-2.38528E-01 
-2.35929E-01 
-2.33598E-01 
-2.31503E-01 
-2.29619E-01 
-2.27923E-01 
-5.09015E-01 
-4.53218E-01 
-4.12816E-01 
-3.82225E-01 
-3.58030E-01 
-3.38472E-01 
-3.22378E-01 
-3.11781E-01 
-3.08941E-01 
-2.96772E-01 
-2.86501E-01 
-2.77747E-01 
-2.70220E-01 
-2.63766E-01 
-2.58109E-01 
-2.53118E-01 
-2.48698E-01 
-2.44773E-01 
-2.41277E-01 
-2.38158E-01 
-2.35367E-01 
-2.32868E-01 
-2.30625E-01 
-2.28610E-01 
-2.26797E-01 
-2.25166E-01 
-4.91924E-01 
-4.38621E-01 
-4.00024E-01 
-3.70800E-01 
-3.47687E-01 
-3.29002E-01 
-3.13628E-01 
-3.03504E-01 
-3.00791E-01 
-2.89166E-01 
-2.79354E-01 
-2.70991E-01 
-2.63801E-01 
-2.57634E-01 
-2.52231E-01 
-2.47462E-01 
-2.43240E-01 
-2.39490E-01 
-2.36151E-01 
-2.33171E-01 
-2.30505E-01 
-2.28117E-01 
-2.25975E-01 
-2.24050E-01 
-2.22318E-01 
-2.20759E-01 
-4.71591E-01 
-4.21073E-01 
-3.84494E-01 
-3.56797E-01 
-3.34892E-01 
-3.17184E-01 
-3.02613E-01 
-2.93019E-01 
-2.90447E-01 
-2.79429E-01 
-2.70131E-01 
-2.62204E-01 
-2.55390E-01 
-2.49546E-01 
-2.44425E-01 
-2.39906E-01 
-2.35904E-01 
-2.32350E-01 
-2.29186E-01 
-2.26361E-01 
-2.23835E-01 
-2.21572E-01 
-2.19541E-01 
-2.17717E-01 
-2.16076E-01 
-2.14598E-01 
-4.47897E-01 
-4.00460E-01 
-3.66111E-01 
-3.40103E-01 
-3.19534E-01 
-3.02906E-01 
-2.89223E-01 
-2.80214E-01 
-2.77800E-01 
-2.67454E-01 
-2.58722E-01 
-2.51279E-01 
-2.44880E-01 
-2.39393E-01 
-2.34584E-01 
-2.30340E-01 
-2.26583E-01 
-2.23245E-01 
-2.20274E-01 
-2.17621E-01 
-2.15249E-01 
-2.13124E-01 
-2.11217E-01 
-2.09504E-01 
-2.07963E-01 
-2.06576E-01 
-4.20728E-01 
-3.76668E-01 
-3.44765E-01 
-3.20608E-01 
-3.01503E-01 
-2.86059E-01 
-2.73351E-01 
-2.64983E-01 
-2.62740E-01 
-2.53131E-01 
-2.45021E-01 
-2.38107E-01 
-2.32164E-01 
-2.27067E-01 
-2.22601E-01 
-2.18659E-01 
-2.15169E-01 
-2.12070E-01 
-2.09309E-01 
-2.06846E-01 
-2.04643E-01 
-2.02669E-01 
-2.00898E-01 
-1.99307E-01 
-1.97875E-01 
-1.96587E-01 
-3.89968E-01 
-3.49583E-01 
-3.20341E-01 
-2.98200E-01 
-2.80688E-01 
-2.66532E-01 
-2.54884E-01 
-2.47214E-01 
-2.45158E-01 
-2.36350E-01 
-2.28917E-01 
-2.22580E-01 
-2.17133E-01 
-2.12461E-01 
-2.08367E-01 
-2.04755E-01 
-2.01556E-01 
-1.98714E-01 
-1.96185E-01 
-1.93927E-01 
-1.91907E-01 
-1.90098E-01 
-1.88475E-01 
-1.87016E-01 
-1.85704E-01 
-1.84523E-01 
-3.55491E-01 
-3.19082E-01 
-2.92719E-01 
-2.72758E-01 
-2.56971E-01 
-2.44208E-01 
-2.33707E-01 
-2.26792E-01 
-2.24939E-01 
-2.16998E-01 
-2.10297E-01 
-2.04584E-01 
-1.99673E-01 
-1.95461E-01 
-1.91770E-01 
-1.88513E-01 
-1.85629E-01 
-1.83068E-01 
-1.80787E-01 
-1.78751E-01 
-1.76931E-01 
-1.75300E-01 
-1.73836E-01 
-1.72521E-01 
-1.71339E-01 
-1.70274E-01 
-3.17208E-01 
-2.85075E-01 
-2.61808E-01 
-2.44191E-01 
-2.30258E-01 
-2.18994E-01 
-2.09726E-01 
-2.03623E-01 
-2.01988E-01 
-1.94980E-01 
-1.89065E-01 
-1.84023E-01 
-1.79689E-01 
-1.75972E-01 
-1.72714E-01 
-1.69840E-01 
-1.67294E-01 
-1.65034E-01 
-1.63021E-01 
-1.61224E-01 
-1.59617E-01 
-1.58178E-01 
-1.56886E-01 
-1.55726E-01 
-1.54682E-01 
-1.53742E-01 
---
