PdfType: replica
Format: lhagrid1
---
1.00000E-06 1.28121E-06 1.64152E-06 2.10317E-06 2.69463E-06 3.45242E-06 4.42329E-06 5.66715E-06 7.26076E-06 9.30241E-06 1.19180E-05 1.52689E-05 1.95617E-05 2.50609E-05 3.21053E-05 4.11287E-05 5.26863E-05 6.74889E-05 8.64459E-05 1.10720E-04 1.41800E-04 1.81585E-04 2.32503E-04 2.97652E-04 3.80981E-04 4.87518E-04 6.26039E-04 8.00452E-04 1.02297E-03 1.30657E-03 1.66759E-03 2.12729E-03 2.71054E-03 3.44865E-03 4.37927E-03 5.54908E-03 7.01192E-03 8.83064E-03 1.10763E-02 1.38266E-02 1.71641E-02 2.11717E-02 2.59364E-02 3.15062E-02 3.79623E-02 4.53425E-02 5.36750E-02 6.29705E-02 7.32221E-02 8.44039E-02 9.64793E-02 1.09332E-01 1.23067E-01 1.37507E-01 1.52639E-01 1.68416E-01 1.84794E-01 2.01731E-01 2.19016E-01 2.36948E-01 2.55242E-01 2.73927E-01 2.92954E-01 3.12340E-01 3.32036E-01 3.52019E-01 3.72282E-01 3.92772E-01 4.13533E-01 4.34326E-01 4.55495E-01 4.76836E-01 4.98342E-01 5.20006E-01 5.41818E-01 5.63773E-01 5.85861E-01 6.08077E-01 6.30459E-01 6.52800E-01 6.75387E-01 6.98063E-01 7.20830E-01 7.43683E-01 7.66623E-01 7.89636E-01 8.12791E-01 8.35940E-01 8.59175E-01 8.82485E-01 9.05866E-01 9.29311E-01 9.52817E-01 9.76387E-01 1.00000E+00 
1.14018E+00 1.22539E+00 1.32482E+00 1.44156E+00 1.57954E+00 1.74381E+00 1.94091E+00 2.12132E+00 2.17945E+00 2.49622E+00 2.89383E+00 3.39925E+00 4.05063E+00 4.90286E+00 6.03623E+00 7.57063E+00 9.68869E+00 1.26749E+01 1.69835E+01 2.33578E+01 3.30501E+01 4.82334E+01 7.28041E+01 1.13998E+02 1.85779E+02 3.16228E+02 
908
1.00750E-01 
9.88465E-02 
9.69693E-02 
9.51153E-02 
9.32627E-02 
9.14135E-02 
8.95699E-02 
8.81485E-02 
8.77339E-02 
8.57647E-02 
8.38086E-02 
8.18675E-02 
7.99434E-02 
7.80564E-02 
7.61803E-02 
7.43130E-02 
7.24569E-02 
7.06147E-02 
6.87885E-02 
6.69806E-02 
6.51930E-02 
6.34273E-02 
6.16853E-02 
5.99685E-02 
5.82782E-02 
5.66156E-02 
1.00750E-01 
9.88462E-02 
9.69690E-02 
9.51150E-02 
9.32623E-02 
9.14132E-02 
8.95696E-02 
8.81482E-02 
8.77336E-02 
8.57644E-02 
8.38083E-02 
8.18672E-02 
7.99431E-02 
7.80561E-02 
7.61800E-02 
7.43127E-02 
7.24566E-02 
7.06144E-02 
6.87882E-02 
6.69803E-02 
6.51926E-02 
6.34270E-02 
6.16850E-02 
5.99682E-02 
5.82779E-02 
5.66153E-02 
1.00750E-01 
9.88457E-02 
9.69686E-02 
9.51146E-02 
9.32619E-02 
9.14128E-02 
8.95692E-02 
8.81478E-02 
8.77332E-02 
8.57640E-02 
8.38079E-02 
8.18668E-02 
7.99427E-02 
7.80557E-02 
7.61796E-02 
7.43123E-02 
7.24562E-02 
7.06140E-02 
6.87878E-02 
6.69799E-02 
6.51923E-02 
6.34266E-02 
6.16846E-02 
5.99678E-02 
5.82775E-02 
5.66149E-02 
1.00749E-01 
9.88452E-02 
9.69680E-02 
9.51141E-02 
9.32614E-02 
9.14123E-02 
8.95687E-02 
8.81473E-02 
8.77326E-02 
8.57635E-02 
8.38074E-02 
8.18663E-02 
7.99422E-02 
7.80552E-02 
7.61791E-02 
7.43117E-02 
7.24557E-02 
7.06135E-02 
6.87873E-02 
6.69794E-02 
6.51917E-02 
6.34261E-02 
6.16841E-02 
5.99673E-02 
5.82770E-02 
5.66144E-02 
1.00748E-01 
9.88445E-02 
9.69673E-02 
9.51134E-02 
9.32607E-02 
9.14116E-02 
8.95680E-02 
8.81466E-02 
8.77320E-02 
8.57628E-02 
8.38067E-02 
8.18656E-02 
7.99415E-02 
7.80545E-02 
7.61785E-02 
7.43111E-02 
7.24550E-02 
7.06128E-02 
6.87867E-02 
6.69788E-02 
6.51911E-02 
6.34255E-02 
6.16835E-02 
5.99667E-02 
5.82764E-02 
5.66138E-02 
1.00748E-01 
9.88437E-02 
9.69665E-02 
9.51125E-02 
9.32598E-02 
9.14107E-02 
8.95672E-02 
8.81457E-02 
8.77311E-02 
8.57619E-02 
8.38058E-02 
8.18648E-02 
7.99407E-02 
7.80536E-02 
7.61776E-02 
7.43103E-02 
7.24542E-02 
7.06120E-02 
6.87858E-02 
6.69779E-02 
6.51903E-02 
6.34246E-02 
6.16827E-02 
5.99659E-02 
5.82756E-02 
5.66129E-02 
1.00746E-01 
9.88425E-02 
9.69653E-02 
9.51114E-02 
9.32587E-02 
9.14096E-02 
8.95660E-02 
8.81446E-02 
8.77300E-02 
8.57609E-02 
8.38048E-02 
8.18637E-02 
7.99396E-02 
7.80526E-02 
7.61765E-02 
7.43092E-02 
7.24531E-02 
7.06109E-02 
6.87848E-02 
6.69769E-02 
6.51892E-02 
6.34236E-02 
6.16816E-02 
5.99648E-02 
5.82745E-02 
5.66119E-02 
1.00745E-01 
9.88411E-02 
9.69639E-02 
9.51100E-02 
9.32573E-02 
9.14082E-02 
8.95646E-02 
8.81432E-02 
8.77286E-02 
8.57594E-02 
8.38034E-02 
8.18623E-02 
7.99382E-02 
7.80512E-02 
7.61751E-02 
7.43078E-02 
7.24518E-02 
7.06095E-02 
6.87834E-02 
6.69755E-02 
6.51879E-02 
6.34222E-02 
6.16803E-02 
5.99635E-02 
5.82732E-02 
5.66106E-02 
1.00743E-01 
9.88393E-02 
9.69621E-02 
9.51081E-02 
9.32555E-02 
9.14064E-02 
8.95628E-02 
8.81414E-02 
8.77268E-02 
8.57576E-02 
8.38016E-02 
8.18605E-02 
7.99364E-02 
7.80494E-02 
7.61734E-02 
7.43060E-02 
7.24500E-02 
7.06078E-02 
6.87816E-02 
6.69738E-02 
6.51861E-02 
6.34205E-02 
6.16786E-02 
5.99618E-02 
5.82715E-02 
5.66088E-02 
1.00741E-01 
9.88369E-02 
9.69597E-02 
9.51058E-02 
9.32531E-02 
9.14040E-02 
8.95605E-02 
8.81391E-02 
8.77245E-02 
8.57553E-02 
8.37993E-02 
8.18582E-02 
7.99341E-02 
7.80471E-02 
7.61711E-02 
7.43038E-02 
7.24477E-02 
7.06055E-02 
6.87794E-02 
6.69715E-02 
6.51839E-02 
6.34183E-02 
6.16763E-02 
5.99596E-02 
5.82693E-02 
5.66067E-02 
1.00738E-01 
9.88339E-02 
9.69567E-02 
9.51028E-02 
9.32502E-02 
9.14011E-02 
8.95575E-02 
8.81361E-02 
8.77215E-02 
8.57524E-02 
8.37963E-02 
8.18553E-02 
7.99312E-02 
7.80442E-02 
7.61682E-02 
7.43009E-02 
7.24449E-02 
7.06026E-02 
6.87765E-02 
6.69687E-02 
6.51810E-02 
6.34154E-02 
6.16735E-02 
5.99567E-02 
5.82665E-02 
5.66038E-02 
1.00734E-01 
9.88300E-02 
9.69528E-02 
9.50990E-02 
9.32463E-02 
9.13972E-02 
8.95537E-02 
8.81323E-02 
8.77177E-02 
8.57486E-02 
8.37925E-02 
8.18515E-02 
7.99274E-02 
7.80405E-02 
7.61645E-02 
7.42972E-02 
7.24412E-02 
7.05990E-02 
6.87729E-02 
6.69650E-02 
6.51774E-02 
6.34118E-02 
6.16699E-02 
5.99531E-02 
5.82628E-02 
5.66002E-02 
1.00729E-01 
9.88250E-02 
9.69479E-02 
9.50940E-02 
9.32414E-02 
9.13923E-02 
8.95488E-02 
8.81275E-02 
8.77128E-02 
8.57437E-02 
8.37877E-02 
8.18467E-02 
7.99226E-02 
7.80357E-02 
7.61597E-02 
7.42924E-02 
7.24364E-02 
7.05942E-02 
6.87681E-02 
6.69603E-02 
6.51727E-02 
6.34071E-02 
6.16652E-02 
5.99485E-02 
5.82582E-02 
5.65956E-02 
1.00722E-01 
9.88187E-02 
9.69416E-02 
9.50877E-02 
9.32351E-02 
9.13861E-02 
8.95426E-02 
8.81212E-02 
8.77066E-02 
8.57375E-02 
8.37815E-02 
8.18405E-02 
7.99165E-02 
7.80295E-02 
7.61536E-02 
7.42863E-02 
7.24303E-02 
7.05882E-02 
6.87621E-02 
6.69543E-02 
6.51667E-02 
6.34012E-02 
6.16593E-02 
5.99425E-02 
5.82523E-02 
5.65897E-02 
1.00714E-01 
9.88105E-02 
9.69334E-02 
9.50796E-02 
9.32270E-02 
9.13780E-02 
8.95345E-02 
8.81132E-02 
8.76986E-02 
8.57296E-02 
8.37736E-02 
8.18326E-02 
7.99086E-02 
7.80217E-02 
7.61457E-02 
7.42785E-02 
7.24226E-02 
7.05804E-02 
6.87544E-02 
6.69466E-02 
6.51590E-02 
6.33935E-02 
6.16516E-02 
5.99349E-02 
5.82447E-02 
5.65822E-02 
1.00704E-01 
9.88001E-02 
9.69230E-02 
9.50692E-02 
9.32167E-02 
9.13677E-02 
8.95243E-02 
8.81030E-02 
8.76884E-02 
8.57194E-02 
8.37634E-02 
8.18225E-02 
7.98985E-02 
7.80116E-02 
7.61357E-02 
7.42685E-02 
7.24126E-02 
7.05705E-02 
6.87445E-02 
6.69367E-02 
6.51492E-02 
6.33837E-02 
6.16418E-02 
5.99252E-02 
5.82350E-02 
5.65725E-02 
1.00690E-01 
9.87867E-02 
9.69097E-02 
9.50560E-02 
9.32035E-02 
9.13545E-02 
8.95111E-02 
8.80899E-02 
8.76753E-02 
8.57063E-02 
8.37504E-02 
8.18095E-02 
7.98856E-02 
7.79987E-02 
7.61229E-02 
7.42557E-02 
7.23998E-02 
7.05578E-02 
6.87318E-02 
6.69241E-02 
6.51366E-02 
6.33711E-02 
6.16293E-02 
5.99127E-02 
5.82225E-02 
5.65601E-02 
1.00673E-01 
9.87696E-02 
9.68927E-02 
9.50390E-02 
9.31865E-02 
9.13376E-02 
8.94943E-02 
8.80731E-02 
8.76585E-02 
8.56896E-02 
8.37337E-02 
8.17929E-02 
7.98690E-02 
7.79822E-02 
7.61064E-02 
7.42393E-02 
7.23835E-02 
7.05415E-02 
6.87155E-02 
6.69079E-02 
6.51204E-02 
6.33550E-02 
6.16133E-02 
5.98967E-02 
5.82066E-02 
5.65442E-02 
1.00651E-01 
9.87477E-02 
9.68708E-02 
9.50172E-02 
9.31648E-02 
9.13160E-02 
8.94727E-02 
8.80515E-02 
8.76370E-02 
8.56681E-02 
8.37123E-02 
8.17716E-02 
7.98478E-02 
7.79611E-02 
7.60853E-02 
7.42183E-02 
7.23625E-02 
7.05206E-02 
6.86947E-02 
6.68871E-02 
6.50998E-02 
6.33344E-02 
6.15927E-02 
5.98762E-02 
5.81862E-02 
5.65238E-02 
1.00623E-01 
9.87197E-02 
9.68429E-02 
9.49893E-02 
9.31370E-02 
9.12883E-02 
8.94451E-02 
8.80240E-02 
8.76094E-02 
8.56407E-02 
8.36850E-02 
8.17443E-02 
7.98206E-02 
7.79340E-02 
7.60583E-02 
7.41914E-02 
7.23357E-02 
7.04939E-02 
6.86681E-02 
6.68606E-02 
6.50733E-02 
6.33080E-02 
6.15664E-02 
5.98500E-02 
5.81600E-02 
5.64977E-02 
1.00587E-01 
9.86838E-02 
9.68071E-02 
9.49536E-02 
9.31014E-02 
9.12528E-02 
8.94097E-02 
8.79887E-02 
8.75742E-02 
8.56056E-02 
8.36500E-02 
8.17094E-02 
7.97858E-02 
7.78993E-02 
7.60238E-02 
7.41569E-02 
7.23014E-02 
7.04596E-02 
6.86340E-02 
6.68266E-02 
6.50394E-02 
6.32742E-02 
6.15327E-02 
5.98164E-02 
5.81266E-02 
5.64644E-02 
1.00541E-01 
9.86378E-02 
9.67612E-02 
9.49079E-02 
9.30559E-02 
9.12074E-02 
8.93645E-02 
8.79436E-02 
8.75291E-02 
8.55606E-02 
8.36052E-02 
8.16648E-02 
7.97413E-02 
7.78550E-02 
7.59796E-02 
7.41129E-02 
7.22575E-02 
7.04158E-02 
6.85903E-02 
6.67831E-02 
6.49960E-02 
6.32310E-02 
6.14896E-02 
5.97734E-02 
5.80837E-02 
5.64216E-02 
1.00482E-01 
9.85790E-02 
9.67026E-02 
9.48495E-02 
9.29976E-02 
9.11493E-02 
8.93066E-02 
8.78858E-02 
8.74714E-02 
8.55031E-02 
8.35478E-02 
8.16076E-02 
7.96844E-02 
7.77982E-02 
7.59230E-02 
7.40564E-02 
7.22012E-02 
7.03598E-02 
6.85345E-02 
6.67274E-02 
6.49405E-02 
6.31757E-02 
6.14345E-02 
5.97185E-02 
5.80289E-02 
5.63670E-02 
1.00407E-01 
9.85037E-02 
9.66276E-02 
9.47747E-02 
9.29231E-02 
9.10750E-02 
8.92325E-02 
8.78119E-02 
8.73975E-02 
8.54295E-02 
8.34745E-02 
8.15345E-02 
7.96115E-02 
7.77256E-02 
7.58506E-02 
7.39843E-02 
7.21293E-02 
7.02881E-02 
6.84630E-02 
6.66562E-02 
6.48695E-02 
6.31049E-02 
6.13639E-02 
5.96481E-02 
5.79588E-02 
5.62971E-02 
1.00310E-01 
9.84075E-02 
9.65317E-02 
9.46791E-02 
9.28278E-02 
9.09800E-02 
8.91378E-02 
8.77174E-02 
8.73031E-02 
8.53354E-02 
8.33807E-02 
8.14410E-02 
7.95183E-02 
7.76327E-02 
7.57580E-02 
7.38920E-02 
7.20374E-02 
7.01965E-02 
6.83716E-02 
6.65651E-02 
6.47787E-02 
6.30144E-02 
6.12737E-02 
5.95582E-02 
5.78691E-02 
5.62077E-02 
1.00187E-01 
9.82845E-02 
9.64091E-02 
9.45569E-02 
9.27059E-02 
9.08586E-02 
8.90167E-02 
8.75966E-02 
8.71824E-02 
8.52151E-02 
8.32608E-02 
8.13216E-02 
7.93992E-02 
7.75140E-02 
7.56397E-02 
7.37741E-02 
7.19198E-02 
7.00793E-02 
6.82549E-02 
6.64487E-02 
6.46627E-02 
6.28987E-02 
6.11584E-02 
5.94432E-02 
5.77545E-02 
5.60934E-02 
1.00026E-01 
9.81247E-02 
9.62498E-02 
9.43980E-02 
9.25476E-02 
9.07007E-02 
8.88594E-02 
8.74397E-02 
8.70255E-02 
8.50587E-02 
8.31050E-02 
8.11663E-02 
7.92445E-02 
7.73597E-02 
7.54860E-02 
7.36209E-02 
7.17671E-02 
6.99270E-02 
6.81031E-02 
6.62974E-02 
6.45119E-02 
6.27484E-02 
6.10085E-02 
5.92938E-02 
5.76055E-02 
5.59449E-02 
9.98245E-02 
9.79235E-02 
9.60492E-02 
9.41982E-02 
9.23483E-02 
9.05021E-02 
8.86614E-02 
8.72421E-02 
8.68281E-02 
8.48620E-02 
8.29089E-02 
8.09709E-02 
7.90497E-02 
7.71656E-02 
7.52925E-02 
7.34280E-02 
7.15748E-02 
6.97354E-02 
6.79121E-02 
6.61070E-02 
6.43221E-02 
6.25592E-02 
6.08199E-02 
5.91058E-02 
5.74181E-02 
5.57580E-02 
9.95672E-02 
9.76671E-02 
9.57936E-02 
9.39433E-02 
9.20943E-02 
9.02488E-02 
8.84089E-02 
8.69903E-02 
8.65765E-02 
8.46112E-02 
8.26590E-02 
8.07217E-02 
7.88014E-02 
7.69181E-02 
7.50458E-02 
7.31821E-02 
7.13297E-02 
6.94911E-02 
6.76686E-02 
6.58643E-02 
6.40801E-02 
6.23180E-02 
6.05795E-02 
5.88661E-02 
5.71791E-02 
5.55197E-02 
9.92396E-02 
9.73405E-02 
9.54681E-02 
9.36188E-02 
9.17708E-02 
8.99263E-02 
8.80874E-02 
8.66696E-02 
8.62560E-02 
8.42918E-02 
8.23406E-02 
8.04045E-02 
7.84852E-02 
7.66030E-02 
7.47317E-02 
7.28690E-02 
7.10176E-02 
6.91801E-02 
6.73585E-02 
6.55552E-02 
6.37720E-02 
6.20109E-02 
6.02733E-02 
5.85608E-02 
5.68748E-02 
5.52163E-02 
9.88230E-02 
9.69253E-02 
9.50541E-02 
9.32061E-02 
9.13594E-02 
8.95163E-02 
8.76786E-02 
8.62618E-02 
8.58485E-02 
8.38857E-02 
8.19359E-02 
8.00011E-02 
7.80832E-02 
7.62022E-02 
7.43322E-02 
7.24709E-02 
7.06208E-02 
6.87845E-02 
6.69642E-02 
6.51622E-02 
6.33803E-02 
6.16203E-02 
5.98840E-02 
5.81727E-02 
5.64879E-02 
5.48306E-02 
9.82933E-02 
9.63972E-02 
9.45277E-02 
9.26814E-02 
9.08364E-02 
8.89948E-02 
8.71588E-02 
8.57433E-02 
8.53303E-02 
8.33693E-02 
8.14212E-02 
7.94881E-02 
7.75719E-02 
7.56927E-02 
7.38243E-02 
7.19646E-02 
7.01162E-02 
6.82816E-02 
6.64629E-02 
6.46625E-02 
6.28822E-02 
6.11238E-02 
5.93890E-02 
5.76792E-02 
5.59959E-02 
5.43401E-02 
9.76224E-02 
9.57284E-02 
9.38611E-02 
9.20168E-02 
9.01739E-02 
8.83344E-02 
8.65005E-02 
8.50866E-02 
8.46741E-02 
8.27152E-02 
8.07694E-02 
7.88385E-02 
7.69245E-02 
7.50473E-02 
7.31811E-02 
7.13235E-02 
6.94772E-02 
6.76446E-02 
6.58280E-02 
6.40296E-02 
6.22513E-02 
6.04949E-02 
5.87621E-02 
5.70543E-02 
5.53728E-02 
5.37189E-02 
9.67752E-02 
9.48840E-02 
9.30193E-02 
9.11777E-02 
8.93374E-02 
8.75006E-02 
8.56693E-02 
8.42574E-02 
8.38455E-02 
8.18894E-02 
7.99464E-02 
7.80182E-02 
7.61070E-02 
7.42325E-02 
7.23690E-02 
7.05141E-02 
6.86704E-02 
6.68404E-02 
6.50265E-02 
6.32306E-02 
6.14549E-02 
5.97010E-02 
5.79706E-02 
5.62653E-02 
5.45862E-02 
5.29347E-02 
9.57101E-02 
9.38223E-02 
9.19610E-02 
9.01227E-02 
8.82857E-02 
8.64522E-02 
8.46243E-02 
8.32149E-02 
8.28038E-02 
8.08513E-02 
7.89117E-02 
7.69871E-02 
7.50792E-02 
7.32082E-02 
7.13480E-02 
6.94965E-02 
6.76561E-02 
6.58295E-02 
6.40188E-02 
6.22262E-02 
6.04536E-02 
5.87030E-02 
5.69757E-02 
5.52735E-02 
5.35975E-02 
5.19489E-02 
9.43760E-02 
9.24925E-02 
9.06354E-02 
8.88013E-02 
8.69685E-02 
8.51392E-02 
8.33154E-02 
8.19092E-02 
8.14990E-02 
7.95510E-02 
7.76158E-02 
7.56956E-02 
7.37921E-02 
7.19253E-02 
7.00694E-02 
6.82220E-02 
6.63859E-02 
6.45634E-02 
6.27568E-02 
6.09683E-02 
5.91998E-02 
5.74531E-02 
5.57298E-02 
5.40314E-02 
5.23592E-02 
5.07144E-02 
9.27151E-02 
9.08370E-02 
8.89852E-02 
8.71564E-02 
8.53288E-02 
8.35047E-02 
8.16861E-02 
8.02839E-02 
7.98749E-02 
7.79324E-02 
7.60027E-02 
7.40880E-02 
7.21899E-02 
7.03284E-02 
6.84778E-02 
6.66357E-02 
6.48048E-02 
6.29875E-02 
6.11860E-02 
5.94026E-02 
5.76392E-02 
5.58974E-02 
5.41791E-02 
5.24855E-02 
5.08181E-02 
4.91779E-02 
9.06617E-02 
8.87903E-02 
8.69451E-02 
8.51227E-02 
8.33016E-02 
8.14840E-02 
7.96718E-02 
7.82746E-02 
7.78671E-02 
7.59314E-02 
7.40087E-02 
7.21007E-02 
7.02093E-02 
6.83545E-02 
6.65104E-02 
6.46749E-02 
6.28504E-02 
6.10396E-02 
5.92445E-02 
5.74675E-02 
5.57103E-02 
5.39747E-02 
5.22624E-02 
5.05749E-02 
4.89134E-02 
4.72791E-02 
8.81439E-02 
8.62807E-02 
8.44436E-02 
8.26292E-02 
8.08161E-02 
7.90065E-02 
7.72023E-02 
7.58112E-02 
7.54054E-02 
7.34783E-02 
7.15640E-02 
6.96643E-02 
6.77813E-02 
6.59346E-02 
6.40986E-02 
6.22711E-02 
6.04547E-02 
5.86518E-02 
5.68646E-02 
5.50954E-02 
5.33459E-02 
5.16179E-02 
4.99132E-02 
4.82330E-02 
4.65788E-02 
4.49517E-02 
8.50867E-02 
8.32335E-02 
8.14063E-02 
7.96017E-02 
7.77984E-02 
7.59985E-02 
7.42040E-02 
7.28205E-02 
7.24169E-02 
7.05001E-02 
6.85961E-02 
6.67067E-02 
6.48338E-02 
6.29971E-02 
6.11710E-02 
5.93533E-02 
5.75467E-02 
5.57535E-02 
5.39760E-02 
5.22163E-02 
5.04762E-02 
4.87576E-02 
4.70620E-02 
4.53909E-02 
4.37456E-02 
4.21272E-02 
8.14157E-02 
7.95747E-02 
7.77595E-02 
7.59667E-02 
7.41752E-02 
7.23871E-02 
7.06044E-02 
6.92299E-02 
6.88290E-02 
6.69248E-02 
6.50333E-02 
6.31563E-02 
6.12957E-02 
5.94709E-02 
5.76568E-02 
5.58511E-02 
5.40563E-02 
5.22749E-02 
5.05090E-02 
4.87608E-02 
4.70322E-02 
4.53248E-02 
4.36404E-02 
4.19802E-02 
4.03457E-02 
3.87380E-02 
7.70638E-02 
7.52373E-02 
7.34365E-02 
7.16579E-02 
6.98805E-02 
6.81066E-02 
6.63379E-02 
6.49743E-02 
6.45765E-02 
6.26874E-02 
6.08108E-02 
5.89487E-02 
5.71028E-02 
5.52925E-02 
5.34927E-02 
5.17012E-02 
4.99207E-02 
4.81533E-02 
4.64014E-02 
4.46670E-02 
4.29520E-02 
4.12582E-02 
3.95870E-02 
3.79400E-02 
3.63184E-02 
3.47233E-02 
7.19692E-02 
7.01599E-02 
6.83760E-02 
6.66142E-02 
6.48536E-02 
6.30964E-02 
6.13445E-02 
5.99937E-02 
5.95997E-02 
5.77284E-02 
5.58695E-02 
5.40249E-02 
5.21965E-02 
5.04032E-02 
4.86204E-02 
4.68459E-02 
4.50821E-02 
4.33314E-02 
4.15961E-02 
3.98780E-02 
3.81792E-02 
3.65014E-02 
3.48460E-02 
3.32145E-02 
3.16082E-02 
3.00282E-02 
6.61223E-02 
6.43331E-02 
6.25690E-02 
6.08267E-02 
5.90857E-02 
5.73479E-02 
5.56154E-02 
5.42796E-02 
5.38900E-02 
5.20394E-02 
5.02012E-02 
4.83771E-02 
4.65688E-02 
4.47955E-02 
4.30325E-02 
4.12776E-02 
3.95334E-02 
3.78021E-02 
3.60860E-02 
3.43870E-02 
3.27071E-02 
3.10478E-02 
2.94108E-02 
2.77974E-02 
2.62089E-02 
2.46464E-02 
5.94906E-02 
5.77246E-02 
5.59833E-02 
5.42635E-02 
5.25450E-02 
5.08297E-02 
4.91196E-02 
4.78011E-02 
4.74165E-02 
4.55899E-02 
4.37754E-02 
4.19749E-02 
4.01901E-02 
3.84397E-02 
3.66994E-02 
3.49673E-02 
3.32456E-02 
3.15367E-02 
2.98428E-02 
2.81658E-02 
2.65075E-02 
2.48697E-02 
2.32539E-02 
2.16614E-02 
2.00934E-02 
1.85512E-02 
5.20997E-02 
5.03599E-02 
4.86446E-02 
4.69505E-02 
4.52575E-02 
4.35678E-02 
4.18832E-02 
4.05843E-02 
4.02054E-02 
3.84060E-02 
3.66185E-02 
3.48448E-02 
3.30866E-02 
3.13622E-02 
2.96479E-02 
2.79415E-02 
2.62455E-02 
2.45621E-02 
2.28934E-02 
2.12413E-02 
1.96078E-02 
1.79944E-02 
1.64026E-02 
1.48338E-02 
1.32892E-02 
1.17699E-02 
4.39965E-02 
4.22863E-02 
4.06000E-02 
3.89346E-02 
3.72703E-02 
3.56093E-02 
3.39532E-02 
3.26763E-02 
3.23039E-02 
3.05350E-02 
2.87778E-02 
2.70342E-02 
2.53057E-02 
2.36106E-02 
2.19254E-02 
2.02479E-02 
1.85807E-02 
1.69258E-02 
1.52854E-02 
1.36613E-02 
1.20555E-02 
1.04694E-02 
8.90463E-03 
7.36243E-03 
5.84403E-03 
4.35048E-03 
3.52558E-02 
3.35782E-02 
3.19242E-02 
3.02906E-02 
2.86581E-02 
2.70288E-02 
2.54043E-02 
2.41519E-02 
2.37865E-02 
2.20514E-02 
2.03278E-02 
1.86174E-02 
1.69220E-02 
1.52593E-02 
1.36062E-02 
1.19608E-02 
1.03254E-02 
8.70209E-03 
7.09299E-03 
5.49999E-03 
3.92480E-03 
2.36903E-03 
8.34112E-04 
-6.78630E-04 
-2.16804E-03 
-3.63306E-03 
2.59776E-02 
2.43357E-02 
2.27169E-02 
2.11181E-02 
1.95203E-02 
1.79257E-02 
1.63358E-02 
1.51100E-02 
1.47525E-02 
1.30543E-02 
1.13674E-02 
9.69346E-03 
8.03414E-03 
6.40681E-03 
4.78895E-03 
3.17858E-03 
1.57796E-03 
-1.07514E-05 
-1.58558E-03 
-3.14467E-03 
-4.68632E-03 
-6.20896E-03 
-7.71119E-03 
-9.19172E-03 
-1.06494E-02 
-1.20832E-02 
1.62842E-02 
1.46809E-02 
1.31001E-02 
1.15389E-02 
9.97876E-03 
8.42161E-03 
6.86912E-03 
5.67215E-03 
5.32298E-03 
3.66475E-03 
2.01751E-03 
3.82926E-04 
-1.23738E-03 
-2.82645E-03 
-4.40626E-03 
-5.97877E-03 
-7.54175E-03 
-9.09311E-03 
-1.06309E-02 
-1.21533E-02 
-1.36587E-02 
-1.51456E-02 
-1.66125E-02 
-1.80582E-02 
-1.94816E-02 
-2.08817E-02 
6.30903E-03 
4.74703E-03 
3.20693E-03 
1.68591E-03 
1.65922E-04 
-1.35115E-03 
-2.86367E-03 
-4.02983E-03 
-4.37001E-03 
-5.98556E-03 
-7.59039E-03 
-9.18290E-03 
-1.07615E-02 
-1.23097E-02 
-1.38488E-02 
-1.53808E-02 
-1.69036E-02 
-1.84150E-02 
-1.99132E-02 
-2.13965E-02 
-2.28631E-02 
-2.43117E-02 
-2.57408E-02 
-2.71493E-02 
-2.85361E-02 
-2.99002E-02 
-3.75463E-03 
-5.27319E-03 
-6.77045E-03 
-8.24916E-03 
-9.72686E-03 
-1.12017E-02 
-1.26722E-02 
-1.38059E-02 
-1.41366E-02 
-1.57072E-02 
-1.72674E-02 
-1.88156E-02 
-2.03503E-02 
-2.18554E-02 
-2.33518E-02 
-2.48412E-02 
-2.63216E-02 
-2.77909E-02 
-2.92475E-02 
-3.06895E-02 
-3.21153E-02 
-3.35236E-02 
-3.49130E-02 
-3.62823E-02 
-3.76305E-02 
-3.89567E-02 
-1.38888E-02 
-1.53615E-02 
-1.68135E-02 
-1.82476E-02 
-1.96806E-02 
-2.11109E-02 
-2.25369E-02 
-2.36364E-02 
-2.39571E-02 
-2.54803E-02 
-2.69933E-02 
-2.84947E-02 
-2.99831E-02 
-3.14427E-02 
-3.28938E-02 
-3.43382E-02 
-3.57739E-02 
-3.71988E-02 
-3.86114E-02 
-4.00098E-02 
-4.13926E-02 
-4.27583E-02 
-4.41057E-02 
-4.54336E-02 
-4.67411E-02 
-4.80272E-02 
-2.38648E-02 
-2.52898E-02 
-2.66949E-02 
-2.80825E-02 
-2.94692E-02 
-3.08533E-02 
-3.22331E-02 
-3.32970E-02 
-3.36074E-02 
-3.50813E-02 
-3.65454E-02 
-3.79983E-02 
-3.94384E-02 
-4.08508E-02 
-4.22550E-02 
-4.36527E-02 
-4.50419E-02 
-4.64208E-02 
-4.77877E-02 
-4.91408E-02 
-5.04789E-02 
-5.18004E-02 
-5.31043E-02 
-5.43892E-02 
-5.56544E-02 
-5.68989E-02 
-3.35872E-02 
-3.49630E-02 
-3.63195E-02 
-3.76592E-02 
-3.89980E-02 
-4.03342E-02 
-4.16664E-02 
-4.26935E-02 
-4.29932E-02 
-4.44161E-02 
-4.58296E-02 
-4.72323E-02 
-4.86227E-02 
-4.99863E-02 
-5.13419E-02 
-5.26913E-02 
-5.40325E-02 
-5.53638E-02 
-5.66834E-02 
-5.79898E-02 
-5.92816E-02 
-6.05574E-02 
-6.18162E-02 
-6.30568E-02 
-6.42782E-02 
-6.54797E-02 
-4.29436E-02 
-4.42688E-02 
-4.55754E-02 
-4.68658E-02 
-4.81553E-02 
-4.94424E-02 
-5.07255E-02 
-5.17149E-02 
-5.20035E-02 
-5.33741E-02 
-5.47356E-02 
-5.60866E-02 
-5.74259E-02 
-5.87393E-02 
-6.00451E-02 
-6.13448E-02 
-6.26367E-02 
-6.39189E-02 
-6.51900E-02 
-6.64483E-02 
-6.76926E-02 
-6.89215E-02 
-7.01340E-02 
-7.13289E-02 
-7.25054E-02 
-7.36627E-02 
-5.18324E-02 
-5.31058E-02 
-5.43614E-02 
-5.56014E-02 
-5.68405E-02 
-5.80773E-02 
-5.93104E-02 
-6.02611E-02 
-6.05384E-02 
-6.18554E-02 
-6.31638E-02 
-6.44620E-02 
-6.57490E-02 
-6.70111E-02 
-6.82658E-02 
-6.95148E-02 
-7.07562E-02 
-7.19884E-02 
-7.32098E-02 
-7.44190E-02 
-7.56147E-02 
-7.67956E-02 
-7.79607E-02 
-7.91089E-02 
-8.02395E-02 
-8.13515E-02 
-6.01626E-02 
-6.13834E-02 
-6.25870E-02 
-6.37756E-02 
-6.49635E-02 
-6.61491E-02 
-6.73312E-02 
-6.82425E-02 
-6.85084E-02 
-6.97709E-02 
-7.10251E-02 
-7.22697E-02 
-7.35034E-02 
-7.47133E-02 
-7.59161E-02 
-7.71134E-02 
-7.83035E-02 
-7.94847E-02 
-8.06555E-02 
-8.18147E-02 
-8.29609E-02 
-8.40930E-02 
-8.52098E-02 
-8.63106E-02 
-8.73944E-02 
-8.84604E-02 
-6.77830E-02 
-6.89509E-02 
-7.01023E-02 
-7.12395E-02 
-7.23759E-02 
-7.35102E-02 
-7.46410E-02 
-7.55129E-02 
-7.57672E-02 
-7.69751E-02 
-7.81749E-02 
-7.93656E-02 
-8.05458E-02 
-8.17033E-02 
-8.28540E-02 
-8.39995E-02 
-8.51379E-02 
-8.62680E-02 
-8.73881E-02 
-8.84971E-02 
-8.95936E-02 
-9.06766E-02 
-9.17451E-02 
-9.27982E-02 
-9.38350E-02 
-9.48549E-02 
-7.47731E-02 
-7.58870E-02 
-7.69853E-02 
-7.80699E-02 
-7.91539E-02 
-8.02358E-02 
-8.13144E-02 
-8.21460E-02 
-8.23886E-02 
-8.35407E-02 
-8.46851E-02 
-8.58208E-02 
-8.69465E-02 
-8.80506E-02 
-8.91482E-02 
-9.02407E-02 
-9.13266E-02 
-9.24045E-02 
-9.34729E-02 
-9.45307E-02 
-9.55766E-02 
-9.66096E-02 
-9.76288E-02 
-9.86332E-02 
-9.96221E-02 
-1.00595E-01 
-8.09702E-02 
-8.20301E-02 
-8.30751E-02 
-8.41072E-02 
-8.51385E-02 
-8.61679E-02 
-8.71943E-02 
-8.79855E-02 
-8.82164E-02 
-8.93126E-02 
-9.04015E-02 
-9.14821E-02 
-9.25533E-02 
-9.36038E-02 
-9.46482E-02 
-9.56877E-02 
-9.67210E-02 
-9.77465E-02 
-9.87631E-02 
-9.97696E-02 
-1.00765E-01 
-1.01748E-01 
-1.02717E-01 
-1.03673E-01 
-1.04614E-01 
-1.05540E-01 
-8.63546E-02 
-8.73604E-02 
-8.83520E-02 
-8.93314E-02 
-9.03100E-02 
-9.12869E-02 
-9.22607E-02 
-9.30116E-02 
-9.32306E-02 
-9.42709E-02 
-9.53042E-02 
-9.63296E-02 
-9.73460E-02 
-9.83428E-02 
-9.93339E-02 
-1.00320E-01 
-1.01301E-01 
-1.02274E-01 
-1.03239E-01 
-1.04194E-01 
-1.05138E-01 
-1.06071E-01 
-1.06991E-01 
-1.07898E-01 
-1.08791E-01 
-1.09669E-01 
-9.08865E-02 
-9.18382E-02 
-9.27765E-02 
-9.37032E-02 
-9.46293E-02 
-9.55536E-02 
-9.64752E-02 
-9.71857E-02 
-9.73929E-02 
-9.83772E-02 
-9.93550E-02 
-1.00325E-01 
-1.01287E-01 
-1.02230E-01 
-1.03168E-01 
-1.04101E-01 
-1.05029E-01 
-1.05950E-01 
-1.06863E-01 
-1.07767E-01 
-1.08660E-01 
-1.09543E-01 
-1.10414E-01 
-1.11272E-01 
-1.12117E-01 
-1.12948E-01 
-9.45490E-02 
-9.54467E-02 
-9.63319E-02 
-9.72060E-02 
-9.80796E-02 
-9.89515E-02 
-9.98207E-02 
-1.00491E-01 
-1.00686E-01 
-1.01615E-01 
-1.02537E-01 
-1.03452E-01 
-1.04360E-01 
-1.05249E-01 
-1.06134E-01 
-1.07015E-01 
-1.07890E-01 
-1.08758E-01 
-1.09619E-01 
-1.10472E-01 
-1.11315E-01 
-1.12147E-01 
-1.12969E-01 
-1.13778E-01 
-1.14575E-01 
-1.15359E-01 
-9.73169E-02 
-9.81609E-02 
-9.89931E-02 
-9.98150E-02 
-1.00636E-01 
-1.01456E-01 
-1.02273E-01 
-1.02903E-01 
-1.03087E-01 
-1.03960E-01 
-1.04827E-01 
-1.05688E-01 
-1.06541E-01 
-1.07377E-01 
-1.08209E-01 
-1.09037E-01 
-1.09860E-01 
-1.10676E-01 
-1.11486E-01 
-1.12287E-01 
-1.13080E-01 
-1.13863E-01 
-1.14635E-01 
-1.15396E-01 
-1.16145E-01 
-1.16882E-01 
-9.91786E-02 
-9.99694E-02 
-1.00749E-01 
-1.01519E-01 
-1.02288E-01 
-1.03056E-01 
-1.03822E-01 
-1.04412E-01 
-1.04585E-01 
-1.05403E-01 
-1.06215E-01 
-1.07021E-01 
-1.07820E-01 
-1.08604E-01 
-1.09383E-01 
-1.10159E-01 
-1.10930E-01 
-1.11695E-01 
-1.12453E-01 
-1.13204E-01 
-1.13947E-01 
-1.14680E-01 
-1.15403E-01 
-1.16116E-01 
-1.16818E-01 
-1.17509E-01 
-1.00130E-01 
-1.00868E-01 
-1.01595E-01 
-1.02314E-01 
-1.03032E-01 
-1.03749E-01 
-1.04463E-01 
-1.05014E-01 
-1.05175E-01 
-1.05938E-01 
-1.06696E-01 
-1.07449E-01 
-1.08194E-01 
-1.08926E-01 
-1.09653E-01 
-1.10377E-01 
-1.11096E-01 
-1.11810E-01 
-1.12518E-01 
-1.13219E-01 
-1.13912E-01 
-1.14596E-01 
-1.15271E-01 
-1.15936E-01 
-1.16592E-01 
-1.17236E-01 
-1.00171E-01 
-1.00857E-01 
-1.01533E-01 
-1.02201E-01 
-1.02868E-01 
-1.03535E-01 
-1.04199E-01 
-1.04711E-01 
-1.04860E-01 
-1.05569E-01 
-1.06274E-01 
-1.06973E-01 
-1.07666E-01 
-1.08346E-01 
-1.09021E-01 
-1.09694E-01 
-1.10363E-01 
-1.11026E-01 
-1.11684E-01 
-1.12335E-01 
-1.12979E-01 
-1.13615E-01 
-1.14242E-01 
-1.14861E-01 
-1.15470E-01 
-1.16068E-01 
-9.93093E-02 
-9.99435E-02 
-1.00569E-01 
-1.01186E-01 
-1.01803E-01 
-1.02419E-01 
-1.03034E-01 
-1.03507E-01 
-1.03645E-01 
-1.04301E-01 
-1.04953E-01 
-1.05599E-01 
-1.06240E-01 
-1.06869E-01 
-1.07494E-01 
-1.08116E-01 
-1.08734E-01 
-1.09348E-01 
-1.09956E-01 
-1.10558E-01 
-1.11154E-01 
-1.11742E-01 
-1.12322E-01 
-1.12894E-01 
-1.13457E-01 
-1.14011E-01 
-9.75740E-02 
-9.81579E-02 
-9.87335E-02 
-9.93021E-02 
-9.98702E-02 
-1.00437E-01 
-1.01003E-01 
-1.01438E-01 
-1.01566E-01 
-1.02169E-01 
-1.02769E-01 
-1.03365E-01 
-1.03955E-01 
-1.04533E-01 
-1.05109E-01 
-1.05681E-01 
-1.06250E-01 
-1.06815E-01 
-1.07375E-01 
-1.07930E-01 
-1.08478E-01 
-1.09019E-01 
-1.09554E-01 
-1.10080E-01 
-1.10598E-01 
-1.11108E-01 
-9.49534E-02 
-9.54873E-02 
-9.60137E-02 
-9.65336E-02 
-9.70531E-02 
-9.75716E-02 
-9.80886E-02 
-9.84872E-02 
-9.86035E-02 
-9.91557E-02 
-9.97042E-02 
-1.00249E-01 
-1.00788E-01 
-1.01317E-01 
-1.01843E-01 
-1.02367E-01 
-1.02888E-01 
-1.03404E-01 
-1.03916E-01 
-1.04423E-01 
-1.04924E-01 
-1.05420E-01 
-1.05908E-01 
-1.06390E-01 
-1.06864E-01 
-1.07330E-01 
-9.14826E-02 
-9.19675E-02 
-9.24456E-02 
-9.29178E-02 
-9.33896E-02 
-9.38606E-02 
-9.43301E-02 
-9.46921E-02 
-9.47977E-02 
-9.52993E-02 
-9.57975E-02 
-9.62918E-02 
-9.67819E-02 
-9.72625E-02 
-9.77403E-02 
-9.82159E-02 
-9.86886E-02 
-9.91578E-02 
-9.96229E-02 
-1.00083E-01 
-1.00539E-01 
-1.00988E-01 
-1.01432E-01 
-1.01869E-01 
-1.02300E-01 
-1.02723E-01 
-8.71877E-02 
-8.76246E-02 
-8.80554E-02 
-8.84809E-02 
-8.89060E-02 
-8.93304E-02 
-8.97534E-02 
-9.00796E-02 
-9.01748E-02 
-9.06266E-02 
-9.10755E-02 
-9.15210E-02 
-9.19625E-02 
-9.23956E-02 
-9.28261E-02 
-9.32546E-02 
-9.36805E-02 
-9.41033E-02 
-9.45223E-02 
-9.49372E-02 
-9.53475E-02 
-9.57526E-02 
-9.61524E-02 
-9.65464E-02 
-9.69342E-02 
-9.73158E-02 
-8.20979E-02 
-8.24878E-02 
-8.28723E-02 
-8.32520E-02 
-8.36315E-02 
-8.40102E-02 
-8.43878E-02 
-8.46790E-02 
-8.47639E-02 
-8.51672E-02 
-8.55679E-02 
-8.59654E-02 
-8.63595E-02 
-8.67460E-02 
-8.71303E-02 
-8.75127E-02 
-8.78929E-02 
-8.82702E-02 
-8.86442E-02 
-8.90145E-02 
-8.93807E-02 
-8.97423E-02 
-9.00991E-02 
-9.04507E-02 
-9.07969E-02 
-9.11375E-02 
-7.62457E-02 
-7.65898E-02 
-7.69291E-02 
-7.72641E-02 
-7.75990E-02 
-7.79332E-02 
-7.82664E-02 
-7.85232E-02 
-7.85982E-02 
-7.89541E-02 
-7.93076E-02 
-7.96584E-02 
-8.00062E-02 
-8.03472E-02 
-8.06863E-02 
-8.10238E-02 
-8.13592E-02 
-8.16922E-02 
-8.20222E-02 
-8.23490E-02 
-8.26721E-02 
-8.29912E-02 
-8.33060E-02 
-8.36163E-02 
-8.39218E-02 
-8.42223E-02 
-6.96655E-02 
-6.99649E-02 
-7.02600E-02 
-7.05516E-02 
-7.08429E-02 
-7.11336E-02 
-7.14235E-02 
-7.16470E-02 
-7.17122E-02 
-7.20219E-02 
-7.23294E-02 
-7.26347E-02 
-7.29372E-02 
-7.32339E-02 
-7.35289E-02 
-7.38225E-02 
-7.41144E-02 
-7.44041E-02 
-7.46912E-02 
-7.49755E-02 
-7.52566E-02 
-7.55342E-02 
-7.58081E-02 
-7.60781E-02 
-7.63439E-02 
-7.66053E-02 
-6.23957E-02 
-6.26515E-02 
-6.29038E-02 
-6.31529E-02 
-6.34018E-02 
-6.36503E-02 
-6.38980E-02 
-6.40890E-02 
-6.41447E-02 
-6.44093E-02 
-6.46722E-02 
-6.49330E-02 
-6.51916E-02 
-6.54451E-02 
-6.56972E-02 
-6.59481E-02 
-6.61975E-02 
-6.64451E-02 
-6.66905E-02 
-6.69334E-02 
-6.71736E-02 
-6.74108E-02 
-6.76449E-02 
-6.78756E-02 
-6.81027E-02 
-6.83261E-02 
-5.44757E-02 
-5.46892E-02 
-5.48998E-02 
-5.51077E-02 
-5.53154E-02 
-5.55228E-02 
-5.57295E-02 
-5.58889E-02 
-5.59354E-02 
-5.61562E-02 
-5.63756E-02 
-5.65933E-02 
-5.68090E-02 
-5.70206E-02 
-5.72310E-02 
-5.74404E-02 
-5.76486E-02 
-5.78552E-02 
-5.80599E-02 
-5.82627E-02 
-5.84632E-02 
-5.86612E-02 
-5.88565E-02 
-5.90490E-02 
-5.92386E-02 
-5.94250E-02 
-4.59303E-02 
-4.61027E-02 
-4.62726E-02 
-4.64404E-02 
-4.66081E-02 
-4.67755E-02 
-4.69424E-02 
-4.70711E-02 
-4.71086E-02 
-4.72869E-02 
-4.74640E-02 
-4.76397E-02 
-4.78139E-02 
-4.79847E-02 
-4.81545E-02 
-4.83236E-02 
-4.84916E-02 
-4.86584E-02 
-4.88237E-02 
-4.89873E-02 
-4.91492E-02 
-4.93090E-02 
-4.94667E-02 
-4.96221E-02 
-4.97751E-02 
-4.99256E-02 
-3.68843E-02 
-3.70170E-02 
-3.71479E-02 
-3.72772E-02 
-3.74064E-02 
-3.75354E-02 
-3.76639E-02 
-3.77630E-02 
-3.77920E-02 
-3.79293E-02 
-3.80657E-02 
-3.82010E-02 
-3.83352E-02 
-3.84668E-02 
-3.85976E-02 
-3.87279E-02 
-3.88573E-02 
-3.89858E-02 
-3.91131E-02 
-3.92392E-02 
-3.93638E-02 
-3.94870E-02 
-3.96084E-02 
-3.97282E-02 
-3.98460E-02 
-3.99620E-02 
-2.72659E-02 
-2.73602E-02 
-2.74531E-02 
-2.75449E-02 
-2.76367E-02 
-2.77282E-02 
-2.78195E-02 
-2.78899E-02 
-2.79104E-02 
-2.80079E-02 
-2.81047E-02 
-2.82008E-02 
-2.82961E-02 
-2.83895E-02 
-2.84824E-02 
-2.85749E-02 
-2.86668E-02 
-2.87580E-02 
-2.88484E-02 
-2.89379E-02 
-2.90264E-02 
-2.91138E-02 
-2.92001E-02 
-2.92851E-02 
-2.93688E-02 
-2.94511E-02 
-1.71841E-02 
-1.72413E-02 
-1.72976E-02 
-1.73533E-02 
-1.74089E-02 
-1.74644E-02 
-1.75197E-02 
-1.75623E-02 
-1.75748E-02 
-1.76339E-02 
-1.76926E-02 
-1.77509E-02 
-1.78086E-02 
-1.78652E-02 
-1.79215E-02 
-1.79776E-02 
-1.80333E-02 
-1.80886E-02 
-1.81434E-02 
-1.81976E-02 
-1.82513E-02 
-1.83043E-02 
-1.83566E-02 
-1.84081E-02 
-1.84588E-02 
-1.85087E-02 
-6.68615E-03 
-6.70756E-03 
-6.72867E-03 
-6.74952E-03 
-6.77036E-03 
-6.79115E-03 
-6.81188E-03 
-6.82787E-03 
-6.83253E-03 
-6.85468E-03 
-6.87668E-03 
-6.89851E-03 
-6.92014E-03 
-6.94137E-03 
-6.96246E-03 
-6.98346E-03 
-7.00434E-03 
-7.02505E-03 
-7.04559E-03 
-7.06592E-03 
-7.08603E-03 
-7.10588E-03 
-7.12547E-03 
-7.14478E-03 
-7.16379E-03 
-7.18249E-03 
4.17627E-03 
4.18916E-03 
4.20188E-03 
4.21444E-03 
4.22698E-03 
4.23951E-03 
4.25200E-03 
4.26162E-03 
4.26443E-03 
4.27777E-03 
4.29102E-03 
4.30417E-03 
4.31720E-03 
4.32998E-03 
4.34269E-03 
4.35533E-03 
4.36791E-03 
4.38038E-03 
4.39275E-03 
4.40500E-03 
4.41711E-03 
4.42906E-03 
4.44086E-03 
4.45249E-03 
4.46394E-03 
4.47520E-03 
1.53528E-02 
1.53986E-02 
1.54437E-02 
1.54883E-02 
1.55328E-02 
1.55772E-02 
1.56215E-02 
1.56557E-02 
1.56657E-02 
1.57130E-02 
1.57600E-02 
1.58067E-02 
1.58529E-02 
1.58983E-02 
1.59434E-02 
1.59883E-02 
1.60329E-02 
1.60772E-02 
1.61211E-02 
1.61645E-02 
1.62075E-02 
1.62499E-02 
1.62918E-02 
1.63331E-02 
1.63737E-02 
1.64137E-02 
2.67844E-02 
2.68616E-02 
2.69377E-02 
2.70128E-02 
2.70879E-02 
2.71628E-02 
2.72376E-02 
2.72952E-02 
2.73120E-02 
2.73918E-02 
2.74710E-02 
2.75497E-02 
2.76277E-02 
2.77042E-02 
2.77802E-02 
2.78559E-02 
2.79311E-02 
2.80057E-02 
2.80798E-02 
2.81530E-02 
2.82255E-02 
2.82970E-02 
2.83676E-02 
2.84372E-02 
2.85057E-02 
2.85731E-02 
3.84527E-02 
3.85598E-02 
3.86655E-02 
3.87698E-02 
3.88741E-02 
3.89782E-02 
3.90819E-02 
3.91619E-02 
3.91852E-02 
3.92961E-02 
3.94062E-02 
3.95154E-02 
3.96237E-02 
3.97299E-02 
3.98355E-02 
3.99406E-02 
4.00450E-02 
4.01487E-02 
4.02515E-02 
4.03532E-02 
4.04538E-02 
4.05532E-02 
4.06512E-02 
4.07479E-02 
4.08430E-02 
4.09366E-02 
5.02282E-02 
5.03637E-02 
5.04974E-02 
5.06293E-02 
5.07612E-02 
5.08929E-02 
5.10241E-02 
5.11253E-02 
5.11548E-02 
5.12950E-02 
5.14342E-02 
5.15724E-02 
5.17094E-02 
5.18437E-02 
5.19773E-02 
5.21102E-02 
5.22423E-02 
5.23735E-02 
5.25035E-02 
5.26322E-02 
5.27594E-02 
5.28851E-02 
5.30091E-02 
5.31313E-02 
5.32517E-02 
5.33700E-02 
6.21016E-02 
6.22640E-02 
6.24242E-02 
6.25823E-02 
6.27404E-02 
6.28981E-02 
6.30554E-02 
6.31767E-02 
6.32120E-02 
6.33800E-02 
6.35469E-02 
6.37125E-02 
6.38766E-02 
6.40376E-02 
6.41976E-02 
6.43569E-02 
6.45152E-02 
6.46724E-02 
6.48282E-02 
6.49824E-02 
6.51349E-02 
6.52855E-02 
6.54341E-02 
6.55806E-02 
6.57248E-02 
6.58666E-02 
7.40108E-02 
7.41985E-02 
7.43837E-02 
7.45665E-02 
7.47492E-02 
7.49316E-02 
7.51134E-02 
7.52536E-02 
7.52945E-02 
7.54887E-02 
7.56816E-02 
7.58730E-02 
7.60627E-02 
7.62488E-02 
7.64339E-02 
7.66180E-02 
7.68011E-02 
7.69827E-02 
7.71628E-02 
7.73411E-02 
7.75174E-02 
7.76916E-02 
7.78633E-02 
7.80327E-02 
7.81994E-02 
7.83633E-02 
8.58958E-02 
8.61074E-02 
8.63159E-02 
8.65220E-02 
8.67278E-02 
8.69333E-02 
8.71381E-02 
8.72961E-02 
8.73422E-02 
8.75610E-02 
8.77783E-02 
8.79940E-02 
8.82078E-02 
8.84175E-02 
8.86259E-02 
8.88334E-02 
8.90397E-02 
8.92444E-02 
8.94473E-02 
8.96482E-02 
8.98468E-02 
9.00430E-02 
9.02366E-02 
9.04274E-02 
9.06152E-02 
9.07999E-02 
9.76944E-02 
9.79282E-02 
9.81587E-02 
9.83863E-02 
9.86138E-02 
9.88408E-02 
9.90672E-02 
9.92417E-02 
9.92927E-02 
9.95344E-02 
9.97746E-02 
1.00013E-01 
1.00249E-01 
1.00481E-01 
1.00711E-01 
1.00941E-01 
1.01168E-01 
1.01395E-01 
1.01619E-01 
1.01841E-01 
1.02060E-01 
1.02277E-01 
1.02491E-01 
1.02702E-01 
1.02909E-01 
1.03114E-01 
1.09345E-01 
1.09600E-01 
1.09851E-01 
1.10098E-01 
1.10346E-01 
1.10593E-01 
1.10839E-01 
1.11029E-01 
1.11085E-01 
1.11348E-01 
1.11609E-01 
1.11869E-01 
1.12126E-01 
1.12378E-01 
1.12628E-01 
1.12878E-01 
1.13126E-01 
1.13372E-01 
1.13616E-01 
1.13858E-01 
1.14097E-01 
1.14333E-01 
1.14565E-01 
1.14795E-01 
1.15021E-01 
1.15243E-01 
1.20790E-01 
1.21063E-01 
1.21333E-01 
1.21599E-01 
1.21865E-01 
1.22130E-01 
1.22395E-01 
1.22599E-01 
1.22659E-01 
1.22942E-01 
1.23223E-01 
1.23501E-01 
1.23778E-01 
1.24049E-01 
1.24318E-01 
1.24586E-01 
1.24853E-01 
1.25118E-01 
1.25380E-01 
1.25640E-01 
1.25896E-01 
1.26150E-01 
1.26400E-01 
1.26647E-01 
1.26889E-01 
1.27128E-01 
1.31956E-01 
1.32246E-01 
1.32533E-01 
1.32816E-01 
1.33099E-01 
1.33382E-01 
1.33664E-01 
1.33881E-01 
1.33944E-01 
1.34245E-01 
1.34544E-01 
1.34840E-01 
1.35134E-01 
1.35422E-01 
1.35709E-01 
1.35994E-01 
1.36278E-01 
1.36559E-01 
1.36838E-01 
1.37114E-01 
1.37387E-01 
1.37657E-01 
1.37923E-01 
1.38185E-01 
1.38444E-01 
1.38698E-01 
---
