PdfType: replica
Format: lhagrid1
---
1.00000E-06 1.28121E-06 1.64152E-06 2.10317E-06 2.69463E-06 3.45242E-06 4.42329E-06 5.66715E-06 7.26076E-06 9.30241E-06 1.19180E-05 1.52689E-05 1.95617E-05 2.50609E-05 3.21053E-05 4.11287E-05 5.26863E-05 6.74889E-05 8.64459E-05 1.10720E-04 1.41800E-04 1.81585E-04 2.32503E-04 2.97652E-04 3.80981E-04 4.87518E-04 6.26039E-04 8.00452E-04 1.02297E-03 1.30657E-03 1.66759E-03 2.12729E-03 2.71054E-03 3.44865E-03 4.37927E-03 5.54908E-03 7.01192E-03 8.83064E-03 1.10763E-02 1.38266E-02 1.71641E-02 2.11717E-02 2.59364E-02 3.15062E-02 3.79623E-02 4.53425E-02 5.36750E-02 6.29705E-02 7.32221E-02 8.44039E-02 9.64793E-02 1.09332E-01 1.23067E-01 1.37507E-01 1.52639E-01 1.68416E-01 1.84794E-01 2.01731E-01 2.19016E-01 2.36948E-01 2.55242E-01 2.73927E-01 2.92954E-01 3.12340E-01 3.32036E-01 3.52019E-01 3.72282E-01 3.92772E-01 4.13533E-01 4.34326E-01 4.55495E-01 4.76836E-01 4.98342E-01 5.20006E-01 5.41818E-01 5.63773E-01 5.85861E-01 6.08077E-01 6.30459E-01 6.52800E-01 6.75387E-01 6.98063E-01 7.20830E-01 7.43683E-01 7.66623E-01 7.89636E-01 8.12791E-01 8.35940E-01 8.59175E-01 8.82485E-01 9.05866E-01 9.29311E-01 9.52817E-01 9.76387E-01 1.00000E+00 
1.14018E+00 1.22539E+00 1.32482E+00 1.44156E+00 1.57954E+00 1.74381E+00 1.94091E+00 2.12132E+00 2.17945E+00 2.49622E+00 2.89383E+00 3.39925E+00 4.05063E+00 4.90286E+00 6.03623E+00 7.57063E+00 9.68869E+00 1.26749E+01 1.69835E+01 2.33578E+01 3.30501E+01 4.82334E+01 7.28041E+01 1.13998E+02 1.85779E+02 3.16228E+02 
908
4.55278E-01 
3.21731E-01 
2.44739E-01 
1.94679E-01 
1.59211E-01 
1.32839E-01 
1.12518E-01 
9.97640E-02 
9.64257E-02 
8.24888E-02 
7.11709E-02 
6.18280E-02 
5.40110E-02 
4.74594E-02 
4.18305E-02 
3.69485E-02 
3.26907E-02 
2.89596E-02 
2.56763E-02 
2.27766E-02 
2.02074E-02 
1.79249E-02 
1.58919E-02 
1.40776E-02 
1.24553E-02 
1.10024E-02 
4.55277E-01 
3.21730E-01 
2.44738E-01 
1.94679E-01 
1.59210E-01 
1.32839E-01 
1.12518E-01 
9.97638E-02 
9.64255E-02 
8.24887E-02 
7.11708E-02 
6.18279E-02 
5.40109E-02 
4.74594E-02 
4.18305E-02 
3.69484E-02 
3.26907E-02 
2.89596E-02 
2.56763E-02 
2.27766E-02 
2.02074E-02 
1.79249E-02 
1.58919E-02 
1.40776E-02 
1.24553E-02 
1.10024E-02 
4.55276E-01 
3.21729E-01 
2.44738E-01 
1.94678E-01 
1.59210E-01 
1.32839E-01 
1.12518E-01 
9.97636E-02 
9.64253E-02 
8.24885E-02 
7.11706E-02 
6.18278E-02 
5.40109E-02 
4.74593E-02 
4.18304E-02 
3.69484E-02 
3.26907E-02 
2.89596E-02 
2.56763E-02 
2.27766E-02 
2.02075E-02 
1.79249E-02 
1.58920E-02 
1.40776E-02 
1.24553E-02 
1.10025E-02 
4.55275E-01 
3.21728E-01 
2.44737E-01 
1.94677E-01 
1.59209E-01 
1.32838E-01 
1.12518E-01 
9.97633E-02 
9.64250E-02 
8.24883E-02 
7.11705E-02 
6.18276E-02 
5.40107E-02 
4.74592E-02 
4.18304E-02 
3.69483E-02 
3.26907E-02 
2.89596E-02 
2.56763E-02 
2.27766E-02 
2.02075E-02 
1.79249E-02 
1.58920E-02 
1.40776E-02 
1.24554E-02 
1.10025E-02 
4.55272E-01 
3.21727E-01 
2.44736E-01 
1.94677E-01 
1.59209E-01 
1.32838E-01 
1.12517E-01 
9.97629E-02 
9.64247E-02 
8.24880E-02 
7.11702E-02 
6.18274E-02 
5.40106E-02 
4.74591E-02 
4.18303E-02 
3.69483E-02 
3.26906E-02 
2.89596E-02 
2.56763E-02 
2.27766E-02 
2.02075E-02 
1.79249E-02 
1.58920E-02 
1.40777E-02 
1.24554E-02 
1.10026E-02 
4.55270E-01 
3.21725E-01 
2.44734E-01 
1.94676E-01 
1.59208E-01 
1.32837E-01 
1.12517E-01 
9.97625E-02 
9.64242E-02 
8.24876E-02 
7.11699E-02 
6.18272E-02 
5.40104E-02 
4.74589E-02 
4.18302E-02 
3.69482E-02 
3.26906E-02 
2.89595E-02 
2.56763E-02 
2.27766E-02 
2.02075E-02 
1.79250E-02 
1.58921E-02 
1.40777E-02 
1.24555E-02 
1.10027E-02 
4.55266E-01 
3.21722E-01 
2.44733E-01 
1.94674E-01 
1.59207E-01 
1.32836E-01 
1.12516E-01 
9.97619E-02 
9.64237E-02 
8.24872E-02 
7.11696E-02 
6.18269E-02 
5.40102E-02 
4.74588E-02 
4.18300E-02 
3.69481E-02 
3.26905E-02 
2.89595E-02 
2.56763E-02 
2.27766E-02 
2.02075E-02 
1.79250E-02 
1.58921E-02 
1.40778E-02 
1.24556E-02 
1.10028E-02 
4.55262E-01 
3.21719E-01 
2.44730E-01 
1.94672E-01 
1.59205E-01 
1.32835E-01 
1.12515E-01 
9.97611E-02 
9.64229E-02 
8.24866E-02 
7.11691E-02 
6.18265E-02 
5.40099E-02 
4.74585E-02 
4.18298E-02 
3.69480E-02 
3.26904E-02 
2.89594E-02 
2.56763E-02 
2.27766E-02 
2.02076E-02 
1.79251E-02 
1.58922E-02 
1.40779E-02 
1.24557E-02 
1.10029E-02 
4.55256E-01 
3.21716E-01 
2.44727E-01 
1.94670E-01 
1.59204E-01 
1.32834E-01 
1.12514E-01 
9.97601E-02 
9.64220E-02 
8.24858E-02 
7.11685E-02 
6.18260E-02 
5.40095E-02 
4.74582E-02 
4.18296E-02 
3.69478E-02 
3.26903E-02 
2.89594E-02 
2.56762E-02 
2.27766E-02 
2.02076E-02 
1.79251E-02 
1.58923E-02 
1.40780E-02 
1.24558E-02 
1.10031E-02 
4.55249E-01 
3.21711E-01 
2.44724E-01 
1.94667E-01 
1.59201E-01 
1.32832E-01 
1.12512E-01 
9.97588E-02 
9.64208E-02 
8.24849E-02 
7.11677E-02 
6.18254E-02 
5.40090E-02 
4.74578E-02 
4.18293E-02 
3.69476E-02 
3.26901E-02 
2.89593E-02 
2.56762E-02 
2.27767E-02 
2.02077E-02 
1.79252E-02 
1.58925E-02 
1.40782E-02 
1.24560E-02 
1.10033E-02 
4.55240E-01 
3.21704E-01 
2.44719E-01 
1.94664E-01 
1.59199E-01 
1.32829E-01 
1.12510E-01 
9.97572E-02 
9.64192E-02 
8.24836E-02 
7.11667E-02 
6.18246E-02 
5.40083E-02 
4.74573E-02 
4.18289E-02 
3.69473E-02 
3.26899E-02 
2.89592E-02 
2.56762E-02 
2.27767E-02 
2.02078E-02 
1.79254E-02 
1.58926E-02 
1.40784E-02 
1.24563E-02 
1.10035E-02 
4.55228E-01 
3.21696E-01 
2.44713E-01 
1.94659E-01 
1.59195E-01 
1.32826E-01 
1.12508E-01 
9.97552E-02 
9.64173E-02 
8.24820E-02 
7.11654E-02 
6.18236E-02 
5.40075E-02 
4.74567E-02 
4.18284E-02 
3.69469E-02 
3.26897E-02 
2.89590E-02 
2.56761E-02 
2.27767E-02 
2.02078E-02 
1.79255E-02 
1.58928E-02 
1.40787E-02 
1.24566E-02 
1.10039E-02 
4.55213E-01 
3.21686E-01 
2.44705E-01 
1.94653E-01 
1.59190E-01 
1.32823E-01 
1.12505E-01 
9.97525E-02 
9.64147E-02 
8.24800E-02 
7.11637E-02 
6.18222E-02 
5.40064E-02 
4.74558E-02 
4.18278E-02 
3.69465E-02 
3.26894E-02 
2.89588E-02 
2.56760E-02 
2.27767E-02 
2.02080E-02 
1.79257E-02 
1.58931E-02 
1.40790E-02 
1.24569E-02 
1.10043E-02 
4.55194E-01 
3.21672E-01 
2.44695E-01 
1.94646E-01 
1.59184E-01 
1.32818E-01 
1.12501E-01 
9.97491E-02 
9.64115E-02 
8.24773E-02 
7.11616E-02 
6.18205E-02 
5.40051E-02 
4.74548E-02 
4.18270E-02 
3.69459E-02 
3.26890E-02 
2.89586E-02 
2.56760E-02 
2.27768E-02 
2.02081E-02 
1.79260E-02 
1.58935E-02 
1.40794E-02 
1.24575E-02 
1.10049E-02 
4.55169E-01 
3.21655E-01 
2.44683E-01 
1.94636E-01 
1.59176E-01 
1.32812E-01 
1.12496E-01 
9.97448E-02 
9.64073E-02 
8.24740E-02 
7.11589E-02 
6.18183E-02 
5.40033E-02 
4.74534E-02 
4.18259E-02 
3.69451E-02 
3.26885E-02 
2.89583E-02 
2.56758E-02 
2.27768E-02 
2.02083E-02 
1.79263E-02 
1.58939E-02 
1.40800E-02 
1.24581E-02 
1.10056E-02 
4.55138E-01 
3.21634E-01 
2.44667E-01 
1.94623E-01 
1.59166E-01 
1.32804E-01 
1.12489E-01 
9.97392E-02 
9.64020E-02 
8.24697E-02 
7.11554E-02 
6.18155E-02 
5.40011E-02 
4.74517E-02 
4.18246E-02 
3.69441E-02 
3.26878E-02 
2.89579E-02 
2.56757E-02 
2.27769E-02 
2.02086E-02 
1.79267E-02 
1.58945E-02 
1.40807E-02 
1.24589E-02 
1.10065E-02 
4.55097E-01 
3.21606E-01 
2.44646E-01 
1.94607E-01 
1.59154E-01 
1.32793E-01 
1.12481E-01 
9.97320E-02 
9.63952E-02 
8.24641E-02 
7.11509E-02 
6.18120E-02 
5.39983E-02 
4.74494E-02 
4.18229E-02 
3.69429E-02 
3.26870E-02 
2.89574E-02 
2.56755E-02 
2.27770E-02 
2.02089E-02 
1.79273E-02 
1.58952E-02 
1.40816E-02 
1.24600E-02 
1.10077E-02 
4.55045E-01 
3.21570E-01 
2.44619E-01 
1.94587E-01 
1.59137E-01 
1.32780E-01 
1.12470E-01 
9.97229E-02 
9.63864E-02 
8.24571E-02 
7.11452E-02 
6.18074E-02 
5.39946E-02 
4.74466E-02 
4.18207E-02 
3.69413E-02 
3.26859E-02 
2.89568E-02 
2.56753E-02 
2.27771E-02 
2.02093E-02 
1.79280E-02 
1.58961E-02 
1.40827E-02 
1.24613E-02 
1.10093E-02 
4.54979E-01 
3.21524E-01 
2.44585E-01 
1.94560E-01 
1.59116E-01 
1.32763E-01 
1.12457E-01 
9.97112E-02 
9.63752E-02 
8.24480E-02 
7.11379E-02 
6.18015E-02 
5.39900E-02 
4.74429E-02 
4.18179E-02 
3.69393E-02 
3.26845E-02 
2.89560E-02 
2.56750E-02 
2.27772E-02 
2.02099E-02 
1.79289E-02 
1.58973E-02 
1.40842E-02 
1.24630E-02 
1.10112E-02 
4.54894E-01 
3.21465E-01 
2.44542E-01 
1.94527E-01 
1.59090E-01 
1.32742E-01 
1.12439E-01 
9.96962E-02 
9.63609E-02 
8.24364E-02 
7.11286E-02 
6.17940E-02 
5.39840E-02 
4.74382E-02 
4.18143E-02 
3.69366E-02 
3.26827E-02 
2.89549E-02 
2.56746E-02 
2.27774E-02 
2.02105E-02 
1.79300E-02 
1.58989E-02 
1.40861E-02 
1.24653E-02 
1.10137E-02 
4.54785E-01 
3.21390E-01 
2.44486E-01 
1.94483E-01 
1.59056E-01 
1.32714E-01 
1.12417E-01 
9.96770E-02 
9.63425E-02 
8.24216E-02 
7.11166E-02 
6.17843E-02 
5.39763E-02 
4.74322E-02 
4.18098E-02 
3.69333E-02 
3.26804E-02 
2.89536E-02 
2.56741E-02 
2.27776E-02 
2.02114E-02 
1.79314E-02 
1.59008E-02 
1.40885E-02 
1.24681E-02 
1.10169E-02 
4.54645E-01 
3.21294E-01 
2.44414E-01 
1.94428E-01 
1.59012E-01 
1.32679E-01 
1.12388E-01 
9.96524E-02 
9.63190E-02 
8.24026E-02 
7.11012E-02 
6.17720E-02 
5.39665E-02 
4.74245E-02 
4.18039E-02 
3.69290E-02 
3.26775E-02 
2.89519E-02 
2.56734E-02 
2.27779E-02 
2.02125E-02 
1.79333E-02 
1.59033E-02 
1.40916E-02 
1.24717E-02 
1.10210E-02 
4.54467E-01 
3.21170E-01 
2.44323E-01 
1.94357E-01 
1.58956E-01 
1.32634E-01 
1.12351E-01 
9.96209E-02 
9.62889E-02 
8.23782E-02 
7.10816E-02 
6.17562E-02 
5.39540E-02 
4.74147E-02 
4.17964E-02 
3.69235E-02 
3.26738E-02 
2.89497E-02 
2.56725E-02 
2.27783E-02 
2.02139E-02 
1.79356E-02 
1.59065E-02 
1.40956E-02 
1.24763E-02 
1.10262E-02 
4.54239E-01 
3.21013E-01 
2.44206E-01 
1.94267E-01 
1.58884E-01 
1.32576E-01 
1.12304E-01 
9.95806E-02 
9.62504E-02 
8.23471E-02 
7.10564E-02 
6.17360E-02 
5.39379E-02 
4.74021E-02 
4.17867E-02 
3.69164E-02 
3.26690E-02 
2.89468E-02 
2.56715E-02 
2.27787E-02 
2.02157E-02 
1.79386E-02 
1.59106E-02 
1.41006E-02 
1.24822E-02 
1.10329E-02 
4.53947E-01 
3.20811E-01 
2.44057E-01 
1.94151E-01 
1.58792E-01 
1.32502E-01 
1.12244E-01 
9.95291E-02 
9.62011E-02 
8.23072E-02 
7.10242E-02 
6.17101E-02 
5.39173E-02 
4.73859E-02 
4.17744E-02 
3.69074E-02 
3.26628E-02 
2.89432E-02 
2.56700E-02 
2.27792E-02 
2.02180E-02 
1.79425E-02 
1.59158E-02 
1.41070E-02 
1.24897E-02 
1.10414E-02 
4.53573E-01 
3.20553E-01 
2.43865E-01 
1.94003E-01 
1.58675E-01 
1.32408E-01 
1.12167E-01 
9.94632E-02 
9.61381E-02 
8.22563E-02 
7.09830E-02 
6.16770E-02 
5.38909E-02 
4.73652E-02 
4.17586E-02 
3.68958E-02 
3.26549E-02 
2.89385E-02 
2.56682E-02 
2.27799E-02 
2.02209E-02 
1.79473E-02 
1.59224E-02 
1.41152E-02 
1.24993E-02 
1.10522E-02 
4.53088E-01 
3.20218E-01 
2.43617E-01 
1.93811E-01 
1.58522E-01 
1.32285E-01 
1.12067E-01 
9.93775E-02 
9.60561E-02 
8.21900E-02 
7.09295E-02 
6.16340E-02 
5.38567E-02 
4.73383E-02 
4.17380E-02 
3.68807E-02 
3.26446E-02 
2.89324E-02 
2.56658E-02 
2.27807E-02 
2.02246E-02 
1.79536E-02 
1.59310E-02 
1.41258E-02 
1.25118E-02 
1.10663E-02 
4.52477E-01 
3.19796E-01 
2.43303E-01 
1.93569E-01 
1.58330E-01 
1.32130E-01 
1.11941E-01 
9.92695E-02 
9.59529E-02 
8.21064E-02 
7.08619E-02 
6.15797E-02 
5.38134E-02 
4.73043E-02 
4.17120E-02 
3.68616E-02 
3.26315E-02 
2.89246E-02 
2.56626E-02 
2.27817E-02 
2.02292E-02 
1.79614E-02 
1.59417E-02 
1.41391E-02 
1.25273E-02 
1.10839E-02 
4.51698E-01 
3.19257E-01 
2.42904E-01 
1.93259E-01 
1.58085E-01 
1.31932E-01 
1.11780E-01 
9.91317E-02 
9.58211E-02 
8.19998E-02 
7.07757E-02 
6.15103E-02 
5.37581E-02 
4.72609E-02 
4.16787E-02 
3.68371E-02 
3.26147E-02 
2.89145E-02 
2.56585E-02 
2.27828E-02 
2.02349E-02 
1.79713E-02 
1.59552E-02 
1.41559E-02 
1.25470E-02 
1.11062E-02 
4.50704E-01 
3.18571E-01 
2.42395E-01 
1.92865E-01 
1.57773E-01 
1.31681E-01 
1.11575E-01 
9.89558E-02 
9.56529E-02 
8.18637E-02 
7.06656E-02 
6.14217E-02 
5.36875E-02 
4.72053E-02 
4.16361E-02 
3.68057E-02 
3.25931E-02 
2.89015E-02 
2.56530E-02 
2.27840E-02 
2.02420E-02 
1.79836E-02 
1.59722E-02 
1.41771E-02 
1.25720E-02 
1.11345E-02 
4.49440E-01 
3.17698E-01 
2.41747E-01 
1.92364E-01 
1.57375E-01 
1.31360E-01 
1.11314E-01 
9.87318E-02 
9.54387E-02 
8.16902E-02 
7.05253E-02 
6.13086E-02 
5.35973E-02 
4.71343E-02 
4.15815E-02 
3.67655E-02 
3.25653E-02 
2.88846E-02 
2.56457E-02 
2.27852E-02 
2.02507E-02 
1.79990E-02 
1.59936E-02 
1.42037E-02 
1.26033E-02 
1.11701E-02 
4.47831E-01 
3.16586E-01 
2.40921E-01 
1.91725E-01 
1.56868E-01 
1.30951E-01 
1.10981E-01 
9.84462E-02 
9.51655E-02 
8.14689E-02 
7.03461E-02 
6.11643E-02 
5.34821E-02 
4.70434E-02 
4.15116E-02 
3.67137E-02 
3.25294E-02 
2.88626E-02 
2.56359E-02 
2.27861E-02 
2.02613E-02 
1.80181E-02 
1.60202E-02 
1.42371E-02 
1.26428E-02 
1.12149E-02 
4.45791E-01 
3.15176E-01 
2.39874E-01 
1.90914E-01 
1.56224E-01 
1.30432E-01 
1.10558E-01 
9.80833E-02 
9.48183E-02 
8.11875E-02 
7.01181E-02 
6.09804E-02 
5.33350E-02 
4.69273E-02 
4.14220E-02 
3.66472E-02 
3.24830E-02 
2.88338E-02 
2.56226E-02 
2.27865E-02 
2.02738E-02 
1.80413E-02 
1.60531E-02 
1.42785E-02 
1.26918E-02 
1.12709E-02 
4.43210E-01 
3.13391E-01 
2.38549E-01 
1.89888E-01 
1.55410E-01 
1.29775E-01 
1.10021E-01 
9.76231E-02 
9.43781E-02 
8.08304E-02 
6.98285E-02 
6.07465E-02 
5.31478E-02 
4.67792E-02 
4.13075E-02 
3.65618E-02 
3.24229E-02 
2.87960E-02 
2.56044E-02 
2.27857E-02 
2.02882E-02 
1.80694E-02 
1.60932E-02 
1.43295E-02 
1.27525E-02 
1.13403E-02 
4.39957E-01 
3.11142E-01 
2.36879E-01 
1.88593E-01 
1.54381E-01 
1.28944E-01 
1.09344E-01 
9.70415E-02 
9.38215E-02 
8.03785E-02 
6.94617E-02 
6.04498E-02 
5.29099E-02 
4.65905E-02 
4.11611E-02 
3.64520E-02 
3.23452E-02 
2.87463E-02 
2.55793E-02 
2.27824E-02 
2.03042E-02 
1.81025E-02 
1.61417E-02 
1.43916E-02 
1.28268E-02 
1.14254E-02 
4.35873E-01 
3.08316E-01 
2.34779E-01 
1.86965E-01 
1.53088E-01 
1.27899E-01 
1.08490E-01 
9.63081E-02 
9.31196E-02 
7.98080E-02 
6.89979E-02 
6.00741E-02 
5.26079E-02 
4.63502E-02 
4.09738E-02 
3.63108E-02 
3.22441E-02 
2.86804E-02 
2.55444E-02 
2.27748E-02 
2.03209E-02 
1.81407E-02 
1.61990E-02 
1.44660E-02 
1.29165E-02 
1.15288E-02 
4.30770E-01 
3.04785E-01 
2.32153E-01 
1.84928E-01 
1.51468E-01 
1.26590E-01 
1.07420E-01 
9.53876E-02 
9.22384E-02 
7.90907E-02 
6.84137E-02 
5.95999E-02 
5.22255E-02 
4.60450E-02 
4.07348E-02 
3.61292E-02 
3.21126E-02 
2.85928E-02 
2.54954E-02 
2.27599E-02 
2.03362E-02 
1.81829E-02 
1.62651E-02 
1.45535E-02 
1.30230E-02 
1.16525E-02 
4.24434E-01 
3.00397E-01 
2.28888E-01 
1.82393E-01 
1.49451E-01 
1.24957E-01 
1.06084E-01 
9.42377E-02 
9.11372E-02 
7.81928E-02 
6.76809E-02 
5.90034E-02 
5.17431E-02 
4.56581E-02 
4.04301E-02 
3.58957E-02 
3.19412E-02 
2.84758E-02 
2.54263E-02 
2.27331E-02 
2.03469E-02 
1.82269E-02 
1.63387E-02 
1.46536E-02 
1.31468E-02 
1.17974E-02 
4.16623E-01 
2.94983E-01 
2.24857E-01 
1.79261E-01 
1.46955E-01 
1.22935E-01 
1.04427E-01 
9.28097E-02 
8.97691E-02 
7.70750E-02 
6.67663E-02 
5.82565E-02 
5.11366E-02 
4.51692E-02 
4.00422E-02 
3.55955E-02 
3.17175E-02 
2.83191E-02 
2.53285E-02 
2.26874E-02 
2.03473E-02 
1.82683E-02 
1.64166E-02 
1.47640E-02 
1.32864E-02 
1.19631E-02 
4.07075E-01 
2.88361E-01 
2.19921E-01 
1.75421E-01 
1.43892E-01 
1.20450E-01 
1.02386E-01 
9.10486E-02 
8.80811E-02 
7.56923E-02 
6.56314E-02 
5.73263E-02 
5.03776E-02 
4.45537E-02 
3.95500E-02 
3.52102E-02 
3.14254E-02 
2.81087E-02 
2.51901E-02 
2.26124E-02 
2.03286E-02 
1.82996E-02 
1.64925E-02 
1.48796E-02 
1.34375E-02 
1.21460E-02 
3.95518E-01 
2.80335E-01 
2.13931E-01 
1.70756E-01 
1.40165E-01 
1.17420E-01 
9.98941E-02 
8.88937E-02 
8.60145E-02 
7.39943E-02 
6.42328E-02 
5.61747E-02 
4.94328E-02 
4.37822E-02 
3.89273E-02 
3.47167E-02 
3.10445E-02 
2.78265E-02 
2.49947E-02 
2.24937E-02 
2.02779E-02 
1.83092E-02 
1.65559E-02 
1.49910E-02 
1.35918E-02 
1.23387E-02 
3.81680E-01 
2.70715E-01 
2.06741E-01 
1.65146E-01 
1.35675E-01 
1.13763E-01 
9.68785E-02 
8.62807E-02 
8.35069E-02 
7.19267E-02 
6.25225E-02 
5.47594E-02 
4.82642E-02 
4.28205E-02 
3.81434E-02 
3.40868E-02 
3.05491E-02 
2.74489E-02 
2.47207E-02 
2.23113E-02 
2.01766E-02 
1.82800E-02 
1.65908E-02 
1.50832E-02 
1.37352E-02 
1.25281E-02 
3.65288E-01 
2.59300E-01 
1.98196E-01 
1.58467E-01 
1.30318E-01 
1.09388E-01 
9.32610E-02 
8.31386E-02 
8.04892E-02 
6.94284E-02 
6.04460E-02 
5.30311E-02 
4.68273E-02 
4.16277E-02 
3.71604E-02 
3.32858E-02 
2.99067E-02 
2.69456E-02 
2.43398E-02 
2.20385E-02 
1.99995E-02 
1.81879E-02 
1.65745E-02 
1.51346E-02 
1.38470E-02 
1.26940E-02 
3.46209E-01 
2.45990E-01 
1.88212E-01 
1.50645E-01 
1.24029E-01 
1.04238E-01 
8.89890E-02 
7.94176E-02 
7.69124E-02 
6.64537E-02 
5.79603E-02 
5.09490E-02 
4.50829E-02 
4.01663E-02 
3.59422E-02 
3.22785E-02 
2.90833E-02 
2.62834E-02 
2.38195E-02 
2.16434E-02 
1.97154E-02 
1.80025E-02 
1.64769E-02 
1.51153E-02 
1.38979E-02 
1.28076E-02 
3.24206E-01 
2.30608E-01 
1.76648E-01 
1.41563E-01 
1.16705E-01 
9.82224E-02 
8.39805E-02 
7.50415E-02 
7.27019E-02 
6.29341E-02 
5.50019E-02 
4.84538E-02 
4.29753E-02 
3.83835E-02 
3.44385E-02 
3.10169E-02 
2.80328E-02 
2.54178E-02 
2.31167E-02 
2.10844E-02 
1.92838E-02 
1.76840E-02 
1.62592E-02 
1.49876E-02 
1.38506E-02 
1.28324E-02 
2.99205E-01 
2.13089E-01 
1.63442E-01 
1.31163E-01 
1.08291E-01 
9.12864E-02 
7.81830E-02 
6.99586E-02 
6.78060E-02 
5.88191E-02 
5.15210E-02 
4.54964E-02 
4.04558E-02 
3.62311E-02 
3.26014E-02 
2.94534E-02 
2.67078E-02 
2.43019E-02 
2.21848E-02 
2.03149E-02 
1.86583E-02 
1.71864E-02 
1.58755E-02 
1.47055E-02 
1.36594E-02 
1.27226E-02 
2.71174E-01 
1.93395E-01 
1.48554E-01 
1.19399E-01 
9.87422E-02 
8.33833E-02 
7.15485E-02 
6.41202E-02 
6.21760E-02 
5.40591E-02 
4.74675E-02 
4.20261E-02 
3.74735E-02 
3.36578E-02 
3.03795E-02 
2.75362E-02 
2.50565E-02 
2.28835E-02 
2.09713E-02 
1.92824E-02 
1.77861E-02 
1.64567E-02 
1.52728E-02 
1.42161E-02 
1.32712E-02 
1.24251E-02 
2.40154E-01 
1.71536E-01 
1.31977E-01 
1.06256E-01 
8.80317E-02 
7.44818E-02 
6.40408E-02 
5.74875E-02 
5.57723E-02 
4.86114E-02 
4.27961E-02 
3.79956E-02 
3.39792E-02 
3.06130E-02 
2.77208E-02 
2.52123E-02 
2.30247E-02 
2.11076E-02 
1.94206E-02 
1.79307E-02 
1.66106E-02 
1.54378E-02 
1.43933E-02 
1.34610E-02 
1.26275E-02 
1.18810E-02 
2.06258E-01 
1.47573E-01 
1.13740E-01 
9.17419E-02 
7.61559E-02 
6.45674E-02 
5.56378E-02 
5.00331E-02 
4.85662E-02 
4.24419E-02 
3.74684E-02 
3.33628E-02 
2.99277E-02 
2.70488E-02 
2.45752E-02 
2.24299E-02 
2.05589E-02 
1.89193E-02 
1.74765E-02 
1.62023E-02 
1.50733E-02 
1.40703E-02 
1.31770E-02 
1.23797E-02 
1.16668E-02 
1.10283E-02 
1.69671E-01 
1.21616E-01 
9.39115E-02 
7.58983E-02 
6.31355E-02 
5.36462E-02 
4.63341E-02 
4.17446E-02 
4.05434E-02 
3.55284E-02 
3.14558E-02 
2.80939E-02 
2.52811E-02 
2.29236E-02 
2.08982E-02 
1.91414E-02 
1.76094E-02 
1.62668E-02 
1.50853E-02 
1.40419E-02 
1.31174E-02 
1.22961E-02 
1.15646E-02 
1.09117E-02 
1.03279E-02 
9.80516E-03 
1.30622E-01 
9.38081E-02 
7.25843E-02 
5.87848E-02 
4.90075E-02 
4.17379E-02 
3.61363E-02 
3.26204E-02 
3.17002E-02 
2.78583E-02 
2.47384E-02 
2.21629E-02 
2.00081E-02 
1.82021E-02 
1.66504E-02 
1.53046E-02 
1.41309E-02 
1.31024E-02 
1.21973E-02 
1.13980E-02 
1.06897E-02 
1.00605E-02 
9.50012E-03 
8.99997E-03 
8.55276E-03 
8.15227E-03 
8.96009E-02 
6.44793E-02 
4.99964E-02 
4.05797E-02 
3.39078E-02 
2.89471E-02 
2.51245E-02 
2.27253E-02 
2.20974E-02 
1.94757E-02 
1.73467E-02 
1.55892E-02 
1.41188E-02 
1.28863E-02 
1.18275E-02 
1.09091E-02 
1.01082E-02 
9.40636E-03 
8.78874E-03 
8.24327E-03 
7.75999E-03 
7.33061E-03 
6.94820E-03 
6.60690E-03 
6.30173E-03 
6.02843E-03 
4.63982E-02 
3.34613E-02 
2.60029E-02 
2.11536E-02 
1.77177E-02 
1.51631E-02 
1.31946E-02 
1.19590E-02 
1.16357E-02 
1.02856E-02 
9.18919E-03 
8.28414E-03 
7.52690E-03 
6.89223E-03 
6.34696E-03 
5.87402E-03 
5.46157E-03 
5.10014E-03 
4.78208E-03 
4.50118E-03 
4.25230E-03 
4.03118E-03 
3.83425E-03 
3.65849E-03 
3.50134E-03 
3.36060E-03 
1.70514E-03 
1.23245E-03 
9.59936E-04 
7.82750E-04 
6.57210E-04 
5.63868E-04 
4.91943E-04 
4.46799E-04 
4.34983E-04 
3.85654E-04 
3.45594E-04 
3.12525E-04 
2.84857E-04 
2.61667E-04 
2.41744E-04 
2.24464E-04 
2.09394E-04 
1.96187E-04 
1.84566E-04 
1.74303E-04 
1.65209E-04 
1.57130E-04 
1.49934E-04 
1.43512E-04 
1.37770E-04 
1.32628E-04 
-4.43061E-02 
-3.20976E-02 
-2.50592E-02 
-2.04829E-02 
-1.72405E-02 
-1.48297E-02 
-1.29720E-02 
-1.18061E-02 
-1.15009E-02 
-1.02268E-02 
-9.19218E-03 
-8.33808E-03 
-7.62347E-03 
-7.02454E-03 
-6.50997E-03 
-6.06366E-03 
-5.67444E-03 
-5.33335E-03 
-5.03320E-03 
-4.76811E-03 
-4.53325E-03 
-4.32458E-03 
-4.13874E-03 
-3.97287E-03 
-3.82457E-03 
-3.69175E-03 
-9.13541E-02 
-6.63383E-02 
-5.19163E-02 
-4.25392E-02 
-3.58954E-02 
-3.09556E-02 
-2.71491E-02 
-2.47600E-02 
-2.41347E-02 
-2.15241E-02 
-1.94040E-02 
-1.76539E-02 
-1.61897E-02 
-1.49625E-02 
-1.39081E-02 
-1.29936E-02 
-1.21960E-02 
-1.14971E-02 
-1.08821E-02 
-1.03389E-02 
-9.85769E-03 
-9.43012E-03 
-9.04932E-03 
-8.70946E-03 
-8.40557E-03 
-8.13343E-03 
-1.39165E-01 
-1.01302E-01 
-7.94731E-02 
-6.52802E-02 
-5.52242E-02 
-4.77474E-02 
-4.19861E-02 
-3.83700E-02 
-3.74235E-02 
-3.34722E-02 
-3.02633E-02 
-2.76144E-02 
-2.53982E-02 
-2.35407E-02 
-2.19447E-02 
-2.05606E-02 
-1.93534E-02 
-1.82956E-02 
-1.73647E-02 
-1.65426E-02 
-1.58142E-02 
-1.51670E-02 
-1.45907E-02 
-1.40763E-02 
-1.36163E-02 
-1.32044E-02 
-1.87472E-01 
-1.36802E-01 
-1.07590E-01 
-8.85968E-02 
-7.51396E-02 
-6.51339E-02 
-5.74240E-02 
-5.25848E-02 
-5.13182E-02 
-4.60303E-02 
-4.17362E-02 
-3.81913E-02 
-3.52255E-02 
-3.27397E-02 
-3.06040E-02 
-2.87517E-02 
-2.71363E-02 
-2.57207E-02 
-2.44749E-02 
-2.33747E-02 
-2.24000E-02 
-2.15339E-02 
-2.07626E-02 
-2.00742E-02 
-1.94587E-02 
-1.89074E-02 
-2.35543E-01 
-1.72306E-01 
-1.35849E-01 
-1.12145E-01 
-9.53507E-02 
-8.28635E-02 
-7.32414E-02 
-6.72020E-02 
-6.56213E-02 
-5.90220E-02 
-5.36628E-02 
-4.92388E-02 
-4.55373E-02 
-4.24351E-02 
-3.97697E-02 
-3.74580E-02 
-3.54419E-02 
-3.36752E-02 
-3.21205E-02 
-3.07474E-02 
-2.95309E-02 
-2.84501E-02 
-2.74875E-02 
-2.66283E-02 
-2.58602E-02 
-2.51722E-02 
-2.84062E-01 
-2.08325E-01 
-1.64661E-01 
-1.36272E-01 
-1.16157E-01 
-1.01201E-01 
-8.96770E-02 
-8.24438E-02 
-8.05506E-02 
-7.26468E-02 
-6.62282E-02 
-6.09297E-02 
-5.64966E-02 
-5.27811E-02 
-4.95888E-02 
-4.68201E-02 
-4.44055E-02 
-4.22895E-02 
-4.04275E-02 
-3.87830E-02 
-3.73260E-02 
-3.60315E-02 
-3.48786E-02 
-3.38497E-02 
-3.29296E-02 
-3.21057E-02 
-3.32098E-01 
-2.44172E-01 
-1.93481E-01 
-1.60522E-01 
-1.37170E-01 
-1.19808E-01 
-1.06429E-01 
-9.80312E-02 
-9.58333E-02 
-8.66574E-02 
-7.92058E-02 
-7.30545E-02 
-6.79079E-02 
-6.35944E-02 
-5.98884E-02 
-5.66741E-02 
-5.38708E-02 
-5.14143E-02 
-4.92526E-02 
-4.73434E-02 
-4.56519E-02 
-4.41491E-02 
-4.28106E-02 
-4.16161E-02 
-4.05480E-02 
-3.95914E-02 
-3.79592E-01 
-2.79802E-01 
-2.22272E-01 
-1.84867E-01 
-1.58364E-01 
-1.38659E-01 
-1.23475E-01 
-1.13945E-01 
-1.11450E-01 
-1.01036E-01 
-9.25795E-02 
-8.55983E-02 
-7.97573E-02 
-7.48618E-02 
-7.06558E-02 
-6.70078E-02 
-6.38264E-02 
-6.10384E-02 
-5.85851E-02 
-5.64184E-02 
-5.44986E-02 
-5.27930E-02 
-5.12740E-02 
-4.99183E-02 
-4.87061E-02 
-4.76205E-02 
-4.26274E-01 
-3.15015E-01 
-2.50872E-01 
-2.09167E-01 
-1.79618E-01 
-1.57648E-01 
-1.40719E-01 
-1.30093E-01 
-1.27312E-01 
-1.15701E-01 
-1.06272E-01 
-9.84884E-02 
-9.19760E-02 
-8.65178E-02 
-8.18284E-02 
-7.77611E-02 
-7.42140E-02 
-7.11056E-02 
-6.83702E-02 
-6.59545E-02 
-6.38141E-02 
-6.19124E-02 
-6.02188E-02 
-5.87072E-02 
-5.73557E-02 
-5.61453E-02 
-4.72041E-01 
-3.49729E-01 
-2.79214E-01 
-2.33365E-01 
-2.00881E-01 
-1.76728E-01 
-1.58117E-01 
-1.46435E-01 
-1.43378E-01 
-1.30613E-01 
-1.20248E-01 
-1.11691E-01 
-1.04531E-01 
-9.85310E-02 
-9.33756E-02 
-8.89043E-02 
-8.50047E-02 
-8.15875E-02 
-7.85804E-02 
-7.59246E-02 
-7.35716E-02 
-7.14810E-02 
-6.96191E-02 
-6.79574E-02 
-6.64716E-02 
-6.51410E-02 
-5.16630E-01 
-3.83741E-01 
-3.07129E-01 
-2.57316E-01 
-2.22023E-01 
-1.95782E-01 
-1.75561E-01 
-1.62870E-01 
-1.59548E-01 
-1.45680E-01 
-1.34418E-01 
-1.25121E-01 
-1.17342E-01 
-1.10823E-01 
-1.05222E-01 
-1.00364E-01 
-9.61274E-02 
-9.24147E-02 
-8.91476E-02 
-8.62621E-02 
-8.37057E-02 
-8.14343E-02 
-7.94114E-02 
-7.76060E-02 
-7.59917E-02 
-7.45460E-02 
-5.59842E-01 
-4.16897E-01 
-3.34488E-01 
-2.80905E-01 
-2.42941E-01 
-2.14714E-01 
-1.92964E-01 
-1.79312E-01 
-1.75739E-01 
-1.60821E-01 
-1.48707E-01 
-1.38706E-01 
-1.30339E-01 
-1.23327E-01 
-1.17302E-01 
-1.12076E-01 
-1.07519E-01 
-1.03525E-01 
-1.00011E-01 
-9.69071E-02 
-9.41571E-02 
-9.17139E-02 
-8.95380E-02 
-8.75959E-02 
-8.58595E-02 
-8.43044E-02 
-6.01516E-01 
-4.49068E-01 
-3.61179E-01 
-3.04034E-01 
-2.63546E-01 
-2.33442E-01 
-2.10245E-01 
-1.95686E-01 
-1.91875E-01 
-1.75966E-01 
-1.63046E-01 
-1.52381E-01 
-1.43458E-01 
-1.35979E-01 
-1.29553E-01 
-1.23980E-01 
-1.19120E-01 
-1.14861E-01 
-1.11113E-01 
-1.07803E-01 
-1.04870E-01 
-1.02264E-01 
-9.99435E-02 
-9.78723E-02 
-9.60204E-02 
-9.43619E-02 
-6.41401E-01 
-4.80051E-01 
-3.87031E-01 
-3.26550E-01 
-2.83698E-01 
-2.51837E-01 
-2.27286E-01 
-2.11876E-01 
-2.07843E-01 
-1.91005E-01 
-1.77331E-01 
-1.66043E-01 
-1.56598E-01 
-1.48683E-01 
-1.41882E-01 
-1.35984E-01 
-1.30840E-01 
-1.26332E-01 
-1.22365E-01 
-1.18862E-01 
-1.15758E-01 
-1.13000E-01 
-1.10544E-01 
-1.08352E-01 
-1.06392E-01 
-1.04636E-01 
-6.79433E-01 
-5.09794E-01 
-4.11994E-01 
-3.48405E-01 
-3.03351E-01 
-2.69853E-01 
-2.44040E-01 
-2.27839E-01 
-2.23599E-01 
-2.05895E-01 
-1.91518E-01 
-1.79651E-01 
-1.69721E-01 
-1.61399E-01 
-1.54249E-01 
-1.48047E-01 
-1.42639E-01 
-1.37899E-01 
-1.33729E-01 
-1.30045E-01 
-1.26782E-01 
-1.23882E-01 
-1.21300E-01 
-1.18995E-01 
-1.16935E-01 
-1.15089E-01 
-7.15059E-01 
-5.37850E-01 
-4.35687E-01 
-3.69261E-01 
-3.22197E-01 
-2.87204E-01 
-2.60240E-01 
-2.43315E-01 
-2.38886E-01 
-2.20393E-01 
-2.05374E-01 
-1.92977E-01 
-1.82604E-01 
-1.73911E-01 
-1.66442E-01 
-1.59964E-01 
-1.54314E-01 
-1.49363E-01 
-1.45006E-01 
-1.41159E-01 
-1.37749E-01 
-1.34721E-01 
-1.32023E-01 
-1.29616E-01 
-1.27463E-01 
-1.25535E-01 
-7.48725E-01 
-5.64565E-01 
-4.58395E-01 
-3.89364E-01 
-3.40454E-01 
-3.04088E-01 
-2.76066E-01 
-2.58478E-01 
-2.53875E-01 
-2.34656E-01 
-2.19049E-01 
-2.06165E-01 
-1.95386E-01 
-1.86351E-01 
-1.78589E-01 
-1.71857E-01 
-1.65986E-01 
-1.60841E-01 
-1.56313E-01 
-1.52314E-01 
-1.48771E-01 
-1.45624E-01 
-1.42820E-01 
-1.40319E-01 
-1.38081E-01 
-1.36078E-01 
-7.79935E-01 
-5.89539E-01 
-4.79774E-01 
-4.08405E-01 
-3.57839E-01 
-3.20242E-01 
-2.91271E-01 
-2.73087E-01 
-2.68328E-01 
-2.48459E-01 
-2.32323E-01 
-2.19003E-01 
-2.07859E-01 
-1.98518E-01 
-1.90493E-01 
-1.83533E-01 
-1.77463E-01 
-1.72144E-01 
-1.67463E-01 
-1.63329E-01 
-1.59666E-01 
-1.56412E-01 
-1.53513E-01 
-1.50927E-01 
-1.48614E-01 
-1.46542E-01 
-8.08542E-01 
-6.12645E-01 
-4.99708E-01 
-4.26278E-01 
-3.74250E-01 
-3.35567E-01 
-3.05759E-01 
-2.87050E-01 
-2.82153E-01 
-2.61710E-01 
-2.45108E-01 
-2.31403E-01 
-2.19937E-01 
-2.10326E-01 
-2.02069E-01 
-1.94908E-01 
-1.88663E-01 
-1.83190E-01 
-1.78373E-01 
-1.74120E-01 
-1.70351E-01 
-1.67003E-01 
-1.64021E-01 
-1.61360E-01 
-1.58980E-01 
-1.56849E-01 
-8.34398E-01 
-6.33755E-01 
-5.18082E-01 
-4.42871E-01 
-3.89583E-01 
-3.49963E-01 
-3.19433E-01 
-3.00270E-01 
-2.95255E-01 
-2.74316E-01 
-2.57312E-01 
-2.43275E-01 
-2.31531E-01 
-2.21688E-01 
-2.13231E-01 
-2.05896E-01 
-1.99499E-01 
-1.93894E-01 
-1.88961E-01 
-1.84604E-01 
-1.80744E-01 
-1.77315E-01 
-1.74261E-01 
-1.71535E-01 
-1.69097E-01 
-1.66914E-01 
-8.57353E-01 
-6.52737E-01 
-5.34773E-01 
-4.58074E-01 
-4.03731E-01 
-3.63325E-01 
-3.32191E-01 
-3.12649E-01 
-3.07534E-01 
-2.86181E-01 
-2.68840E-01 
-2.54525E-01 
-2.42548E-01 
-2.32510E-01 
-2.23886E-01 
-2.16406E-01 
-2.09882E-01 
-2.04166E-01 
-1.99135E-01 
-1.94692E-01 
-1.90756E-01 
-1.87259E-01 
-1.84144E-01 
-1.81364E-01 
-1.78878E-01 
-1.76652E-01 
-8.77263E-01 
-6.69464E-01 
-5.49666E-01 
-4.71774E-01 
-4.16585E-01 
-3.75552E-01 
-3.43933E-01 
-3.24087E-01 
-3.18893E-01 
-2.97207E-01 
-2.79597E-01 
-2.65060E-01 
-2.52896E-01 
-2.42702E-01 
-2.33944E-01 
-2.26347E-01 
-2.19722E-01 
-2.13917E-01 
-2.08808E-01 
-2.04296E-01 
-2.00299E-01 
-1.96747E-01 
-1.93584E-01 
-1.90761E-01 
-1.88236E-01 
-1.85976E-01 
-8.93979E-01 
-6.83806E-01 
-5.62639E-01 
-4.83856E-01 
-4.28037E-01 
-3.86535E-01 
-3.54555E-01 
-3.34482E-01 
-3.29229E-01 
-3.07295E-01 
-2.89483E-01 
-2.74780E-01 
-2.62478E-01 
-2.52167E-01 
-2.43308E-01 
-2.35625E-01 
-2.28925E-01 
-2.23053E-01 
-2.17886E-01 
-2.13322E-01 
-2.09279E-01 
-2.05687E-01 
-2.02487E-01 
-1.99632E-01 
-1.97079E-01 
-1.94792E-01 
-9.07360E-01 
-6.95635E-01 
-5.73573E-01 
-4.94209E-01 
-4.37978E-01 
-3.96169E-01 
-3.63952E-01 
-3.43732E-01 
-3.38439E-01 
-3.16344E-01 
-2.98401E-01 
-2.83588E-01 
-2.71196E-01 
-2.60809E-01 
-2.51885E-01 
-2.44145E-01 
-2.37395E-01 
-2.31479E-01 
-2.26274E-01 
-2.21677E-01 
-2.17604E-01 
-2.13985E-01 
-2.10762E-01 
-2.07886E-01 
-2.05314E-01 
-2.03010E-01 
-9.17278E-01 
-7.04838E-01 
-5.82364E-01 
-5.02731E-01 
-4.46310E-01 
-4.04360E-01 
-3.72035E-01 
-3.51746E-01 
-3.46436E-01 
-3.24266E-01 
-3.06262E-01 
-2.91400E-01 
-2.78965E-01 
-2.68543E-01 
-2.59589E-01 
-2.51823E-01 
-2.45050E-01 
-2.39115E-01 
-2.33892E-01 
-2.29279E-01 
-2.25192E-01 
-2.21561E-01 
-2.18327E-01 
-2.15441E-01 
-2.12860E-01 
-2.10549E-01 
-9.23530E-01 
-7.11225E-01 
-5.88829E-01 
-5.09247E-01 
-4.52862E-01 
-4.10939E-01 
-3.78634E-01 
-3.58358E-01 
-3.53051E-01 
-3.30896E-01 
-3.12903E-01 
-2.98050E-01 
-2.85624E-01 
-2.75208E-01 
-2.66260E-01 
-2.58499E-01 
-2.51730E-01 
-2.45799E-01 
-2.40579E-01 
-2.35969E-01 
-2.31885E-01 
-2.28256E-01 
-2.25025E-01 
-2.22140E-01 
-2.19561E-01 
-2.17252E-01 
-9.26061E-01 
-7.14756E-01 
-5.92936E-01 
-5.13729E-01 
-4.57610E-01 
-4.15883E-01 
-3.83731E-01 
-3.63551E-01 
-3.58269E-01 
-3.36217E-01 
-3.18309E-01 
-3.03526E-01 
-2.91158E-01 
-2.80792E-01 
-2.71886E-01 
-2.64161E-01 
-2.57424E-01 
-2.51521E-01 
-2.46326E-01 
-2.41738E-01 
-2.37673E-01 
-2.34061E-01 
-2.30844E-01 
-2.27974E-01 
-2.25407E-01 
-2.23108E-01 
-9.24686E-01 
-7.15256E-01 
-5.94517E-01 
-5.16014E-01 
-4.60392E-01 
-4.19037E-01 
-3.87170E-01 
-3.67168E-01 
-3.61933E-01 
-3.40077E-01 
-3.22329E-01 
-3.07677E-01 
-2.95418E-01 
-2.85144E-01 
-2.76317E-01 
-2.68661E-01 
-2.61984E-01 
-2.56133E-01 
-2.50984E-01 
-2.46437E-01 
-2.42408E-01 
-2.38828E-01 
-2.35640E-01 
-2.32795E-01 
-2.30251E-01 
-2.27972E-01 
-9.19269E-01 
-7.12603E-01 
-5.93457E-01 
-5.15989E-01 
-4.61101E-01 
-4.20291E-01 
-3.88844E-01 
-3.69107E-01 
-3.63941E-01 
-3.42373E-01 
-3.24858E-01 
-3.10400E-01 
-2.98303E-01 
-2.88165E-01 
-2.79454E-01 
-2.71899E-01 
-2.65310E-01 
-2.59536E-01 
-2.54455E-01 
-2.49968E-01 
-2.45992E-01 
-2.42460E-01 
-2.39314E-01 
-2.36506E-01 
-2.33995E-01 
-2.31747E-01 
-9.09680E-01 
-7.06672E-01 
-5.89636E-01 
-5.13539E-01 
-4.59624E-01 
-4.19536E-01 
-3.88646E-01 
-3.69258E-01 
-3.64184E-01 
-3.42998E-01 
-3.25793E-01 
-3.11591E-01 
-2.99708E-01 
-2.89749E-01 
-2.81193E-01 
-2.73771E-01 
-2.67299E-01 
-2.61628E-01 
-2.56637E-01 
-2.52229E-01 
-2.48323E-01 
-2.44853E-01 
-2.41763E-01 
-2.39005E-01 
-2.36539E-01 
-2.34331E-01 
-8.95781E-01 
-6.97339E-01 
-5.82935E-01 
-5.08550E-01 
-4.55847E-01 
-4.16661E-01 
-3.86466E-01 
-3.67514E-01 
-3.62554E-01 
-3.41845E-01 
-3.25027E-01 
-3.11144E-01 
-2.99529E-01 
-2.89794E-01 
-2.81430E-01 
-2.74175E-01 
-2.67849E-01 
-2.62304E-01 
-2.57426E-01 
-2.53117E-01 
-2.49299E-01 
-2.45908E-01 
-2.42887E-01 
-2.40191E-01 
-2.37780E-01 
-2.35621E-01 
-8.77447E-01 
-6.84485E-01 
-5.73239E-01 
-5.00909E-01 
-4.49661E-01 
-4.11557E-01 
-3.82195E-01 
-3.63767E-01 
-3.58943E-01 
-3.38806E-01 
-3.22453E-01 
-3.08953E-01 
-2.97659E-01 
-2.88192E-01 
-2.80059E-01 
-2.73005E-01 
-2.66853E-01 
-2.61462E-01 
-2.56718E-01 
-2.52528E-01 
-2.48816E-01 
-2.45518E-01 
-2.42581E-01 
-2.39959E-01 
-2.37615E-01 
-2.35516E-01 
-8.54470E-01 
-6.67930E-01 
-5.60388E-01 
-4.90464E-01 
-4.40921E-01 
-4.04086E-01 
-3.75702E-01 
-3.57886E-01 
-3.53223E-01 
-3.33756E-01 
-3.17947E-01 
-3.04897E-01 
-2.93978E-01 
-2.84827E-01 
-2.76964E-01 
-2.70145E-01 
-2.64198E-01 
-2.58986E-01 
-2.54400E-01 
-2.50350E-01 
-2.46761E-01 
-2.43573E-01 
-2.40733E-01 
-2.38199E-01 
-2.35933E-01 
-2.33904E-01 
-8.26868E-01 
-6.47659E-01 
-5.44343E-01 
-4.77167E-01 
-4.29572E-01 
-3.94184E-01 
-3.66915E-01 
-3.49800E-01 
-3.45321E-01 
-3.26619E-01 
-3.11431E-01 
-2.98894E-01 
-2.88404E-01 
-2.79612E-01 
-2.72059E-01 
-2.65508E-01 
-2.59794E-01 
-2.54787E-01 
-2.50381E-01 
-2.46490E-01 
-2.43043E-01 
-2.39980E-01 
-2.37252E-01 
-2.34817E-01 
-2.32640E-01 
-2.30690E-01 
-7.94414E-01 
-6.23480E-01 
-5.24934E-01 
-4.60860E-01 
-4.15462E-01 
-3.81708E-01 
-3.55699E-01 
-3.39374E-01 
-3.35101E-01 
-3.17262E-01 
-3.02776E-01 
-2.90817E-01 
-2.80812E-01 
-2.72426E-01 
-2.65222E-01 
-2.58973E-01 
-2.53523E-01 
-2.48748E-01 
-2.44545E-01 
-2.40834E-01 
-2.37545E-01 
-2.34624E-01 
-2.32022E-01 
-2.29699E-01 
-2.27623E-01 
-2.25763E-01 
-7.56982E-01 
-5.95271E-01 
-5.02042E-01 
-4.41426E-01 
-3.98478E-01 
-3.66545E-01 
-3.41939E-01 
-3.26495E-01 
-3.22452E-01 
-3.05576E-01 
-2.91872E-01 
-2.80559E-01 
-2.71093E-01 
-2.63160E-01 
-2.56344E-01 
-2.50432E-01 
-2.45277E-01 
-2.40759E-01 
-2.36783E-01 
-2.33272E-01 
-2.30161E-01 
-2.27397E-01 
-2.24935E-01 
-2.22738E-01 
-2.20774E-01 
-2.19015E-01 
-7.14438E-01 
-5.62906E-01 
-4.75547E-01 
-4.18746E-01 
-3.78501E-01 
-3.48578E-01 
-3.25521E-01 
-3.11049E-01 
-3.07261E-01 
-2.91448E-01 
-2.78606E-01 
-2.68005E-01 
-2.59135E-01 
-2.51701E-01 
-2.45314E-01 
-2.39775E-01 
-2.34944E-01 
-2.30710E-01 
-2.26985E-01 
-2.23694E-01 
-2.20779E-01 
-2.18189E-01 
-2.15883E-01 
-2.13824E-01 
-2.11983E-01 
-2.10335E-01 
-6.66658E-01 
-5.26267E-01 
-4.45329E-01 
-3.92704E-01 
-3.55418E-01 
-3.27696E-01 
-3.06333E-01 
-2.92926E-01 
-2.89416E-01 
-2.74765E-01 
-2.62867E-01 
-2.53046E-01 
-2.44828E-01 
-2.37941E-01 
-2.32023E-01 
-2.26891E-01 
-2.22415E-01 
-2.18493E-01 
-2.15041E-01 
-2.11993E-01 
-2.09292E-01 
-2.06893E-01 
-2.04756E-01 
-2.02848E-01 
-2.01143E-01 
-1.99615E-01 
-6.13511E-01 
-4.85228E-01 
-4.11270E-01 
-3.63184E-01 
-3.29113E-01 
-3.03781E-01 
-2.84262E-01 
-2.72010E-01 
-2.68803E-01 
-2.55416E-01 
-2.44544E-01 
-2.35569E-01 
-2.28060E-01 
-2.21767E-01 
-2.16360E-01 
-2.11670E-01 
-2.07580E-01 
-2.03996E-01 
-2.00842E-01 
-1.98057E-01 
-1.95589E-01 
-1.93396E-01 
-1.91444E-01 
-1.89701E-01 
-1.88142E-01 
-1.86747E-01 
-5.54854E-01 
-4.39654E-01 
-3.73239E-01 
-3.30057E-01 
-2.99461E-01 
-2.76713E-01 
-2.59184E-01 
-2.48182E-01 
-2.45302E-01 
-2.33280E-01 
-2.23517E-01 
-2.15458E-01 
-2.08714E-01 
-2.03063E-01 
-1.98207E-01 
-1.93996E-01 
-1.90323E-01 
-1.87105E-01 
-1.84273E-01 
-1.81771E-01 
-1.79555E-01 
-1.77586E-01 
-1.75832E-01 
-1.74267E-01 
-1.72868E-01 
-1.71615E-01 
-4.90605E-01 
-3.89459E-01 
-3.31147E-01 
-2.93233E-01 
-2.66370E-01 
-2.46397E-01 
-2.31006E-01 
-2.21346E-01 
-2.18818E-01 
-2.08263E-01 
-1.99691E-01 
-1.92615E-01 
-1.86694E-01 
-1.81732E-01 
-1.77469E-01 
-1.73771E-01 
-1.70547E-01 
-1.67721E-01 
-1.65234E-01 
-1.63038E-01 
-1.61092E-01 
-1.59363E-01 
-1.57824E-01 
-1.56449E-01 
-1.55221E-01 
-1.54120E-01 
---
