PdfType: replica
Format: lhagrid1
---
1.00000E-06 1.28121E-06 1.64152E-06 2.10317E-06 2.69463E-06 3.45242E-06 4.42329E-06 5.66715E-06 7.26076E-06 9.30241E-06 1.19180E-05 1.52689E-05 1.95617E-05 2.50609E-05 3.21053E-05 4.11287E-05 5.26863E-05 6.74889E-05 8.64459E-05 1.10720E-04 1.41800E-04 1.81585E-04 2.32503E-04 2.97652E-04 3.80981E-04 4.87518E-04 6.26039E-04 8.00452E-04 1.02297E-03 1.30657E-03 1.66759E-03 2.12729E-03 2.71054E-03 3.44865E-03 4.37927E-03 5.54908E-03 7.01192E-03 8.83064E-03 1.10763E-02 1.38266E-02 1.71641E-02 2.11717E-02 2.59364E-02 3.15062E-02 3.79623E-02 4.53425E-02 5.36750E-02 6.29705E-02 7.32221E-02 8.44039E-02 9.64793E-02 1.09332E-01 1.23067E-01 1.37507E-01 1.52639E-01 1.68416E-01 1.84794E-01 2.01731E-01 2.19016E-01 2.36948E-01 2.55242E-01 2.73927E-01 2.92954E-01 3.12340E-01 3.32036E-01 3.52019E-01 3.72282E-01 3.92772E-01 4.13533E-01 4.34326E-01 4.55495E-01 4.76836E-01 4.98342E-01 5.20006E-01 5.41818E-01 5.63773E-01 5.85861E-01 6.08077E-01 6.30459E-01 6.52800E-01 6.75387E-01 6.98063E-01 7.20830E-01 7.43683E-01 7.66623E-01 7.89636E-01 8.12791E-01 8.35940E-01 8.59175E-01 8.82485E-01 9.05866E-01 9.29311E-01 9.52817E-01 9.76387E-01 1.00000E+00 
1.14018E+00 1.22539E+00 1.32482E+00 1.44156E+00 1.57954E+00 1.74381E+00 1.94091E+00 2.12132E+00 2.17945E+00 2.49622E+00 2.89383E+00 3.39925E+00 4.05063E+00 4.90286E+00 6.03623E+00 7.57063E+00 9.68869E+00 1.26749E+01 1.69835E+01 2.33578E+01 3.30501E+01 4.82334E+01 7.28041E+01 1.13998E+02 1.85779E+02 3.16228E+02 
908
1.51556E-01 
1.48708E-01 
1.45899E-01 
1.43125E-01 
1.40352E-01 
1.37584E-01 
1.34823E-01 
1.32694E-01 
1.32073E-01 
1.29123E-01 
1.26192E-01 
1.23283E-01 
1.20399E-01 
1.17570E-01 
1.14757E-01 
1.11956E-01 
1.09171E-01 
1.06407E-01 
1.03666E-01 
1.00952E-01 
9.82675E-02 
9.56158E-02 
9.29992E-02 
9.04198E-02 
8.78798E-02 
8.53808E-02 
1.51555E-01 
1.48707E-01 
1.45899E-01 
1.43124E-01 
1.40351E-01 
1.37583E-01 
1.34823E-01 
1.32694E-01 
1.32073E-01 
1.29123E-01 
1.26192E-01 
1.23283E-01 
1.20399E-01 
1.17570E-01 
1.14756E-01 
1.11955E-01 
1.09171E-01 
1.06406E-01 
1.03665E-01 
1.00951E-01 
9.82670E-02 
9.56154E-02 
9.29987E-02 
9.04194E-02 
8.78793E-02 
8.53803E-02 
1.51555E-01 
1.48707E-01 
1.45898E-01 
1.43124E-01 
1.40351E-01 
1.37582E-01 
1.34822E-01 
1.32693E-01 
1.32072E-01 
1.29122E-01 
1.26191E-01 
1.23282E-01 
1.20398E-01 
1.17569E-01 
1.14756E-01 
1.11955E-01 
1.09170E-01 
1.06406E-01 
1.03665E-01 
1.00951E-01 
9.82664E-02 
9.56148E-02 
9.29981E-02 
9.04188E-02 
8.78787E-02 
8.53798E-02 
1.51554E-01 
1.48706E-01 
1.45897E-01 
1.43123E-01 
1.40350E-01 
1.37582E-01 
1.34821E-01 
1.32692E-01 
1.32071E-01 
1.29121E-01 
1.26191E-01 
1.23282E-01 
1.20397E-01 
1.17568E-01 
1.14755E-01 
1.11954E-01 
1.09169E-01 
1.06405E-01 
1.03664E-01 
1.00950E-01 
9.82657E-02 
9.56140E-02 
9.29974E-02 
9.04180E-02 
8.78779E-02 
8.53790E-02 
1.51553E-01 
1.48705E-01 
1.45896E-01 
1.43122E-01 
1.40349E-01 
1.37581E-01 
1.34820E-01 
1.32691E-01 
1.32070E-01 
1.29120E-01 
1.26190E-01 
1.23281E-01 
1.20396E-01 
1.17567E-01 
1.14754E-01 
1.11953E-01 
1.09168E-01 
1.06404E-01 
1.03663E-01 
1.00949E-01 
9.82647E-02 
9.56130E-02 
9.29964E-02 
9.04170E-02 
8.78770E-02 
8.53780E-02 
1.51552E-01 
1.48704E-01 
1.45895E-01 
1.43121E-01 
1.40348E-01 
1.37579E-01 
1.34819E-01 
1.32690E-01 
1.32069E-01 
1.29119E-01 
1.26188E-01 
1.23279E-01 
1.20395E-01 
1.17566E-01 
1.14752E-01 
1.11952E-01 
1.09167E-01 
1.06403E-01 
1.03662E-01 
1.00948E-01 
9.82634E-02 
9.56118E-02 
9.29951E-02 
9.04158E-02 
8.78757E-02 
8.53768E-02 
1.51550E-01 
1.48702E-01 
1.45893E-01 
1.43119E-01 
1.40346E-01 
1.37578E-01 
1.34817E-01 
1.32688E-01 
1.32067E-01 
1.29117E-01 
1.26187E-01 
1.23278E-01 
1.20393E-01 
1.17564E-01 
1.14751E-01 
1.11950E-01 
1.09165E-01 
1.06401E-01 
1.03660E-01 
1.00946E-01 
9.82618E-02 
9.56102E-02 
9.29935E-02 
9.04142E-02 
8.78741E-02 
8.53752E-02 
1.51548E-01 
1.48700E-01 
1.45891E-01 
1.43117E-01 
1.40344E-01 
1.37575E-01 
1.34815E-01 
1.32686E-01 
1.32065E-01 
1.29115E-01 
1.26184E-01 
1.23276E-01 
1.20391E-01 
1.17562E-01 
1.14749E-01 
1.11948E-01 
1.09163E-01 
1.06399E-01 
1.03658E-01 
1.00944E-01 
9.82597E-02 
9.56081E-02 
9.29915E-02 
9.04121E-02 
8.78721E-02 
8.53732E-02 
1.51545E-01 
1.48697E-01 
1.45888E-01 
1.43114E-01 
1.40341E-01 
1.37573E-01 
1.34812E-01 
1.32683E-01 
1.32062E-01 
1.29113E-01 
1.26182E-01 
1.23273E-01 
1.20389E-01 
1.17559E-01 
1.14746E-01 
1.11945E-01 
1.09161E-01 
1.06396E-01 
1.03655E-01 
1.00941E-01 
9.82571E-02 
9.56055E-02 
9.29888E-02 
9.04095E-02 
8.78695E-02 
8.53706E-02 
1.51541E-01 
1.48693E-01 
1.45885E-01 
1.43110E-01 
1.40337E-01 
1.37569E-01 
1.34809E-01 
1.32680E-01 
1.32059E-01 
1.29109E-01 
1.26178E-01 
1.23269E-01 
1.20385E-01 
1.17556E-01 
1.14743E-01 
1.11942E-01 
1.09157E-01 
1.06393E-01 
1.03652E-01 
1.00938E-01 
9.82537E-02 
9.56021E-02 
9.29855E-02 
9.04062E-02 
8.78661E-02 
8.53672E-02 
1.51537E-01 
1.48689E-01 
1.45880E-01 
1.43106E-01 
1.40333E-01 
1.37565E-01 
1.34804E-01 
1.32675E-01 
1.32054E-01 
1.29105E-01 
1.26174E-01 
1.23265E-01 
1.20381E-01 
1.17551E-01 
1.14738E-01 
1.11937E-01 
1.09153E-01 
1.06388E-01 
1.03648E-01 
1.00934E-01 
9.82494E-02 
9.55978E-02 
9.29812E-02 
9.04019E-02 
8.78619E-02 
8.53630E-02 
1.51531E-01 
1.48683E-01 
1.45874E-01 
1.43100E-01 
1.40327E-01 
1.37559E-01 
1.34798E-01 
1.32670E-01 
1.32049E-01 
1.29099E-01 
1.26168E-01 
1.23259E-01 
1.20375E-01 
1.17546E-01 
1.14732E-01 
1.11932E-01 
1.09147E-01 
1.06383E-01 
1.03642E-01 
1.00928E-01 
9.82438E-02 
9.55922E-02 
9.29756E-02 
9.03963E-02 
8.78564E-02 
8.53575E-02 
1.51523E-01 
1.48675E-01 
1.45867E-01 
1.43092E-01 
1.40319E-01 
1.37551E-01 
1.34791E-01 
1.32662E-01 
1.32041E-01 
1.29091E-01 
1.26161E-01 
1.23252E-01 
1.20368E-01 
1.17539E-01 
1.14725E-01 
1.11924E-01 
1.09140E-01 
1.06376E-01 
1.03635E-01 
1.00921E-01 
9.82367E-02 
9.55851E-02 
9.29685E-02 
9.03893E-02 
8.78493E-02 
8.53505E-02 
1.51513E-01 
1.48666E-01 
1.45857E-01 
1.43083E-01 
1.40310E-01 
1.37542E-01 
1.34781E-01 
1.32653E-01 
1.32032E-01 
1.29082E-01 
1.26151E-01 
1.23242E-01 
1.20358E-01 
1.17529E-01 
1.14716E-01 
1.11915E-01 
1.09131E-01 
1.06366E-01 
1.03626E-01 
1.00912E-01 
9.82275E-02 
9.55760E-02 
9.29595E-02 
9.03802E-02 
8.78403E-02 
8.53415E-02 
1.51501E-01 
1.48653E-01 
1.45845E-01 
1.43071E-01 
1.40298E-01 
1.37530E-01 
1.34769E-01 
1.32640E-01 
1.32019E-01 
1.29070E-01 
1.26139E-01 
1.23230E-01 
1.20346E-01 
1.17517E-01 
1.14704E-01 
1.11903E-01 
1.09119E-01 
1.06354E-01 
1.03614E-01 
1.00900E-01 
9.82159E-02 
9.55643E-02 
9.29479E-02 
9.03687E-02 
8.78288E-02 
8.53300E-02 
1.51485E-01 
1.48637E-01 
1.45829E-01 
1.43055E-01 
1.40282E-01 
1.37514E-01 
1.34754E-01 
1.32625E-01 
1.32004E-01 
1.29054E-01 
1.26124E-01 
1.23215E-01 
1.20331E-01 
1.17502E-01 
1.14689E-01 
1.11888E-01 
1.09104E-01 
1.06339E-01 
1.03599E-01 
1.00885E-01 
9.82009E-02 
9.55494E-02 
9.29330E-02 
9.03538E-02 
8.78140E-02 
8.53152E-02 
1.51465E-01 
1.48617E-01 
1.45809E-01 
1.43035E-01 
1.40262E-01 
1.37494E-01 
1.34733E-01 
1.32605E-01 
1.31984E-01 
1.29034E-01 
1.26104E-01 
1.23195E-01 
1.20311E-01 
1.17482E-01 
1.14669E-01 
1.11868E-01 
1.09084E-01 
1.06320E-01 
1.03579E-01 
1.00866E-01 
9.81817E-02 
9.55303E-02 
9.29139E-02 
9.03348E-02 
8.77950E-02 
8.52963E-02 
1.51438E-01 
1.48591E-01 
1.45783E-01 
1.43009E-01 
1.40236E-01 
1.37468E-01 
1.34708E-01 
1.32579E-01 
1.31958E-01 
1.29009E-01 
1.26078E-01 
1.23170E-01 
1.20286E-01 
1.17457E-01 
1.14644E-01 
1.11844E-01 
1.09059E-01 
1.06295E-01 
1.03555E-01 
1.00841E-01 
9.81571E-02 
9.55058E-02 
9.28895E-02 
9.03105E-02 
8.77707E-02 
8.52721E-02 
1.51405E-01 
1.48558E-01 
1.45749E-01 
1.42976E-01 
1.40203E-01 
1.37435E-01 
1.34675E-01 
1.32547E-01 
1.31926E-01 
1.28976E-01 
1.26046E-01 
1.23137E-01 
1.20254E-01 
1.17425E-01 
1.14612E-01 
1.11812E-01 
1.09027E-01 
1.06263E-01 
1.03523E-01 
1.00809E-01 
9.81257E-02 
9.54744E-02 
9.28582E-02 
9.02793E-02 
8.77397E-02 
8.52411E-02 
1.51362E-01 
1.48515E-01 
1.45707E-01 
1.42933E-01 
1.40161E-01 
1.37393E-01 
1.34633E-01 
1.32505E-01 
1.31884E-01 
1.28935E-01 
1.26004E-01 
1.23096E-01 
1.20212E-01 
1.17384E-01 
1.14571E-01 
1.11771E-01 
1.08987E-01 
1.06223E-01 
1.03482E-01 
1.00769E-01 
9.80854E-02 
9.54343E-02 
9.28182E-02 
9.02394E-02 
8.76999E-02 
8.52014E-02 
1.51307E-01 
1.48460E-01 
1.45652E-01 
1.42879E-01 
1.40107E-01 
1.37339E-01 
1.34579E-01 
1.32451E-01 
1.31830E-01 
1.28881E-01 
1.25951E-01 
1.23043E-01 
1.20159E-01 
1.17331E-01 
1.14518E-01 
1.11718E-01 
1.08934E-01 
1.06171E-01 
1.03431E-01 
1.00717E-01 
9.80338E-02 
9.53828E-02 
9.27669E-02 
9.01883E-02 
8.76489E-02 
8.51507E-02 
1.51237E-01 
1.48390E-01 
1.45583E-01 
1.42809E-01 
1.40037E-01 
1.37270E-01 
1.34510E-01 
1.32382E-01 
1.31761E-01 
1.28813E-01 
1.25883E-01 
1.22975E-01 
1.20092E-01 
1.17263E-01 
1.14451E-01 
1.11651E-01 
1.08867E-01 
1.06104E-01 
1.03364E-01 
1.00651E-01 
9.79678E-02 
9.53170E-02 
9.27013E-02 
9.01229E-02 
8.75837E-02 
8.50856E-02 
1.51147E-01 
1.48301E-01 
1.45493E-01 
1.42720E-01 
1.39949E-01 
1.37181E-01 
1.34422E-01 
1.32294E-01 
1.31674E-01 
1.28725E-01 
1.25796E-01 
1.22888E-01 
1.20005E-01 
1.17177E-01 
1.14365E-01 
1.11565E-01 
1.08782E-01 
1.06019E-01 
1.03279E-01 
1.00566E-01 
9.78833E-02 
9.52328E-02 
9.26174E-02 
9.00392E-02 
8.75003E-02 
8.50025E-02 
1.51033E-01 
1.48186E-01 
1.45379E-01 
1.42607E-01 
1.39835E-01 
1.37068E-01 
1.34309E-01 
1.32182E-01 
1.31561E-01 
1.28613E-01 
1.25684E-01 
1.22777E-01 
1.19894E-01 
1.17067E-01 
1.14255E-01 
1.11455E-01 
1.08672E-01 
1.05910E-01 
1.03170E-01 
1.00458E-01 
9.77752E-02 
9.51251E-02 
9.25100E-02 
8.99321E-02 
8.73935E-02 
8.48960E-02 
1.50886E-01 
1.48040E-01 
1.45233E-01 
1.42461E-01 
1.39690E-01 
1.36924E-01 
1.34165E-01 
1.32038E-01 
1.31418E-01 
1.28470E-01 
1.25541E-01 
1.22634E-01 
1.19752E-01 
1.16925E-01 
1.14114E-01 
1.11315E-01 
1.08532E-01 
1.05770E-01 
1.03031E-01 
1.00319E-01 
9.76370E-02 
9.49873E-02 
9.23726E-02 
8.97952E-02 
8.72570E-02 
8.47600E-02 
1.50698E-01 
1.47853E-01 
1.45047E-01 
1.42275E-01 
1.39505E-01 
1.36739E-01 
1.33981E-01 
1.31854E-01 
1.31234E-01 
1.28287E-01 
1.25359E-01 
1.22453E-01 
1.19571E-01 
1.16745E-01 
1.13934E-01 
1.11136E-01 
1.08354E-01 
1.05592E-01 
1.02854E-01 
1.00142E-01 
9.74604E-02 
9.48113E-02 
9.21971E-02 
8.96202E-02 
8.70826E-02 
8.45860E-02 
1.50454E-01 
1.47609E-01 
1.44804E-01 
1.42033E-01 
1.39264E-01 
1.36499E-01 
1.33742E-01 
1.31615E-01 
1.30995E-01 
1.28049E-01 
1.25122E-01 
1.22216E-01 
1.19336E-01 
1.16510E-01 
1.13700E-01 
1.10902E-01 
1.08121E-01 
1.05360E-01 
1.02623E-01 
9.99118E-02 
9.72309E-02 
9.45825E-02 
9.19690E-02 
8.93928E-02 
8.68559E-02 
8.43600E-02 
1.50147E-01 
1.47303E-01 
1.44499E-01 
1.41729E-01 
1.38960E-01 
1.36196E-01 
1.33440E-01 
1.31315E-01 
1.30695E-01 
1.27750E-01 
1.24823E-01 
1.21919E-01 
1.19039E-01 
1.16214E-01 
1.13405E-01 
1.10609E-01 
1.07829E-01 
1.05068E-01 
1.02332E-01 
9.96221E-02 
9.69420E-02 
9.42945E-02 
9.16820E-02 
8.91067E-02 
8.65706E-02 
8.40756E-02 
1.49755E-01 
1.46913E-01 
1.44110E-01 
1.41341E-01 
1.38574E-01 
1.35811E-01 
1.33056E-01 
1.30931E-01 
1.30312E-01 
1.27368E-01 
1.24443E-01 
1.21540E-01 
1.18661E-01 
1.15838E-01 
1.13030E-01 
1.10235E-01 
1.07456E-01 
1.04697E-01 
1.01961E-01 
9.92526E-02 
9.65738E-02 
9.39274E-02 
9.13160E-02 
8.87418E-02 
8.62069E-02 
8.37129E-02 
1.49257E-01 
1.46416E-01 
1.43615E-01 
1.40847E-01 
1.38081E-01 
1.35320E-01 
1.32567E-01 
1.30443E-01 
1.29824E-01 
1.26882E-01 
1.23958E-01 
1.21057E-01 
1.18180E-01 
1.15358E-01 
1.12552E-01 
1.09758E-01 
1.06981E-01 
1.04223E-01 
1.01489E-01 
9.87822E-02 
9.61049E-02 
9.34600E-02 
9.08500E-02 
8.82773E-02 
8.57438E-02 
8.32512E-02 
1.48623E-01 
1.45784E-01 
1.42985E-01 
1.40219E-01 
1.37455E-01 
1.34696E-01 
1.31945E-01 
1.29823E-01 
1.29204E-01 
1.26264E-01 
1.23342E-01 
1.20443E-01 
1.17568E-01 
1.14748E-01 
1.11944E-01 
1.09152E-01 
1.06377E-01 
1.03621E-01 
1.00889E-01 
9.81841E-02 
9.55086E-02 
9.28656E-02 
9.02575E-02 
8.76866E-02 
8.51549E-02 
8.26641E-02 
1.47817E-01 
1.44981E-01 
1.42184E-01 
1.39421E-01 
1.36659E-01 
1.33903E-01 
1.31154E-01 
1.29034E-01 
1.28415E-01 
1.25478E-01 
1.22559E-01 
1.19662E-01 
1.16790E-01 
1.13973E-01 
1.11171E-01 
1.08382E-01 
1.05609E-01 
1.02856E-01 
1.00126E-01 
9.74236E-02 
9.47505E-02 
9.21099E-02 
8.95042E-02 
8.69356E-02 
8.44061E-02 
8.19176E-02 
1.46796E-01 
1.43963E-01 
1.41169E-01 
1.38410E-01 
1.35651E-01 
1.32898E-01 
1.30152E-01 
1.28034E-01 
1.27417E-01 
1.24482E-01 
1.21567E-01 
1.18674E-01 
1.15805E-01 
1.12990E-01 
1.10192E-01 
1.07406E-01 
1.04636E-01 
1.01886E-01 
9.91601E-02 
9.64605E-02 
9.37905E-02 
9.11529E-02 
8.85502E-02 
8.59845E-02 
8.34580E-02 
8.09723E-02 
1.45507E-01 
1.42678E-01 
1.39888E-01 
1.37133E-01 
1.34378E-01 
1.31629E-01 
1.28887E-01 
1.26772E-01 
1.26156E-01 
1.23226E-01 
1.20315E-01 
1.17425E-01 
1.14561E-01 
1.11750E-01 
1.08956E-01 
1.06174E-01 
1.03408E-01 
1.00663E-01 
9.79402E-02 
9.52445E-02 
9.25784E-02 
8.99447E-02 
8.73457E-02 
8.47838E-02 
8.22609E-02 
7.97789E-02 
1.43886E-01 
1.41062E-01 
1.38278E-01 
1.35527E-01 
1.32778E-01 
1.30033E-01 
1.27297E-01 
1.25186E-01 
1.24570E-01 
1.21646E-01 
1.18740E-01 
1.15856E-01 
1.12997E-01 
1.10192E-01 
1.07402E-01 
1.04626E-01 
1.01865E-01 
9.91241E-02 
9.64067E-02 
9.37160E-02 
9.10548E-02 
8.84259E-02 
8.58317E-02 
8.32745E-02 
8.07562E-02 
7.82787E-02 
1.41856E-01 
1.39039E-01 
1.36261E-01 
1.33517E-01 
1.30774E-01 
1.28036E-01 
1.25305E-01 
1.23199E-01 
1.22585E-01 
1.19667E-01 
1.16768E-01 
1.13891E-01 
1.11038E-01 
1.08240E-01 
1.05457E-01 
1.02686E-01 
9.99319E-02 
9.71975E-02 
9.44864E-02 
9.18019E-02 
8.91468E-02 
8.65240E-02 
8.39358E-02 
8.13844E-02 
7.88720E-02 
7.64002E-02 
1.39329E-01 
1.36520E-01 
1.33750E-01 
1.31014E-01 
1.28279E-01 
1.25549E-01 
1.22826E-01 
1.20726E-01 
1.20114E-01 
1.17205E-01 
1.14314E-01 
1.11445E-01 
1.08600E-01 
1.05810E-01 
1.03035E-01 
1.00272E-01 
9.75261E-02 
9.47996E-02 
9.20964E-02 
8.94196E-02 
8.67722E-02 
8.41569E-02 
8.15762E-02 
7.90323E-02 
7.65271E-02 
7.40624E-02 
1.36205E-01 
1.33406E-01 
1.30646E-01 
1.27920E-01 
1.25195E-01 
1.22474E-01 
1.19761E-01 
1.17669E-01 
1.17059E-01 
1.14160E-01 
1.11280E-01 
1.08421E-01 
1.05587E-01 
1.02807E-01 
1.00042E-01 
9.72891E-02 
9.45527E-02 
9.18360E-02 
8.91424E-02 
8.64753E-02 
8.38374E-02 
8.12316E-02 
7.86601E-02 
7.61253E-02 
7.36291E-02 
7.11734E-02 
1.32375E-01 
1.29589E-01 
1.26841E-01 
1.24127E-01 
1.21414E-01 
1.18705E-01 
1.16005E-01 
1.13922E-01 
1.13314E-01 
1.10428E-01 
1.07561E-01 
1.04715E-01 
1.01893E-01 
9.91251E-02 
9.63726E-02 
9.36323E-02 
9.09080E-02 
8.82034E-02 
8.55218E-02 
8.28666E-02 
8.02404E-02 
7.76462E-02 
7.50862E-02 
7.25627E-02 
7.00776E-02 
6.76327E-02 
1.27725E-01 
1.24954E-01 
1.22221E-01 
1.19522E-01 
1.16824E-01 
1.14130E-01 
1.11444E-01 
1.09373E-01 
1.08768E-01 
1.05898E-01 
1.03046E-01 
1.00216E-01 
9.74096E-02 
9.46568E-02 
9.19193E-02 
8.91940E-02 
8.64845E-02 
8.37947E-02 
8.11278E-02 
7.84870E-02 
7.58753E-02 
7.32952E-02 
7.07492E-02 
6.82394E-02 
6.57679E-02 
6.33365E-02 
1.22142E-01 
1.19390E-01 
1.16675E-01 
1.13994E-01 
1.11313E-01 
1.08638E-01 
1.05969E-01 
1.03912E-01 
1.03312E-01 
1.00461E-01 
9.76278E-02 
9.48161E-02 
9.20284E-02 
8.92939E-02 
8.65746E-02 
8.38674E-02 
8.11760E-02 
7.85040E-02 
7.58549E-02 
7.32317E-02 
7.06373E-02 
6.80743E-02 
6.55452E-02 
6.30522E-02 
6.05971E-02 
5.81818E-02 
1.15525E-01 
1.12795E-01 
1.10102E-01 
1.07442E-01 
1.04783E-01 
1.02129E-01 
9.94820E-02 
9.74409E-02 
9.68455E-02 
9.40172E-02 
9.12071E-02 
8.84180E-02 
8.56526E-02 
8.29400E-02 
8.02425E-02 
7.75570E-02 
7.48872E-02 
7.22366E-02 
6.96087E-02 
6.70065E-02 
6.44329E-02 
6.18905E-02 
5.93817E-02 
5.69086E-02 
5.44732E-02 
5.20773E-02 
1.07780E-01 
1.05076E-01 
1.02409E-01 
9.97742E-02 
9.71409E-02 
9.45121E-02 
9.18906E-02 
8.98691E-02 
8.92794E-02 
8.64782E-02 
8.36950E-02 
8.09325E-02 
7.81936E-02 
7.55070E-02 
7.28353E-02 
7.01755E-02 
6.75312E-02 
6.49060E-02 
6.23033E-02 
5.97260E-02 
5.71770E-02 
5.46589E-02 
5.21741E-02 
4.97247E-02 
4.73126E-02 
4.49396E-02 
9.88944E-02 
9.62203E-02 
9.35833E-02 
9.09783E-02 
8.83746E-02 
8.57753E-02 
8.31833E-02 
8.11846E-02 
8.06014E-02 
7.78318E-02 
7.50798E-02 
7.23485E-02 
6.96404E-02 
6.69839E-02 
6.43423E-02 
6.17124E-02 
5.90979E-02 
5.65022E-02 
5.39287E-02 
5.13804E-02 
4.88601E-02 
4.63703E-02 
4.39135E-02 
4.14916E-02 
3.91067E-02 
3.67603E-02 
8.88188E-02 
8.61798E-02 
8.35774E-02 
8.10065E-02 
7.84370E-02 
7.58718E-02 
7.33139E-02 
7.13413E-02 
7.07658E-02 
6.80325E-02 
6.53167E-02 
6.26211E-02 
5.99486E-02 
5.73269E-02 
5.47200E-02 
5.21246E-02 
4.95443E-02 
4.69827E-02 
4.44430E-02 
4.19281E-02 
3.94409E-02 
3.69838E-02 
3.45591E-02 
3.21691E-02 
2.98154E-02 
2.74998E-02 
7.75939E-02 
7.49948E-02 
7.24316E-02 
6.98996E-02 
6.73689E-02 
6.48425E-02 
6.23232E-02 
6.03804E-02 
5.98136E-02 
5.71216E-02 
5.44468E-02 
5.17920E-02 
4.91598E-02 
4.65777E-02 
4.40102E-02 
4.14540E-02 
3.89127E-02 
3.63898E-02 
3.38884E-02 
3.14115E-02 
2.89619E-02 
2.65419E-02 
2.41539E-02 
2.17999E-02 
1.94818E-02 
1.72012E-02 
6.52926E-02 
6.27382E-02 
6.02191E-02 
5.77307E-02 
5.52435E-02 
5.27606E-02 
5.02846E-02 
4.83752E-02 
4.78182E-02 
4.51724E-02 
4.25437E-02 
3.99345E-02 
3.73476E-02 
3.48100E-02 
3.22866E-02 
2.97744E-02 
2.72768E-02 
2.47973E-02 
2.23390E-02 
1.99047E-02 
1.74972E-02 
1.51188E-02 
1.27719E-02 
1.04584E-02 
8.18017E-03 
5.93881E-03 
5.20304E-02 
4.95255E-02 
4.70553E-02 
4.46151E-02 
4.21761E-02 
3.97413E-02 
3.73132E-02 
3.54409E-02 
3.48947E-02 
3.23002E-02 
2.97224E-02 
2.71638E-02 
2.46270E-02 
2.21386E-02 
1.96641E-02 
1.72005E-02 
1.47514E-02 
1.23199E-02 
9.90921E-03 
7.52211E-03 
5.16123E-03 
2.82898E-03 
5.27528E-04 
-1.74112E-03 
-3.97520E-03 
-6.17312E-03 
3.79611E-02 
3.55103E-02 
3.30935E-02 
3.07060E-02 
2.83197E-02 
2.59375E-02 
2.35620E-02 
2.17301E-02 
2.11957E-02 
1.86573E-02 
1.61352E-02 
1.36319E-02 
1.11499E-02 
8.71526E-03 
6.29426E-03 
3.88393E-03 
1.48772E-03 
-8.91186E-04 
-3.24980E-03 
-5.58531E-03 
-7.89516E-03 
-1.01770E-02 
-1.24287E-02 
-1.46483E-02 
-1.68341E-02 
-1.89846E-02 
2.32726E-02 
2.08803E-02 
1.85211E-02 
1.61907E-02 
1.38613E-02 
1.15360E-02 
9.21716E-03 
7.42901E-03 
6.90734E-03 
4.42953E-03 
1.96761E-03 
-4.75918E-04 
-2.89863E-03 
-5.27517E-03 
-7.63838E-03 
-9.99117E-03 
-1.23302E-02 
-1.46523E-02 
-1.69546E-02 
-1.92344E-02 
-2.14891E-02 
-2.37165E-02 
-2.59144E-02 
-2.80811E-02 
-3.02147E-02 
-3.23138E-02 
8.16946E-03 
5.83975E-03 
3.54224E-03 
1.27269E-03 
-9.95764E-04 
-3.26032E-03 
-5.51853E-03 
-7.25994E-03 
-7.76798E-03 
-1.01810E-02 
-1.25786E-02 
-1.49582E-02 
-1.73176E-02 
-1.96320E-02 
-2.19335E-02 
-2.42248E-02 
-2.65026E-02 
-2.87640E-02 
-3.10062E-02 
-3.32263E-02 
-3.54221E-02 
-3.75913E-02 
-3.97318E-02 
-4.18418E-02 
-4.39196E-02 
-4.59639E-02 
-7.05325E-03 
-9.31713E-03 
-1.15497E-02 
-1.37552E-02 
-1.59595E-02 
-1.81601E-02 
-2.03545E-02 
-2.20467E-02 
-2.25404E-02 
-2.48852E-02 
-2.72151E-02 
-2.95275E-02 
-3.18202E-02 
-3.40692E-02 
-3.63056E-02 
-3.85322E-02 
-4.07457E-02 
-4.29432E-02 
-4.51220E-02 
-4.72794E-02 
-4.94132E-02 
-5.15210E-02 
-5.36011E-02 
-5.56514E-02 
-5.76706E-02 
-5.96570E-02 
-2.23658E-02 
-2.45602E-02 
-2.67242E-02 
-2.88619E-02 
-3.09986E-02 
-3.31316E-02 
-3.52587E-02 
-3.68989E-02 
-3.73774E-02 
-3.96503E-02 
-4.19086E-02 
-4.41500E-02 
-4.63723E-02 
-4.85523E-02 
-5.07200E-02 
-5.28782E-02 
-5.50238E-02 
-5.71538E-02 
-5.92657E-02 
-6.13569E-02 
-6.34251E-02 
-6.54683E-02 
-6.74844E-02 
-6.94719E-02 
-7.14290E-02 
-7.33545E-02 
-3.74199E-02 
-3.95421E-02 
-4.16350E-02 
-4.37025E-02 
-4.57689E-02 
-4.78318E-02 
-4.98889E-02 
-5.14752E-02 
-5.19380E-02 
-5.41361E-02 
-5.63201E-02 
-5.84879E-02 
-6.06371E-02 
-6.27454E-02 
-6.48419E-02 
-6.69291E-02 
-6.90041E-02 
-7.10641E-02 
-7.31066E-02 
-7.51290E-02 
-7.71293E-02 
-7.91052E-02 
-8.10551E-02 
-8.29772E-02 
-8.48700E-02 
-8.67321E-02 
-5.20695E-02 
-5.41171E-02 
-5.61365E-02 
-5.81312E-02 
-6.01250E-02 
-6.21154E-02 
-6.41002E-02 
-6.56308E-02 
-6.60773E-02 
-6.81982E-02 
-7.03055E-02 
-7.23970E-02 
-7.44708E-02 
-7.65050E-02 
-7.85278E-02 
-8.05416E-02 
-8.25437E-02 
-8.45314E-02 
-8.65020E-02 
-8.84534E-02 
-9.03833E-02 
-9.22898E-02 
-9.41712E-02 
-9.60257E-02 
-9.78520E-02 
-9.96487E-02 
-6.61425E-02 
-6.81135E-02 
-7.00573E-02 
-7.19774E-02 
-7.38966E-02 
-7.58124E-02 
-7.77230E-02 
-7.91962E-02 
-7.96260E-02 
-8.16675E-02 
-8.36960E-02 
-8.57092E-02 
-8.77053E-02 
-8.96634E-02 
-9.16105E-02 
-9.35489E-02 
-9.54761E-02 
-9.73893E-02 
-9.92862E-02 
-1.01165E-01 
-1.03022E-01 
-1.04857E-01 
-1.06668E-01 
-1.08453E-01 
-1.10211E-01 
-1.11941E-01 
-7.94840E-02 
-8.13767E-02 
-8.32432E-02 
-8.50869E-02 
-8.69298E-02 
-8.87695E-02 
-9.06041E-02 
-9.20188E-02 
-9.24315E-02 
-9.43918E-02 
-9.63396E-02 
-9.82728E-02 
-1.00190E-01 
-1.02070E-01 
-1.03939E-01 
-1.05801E-01 
-1.07651E-01 
-1.09489E-01 
-1.11310E-01 
-1.13114E-01 
-1.14898E-01 
-1.16660E-01 
-1.18399E-01 
-1.20113E-01 
-1.21801E-01 
-1.23462E-01 
-9.19553E-02 
-9.37682E-02 
-9.55561E-02 
-9.73222E-02 
-9.90874E-02 
-1.00850E-01 
-1.02607E-01 
-1.03962E-01 
-1.04357E-01 
-1.06235E-01 
-1.08101E-01 
-1.09952E-01 
-1.11788E-01 
-1.13589E-01 
-1.15380E-01 
-1.17163E-01 
-1.18936E-01 
-1.20696E-01 
-1.22440E-01 
-1.24168E-01 
-1.25877E-01 
-1.27565E-01 
-1.29230E-01 
-1.30872E-01 
-1.32489E-01 
-1.34080E-01 
-1.03329E-01 
-1.05061E-01 
-1.06770E-01 
-1.08458E-01 
-1.10146E-01 
-1.11830E-01 
-1.13510E-01 
-1.14805E-01 
-1.15183E-01 
-1.16978E-01 
-1.18761E-01 
-1.20531E-01 
-1.22286E-01 
-1.24008E-01 
-1.25719E-01 
-1.27424E-01 
-1.29118E-01 
-1.30800E-01 
-1.32468E-01 
-1.34119E-01 
-1.35752E-01 
-1.37366E-01 
-1.38958E-01 
-1.40527E-01 
-1.42073E-01 
-1.43593E-01 
-1.13720E-01 
-1.15372E-01 
-1.17000E-01 
-1.18609E-01 
-1.20217E-01 
-1.21822E-01 
-1.23422E-01 
-1.24657E-01 
-1.25017E-01 
-1.26727E-01 
-1.28426E-01 
-1.30113E-01 
-1.31785E-01 
-1.33426E-01 
-1.35057E-01 
-1.36681E-01 
-1.38296E-01 
-1.39898E-01 
-1.41488E-01 
-1.43061E-01 
-1.44618E-01 
-1.46155E-01 
-1.47672E-01 
-1.49168E-01 
-1.50641E-01 
-1.52089E-01 
-1.22887E-01 
-1.24457E-01 
-1.26004E-01 
-1.27533E-01 
-1.29062E-01 
-1.30587E-01 
-1.32109E-01 
-1.33282E-01 
-1.33624E-01 
-1.35250E-01 
-1.36865E-01 
-1.38468E-01 
-1.40058E-01 
-1.41617E-01 
-1.43168E-01 
-1.44711E-01 
-1.46246E-01 
-1.47770E-01 
-1.49280E-01 
-1.50776E-01 
-1.52255E-01 
-1.53717E-01 
-1.55159E-01 
-1.56580E-01 
-1.57980E-01 
-1.59357E-01 
-1.30798E-01 
-1.32286E-01 
-1.33753E-01 
-1.35202E-01 
-1.36651E-01 
-1.38097E-01 
-1.39539E-01 
-1.40651E-01 
-1.40975E-01 
-1.42516E-01 
-1.44047E-01 
-1.45567E-01 
-1.47074E-01 
-1.48551E-01 
-1.50021E-01 
-1.51484E-01 
-1.52939E-01 
-1.54383E-01 
-1.55815E-01 
-1.57232E-01 
-1.58634E-01 
-1.60020E-01 
-1.61386E-01 
-1.62734E-01 
-1.64061E-01 
-1.65366E-01 
-1.37395E-01 
-1.38800E-01 
-1.40187E-01 
-1.41557E-01 
-1.42926E-01 
-1.44292E-01 
-1.45655E-01 
-1.46706E-01 
-1.47012E-01 
-1.48469E-01 
-1.49916E-01 
-1.51352E-01 
-1.52776E-01 
-1.54172E-01 
-1.55561E-01 
-1.56944E-01 
-1.58318E-01 
-1.59683E-01 
-1.61036E-01 
-1.62376E-01 
-1.63701E-01 
-1.65010E-01 
-1.66302E-01 
-1.67575E-01 
-1.68829E-01 
-1.70063E-01 
-1.42650E-01 
-1.43975E-01 
-1.45281E-01 
-1.46571E-01 
-1.47860E-01 
-1.49148E-01 
-1.50431E-01 
-1.51421E-01 
-1.51710E-01 
-1.53082E-01 
-1.54445E-01 
-1.55798E-01 
-1.57139E-01 
-1.58454E-01 
-1.59763E-01 
-1.61065E-01 
-1.62360E-01 
-1.63646E-01 
-1.64920E-01 
-1.66182E-01 
-1.67431E-01 
-1.68664E-01 
-1.69880E-01 
-1.71080E-01 
-1.72261E-01 
-1.73423E-01 
-1.46528E-01 
-1.47772E-01 
-1.48998E-01 
-1.50209E-01 
-1.51419E-01 
-1.52628E-01 
-1.53833E-01 
-1.54762E-01 
-1.55033E-01 
-1.56321E-01 
-1.57601E-01 
-1.58870E-01 
-1.60129E-01 
-1.61365E-01 
-1.62593E-01 
-1.63815E-01 
-1.65031E-01 
-1.66238E-01 
-1.67434E-01 
-1.68619E-01 
-1.69791E-01 
-1.70948E-01 
-1.72091E-01 
-1.73217E-01 
-1.74325E-01 
-1.75416E-01 
-1.49013E-01 
-1.50176E-01 
-1.51322E-01 
-1.52455E-01 
-1.53587E-01 
-1.54717E-01 
-1.55844E-01 
-1.56713E-01 
-1.56967E-01 
-1.58171E-01 
-1.59368E-01 
-1.60556E-01 
-1.61733E-01 
-1.62888E-01 
-1.64037E-01 
-1.65180E-01 
-1.66317E-01 
-1.67446E-01 
-1.68565E-01 
-1.69673E-01 
-1.70769E-01 
-1.71852E-01 
-1.72920E-01 
-1.73973E-01 
-1.75010E-01 
-1.76030E-01 
-1.50098E-01 
-1.51181E-01 
-1.52249E-01 
-1.53304E-01 
-1.54358E-01 
-1.55411E-01 
-1.56461E-01 
-1.57270E-01 
-1.57506E-01 
-1.58628E-01 
-1.59743E-01 
-1.60849E-01 
-1.61946E-01 
-1.63021E-01 
-1.64091E-01 
-1.65156E-01 
-1.66215E-01 
-1.67267E-01 
-1.68309E-01 
-1.69341E-01 
-1.70362E-01 
-1.71370E-01 
-1.72365E-01 
-1.73346E-01 
-1.74312E-01 
-1.75262E-01 
-1.49786E-01 
-1.50790E-01 
-1.51781E-01 
-1.52759E-01 
-1.53737E-01 
-1.54713E-01 
-1.55687E-01 
-1.56437E-01 
-1.56656E-01 
-1.57696E-01 
-1.58730E-01 
-1.59756E-01 
-1.60773E-01 
-1.61770E-01 
-1.62762E-01 
-1.63750E-01 
-1.64732E-01 
-1.65707E-01 
-1.66673E-01 
-1.67630E-01 
-1.68577E-01 
-1.69512E-01 
-1.70434E-01 
-1.71344E-01 
-1.72240E-01 
-1.73121E-01 
-1.48088E-01 
-1.49014E-01 
-1.49928E-01 
-1.50830E-01 
-1.51732E-01 
-1.52633E-01 
-1.53531E-01 
-1.54223E-01 
-1.54425E-01 
-1.55385E-01 
-1.56338E-01 
-1.57285E-01 
-1.58223E-01 
-1.59143E-01 
-1.60058E-01 
-1.60969E-01 
-1.61875E-01 
-1.62774E-01 
-1.63666E-01 
-1.64549E-01 
-1.65422E-01 
-1.66285E-01 
-1.67136E-01 
-1.67975E-01 
-1.68801E-01 
-1.69614E-01 
-1.45055E-01 
-1.45905E-01 
-1.46744E-01 
-1.47572E-01 
-1.48400E-01 
-1.49227E-01 
-1.50051E-01 
-1.50687E-01 
-1.50873E-01 
-1.51753E-01 
-1.52629E-01 
-1.53497E-01 
-1.54359E-01 
-1.55203E-01 
-1.56044E-01 
-1.56880E-01 
-1.57712E-01 
-1.58537E-01 
-1.59355E-01 
-1.60166E-01 
-1.60967E-01 
-1.61759E-01 
-1.62541E-01 
-1.63311E-01 
-1.64069E-01 
-1.64816E-01 
-1.40663E-01 
-1.41438E-01 
-1.42203E-01 
-1.42958E-01 
-1.43713E-01 
-1.44466E-01 
-1.45217E-01 
-1.45797E-01 
-1.45966E-01 
-1.46769E-01 
-1.47566E-01 
-1.48358E-01 
-1.49143E-01 
-1.49913E-01 
-1.50679E-01 
-1.51441E-01 
-1.52199E-01 
-1.52952E-01 
-1.53698E-01 
-1.54436E-01 
-1.55167E-01 
-1.55888E-01 
-1.56601E-01 
-1.57303E-01 
-1.57994E-01 
-1.58674E-01 
-1.34972E-01 
-1.35674E-01 
-1.36365E-01 
-1.37048E-01 
-1.37731E-01 
-1.38413E-01 
-1.39093E-01 
-1.39617E-01 
-1.39770E-01 
-1.40496E-01 
-1.41218E-01 
-1.41934E-01 
-1.42644E-01 
-1.43341E-01 
-1.44034E-01 
-1.44723E-01 
-1.45409E-01 
-1.46090E-01 
-1.46765E-01 
-1.47433E-01 
-1.48094E-01 
-1.48747E-01 
-1.49391E-01 
-1.50026E-01 
-1.50652E-01 
-1.51267E-01 
-1.28023E-01 
-1.28652E-01 
-1.29272E-01 
-1.29885E-01 
-1.30498E-01 
-1.31109E-01 
-1.31719E-01 
-1.32189E-01 
-1.32326E-01 
-1.32977E-01 
-1.33625E-01 
-1.34267E-01 
-1.34904E-01 
-1.35529E-01 
-1.36150E-01 
-1.36769E-01 
-1.37384E-01 
-1.37994E-01 
-1.38600E-01 
-1.39199E-01 
-1.39792E-01 
-1.40377E-01 
-1.40955E-01 
-1.41525E-01 
-1.42086E-01 
-1.42638E-01 
-1.19862E-01 
-1.20420E-01 
-1.20971E-01 
-1.21514E-01 
-1.22058E-01 
-1.22601E-01 
-1.23142E-01 
-1.23559E-01 
-1.23681E-01 
-1.24259E-01 
-1.24833E-01 
-1.25404E-01 
-1.25969E-01 
-1.26524E-01 
-1.27075E-01 
-1.27624E-01 
-1.28170E-01 
-1.28712E-01 
-1.29249E-01 
-1.29781E-01 
-1.30307E-01 
-1.30827E-01 
-1.31340E-01 
-1.31846E-01 
-1.32343E-01 
-1.32833E-01 
-1.10540E-01 
-1.11029E-01 
-1.11511E-01 
-1.11988E-01 
-1.12464E-01 
-1.12940E-01 
-1.13414E-01 
-1.13780E-01 
-1.13887E-01 
-1.14393E-01 
-1.14897E-01 
-1.15396E-01 
-1.15892E-01 
-1.16378E-01 
-1.16861E-01 
-1.17342E-01 
-1.17821E-01 
-1.18296E-01 
-1.18766E-01 
-1.19233E-01 
-1.19694E-01 
-1.20149E-01 
-1.20599E-01 
-1.21042E-01 
-1.21478E-01 
-1.21907E-01 
-1.00111E-01 
-1.00533E-01 
-1.00949E-01 
-1.01360E-01 
-1.01771E-01 
-1.02181E-01 
-1.02590E-01 
-1.02906E-01 
-1.02998E-01 
-1.03435E-01 
-1.03869E-01 
-1.04300E-01 
-1.04727E-01 
-1.05146E-01 
-1.05563E-01 
-1.05978E-01 
-1.06391E-01 
-1.06800E-01 
-1.07206E-01 
-1.07609E-01 
-1.08006E-01 
-1.08399E-01 
-1.08787E-01 
-1.09169E-01 
-1.09545E-01 
-1.09915E-01 
-8.86363E-02 
-8.89928E-02 
-8.93443E-02 
-8.96916E-02 
-9.00387E-02 
-9.03852E-02 
-9.07308E-02 
-9.09972E-02 
-9.10750E-02 
-9.14442E-02 
-9.18111E-02 
-9.21752E-02 
-9.25362E-02 
-9.28904E-02 
-9.32425E-02 
-9.35931E-02 
-9.39417E-02 
-9.42877E-02 
-9.46308E-02 
-9.49705E-02 
-9.53065E-02 
-9.56384E-02 
-9.59660E-02 
-9.62888E-02 
-9.66068E-02 
-9.69196E-02 
-7.61773E-02 
-7.64702E-02 
-7.67590E-02 
-7.70443E-02 
-7.73295E-02 
-7.76142E-02 
-7.78981E-02 
-7.81171E-02 
-7.81809E-02 
-7.84843E-02 
-7.87857E-02 
-7.90849E-02 
-7.93815E-02 
-7.96725E-02 
-7.99618E-02 
-8.02499E-02 
-8.05362E-02 
-8.08205E-02 
-8.11024E-02 
-8.13815E-02 
-8.16576E-02 
-8.19303E-02 
-8.21994E-02 
-8.24647E-02 
-8.27259E-02 
-8.29829E-02 
-6.27728E-02 
-6.30039E-02 
-6.32319E-02 
-6.34570E-02 
-6.36820E-02 
-6.39067E-02 
-6.41307E-02 
-6.43034E-02 
-6.43538E-02 
-6.45932E-02 
-6.48310E-02 
-6.50671E-02 
-6.53011E-02 
-6.55307E-02 
-6.57590E-02 
-6.59863E-02 
-6.62123E-02 
-6.64366E-02 
-6.66590E-02 
-6.68793E-02 
-6.70971E-02 
-6.73123E-02 
-6.75246E-02 
-6.77339E-02 
-6.79400E-02 
-6.81428E-02 
-4.86186E-02 
-4.87903E-02 
-4.89597E-02 
-4.91270E-02 
-4.92942E-02 
-4.94611E-02 
-4.96275E-02 
-4.97559E-02 
-4.97933E-02 
-4.99712E-02 
-5.01479E-02 
-5.03233E-02 
-5.04972E-02 
-5.06678E-02 
-5.08374E-02 
-5.10063E-02 
-5.11742E-02 
-5.13409E-02 
-5.15062E-02 
-5.16698E-02 
-5.18317E-02 
-5.19916E-02 
-5.21493E-02 
-5.23048E-02 
-5.24580E-02 
-5.26087E-02 
-3.36025E-02 
-3.37165E-02 
-3.38290E-02 
-3.39400E-02 
-3.40510E-02 
-3.41618E-02 
-3.42723E-02 
-3.43575E-02 
-3.43824E-02 
-3.45005E-02 
-3.46178E-02 
-3.47342E-02 
-3.48497E-02 
-3.49629E-02 
-3.50755E-02 
-3.51877E-02 
-3.52991E-02 
-3.54098E-02 
-3.55195E-02 
-3.56281E-02 
-3.57356E-02 
-3.58417E-02 
-3.59464E-02 
-3.60497E-02 
-3.61514E-02 
-3.62514E-02 
-1.78950E-02 
-1.79534E-02 
-1.80110E-02 
-1.80678E-02 
-1.81247E-02 
-1.81815E-02 
-1.82381E-02 
-1.82817E-02 
-1.82944E-02 
-1.83549E-02 
-1.84150E-02 
-1.84747E-02 
-1.85338E-02 
-1.85918E-02 
-1.86495E-02 
-1.87069E-02 
-1.87640E-02 
-1.88207E-02 
-1.88769E-02 
-1.89326E-02 
-1.89876E-02 
-1.90420E-02 
-1.90956E-02 
-1.91485E-02 
-1.92006E-02 
-1.92518E-02 
-1.56989E-03 
-1.57482E-03 
-1.57969E-03 
-1.58450E-03 
-1.58930E-03 
-1.59410E-03 
-1.59888E-03 
-1.60257E-03 
-1.60364E-03 
-1.60875E-03 
-1.61383E-03 
-1.61887E-03 
-1.62387E-03 
-1.62877E-03 
-1.63364E-03 
-1.63849E-03 
-1.64332E-03 
-1.64811E-03 
-1.65286E-03 
-1.65756E-03 
-1.66221E-03 
-1.66680E-03 
-1.67134E-03 
-1.67580E-03 
-1.68021E-03 
-1.68453E-03 
1.52917E-02 
1.53381E-02 
1.53838E-02 
1.54289E-02 
1.54741E-02 
1.55191E-02 
1.55640E-02 
1.55987E-02 
1.56088E-02 
1.56568E-02 
1.57045E-02 
1.57518E-02 
1.57987E-02 
1.58448E-02 
1.58906E-02 
1.59362E-02 
1.59815E-02 
1.60265E-02 
1.60711E-02 
1.61152E-02 
1.61589E-02 
1.62021E-02 
1.62446E-02 
1.62866E-02 
1.63279E-02 
1.63686E-02 
3.26112E-02 
3.27066E-02 
3.28007E-02 
3.28937E-02 
3.29866E-02 
3.30793E-02 
3.31718E-02 
3.32431E-02 
3.32639E-02 
3.33628E-02 
3.34610E-02 
3.35584E-02 
3.36551E-02 
3.37499E-02 
3.38441E-02 
3.39380E-02 
3.40313E-02 
3.41239E-02 
3.42157E-02 
3.43066E-02 
3.43966E-02 
3.44854E-02 
3.45731E-02 
3.46595E-02 
3.47446E-02 
3.48283E-02 
5.02964E-02 
5.04386E-02 
5.05788E-02 
5.07174E-02 
5.08559E-02 
5.09941E-02 
5.11320E-02 
5.12383E-02 
5.12693E-02 
5.14166E-02 
5.15630E-02 
5.17083E-02 
5.18523E-02 
5.19936E-02 
5.21341E-02 
5.22740E-02 
5.24131E-02 
5.25511E-02 
5.26880E-02 
5.28235E-02 
5.29576E-02 
5.30900E-02 
5.32207E-02 
5.33495E-02 
5.34764E-02 
5.36012E-02 
6.83175E-02 
6.85044E-02 
6.86887E-02 
6.88708E-02 
6.90528E-02 
6.92344E-02 
6.94156E-02 
6.95553E-02 
6.95960E-02 
6.97896E-02 
6.99819E-02 
7.01728E-02 
7.03620E-02 
7.05477E-02 
7.07323E-02 
7.09161E-02 
7.10988E-02 
7.12802E-02 
7.14601E-02 
7.16382E-02 
7.18143E-02 
7.19883E-02 
7.21600E-02 
7.23293E-02 
7.24960E-02 
7.26600E-02 
8.64741E-02 
8.67032E-02 
8.69291E-02 
8.71522E-02 
8.73753E-02 
8.75980E-02 
8.78200E-02 
8.79912E-02 
8.80412E-02 
8.82784E-02 
8.85142E-02 
8.87482E-02 
8.89802E-02 
8.92077E-02 
8.94340E-02 
8.96593E-02 
8.98833E-02 
9.01057E-02 
9.03261E-02 
9.05444E-02 
9.07604E-02 
9.09736E-02 
9.11841E-02 
9.13916E-02 
9.15959E-02 
9.17969E-02 
1.04751E-01 
1.05020E-01 
1.05285E-01 
1.05547E-01 
1.05809E-01 
1.06070E-01 
1.06331E-01 
1.06532E-01 
1.06591E-01 
1.06869E-01 
1.07146E-01 
1.07421E-01 
1.07693E-01 
1.07960E-01 
1.08226E-01 
1.08490E-01 
1.08753E-01 
1.09014E-01 
1.09273E-01 
1.09530E-01 
1.09783E-01 
1.10034E-01 
1.10281E-01 
1.10524E-01 
1.10764E-01 
1.11000E-01 
1.23050E-01 
1.23356E-01 
1.23659E-01 
1.23957E-01 
1.24256E-01 
1.24553E-01 
1.24851E-01 
1.25080E-01 
1.25147E-01 
1.25464E-01 
1.25779E-01 
1.26092E-01 
1.26403E-01 
1.26707E-01 
1.27010E-01 
1.27312E-01 
1.27611E-01 
1.27909E-01 
1.28204E-01 
1.28496E-01 
1.28785E-01 
1.29070E-01 
1.29352E-01 
1.29629E-01 
1.29903E-01 
1.30172E-01 
1.41278E-01 
1.41620E-01 
1.41957E-01 
1.42290E-01 
1.42622E-01 
1.42955E-01 
1.43286E-01 
1.43541E-01 
1.43616E-01 
1.43969E-01 
1.44321E-01 
1.44670E-01 
1.45016E-01 
1.45355E-01 
1.45693E-01 
1.46029E-01 
1.46363E-01 
1.46695E-01 
1.47023E-01 
1.47349E-01 
1.47671E-01 
1.47989E-01 
1.48303E-01 
1.48612E-01 
1.48917E-01 
1.49217E-01 
1.59339E-01 
1.59714E-01 
1.60083E-01 
1.60447E-01 
1.60812E-01 
1.61176E-01 
1.61539E-01 
1.61819E-01 
1.61900E-01 
1.62288E-01 
1.62673E-01 
1.63056E-01 
1.63435E-01 
1.63807E-01 
1.64177E-01 
1.64545E-01 
1.64911E-01 
1.65274E-01 
1.65635E-01 
1.65991E-01 
1.66344E-01 
1.66693E-01 
1.67037E-01 
1.67376E-01 
1.67710E-01 
1.68038E-01 
1.77136E-01 
1.77541E-01 
1.77940E-01 
1.78334E-01 
1.78729E-01 
1.79122E-01 
1.79514E-01 
1.79817E-01 
1.79905E-01 
1.80324E-01 
1.80741E-01 
1.81154E-01 
1.81564E-01 
1.81966E-01 
1.82366E-01 
1.82764E-01 
1.83159E-01 
1.83552E-01 
1.83942E-01 
1.84327E-01 
1.84709E-01 
1.85085E-01 
1.85457E-01 
1.85824E-01 
1.86185E-01 
1.86540E-01 
1.94578E-01 
1.95011E-01 
1.95437E-01 
1.95858E-01 
1.96280E-01 
1.96700E-01 
1.97119E-01 
1.97443E-01 
1.97537E-01 
1.97985E-01 
1.98430E-01 
1.98872E-01 
1.99310E-01 
1.99740E-01 
2.00167E-01 
2.00592E-01 
2.01015E-01 
2.01435E-01 
2.01851E-01 
2.02264E-01 
2.02671E-01 
2.03074E-01 
2.03471E-01 
2.03863E-01 
2.04249E-01 
2.04628E-01 
2.11553E-01 
2.12011E-01 
2.12462E-01 
2.12908E-01 
2.13354E-01 
2.13799E-01 
2.14243E-01 
2.14585E-01 
2.14685E-01 
2.15159E-01 
2.15631E-01 
2.16098E-01 
2.16562E-01 
2.17017E-01 
2.17469E-01 
2.17920E-01 
2.18367E-01 
2.18812E-01 
2.19252E-01 
2.19689E-01 
2.20120E-01 
2.20547E-01 
2.20967E-01 
2.21382E-01 
2.21790E-01 
2.22192E-01 
---
