PdfType: replica
Format: lhagrid1
---
1.00000E-06 1.28121E-06 1.64152E-06 2.10317E-06 2.69463E-06 3.45242E-06 4.42329E-06 5.66715E-06 7.26076E-06 9.30241E-06 1.19180E-05 1.52689E-05 1.95617E-05 2.50609E-05 3.21053E-05 4.11287E-05 5.26863E-05 6.74889E-05 8.64459E-05 1.10720E-04 1.41800E-04 1.81585E-04 2.32503E-04 2.97652E-04 3.80981E-04 4.87518E-04 6.26039E-04 8.00452E-04 1.02297E-03 1.30657E-03 1.66759E-03 2.12729E-03 2.71054E-03 3.44865E-03 4.37927E-03 5.54908E-03 7.01192E-03 8.83064E-03 1.10763E-02 1.38266E-02 1.71641E-02 2.11717E-02 2.59364E-02 3.15062E-02 3.79623E-02 4.53425E-02 5.36750E-02 6.29705E-02 7.32221E-02 8.44039E-02 9.64793E-02 1.09332E-01 1.23067E-01 1.37507E-01 1.52639E-01 1.68416E-01 1.84794E-01 2.01731E-01 2.19016E-01 2.36948E-01 2.55242E-01 2.73927E-01 2.92954E-01 3.12340E-01 3.32036E-01 3.52019E-01 3.72282E-01 3.92772E-01 4.13533E-01 4.34326E-01 4.55495E-01 4.76836E-01 4.98342E-01 5.20006E-01 5.41818E-01 5.63773E-01 5.85861E-01 6.08077E-01 6.30459E-01 6.52800E-01 6.75387E-01 6.98063E-01 7.20830E-01 7.43683E-01 7.66623E-01 7.89636E-01 8.12791E-01 8.35940E-01 8.59175E-01 8.82485E-01 9.05866E-01 9.29311E-01 9.52817E-01 9.76387E-01 1.00000E+00 
1.14018E+00 1.22539E+00 1.32482E+00 1.44156E+00 1.57954E+00 1.74381E+00 1.94091E+00 2.12132E+00 2.17945E+00 2.49622E+00 2.89383E+00 3.39925E+00 4.05063E+00 4.90286E+00 6.03623E+00 7.57063E+00 9.68869E+00 1.26749E+01 1.69835E+01 2.33578E+01 3.30501E+01 4.82334E+01 7.28041E+01 1.13998E+02 1.85779E+02 3.16228E+02 
908
9.65529E-02 
9.52685E-02 
9.39787E-02 
9.26817E-02 
9.13643E-02 
9.00283E-02 
8.86753E-02 
8.76180E-02 
8.73073E-02 
8.58172E-02 
8.43138E-02 
8.27992E-02 
8.12756E-02 
7.97592E-02 
7.82306E-02 
7.66886E-02 
7.51358E-02 
7.35750E-02 
7.20086E-02 
7.04392E-02 
6.88693E-02 
6.73012E-02 
6.57372E-02 
6.41795E-02 
6.26301E-02 
6.10910E-02 
9.65525E-02 
9.52681E-02 
9.39782E-02 
9.26812E-02 
9.13638E-02 
9.00278E-02 
8.86749E-02 
8.76176E-02 
8.73069E-02 
8.58168E-02 
8.43134E-02 
8.27988E-02 
8.12752E-02 
7.97588E-02 
7.82302E-02 
7.66882E-02 
7.51354E-02 
7.35746E-02 
7.20082E-02 
7.04388E-02 
6.88689E-02 
6.73008E-02 
6.57368E-02 
6.41791E-02 
6.26297E-02 
6.10906E-02 
9.65520E-02 
9.52675E-02 
9.39777E-02 
9.26807E-02 
9.13633E-02 
9.00273E-02 
8.86744E-02 
8.76171E-02 
8.73063E-02 
8.58163E-02 
8.43129E-02 
8.27983E-02 
8.12747E-02 
7.97583E-02 
7.82297E-02 
7.66877E-02 
7.51349E-02 
7.35740E-02 
7.20077E-02 
7.04383E-02 
6.88684E-02 
6.73003E-02 
6.57363E-02 
6.41786E-02 
6.26292E-02 
6.10901E-02 
9.65513E-02 
9.52668E-02 
9.39770E-02 
9.26800E-02 
9.13626E-02 
9.00266E-02 
8.86737E-02 
8.76164E-02 
8.73057E-02 
8.58156E-02 
8.43122E-02 
8.27976E-02 
8.12740E-02 
7.97576E-02 
7.82290E-02 
7.66870E-02 
7.51342E-02 
7.35734E-02 
7.20070E-02 
7.04376E-02 
6.88677E-02 
6.72996E-02 
6.57357E-02 
6.41779E-02 
6.26286E-02 
6.10894E-02 
9.65504E-02 
9.52660E-02 
9.39761E-02 
9.26791E-02 
9.13618E-02 
9.00258E-02 
8.86728E-02 
8.76155E-02 
8.73048E-02 
8.58147E-02 
8.43114E-02 
8.27968E-02 
8.12732E-02 
7.97567E-02 
7.82282E-02 
7.66861E-02 
7.51334E-02 
7.35725E-02 
7.20062E-02 
7.04368E-02 
6.88669E-02 
6.72988E-02 
6.57348E-02 
6.41771E-02 
6.26277E-02 
6.10886E-02 
9.65493E-02 
9.52648E-02 
9.39750E-02 
9.26780E-02 
9.13606E-02 
9.00246E-02 
8.86717E-02 
8.76144E-02 
8.73037E-02 
8.58136E-02 
8.43102E-02 
8.27956E-02 
8.12720E-02 
7.97556E-02 
7.82271E-02 
7.66851E-02 
7.51323E-02 
7.35714E-02 
7.20051E-02 
7.04357E-02 
6.88658E-02 
6.72977E-02 
6.57338E-02 
6.41760E-02 
6.26267E-02 
6.10875E-02 
9.65478E-02 
9.52634E-02 
9.39736E-02 
9.26766E-02 
9.13592E-02 
9.00232E-02 
8.86703E-02 
8.76130E-02 
8.73022E-02 
8.58122E-02 
8.43088E-02 
8.27942E-02 
8.12706E-02 
7.97542E-02 
7.82257E-02 
7.66836E-02 
7.51309E-02 
7.35701E-02 
7.20037E-02 
7.04343E-02 
6.88644E-02 
6.72964E-02 
6.57324E-02 
6.41747E-02 
6.26253E-02 
6.10862E-02 
9.65459E-02 
9.52615E-02 
9.39717E-02 
9.26747E-02 
9.13573E-02 
9.00213E-02 
8.86684E-02 
8.76112E-02 
8.73004E-02 
8.58104E-02 
8.43070E-02 
8.27924E-02 
8.12688E-02 
7.97524E-02 
7.82239E-02 
7.66819E-02 
7.51291E-02 
7.35683E-02 
7.20019E-02 
7.04325E-02 
6.88627E-02 
6.72946E-02 
6.57306E-02 
6.41729E-02 
6.26235E-02 
6.10844E-02 
9.65436E-02 
9.52591E-02 
9.39693E-02 
9.26723E-02 
9.13550E-02 
9.00190E-02 
8.86661E-02 
8.76088E-02 
8.72981E-02 
8.58080E-02 
8.43047E-02 
8.27901E-02 
8.12665E-02 
7.97501E-02 
7.82215E-02 
7.66796E-02 
7.51268E-02 
7.35660E-02 
7.19996E-02 
7.04303E-02 
6.88604E-02 
6.72923E-02 
6.57284E-02 
6.41707E-02 
6.26213E-02 
6.10822E-02 
9.65405E-02 
9.52561E-02 
9.39663E-02 
9.26693E-02 
9.13519E-02 
9.00160E-02 
8.86631E-02 
8.76058E-02 
8.72950E-02 
8.58050E-02 
8.43017E-02 
8.27871E-02 
8.12635E-02 
7.97471E-02 
7.82186E-02 
7.66766E-02 
7.51239E-02 
7.35630E-02 
7.19967E-02 
7.04274E-02 
6.88575E-02 
6.72894E-02 
6.57255E-02 
6.41678E-02 
6.26184E-02 
6.10793E-02 
9.65366E-02 
9.52522E-02 
9.39624E-02 
9.26654E-02 
9.13481E-02 
9.00121E-02 
8.86592E-02 
8.76019E-02 
8.72912E-02 
8.58012E-02 
8.42978E-02 
8.27833E-02 
8.12597E-02 
7.97433E-02 
7.82148E-02 
7.66728E-02 
7.51201E-02 
7.35593E-02 
7.19929E-02 
7.04236E-02 
6.88538E-02 
6.72857E-02 
6.57218E-02 
6.41641E-02 
6.26147E-02 
6.10757E-02 
9.65315E-02 
9.52472E-02 
9.39574E-02 
9.26604E-02 
9.13431E-02 
9.00071E-02 
8.86543E-02 
8.75970E-02 
8.72863E-02 
8.57963E-02 
8.42929E-02 
8.27784E-02 
8.12548E-02 
7.97385E-02 
7.82099E-02 
7.66680E-02 
7.51153E-02 
7.35545E-02 
7.19881E-02 
7.04188E-02 
6.88490E-02 
6.72810E-02 
6.57170E-02 
6.41594E-02 
6.26100E-02 
6.10710E-02 
9.65251E-02 
9.52407E-02 
9.39510E-02 
9.26540E-02 
9.13367E-02 
9.00008E-02 
8.86479E-02 
8.75907E-02 
8.72799E-02 
8.57900E-02 
8.42866E-02 
8.27721E-02 
8.12486E-02 
7.97322E-02 
7.82037E-02 
7.66618E-02 
7.51091E-02 
7.35483E-02 
7.19820E-02 
7.04127E-02 
6.88429E-02 
6.72749E-02 
6.57110E-02 
6.41533E-02 
6.26040E-02 
6.10649E-02 
9.65169E-02 
9.52325E-02 
9.39428E-02 
9.26459E-02 
9.13285E-02 
8.99926E-02 
8.86398E-02 
8.75826E-02 
8.72718E-02 
8.57819E-02 
8.42786E-02 
8.27641E-02 
8.12406E-02 
7.97243E-02 
7.81958E-02 
7.66538E-02 
7.51012E-02 
7.35404E-02 
7.19741E-02 
7.04049E-02 
6.88351E-02 
6.72671E-02 
6.57032E-02 
6.41456E-02 
6.25963E-02 
6.10572E-02 
9.65063E-02 
9.52220E-02 
9.39323E-02 
9.26354E-02 
9.13181E-02 
8.99822E-02 
8.86294E-02 
8.75722E-02 
8.72614E-02 
8.57715E-02 
8.42683E-02 
8.27538E-02 
8.12303E-02 
7.97140E-02 
7.81855E-02 
7.66437E-02 
7.50910E-02 
7.35303E-02 
7.19640E-02 
7.03948E-02 
6.88250E-02 
6.72571E-02 
6.56932E-02 
6.41356E-02 
6.25864E-02 
6.10474E-02 
9.64928E-02 
9.52085E-02 
9.39188E-02 
9.26219E-02 
9.13047E-02 
8.99688E-02 
8.86161E-02 
8.75589E-02 
8.72482E-02 
8.57583E-02 
8.42550E-02 
8.27406E-02 
8.12171E-02 
7.97009E-02 
7.81725E-02 
7.66306E-02 
7.50780E-02 
7.35173E-02 
7.19511E-02 
7.03819E-02 
6.88122E-02 
6.72443E-02 
6.56805E-02 
6.41229E-02 
6.25737E-02 
6.10347E-02 
9.64755E-02 
9.51912E-02 
9.39016E-02 
9.26047E-02 
9.12875E-02 
8.99517E-02 
8.85990E-02 
8.75418E-02 
8.72311E-02 
8.57413E-02 
8.42381E-02 
8.27237E-02 
8.12003E-02 
7.96841E-02 
7.81557E-02 
7.66139E-02 
7.50614E-02 
7.35007E-02 
7.19346E-02 
7.03654E-02 
6.87957E-02 
6.72279E-02 
6.56641E-02 
6.41066E-02 
6.25574E-02 
6.10185E-02 
9.64533E-02 
9.51691E-02 
9.38795E-02 
9.25827E-02 
9.12656E-02 
8.99298E-02 
8.85771E-02 
8.75200E-02 
8.72093E-02 
8.57195E-02 
8.42164E-02 
8.27021E-02 
8.11787E-02 
7.96626E-02 
7.81343E-02 
7.65926E-02 
7.50401E-02 
7.34795E-02 
7.19134E-02 
7.03443E-02 
6.87747E-02 
6.72069E-02 
6.56432E-02 
6.40857E-02 
6.25366E-02 
6.09978E-02 
9.64249E-02 
9.51407E-02 
9.38512E-02 
9.25545E-02 
9.12374E-02 
8.99017E-02 
8.85491E-02 
8.74921E-02 
8.71814E-02 
8.56917E-02 
8.41886E-02 
8.26744E-02 
8.11511E-02 
7.96351E-02 
7.81068E-02 
7.65652E-02 
7.50128E-02 
7.34523E-02 
7.18863E-02 
7.03172E-02 
6.87477E-02 
6.71800E-02 
6.56164E-02 
6.40590E-02 
6.25100E-02 
6.09712E-02 
9.63885E-02 
9.51045E-02 
9.38150E-02 
9.25184E-02 
9.12014E-02 
8.98658E-02 
8.85133E-02 
8.74563E-02 
8.71456E-02 
8.56560E-02 
8.41531E-02 
8.26389E-02 
8.11158E-02 
7.95998E-02 
7.80717E-02 
7.65301E-02 
7.49778E-02 
7.34174E-02 
7.18515E-02 
7.02826E-02 
6.87132E-02 
6.71456E-02 
6.55820E-02 
6.40248E-02 
6.24759E-02 
6.09372E-02 
9.63419E-02 
9.50580E-02 
9.37687E-02 
9.24722E-02 
9.11553E-02 
8.98198E-02 
8.84674E-02 
8.74105E-02 
8.70999E-02 
8.56104E-02 
8.41076E-02 
8.25935E-02 
8.10705E-02 
7.95547E-02 
7.80267E-02 
7.64853E-02 
7.49331E-02 
7.33728E-02 
7.18070E-02 
7.02383E-02 
6.86690E-02 
6.71015E-02 
6.55381E-02 
6.39810E-02 
6.24322E-02 
6.08936E-02 
9.62824E-02 
9.49985E-02 
9.37094E-02 
9.24130E-02 
9.10962E-02 
8.97609E-02 
8.84086E-02 
8.73519E-02 
8.70413E-02 
8.55520E-02 
8.40493E-02 
8.25354E-02 
8.10126E-02 
7.94969E-02 
7.79691E-02 
7.64278E-02 
7.48758E-02 
7.33157E-02 
7.17501E-02 
7.01815E-02 
6.86124E-02 
6.70451E-02 
6.54819E-02 
6.39249E-02 
6.23763E-02 
6.08379E-02 
9.62061E-02 
9.49225E-02 
9.36335E-02 
9.23373E-02 
9.10207E-02 
8.96856E-02 
8.83335E-02 
8.72769E-02 
8.69663E-02 
8.54772E-02 
8.39747E-02 
8.24611E-02 
8.09385E-02 
7.94230E-02 
7.78954E-02 
7.63543E-02 
7.48026E-02 
7.32427E-02 
7.16773E-02 
7.01089E-02 
6.85400E-02 
6.69729E-02 
6.54099E-02 
6.38532E-02 
6.23047E-02 
6.07666E-02 
9.61086E-02 
9.48252E-02 
9.35364E-02 
9.22404E-02 
9.09241E-02 
8.95892E-02 
8.82374E-02 
8.71809E-02 
8.68704E-02 
8.53816E-02 
8.38794E-02 
8.23660E-02 
8.08436E-02 
7.93285E-02 
7.78011E-02 
7.62603E-02 
7.47088E-02 
7.31492E-02 
7.15841E-02 
7.00160E-02 
6.84474E-02 
6.68806E-02 
6.53178E-02 
6.37614E-02 
6.22132E-02 
6.06754E-02 
9.59838E-02 
9.47007E-02 
9.34122E-02 
9.21166E-02 
9.08006E-02 
8.94660E-02 
8.81144E-02 
8.70582E-02 
8.67478E-02 
8.52593E-02 
8.37575E-02 
8.22444E-02 
8.07224E-02 
7.92076E-02 
7.76806E-02 
7.61401E-02 
7.45890E-02 
7.30298E-02 
7.14650E-02 
6.98973E-02 
6.83290E-02 
6.67625E-02 
6.52002E-02 
6.36441E-02 
6.20963E-02 
6.05587E-02 
9.58245E-02 
9.45417E-02 
9.32536E-02 
9.19584E-02 
9.06427E-02 
8.93085E-02 
8.79574E-02 
8.69015E-02 
8.65911E-02 
8.51031E-02 
8.36017E-02 
8.20891E-02 
8.05675E-02 
7.90531E-02 
7.75265E-02 
7.59866E-02 
7.44359E-02 
7.28771E-02 
7.13128E-02 
6.97455E-02 
6.81777E-02 
6.66117E-02 
6.50498E-02 
6.34941E-02 
6.19468E-02 
6.04097E-02 
9.56174E-02 
9.43351E-02 
9.30475E-02 
9.17527E-02 
9.04376E-02 
8.91038E-02 
8.77532E-02 
8.66977E-02 
8.63875E-02 
8.49000E-02 
8.33992E-02 
8.18872E-02 
8.03662E-02 
7.88523E-02 
7.73264E-02 
7.57870E-02 
7.42369E-02 
7.26787E-02 
7.11150E-02 
6.95483E-02 
6.79810E-02 
6.64156E-02 
6.48543E-02 
6.32993E-02 
6.17525E-02 
6.02160E-02 
9.53568E-02 
9.40752E-02 
9.27881E-02 
9.14940E-02 
9.01795E-02 
8.88464E-02 
8.74964E-02 
8.64414E-02 
8.61313E-02 
8.46446E-02 
8.31444E-02 
8.16331E-02 
8.01129E-02 
7.85998E-02 
7.70745E-02 
7.55359E-02 
7.39865E-02 
7.24290E-02 
7.08661E-02 
6.93001E-02 
6.77337E-02 
6.61690E-02 
6.46084E-02 
6.30541E-02 
6.15081E-02 
5.99723E-02 
9.50247E-02 
9.37438E-02 
9.24576E-02 
9.11642E-02 
8.98505E-02 
8.85182E-02 
8.71691E-02 
8.61147E-02 
8.58048E-02 
8.43190E-02 
8.28198E-02 
8.13094E-02 
7.97900E-02 
7.82779E-02 
7.67535E-02 
7.52158E-02 
7.36674E-02 
7.21109E-02 
7.05489E-02 
6.89839E-02 
6.74184E-02 
6.58547E-02 
6.42950E-02 
6.27417E-02 
6.11966E-02 
5.96618E-02 
9.46019E-02 
9.33220E-02 
9.20368E-02 
9.07444E-02 
8.94317E-02 
8.81005E-02 
8.67524E-02 
8.56988E-02 
8.53892E-02 
8.39045E-02 
8.24064E-02 
8.08972E-02 
7.93791E-02 
7.78681E-02 
7.63449E-02 
7.48084E-02 
7.32612E-02 
7.17059E-02 
7.01451E-02 
6.85813E-02 
6.70170E-02 
6.54545E-02 
6.38961E-02 
6.23439E-02 
6.08001E-02 
5.92664E-02 
9.40644E-02 
9.27859E-02 
9.15019E-02 
9.02108E-02 
8.88994E-02 
8.75695E-02 
8.62227E-02 
8.51702E-02 
8.48609E-02 
8.33776E-02 
8.18811E-02 
8.03734E-02 
7.88567E-02 
7.73472E-02 
7.58256E-02 
7.42906E-02 
7.27449E-02 
7.11911E-02 
6.96319E-02 
6.80696E-02 
6.65069E-02 
6.49459E-02 
6.33891E-02 
6.18385E-02 
6.02961E-02 
5.87640E-02 
9.33815E-02 
9.21045E-02 
9.08221E-02 
8.95327E-02 
8.82229E-02 
8.68947E-02 
8.55496E-02 
8.44985E-02 
8.41895E-02 
8.27081E-02 
8.12135E-02 
7.97077E-02 
7.81929E-02 
7.66853E-02 
7.51656E-02 
7.36325E-02 
7.20888E-02 
7.05370E-02 
6.89797E-02 
6.74194E-02 
6.58586E-02 
6.42997E-02 
6.27448E-02 
6.11961E-02 
5.96557E-02 
5.81255E-02 
9.25171E-02 
9.12421E-02 
8.99618E-02 
8.86744E-02 
8.73668E-02 
8.60407E-02 
8.46978E-02 
8.36483E-02 
8.33398E-02 
8.18608E-02 
8.03685E-02 
7.88651E-02 
7.73528E-02 
7.58476E-02 
7.43303E-02 
7.27997E-02 
7.12585E-02 
6.97091E-02 
6.81543E-02 
6.65966E-02 
6.50383E-02 
6.34818E-02 
6.19294E-02 
6.03832E-02 
5.88453E-02 
5.73175E-02 
9.14265E-02 
9.01542E-02 
8.88765E-02 
8.75917E-02 
8.62867E-02 
8.49633E-02 
8.36231E-02 
8.25757E-02 
8.22679E-02 
8.07919E-02 
7.93027E-02 
7.78023E-02 
7.62930E-02 
7.47909E-02 
7.32767E-02 
7.17492E-02 
7.02110E-02 
6.86649E-02 
6.71132E-02 
6.55586E-02 
6.40035E-02 
6.24502E-02 
6.09009E-02 
5.93578E-02 
5.78230E-02 
5.62984E-02 
9.00570E-02 
8.87879E-02 
8.75135E-02 
8.62320E-02 
8.49304E-02 
8.36103E-02 
8.22736E-02 
8.12289E-02 
8.09219E-02 
7.94496E-02 
7.79642E-02 
7.64677E-02 
7.49623E-02 
7.34640E-02 
7.19536E-02 
7.04300E-02 
6.88958E-02 
6.73536E-02 
6.58059E-02 
6.42553E-02 
6.27042E-02 
6.11548E-02 
5.96095E-02 
5.80704E-02 
5.65395E-02 
5.50188E-02 
8.83441E-02 
8.70791E-02 
8.58088E-02 
8.45314E-02 
8.32340E-02 
8.19182E-02 
8.05857E-02 
7.95444E-02 
7.92384E-02 
7.77709E-02 
7.62902E-02 
7.47985E-02 
7.32980E-02 
7.18045E-02 
7.02990E-02 
6.87803E-02 
6.72511E-02 
6.57138E-02 
6.41712E-02 
6.26255E-02 
6.10794E-02 
5.95350E-02 
5.79947E-02 
5.64605E-02 
5.49346E-02 
5.34187E-02 
8.62155E-02 
8.49556E-02 
8.36904E-02 
8.24182E-02 
8.11260E-02 
7.98155E-02 
7.84884E-02 
7.74513E-02 
7.71465E-02 
7.56849E-02 
7.42103E-02 
7.27246E-02 
7.12301E-02 
6.97427E-02 
6.82433E-02 
6.67307E-02 
6.52076E-02 
6.36766E-02 
6.21401E-02 
6.06007E-02 
5.90608E-02 
5.75227E-02 
5.59886E-02 
5.44606E-02 
5.29408E-02 
5.14311E-02 
8.35898E-02 
8.23363E-02 
8.10774E-02 
7.98116E-02 
7.85259E-02 
7.72220E-02 
7.59016E-02 
7.48697E-02 
7.45664E-02 
7.31122E-02 
7.16450E-02 
7.01668E-02 
6.86798E-02 
6.71998E-02 
6.57080E-02 
6.42030E-02 
6.26876E-02 
6.11643E-02 
5.96355E-02 
5.81039E-02 
5.65717E-02 
5.50413E-02 
5.35150E-02 
5.19947E-02 
5.04825E-02 
4.89804E-02 
8.03794E-02 
7.91336E-02 
7.78826E-02 
7.66247E-02 
7.53470E-02 
7.40512E-02 
7.27391E-02 
7.17136E-02 
7.14122E-02 
6.99670E-02 
6.85089E-02 
6.70399E-02 
6.55622E-02 
6.40915E-02 
6.26089E-02 
6.11134E-02 
5.96074E-02 
5.80935E-02 
5.65743E-02 
5.50522E-02 
5.35296E-02 
5.20088E-02 
5.04919E-02 
4.89811E-02 
4.74783E-02 
4.59856E-02 
7.64949E-02 
7.52587E-02 
7.40173E-02 
7.27690E-02 
7.15011E-02 
7.02153E-02 
6.89131E-02 
6.78955E-02 
6.75964E-02 
6.61624E-02 
6.47154E-02 
6.32577E-02 
6.17913E-02 
6.03318E-02 
5.88606E-02 
5.73765E-02 
5.58820E-02 
5.43798E-02 
5.28722E-02 
5.13617E-02 
4.98508E-02 
4.83416E-02 
4.68363E-02 
4.53371E-02 
4.38459E-02 
4.23645E-02 
7.18511E-02 
7.06264E-02 
6.93966E-02 
6.81599E-02 
6.69038E-02 
6.56300E-02 
6.43400E-02 
6.33319E-02 
6.30356E-02 
6.16149E-02 
6.01815E-02 
5.87374E-02 
5.72846E-02 
5.58388E-02 
5.43813E-02 
5.29111E-02 
5.14306E-02 
4.99423E-02 
4.84488E-02 
4.69525E-02 
4.54556E-02 
4.39605E-02 
4.24693E-02 
4.09841E-02 
3.95068E-02 
3.80392E-02 
6.63755E-02 
6.51646E-02 
6.39487E-02 
6.27260E-02 
6.14840E-02 
6.02246E-02 
5.89491E-02 
5.79524E-02 
5.76595E-02 
5.62548E-02 
5.48375E-02 
5.34096E-02 
5.19733E-02 
5.05437E-02 
4.91027E-02 
4.76490E-02 
4.61852E-02 
4.47137E-02 
4.32371E-02 
4.17576E-02 
4.02776E-02 
3.87994E-02 
3.73249E-02 
3.58565E-02 
3.43958E-02 
3.29448E-02 
6.00077E-02 
5.88132E-02 
5.76136E-02 
5.64074E-02 
5.51823E-02 
5.39398E-02 
5.26816E-02 
5.16983E-02 
5.14093E-02 
5.00235E-02 
4.86254E-02 
4.72168E-02 
4.57998E-02 
4.43896E-02 
4.29680E-02 
4.15339E-02 
4.00898E-02 
3.86382E-02 
3.71815E-02 
3.57220E-02 
3.42620E-02 
3.28036E-02 
3.13491E-02 
2.99005E-02 
2.84595E-02 
2.70281E-02 
5.27583E-02 
5.15828E-02 
5.04023E-02 
4.92153E-02 
4.80096E-02 
4.67869E-02 
4.55487E-02 
4.45810E-02 
4.42966E-02 
4.29329E-02 
4.15570E-02 
4.01708E-02 
3.87764E-02 
3.73886E-02 
3.59896E-02 
3.45783E-02 
3.31572E-02 
3.17287E-02 
3.02951E-02 
2.88588E-02 
2.74220E-02 
2.59869E-02 
2.45555E-02 
2.31299E-02 
2.17118E-02 
2.03032E-02 
4.46153E-02 
4.34617E-02 
4.23032E-02 
4.11382E-02 
3.99550E-02 
3.87550E-02 
3.75399E-02 
3.65902E-02 
3.63111E-02 
3.49728E-02 
3.36225E-02 
3.22621E-02 
3.08936E-02 
2.95316E-02 
2.81587E-02 
2.67737E-02 
2.53790E-02 
2.39771E-02 
2.25702E-02 
2.11606E-02 
1.97506E-02 
1.83422E-02 
1.69374E-02 
1.55383E-02 
1.41467E-02 
1.27643E-02 
3.56452E-02 
3.45164E-02 
3.33829E-02 
3.22430E-02 
3.10852E-02 
2.99111E-02 
2.87221E-02 
2.77929E-02 
2.75198E-02 
2.62103E-02 
2.48890E-02 
2.35579E-02 
2.22189E-02 
2.08862E-02 
1.95428E-02 
1.81876E-02 
1.68230E-02 
1.54512E-02 
1.40746E-02 
1.26954E-02 
1.13157E-02 
9.93759E-03 
8.56309E-03 
7.19410E-03 
5.83242E-03 
4.47977E-03 
2.59467E-02 
2.48457E-02 
2.37401E-02 
2.26283E-02 
2.14990E-02 
2.03538E-02 
1.91941E-02 
1.82878E-02 
1.80214E-02 
1.67441E-02 
1.54554E-02 
1.41571E-02 
1.28511E-02 
1.15512E-02 
1.02409E-02 
8.91907E-03 
7.58805E-03 
6.25008E-03 
4.90737E-03 
3.56211E-03 
2.21639E-03 
8.72232E-04 
-4.68418E-04 
-1.80369E-03 
-3.13183E-03 
-4.45117E-03 
1.56573E-02 
1.45870E-02 
1.35122E-02 
1.24314E-02 
1.13337E-02 
1.02204E-02 
9.09304E-03 
8.21201E-03 
7.95307E-03 
6.71145E-03 
5.45869E-03 
4.19661E-03 
2.92701E-03 
1.66342E-03 
3.89673E-04 
-8.95258E-04 
-2.18914E-03 
-3.48978E-03 
-4.79502E-03 
-6.10274E-03 
-7.41092E-03 
-8.71756E-03 
-1.00208E-02 
-1.13188E-02 
-1.26099E-02 
-1.38924E-02 
4.94796E-03 
3.91119E-03 
2.87006E-03 
1.82315E-03 
7.59777E-04 
-3.18617E-04 
-1.41066E-03 
-2.26410E-03 
-2.51493E-03 
-3.71766E-03 
-4.93118E-03 
-6.15373E-03 
-7.38356E-03 
-8.60757E-03 
-9.84142E-03 
-1.10861E-02 
-1.23395E-02 
-1.35994E-02 
-1.48637E-02 
-1.61305E-02 
-1.73977E-02 
-1.86634E-02 
-1.99258E-02 
-2.11832E-02 
-2.24338E-02 
-2.36762E-02 
-5.98211E-03 
-6.98275E-03 
-7.98758E-03 
-8.99799E-03 
-1.00243E-02 
-1.10651E-02 
-1.21191E-02 
-1.29428E-02 
-1.31849E-02 
-1.43457E-02 
-1.55169E-02 
-1.66968E-02 
-1.78838E-02 
-1.90651E-02 
-2.02560E-02 
-2.14573E-02 
-2.26669E-02 
-2.38829E-02 
-2.51032E-02 
-2.63258E-02 
-2.75488E-02 
-2.87704E-02 
-2.99889E-02 
-3.12024E-02 
-3.24094E-02 
-3.36085E-02 
-1.69218E-02 
-1.78839E-02 
-1.88501E-02 
-1.98216E-02 
-2.08084E-02 
-2.18091E-02 
-2.28225E-02 
-2.36145E-02 
-2.38472E-02 
-2.49633E-02 
-2.60895E-02 
-2.72240E-02 
-2.83652E-02 
-2.95011E-02 
-3.06461E-02 
-3.18011E-02 
-3.29642E-02 
-3.41334E-02 
-3.53067E-02 
-3.64822E-02 
-3.76582E-02 
-3.88327E-02 
-4.00042E-02 
-4.11710E-02 
-4.23316E-02 
-4.34845E-02 
-2.76000E-02 
-2.85216E-02 
-2.94472E-02 
-3.03779E-02 
-3.13232E-02 
-3.22819E-02 
-3.32527E-02 
-3.40114E-02 
-3.42343E-02 
-3.53036E-02 
-3.63823E-02 
-3.74692E-02 
-3.85625E-02 
-3.96506E-02 
-4.07475E-02 
-4.18540E-02 
-4.29682E-02 
-4.40882E-02 
-4.52122E-02 
-4.63383E-02 
-4.74648E-02 
-4.85900E-02 
-4.97123E-02 
-5.08301E-02 
-5.19419E-02 
-5.30463E-02 
-3.79347E-02 
-3.88138E-02 
-3.96966E-02 
-4.05843E-02 
-4.14860E-02 
-4.24004E-02 
-4.33264E-02 
-4.40500E-02 
-4.42627E-02 
-4.52825E-02 
-4.63115E-02 
-4.73482E-02 
-4.83910E-02 
-4.94288E-02 
-5.04751E-02 
-5.15305E-02 
-5.25932E-02 
-5.36615E-02 
-5.47336E-02 
-5.58078E-02 
-5.68823E-02 
-5.79555E-02 
-5.90259E-02 
-6.00921E-02 
-6.11526E-02 
-6.22060E-02 
-4.76292E-02 
-4.84643E-02 
-4.93029E-02 
-5.01461E-02 
-5.10026E-02 
-5.18713E-02 
-5.27509E-02 
-5.34383E-02 
-5.36403E-02 
-5.46091E-02 
-5.55866E-02 
-5.65713E-02 
-5.75619E-02 
-5.85478E-02 
-5.95416E-02 
-6.05442E-02 
-6.15537E-02 
-6.25686E-02 
-6.35870E-02 
-6.46073E-02 
-6.56280E-02 
-6.66475E-02 
-6.76644E-02 
-6.86771E-02 
-6.96845E-02 
-7.06852E-02 
-5.65338E-02 
-5.73236E-02 
-5.81167E-02 
-5.89142E-02 
-5.97242E-02 
-6.05457E-02 
-6.13775E-02 
-6.20276E-02 
-6.22187E-02 
-6.31349E-02 
-6.40593E-02 
-6.49906E-02 
-6.59274E-02 
-6.68598E-02 
-6.77997E-02 
-6.87478E-02 
-6.97026E-02 
-7.06623E-02 
-7.16254E-02 
-7.25904E-02 
-7.35557E-02 
-7.45198E-02 
-7.54815E-02 
-7.64393E-02 
-7.73919E-02 
-7.83383E-02 
-6.44890E-02 
-6.52323E-02 
-6.59788E-02 
-6.67295E-02 
-6.74919E-02 
-6.82651E-02 
-6.90481E-02 
-6.96600E-02 
-6.98399E-02 
-7.07023E-02 
-7.15724E-02 
-7.24489E-02 
-7.33307E-02 
-7.42083E-02 
-7.50930E-02 
-7.59855E-02 
-7.68841E-02 
-7.77875E-02 
-7.86940E-02 
-7.96023E-02 
-8.05109E-02 
-8.14184E-02 
-8.23236E-02 
-8.32251E-02 
-8.41218E-02 
-8.50126E-02 
-7.13545E-02 
-7.20506E-02 
-7.27497E-02 
-7.34527E-02 
-7.41667E-02 
-7.48908E-02 
-7.56241E-02 
-7.61971E-02 
-7.63655E-02 
-7.71731E-02 
-7.79879E-02 
-7.88088E-02 
-7.96346E-02 
-8.04565E-02 
-8.12850E-02 
-8.21207E-02 
-8.29623E-02 
-8.38082E-02 
-8.46572E-02 
-8.55078E-02 
-8.63587E-02 
-8.72085E-02 
-8.80562E-02 
-8.89005E-02 
-8.97402E-02 
-9.05744E-02 
-7.70097E-02 
-7.76581E-02 
-7.83091E-02 
-7.89638E-02 
-7.96287E-02 
-8.03031E-02 
-8.09860E-02 
-8.15196E-02 
-8.16765E-02 
-8.24286E-02 
-8.31874E-02 
-8.39519E-02 
-8.47210E-02 
-8.54864E-02 
-8.62579E-02 
-8.70363E-02 
-8.78200E-02 
-8.86079E-02 
-8.93985E-02 
-9.01907E-02 
-9.09831E-02 
-9.17746E-02 
-9.25640E-02 
-9.33503E-02 
-9.41323E-02 
-9.49092E-02 
-8.13180E-02 
-8.19186E-02 
-8.25217E-02 
-8.31281E-02 
-8.37441E-02 
-8.43688E-02 
-8.50014E-02 
-8.54957E-02 
-8.56410E-02 
-8.63377E-02 
-8.70407E-02 
-8.77489E-02 
-8.84613E-02 
-8.91703E-02 
-8.98850E-02 
-9.06060E-02 
-9.13321E-02 
-9.20619E-02 
-9.27943E-02 
-9.35281E-02 
-9.42621E-02 
-9.49953E-02 
-9.57266E-02 
-9.64549E-02 
-9.71794E-02 
-9.78990E-02 
-8.42820E-02 
-8.48341E-02 
-8.53886E-02 
-8.59462E-02 
-8.65125E-02 
-8.70868E-02 
-8.76684E-02 
-8.81229E-02 
-8.82565E-02 
-8.88970E-02 
-8.95433E-02 
-9.01944E-02 
-9.08494E-02 
-9.15012E-02 
-9.21584E-02 
-9.28212E-02 
-9.34887E-02 
-9.41597E-02 
-9.48331E-02 
-9.55077E-02 
-9.61826E-02 
-9.68567E-02 
-9.75290E-02 
-9.81986E-02 
-9.88647E-02 
-9.95263E-02 
-8.57866E-02 
-8.62906E-02 
-8.67966E-02 
-8.73055E-02 
-8.78224E-02 
-8.83465E-02 
-8.88773E-02 
-8.92922E-02 
-8.94141E-02 
-8.99987E-02 
-9.05885E-02 
-9.11828E-02 
-9.17806E-02 
-9.23755E-02 
-9.29753E-02 
-9.35803E-02 
-9.41895E-02 
-9.48019E-02 
-9.54164E-02 
-9.60322E-02 
-9.66481E-02 
-9.72633E-02 
-9.78770E-02 
-9.84881E-02 
-9.90960E-02 
-9.96999E-02 
-8.58046E-02 
-8.62605E-02 
-8.67183E-02 
-8.71787E-02 
-8.76464E-02 
-8.81206E-02 
-8.86008E-02 
-8.89761E-02 
-8.90864E-02 
-8.96154E-02 
-9.01490E-02 
-9.06867E-02 
-9.12275E-02 
-9.17658E-02 
-9.23084E-02 
-9.28557E-02 
-9.34069E-02 
-9.39609E-02 
-9.45170E-02 
-9.50740E-02 
-9.56313E-02 
-9.61879E-02 
-9.67431E-02 
-9.72960E-02 
-9.78460E-02 
-9.83923E-02 
-8.43144E-02 
-8.47228E-02 
-8.51328E-02 
-8.55451E-02 
-8.59639E-02 
-8.63886E-02 
-8.68187E-02 
-8.71548E-02 
-8.72536E-02 
-8.77273E-02 
-8.82052E-02 
-8.86867E-02 
-8.91711E-02 
-8.96531E-02 
-9.01391E-02 
-9.06293E-02 
-9.11229E-02 
-9.16191E-02 
-9.21171E-02 
-9.26160E-02 
-9.31150E-02 
-9.36135E-02 
-9.41107E-02 
-9.46059E-02 
-9.50985E-02 
-9.55878E-02 
-8.13036E-02 
-8.16648E-02 
-8.20274E-02 
-8.23921E-02 
-8.27625E-02 
-8.31382E-02 
-8.35186E-02 
-8.38158E-02 
-8.39032E-02 
-8.43222E-02 
-8.47449E-02 
-8.51707E-02 
-8.55991E-02 
-8.60255E-02 
-8.64553E-02 
-8.68889E-02 
-8.73254E-02 
-8.77643E-02 
-8.82047E-02 
-8.86460E-02 
-8.90874E-02 
-8.95283E-02 
-8.99680E-02 
-9.04060E-02 
-9.08416E-02 
-9.12744E-02 
-7.67786E-02 
-7.70932E-02 
-7.74091E-02 
-7.77267E-02 
-7.80494E-02 
-7.83766E-02 
-7.87079E-02 
-7.89669E-02 
-7.90430E-02 
-7.94079E-02 
-7.97761E-02 
-8.01471E-02 
-8.05203E-02 
-8.08917E-02 
-8.12660E-02 
-8.16437E-02 
-8.20240E-02 
-8.24063E-02 
-8.27899E-02 
-8.31743E-02 
-8.35588E-02 
-8.39428E-02 
-8.43259E-02 
-8.47074E-02 
-8.50869E-02 
-8.54638E-02 
-7.07577E-02 
-7.10264E-02 
-7.12963E-02 
-7.15677E-02 
-7.18433E-02 
-7.21229E-02 
-7.24060E-02 
-7.26272E-02 
-7.26922E-02 
-7.30040E-02 
-7.33186E-02 
-7.36355E-02 
-7.39543E-02 
-7.42716E-02 
-7.45914E-02 
-7.49141E-02 
-7.52390E-02 
-7.55656E-02 
-7.58933E-02 
-7.62217E-02 
-7.65502E-02 
-7.68783E-02 
-7.72055E-02 
-7.75315E-02 
-7.78557E-02 
-7.81777E-02 
-6.32655E-02 
-6.34892E-02 
-6.37139E-02 
-6.39399E-02 
-6.41693E-02 
-6.44021E-02 
-6.46377E-02 
-6.48219E-02 
-6.48761E-02 
-6.51356E-02 
-6.53975E-02 
-6.56613E-02 
-6.59267E-02 
-6.61909E-02 
-6.64572E-02 
-6.67258E-02 
-6.69963E-02 
-6.72681E-02 
-6.75410E-02 
-6.78144E-02 
-6.80879E-02 
-6.83610E-02 
-6.86334E-02 
-6.89048E-02 
-6.91747E-02 
-6.94428E-02 
-5.43563E-02 
-5.45360E-02 
-5.47165E-02 
-5.48980E-02 
-5.50823E-02 
-5.52692E-02 
-5.54585E-02 
-5.56064E-02 
-5.56499E-02 
-5.58584E-02 
-5.60688E-02 
-5.62807E-02 
-5.64938E-02 
-5.67060E-02 
-5.69199E-02 
-5.71356E-02 
-5.73529E-02 
-5.75713E-02 
-5.77905E-02 
-5.80100E-02 
-5.82297E-02 
-5.84491E-02 
-5.86679E-02 
-5.88859E-02 
-5.91027E-02 
-5.93180E-02 
-4.40523E-02 
-4.41890E-02 
-4.43262E-02 
-4.44641E-02 
-4.46043E-02 
-4.47464E-02 
-4.48903E-02 
-4.50028E-02 
-4.50358E-02 
-4.51943E-02 
-4.53542E-02 
-4.55154E-02 
-4.56774E-02 
-4.58387E-02 
-4.60013E-02 
-4.61654E-02 
-4.63305E-02 
-4.64966E-02 
-4.66632E-02 
-4.68301E-02 
-4.69971E-02 
-4.71639E-02 
-4.73303E-02 
-4.74960E-02 
-4.76608E-02 
-4.78245E-02 
-3.25361E-02 
-3.26311E-02 
-3.27265E-02 
-3.28225E-02 
-3.29199E-02 
-3.30188E-02 
-3.31189E-02 
-3.31971E-02 
-3.32201E-02 
-3.33303E-02 
-3.34415E-02 
-3.35536E-02 
-3.36663E-02 
-3.37784E-02 
-3.38915E-02 
-3.40056E-02 
-3.41205E-02 
-3.42359E-02 
-3.43518E-02 
-3.44679E-02 
-3.45841E-02 
-3.47001E-02 
-3.48158E-02 
-3.49310E-02 
-3.50456E-02 
-3.51595E-02 
-1.96771E-02 
-1.97314E-02 
-1.97858E-02 
-1.98406E-02 
-1.98962E-02 
-1.99527E-02 
-2.00098E-02 
-2.00544E-02 
-2.00676E-02 
-2.01305E-02 
-2.01940E-02 
-2.02579E-02 
-2.03223E-02 
-2.03863E-02 
-2.04509E-02 
-2.05160E-02 
-2.05816E-02 
-2.06475E-02 
-2.07136E-02 
-2.07799E-02 
-2.08462E-02 
-2.09124E-02 
-2.09785E-02 
-2.10443E-02 
-2.11097E-02 
-2.11747E-02 
-5.65354E-03 
-5.66829E-03 
-5.68310E-03 
-5.69799E-03 
-5.71312E-03 
-5.72846E-03 
-5.74400E-03 
-5.75614E-03 
-5.75971E-03 
-5.77682E-03 
-5.79409E-03 
-5.81148E-03 
-5.82898E-03 
-5.84639E-03 
-5.86395E-03 
-5.88165E-03 
-5.89949E-03 
-5.91741E-03 
-5.93540E-03 
-5.95342E-03 
-5.97145E-03 
-5.98946E-03 
-6.00742E-03 
-6.02531E-03 
-6.04310E-03 
-6.06077E-03 
9.45417E-03 
9.47757E-03 
9.50107E-03 
9.52470E-03 
9.54871E-03 
9.57305E-03 
9.59770E-03 
9.61697E-03 
9.62263E-03 
9.64978E-03 
9.67717E-03 
9.70477E-03 
9.73253E-03 
9.76016E-03 
9.78802E-03 
9.81611E-03 
9.84441E-03 
9.87285E-03 
9.90139E-03 
9.92998E-03 
9.95859E-03 
9.98716E-03 
1.00157E-02 
1.00440E-02 
1.00723E-02 
1.01003E-02 
2.55597E-02 
2.56199E-02 
2.56803E-02 
2.57410E-02 
2.58028E-02 
2.58653E-02 
2.59287E-02 
2.59782E-02 
2.59928E-02 
2.60626E-02 
2.61330E-02 
2.62040E-02 
2.62754E-02 
2.63464E-02 
2.64180E-02 
2.64902E-02 
2.65630E-02 
2.66361E-02 
2.67095E-02 
2.67830E-02 
2.68565E-02 
2.69300E-02 
2.70033E-02 
2.70762E-02 
2.71488E-02 
2.72209E-02 
4.25688E-02 
4.26643E-02 
4.27602E-02 
4.28566E-02 
4.29546E-02 
4.30539E-02 
4.31545E-02 
4.32331E-02 
4.32562E-02 
4.33670E-02 
4.34788E-02 
4.35914E-02 
4.37047E-02 
4.38174E-02 
4.39310E-02 
4.40457E-02 
4.41611E-02 
4.42772E-02 
4.43937E-02 
4.45103E-02 
4.46271E-02 
4.47436E-02 
4.48599E-02 
4.49757E-02 
4.50909E-02 
4.52054E-02 
6.03857E-02 
6.05151E-02 
6.06450E-02 
6.07756E-02 
6.09082E-02 
6.10428E-02 
6.11790E-02 
6.12855E-02 
6.13168E-02 
6.14668E-02 
6.16182E-02 
6.17707E-02 
6.19242E-02 
6.20769E-02 
6.22308E-02 
6.23861E-02 
6.25424E-02 
6.26996E-02 
6.28573E-02 
6.30154E-02 
6.31735E-02 
6.33314E-02 
6.34889E-02 
6.36457E-02 
6.38017E-02 
6.39567E-02 
7.89057E-02 
7.90674E-02 
7.92297E-02 
7.93930E-02 
7.95588E-02 
7.97269E-02 
7.98972E-02 
8.00303E-02 
8.00694E-02 
8.02569E-02 
8.04461E-02 
8.06368E-02 
8.08285E-02 
8.10194E-02 
8.12118E-02 
8.14058E-02 
8.16013E-02 
8.17977E-02 
8.19948E-02 
8.21924E-02 
8.23899E-02 
8.25873E-02 
8.27841E-02 
8.29802E-02 
8.31752E-02 
8.33689E-02 
9.80234E-02 
9.82158E-02 
9.84090E-02 
9.86033E-02 
9.88006E-02 
9.90007E-02 
9.92034E-02 
9.93618E-02 
9.94083E-02 
9.96315E-02 
9.98567E-02 
1.00084E-01 
1.00312E-01 
1.00539E-01 
1.00768E-01 
1.00999E-01 
1.01232E-01 
1.01465E-01 
1.01700E-01 
1.01935E-01 
1.02170E-01 
1.02405E-01 
1.02639E-01 
1.02873E-01 
1.03105E-01 
1.03335E-01 
1.17667E-01 
1.17889E-01 
1.18111E-01 
1.18335E-01 
1.18562E-01 
1.18793E-01 
1.19026E-01 
1.19208E-01 
1.19262E-01 
1.19519E-01 
1.19779E-01 
1.20040E-01 
1.20303E-01 
1.20564E-01 
1.20828E-01 
1.21094E-01 
1.21362E-01 
1.21631E-01 
1.21902E-01 
1.22172E-01 
1.22443E-01 
1.22714E-01 
1.22984E-01 
1.23252E-01 
1.23520E-01 
1.23785E-01 
1.37543E-01 
1.37792E-01 
1.38042E-01 
1.38294E-01 
1.38549E-01 
1.38808E-01 
1.39070E-01 
1.39275E-01 
1.39335E-01 
1.39624E-01 
1.39916E-01 
1.40209E-01 
1.40505E-01 
1.40799E-01 
1.41095E-01 
1.41394E-01 
1.41695E-01 
1.41997E-01 
1.42301E-01 
1.42605E-01 
1.42909E-01 
1.43213E-01 
1.43516E-01 
1.43818E-01 
1.44119E-01 
1.44417E-01 
1.57795E-01 
1.58069E-01 
1.58345E-01 
1.58623E-01 
1.58905E-01 
1.59191E-01 
1.59480E-01 
1.59706E-01 
1.59773E-01 
1.60092E-01 
1.60413E-01 
1.60737E-01 
1.61063E-01 
1.61388E-01 
1.61715E-01 
1.62045E-01 
1.62377E-01 
1.62711E-01 
1.63046E-01 
1.63382E-01 
1.63718E-01 
1.64053E-01 
1.64388E-01 
1.64721E-01 
1.65053E-01 
1.65382E-01 
1.78164E-01 
1.78463E-01 
1.78764E-01 
1.79065E-01 
1.79372E-01 
1.79683E-01 
1.79998E-01 
1.80244E-01 
1.80316E-01 
1.80663E-01 
1.81013E-01 
1.81365E-01 
1.81720E-01 
1.82073E-01 
1.82429E-01 
1.82788E-01 
1.83149E-01 
1.83512E-01 
1.83877E-01 
1.84242E-01 
1.84608E-01 
1.84972E-01 
1.85336E-01 
1.85699E-01 
1.86060E-01 
1.86418E-01 
1.98534E-01 
1.98856E-01 
1.99178E-01 
1.99503E-01 
1.99832E-01 
2.00167E-01 
2.00505E-01 
2.00769E-01 
2.00847E-01 
2.01220E-01 
2.01596E-01 
2.01975E-01 
2.02356E-01 
2.02735E-01 
2.03118E-01 
2.03504E-01 
2.03892E-01 
2.04283E-01 
2.04674E-01 
2.05067E-01 
2.05460E-01 
2.05852E-01 
2.06243E-01 
2.06633E-01 
2.07020E-01 
2.07406E-01 
2.18777E-01 
2.19119E-01 
2.19462E-01 
2.19807E-01 
2.20158E-01 
2.20514E-01 
2.20874E-01 
2.21155E-01 
2.21238E-01 
2.21635E-01 
2.22035E-01 
2.22438E-01 
2.22844E-01 
2.23247E-01 
2.23654E-01 
2.24065E-01 
2.24478E-01 
2.24894E-01 
2.25311E-01 
2.25728E-01 
2.26146E-01 
2.26564E-01 
2.26980E-01 
2.27395E-01 
2.27807E-01 
2.28217E-01 
2.38767E-01 
2.39128E-01 
2.39490E-01 
2.39854E-01 
2.40224E-01 
2.40599E-01 
2.40979E-01 
2.41276E-01 
2.41364E-01 
2.41782E-01 
2.42204E-01 
2.42630E-01 
2.43058E-01 
2.43483E-01 
2.43913E-01 
2.44346E-01 
2.44782E-01 
2.45220E-01 
2.45660E-01 
2.46101E-01 
2.46542E-01 
2.46982E-01 
2.47421E-01 
2.47859E-01 
2.48294E-01 
2.48726E-01 
2.58365E-01 
2.58742E-01 
2.59122E-01 
2.59503E-01 
2.59890E-01 
2.60283E-01 
2.60681E-01 
2.60992E-01 
2.61083E-01 
2.61522E-01 
2.61964E-01 
2.62409E-01 
2.62857E-01 
2.63303E-01 
2.63753E-01 
2.64206E-01 
2.64663E-01 
2.65122E-01 
2.65582E-01 
2.66044E-01 
2.66505E-01 
2.66967E-01 
2.67426E-01 
2.67885E-01 
2.68340E-01 
2.68793E-01 
2.77495E-01 
2.77888E-01 
2.78283E-01 
2.78679E-01 
2.79082E-01 
2.79491E-01 
2.79905E-01 
2.80228E-01 
2.80323E-01 
2.80779E-01 
2.81239E-01 
2.81702E-01 
2.82168E-01 
2.82632E-01 
2.83100E-01 
2.83571E-01 
2.84046E-01 
2.84524E-01 
2.85003E-01 
2.85483E-01 
2.85963E-01 
2.86443E-01 
2.86921E-01 
2.87398E-01 
2.87872E-01 
2.88342E-01 
2.95904E-01 
2.96310E-01 
2.96718E-01 
2.97128E-01 
2.97544E-01 
2.97967E-01 
2.98395E-01 
2.98729E-01 
2.98827E-01 
2.99299E-01 
2.99774E-01 
3.00253E-01 
3.00735E-01 
3.01214E-01 
3.01698E-01 
3.02185E-01 
3.02676E-01 
3.03170E-01 
3.03665E-01 
3.04161E-01 
3.04658E-01 
3.05154E-01 
3.05648E-01 
3.06141E-01 
3.06631E-01 
3.07117E-01 
3.13532E-01 
3.13949E-01 
3.14368E-01 
3.14790E-01 
3.15218E-01 
3.15653E-01 
3.16092E-01 
3.16436E-01 
3.16537E-01 
3.17022E-01 
3.17510E-01 
3.18003E-01 
3.18498E-01 
3.18991E-01 
3.19488E-01 
3.19989E-01 
3.20494E-01 
3.21001E-01 
3.21510E-01 
3.22021E-01 
3.22531E-01 
3.23041E-01 
3.23549E-01 
3.24056E-01 
3.24559E-01 
3.25060E-01 
3.30232E-01 
3.30659E-01 
3.31087E-01 
3.31519E-01 
3.31957E-01 
3.32401E-01 
3.32851E-01 
3.33202E-01 
3.33306E-01 
3.33801E-01 
3.34301E-01 
3.34804E-01 
3.35311E-01 
3.35815E-01 
3.36323E-01 
3.36836E-01 
3.37352E-01 
3.37871E-01 
3.38392E-01 
3.38914E-01 
3.39436E-01 
3.39957E-01 
3.40477E-01 
3.40995E-01 
3.41510E-01 
3.42022E-01 
3.45861E-01 
3.46296E-01 
3.46732E-01 
3.47171E-01 
3.47617E-01 
3.48069E-01 
3.48526E-01 
3.48884E-01 
3.48989E-01 
3.49494E-01 
3.50002E-01 
3.50515E-01 
3.51030E-01 
3.51543E-01 
3.52061E-01 
3.52582E-01 
3.53108E-01 
3.53636E-01 
3.54166E-01 
3.54697E-01 
3.55228E-01 
3.55759E-01 
3.56288E-01 
3.56815E-01 
3.57340E-01 
3.57860E-01 
3.60273E-01 
3.60713E-01 
3.61155E-01 
3.61600E-01 
3.62052E-01 
3.62510E-01 
3.62973E-01 
3.63336E-01 
3.63442E-01 
3.63953E-01 
3.64468E-01 
3.64987E-01 
3.65510E-01 
3.66029E-01 
3.66553E-01 
3.67082E-01 
3.67614E-01 
3.68149E-01 
3.68686E-01 
3.69224E-01 
3.69762E-01 
3.70300E-01 
3.70836E-01 
3.71370E-01 
3.71901E-01 
3.72428E-01 
3.73323E-01 
3.73767E-01 
3.74213E-01 
3.74661E-01 
3.75116E-01 
3.75578E-01 
3.76046E-01 
3.76411E-01 
3.76519E-01 
3.77034E-01 
3.77553E-01 
3.78077E-01 
3.78603E-01 
3.79128E-01 
3.79656E-01 
3.80189E-01 
3.80726E-01 
3.81265E-01 
3.81806E-01 
3.82349E-01 
3.82892E-01 
3.83434E-01 
3.83974E-01 
3.84512E-01 
3.85048E-01 
3.85580E-01 
3.84867E-01 
3.85313E-01 
3.85760E-01 
3.86211E-01 
3.86668E-01 
3.87131E-01 
3.87601E-01 
3.87967E-01 
3.88075E-01 
3.88592E-01 
3.89114E-01 
3.89639E-01 
3.90168E-01 
3.90694E-01 
3.91225E-01 
3.91760E-01 
3.92298E-01 
3.92840E-01 
3.93383E-01 
3.93928E-01 
3.94473E-01 
3.95017E-01 
3.95559E-01 
3.96100E-01 
3.96638E-01 
3.97172E-01 
3.94750E-01 
3.95195E-01 
3.95642E-01 
3.96092E-01 
3.96549E-01 
3.97012E-01 
3.97481E-01 
3.97848E-01 
3.97956E-01 
3.98473E-01 
3.98994E-01 
3.99519E-01 
4.00047E-01 
4.00573E-01 
4.01103E-01 
4.01638E-01 
4.02177E-01 
4.02718E-01 
4.03261E-01 
4.03805E-01 
4.04350E-01 
4.04893E-01 
4.05436E-01 
4.05976E-01 
4.06513E-01 
4.07047E-01 
---
