PdfType: replica
Format: lhagrid1
---
1.00000E-06 1.28121E-06 1.64152E-06 2.10317E-06 2.69463E-06 3.45242E-06 4.42329E-06 5.66715E-06 7.26076E-06 9.30241E-06 1.19180E-05 1.52689E-05 1.95617E-05 2.50609E-05 3.21053E-05 4.11287E-05 5.26863E-05 6.74889E-05 8.64459E-05 1.10720E-04 1.41800E-04 1.81585E-04 2.32503E-04 2.97652E-04 3.80981E-04 4.87518E-04 6.26039E-04 8.00452E-04 1.02297E-03 1.30657E-03 1.66759E-03 2.12729E-03 2.71054E-03 3.44865E-03 4.37927E-03 5.54908E-03 7.01192E-03 8.83064E-03 1.10763E-02 1.38266E-02 1.71641E-02 2.11717E-02 2.59364E-02 3.15062E-02 3.79623E-02 4.53425E-02 5.36750E-02 6.29705E-02 7.32221E-02 8.44039E-02 9.64793E-02 1.09332E-01 1.23067E-01 1.37507E-01 1.52639E-01 1.68416E-01 1.84794E-01 2.01731E-01 2.19016E-01 2.36948E-01 2.55242E-01 2.73927E-01 2.92954E-01 3.12340E-01 3.32036E-01 3.52019E-01 3.72282E-01 3.92772E-01 4.13533E-01 4.34326E-01 4.55495E-01 4.76836E-01 4.98342E-01 5.20006E-01 5.41818E-01 5.63773E-01 5.85861E-01 6.08077E-01 6.30459E-01 6.52800E-01 6.75387E-01 6.98063E-01 7.20830E-01 7.43683E-01 7.66623E-01 7.89636E-01 8.12791E-01 8.35940E-01 8.59175E-01 8.82485E-01 9.05866E-01 9.29311E-01 9.52817E-01 9.76387E-01 1.00000E+00 
1.14018E+00 1.22539E+00 1.32482E+00 1.44156E+00 1.57954E+00 1.74381E+00 1.94091E+00 2.12132E+00 2.17945E+00 2.49622E+00 2.89383E+00 3.39925E+00 4.05063E+00 4.90286E+00 6.03623E+00 7.57063E+00 9.68869E+00 1.26749E+01 1.69835E+01 2.33578E+01 3.30501E+01 4.82334E+01 7.28041E+01 1.13998E+02 1.85779E+02 3.16228E+02 
908
8.38794E-02 
8.21493E-02 
8.04474E-02 
7.87706E-02 
7.70987E-02 
7.54337E-02 
7.37776E-02 
7.25035E-02 
7.21323E-02 
7.03722E-02 
6.86287E-02 
6.69035E-02 
6.51983E-02 
6.35313E-02 
6.18790E-02 
6.02394E-02 
5.86147E-02 
5.70072E-02 
5.54188E-02 
5.38513E-02 
5.23064E-02 
5.07854E-02 
4.92898E-02 
4.78205E-02 
4.63786E-02 
4.49649E-02 
8.38792E-02 
8.21491E-02 
8.04472E-02 
7.87704E-02 
7.70984E-02 
7.54335E-02 
7.37774E-02 
7.25033E-02 
7.21320E-02 
7.03720E-02 
6.86285E-02 
6.69033E-02 
6.51981E-02 
6.35311E-02 
6.18788E-02 
6.02392E-02 
5.86145E-02 
5.70070E-02 
5.54186E-02 
5.38511E-02 
5.23062E-02 
5.07852E-02 
4.92895E-02 
4.78203E-02 
4.63784E-02 
4.49647E-02 
8.38789E-02 
8.21488E-02 
8.04469E-02 
7.87701E-02 
7.70982E-02 
7.54332E-02 
7.37771E-02 
7.25030E-02 
7.21318E-02 
7.03717E-02 
6.86282E-02 
6.69030E-02 
6.51979E-02 
6.35308E-02 
6.18785E-02 
6.02389E-02 
5.86142E-02 
5.70067E-02 
5.54183E-02 
5.38508E-02 
5.23059E-02 
5.07850E-02 
4.92893E-02 
4.78200E-02 
4.63781E-02 
4.49644E-02 
8.38786E-02 
8.21485E-02 
8.04465E-02 
7.87698E-02 
7.70978E-02 
7.54328E-02 
7.37767E-02 
7.25026E-02 
7.21314E-02 
7.03714E-02 
6.86279E-02 
6.69027E-02 
6.51975E-02 
6.35305E-02 
6.18782E-02 
6.02385E-02 
5.86139E-02 
5.70064E-02 
5.54180E-02 
5.38505E-02 
5.23055E-02 
5.07846E-02 
4.92889E-02 
4.78197E-02 
4.63778E-02 
4.49641E-02 
8.38781E-02 
8.21480E-02 
8.04460E-02 
7.87693E-02 
7.70973E-02 
7.54324E-02 
7.37763E-02 
7.25022E-02 
7.21309E-02 
7.03709E-02 
6.86274E-02 
6.69022E-02 
6.51970E-02 
6.35300E-02 
6.18777E-02 
6.02381E-02 
5.86134E-02 
5.70059E-02 
5.54175E-02 
5.38500E-02 
5.23051E-02 
5.07842E-02 
4.92885E-02 
4.78192E-02 
4.63773E-02 
4.49636E-02 
8.38775E-02 
8.21474E-02 
8.04454E-02 
7.87687E-02 
7.70967E-02 
7.54318E-02 
7.37757E-02 
7.25016E-02 
7.21304E-02 
7.03703E-02 
6.86268E-02 
6.69016E-02 
6.51965E-02 
6.35294E-02 
6.18771E-02 
6.02375E-02 
5.86128E-02 
5.70053E-02 
5.54169E-02 
5.38495E-02 
5.23045E-02 
5.07836E-02 
4.92879E-02 
4.78187E-02 
4.63768E-02 
4.49631E-02 
8.38767E-02 
8.21466E-02 
8.04447E-02 
7.87679E-02 
7.70960E-02 
7.54310E-02 
7.37749E-02 
7.25008E-02 
7.21296E-02 
7.03696E-02 
6.86261E-02 
6.69009E-02 
6.51957E-02 
6.35287E-02 
6.18764E-02 
6.02368E-02 
5.86121E-02 
5.70046E-02 
5.54162E-02 
5.38487E-02 
5.23038E-02 
5.07829E-02 
4.92872E-02 
4.78179E-02 
4.63760E-02 
4.49624E-02 
8.38758E-02 
8.21456E-02 
8.04437E-02 
7.87670E-02 
7.70950E-02 
7.54300E-02 
7.37740E-02 
7.24998E-02 
7.21286E-02 
7.03686E-02 
6.86251E-02 
6.68999E-02 
6.51948E-02 
6.35277E-02 
6.18754E-02 
6.02358E-02 
5.86112E-02 
5.70037E-02 
5.54153E-02 
5.38478E-02 
5.23029E-02 
5.07819E-02 
4.92863E-02 
4.78170E-02 
4.63751E-02 
4.49614E-02 
8.38745E-02 
8.21444E-02 
8.04424E-02 
7.87657E-02 
7.70938E-02 
7.54288E-02 
7.37727E-02 
7.24986E-02 
7.21274E-02 
7.03674E-02 
6.86239E-02 
6.68987E-02 
6.51935E-02 
6.35265E-02 
6.18742E-02 
6.02346E-02 
5.86100E-02 
5.70025E-02 
5.54141E-02 
5.38466E-02 
5.23017E-02 
5.07807E-02 
4.92851E-02 
4.78158E-02 
4.63739E-02 
4.49602E-02 
8.38729E-02 
8.21428E-02 
8.04408E-02 
7.87641E-02 
7.70922E-02 
7.54272E-02 
7.37711E-02 
7.24970E-02 
7.21258E-02 
7.03658E-02 
6.86223E-02 
6.68971E-02 
6.51920E-02 
6.35249E-02 
6.18727E-02 
6.02330E-02 
5.86084E-02 
5.70009E-02 
5.54125E-02 
5.38451E-02 
5.23001E-02 
5.07792E-02 
4.92835E-02 
4.78143E-02 
4.63724E-02 
4.49587E-02 
8.38708E-02 
8.21407E-02 
8.04388E-02 
7.87620E-02 
7.70901E-02 
7.54251E-02 
7.37691E-02 
7.24950E-02 
7.21238E-02 
7.03638E-02 
6.86203E-02 
6.68951E-02 
6.51900E-02 
6.35229E-02 
6.18707E-02 
6.02310E-02 
5.86064E-02 
5.69989E-02 
5.54105E-02 
5.38431E-02 
5.22982E-02 
5.07772E-02 
4.92816E-02 
4.78123E-02 
4.63705E-02 
4.49568E-02 
8.38681E-02 
8.21381E-02 
8.04361E-02 
7.87594E-02 
7.70875E-02 
7.54225E-02 
7.37665E-02 
7.24924E-02 
7.21212E-02 
7.03612E-02 
6.86177E-02 
6.68925E-02 
6.51874E-02 
6.35204E-02 
6.18681E-02 
6.02285E-02 
5.86039E-02 
5.69964E-02 
5.54080E-02 
5.38406E-02 
5.22957E-02 
5.07747E-02 
4.92791E-02 
4.78098E-02 
4.63680E-02 
4.49543E-02 
8.38647E-02 
8.21347E-02 
8.04328E-02 
7.87560E-02 
7.70841E-02 
7.54192E-02 
7.37631E-02 
7.24890E-02 
7.21178E-02 
7.03578E-02 
6.86144E-02 
6.68892E-02 
6.51841E-02 
6.35171E-02 
6.18648E-02 
6.02252E-02 
5.86006E-02 
5.69931E-02 
5.54048E-02 
5.38373E-02 
5.22924E-02 
5.07715E-02 
4.92759E-02 
4.78066E-02 
4.63648E-02 
4.49511E-02 
8.38604E-02 
8.21303E-02 
8.04284E-02 
7.87517E-02 
7.70798E-02 
7.54149E-02 
7.37588E-02 
7.24848E-02 
7.21136E-02 
7.03536E-02 
6.86101E-02 
6.68850E-02 
6.51799E-02 
6.35129E-02 
6.18606E-02 
6.02210E-02 
5.85964E-02 
5.69890E-02 
5.54006E-02 
5.38332E-02 
5.22883E-02 
5.07674E-02 
4.92718E-02 
4.78025E-02 
4.63607E-02 
4.49470E-02 
8.38548E-02 
8.21247E-02 
8.04229E-02 
7.87462E-02 
7.70743E-02 
7.54094E-02 
7.37533E-02 
7.24793E-02 
7.21081E-02 
7.03481E-02 
6.86047E-02 
6.68795E-02 
6.51744E-02 
6.35075E-02 
6.18552E-02 
6.02157E-02 
5.85911E-02 
5.69836E-02 
5.53953E-02 
5.38279E-02 
5.22830E-02 
5.07621E-02 
4.92665E-02 
4.77973E-02 
4.63554E-02 
4.49418E-02 
8.38476E-02 
8.21176E-02 
8.04158E-02 
7.87391E-02 
7.70672E-02 
7.54023E-02 
7.37463E-02 
7.24723E-02 
7.21011E-02 
7.03411E-02 
6.85977E-02 
6.68726E-02 
6.51675E-02 
6.35006E-02 
6.18484E-02 
6.02088E-02 
5.85842E-02 
5.69768E-02 
5.53885E-02 
5.38211E-02 
5.22762E-02 
5.07553E-02 
4.92597E-02 
4.77905E-02 
4.63487E-02 
4.49351E-02 
8.38385E-02 
8.21085E-02 
8.04066E-02 
7.87300E-02 
7.70582E-02 
7.53933E-02 
7.37373E-02 
7.24633E-02 
7.20921E-02 
7.03322E-02 
6.85888E-02 
6.68637E-02 
6.51586E-02 
6.34917E-02 
6.18395E-02 
6.02000E-02 
5.85754E-02 
5.69680E-02 
5.53797E-02 
5.38124E-02 
5.22675E-02 
5.07467E-02 
4.92511E-02 
4.77819E-02 
4.63401E-02 
4.49265E-02 
8.38268E-02 
8.20968E-02 
8.03950E-02 
7.87184E-02 
7.70466E-02 
7.53817E-02 
7.37258E-02 
7.24518E-02 
7.20806E-02 
7.03207E-02 
6.85773E-02 
6.68523E-02 
6.51473E-02 
6.34804E-02 
6.18282E-02 
6.01887E-02 
5.85642E-02 
5.69568E-02 
5.53686E-02 
5.38012E-02 
5.22564E-02 
5.07356E-02 
4.92400E-02 
4.77709E-02 
4.63291E-02 
4.49155E-02 
8.38117E-02 
8.20818E-02 
8.03800E-02 
7.87035E-02 
7.70317E-02 
7.53669E-02 
7.37110E-02 
7.24370E-02 
7.20658E-02 
7.03060E-02 
6.85627E-02 
6.68377E-02 
6.51327E-02 
6.34658E-02 
6.18137E-02 
6.01743E-02 
5.85498E-02 
5.69425E-02 
5.53542E-02 
5.37869E-02 
5.22422E-02 
5.07214E-02 
4.92259E-02 
4.77568E-02 
4.63150E-02 
4.49015E-02 
8.37925E-02 
8.20626E-02 
8.03609E-02 
7.86844E-02 
7.70127E-02 
7.53479E-02 
7.36921E-02 
7.24181E-02 
7.20470E-02 
7.02872E-02 
6.85439E-02 
6.68190E-02 
6.51141E-02 
6.34473E-02 
6.17952E-02 
6.01558E-02 
5.85314E-02 
5.69241E-02 
5.53359E-02 
5.37686E-02 
5.22239E-02 
5.07032E-02 
4.92077E-02 
4.77387E-02 
4.62970E-02 
4.48835E-02 
8.37679E-02 
8.20381E-02 
8.03364E-02 
7.86600E-02 
7.69883E-02 
7.53236E-02 
7.36679E-02 
7.23940E-02 
7.20228E-02 
7.02631E-02 
6.85199E-02 
6.67950E-02 
6.50902E-02 
6.34234E-02 
6.17714E-02 
6.01321E-02 
5.85077E-02 
5.69005E-02 
5.53124E-02 
5.37452E-02 
5.22006E-02 
5.06799E-02 
4.91845E-02 
4.77155E-02 
4.62738E-02 
4.48604E-02 
8.37364E-02 
8.20066E-02 
8.03051E-02 
7.86287E-02 
7.69572E-02 
7.52926E-02 
7.36369E-02 
7.23630E-02 
7.19919E-02 
7.02323E-02 
6.84892E-02 
6.67644E-02 
6.50596E-02 
6.33930E-02 
6.17411E-02 
6.01018E-02 
5.84775E-02 
5.68704E-02 
5.52824E-02 
5.37152E-02 
5.21707E-02 
5.06501E-02 
4.91547E-02 
4.76858E-02 
4.62443E-02 
4.48309E-02 
8.36960E-02 
8.19664E-02 
8.02650E-02 
7.85887E-02 
7.69173E-02 
7.52528E-02 
7.35972E-02 
7.23234E-02 
7.19523E-02 
7.01928E-02 
6.84498E-02 
6.67252E-02 
6.50205E-02 
6.33540E-02 
6.17022E-02 
6.00630E-02 
5.84389E-02 
5.68318E-02 
5.52439E-02 
5.36769E-02 
5.21324E-02 
5.06119E-02 
4.91167E-02 
4.76479E-02 
4.62064E-02 
4.47931E-02 
8.36444E-02 
8.19150E-02 
8.02137E-02 
7.85376E-02 
7.68662E-02 
7.52019E-02 
7.35464E-02 
7.22728E-02 
7.19017E-02 
7.01424E-02 
6.83995E-02 
6.66750E-02 
6.49705E-02 
6.33041E-02 
6.16524E-02 
6.00134E-02 
5.83894E-02 
5.67825E-02 
5.51947E-02 
5.36278E-02 
5.20835E-02 
5.05631E-02 
4.90680E-02 
4.75993E-02 
4.61579E-02 
4.47448E-02 
8.35784E-02 
8.18492E-02 
8.01480E-02 
7.84721E-02 
7.68010E-02 
7.51368E-02 
7.34815E-02 
7.22080E-02 
7.18370E-02 
7.00778E-02 
6.83352E-02 
6.66108E-02 
6.49065E-02 
6.32403E-02 
6.15888E-02 
5.99500E-02 
5.83261E-02 
5.67194E-02 
5.51318E-02 
5.35651E-02 
5.20209E-02 
5.05007E-02 
4.90057E-02 
4.75372E-02 
4.60960E-02 
4.46830E-02 
8.34941E-02 
8.17650E-02 
8.00642E-02 
7.83885E-02 
7.67176E-02 
7.50536E-02 
7.33986E-02 
7.21253E-02 
7.17543E-02 
6.99954E-02 
6.82529E-02 
6.65288E-02 
6.48247E-02 
6.31587E-02 
6.15075E-02 
5.98689E-02 
5.82452E-02 
5.66387E-02 
5.50513E-02 
5.34849E-02 
5.19409E-02 
5.04209E-02 
4.89262E-02 
4.74578E-02 
4.60168E-02 
4.46040E-02 
8.33844E-02 
8.16557E-02 
7.99551E-02 
7.82797E-02 
7.66091E-02 
7.49455E-02 
7.32907E-02 
7.20176E-02 
7.16467E-02 
6.98881E-02 
6.81460E-02 
6.64222E-02 
6.47184E-02 
6.30527E-02 
6.14018E-02 
5.97635E-02 
5.81401E-02 
5.65339E-02 
5.49468E-02 
5.33806E-02 
5.18369E-02 
5.03172E-02 
4.88227E-02 
4.73546E-02 
4.59139E-02 
4.45014E-02 
8.32464E-02 
8.15181E-02 
7.98179E-02 
7.81429E-02 
7.64726E-02 
7.48094E-02 
7.31550E-02 
7.18822E-02 
7.15114E-02 
6.97532E-02 
6.80115E-02 
6.62880E-02 
6.45846E-02 
6.29193E-02 
6.12687E-02 
5.96308E-02 
5.80078E-02 
5.64020E-02 
5.48152E-02 
5.32494E-02 
5.17060E-02 
5.01866E-02 
4.86925E-02 
4.72248E-02 
4.57844E-02 
4.43721E-02 
8.30704E-02 
8.13426E-02 
7.96429E-02 
7.79684E-02 
7.62986E-02 
7.46358E-02 
7.29819E-02 
7.17095E-02 
7.13388E-02 
6.95811E-02 
6.78399E-02 
6.61169E-02 
6.44140E-02 
6.27492E-02 
6.10991E-02 
5.94616E-02 
5.78391E-02 
5.62337E-02 
5.46474E-02 
5.30820E-02 
5.15391E-02 
5.00202E-02 
4.85265E-02 
4.70592E-02 
4.56192E-02 
4.42074E-02 
8.28463E-02 
8.11191E-02 
7.94200E-02 
7.77461E-02 
7.60769E-02 
7.44148E-02 
7.27615E-02 
7.14895E-02 
7.11189E-02 
6.93619E-02 
6.76213E-02 
6.58990E-02 
6.41967E-02 
6.25325E-02 
6.08830E-02 
5.92461E-02 
5.76242E-02 
5.60194E-02 
5.44337E-02 
5.28689E-02 
5.13265E-02 
4.98082E-02 
4.83150E-02 
4.68482E-02 
4.54088E-02 
4.39975E-02 
8.25611E-02 
8.08347E-02 
7.91364E-02 
7.74633E-02 
7.57949E-02 
7.41336E-02 
7.24810E-02 
7.12097E-02 
7.08393E-02 
6.90830E-02 
6.73433E-02 
6.56218E-02 
6.39203E-02 
6.22569E-02 
6.06081E-02 
5.89720E-02 
5.73509E-02 
5.57468E-02 
5.41618E-02 
5.25978E-02 
5.10561E-02 
4.95385E-02 
4.80460E-02 
4.65799E-02 
4.51411E-02 
4.37305E-02 
8.21984E-02 
8.04730E-02 
7.87757E-02 
7.71036E-02 
7.54362E-02 
7.37758E-02 
7.21243E-02 
7.08537E-02 
7.04835E-02 
6.87283E-02 
6.69896E-02 
6.52691E-02 
6.35687E-02 
6.19062E-02 
6.02585E-02 
5.86233E-02 
5.70031E-02 
5.54001E-02 
5.38160E-02 
5.22529E-02 
5.07122E-02 
4.91954E-02 
4.77038E-02 
4.62386E-02 
4.48007E-02 
4.33909E-02 
8.17387E-02 
8.00146E-02 
7.83186E-02 
7.66478E-02 
7.49817E-02 
7.33225E-02 
7.16722E-02 
7.04026E-02 
7.00327E-02 
6.82788E-02 
6.65414E-02 
6.48223E-02 
6.31231E-02 
6.14619E-02 
5.98154E-02 
5.81815E-02 
5.65625E-02 
5.49606E-02 
5.33778E-02 
5.18158E-02 
5.02763E-02 
4.87607E-02 
4.72703E-02 
4.58061E-02 
4.43693E-02 
4.29606E-02 
8.11578E-02 
7.94354E-02 
7.77411E-02 
7.60718E-02 
7.44073E-02 
7.27497E-02 
7.11010E-02 
6.98326E-02 
6.94630E-02 
6.77109E-02 
6.59751E-02 
6.42576E-02 
6.25601E-02 
6.09005E-02 
5.92555E-02 
5.76232E-02 
5.60058E-02 
5.44054E-02 
5.28241E-02 
5.12636E-02 
4.97256E-02 
4.82114E-02 
4.67224E-02 
4.52597E-02 
4.38242E-02 
4.24169E-02 
8.04269E-02 
7.87066E-02 
7.70143E-02 
7.53470E-02 
7.36845E-02 
7.20290E-02 
7.03823E-02 
6.91154E-02 
6.87463E-02 
6.69962E-02 
6.52625E-02 
6.35471E-02 
6.18516E-02 
6.01940E-02 
5.85511E-02 
5.69207E-02 
5.53053E-02 
5.37068E-02 
5.21274E-02 
5.05688E-02 
4.90326E-02 
4.75203E-02 
4.60331E-02 
4.45722E-02 
4.31384E-02 
4.17327E-02 
7.95104E-02 
7.77927E-02 
7.61029E-02 
7.44382E-02 
7.27782E-02 
7.11252E-02 
6.94810E-02 
6.82160E-02 
6.78475E-02 
6.61001E-02 
6.43691E-02 
6.26562E-02 
6.09633E-02 
5.93082E-02 
5.76678E-02 
5.60399E-02 
5.44269E-02 
5.28309E-02 
5.12539E-02 
4.96977E-02 
4.81638E-02 
4.66538E-02 
4.51688E-02 
4.37101E-02 
4.22785E-02 
4.08750E-02 
7.83678E-02 
7.66534E-02 
7.49668E-02 
7.33053E-02 
7.16485E-02 
6.99986E-02 
6.83575E-02 
6.70949E-02 
6.67271E-02 
6.49830E-02 
6.32552E-02 
6.15457E-02 
5.98560E-02 
5.82040E-02 
5.65667E-02 
5.49419E-02 
5.33320E-02 
5.17390E-02 
5.01650E-02 
4.86118E-02 
4.70808E-02 
4.55737E-02 
4.40915E-02 
4.26356E-02 
4.12067E-02 
3.98059E-02 
7.69527E-02 
7.52423E-02 
7.35598E-02 
7.19021E-02 
7.02492E-02 
6.86032E-02 
6.69660E-02 
6.57065E-02 
6.53395E-02 
6.35995E-02 
6.18759E-02 
6.01704E-02 
5.84846E-02 
5.68366E-02 
5.52032E-02 
5.35822E-02 
5.19761E-02 
5.03869E-02 
4.88166E-02 
4.72670E-02 
4.57397E-02 
4.42361E-02 
4.27575E-02 
4.13050E-02 
3.98795E-02 
3.84820E-02 
7.52137E-02 
7.35083E-02 
7.18307E-02 
7.01779E-02 
6.85298E-02 
6.68887E-02 
6.52562E-02 
6.40003E-02 
6.36344E-02 
6.18996E-02 
6.01810E-02 
5.84804E-02 
5.67997E-02 
5.51565E-02 
5.35278E-02 
5.19116E-02 
5.03102E-02 
4.87256E-02 
4.71599E-02 
4.56149E-02 
4.40920E-02 
4.25928E-02 
4.11185E-02 
3.96702E-02 
3.82490E-02 
3.68555E-02 
7.30964E-02 
7.13971E-02 
6.97255E-02 
6.80787E-02 
6.64365E-02 
6.48012E-02 
6.31747E-02 
6.19233E-02 
6.15587E-02 
5.98300E-02 
5.81176E-02 
5.64232E-02 
5.47484E-02 
5.31111E-02 
5.14883E-02 
4.98779E-02 
4.82822E-02 
4.67033E-02 
4.51433E-02 
4.36037E-02 
4.20864E-02 
4.05925E-02 
3.91235E-02 
3.76805E-02 
3.62643E-02 
3.48758E-02 
7.05455E-02 
6.88536E-02 
6.71893E-02 
6.55496E-02 
6.39146E-02 
6.22865E-02 
6.06670E-02 
5.94211E-02 
5.90581E-02 
5.73370E-02 
5.56320E-02 
5.39450E-02 
5.22775E-02 
5.06473E-02 
4.90316E-02 
4.74282E-02 
4.58395E-02 
4.42675E-02 
4.27142E-02 
4.11814E-02 
3.96707E-02 
3.81834E-02 
3.67207E-02 
3.52840E-02 
3.38740E-02 
3.24915E-02 
6.75090E-02 
6.58260E-02 
6.41704E-02 
6.25394E-02 
6.09130E-02 
5.92934E-02 
5.76824E-02 
5.64430E-02 
5.60819E-02 
5.43698E-02 
5.26738E-02 
5.09956E-02 
4.93369E-02 
4.77153E-02 
4.61080E-02 
4.45130E-02 
4.29327E-02 
4.13689E-02 
3.98238E-02 
3.82991E-02 
3.67962E-02 
3.53167E-02 
3.38618E-02 
3.24325E-02 
3.10299E-02 
2.96548E-02 
6.39366E-02 
6.22641E-02 
6.06189E-02 
5.89980E-02 
5.73818E-02 
5.57723E-02 
5.41714E-02 
5.29398E-02 
5.25809E-02 
5.08796E-02 
4.91942E-02 
4.75265E-02 
4.58781E-02 
4.42667E-02 
4.26694E-02 
4.10845E-02 
3.95139E-02 
3.79600E-02 
3.64246E-02 
3.49093E-02 
3.34159E-02 
3.19456E-02 
3.04998E-02 
2.90795E-02 
2.76857E-02 
2.63191E-02 
5.98121E-02 
5.81519E-02 
5.65188E-02 
5.49098E-02 
5.33054E-02 
5.17078E-02 
5.01186E-02 
4.88960E-02 
4.85398E-02 
4.68509E-02 
4.51779E-02 
4.35224E-02 
4.18862E-02 
4.02865E-02 
3.87010E-02 
3.71277E-02 
3.55687E-02 
3.40261E-02 
3.25019E-02 
3.09978E-02 
2.95153E-02 
2.80559E-02 
2.66207E-02 
2.52108E-02 
2.38272E-02 
2.24706E-02 
5.51007E-02 
5.34547E-02 
5.18355E-02 
5.02402E-02 
4.86496E-02 
4.70655E-02 
4.54899E-02 
4.42777E-02 
4.39246E-02 
4.22501E-02 
4.05914E-02 
3.89500E-02 
3.73278E-02 
3.57418E-02 
3.41698E-02 
3.26098E-02 
3.10642E-02 
2.95348E-02 
2.80236E-02 
2.65323E-02 
2.50625E-02 
2.36155E-02 
2.21925E-02 
2.07947E-02 
1.94229E-02 
1.80779E-02 
4.98056E-02 
4.81757E-02 
4.65723E-02 
4.49927E-02 
4.34176E-02 
4.18491E-02 
4.02890E-02 
3.90887E-02 
3.87390E-02 
3.70809E-02 
3.54384E-02 
3.38132E-02 
3.22068E-02 
3.06363E-02 
2.90798E-02 
2.75351E-02 
2.60046E-02 
2.44902E-02 
2.29938E-02 
2.15172E-02 
2.00617E-02 
1.86289E-02 
1.72199E-02 
1.58357E-02 
1.44774E-02 
1.31456E-02 
4.39427E-02 
4.23309E-02 
4.07454E-02 
3.91834E-02 
3.76258E-02 
3.60747E-02 
3.45319E-02 
3.33450E-02 
3.29991E-02 
3.13595E-02 
2.97353E-02 
2.81281E-02 
2.65396E-02 
2.49866E-02 
2.34473E-02 
2.19199E-02 
2.04064E-02 
1.89088E-02 
1.74291E-02 
1.59688E-02 
1.45296E-02 
1.31127E-02 
1.17193E-02 
1.03506E-02 
9.00734E-03 
7.69036E-03 
3.75457E-02 
3.59540E-02 
3.43883E-02 
3.28457E-02 
3.13076E-02 
2.97759E-02 
2.82523E-02 
2.70802E-02 
2.67387E-02 
2.51195E-02 
2.35155E-02 
2.19284E-02 
2.03597E-02 
1.88261E-02 
1.73061E-02 
1.57976E-02 
1.43030E-02 
1.28242E-02 
1.13629E-02 
9.92087E-03 
8.49958E-03 
7.10037E-03 
5.72439E-03 
4.37272E-03 
3.04622E-03 
1.74568E-03 
3.06646E-02 
2.90950E-02 
2.75510E-02 
2.60298E-02 
2.45130E-02 
2.30025E-02 
2.15000E-02 
2.03441E-02 
2.00073E-02 
1.84106E-02 
1.68289E-02 
1.52637E-02 
1.37168E-02 
1.22044E-02 
1.07054E-02 
9.21786E-03 
7.74394E-03 
6.28558E-03 
4.84455E-03 
3.42250E-03 
2.02089E-03 
6.41060E-04 
-7.15852E-04 
-2.04881E-03 
-3.35693E-03 
-4.63945E-03 
2.33654E-02 
2.18197E-02 
2.02991E-02 
1.88011E-02 
1.73074E-02 
1.58198E-02 
1.43403E-02 
1.32020E-02 
1.28703E-02 
1.12979E-02 
9.74019E-03 
8.19887E-03 
6.67546E-03 
5.18611E-03 
3.70992E-03 
2.24504E-03 
7.93550E-04 
-6.42622E-04 
-2.06172E-03 
-3.46213E-03 
-4.84240E-03 
-6.20123E-03 
-7.53749E-03 
-8.85016E-03 
-1.01384E-02 
-1.14014E-02 
1.57219E-02 
1.42018E-02 
1.27065E-02 
1.12333E-02 
9.76428E-03 
8.30141E-03 
6.84635E-03 
5.72690E-03 
5.40075E-03 
3.85437E-03 
2.32250E-03 
8.06721E-04 
-6.91453E-04 
-2.15613E-03 
-3.60785E-03 
-5.04846E-03 
-6.47590E-03 
-7.88828E-03 
-9.28386E-03 
-1.06611E-02 
-1.20185E-02 
-1.33548E-02 
-1.46689E-02 
-1.59598E-02 
-1.72267E-02 
-1.84688E-02 
7.85623E-03 
6.36318E-03 
4.89444E-03 
3.44744E-03 
2.00457E-03 
5.67734E-04 
-8.61435E-04 
-1.96097E-03 
-2.28131E-03 
-3.80018E-03 
-5.30479E-03 
-6.79360E-03 
-8.26512E-03 
-9.70373E-03 
-1.11296E-02 
-1.25446E-02 
-1.39466E-02 
-1.53339E-02 
-1.67046E-02 
-1.80573E-02 
-1.93906E-02 
-2.07031E-02 
-2.19939E-02 
-2.32618E-02 
-2.45061E-02 
-2.57261E-02 
-2.45682E-04 
-1.71007E-03 
-3.15062E-03 
-4.56983E-03 
-5.98500E-03 
-7.39426E-03 
-8.79599E-03 
-9.87441E-03 
-1.01886E-02 
-1.16783E-02 
-1.31540E-02 
-1.46143E-02 
-1.60575E-02 
-1.74685E-02 
-1.88671E-02 
-2.02549E-02 
-2.16300E-02 
-2.29906E-02 
-2.43350E-02 
-2.56618E-02 
-2.69694E-02 
-2.82568E-02 
-2.95227E-02 
-3.07663E-02 
-3.19868E-02 
-3.31833E-02 
-8.42940E-03 
-9.86393E-03 
-1.12751E-02 
-1.26654E-02 
-1.40517E-02 
-1.54322E-02 
-1.68053E-02 
-1.78618E-02 
-1.81696E-02 
-1.96289E-02 
-2.10745E-02 
-2.25050E-02 
-2.39188E-02 
-2.53010E-02 
-2.66710E-02 
-2.80305E-02 
-2.93776E-02 
-3.07105E-02 
-3.20275E-02 
-3.33272E-02 
-3.46081E-02 
-3.58692E-02 
-3.71094E-02 
-3.83276E-02 
-3.95232E-02 
-4.06953E-02 
-1.66430E-02 
-1.80465E-02 
-1.94272E-02 
-2.07874E-02 
-2.21437E-02 
-2.34944E-02 
-2.48379E-02 
-2.58715E-02 
-2.61726E-02 
-2.76004E-02 
-2.90148E-02 
-3.04144E-02 
-3.17976E-02 
-3.31500E-02 
-3.44904E-02 
-3.58205E-02 
-3.71385E-02 
-3.84425E-02 
-3.97311E-02 
-4.10027E-02 
-4.22560E-02 
-4.34898E-02 
-4.47032E-02 
-4.58951E-02 
-4.70648E-02 
-4.82116E-02 
-2.48176E-02 
-2.61891E-02 
-2.75383E-02 
-2.88675E-02 
-3.01929E-02 
-3.15128E-02 
-3.28257E-02 
-3.38357E-02 
-3.41300E-02 
-3.55252E-02 
-3.69073E-02 
-3.82750E-02 
-3.96267E-02 
-4.09482E-02 
-4.22581E-02 
-4.35579E-02 
-4.48458E-02 
-4.61201E-02 
-4.73793E-02 
-4.86219E-02 
-4.98466E-02 
-5.10523E-02 
-5.22380E-02 
-5.34028E-02 
-5.45458E-02 
-5.56665E-02 
-3.28899E-02 
-3.42285E-02 
-3.55454E-02 
-3.68428E-02 
-3.81364E-02 
-3.94247E-02 
-4.07061E-02 
-4.16919E-02 
-4.19791E-02 
-4.33409E-02 
-4.46899E-02 
-4.60248E-02 
-4.73441E-02 
-4.86340E-02 
-4.99124E-02 
-5.11811E-02 
-5.24381E-02 
-5.36819E-02 
-5.49109E-02 
-5.61238E-02 
-5.73191E-02 
-5.84959E-02 
-5.96532E-02 
-6.07900E-02 
-6.19057E-02 
-6.29995E-02 
-4.08017E-02 
-4.21068E-02 
-4.33906E-02 
-4.46554E-02 
-4.59165E-02 
-4.71724E-02 
-4.84216E-02 
-4.93827E-02 
-4.96627E-02 
-5.09903E-02 
-5.23055E-02 
-5.36068E-02 
-5.48930E-02 
-5.61505E-02 
-5.73968E-02 
-5.86336E-02 
-5.98591E-02 
-6.10717E-02 
-6.22698E-02 
-6.34522E-02 
-6.46175E-02 
-6.57648E-02 
-6.68930E-02 
-6.80013E-02 
-6.90889E-02 
-7.01553E-02 
-4.84270E-02 
-4.96981E-02 
-5.09485E-02 
-5.21804E-02 
-5.34088E-02 
-5.46321E-02 
-5.58488E-02 
-5.67849E-02 
-5.70577E-02 
-5.83508E-02 
-5.96317E-02 
-6.08993E-02 
-6.21521E-02 
-6.33768E-02 
-6.45908E-02 
-6.57954E-02 
-6.69891E-02 
-6.81701E-02 
-6.93371E-02 
-7.04888E-02 
-7.16238E-02 
-7.27413E-02 
-7.38402E-02 
-7.49196E-02 
-7.59790E-02 
-7.70177E-02 
-5.58667E-02 
-5.71030E-02 
-5.83193E-02 
-5.95175E-02 
-6.07123E-02 
-6.19021E-02 
-6.30856E-02 
-6.39961E-02 
-6.42613E-02 
-6.55191E-02 
-6.67650E-02 
-6.79978E-02 
-6.92164E-02 
-7.04076E-02 
-7.15884E-02 
-7.27601E-02 
-7.39211E-02 
-7.50698E-02 
-7.62049E-02 
-7.73251E-02 
-7.84291E-02 
-7.95160E-02 
-8.05848E-02 
-8.16347E-02 
-8.26651E-02 
-8.36754E-02 
-6.29716E-02 
-6.41730E-02 
-6.53547E-02 
-6.65190E-02 
-6.76800E-02 
-6.88361E-02 
-6.99860E-02 
-7.08707E-02 
-7.11284E-02 
-7.23505E-02 
-7.35612E-02 
-7.47591E-02 
-7.59431E-02 
-7.71006E-02 
-7.82479E-02 
-7.93864E-02 
-8.05145E-02 
-8.16307E-02 
-8.27336E-02 
-8.38220E-02 
-8.48948E-02 
-8.59509E-02 
-8.69894E-02 
-8.80096E-02 
-8.90108E-02 
-8.99924E-02 
-6.97328E-02 
-7.08988E-02 
-7.20458E-02 
-7.31759E-02 
-7.43027E-02 
-7.54248E-02 
-7.65409E-02 
-7.73996E-02 
-7.76498E-02 
-7.88360E-02 
-8.00110E-02 
-8.11737E-02 
-8.23229E-02 
-8.34464E-02 
-8.45599E-02 
-8.56650E-02 
-8.67599E-02 
-8.78433E-02 
-8.89138E-02 
-8.99702E-02 
-9.10114E-02 
-9.20364E-02 
-9.30444E-02 
-9.40346E-02 
-9.50064E-02 
-9.59591E-02 
-7.61135E-02 
-7.72440E-02 
-7.83561E-02 
-7.94518E-02 
-8.05443E-02 
-8.16322E-02 
-8.27144E-02 
-8.35469E-02 
-8.37895E-02 
-8.49395E-02 
-8.60788E-02 
-8.72061E-02 
-8.83203E-02 
-8.94096E-02 
-9.04893E-02 
-9.15607E-02 
-9.26223E-02 
-9.36727E-02 
-9.47106E-02 
-9.57348E-02 
-9.67443E-02 
-9.77382E-02 
-9.87155E-02 
-9.96756E-02 
-1.00618E-01 
-1.01542E-01 
-8.21024E-02 
-8.31973E-02 
-8.42743E-02 
-8.53354E-02 
-8.63934E-02 
-8.74470E-02 
-8.84950E-02 
-8.93013E-02 
-8.95362E-02 
-9.06500E-02 
-9.17533E-02 
-9.28451E-02 
-9.39241E-02 
-9.49790E-02 
-9.60246E-02 
-9.70622E-02 
-9.80903E-02 
-9.91076E-02 
-1.00113E-01 
-1.01105E-01 
-1.02082E-01 
-1.03045E-01 
-1.03991E-01 
-1.04921E-01 
-1.05834E-01 
-1.06728E-01 
-8.76694E-02 
-8.87286E-02 
-8.97704E-02 
-9.07969E-02 
-9.18204E-02 
-9.28396E-02 
-9.38534E-02 
-9.46334E-02 
-9.48606E-02 
-9.59381E-02 
-9.70054E-02 
-9.80615E-02 
-9.91053E-02 
-1.00126E-01 
-1.01137E-01 
-1.02141E-01 
-1.03136E-01 
-1.04120E-01 
-1.05092E-01 
-1.06052E-01 
-1.06997E-01 
-1.07928E-01 
-1.08844E-01 
-1.09743E-01 
-1.10626E-01 
-1.11492E-01 
-9.27966E-02 
-9.38199E-02 
-9.48267E-02 
-9.58185E-02 
-9.68075E-02 
-9.77924E-02 
-9.87720E-02 
-9.95256E-02 
-9.97452E-02 
-1.00786E-01 
-1.01818E-01 
-1.02838E-01 
-1.03847E-01 
-1.04833E-01 
-1.05810E-01 
-1.06780E-01 
-1.07741E-01 
-1.08692E-01 
-1.09631E-01 
-1.10559E-01 
-1.11472E-01 
-1.12372E-01 
-1.13257E-01 
-1.14126E-01 
-1.14979E-01 
-1.15815E-01 
-9.74725E-02 
-9.84602E-02 
-9.94318E-02 
-1.00389E-01 
-1.01344E-01 
-1.02294E-01 
-1.03239E-01 
-1.03967E-01 
-1.04179E-01 
-1.05184E-01 
-1.06179E-01 
-1.07164E-01 
-1.08137E-01 
-1.09089E-01 
-1.10032E-01 
-1.10968E-01 
-1.11896E-01 
-1.12814E-01 
-1.13720E-01 
-1.14615E-01 
-1.15497E-01 
-1.16365E-01 
-1.17219E-01 
-1.18058E-01 
-1.18881E-01 
-1.19688E-01 
-1.01678E-01 
-1.02631E-01 
-1.03567E-01 
-1.04490E-01 
-1.05410E-01 
-1.06327E-01 
-1.07238E-01 
-1.07939E-01 
-1.08144E-01 
-1.09112E-01 
-1.10072E-01 
-1.11021E-01 
-1.11960E-01 
-1.12877E-01 
-1.13786E-01 
-1.14689E-01 
-1.15583E-01 
-1.16468E-01 
-1.17342E-01 
-1.18204E-01 
-1.19055E-01 
-1.19892E-01 
-1.20715E-01 
-1.21524E-01 
-1.22317E-01 
-1.23095E-01 
-1.05418E-01 
-1.06335E-01 
-1.07237E-01 
-1.08125E-01 
-1.09011E-01 
-1.09893E-01 
-1.10771E-01 
-1.11446E-01 
-1.11643E-01 
-1.12575E-01 
-1.13499E-01 
-1.14413E-01 
-1.15317E-01 
-1.16200E-01 
-1.17076E-01 
-1.17944E-01 
-1.18805E-01 
-1.19657E-01 
-1.20499E-01 
-1.21329E-01 
-1.22148E-01 
-1.22954E-01 
-1.23746E-01 
-1.24525E-01 
-1.25289E-01 
-1.26038E-01 
-1.08651E-01 
-1.09533E-01 
-1.10400E-01 
-1.11255E-01 
-1.12107E-01 
-1.12956E-01 
-1.13800E-01 
-1.14449E-01 
-1.14639E-01 
-1.15536E-01 
-1.16424E-01 
-1.17304E-01 
-1.18173E-01 
-1.19022E-01 
-1.19864E-01 
-1.20700E-01 
-1.21528E-01 
-1.22348E-01 
-1.23157E-01 
-1.23956E-01 
-1.24744E-01 
-1.25519E-01 
-1.26281E-01 
-1.27030E-01 
-1.27765E-01 
-1.28485E-01 
-1.11430E-01 
-1.12277E-01 
-1.13110E-01 
-1.13931E-01 
-1.14749E-01 
-1.15564E-01 
-1.16375E-01 
-1.16999E-01 
-1.17180E-01 
-1.18042E-01 
-1.18895E-01 
-1.19740E-01 
-1.20574E-01 
-1.21390E-01 
-1.22199E-01 
-1.23002E-01 
-1.23797E-01 
-1.24584E-01 
-1.25361E-01 
-1.26128E-01 
-1.26885E-01 
-1.27629E-01 
-1.28361E-01 
-1.29080E-01 
-1.29786E-01 
-1.30478E-01 
-1.13724E-01 
-1.14536E-01 
-1.15335E-01 
-1.16122E-01 
-1.16907E-01 
-1.17689E-01 
-1.18466E-01 
-1.19064E-01 
-1.19239E-01 
-1.20065E-01 
-1.20883E-01 
-1.21693E-01 
-1.22494E-01 
-1.23276E-01 
-1.24052E-01 
-1.24822E-01 
-1.25584E-01 
-1.26339E-01 
-1.27085E-01 
-1.27821E-01 
-1.28546E-01 
-1.29260E-01 
-1.29962E-01 
-1.30652E-01 
-1.31329E-01 
-1.31992E-01 
-1.15534E-01 
-1.16312E-01 
-1.17078E-01 
-1.17831E-01 
-1.18583E-01 
-1.19332E-01 
-1.20076E-01 
-1.20649E-01 
-1.20816E-01 
-1.21608E-01 
-1.22392E-01 
-1.23167E-01 
-1.23934E-01 
-1.24683E-01 
-1.25426E-01 
-1.26164E-01 
-1.26894E-01 
-1.27617E-01 
-1.28331E-01 
-1.29036E-01 
-1.29730E-01 
-1.30414E-01 
-1.31087E-01 
-1.31747E-01 
-1.32396E-01 
-1.33031E-01 
-1.16866E-01 
-1.17610E-01 
-1.18342E-01 
-1.19063E-01 
-1.19782E-01 
-1.20498E-01 
-1.21210E-01 
-1.21758E-01 
-1.21917E-01 
-1.22674E-01 
-1.23424E-01 
-1.24166E-01 
-1.24899E-01 
-1.25616E-01 
-1.26326E-01 
-1.27031E-01 
-1.27730E-01 
-1.28421E-01 
-1.29104E-01 
-1.29778E-01 
-1.30443E-01 
-1.31097E-01 
-1.31740E-01 
-1.32372E-01 
-1.32992E-01 
-1.33600E-01 
-1.17723E-01 
-1.18434E-01 
-1.19132E-01 
-1.19821E-01 
-1.20508E-01 
-1.21191E-01 
-1.21871E-01 
-1.22394E-01 
-1.22547E-01 
-1.23270E-01 
-1.23986E-01 
-1.24694E-01 
-1.25394E-01 
-1.26079E-01 
-1.26757E-01 
-1.27430E-01 
-1.28098E-01 
-1.28758E-01 
-1.29410E-01 
-1.30054E-01 
-1.30688E-01 
-1.31312E-01 
-1.31927E-01 
-1.32530E-01 
-1.33122E-01 
-1.33703E-01 
-1.18113E-01 
-1.18790E-01 
-1.19457E-01 
-1.20113E-01 
-1.20768E-01 
-1.21419E-01 
-1.22068E-01 
-1.22566E-01 
-1.22712E-01 
-1.23401E-01 
-1.24083E-01 
-1.24759E-01 
-1.25426E-01 
-1.26079E-01 
-1.26726E-01 
-1.27368E-01 
-1.28004E-01 
-1.28633E-01 
-1.29255E-01 
-1.29868E-01 
-1.30473E-01 
-1.31069E-01 
-1.31654E-01 
-1.32229E-01 
-1.32794E-01 
-1.33347E-01 
-1.18043E-01 
-1.18688E-01 
-1.19322E-01 
-1.19946E-01 
-1.20569E-01 
-1.21190E-01 
-1.21807E-01 
-1.22282E-01 
-1.22420E-01 
-1.23076E-01 
-1.23725E-01 
-1.24368E-01 
-1.25003E-01 
-1.25625E-01 
-1.26240E-01 
-1.26851E-01 
-1.27456E-01 
-1.28055E-01 
-1.28647E-01 
-1.29231E-01 
-1.29807E-01 
-1.30374E-01 
-1.30931E-01 
-1.31478E-01 
-1.32016E-01 
-1.32542E-01 
-1.17522E-01 
-1.18134E-01 
-1.18737E-01 
-1.19330E-01 
-1.19922E-01 
-1.20511E-01 
-1.21098E-01 
-1.21549E-01 
-1.21680E-01 
-1.22303E-01 
-1.22920E-01 
-1.23531E-01 
-1.24135E-01 
-1.24725E-01 
-1.25309E-01 
-1.25890E-01 
-1.26465E-01 
-1.27034E-01 
-1.27596E-01 
-1.28151E-01 
-1.28698E-01 
-1.29236E-01 
-1.29766E-01 
-1.30286E-01 
-1.30796E-01 
-1.31297E-01 
-1.16557E-01 
-1.17138E-01 
-1.17709E-01 
-1.18272E-01 
-1.18833E-01 
-1.19392E-01 
-1.19948E-01 
-1.20375E-01 
-1.20500E-01 
-1.21090E-01 
-1.21676E-01 
-1.22254E-01 
-1.22827E-01 
-1.23386E-01 
-1.23941E-01 
-1.24491E-01 
-1.25036E-01 
-1.25576E-01 
-1.26109E-01 
-1.26635E-01 
-1.27153E-01 
-1.27664E-01 
-1.28166E-01 
-1.28659E-01 
-1.29143E-01 
-1.29617E-01 
-1.15172E-01 
-1.15722E-01 
-1.16262E-01 
-1.16795E-01 
-1.17326E-01 
-1.17855E-01 
-1.18381E-01 
-1.18786E-01 
-1.18904E-01 
-1.19463E-01 
-1.20016E-01 
-1.20564E-01 
-1.21106E-01 
-1.21636E-01 
-1.22160E-01 
-1.22681E-01 
-1.23197E-01 
-1.23708E-01 
-1.24212E-01 
-1.24710E-01 
-1.25201E-01 
-1.25684E-01 
-1.26159E-01 
-1.26626E-01 
-1.27084E-01 
-1.27533E-01 
-1.13361E-01 
-1.13879E-01 
-1.14390E-01 
-1.14893E-01 
-1.15394E-01 
-1.15893E-01 
-1.16390E-01 
-1.16772E-01 
-1.16883E-01 
-1.17411E-01 
-1.17934E-01 
-1.18451E-01 
-1.18962E-01 
-1.19462E-01 
-1.19958E-01 
-1.20449E-01 
-1.20937E-01 
-1.21419E-01 
-1.21895E-01 
-1.22365E-01 
-1.22828E-01 
-1.23284E-01 
-1.23733E-01 
-1.24173E-01 
-1.24606E-01 
-1.25030E-01 
-1.11144E-01 
-1.11633E-01 
-1.12113E-01 
-1.12587E-01 
-1.13059E-01 
-1.13529E-01 
-1.13997E-01 
-1.14357E-01 
-1.14462E-01 
-1.14959E-01 
-1.15451E-01 
-1.15938E-01 
-1.16420E-01 
-1.16891E-01 
-1.17357E-01 
-1.17820E-01 
-1.18279E-01 
-1.18733E-01 
-1.19182E-01 
-1.19625E-01 
-1.20061E-01 
-1.20490E-01 
-1.20913E-01 
-1.21328E-01 
-1.21735E-01 
-1.22134E-01 
-1.08536E-01 
-1.08995E-01 
-1.09447E-01 
-1.09892E-01 
-1.10335E-01 
-1.10777E-01 
-1.11216E-01 
-1.11554E-01 
-1.11653E-01 
-1.12120E-01 
-1.12582E-01 
-1.13040E-01 
-1.13492E-01 
-1.13934E-01 
-1.14373E-01 
-1.14808E-01 
-1.15239E-01 
-1.15665E-01 
-1.16087E-01 
-1.16502E-01 
-1.16912E-01 
-1.17316E-01 
-1.17713E-01 
-1.18102E-01 
-1.18485E-01 
-1.18860E-01 
-1.05552E-01 
-1.05982E-01 
-1.06405E-01 
-1.06821E-01 
-1.07237E-01 
-1.07651E-01 
-1.08062E-01 
-1.08379E-01 
-1.08471E-01 
-1.08908E-01 
-1.09342E-01 
-1.09770E-01 
-1.10194E-01 
-1.10608E-01 
-1.11019E-01 
-1.11426E-01 
-1.11830E-01 
-1.12230E-01 
-1.12624E-01 
-1.13014E-01 
-1.13398E-01 
-1.13776E-01 
-1.14147E-01 
-1.14513E-01 
-1.14871E-01 
-1.15222E-01 
-1.02205E-01 
-1.02607E-01 
-1.03002E-01 
-1.03391E-01 
-1.03779E-01 
-1.04165E-01 
-1.04549E-01 
-1.04845E-01 
-1.04931E-01 
-1.05340E-01 
-1.05744E-01 
-1.06145E-01 
-1.06540E-01 
-1.06927E-01 
-1.07310E-01 
-1.07691E-01 
-1.08068E-01 
-1.08441E-01 
-1.08810E-01 
-1.09173E-01 
-1.09532E-01 
-1.09885E-01 
-1.10232E-01 
-1.10573E-01 
-1.10907E-01 
-1.11235E-01 
-9.85140E-02 
-9.88876E-02 
-9.92551E-02 
-9.96172E-02 
-9.99783E-02 
-1.00338E-01 
-1.00695E-01 
-1.00971E-01 
-1.01051E-01 
-1.01431E-01 
-1.01807E-01 
-1.02180E-01 
-1.02548E-01 
-1.02908E-01 
-1.03265E-01 
-1.03619E-01 
-1.03970E-01 
-1.04317E-01 
-1.04660E-01 
-1.04999E-01 
-1.05332E-01 
-1.05661E-01 
-1.05984E-01 
-1.06301E-01 
-1.06612E-01 
-1.06918E-01 
-9.44816E-02 
-9.48279E-02 
-9.51686E-02 
-9.55042E-02 
-9.58388E-02 
-9.61721E-02 
-9.65036E-02 
-9.67586E-02 
-9.68329E-02 
-9.71852E-02 
-9.75342E-02 
-9.78796E-02 
-9.82209E-02 
-9.85545E-02 
-9.88853E-02 
-9.92135E-02 
-9.95387E-02 
-9.98604E-02 
-1.00178E-01 
-1.00492E-01 
-1.00801E-01 
-1.01106E-01 
-1.01405E-01 
-1.01699E-01 
-1.01988E-01 
-1.02271E-01 
-9.01505E-02 
-9.04702E-02 
-9.07847E-02 
-9.10946E-02 
-9.14035E-02 
-9.17112E-02 
-9.20172E-02 
-9.22527E-02 
-9.23213E-02 
-9.26465E-02 
-9.29687E-02 
-9.32875E-02 
-9.36026E-02 
-9.39106E-02 
-9.42160E-02 
-9.45190E-02 
-9.48192E-02 
-9.51162E-02 
-9.54098E-02 
-9.56994E-02 
-9.59849E-02 
-9.62660E-02 
-9.65424E-02 
-9.68139E-02 
-9.70803E-02 
-9.73415E-02 
-8.55216E-02 
-8.58153E-02 
-8.61043E-02 
-8.63889E-02 
-8.66728E-02 
-8.69554E-02 
-8.72366E-02 
-8.74529E-02 
-8.75159E-02 
-8.78147E-02 
-8.81107E-02 
-8.84036E-02 
-8.86931E-02 
-8.89761E-02 
-8.92566E-02 
-8.95350E-02 
-8.98108E-02 
-9.00837E-02 
-9.03534E-02 
-9.06195E-02 
-9.08818E-02 
-9.11400E-02 
-9.13940E-02 
-9.16434E-02 
-9.18882E-02 
-9.21282E-02 
-8.06139E-02 
-8.08823E-02 
-8.11463E-02 
-8.14064E-02 
-8.16657E-02 
-8.19240E-02 
-8.21809E-02 
-8.23785E-02 
-8.24361E-02 
-8.27091E-02 
-8.29796E-02 
-8.32472E-02 
-8.35117E-02 
-8.37703E-02 
-8.40266E-02 
-8.42809E-02 
-8.45330E-02 
-8.47823E-02 
-8.50287E-02 
-8.52719E-02 
-8.55115E-02 
-8.57474E-02 
-8.59795E-02 
-8.62074E-02 
-8.64310E-02 
-8.66503E-02 
-7.54457E-02 
-7.56894E-02 
-7.59291E-02 
-7.61653E-02 
-7.64008E-02 
-7.66353E-02 
-7.68685E-02 
-7.70480E-02 
-7.71002E-02 
-7.73481E-02 
-7.75937E-02 
-7.78367E-02 
-7.80768E-02 
-7.83116E-02 
-7.85443E-02 
-7.87753E-02 
-7.90041E-02 
-7.92305E-02 
-7.94542E-02 
-7.96750E-02 
-7.98926E-02 
-8.01068E-02 
-8.03174E-02 
-8.05244E-02 
-8.07274E-02 
-8.09265E-02 
-7.00367E-02 
-7.02564E-02 
-7.04724E-02 
-7.06853E-02 
-7.08975E-02 
-7.11089E-02 
-7.13191E-02 
-7.14808E-02 
-7.15280E-02 
-7.17514E-02 
-7.19727E-02 
-7.21917E-02 
-7.24082E-02 
-7.26198E-02 
-7.28296E-02 
-7.30377E-02 
-7.32439E-02 
-7.34480E-02 
-7.36496E-02 
-7.38486E-02 
-7.40448E-02 
-7.42378E-02 
-7.44277E-02 
-7.46142E-02 
-7.47973E-02 
-7.49767E-02 
-6.44060E-02 
-6.46023E-02 
-6.47953E-02 
-6.49855E-02 
-6.51752E-02 
-6.53641E-02 
-6.55519E-02 
-6.56965E-02 
-6.57386E-02 
-6.59382E-02 
-6.61360E-02 
-6.63317E-02 
-6.65251E-02 
-6.67142E-02 
-6.69016E-02 
-6.70876E-02 
-6.72719E-02 
-6.74542E-02 
-6.76344E-02 
-6.78122E-02 
-6.79875E-02 
-6.81600E-02 
-6.83297E-02 
-6.84963E-02 
-6.86599E-02 
-6.88202E-02 
-5.85718E-02 
-5.87453E-02 
-5.89160E-02 
-5.90842E-02 
-5.92519E-02 
-5.94190E-02 
-5.95851E-02 
-5.97129E-02 
-5.97501E-02 
-5.99267E-02 
-6.01016E-02 
-6.02746E-02 
-6.04457E-02 
-6.06129E-02 
-6.07786E-02 
-6.09431E-02 
-6.11061E-02 
-6.12673E-02 
-6.14266E-02 
-6.15839E-02 
-6.17389E-02 
-6.18914E-02 
-6.20415E-02 
-6.21888E-02 
-6.23335E-02 
-6.24753E-02 
-5.25585E-02 
-5.27100E-02 
-5.28591E-02 
-5.30059E-02 
-5.31524E-02 
-5.32982E-02 
-5.34433E-02 
-5.35549E-02 
-5.35874E-02 
-5.37415E-02 
-5.38943E-02 
-5.40454E-02 
-5.41947E-02 
-5.43407E-02 
-5.44855E-02 
-5.46291E-02 
-5.47714E-02 
-5.49122E-02 
-5.50513E-02 
-5.51886E-02 
-5.53239E-02 
-5.54571E-02 
-5.55881E-02 
-5.57168E-02 
-5.58431E-02 
-5.59669E-02 
---
