PdfType: replica
Format: lhagrid1
---
1.00000E-06 1.28121E-06 1.64152E-06 2.10317E-06 2.69463E-06 3.45242E-06 4.42329E-06 5.66715E-06 7.26076E-06 9.30241E-06 1.19180E-05 1.52689E-05 1.95617E-05 2.50609E-05 3.21053E-05 4.11287E-05 5.26863E-05 6.74889E-05 8.64459E-05 1.10720E-04 1.41800E-04 1.81585E-04 2.32503E-04 2.97652E-04 3.80981E-04 4.87518E-04 6.26039E-04 8.00452E-04 1.02297E-03 1.30657E-03 1.66759E-03 2.12729E-03 2.71054E-03 3.44865E-03 4.37927E-03 5.54908E-03 7.01192E-03 8.83064E-03 1.10763E-02 1.38266E-02 1.71641E-02 2.11717E-02 2.59364E-02 3.15062E-02 3.79623E-02 4.53425E-02 5.36750E-02 6.29705E-02 7.32221E-02 8.44039E-02 9.64793E-02 1.09332E-01 1.23067E-01 1.37507E-01 1.52639E-01 1.68416E-01 1.84794E-01 2.01731E-01 2.19016E-01 2.36948E-01 2.55242E-01 2.73927E-01 2.92954E-01 3.12340E-01 3.32036E-01 3.52019E-01 3.72282E-01 3.92772E-01 4.13533E-01 4.34326E-01 4.55495E-01 4.76836E-01 4.98342E-01 5.20006E-01 5.41818E-01 5.63773E-01 5.85861E-01 6.08077E-01 6.30459E-01 6.52800E-01 6.75387E-01 6.98063E-01 7.20830E-01 7.43683E-01 7.66623E-01 7.89636E-01 8.12791E-01 8.35940E-01 8.59175E-01 8.82485E-01 9.05866E-01 9.29311E-01 9.52817E-01 9.76387E-01 1.00000E+00 
1.14018E+00 1.22539E+00 1.32482E+00 1.44156E+00 1.57954E+00 1.74381E+00 1.94091E+00 2.12132E+00 2.17945E+00 2.49622E+00 2.89383E+00 3.39925E+00 4.05063E+00 4.90286E+00 6.03623E+00 7.57063E+00 9.68869E+00 1.26749E+01 1.69835E+01 2.33578E+01 3.30501E+01 4.82334E+01 7.28041E+01 1.13998E+02 1.85779E+02 3.16228E+02 
908
2.68421E-01 
2.63067E-01 
2.57796E-01 
2.52599E-01 
2.47414E-01 
2.42247E-01 
2.37103E-01 
2.33144E-01 
2.31990E-01 
2.26515E-01 
2.21086E-01 
2.15709E-01 
2.10390E-01 
2.05183E-01 
2.00017E-01 
1.94885E-01 
1.89793E-01 
1.84750E-01 
1.79761E-01 
1.74831E-01 
1.69967E-01 
1.65171E-01 
1.60450E-01 
1.55806E-01 
1.51242E-01 
1.46762E-01 
2.68420E-01 
2.63066E-01 
2.57795E-01 
2.52598E-01 
2.47413E-01 
2.42246E-01 
2.37103E-01 
2.33143E-01 
2.31989E-01 
2.26514E-01 
2.21085E-01 
2.15709E-01 
2.10389E-01 
2.05182E-01 
2.00016E-01 
1.94884E-01 
1.89793E-01 
1.84749E-01 
1.79760E-01 
1.74831E-01 
1.69966E-01 
1.65171E-01 
1.60449E-01 
1.55805E-01 
1.51241E-01 
1.46761E-01 
2.68419E-01 
2.63065E-01 
2.57794E-01 
2.52597E-01 
2.47412E-01 
2.42245E-01 
2.37102E-01 
2.33142E-01 
2.31988E-01 
2.26513E-01 
2.21084E-01 
2.15708E-01 
2.10388E-01 
2.05181E-01 
2.00015E-01 
1.94883E-01 
1.89792E-01 
1.84748E-01 
1.79759E-01 
1.74830E-01 
1.69965E-01 
1.65170E-01 
1.60448E-01 
1.55804E-01 
1.51241E-01 
1.46760E-01 
2.68418E-01 
2.63064E-01 
2.57793E-01 
2.52596E-01 
2.47411E-01 
2.42244E-01 
2.37100E-01 
2.33141E-01 
2.31987E-01 
2.26512E-01 
2.21083E-01 
2.15706E-01 
2.10387E-01 
2.05180E-01 
2.00014E-01 
1.94882E-01 
1.89791E-01 
1.84747E-01 
1.79758E-01 
1.74828E-01 
1.69964E-01 
1.65168E-01 
1.60447E-01 
1.55803E-01 
1.51239E-01 
1.46759E-01 
2.68416E-01 
2.63062E-01 
2.57791E-01 
2.52594E-01 
2.47409E-01 
2.42242E-01 
2.37099E-01 
2.33139E-01 
2.31985E-01 
2.26510E-01 
2.21081E-01 
2.15705E-01 
2.10385E-01 
2.05178E-01 
2.00012E-01 
1.94880E-01 
1.89789E-01 
1.84746E-01 
1.79756E-01 
1.74827E-01 
1.69962E-01 
1.65167E-01 
1.60445E-01 
1.55801E-01 
1.51238E-01 
1.46758E-01 
2.68414E-01 
2.63060E-01 
2.57789E-01 
2.52592E-01 
2.47407E-01 
2.42240E-01 
2.37097E-01 
2.33137E-01 
2.31983E-01 
2.26508E-01 
2.21079E-01 
2.15703E-01 
2.10383E-01 
2.05176E-01 
2.00010E-01 
1.94878E-01 
1.89787E-01 
1.84744E-01 
1.79754E-01 
1.74825E-01 
1.69960E-01 
1.65165E-01 
1.60443E-01 
1.55799E-01 
1.51236E-01 
1.46756E-01 
2.68412E-01 
2.63057E-01 
2.57786E-01 
2.52590E-01 
2.47404E-01 
2.42237E-01 
2.37094E-01 
2.33134E-01 
2.31980E-01 
2.26505E-01 
2.21077E-01 
2.15700E-01 
2.10380E-01 
2.05174E-01 
2.00008E-01 
1.94875E-01 
1.89784E-01 
1.84741E-01 
1.79752E-01 
1.74822E-01 
1.69958E-01 
1.65162E-01 
1.60441E-01 
1.55797E-01 
1.51233E-01 
1.46753E-01 
2.68408E-01 
2.63054E-01 
2.57783E-01 
2.52586E-01 
2.47401E-01 
2.42234E-01 
2.37091E-01 
2.33131E-01 
2.31977E-01 
2.26502E-01 
2.21073E-01 
2.15697E-01 
2.10377E-01 
2.05170E-01 
2.00004E-01 
1.94872E-01 
1.89781E-01 
1.84738E-01 
1.79748E-01 
1.74819E-01 
1.69954E-01 
1.65159E-01 
1.60438E-01 
1.55794E-01 
1.51230E-01 
1.46750E-01 
2.68404E-01 
2.63049E-01 
2.57778E-01 
2.52582E-01 
2.47397E-01 
2.42230E-01 
2.37086E-01 
2.33127E-01 
2.31973E-01 
2.26498E-01 
2.21069E-01 
2.15692E-01 
2.10373E-01 
2.05166E-01 
2.00000E-01 
1.94868E-01 
1.89777E-01 
1.84734E-01 
1.79744E-01 
1.74815E-01 
1.69950E-01 
1.65155E-01 
1.60433E-01 
1.55789E-01 
1.51226E-01 
1.46746E-01 
2.68398E-01 
2.63044E-01 
2.57773E-01 
2.52576E-01 
2.47391E-01 
2.42224E-01 
2.37081E-01 
2.33121E-01 
2.31967E-01 
2.26492E-01 
2.21063E-01 
2.15687E-01 
2.10367E-01 
2.05161E-01 
1.99995E-01 
1.94862E-01 
1.89771E-01 
1.84728E-01 
1.79739E-01 
1.74809E-01 
1.69945E-01 
1.65150E-01 
1.60428E-01 
1.55784E-01 
1.51221E-01 
1.46741E-01 
2.68391E-01 
2.63036E-01 
2.57765E-01 
2.52569E-01 
2.47384E-01 
2.42217E-01 
2.37074E-01 
2.33114E-01 
2.31960E-01 
2.26485E-01 
2.21056E-01 
2.15680E-01 
2.10360E-01 
2.05154E-01 
1.99988E-01 
1.94855E-01 
1.89764E-01 
1.84721E-01 
1.79732E-01 
1.74802E-01 
1.69938E-01 
1.65143E-01 
1.60421E-01 
1.55777E-01 
1.51214E-01 
1.46734E-01 
2.68381E-01 
2.63027E-01 
2.57756E-01 
2.52560E-01 
2.47374E-01 
2.42207E-01 
2.37064E-01 
2.33105E-01 
2.31951E-01 
2.26476E-01 
2.21047E-01 
2.15671E-01 
2.10351E-01 
2.05145E-01 
1.99979E-01 
1.94846E-01 
1.89755E-01 
1.84712E-01 
1.79723E-01 
1.74794E-01 
1.69929E-01 
1.65134E-01 
1.60412E-01 
1.55768E-01 
1.51205E-01 
1.46725E-01 
2.68369E-01 
2.63015E-01 
2.57744E-01 
2.52548E-01 
2.47363E-01 
2.42196E-01 
2.37053E-01 
2.33093E-01 
2.31939E-01 
2.26464E-01 
2.21036E-01 
2.15659E-01 
2.10339E-01 
2.05133E-01 
1.99967E-01 
1.94835E-01 
1.89744E-01 
1.84701E-01 
1.79712E-01 
1.74782E-01 
1.69918E-01 
1.65123E-01 
1.60401E-01 
1.55757E-01 
1.51194E-01 
1.46714E-01 
2.68354E-01 
2.63000E-01 
2.57729E-01 
2.52532E-01 
2.47347E-01 
2.42181E-01 
2.37037E-01 
2.33078E-01 
2.31924E-01 
2.26449E-01 
2.21021E-01 
2.15644E-01 
2.10325E-01 
2.05118E-01 
1.99952E-01 
1.94820E-01 
1.89729E-01 
1.84686E-01 
1.79697E-01 
1.74768E-01 
1.69903E-01 
1.65108E-01 
1.60387E-01 
1.55743E-01 
1.51180E-01 
1.46700E-01 
2.68334E-01 
2.62980E-01 
2.57709E-01 
2.52513E-01 
2.47328E-01 
2.42161E-01 
2.37018E-01 
2.33059E-01 
2.31905E-01 
2.26430E-01 
2.21002E-01 
2.15625E-01 
2.10306E-01 
2.05099E-01 
1.99933E-01 
1.94801E-01 
1.89710E-01 
1.84667E-01 
1.79678E-01 
1.74749E-01 
1.69885E-01 
1.65090E-01 
1.60368E-01 
1.55724E-01 
1.51161E-01 
1.46681E-01 
2.68309E-01 
2.62955E-01 
2.57684E-01 
2.52488E-01 
2.47303E-01 
2.42136E-01 
2.36993E-01 
2.33034E-01 
2.31880E-01 
2.26405E-01 
2.20977E-01 
2.15601E-01 
2.10281E-01 
2.05075E-01 
1.99909E-01 
1.94777E-01 
1.89686E-01 
1.84643E-01 
1.79654E-01 
1.74725E-01 
1.69861E-01 
1.65066E-01 
1.60345E-01 
1.55701E-01 
1.51138E-01 
1.46658E-01 
2.68277E-01 
2.62923E-01 
2.57652E-01 
2.52456E-01 
2.47271E-01 
2.42105E-01 
2.36962E-01 
2.33002E-01 
2.31848E-01 
2.26374E-01 
2.20946E-01 
2.15569E-01 
2.10250E-01 
2.05044E-01 
1.99878E-01 
1.94746E-01 
1.89656E-01 
1.84613E-01 
1.79624E-01 
1.74695E-01 
1.69830E-01 
1.65036E-01 
1.60314E-01 
1.55671E-01 
1.51108E-01 
1.46628E-01 
2.68235E-01 
2.62881E-01 
2.57611E-01 
2.52415E-01 
2.47230E-01 
2.42064E-01 
2.36921E-01 
2.32962E-01 
2.31808E-01 
2.26333E-01 
2.20905E-01 
2.15529E-01 
2.10210E-01 
2.05004E-01 
1.99838E-01 
1.94707E-01 
1.89616E-01 
1.84573E-01 
1.79585E-01 
1.74656E-01 
1.69791E-01 
1.64997E-01 
1.60276E-01 
1.55632E-01 
1.51069E-01 
1.46589E-01 
2.68183E-01 
2.62829E-01 
2.57559E-01 
2.52363E-01 
2.47178E-01 
2.42012E-01 
2.36869E-01 
2.32910E-01 
2.31756E-01 
2.26282E-01 
2.20854E-01 
2.15478E-01 
2.10159E-01 
2.04953E-01 
1.99788E-01 
1.94656E-01 
1.89566E-01 
1.84523E-01 
1.79534E-01 
1.74605E-01 
1.69741E-01 
1.64947E-01 
1.60226E-01 
1.55583E-01 
1.51020E-01 
1.46540E-01 
2.68115E-01 
2.62761E-01 
2.57491E-01 
2.52295E-01 
2.47111E-01 
2.41945E-01 
2.36802E-01 
2.32843E-01 
2.31690E-01 
2.26216E-01 
2.20788E-01 
2.15412E-01 
2.10093E-01 
2.04888E-01 
1.99722E-01 
1.94591E-01 
1.89501E-01 
1.84458E-01 
1.79470E-01 
1.74541E-01 
1.69677E-01 
1.64883E-01 
1.60162E-01 
1.55519E-01 
1.50956E-01 
1.46477E-01 
2.68028E-01 
2.62675E-01 
2.57405E-01 
2.52209E-01 
2.47025E-01 
2.41859E-01 
2.36717E-01 
2.32758E-01 
2.31605E-01 
2.26131E-01 
2.20703E-01 
2.15328E-01 
2.10009E-01 
2.04804E-01 
1.99639E-01 
1.94508E-01 
1.89418E-01 
1.84376E-01 
1.79388E-01 
1.74459E-01 
1.69596E-01 
1.64801E-01 
1.60081E-01 
1.55438E-01 
1.50875E-01 
1.46396E-01 
2.67917E-01 
2.62564E-01 
2.57294E-01 
2.52099E-01 
2.46916E-01 
2.41750E-01 
2.36608E-01 
2.32650E-01 
2.31496E-01 
2.26022E-01 
2.20595E-01 
2.15220E-01 
2.09902E-01 
2.04697E-01 
1.99532E-01 
1.94402E-01 
1.89312E-01 
1.84270E-01 
1.79282E-01 
1.74354E-01 
1.69491E-01 
1.64697E-01 
1.59977E-01 
1.55334E-01 
1.50772E-01 
1.46293E-01 
2.67775E-01 
2.62422E-01 
2.57153E-01 
2.51958E-01 
2.46775E-01 
2.41610E-01 
2.36469E-01 
2.32510E-01 
2.31357E-01 
2.25884E-01 
2.20457E-01 
2.15082E-01 
2.09765E-01 
2.04560E-01 
1.99396E-01 
1.94265E-01 
1.89176E-01 
1.84135E-01 
1.79147E-01 
1.74220E-01 
1.69357E-01 
1.64563E-01 
1.59844E-01 
1.55201E-01 
1.50639E-01 
1.46161E-01 
2.67593E-01 
2.62241E-01 
2.56972E-01 
2.51778E-01 
2.46595E-01 
2.41431E-01 
2.36290E-01 
2.32332E-01 
2.31179E-01 
2.25706E-01 
2.20280E-01 
2.14906E-01 
2.09589E-01 
2.04385E-01 
1.99221E-01 
1.94091E-01 
1.89003E-01 
1.83962E-01 
1.78975E-01 
1.74048E-01 
1.69185E-01 
1.64392E-01 
1.59673E-01 
1.55031E-01 
1.50470E-01 
1.45992E-01 
2.67360E-01 
2.62009E-01 
2.56741E-01 
2.51548E-01 
2.46366E-01 
2.41202E-01 
2.36061E-01 
2.32104E-01 
2.30951E-01 
2.25479E-01 
2.20054E-01 
2.14680E-01 
2.09364E-01 
2.04161E-01 
1.98998E-01 
1.93868E-01 
1.88780E-01 
1.83740E-01 
1.78754E-01 
1.73827E-01 
1.68966E-01 
1.64173E-01 
1.59455E-01 
1.54814E-01 
1.50253E-01 
1.45776E-01 
2.67063E-01 
2.61712E-01 
2.56446E-01 
2.51253E-01 
2.46072E-01 
2.40909E-01 
2.35770E-01 
2.31813E-01 
2.30660E-01 
2.25189E-01 
2.19765E-01 
2.14392E-01 
2.09077E-01 
2.03874E-01 
1.98712E-01 
1.93584E-01 
1.88497E-01 
1.83457E-01 
1.78472E-01 
1.73546E-01 
1.68685E-01 
1.63894E-01 
1.59176E-01 
1.54536E-01 
1.49976E-01 
1.45499E-01 
2.66676E-01 
2.61327E-01 
2.56062E-01 
2.50870E-01 
2.45690E-01 
2.40528E-01 
2.35390E-01 
2.31434E-01 
2.30281E-01 
2.24812E-01 
2.19389E-01 
2.14017E-01 
2.08703E-01 
2.03502E-01 
1.98341E-01 
1.93214E-01 
1.88128E-01 
1.83090E-01 
1.78105E-01 
1.73181E-01 
1.68321E-01 
1.63531E-01 
1.58814E-01 
1.54174E-01 
1.49615E-01 
1.45140E-01 
2.66190E-01 
2.60842E-01 
2.55578E-01 
2.50388E-01 
2.45210E-01 
2.40049E-01 
2.34913E-01 
2.30958E-01 
2.29805E-01 
2.24337E-01 
2.18916E-01 
2.13546E-01 
2.08233E-01 
2.03033E-01 
1.97874E-01 
1.92748E-01 
1.87664E-01 
1.82627E-01 
1.77644E-01 
1.72721E-01 
1.67862E-01 
1.63073E-01 
1.58358E-01 
1.53720E-01 
1.49162E-01 
1.44688E-01 
2.65570E-01 
2.60224E-01 
2.54962E-01 
2.49774E-01 
2.44597E-01 
2.39438E-01 
2.34304E-01 
2.30350E-01 
2.29198E-01 
2.23732E-01 
2.18313E-01 
2.12945E-01 
2.07634E-01 
2.02436E-01 
1.97278E-01 
1.92154E-01 
1.87072E-01 
1.82037E-01 
1.77055E-01 
1.72134E-01 
1.67277E-01 
1.62490E-01 
1.57776E-01 
1.53140E-01 
1.48584E-01 
1.44111E-01 
2.64780E-01 
2.59437E-01 
2.54177E-01 
2.48991E-01 
2.43817E-01 
2.38661E-01 
2.33528E-01 
2.29577E-01 
2.28425E-01 
2.22962E-01 
2.17544E-01 
2.12179E-01 
2.06870E-01 
2.01675E-01 
1.96520E-01 
1.91398E-01 
1.86318E-01 
1.81285E-01 
1.76306E-01 
1.71387E-01 
1.66533E-01 
1.61747E-01 
1.57036E-01 
1.52401E-01 
1.47848E-01 
1.43377E-01 
2.63775E-01 
2.58435E-01 
2.53179E-01 
2.47996E-01 
2.42825E-01 
2.37671E-01 
2.32542E-01 
2.28593E-01 
2.27442E-01 
2.21981E-01 
2.16567E-01 
2.11205E-01 
2.05900E-01 
2.00707E-01 
1.95555E-01 
1.90436E-01 
1.85359E-01 
1.80329E-01 
1.75353E-01 
1.70437E-01 
1.65585E-01 
1.60803E-01 
1.56094E-01 
1.51462E-01 
1.46911E-01 
1.42443E-01 
2.62498E-01 
2.57162E-01 
2.51909E-01 
2.46730E-01 
2.41562E-01 
2.36413E-01 
2.31287E-01 
2.27341E-01 
2.26191E-01 
2.20735E-01 
2.15325E-01 
2.09966E-01 
2.04665E-01 
1.99476E-01 
1.94328E-01 
1.89213E-01 
1.84139E-01 
1.79113E-01 
1.74141E-01 
1.69229E-01 
1.64381E-01 
1.59602E-01 
1.54896E-01 
1.50268E-01 
1.45720E-01 
1.41256E-01 
2.60879E-01 
2.55548E-01 
2.50300E-01 
2.45126E-01 
2.39964E-01 
2.34819E-01 
2.29698E-01 
2.25756E-01 
2.24607E-01 
2.19156E-01 
2.13751E-01 
2.08397E-01 
2.03101E-01 
1.97917E-01 
1.92774E-01 
1.87664E-01 
1.82595E-01 
1.77573E-01 
1.72606E-01 
1.67698E-01 
1.62854E-01 
1.58080E-01 
1.53379E-01 
1.48755E-01 
1.44212E-01 
1.39751E-01 
2.58835E-01 
2.53510E-01 
2.48268E-01 
2.43101E-01 
2.37944E-01 
2.32806E-01 
2.27691E-01 
2.23753E-01 
2.22606E-01 
2.17161E-01 
2.11763E-01 
2.06416E-01 
2.01125E-01 
1.95948E-01 
1.90810E-01 
1.85707E-01 
1.80644E-01 
1.75628E-01 
1.70667E-01 
1.65765E-01 
1.60927E-01 
1.56158E-01 
1.51463E-01 
1.46845E-01 
1.42307E-01 
1.37851E-01 
2.56263E-01 
2.50946E-01 
2.45713E-01 
2.40553E-01 
2.35404E-01 
2.30273E-01 
2.25166E-01 
2.21234E-01 
2.20089E-01 
2.14652E-01 
2.09262E-01 
2.03923E-01 
1.98641E-01 
1.93471E-01 
1.88341E-01 
1.83245E-01 
1.78190E-01 
1.73182E-01 
1.68228E-01 
1.63333E-01 
1.58503E-01 
1.53741E-01 
1.49053E-01 
1.44442E-01 
1.39910E-01 
1.35462E-01 
2.53040E-01 
2.47734E-01 
2.42510E-01 
2.37360E-01 
2.32221E-01 
2.27100E-01 
2.22002E-01 
2.18078E-01 
2.16934E-01 
2.11508E-01 
2.06128E-01 
2.00799E-01 
1.95527E-01 
1.90367E-01 
1.85247E-01 
1.80161E-01 
1.75115E-01 
1.70117E-01 
1.65172E-01 
1.60286E-01 
1.55465E-01 
1.50713E-01 
1.46033E-01 
1.41431E-01 
1.36908E-01 
1.32468E-01 
2.49025E-01 
2.43731E-01 
2.38520E-01 
2.33382E-01 
2.28255E-01 
2.23146E-01 
2.18061E-01 
2.14146E-01 
2.13005E-01 
2.07592E-01 
2.02224E-01 
1.96908E-01 
1.91648E-01 
1.86501E-01 
1.81393E-01 
1.76318E-01 
1.71285E-01 
1.66298E-01 
1.61365E-01 
1.56491E-01 
1.51681E-01 
1.46940E-01 
1.42272E-01 
1.37680E-01 
1.33168E-01 
1.28739E-01 
2.44057E-01 
2.38779E-01 
2.33583E-01 
2.28460E-01 
2.23348E-01 
2.18254E-01 
2.13184E-01 
2.09281E-01 
2.08143E-01 
2.02746E-01 
1.97394E-01 
1.92094E-01 
1.86849E-01 
1.81717E-01 
1.76624E-01 
1.71565E-01 
1.66546E-01 
1.61574E-01 
1.56656E-01 
1.51796E-01 
1.47000E-01 
1.42273E-01 
1.37619E-01 
1.33040E-01 
1.28542E-01 
1.24125E-01 
2.37959E-01 
2.32699E-01 
2.27522E-01 
2.22418E-01 
2.17325E-01 
2.12250E-01 
2.07198E-01 
2.03309E-01 
2.02175E-01 
1.96798E-01 
1.91466E-01 
1.86184E-01 
1.80959E-01 
1.75846E-01 
1.70771E-01 
1.65730E-01 
1.60730E-01 
1.55776E-01 
1.50876E-01 
1.46034E-01 
1.41256E-01 
1.36546E-01 
1.31908E-01 
1.27347E-01 
1.22864E-01 
1.18464E-01 
2.30543E-01 
2.25307E-01 
2.20154E-01 
2.15072E-01 
2.10002E-01 
2.04950E-01 
1.99920E-01 
1.96049E-01 
1.94920E-01 
1.89567E-01 
1.84258E-01 
1.79001E-01 
1.73799E-01 
1.68708E-01 
1.63657E-01 
1.58638E-01 
1.53660E-01 
1.48729E-01 
1.43850E-01 
1.39030E-01 
1.34273E-01 
1.29584E-01 
1.24968E-01 
1.20427E-01 
1.15964E-01 
1.11584E-01 
2.21624E-01 
2.16417E-01 
2.11291E-01 
2.06237E-01 
2.01195E-01 
1.96170E-01 
1.91168E-01 
1.87317E-01 
1.86195E-01 
1.80870E-01 
1.75591E-01 
1.70362E-01 
1.65189E-01 
1.60126E-01 
1.55102E-01 
1.50111E-01 
1.45159E-01 
1.40255E-01 
1.35403E-01 
1.30609E-01 
1.25878E-01 
1.21215E-01 
1.16623E-01 
1.12107E-01 
1.07669E-01 
1.03312E-01 
2.11028E-01 
2.05855E-01 
2.00763E-01 
1.95743E-01 
1.90733E-01 
1.85741E-01 
1.80772E-01 
1.76947E-01 
1.75832E-01 
1.70542E-01 
1.65297E-01 
1.60103E-01 
1.54963E-01 
1.49933E-01 
1.44942E-01 
1.39984E-01 
1.35065E-01 
1.30193E-01 
1.25373E-01 
1.20610E-01 
1.15910E-01 
1.11278E-01 
1.06716E-01 
1.02229E-01 
9.78205E-02 
9.34923E-02 
1.98593E-01 
1.93461E-01 
1.88408E-01 
1.83427E-01 
1.78457E-01 
1.73504E-01 
1.68573E-01 
1.64778E-01 
1.63672E-01 
1.58424E-01 
1.53220E-01 
1.48066E-01 
1.42967E-01 
1.37976E-01 
1.33024E-01 
1.28104E-01 
1.23224E-01 
1.18390E-01 
1.13607E-01 
1.08882E-01 
1.04219E-01 
9.96227E-02 
9.50968E-02 
9.06452E-02 
8.62708E-02 
8.19764E-02 
1.84279E-01 
1.79193E-01 
1.74187E-01 
1.69252E-01 
1.64327E-01 
1.59419E-01 
1.54535E-01 
1.50774E-01 
1.49678E-01 
1.44478E-01 
1.39322E-01 
1.34215E-01 
1.29163E-01 
1.24218E-01 
1.19311E-01 
1.14437E-01 
1.09602E-01 
1.04812E-01 
1.00073E-01 
9.53914E-02 
9.07711E-02 
8.62169E-02 
8.17326E-02 
7.73218E-02 
7.29876E-02 
6.87326E-02 
1.67984E-01 
1.62953E-01 
1.58000E-01 
1.53118E-01 
1.48246E-01 
1.43391E-01 
1.38558E-01 
1.34837E-01 
1.33753E-01 
1.28609E-01 
1.23508E-01 
1.18456E-01 
1.13458E-01 
1.08566E-01 
1.03712E-01 
9.88893E-02 
9.41057E-02 
8.93670E-02 
8.46791E-02 
8.00473E-02 
7.54764E-02 
7.09709E-02 
6.65345E-02 
6.21709E-02 
5.78831E-02 
5.36736E-02 
1.49746E-01 
1.44776E-01 
1.39885E-01 
1.35062E-01 
1.30250E-01 
1.25455E-01 
1.20681E-01 
1.17007E-01 
1.15936E-01 
1.10855E-01 
1.05817E-01 
1.00827E-01 
9.58898E-02 
9.10579E-02 
8.62635E-02 
8.15005E-02 
7.67757E-02 
7.20953E-02 
6.74650E-02 
6.28902E-02 
5.83755E-02 
5.39254E-02 
4.95436E-02 
4.52336E-02 
4.09985E-02 
3.68408E-02 
1.29649E-01 
1.24749E-01 
1.19925E-01 
1.15170E-01 
1.10425E-01 
1.05697E-01 
1.00990E-01 
9.73670E-02 
9.63109E-02 
9.13009E-02 
8.63333E-02 
8.14131E-02 
7.65452E-02 
7.17808E-02 
6.70534E-02 
6.23570E-02 
5.76982E-02 
5.30832E-02 
4.85177E-02 
4.40067E-02 
3.95552E-02 
3.51672E-02 
3.08466E-02 
2.65969E-02 
2.24209E-02 
1.83213E-02 
1.07842E-01 
1.03019E-01 
9.82717E-02 
9.35910E-02 
8.89207E-02 
8.42667E-02 
7.96341E-02 
7.60676E-02 
7.50281E-02 
7.00968E-02 
6.52072E-02 
6.03644E-02 
5.55729E-02 
5.08834E-02 
4.62302E-02 
4.16076E-02 
3.70220E-02 
3.24795E-02 
2.79856E-02 
2.35456E-02 
1.91639E-02 
1.48449E-02 
1.05922E-02 
6.40921E-03 
2.29884E-03 
-1.73636E-03 
8.45353E-02 
7.97967E-02 
7.51322E-02 
7.05333E-02 
6.59445E-02 
6.13719E-02 
5.68202E-02 
5.33160E-02 
5.22947E-02 
4.74496E-02 
4.26454E-02 
3.78872E-02 
3.31795E-02 
2.85719E-02 
2.40000E-02 
1.94582E-02 
1.49527E-02 
1.04896E-02 
6.07424E-03 
1.71176E-03 
-2.59333E-03 
-6.83689E-03 
-1.10153E-02 
-1.51252E-02 
-1.91637E-02 
-2.31284E-02 
5.99919E-02 
5.53445E-02 
5.07698E-02 
4.62594E-02 
4.17590E-02 
3.72743E-02 
3.28103E-02 
2.93735E-02 
2.83718E-02 
2.36199E-02 
1.89083E-02 
1.42416E-02 
9.62446E-03 
5.10552E-03 
6.21654E-04 
-3.83280E-03 
-8.25155E-03 
-1.26288E-02 
-1.69591E-02 
-2.12377E-02 
-2.54599E-02 
-2.96218E-02 
-3.37198E-02 
-3.77506E-02 
-4.17114E-02 
-4.55998E-02 
3.45037E-02 
2.99540E-02 
2.54753E-02 
2.10596E-02 
1.66538E-02 
1.22633E-02 
7.89303E-03 
4.52847E-03 
3.54782E-03 
-1.10426E-03 
-5.71696E-03 
-1.02856E-02 
-1.48057E-02 
-1.92298E-02 
-2.36194E-02 
-2.79803E-02 
-3.23062E-02 
-3.65915E-02 
-4.08309E-02 
-4.50196E-02 
-4.91531E-02 
-5.32276E-02 
-5.72395E-02 
-6.11856E-02 
-6.50632E-02 
-6.88699E-02 
8.51893E-03 
4.07210E-03 
-3.05238E-04 
-4.62099E-03 
-8.92719E-03 
-1.32183E-02 
-1.74897E-02 
-2.07782E-02 
-2.17366E-02 
-2.62835E-02 
-3.07918E-02 
-3.52571E-02 
-3.96750E-02 
-4.39989E-02 
-4.82893E-02 
-5.25515E-02 
-5.67796E-02 
-6.09679E-02 
-6.51114E-02 
-6.92053E-02 
-7.32453E-02 
-7.72276E-02 
-8.11488E-02 
-8.50056E-02 
-8.87955E-02 
-9.25161E-02 
-1.79646E-02 
-2.23025E-02 
-2.65727E-02 
-3.07827E-02 
-3.49835E-02 
-3.91696E-02 
-4.33364E-02 
-4.65443E-02 
-4.74793E-02 
-5.19148E-02 
-5.63128E-02 
-6.06687E-02 
-6.49784E-02 
-6.91965E-02 
-7.33818E-02 
-7.75397E-02 
-8.16642E-02 
-8.57500E-02 
-8.97920E-02 
-9.37857E-02 
-9.77268E-02 
-1.01612E-01 
-1.05437E-01 
-1.09199E-01 
-1.12896E-01 
-1.16526E-01 
-4.43981E-02 
-4.86228E-02 
-5.27815E-02 
-5.68817E-02 
-6.09728E-02 
-6.50497E-02 
-6.91077E-02 
-7.22319E-02 
-7.31425E-02 
-7.74622E-02 
-8.17453E-02 
-8.59876E-02 
-9.01848E-02 
-9.42928E-02 
-9.83688E-02 
-1.02418E-01 
-1.06435E-01 
-1.10414E-01 
-1.14351E-01 
-1.18240E-01 
-1.22078E-01 
-1.25862E-01 
-1.29587E-01 
-1.33251E-01 
-1.36852E-01 
-1.40387E-01 
-7.05745E-02 
-7.46819E-02 
-7.87252E-02 
-8.27115E-02 
-8.66890E-02 
-9.06527E-02 
-9.45980E-02 
-9.76355E-02 
-9.85208E-02 
-1.02721E-01 
-1.06885E-01 
-1.11009E-01 
-1.15090E-01 
-1.19084E-01 
-1.23047E-01 
-1.26984E-01 
-1.30889E-01 
-1.34758E-01 
-1.38585E-01 
-1.42366E-01 
-1.46098E-01 
-1.49776E-01 
-1.53398E-01 
-1.56961E-01 
-1.60461E-01 
-1.63898E-01 
-9.62356E-02 
-1.00222E-01 
-1.04147E-01 
-1.08016E-01 
-1.11876E-01 
-1.15723E-01 
-1.19553E-01 
-1.22501E-01 
-1.23360E-01 
-1.27436E-01 
-1.31478E-01 
-1.35481E-01 
-1.39442E-01 
-1.43318E-01 
-1.47165E-01 
-1.50986E-01 
-1.54776E-01 
-1.58531E-01 
-1.62246E-01 
-1.65916E-01 
-1.69538E-01 
-1.73108E-01 
-1.76623E-01 
-1.80081E-01 
-1.83479E-01 
-1.86814E-01 
-1.21146E-01 
-1.25009E-01 
-1.28811E-01 
-1.32560E-01 
-1.36301E-01 
-1.40029E-01 
-1.43739E-01 
-1.46596E-01 
-1.47428E-01 
-1.51378E-01 
-1.55294E-01 
-1.59173E-01 
-1.63011E-01 
-1.66767E-01 
-1.70494E-01 
-1.74196E-01 
-1.77869E-01 
-1.81507E-01 
-1.85106E-01 
-1.88663E-01 
-1.92172E-01 
-1.95631E-01 
-1.99038E-01 
-2.02388E-01 
-2.05680E-01 
-2.08912E-01 
-1.45093E-01 
-1.48829E-01 
-1.52508E-01 
-1.56134E-01 
-1.59752E-01 
-1.63358E-01 
-1.66947E-01 
-1.69710E-01 
-1.70516E-01 
-1.74336E-01 
-1.78124E-01 
-1.81876E-01 
-1.85588E-01 
-1.89222E-01 
-1.92827E-01 
-1.96408E-01 
-1.99961E-01 
-2.03480E-01 
-2.06962E-01 
-2.10402E-01 
-2.13796E-01 
-2.17142E-01 
-2.20437E-01 
-2.23678E-01 
-2.26863E-01 
-2.29989E-01 
-1.67670E-01 
-1.71279E-01 
-1.74832E-01 
-1.78335E-01 
-1.81831E-01 
-1.85314E-01 
-1.88781E-01 
-1.91450E-01 
-1.92228E-01 
-1.95918E-01 
-1.99578E-01 
-2.03202E-01 
-2.06788E-01 
-2.10298E-01 
-2.13780E-01 
-2.17240E-01 
-2.20672E-01 
-2.24071E-01 
-2.27434E-01 
-2.30757E-01 
-2.34036E-01 
-2.37269E-01 
-2.40451E-01 
-2.43582E-01 
-2.46658E-01 
-2.49678E-01 
-1.89149E-01 
-1.92629E-01 
-1.96054E-01 
-1.99431E-01 
-2.02800E-01 
-2.06158E-01 
-2.09500E-01 
-2.12073E-01 
-2.12823E-01 
-2.16381E-01 
-2.19908E-01 
-2.23402E-01 
-2.26859E-01 
-2.30242E-01 
-2.33599E-01 
-2.36934E-01 
-2.40243E-01 
-2.43520E-01 
-2.46762E-01 
-2.49965E-01 
-2.53126E-01 
-2.56242E-01 
-2.59310E-01 
-2.62328E-01 
-2.65294E-01 
-2.68205E-01 
-2.09070E-01 
-2.12419E-01 
-2.15716E-01 
-2.18966E-01 
-2.22209E-01 
-2.25441E-01 
-2.28657E-01 
-2.31134E-01 
-2.31856E-01 
-2.35280E-01 
-2.38675E-01 
-2.42038E-01 
-2.45365E-01 
-2.48622E-01 
-2.51853E-01 
-2.55063E-01 
-2.58247E-01 
-2.61401E-01 
-2.64522E-01 
-2.67605E-01 
-2.70647E-01 
-2.73646E-01 
-2.76599E-01 
-2.79504E-01 
-2.82358E-01 
-2.85160E-01 
-2.27392E-01 
-2.30609E-01 
-2.33777E-01 
-2.36900E-01 
-2.40016E-01 
-2.43121E-01 
-2.46212E-01 
-2.48591E-01 
-2.49285E-01 
-2.52575E-01 
-2.55837E-01 
-2.59068E-01 
-2.62265E-01 
-2.65393E-01 
-2.68498E-01 
-2.71582E-01 
-2.74641E-01 
-2.77672E-01 
-2.80670E-01 
-2.83633E-01 
-2.86556E-01 
-2.89438E-01 
-2.92275E-01 
-2.95066E-01 
-2.97808E-01 
-3.00500E-01 
-2.43999E-01 
-2.47086E-01 
-2.50124E-01 
-2.53119E-01 
-2.56108E-01 
-2.59086E-01 
-2.62050E-01 
-2.64333E-01 
-2.64998E-01 
-2.68154E-01 
-2.71282E-01 
-2.74382E-01 
-2.77448E-01 
-2.80449E-01 
-2.83426E-01 
-2.86385E-01 
-2.89319E-01 
-2.92226E-01 
-2.95102E-01 
-2.97943E-01 
-3.00747E-01 
-3.03511E-01 
-3.06232E-01 
-3.08909E-01 
-3.11539E-01 
-3.14121E-01 
-2.58851E-01 
-2.61805E-01 
-2.64714E-01 
-2.67581E-01 
-2.70442E-01 
-2.73294E-01 
-2.76132E-01 
-2.78317E-01 
-2.78953E-01 
-2.81974E-01 
-2.84970E-01 
-2.87937E-01 
-2.90872E-01 
-2.93745E-01 
-2.96596E-01 
-2.99428E-01 
-3.02237E-01 
-3.05020E-01 
-3.07773E-01 
-3.10493E-01 
-3.13178E-01 
-3.15824E-01 
-3.18429E-01 
-3.20991E-01 
-3.23510E-01 
-3.25982E-01 
-2.71860E-01 
-2.74683E-01 
-2.77462E-01 
-2.80202E-01 
-2.82936E-01 
-2.85661E-01 
-2.88373E-01 
-2.90460E-01 
-2.91069E-01 
-2.93956E-01 
-2.96818E-01 
-2.99653E-01 
-3.02458E-01 
-3.05203E-01 
-3.07927E-01 
-3.10633E-01 
-3.13317E-01 
-3.15976E-01 
-3.18607E-01 
-3.21206E-01 
-3.23771E-01 
-3.26299E-01 
-3.28789E-01 
-3.31237E-01 
-3.33643E-01 
-3.36006E-01 
-2.82980E-01 
-2.85673E-01 
-2.88323E-01 
-2.90936E-01 
-2.93543E-01 
-2.96141E-01 
-2.98727E-01 
-3.00718E-01 
-3.01299E-01 
-3.04051E-01 
-3.06781E-01 
-3.09484E-01 
-3.12159E-01 
-3.14777E-01 
-3.17375E-01 
-3.19955E-01 
-3.22515E-01 
-3.25051E-01 
-3.27560E-01 
-3.30038E-01 
-3.32484E-01 
-3.34895E-01 
-3.37269E-01 
-3.39605E-01 
-3.41899E-01 
-3.44152E-01 
-2.92184E-01 
-2.94746E-01 
-2.97268E-01 
-2.99755E-01 
-3.02236E-01 
-3.04708E-01 
-3.07169E-01 
-3.09064E-01 
-3.09616E-01 
-3.12236E-01 
-3.14833E-01 
-3.17406E-01 
-3.19951E-01 
-3.22443E-01 
-3.24915E-01 
-3.27370E-01 
-3.29806E-01 
-3.32219E-01 
-3.34607E-01 
-3.36965E-01 
-3.39293E-01 
-3.41588E-01 
-3.43847E-01 
-3.46069E-01 
-3.48252E-01 
-3.50396E-01 
-2.99437E-01 
-3.01870E-01 
-3.04265E-01 
-3.06626E-01 
-3.08982E-01 
-3.11330E-01 
-3.13667E-01 
-3.15466E-01 
-3.15990E-01 
-3.18478E-01 
-3.20945E-01 
-3.23388E-01 
-3.25805E-01 
-3.28170E-01 
-3.30518E-01 
-3.32850E-01 
-3.35163E-01 
-3.37454E-01 
-3.39721E-01 
-3.41961E-01 
-3.44171E-01 
-3.46350E-01 
-3.48495E-01 
-3.50605E-01 
-3.52679E-01 
-3.54715E-01 
-3.04751E-01 
-3.07055E-01 
-3.09324E-01 
-3.11561E-01 
-3.13793E-01 
-3.16016E-01 
-3.18230E-01 
-3.19934E-01 
-3.20431E-01 
-3.22788E-01 
-3.25124E-01 
-3.27438E-01 
-3.29728E-01 
-3.31969E-01 
-3.34193E-01 
-3.36402E-01 
-3.38593E-01 
-3.40763E-01 
-3.42911E-01 
-3.45033E-01 
-3.47126E-01 
-3.49190E-01 
-3.51222E-01 
-3.53221E-01 
-3.55186E-01 
-3.57114E-01 
-3.08091E-01 
-3.10270E-01 
-3.12414E-01 
-3.14529E-01 
-3.16639E-01 
-3.18741E-01 
-3.20834E-01 
-3.22446E-01 
-3.22915E-01 
-3.25143E-01 
-3.27352E-01 
-3.29540E-01 
-3.31704E-01 
-3.33823E-01 
-3.35925E-01 
-3.38014E-01 
-3.40085E-01 
-3.42137E-01 
-3.44168E-01 
-3.46173E-01 
-3.48153E-01 
-3.50104E-01 
-3.52025E-01 
-3.53915E-01 
-3.55772E-01 
-3.57595E-01 
-3.09529E-01 
-3.11582E-01 
-3.13604E-01 
-3.15597E-01 
-3.17585E-01 
-3.19567E-01 
-3.21539E-01 
-3.23058E-01 
-3.23500E-01 
-3.25600E-01 
-3.27682E-01 
-3.29743E-01 
-3.31784E-01 
-3.33780E-01 
-3.35761E-01 
-3.37730E-01 
-3.39682E-01 
-3.41616E-01 
-3.43529E-01 
-3.45420E-01 
-3.47285E-01 
-3.49124E-01 
-3.50935E-01 
-3.52716E-01 
-3.54466E-01 
-3.56184E-01 
-3.09052E-01 
-3.10982E-01 
-3.12881E-01 
-3.14754E-01 
-3.16623E-01 
-3.18485E-01 
-3.20339E-01 
-3.21766E-01 
-3.22182E-01 
-3.24155E-01 
-3.26111E-01 
-3.28049E-01 
-3.29966E-01 
-3.31843E-01 
-3.33705E-01 
-3.35554E-01 
-3.37389E-01 
-3.39207E-01 
-3.41005E-01 
-3.42781E-01 
-3.44535E-01 
-3.46263E-01 
-3.47964E-01 
-3.49638E-01 
-3.51283E-01 
-3.52898E-01 
-3.06693E-01 
-3.08501E-01 
-3.10281E-01 
-3.12035E-01 
-3.13786E-01 
-3.15531E-01 
-3.17268E-01 
-3.18605E-01 
-3.18994E-01 
-3.20843E-01 
-3.22676E-01 
-3.24491E-01 
-3.26288E-01 
-3.28046E-01 
-3.29790E-01 
-3.31523E-01 
-3.33242E-01 
-3.34945E-01 
-3.36629E-01 
-3.38294E-01 
-3.39936E-01 
-3.41556E-01 
-3.43150E-01 
-3.44718E-01 
-3.46259E-01 
-3.47771E-01 
-3.02492E-01 
-3.04180E-01 
-3.05842E-01 
-3.07480E-01 
-3.09115E-01 
-3.10744E-01 
-3.12366E-01 
-3.13614E-01 
-3.13978E-01 
-3.15704E-01 
-3.17415E-01 
-3.19111E-01 
-3.20788E-01 
-3.22429E-01 
-3.24058E-01 
-3.25676E-01 
-3.27281E-01 
-3.28871E-01 
-3.30444E-01 
-3.31998E-01 
-3.33532E-01 
-3.35044E-01 
-3.36532E-01 
-3.37996E-01 
-3.39435E-01 
-3.40848E-01 
-2.96495E-01 
-2.98065E-01 
-2.99611E-01 
-3.01135E-01 
-3.02656E-01 
-3.04171E-01 
-3.05680E-01 
-3.06841E-01 
-3.07179E-01 
-3.08785E-01 
-3.10377E-01 
-3.11954E-01 
-3.13514E-01 
-3.15041E-01 
-3.16556E-01 
-3.18061E-01 
-3.19555E-01 
-3.21034E-01 
-3.22497E-01 
-3.23943E-01 
-3.25369E-01 
-3.26776E-01 
-3.28160E-01 
-3.29522E-01 
-3.30861E-01 
-3.32175E-01 
-2.88752E-01 
-2.90206E-01 
-2.91638E-01 
-2.93050E-01 
-2.94459E-01 
-2.95863E-01 
-2.97260E-01 
-2.98336E-01 
-2.98650E-01 
-3.00137E-01 
-3.01612E-01 
-3.03073E-01 
-3.04518E-01 
-3.05933E-01 
-3.07336E-01 
-3.08731E-01 
-3.10114E-01 
-3.11484E-01 
-3.12839E-01 
-3.14179E-01 
-3.15500E-01 
-3.16803E-01 
-3.18086E-01 
-3.19348E-01 
-3.20588E-01 
-3.21805E-01 
-2.79320E-01 
-2.80661E-01 
-2.81982E-01 
-2.83284E-01 
-2.84583E-01 
-2.85877E-01 
-2.87166E-01 
-2.88158E-01 
-2.88447E-01 
-2.89818E-01 
-2.91178E-01 
-2.92525E-01 
-2.93858E-01 
-2.95162E-01 
-2.96457E-01 
-2.97742E-01 
-2.99018E-01 
-3.00281E-01 
-3.01531E-01 
-3.02766E-01 
-3.03985E-01 
-3.05186E-01 
-3.06369E-01 
-3.07532E-01 
-3.08675E-01 
-3.09798E-01 
-2.68261E-01 
-2.69491E-01 
-2.70702E-01 
-2.71896E-01 
-2.73088E-01 
-2.74275E-01 
-2.75457E-01 
-2.76367E-01 
-2.76632E-01 
-2.77890E-01 
-2.79138E-01 
-2.80373E-01 
-2.81595E-01 
-2.82792E-01 
-2.83979E-01 
-2.85158E-01 
-2.86328E-01 
-2.87487E-01 
-2.88634E-01 
-2.89766E-01 
-2.90884E-01 
-2.91986E-01 
-2.93071E-01 
-2.94138E-01 
-2.95187E-01 
-2.96216E-01 
-2.55612E-01 
-2.56734E-01 
-2.57838E-01 
-2.58927E-01 
-2.60013E-01 
-2.61095E-01 
-2.62173E-01 
-2.63002E-01 
-2.63244E-01 
-2.64391E-01 
-2.65528E-01 
-2.66654E-01 
-2.67768E-01 
-2.68859E-01 
-2.69941E-01 
-2.71016E-01 
-2.72083E-01 
-2.73139E-01 
-2.74184E-01 
-2.75217E-01 
-2.76236E-01 
-2.77240E-01 
-2.78229E-01 
-2.79202E-01 
-2.80158E-01 
-2.81096E-01 
-2.41570E-01 
-2.42586E-01 
-2.43586E-01 
-2.44572E-01 
-2.45556E-01 
-2.46537E-01 
-2.47513E-01 
-2.48264E-01 
-2.48483E-01 
-2.49522E-01 
-2.50552E-01 
-2.51572E-01 
-2.52582E-01 
-2.53570E-01 
-2.54550E-01 
-2.55524E-01 
-2.56490E-01 
-2.57447E-01 
-2.58394E-01 
-2.59329E-01 
-2.60252E-01 
-2.61162E-01 
-2.62058E-01 
-2.62940E-01 
-2.63806E-01 
-2.64656E-01 
-2.26025E-01 
-2.26937E-01 
-2.27835E-01 
-2.28721E-01 
-2.29605E-01 
-2.30485E-01 
-2.31362E-01 
-2.32036E-01 
-2.32233E-01 
-2.33166E-01 
-2.34091E-01 
-2.35007E-01 
-2.35914E-01 
-2.36801E-01 
-2.37681E-01 
-2.38556E-01 
-2.39424E-01 
-2.40283E-01 
-2.41133E-01 
-2.41973E-01 
-2.42802E-01 
-2.43619E-01 
-2.44424E-01 
-2.45215E-01 
-2.45993E-01 
-2.46756E-01 
-2.09148E-01 
-2.09960E-01 
-2.10759E-01 
-2.11546E-01 
-2.12332E-01 
-2.13115E-01 
-2.13895E-01 
-2.14495E-01 
-2.14670E-01 
-2.15500E-01 
-2.16323E-01 
-2.17138E-01 
-2.17944E-01 
-2.18733E-01 
-2.19516E-01 
-2.20294E-01 
-2.21066E-01 
-2.21830E-01 
-2.22586E-01 
-2.23333E-01 
-2.24071E-01 
-2.24797E-01 
-2.25513E-01 
-2.26217E-01 
-2.26909E-01 
-2.27588E-01 
-1.91018E-01 
-1.91732E-01 
-1.92434E-01 
-1.93127E-01 
-1.93817E-01 
-1.94506E-01 
-1.95191E-01 
-1.95719E-01 
-1.95872E-01 
-1.96602E-01 
-1.97325E-01 
-1.98042E-01 
-1.98750E-01 
-1.99444E-01 
-2.00132E-01 
-2.00816E-01 
-2.01495E-01 
-2.02167E-01 
-2.02831E-01 
-2.03488E-01 
-2.04136E-01 
-2.04775E-01 
-2.05404E-01 
-2.06023E-01 
-2.06631E-01 
-2.07228E-01 
-1.71721E-01 
-1.72339E-01 
-1.72948E-01 
-1.73548E-01 
-1.74146E-01 
-1.74743E-01 
-1.75336E-01 
-1.75793E-01 
-1.75927E-01 
-1.76559E-01 
-1.77185E-01 
-1.77806E-01 
-1.78420E-01 
-1.79021E-01 
-1.79617E-01 
-1.80210E-01 
-1.80797E-01 
-1.81379E-01 
-1.81955E-01 
-1.82524E-01 
-1.83086E-01 
-1.83640E-01 
-1.84185E-01 
-1.84721E-01 
-1.85247E-01 
-1.85765E-01 
-1.51340E-01 
-1.51865E-01 
-1.52383E-01 
-1.52893E-01 
-1.53402E-01 
-1.53909E-01 
-1.54414E-01 
-1.54803E-01 
-1.54916E-01 
-1.55453E-01 
-1.55986E-01 
-1.56514E-01 
-1.57036E-01 
-1.57547E-01 
-1.58054E-01 
-1.58558E-01 
-1.59058E-01 
-1.59553E-01 
-1.60042E-01 
-1.60526E-01 
-1.61004E-01 
-1.61475E-01 
-1.61938E-01 
-1.62394E-01 
-1.62842E-01 
-1.63282E-01 
-1.29974E-01 
-1.30410E-01 
-1.30839E-01 
-1.31262E-01 
-1.31685E-01 
-1.32105E-01 
-1.32524E-01 
-1.32847E-01 
-1.32941E-01 
-1.33387E-01 
-1.33829E-01 
-1.34266E-01 
-1.34700E-01 
-1.35124E-01 
-1.35544E-01 
-1.35962E-01 
-1.36377E-01 
-1.36787E-01 
-1.37194E-01 
-1.37595E-01 
-1.37991E-01 
-1.38382E-01 
-1.38766E-01 
-1.39144E-01 
-1.39516E-01 
-1.39881E-01 
-1.07646E-01 
-1.07995E-01 
-1.08339E-01 
-1.08678E-01 
-1.09016E-01 
-1.09353E-01 
-1.09688E-01 
-1.09947E-01 
-1.10022E-01 
-1.10379E-01 
-1.10733E-01 
-1.11083E-01 
-1.11430E-01 
-1.11770E-01 
-1.12107E-01 
-1.12441E-01 
-1.12773E-01 
-1.13102E-01 
-1.13428E-01 
-1.13749E-01 
-1.14066E-01 
-1.14379E-01 
-1.14687E-01 
-1.14990E-01 
-1.15287E-01 
-1.15579E-01 
-8.45916E-02 
-8.48572E-02 
-8.51187E-02 
-8.53764E-02 
-8.56336E-02 
-8.58899E-02 
-8.61450E-02 
-8.63414E-02 
-8.63986E-02 
-8.66702E-02 
-8.69395E-02 
-8.72061E-02 
-8.74700E-02 
-8.77282E-02 
-8.79845E-02 
-8.82390E-02 
-8.84916E-02 
-8.87417E-02 
-8.89892E-02 
-8.92337E-02 
-8.94750E-02 
-8.97128E-02 
-8.99470E-02 
-9.01773E-02 
-9.04037E-02 
-9.06259E-02 
-6.08155E-02 
-6.10005E-02 
-6.11826E-02 
-6.13622E-02 
-6.15413E-02 
-6.17198E-02 
-6.18975E-02 
-6.20343E-02 
-6.20742E-02 
-6.22633E-02 
-6.24508E-02 
-6.26366E-02 
-6.28204E-02 
-6.30003E-02 
-6.31787E-02 
-6.33560E-02 
-6.35319E-02 
-6.37062E-02 
-6.38785E-02 
-6.40488E-02 
-6.42169E-02 
-6.43826E-02 
-6.45457E-02 
-6.47061E-02 
-6.48638E-02 
-6.50186E-02 
-3.64242E-02 
-3.65317E-02 
-3.66374E-02 
-3.67417E-02 
-3.68457E-02 
-3.69494E-02 
-3.70526E-02 
-3.71320E-02 
-3.71552E-02 
-3.72650E-02 
-3.73740E-02 
-3.74818E-02 
-3.75886E-02 
-3.76930E-02 
-3.77967E-02 
-3.78997E-02 
-3.80018E-02 
-3.81030E-02 
-3.82031E-02 
-3.83020E-02 
-3.83996E-02 
-3.84958E-02 
-3.85906E-02 
-3.86838E-02 
-3.87753E-02 
-3.88652E-02 
-1.15194E-02 
-1.15524E-02 
-1.15849E-02 
-1.16169E-02 
-1.16488E-02 
-1.16806E-02 
-1.17123E-02 
-1.17367E-02 
-1.17438E-02 
-1.17775E-02 
-1.18109E-02 
-1.18440E-02 
-1.18768E-02 
-1.19089E-02 
-1.19407E-02 
-1.19723E-02 
-1.20036E-02 
-1.20347E-02 
-1.20654E-02 
-1.20958E-02 
-1.21257E-02 
-1.21553E-02 
-1.21843E-02 
-1.22129E-02 
-1.22410E-02 
-1.22686E-02 
1.37917E-02 
1.38300E-02 
1.38678E-02 
1.39050E-02 
1.39421E-02 
1.39791E-02 
1.40160E-02 
1.40443E-02 
1.40526E-02 
1.40918E-02 
1.41307E-02 
1.41692E-02 
1.42072E-02 
1.42445E-02 
1.42815E-02 
1.43183E-02 
1.43547E-02 
1.43909E-02 
1.44266E-02 
1.44619E-02 
1.44967E-02 
1.45311E-02 
1.45649E-02 
1.45981E-02 
1.46308E-02 
1.46629E-02 
3.94043E-02 
3.95108E-02 
3.96156E-02 
3.97189E-02 
3.98220E-02 
3.99248E-02 
4.00271E-02 
4.01058E-02 
4.01288E-02 
4.02376E-02 
4.03456E-02 
4.04525E-02 
4.05583E-02 
4.06619E-02 
4.07646E-02 
4.08667E-02 
4.09679E-02 
4.10682E-02 
4.11674E-02 
4.12654E-02 
4.13622E-02 
4.14575E-02 
4.15514E-02 
4.16438E-02 
4.17346E-02 
4.18236E-02 
6.52183E-02 
6.53897E-02 
6.55585E-02 
6.57248E-02 
6.58908E-02 
6.60563E-02 
6.62209E-02 
6.63477E-02 
6.63847E-02 
6.65599E-02 
6.67337E-02 
6.69059E-02 
6.70762E-02 
6.72429E-02 
6.74083E-02 
6.75726E-02 
6.77356E-02 
6.78970E-02 
6.80568E-02 
6.82146E-02 
6.83703E-02 
6.85238E-02 
6.86750E-02 
6.88237E-02 
6.89698E-02 
6.91132E-02 
9.11058E-02 
9.13389E-02 
9.15683E-02 
9.17945E-02 
9.20203E-02 
9.22452E-02 
9.24691E-02 
9.26415E-02 
9.26917E-02 
9.29300E-02 
9.31664E-02 
9.34004E-02 
9.36320E-02 
9.38586E-02 
9.40835E-02 
9.43069E-02 
9.45286E-02 
9.47481E-02 
9.49653E-02 
9.51799E-02 
9.53917E-02 
9.56004E-02 
9.58059E-02 
9.60081E-02 
9.62068E-02 
9.64018E-02 
---
