PdfType: replica
Format: lhagrid1
---
1.00000E-06 1.28121E-06 1.64152E-06 2.10317E-06 2.69463E-06 3.45242E-06 4.42329E-06 5.66715E-06 7.26076E-06 9.30241E-06 1.19180E-05 1.52689E-05 1.95617E-05 2.50609E-05 3.21053E-05 4.11287E-05 5.26863E-05 6.74889E-05 8.64459E-05 1.10720E-04 1.41800E-04 1.81585E-04 2.32503E-04 2.97652E-04 3.80981E-04 4.87518E-04 6.26039E-04 8.00452E-04 1.02297E-03 1.30657E-03 1.66759E-03 2.12729E-03 2.71054E-03 3.44865E-03 4.37927E-03 5.54908E-03 7.01192E-03 8.83064E-03 1.10763E-02 1.38266E-02 1.71641E-02 2.11717E-02 2.59364E-02 3.15062E-02 3.79623E-02 4.53425E-02 5.36750E-02 6.29705E-02 7.32221E-02 8.44039E-02 9.64793E-02 1.09332E-01 1.23067E-01 1.37507E-01 1.52639E-01 1.68416E-01 1.84794E-01 2.01731E-01 2.19016E-01 2.36948E-01 2.55242E-01 2.73927E-01 2.92954E-01 3.12340E-01 3.32036E-01 3.52019E-01 3.72282E-01 3.92772E-01 4.13533E-01 4.34326E-01 4.55495E-01 4.76836E-01 4.98342E-01 5.20006E-01 5.41818E-01 5.63773E-01 5.85861E-01 6.08077E-01 6.30459E-01 6.52800E-01 6.75387E-01 6.98063E-01 7.20830E-01 7.43683E-01 7.66623E-01 7.89636E-01 8.12791E-01 8.35940E-01 8.59175E-01 8.82485E-01 9.05866E-01 9.29311E-01 9.52817E-01 9.76387E-01 1.00000E+00 
1.14018E+00 1.22539E+00 1.32482E+00 1.44156E+00 1.57954E+00 1.74381E+00 1.94091E+00 2.12132E+00 2.17945E+00 2.49622E+00 2.89383E+00 3.39925E+00 4.05063E+00 4.90286E+00 6.03623E+00 7.57063E+00 9.68869E+00 1.26749E+01 1.69835E+01 2.33578E+01 3.30501E+01 4.82334E+01 7.28041E+01 1.13998E+02 1.85779E+02 3.16228E+02 
908
1.20139E-01 
1.18227E-01 
1.16328E-01 
1.14437E-01 
1.12535E-01 
1.10623E-01 
1.08703E-01 
1.07215E-01 
1.06779E-01 
1.04701E-01 
1.02621E-01 
1.00543E-01 
9.84685E-02 
9.64197E-02 
9.43690E-02 
9.23145E-02 
9.02591E-02 
8.82061E-02 
8.61582E-02 
8.41184E-02 
8.20893E-02 
8.00734E-02 
7.80731E-02 
7.60907E-02 
7.41282E-02 
7.21875E-02 
1.20139E-01 
1.18227E-01 
1.16327E-01 
1.14437E-01 
1.12534E-01 
1.10622E-01 
1.08703E-01 
1.07214E-01 
1.06779E-01 
1.04700E-01 
1.02621E-01 
1.00542E-01 
9.84680E-02 
9.64192E-02 
9.43686E-02 
9.23140E-02 
9.02587E-02 
8.82056E-02 
8.61578E-02 
8.41180E-02 
8.20888E-02 
8.00730E-02 
7.80727E-02 
7.60902E-02 
7.41277E-02 
7.21870E-02 
1.20138E-01 
1.18226E-01 
1.16326E-01 
1.14436E-01 
1.12534E-01 
1.10622E-01 
1.08702E-01 
1.07214E-01 
1.06778E-01 
1.04699E-01 
1.02620E-01 
1.00542E-01 
9.84674E-02 
9.64186E-02 
9.43680E-02 
9.23135E-02 
9.02581E-02 
8.82051E-02 
8.61572E-02 
8.41174E-02 
8.20883E-02 
8.00724E-02 
7.80721E-02 
7.60897E-02 
7.41272E-02 
7.21865E-02 
1.20137E-01 
1.18225E-01 
1.16326E-01 
1.14435E-01 
1.12533E-01 
1.10621E-01 
1.08702E-01 
1.07213E-01 
1.06777E-01 
1.04699E-01 
1.02619E-01 
1.00541E-01 
9.84667E-02 
9.64179E-02 
9.43673E-02 
9.23127E-02 
9.02574E-02 
8.82043E-02 
8.61565E-02 
8.41167E-02 
8.20876E-02 
8.00717E-02 
7.80714E-02 
7.60890E-02 
7.41264E-02 
7.21858E-02 
1.20136E-01 
1.18224E-01 
1.16325E-01 
1.14434E-01 
1.12532E-01 
1.10620E-01 
1.08701E-01 
1.07212E-01 
1.06776E-01 
1.04698E-01 
1.02618E-01 
1.00540E-01 
9.84657E-02 
9.64169E-02 
9.43663E-02 
9.23118E-02 
9.02564E-02 
8.82034E-02 
8.61555E-02 
8.41157E-02 
8.20866E-02 
8.00707E-02 
7.80705E-02 
7.60880E-02 
7.41255E-02 
7.21848E-02 
1.20135E-01 
1.18223E-01 
1.16323E-01 
1.14433E-01 
1.12531E-01 
1.10619E-01 
1.08699E-01 
1.07211E-01 
1.06775E-01 
1.04697E-01 
1.02617E-01 
1.00539E-01 
9.84645E-02 
9.64157E-02 
9.43651E-02 
9.23106E-02 
9.02552E-02 
8.82022E-02 
8.61543E-02 
8.41145E-02 
8.20854E-02 
8.00696E-02 
7.80693E-02 
7.60869E-02 
7.41243E-02 
7.21837E-02 
1.20134E-01 
1.18221E-01 
1.16322E-01 
1.14431E-01 
1.12529E-01 
1.10617E-01 
1.08698E-01 
1.07209E-01 
1.06773E-01 
1.04695E-01 
1.02615E-01 
1.00537E-01 
9.84629E-02 
9.64141E-02 
9.43635E-02 
9.23090E-02 
9.02537E-02 
8.82006E-02 
8.61528E-02 
8.41130E-02 
8.20839E-02 
8.00680E-02 
7.80678E-02 
7.60853E-02 
7.41228E-02 
7.21822E-02 
1.20131E-01 
1.18219E-01 
1.16320E-01 
1.14429E-01 
1.12527E-01 
1.10615E-01 
1.08696E-01 
1.07207E-01 
1.06771E-01 
1.04693E-01 
1.02613E-01 
1.00535E-01 
9.84609E-02 
9.64121E-02 
9.43616E-02 
9.23070E-02 
9.02517E-02 
8.81987E-02 
8.61508E-02 
8.41110E-02 
8.20819E-02 
8.00661E-02 
7.80658E-02 
7.60834E-02 
7.41209E-02 
7.21802E-02 
1.20129E-01 
1.18217E-01 
1.16317E-01 
1.14427E-01 
1.12524E-01 
1.10612E-01 
1.08693E-01 
1.07204E-01 
1.06769E-01 
1.04690E-01 
1.02611E-01 
1.00533E-01 
9.84584E-02 
9.64096E-02 
9.43590E-02 
9.23045E-02 
9.02492E-02 
8.81961E-02 
8.61483E-02 
8.41085E-02 
8.20794E-02 
8.00636E-02 
7.80633E-02 
7.60809E-02 
7.41184E-02 
7.21778E-02 
1.20125E-01 
1.18213E-01 
1.16314E-01 
1.14423E-01 
1.12521E-01 
1.10609E-01 
1.08690E-01 
1.07201E-01 
1.06765E-01 
1.04687E-01 
1.02607E-01 
1.00529E-01 
9.84551E-02 
9.64063E-02 
9.43557E-02 
9.23012E-02 
9.02459E-02 
8.81929E-02 
8.61451E-02 
8.41053E-02 
8.20762E-02 
8.00604E-02 
7.80601E-02 
7.60777E-02 
7.41152E-02 
7.21746E-02 
1.20121E-01 
1.18209E-01 
1.16309E-01 
1.14419E-01 
1.12517E-01 
1.10605E-01 
1.08686E-01 
1.07197E-01 
1.06761E-01 
1.04683E-01 
1.02603E-01 
1.00525E-01 
9.84508E-02 
9.64021E-02 
9.43515E-02 
9.22970E-02 
9.02417E-02 
8.81887E-02 
8.61409E-02 
8.41012E-02 
8.20721E-02 
8.00563E-02 
7.80560E-02 
7.60737E-02 
7.41112E-02 
7.21705E-02 
1.20115E-01 
1.18203E-01 
1.16304E-01 
1.14413E-01 
1.12511E-01 
1.10599E-01 
1.08680E-01 
1.07191E-01 
1.06756E-01 
1.04677E-01 
1.02598E-01 
1.00520E-01 
9.84454E-02 
9.63967E-02 
9.43461E-02 
9.22916E-02 
9.02364E-02 
8.81834E-02 
8.61356E-02 
8.40959E-02 
8.20668E-02 
8.00510E-02 
7.80508E-02 
7.60684E-02 
7.41060E-02 
7.21653E-02 
1.20108E-01 
1.18196E-01 
1.16297E-01 
1.14406E-01 
1.12504E-01 
1.10592E-01 
1.08673E-01 
1.07184E-01 
1.06749E-01 
1.04670E-01 
1.02591E-01 
1.00513E-01 
9.84385E-02 
9.63898E-02 
9.43393E-02 
9.22848E-02 
9.02295E-02 
8.81766E-02 
8.61288E-02 
8.40891E-02 
8.20601E-02 
8.00443E-02 
7.80441E-02 
7.60617E-02 
7.40993E-02 
7.21587E-02 
1.20099E-01 
1.18187E-01 
1.16288E-01 
1.14397E-01 
1.12495E-01 
1.10583E-01 
1.08664E-01 
1.07175E-01 
1.06740E-01 
1.04661E-01 
1.02582E-01 
1.00504E-01 
9.84296E-02 
9.63809E-02 
9.43304E-02 
9.22760E-02 
9.02208E-02 
8.81678E-02 
8.61201E-02 
8.40804E-02 
8.20514E-02 
8.00356E-02 
7.80355E-02 
7.60531E-02 
7.40907E-02 
7.21502E-02 
1.20087E-01 
1.18175E-01 
1.16276E-01 
1.14386E-01 
1.12483E-01 
1.10572E-01 
1.08652E-01 
1.07164E-01 
1.06728E-01 
1.04650E-01 
1.02570E-01 
1.00492E-01 
9.84182E-02 
9.63696E-02 
9.43191E-02 
9.22647E-02 
9.02095E-02 
8.81566E-02 
8.61089E-02 
8.40693E-02 
8.20403E-02 
8.00246E-02 
7.80244E-02 
7.60422E-02 
7.40798E-02 
7.21392E-02 
1.20072E-01 
1.18160E-01 
1.16261E-01 
1.14371E-01 
1.12468E-01 
1.10557E-01 
1.08638E-01 
1.07149E-01 
1.06713E-01 
1.04635E-01 
1.02556E-01 
1.00478E-01 
9.84037E-02 
9.63550E-02 
9.43046E-02 
9.22503E-02 
9.01951E-02 
8.81423E-02 
8.60946E-02 
8.40550E-02 
8.20261E-02 
8.00104E-02 
7.80103E-02 
7.60281E-02 
7.40657E-02 
7.21253E-02 
1.20053E-01 
1.18141E-01 
1.16242E-01 
1.14352E-01 
1.12449E-01 
1.10538E-01 
1.08619E-01 
1.07130E-01 
1.06694E-01 
1.04616E-01 
1.02537E-01 
1.00459E-01 
9.83850E-02 
9.63364E-02 
9.42861E-02 
9.22318E-02 
9.01767E-02 
8.81239E-02 
8.60763E-02 
8.40368E-02 
8.20079E-02 
7.99923E-02 
7.79922E-02 
7.60101E-02 
7.40478E-02 
7.21073E-02 
1.20028E-01 
1.18117E-01 
1.16217E-01 
1.14327E-01 
1.12425E-01 
1.10513E-01 
1.08594E-01 
1.07106E-01 
1.06670E-01 
1.04592E-01 
1.02513E-01 
1.00435E-01 
9.83611E-02 
9.63126E-02 
9.42623E-02 
9.22081E-02 
9.01531E-02 
8.81004E-02 
8.60529E-02 
8.40134E-02 
8.19846E-02 
7.99690E-02 
7.79691E-02 
7.59870E-02 
7.40248E-02 
7.20844E-02 
1.19997E-01 
1.18085E-01 
1.16186E-01 
1.14296E-01 
1.12394E-01 
1.10482E-01 
1.08563E-01 
1.07075E-01 
1.06639E-01 
1.04561E-01 
1.02482E-01 
1.00404E-01 
9.83305E-02 
9.62821E-02 
9.42319E-02 
9.21778E-02 
9.01229E-02 
8.80703E-02 
8.60228E-02 
8.39834E-02 
8.19548E-02 
7.99393E-02 
7.79394E-02 
7.59574E-02 
7.39953E-02 
7.20550E-02 
1.19956E-01 
1.18045E-01 
1.16146E-01 
1.14256E-01 
1.12354E-01 
1.10442E-01 
1.08524E-01 
1.07035E-01 
1.06600E-01 
1.04522E-01 
1.02443E-01 
1.00365E-01 
9.82913E-02 
9.62430E-02 
9.41930E-02 
9.21390E-02 
9.00842E-02 
8.80317E-02 
8.59844E-02 
8.39451E-02 
8.19165E-02 
7.99012E-02 
7.79015E-02 
7.59196E-02 
7.39576E-02 
7.20174E-02 
1.19904E-01 
1.17993E-01 
1.16094E-01 
1.14204E-01 
1.12302E-01 
1.10391E-01 
1.08473E-01 
1.06984E-01 
1.06549E-01 
1.04471E-01 
1.02392E-01 
1.00315E-01 
9.82411E-02 
9.61930E-02 
9.41431E-02 
9.20893E-02 
9.00346E-02 
8.79823E-02 
8.59351E-02 
8.38960E-02 
8.18676E-02 
7.98524E-02 
7.78528E-02 
7.58711E-02 
7.39092E-02 
7.19692E-02 
1.19838E-01 
1.17927E-01 
1.16028E-01 
1.14138E-01 
1.12237E-01 
1.10326E-01 
1.08407E-01 
1.06919E-01 
1.06484E-01 
1.04406E-01 
1.02328E-01 
1.00250E-01 
9.81769E-02 
9.61290E-02 
9.40793E-02 
9.20257E-02 
8.99712E-02 
8.79191E-02 
8.58721E-02 
8.38332E-02 
8.18050E-02 
7.97900E-02 
7.77906E-02 
7.58091E-02 
7.38474E-02 
7.19076E-02 
1.19753E-01 
1.17842E-01 
1.15944E-01 
1.14054E-01 
1.12153E-01 
1.10242E-01 
1.08324E-01 
1.06836E-01 
1.06401E-01 
1.04323E-01 
1.02245E-01 
1.00168E-01 
9.80948E-02 
9.60471E-02 
9.39977E-02 
9.19443E-02 
8.98901E-02 
8.78382E-02 
8.57915E-02 
8.37529E-02 
8.17249E-02 
7.97102E-02 
7.77110E-02 
7.57297E-02 
7.37683E-02 
7.18287E-02 
1.19645E-01 
1.17734E-01 
1.15836E-01 
1.13947E-01 
1.12046E-01 
1.10135E-01 
1.08217E-01 
1.06730E-01 
1.06294E-01 
1.04217E-01 
1.02139E-01 
1.00062E-01 
9.79896E-02 
9.59423E-02 
9.38932E-02 
9.18402E-02 
8.97863E-02 
8.77347E-02 
8.56884E-02 
8.36501E-02 
8.16224E-02 
7.96080E-02 
7.76092E-02 
7.56282E-02 
7.36671E-02 
7.17278E-02 
1.19506E-01 
1.17595E-01 
1.15698E-01 
1.13809E-01 
1.11908E-01 
1.09998E-01 
1.08081E-01 
1.06593E-01 
1.06158E-01 
1.04081E-01 
1.02004E-01 
9.99277E-02 
9.78553E-02 
9.58084E-02 
9.37597E-02 
9.17070E-02 
8.96536E-02 
8.76025E-02 
8.55565E-02 
8.35186E-02 
8.14914E-02 
7.94774E-02 
7.74790E-02 
7.54984E-02 
7.35377E-02 
7.15988E-02 
1.19328E-01 
1.17419E-01 
1.15521E-01 
1.13633E-01 
1.11733E-01 
1.09823E-01 
1.07906E-01 
1.06419E-01 
1.05984E-01 
1.03908E-01 
1.01831E-01 
9.97554E-02 
9.76835E-02 
9.56372E-02 
9.35890E-02 
9.15369E-02 
8.94840E-02 
8.74334E-02 
8.53880E-02 
8.33506E-02 
8.13239E-02 
7.93105E-02 
7.73126E-02 
7.53325E-02 
7.33723E-02 
7.14340E-02 
1.19098E-01 
1.17189E-01 
1.15292E-01 
1.13404E-01 
1.11505E-01 
1.09596E-01 
1.07680E-01 
1.06193E-01 
1.05758E-01 
1.03683E-01 
1.01606E-01 
9.95315E-02 
9.74603E-02 
9.54147E-02 
9.33672E-02 
9.13158E-02 
8.92636E-02 
8.72137E-02 
8.51690E-02 
8.31323E-02 
8.11063E-02 
7.90936E-02 
7.70963E-02 
7.51170E-02 
7.31574E-02 
7.12197E-02 
1.18808E-01 
1.16899E-01 
1.15003E-01 
1.13117E-01 
1.11218E-01 
1.09310E-01 
1.07394E-01 
1.05909E-01 
1.05474E-01 
1.03399E-01 
1.01324E-01 
9.92498E-02 
9.71795E-02 
9.51347E-02 
9.30881E-02 
9.10376E-02 
8.89863E-02 
8.69373E-02 
8.48935E-02 
8.28577E-02 
8.08325E-02 
7.88206E-02 
7.68243E-02 
7.48457E-02 
7.28871E-02 
7.09502E-02 
1.18438E-01 
1.16531E-01 
1.14636E-01 
1.12750E-01 
1.10852E-01 
1.08945E-01 
1.07031E-01 
1.05546E-01 
1.05111E-01 
1.03038E-01 
1.00964E-01 
9.88907E-02 
9.68215E-02 
9.47779E-02 
9.27324E-02 
9.06830E-02 
8.86328E-02 
8.65849E-02 
8.45422E-02 
8.25075E-02 
8.04835E-02 
7.84727E-02 
7.64775E-02 
7.45000E-02 
7.25424E-02 
7.06066E-02 
1.17967E-01 
1.16061E-01 
1.14167E-01 
1.12283E-01 
1.10387E-01 
1.08481E-01 
1.06568E-01 
1.05084E-01 
1.04650E-01 
1.02578E-01 
1.00505E-01 
9.84335E-02 
9.63658E-02 
9.43235E-02 
9.22795E-02 
9.02315E-02 
8.81828E-02 
8.61363E-02 
8.40951E-02 
8.20618E-02 
8.00392E-02 
7.80298E-02 
7.60359E-02 
7.40599E-02 
7.21036E-02 
7.01692E-02 
1.17368E-01 
1.15464E-01 
1.13572E-01 
1.11690E-01 
1.09795E-01 
1.07891E-01 
1.05979E-01 
1.04497E-01 
1.04063E-01 
1.01993E-01 
9.99219E-02 
9.78523E-02 
9.57864E-02 
9.37460E-02 
9.17038E-02 
8.96577E-02 
8.76107E-02 
8.55661E-02 
8.35266E-02 
8.14952E-02 
7.94744E-02 
7.74668E-02 
7.54747E-02 
7.35004E-02 
7.15459E-02 
6.96132E-02 
1.16608E-01 
1.14705E-01 
1.12816E-01 
1.10935E-01 
1.09043E-01 
1.07141E-01 
1.05232E-01 
1.03751E-01 
1.03317E-01 
1.01250E-01 
9.91808E-02 
9.71136E-02 
9.50500E-02 
9.30119E-02 
9.09721E-02 
8.89282E-02 
8.68836E-02 
8.48413E-02 
8.28042E-02 
8.07750E-02 
7.87565E-02 
7.67512E-02 
7.47613E-02 
7.27893E-02 
7.08370E-02 
6.89065E-02 
1.15644E-01 
1.13745E-01 
1.11858E-01 
1.09980E-01 
1.08090E-01 
1.06191E-01 
1.04285E-01 
1.02806E-01 
1.02373E-01 
1.00308E-01 
9.82427E-02 
9.61784E-02 
9.41179E-02 
9.20827E-02 
9.00457E-02 
8.80049E-02 
8.59632E-02 
8.39238E-02 
8.18896E-02 
7.98634E-02 
7.78478E-02 
7.58453E-02 
7.38584E-02 
7.18891E-02 
6.99397E-02 
6.80119E-02 
1.14429E-01 
1.12533E-01 
1.10649E-01 
1.08775E-01 
1.06889E-01 
1.04993E-01 
1.03090E-01 
1.01614E-01 
1.01182E-01 
9.91208E-02 
9.70589E-02 
9.49984E-02 
9.29416E-02 
9.09101E-02 
8.88769E-02 
8.68397E-02 
8.48018E-02 
8.27661E-02 
8.07356E-02 
7.87131E-02 
7.67012E-02 
7.47024E-02 
7.27190E-02 
7.07534E-02 
6.88075E-02 
6.68833E-02 
1.12902E-01 
1.11010E-01 
1.09131E-01 
1.07261E-01 
1.05379E-01 
1.03487E-01 
1.01589E-01 
1.00116E-01 
9.96850E-02 
9.76289E-02 
9.55718E-02 
9.35160E-02 
9.14639E-02 
8.94371E-02 
8.74086E-02 
8.53761E-02 
8.33429E-02 
8.13119E-02 
7.92861E-02 
7.72682E-02 
7.52609E-02 
7.32667E-02 
7.12879E-02 
6.93268E-02 
6.73854E-02 
6.54656E-02 
1.10991E-01 
1.09105E-01 
1.07231E-01 
1.05366E-01 
1.03490E-01 
1.01604E-01 
9.97105E-02 
9.82421E-02 
9.78123E-02 
9.57621E-02 
9.37109E-02 
9.16611E-02 
8.96150E-02 
8.75941E-02 
8.55714E-02 
8.35448E-02 
8.15174E-02 
7.94924E-02 
7.74724E-02 
7.54604E-02 
7.34589E-02 
7.14705E-02 
6.94974E-02 
6.75420E-02 
6.56062E-02 
6.36919E-02 
1.08614E-01 
1.06735E-01 
1.04868E-01 
1.03010E-01 
1.01140E-01 
9.92614E-02 
9.73752E-02 
9.59120E-02 
9.54838E-02 
9.34411E-02 
9.13973E-02 
8.93549E-02 
8.73162E-02 
8.53026E-02 
8.32873E-02 
8.12681E-02 
7.92481E-02 
7.72304E-02 
7.52177E-02 
7.32130E-02 
7.12188E-02 
6.92376E-02 
6.72717E-02 
6.53234E-02 
6.33946E-02 
6.14873E-02 
1.05681E-01 
1.03810E-01 
1.01951E-01 
1.00102E-01 
9.82406E-02 
9.63701E-02 
9.44924E-02 
9.30359E-02 
9.26095E-02 
9.05761E-02 
8.85415E-02 
8.65084E-02 
8.44789E-02 
8.24744E-02 
8.04682E-02 
7.84581E-02 
7.64473E-02 
7.44386E-02 
7.24351E-02 
7.04394E-02 
6.84542E-02 
6.64820E-02 
6.45250E-02 
6.25855E-02 
6.06654E-02 
5.87667E-02 
1.02090E-01 
1.00230E-01 
9.83817E-02 
9.65425E-02 
9.46917E-02 
9.28317E-02 
9.09644E-02 
8.95161E-02 
8.90922E-02 
8.70701E-02 
8.50469E-02 
8.30251E-02 
8.10070E-02 
7.90138E-02 
7.70188E-02 
7.50199E-02 
7.30203E-02 
7.10229E-02 
6.90306E-02 
6.70461E-02 
6.50720E-02 
6.31108E-02 
6.11648E-02 
5.92361E-02 
5.73268E-02 
5.54388E-02 
9.77403E-02 
9.58929E-02 
9.40575E-02 
9.22309E-02 
9.03928E-02 
8.85456E-02 
8.66912E-02 
8.52528E-02 
8.48318E-02 
8.28236E-02 
8.08143E-02 
7.88064E-02 
7.68022E-02 
7.48227E-02 
7.28414E-02 
7.08563E-02 
6.88704E-02 
6.68868E-02 
6.49082E-02 
6.29373E-02 
6.09768E-02 
5.90291E-02 
5.70964E-02 
5.51810E-02 
5.32848E-02 
5.14098E-02 
9.25320E-02 
9.07000E-02 
8.88800E-02 
8.70687E-02 
8.52460E-02 
8.34143E-02 
8.15754E-02 
8.01491E-02 
7.97316E-02 
7.77402E-02 
7.57478E-02 
7.37567E-02 
7.17693E-02 
6.98063E-02 
6.78417E-02 
6.58732E-02 
6.39040E-02 
6.19370E-02 
5.99749E-02 
5.80206E-02 
5.60765E-02 
5.41451E-02 
5.22286E-02 
5.03293E-02 
4.84490E-02 
4.65896E-02 
8.63791E-02 
8.45657E-02 
8.27640E-02 
8.09710E-02 
7.91668E-02 
7.73535E-02 
7.55333E-02 
7.41213E-02 
7.37081E-02 
7.17368E-02 
6.97646E-02 
6.77936E-02 
6.58263E-02 
6.38832E-02 
6.19383E-02 
5.99898E-02 
5.80405E-02 
5.60933E-02 
5.41511E-02 
5.22165E-02 
5.02921E-02 
4.83802E-02 
4.64831E-02 
4.46030E-02 
4.27417E-02 
4.09011E-02 
7.92066E-02 
7.74151E-02 
7.56352E-02 
7.38639E-02 
7.20815E-02 
7.02902E-02 
6.84919E-02 
6.70970E-02 
6.66888E-02 
6.47414E-02 
6.27930E-02 
6.08458E-02 
5.89023E-02 
5.69827E-02 
5.50613E-02 
5.31363E-02 
5.12106E-02 
4.92870E-02 
4.73683E-02 
4.54571E-02 
4.35559E-02 
4.16671E-02 
3.97930E-02 
3.79355E-02 
3.60968E-02 
3.42784E-02 
7.10175E-02 
6.92515E-02 
6.74969E-02 
6.57509E-02 
6.39938E-02 
6.22280E-02 
6.04553E-02 
5.90803E-02 
5.86778E-02 
5.67581E-02 
5.48375E-02 
5.29181E-02 
5.10022E-02 
4.91099E-02 
4.72159E-02 
4.53183E-02 
4.34200E-02 
4.15238E-02 
3.96323E-02 
3.77483E-02 
3.58742E-02 
3.40124E-02 
3.21649E-02 
3.03339E-02 
2.85213E-02 
2.67288E-02 
6.17867E-02 
6.00500E-02 
5.83247E-02 
5.66077E-02 
5.48798E-02 
5.31434E-02 
5.14002E-02 
5.00481E-02 
4.96523E-02 
4.77646E-02 
4.58759E-02 
4.39884E-02 
4.21044E-02 
4.02436E-02 
3.83811E-02 
3.65151E-02 
3.46483E-02 
3.27837E-02 
3.09237E-02 
2.90711E-02 
2.72281E-02 
2.53972E-02 
2.35805E-02 
2.17800E-02 
1.99975E-02 
1.82349E-02 
5.15752E-02 
4.98719E-02 
4.81797E-02 
4.64956E-02 
4.48010E-02 
4.30979E-02 
4.13882E-02 
4.00621E-02 
3.96739E-02 
3.78224E-02 
3.59700E-02 
3.41188E-02 
3.22710E-02 
3.04459E-02 
2.86192E-02 
2.67890E-02 
2.49581E-02 
2.31293E-02 
2.13051E-02 
1.94880E-02 
1.76805E-02 
1.58848E-02 
1.41029E-02 
1.23370E-02 
1.05888E-02 
8.86002E-03 
4.04780E-02 
3.88121E-02 
3.71571E-02 
3.55100E-02 
3.38525E-02 
3.21868E-02 
3.05146E-02 
2.92176E-02 
2.88379E-02 
2.70270E-02 
2.52153E-02 
2.34047E-02 
2.15974E-02 
1.98124E-02 
1.80258E-02 
1.62357E-02 
1.44450E-02 
1.26563E-02 
1.08721E-02 
9.09492E-03 
7.32705E-03 
5.57072E-03 
3.82797E-03 
2.10078E-03 
3.90927E-04 
-1.29990E-03 
2.86325E-02 
2.70079E-02 
2.53939E-02 
2.37876E-02 
2.21713E-02 
2.05469E-02 
1.89162E-02 
1.76513E-02 
1.72811E-02 
1.55151E-02 
1.37483E-02 
1.19826E-02 
1.02202E-02 
8.47943E-03 
6.73715E-03 
4.99152E-03 
3.24523E-03 
1.50087E-03 
-2.39057E-04 
-1.97216E-03 
-3.69617E-03 
-5.40894E-03 
-7.10845E-03 
-8.79280E-03 
-1.04602E-02 
-1.21091E-02 
1.62127E-02 
1.46332E-02 
1.30640E-02 
1.15024E-02 
9.93099E-03 
8.35170E-03 
6.76630E-03 
5.53655E-03 
5.17661E-03 
3.45972E-03 
1.74195E-03 
2.53192E-05 
-1.68818E-03 
-3.38057E-03 
-5.07445E-03 
-6.77160E-03 
-8.46938E-03 
-1.01653E-02 
-1.18569E-02 
-1.35418E-02 
-1.52180E-02 
-1.68832E-02 
-1.85355E-02 
-2.01730E-02 
-2.17942E-02 
-2.33972E-02 
3.42454E-03 
1.89377E-03 
3.72947E-04 
-1.14054E-03 
-2.66354E-03 
-4.19416E-03 
-5.73069E-03 
-6.92253E-03 
-7.27138E-03 
-8.93535E-03 
-1.06002E-02 
-1.22639E-02 
-1.39246E-02 
-1.55648E-02 
-1.72065E-02 
-1.88513E-02 
-2.04968E-02 
-2.21404E-02 
-2.37799E-02 
-2.54129E-02 
-2.70373E-02 
-2.86512E-02 
-3.02526E-02 
-3.18397E-02 
-3.34108E-02 
-3.49645E-02 
-9.51183E-03 
-1.09906E-02 
-1.24599E-02 
-1.39220E-02 
-1.53933E-02 
-1.68720E-02 
-1.83564E-02 
-1.95078E-02 
-1.98448E-02 
-2.14523E-02 
-2.30606E-02 
-2.46679E-02 
-2.62722E-02 
-2.78568E-02 
-2.94428E-02 
-3.10318E-02 
-3.26214E-02 
-3.42092E-02 
-3.57931E-02 
-3.73707E-02 
-3.89400E-02 
-4.04991E-02 
-4.20462E-02 
-4.35794E-02 
-4.50972E-02 
-4.65982E-02 
-2.23027E-02 
-2.37269E-02 
-2.51419E-02 
-2.65501E-02 
-2.79671E-02 
-2.93913E-02 
-3.08209E-02 
-3.19298E-02 
-3.22544E-02 
-3.38026E-02 
-3.53515E-02 
-3.68995E-02 
-3.84446E-02 
-3.99707E-02 
-4.14982E-02 
-4.30285E-02 
-4.45595E-02 
-4.60888E-02 
-4.76141E-02 
-4.91335E-02 
-5.06450E-02 
-5.21465E-02 
-5.36365E-02 
-5.51131E-02 
-5.65750E-02 
-5.80205E-02 
-3.48794E-02 
-3.62461E-02 
-3.76040E-02 
-3.89553E-02 
-4.03151E-02 
-4.16818E-02 
-4.30537E-02 
-4.41178E-02 
-4.44293E-02 
-4.59150E-02 
-4.74014E-02 
-4.88869E-02 
-5.03696E-02 
-5.18341E-02 
-5.32999E-02 
-5.47685E-02 
-5.62376E-02 
-5.77052E-02 
-5.91690E-02 
-6.06270E-02 
-6.20774E-02 
-6.35184E-02 
-6.49482E-02 
-6.63652E-02 
-6.77681E-02 
-6.91553E-02 
-4.69116E-02 
-4.82188E-02 
-4.95175E-02 
-5.08100E-02 
-5.21106E-02 
-5.34176E-02 
-5.47298E-02 
-5.57476E-02 
-5.60455E-02 
-5.74664E-02 
-5.88881E-02 
-6.03089E-02 
-6.17271E-02 
-6.31277E-02 
-6.45297E-02 
-6.59343E-02 
-6.73395E-02 
-6.87431E-02 
-7.01431E-02 
-7.15376E-02 
-7.29249E-02 
-7.43030E-02 
-7.56706E-02 
-7.70259E-02 
-7.83676E-02 
-7.96944E-02 
-5.82427E-02 
-5.94885E-02 
-6.07262E-02 
-6.19580E-02 
-6.31975E-02 
-6.44432E-02 
-6.56937E-02 
-6.66637E-02 
-6.69476E-02 
-6.83019E-02 
-6.96568E-02 
-7.10108E-02 
-7.23624E-02 
-7.36973E-02 
-7.50334E-02 
-7.63721E-02 
-7.77112E-02 
-7.90489E-02 
-8.03832E-02 
-8.17123E-02 
-8.30343E-02 
-8.43478E-02 
-8.56511E-02 
-8.69428E-02 
-8.82215E-02 
-8.94859E-02 
-6.86999E-02 
-6.98828E-02 
-7.10581E-02 
-7.22276E-02 
-7.34045E-02 
-7.45874E-02 
-7.57747E-02 
-7.66957E-02 
-7.69653E-02 
-7.82512E-02 
-7.95377E-02 
-8.08233E-02 
-8.21066E-02 
-8.33741E-02 
-8.46428E-02 
-8.59138E-02 
-8.71854E-02 
-8.84555E-02 
-8.97224E-02 
-9.09843E-02 
-9.22397E-02 
-9.34868E-02 
-9.47243E-02 
-9.59507E-02 
-9.71648E-02 
-9.83655E-02 
-7.81303E-02 
-7.92491E-02 
-8.03606E-02 
-8.14668E-02 
-8.25799E-02 
-8.36985E-02 
-8.48215E-02 
-8.56926E-02 
-8.59476E-02 
-8.71637E-02 
-8.83805E-02 
-8.95964E-02 
-9.08102E-02 
-9.20090E-02 
-9.32088E-02 
-9.44110E-02 
-9.56136E-02 
-9.68148E-02 
-9.80131E-02 
-9.92066E-02 
-1.00394E-01 
-1.01573E-01 
-1.02744E-01 
-1.03904E-01 
-1.05052E-01 
-1.06188E-01 
-8.64000E-02 
-8.74538E-02 
-8.85006E-02 
-8.95425E-02 
-9.05909E-02 
-9.16445E-02 
-9.27022E-02 
-9.35226E-02 
-9.37628E-02 
-9.49082E-02 
-9.60542E-02 
-9.71994E-02 
-9.83426E-02 
-9.94717E-02 
-1.00602E-01 
-1.01734E-01 
-1.02867E-01 
-1.03998E-01 
-1.05127E-01 
-1.06251E-01 
-1.07369E-01 
-1.08480E-01 
-1.09582E-01 
-1.10675E-01 
-1.11756E-01 
-1.12826E-01 
-9.33336E-02 
-9.43223E-02 
-9.53046E-02 
-9.62821E-02 
-9.72657E-02 
-9.82543E-02 
-9.92467E-02 
-1.00016E-01 
-1.00242E-01 
-1.01316E-01 
-1.02392E-01 
-1.03466E-01 
-1.04539E-01 
-1.05598E-01 
-1.06658E-01 
-1.07721E-01 
-1.08784E-01 
-1.09845E-01 
-1.10904E-01 
-1.11959E-01 
-1.13008E-01 
-1.14050E-01 
-1.15084E-01 
-1.16110E-01 
-1.17124E-01 
-1.18128E-01 
-9.89720E-02 
-9.98946E-02 
-1.00811E-01 
-1.01723E-01 
-1.02641E-01 
-1.03564E-01 
-1.04490E-01 
-1.05208E-01 
-1.05418E-01 
-1.06421E-01 
-1.07425E-01 
-1.08427E-01 
-1.09428E-01 
-1.10417E-01 
-1.11406E-01 
-1.12397E-01 
-1.13389E-01 
-1.14380E-01 
-1.15368E-01 
-1.16352E-01 
-1.17331E-01 
-1.18304E-01 
-1.19269E-01 
-1.20225E-01 
-1.21172E-01 
-1.22109E-01 
-1.03149E-01 
-1.04006E-01 
-1.04857E-01 
-1.05704E-01 
-1.06556E-01 
-1.07413E-01 
-1.08273E-01 
-1.08940E-01 
-1.09135E-01 
-1.10066E-01 
-1.10998E-01 
-1.11929E-01 
-1.12858E-01 
-1.13776E-01 
-1.14695E-01 
-1.15615E-01 
-1.16536E-01 
-1.17456E-01 
-1.18374E-01 
-1.19287E-01 
-1.20197E-01 
-1.21100E-01 
-1.21996E-01 
-1.22884E-01 
-1.23763E-01 
-1.24633E-01 
-1.05836E-01 
-1.06626E-01 
-1.07412E-01 
-1.08194E-01 
-1.08981E-01 
-1.09772E-01 
-1.10566E-01 
-1.11181E-01 
-1.11361E-01 
-1.12221E-01 
-1.13081E-01 
-1.13941E-01 
-1.14799E-01 
-1.15646E-01 
-1.16494E-01 
-1.17344E-01 
-1.18194E-01 
-1.19043E-01 
-1.19890E-01 
-1.20734E-01 
-1.21573E-01 
-1.22407E-01 
-1.23234E-01 
-1.24054E-01 
-1.24866E-01 
-1.25669E-01 
-1.06994E-01 
-1.07719E-01 
-1.08440E-01 
-1.09157E-01 
-1.09879E-01 
-1.10605E-01 
-1.11333E-01 
-1.11898E-01 
-1.12063E-01 
-1.12852E-01 
-1.13641E-01 
-1.14429E-01 
-1.15216E-01 
-1.15993E-01 
-1.16771E-01 
-1.17551E-01 
-1.18331E-01 
-1.19110E-01 
-1.19887E-01 
-1.20661E-01 
-1.21430E-01 
-1.22195E-01 
-1.22954E-01 
-1.23706E-01 
-1.24451E-01 
-1.25187E-01 
-1.06606E-01 
-1.07267E-01 
-1.07923E-01 
-1.08576E-01 
-1.09233E-01 
-1.09893E-01 
-1.10556E-01 
-1.11071E-01 
-1.11221E-01 
-1.11939E-01 
-1.12658E-01 
-1.13375E-01 
-1.14092E-01 
-1.14800E-01 
-1.15508E-01 
-1.16218E-01 
-1.16928E-01 
-1.17637E-01 
-1.18344E-01 
-1.19049E-01 
-1.19750E-01 
-1.20446E-01 
-1.21137E-01 
-1.21822E-01 
-1.22500E-01 
-1.23170E-01 
-1.04663E-01 
-1.05259E-01 
-1.05852E-01 
-1.06441E-01 
-1.07034E-01 
-1.07630E-01 
-1.08229E-01 
-1.08693E-01 
-1.08829E-01 
-1.09477E-01 
-1.10126E-01 
-1.10774E-01 
-1.11420E-01 
-1.12059E-01 
-1.12699E-01 
-1.13339E-01 
-1.13980E-01 
-1.14620E-01 
-1.15259E-01 
-1.15895E-01 
-1.16528E-01 
-1.17156E-01 
-1.17780E-01 
-1.18398E-01 
-1.19010E-01 
-1.19615E-01 
-1.01171E-01 
-1.01704E-01 
-1.02233E-01 
-1.02760E-01 
-1.03290E-01 
-1.03823E-01 
-1.04358E-01 
-1.04773E-01 
-1.04894E-01 
-1.05473E-01 
-1.06053E-01 
-1.06632E-01 
-1.07210E-01 
-1.07781E-01 
-1.08352E-01 
-1.08925E-01 
-1.09497E-01 
-1.10069E-01 
-1.10640E-01 
-1.11208E-01 
-1.11774E-01 
-1.12336E-01 
-1.12893E-01 
-1.13445E-01 
-1.13992E-01 
-1.14533E-01 
-9.61459E-02 
-9.66162E-02 
-9.70834E-02 
-9.75484E-02 
-9.80163E-02 
-9.84866E-02 
-9.89586E-02 
-9.93248E-02 
-9.94320E-02 
-9.99432E-02 
-1.00455E-01 
-1.00966E-01 
-1.01476E-01 
-1.01980E-01 
-1.02484E-01 
-1.02990E-01 
-1.03495E-01 
-1.04000E-01 
-1.04504E-01 
-1.05006E-01 
-1.05505E-01 
-1.06000E-01 
-1.06492E-01 
-1.06980E-01 
-1.07463E-01 
-1.07940E-01 
-8.96251E-02 
-9.00341E-02 
-9.04404E-02 
-9.08448E-02 
-9.12517E-02 
-9.16606E-02 
-9.20711E-02 
-9.23895E-02 
-9.24827E-02 
-9.29273E-02 
-9.33721E-02 
-9.38166E-02 
-9.42603E-02 
-9.46985E-02 
-9.51371E-02 
-9.55765E-02 
-9.60162E-02 
-9.64553E-02 
-9.68933E-02 
-9.73296E-02 
-9.77636E-02 
-9.81948E-02 
-9.86226E-02 
-9.90466E-02 
-9.94664E-02 
-9.98815E-02 
-8.16271E-02 
-8.19759E-02 
-8.23223E-02 
-8.26672E-02 
-8.30142E-02 
-8.33629E-02 
-8.37129E-02 
-8.39845E-02 
-8.40640E-02 
-8.44431E-02 
-8.48224E-02 
-8.52014E-02 
-8.55798E-02 
-8.59535E-02 
-8.63275E-02 
-8.67022E-02 
-8.70771E-02 
-8.74516E-02 
-8.78251E-02 
-8.81972E-02 
-8.85673E-02 
-8.89350E-02 
-8.92998E-02 
-8.96614E-02 
-9.00194E-02 
-9.03733E-02 
-7.22996E-02 
-7.25899E-02 
-7.28784E-02 
-7.31655E-02 
-7.34544E-02 
-7.37448E-02 
-7.40363E-02 
-7.42624E-02 
-7.43286E-02 
-7.46442E-02 
-7.49600E-02 
-7.52756E-02 
-7.55907E-02 
-7.59018E-02 
-7.62132E-02 
-7.65252E-02 
-7.68374E-02 
-7.71492E-02 
-7.74602E-02 
-7.77700E-02 
-7.80781E-02 
-7.83843E-02 
-7.86881E-02 
-7.89891E-02 
-7.92872E-02 
-7.95819E-02 
-6.15388E-02 
-6.17717E-02 
-6.20032E-02 
-6.22335E-02 
-6.24652E-02 
-6.26982E-02 
-6.29320E-02 
-6.31133E-02 
-6.31664E-02 
-6.34197E-02 
-6.36730E-02 
-6.39262E-02 
-6.41789E-02 
-6.44285E-02 
-6.46783E-02 
-6.49286E-02 
-6.51790E-02 
-6.54291E-02 
-6.56786E-02 
-6.59271E-02 
-6.61743E-02 
-6.64199E-02 
-6.66636E-02 
-6.69051E-02 
-6.71442E-02 
-6.73807E-02 
-4.94915E-02 
-4.96685E-02 
-4.98444E-02 
-5.00195E-02 
-5.01957E-02 
-5.03728E-02 
-5.05505E-02 
-5.06884E-02 
-5.07287E-02 
-5.09212E-02 
-5.11138E-02 
-5.13062E-02 
-5.14983E-02 
-5.16881E-02 
-5.18780E-02 
-5.20682E-02 
-5.22586E-02 
-5.24487E-02 
-5.26383E-02 
-5.28272E-02 
-5.30152E-02 
-5.32018E-02 
-5.33871E-02 
-5.35707E-02 
-5.37524E-02 
-5.39321E-02 
-3.62279E-02 
-3.63507E-02 
-3.64728E-02 
-3.65942E-02 
-3.67164E-02 
-3.68392E-02 
-3.69625E-02 
-3.70582E-02 
-3.70862E-02 
-3.72197E-02 
-3.73533E-02 
-3.74868E-02 
-3.76200E-02 
-3.77517E-02 
-3.78834E-02 
-3.80154E-02 
-3.81474E-02 
-3.82793E-02 
-3.84109E-02 
-3.85419E-02 
-3.86722E-02 
-3.88017E-02 
-3.89302E-02 
-3.90576E-02 
-3.91837E-02 
-3.93083E-02 
-2.18241E-02 
-2.18944E-02 
-2.19642E-02 
-2.20337E-02 
-2.21036E-02 
-2.21739E-02 
-2.22445E-02 
-2.22992E-02 
-2.23152E-02 
-2.23916E-02 
-2.24681E-02 
-2.25445E-02 
-2.26207E-02 
-2.26960E-02 
-2.27714E-02 
-2.28469E-02 
-2.29225E-02 
-2.29980E-02 
-2.30732E-02 
-2.31482E-02 
-2.32228E-02 
-2.32969E-02 
-2.33705E-02 
-2.34433E-02 
-2.35155E-02 
-2.35868E-02 
-6.36359E-03 
-6.38310E-03 
-6.40249E-03 
-6.42178E-03 
-6.44119E-03 
-6.46070E-03 
-6.48028E-03 
-6.49548E-03 
-6.49992E-03 
-6.52113E-03 
-6.54235E-03 
-6.56356E-03 
-6.58472E-03 
-6.60563E-03 
-6.62656E-03 
-6.64752E-03 
-6.66849E-03 
-6.68944E-03 
-6.71034E-03 
-6.73116E-03 
-6.75186E-03 
-6.77243E-03 
-6.79284E-03 
-6.81307E-03 
-6.83310E-03 
-6.85290E-03 
1.00681E-02 
1.00976E-02 
1.01268E-02 
1.01560E-02 
1.01853E-02 
1.02147E-02 
1.02443E-02 
1.02672E-02 
1.02739E-02 
1.03059E-02 
1.03379E-02 
1.03699E-02 
1.04019E-02 
1.04334E-02 
1.04650E-02 
1.04967E-02 
1.05283E-02 
1.05599E-02 
1.05915E-02 
1.06229E-02 
1.06541E-02 
1.06852E-02 
1.07160E-02 
1.07465E-02 
1.07767E-02 
1.08066E-02 
2.73770E-02 
2.74536E-02 
2.75296E-02 
2.76052E-02 
2.76814E-02 
2.77579E-02 
2.78347E-02 
2.78943E-02 
2.79117E-02 
2.79949E-02 
2.80781E-02 
2.81613E-02 
2.82443E-02 
2.83263E-02 
2.84084E-02 
2.84906E-02 
2.85728E-02 
2.86550E-02 
2.87370E-02 
2.88186E-02 
2.88998E-02 
2.89805E-02 
2.90605E-02 
2.91399E-02 
2.92184E-02 
2.92961E-02 
4.54681E-02 
4.55898E-02 
4.57107E-02 
4.58310E-02 
4.59520E-02 
4.60737E-02 
4.61958E-02 
4.62905E-02 
4.63182E-02 
4.64505E-02 
4.65828E-02 
4.67150E-02 
4.68470E-02 
4.69774E-02 
4.71079E-02 
4.72386E-02 
4.73694E-02 
4.75000E-02 
4.76303E-02 
4.77601E-02 
4.78892E-02 
4.80175E-02 
4.81448E-02 
4.82709E-02 
4.83958E-02 
4.85193E-02 
6.42788E-02 
6.44437E-02 
6.46076E-02 
6.47706E-02 
6.49347E-02 
6.50996E-02 
6.52651E-02 
6.53935E-02 
6.54311E-02 
6.56104E-02 
6.57897E-02 
6.59689E-02 
6.61478E-02 
6.63245E-02 
6.65014E-02 
6.66786E-02 
6.68559E-02 
6.70329E-02 
6.72095E-02 
6.73855E-02 
6.75605E-02 
6.77343E-02 
6.79068E-02 
6.80778E-02 
6.82471E-02 
6.84144E-02 
8.35325E-02 
8.37384E-02 
8.39429E-02 
8.41464E-02 
8.43512E-02 
8.45570E-02 
8.47636E-02 
8.49239E-02 
8.49708E-02 
8.51945E-02 
8.54184E-02 
8.56421E-02 
8.58654E-02 
8.60859E-02 
8.63067E-02 
8.65279E-02 
8.67491E-02 
8.69701E-02 
8.71906E-02 
8.74101E-02 
8.76286E-02 
8.78456E-02 
8.80609E-02 
8.82743E-02 
8.84856E-02 
8.86945E-02 
1.03373E-01 
1.03618E-01 
1.03862E-01 
1.04104E-01 
1.04347E-01 
1.04592E-01 
1.04838E-01 
1.05029E-01 
1.05085E-01 
1.05351E-01 
1.05617E-01 
1.05884E-01 
1.06149E-01 
1.06412E-01 
1.06674E-01 
1.06938E-01 
1.07201E-01 
1.07464E-01 
1.07726E-01 
1.07988E-01 
1.08247E-01 
1.08506E-01 
1.08762E-01 
1.09016E-01 
1.09267E-01 
1.09516E-01 
1.23560E-01 
1.23842E-01 
1.24122E-01 
1.24401E-01 
1.24681E-01 
1.24963E-01 
1.25246E-01 
1.25465E-01 
1.25530E-01 
1.25836E-01 
1.26143E-01 
1.26449E-01 
1.26755E-01 
1.27057E-01 
1.27359E-01 
1.27662E-01 
1.27965E-01 
1.28268E-01 
1.28570E-01 
1.28870E-01 
1.29170E-01 
1.29467E-01 
1.29762E-01 
1.30054E-01 
1.30343E-01 
1.30629E-01 
1.43984E-01 
1.44301E-01 
1.44616E-01 
1.44929E-01 
1.45244E-01 
1.45560E-01 
1.45878E-01 
1.46125E-01 
1.46197E-01 
1.46541E-01 
1.46886E-01 
1.47230E-01 
1.47573E-01 
1.47913E-01 
1.48252E-01 
1.48593E-01 
1.48933E-01 
1.49273E-01 
1.49612E-01 
1.49950E-01 
1.50286E-01 
1.50620E-01 
1.50951E-01 
1.51280E-01 
1.51605E-01 
1.51926E-01 
1.64529E-01 
1.64878E-01 
1.65225E-01 
1.65571E-01 
1.65918E-01 
1.66267E-01 
1.66618E-01 
1.66890E-01 
1.66970E-01 
1.67349E-01 
1.67729E-01 
1.68109E-01 
1.68488E-01 
1.68862E-01 
1.69236E-01 
1.69612E-01 
1.69987E-01 
1.70362E-01 
1.70736E-01 
1.71109E-01 
1.71479E-01 
1.71848E-01 
1.72213E-01 
1.72575E-01 
1.72934E-01 
1.73288E-01 
1.85080E-01 
1.85460E-01 
1.85837E-01 
1.86212E-01 
1.86590E-01 
1.86969E-01 
1.87350E-01 
1.87646E-01 
1.87733E-01 
1.88145E-01 
1.88558E-01 
1.88971E-01 
1.89383E-01 
1.89789E-01 
1.90196E-01 
1.90604E-01 
1.91012E-01 
1.91420E-01 
1.91827E-01 
1.92232E-01 
1.92634E-01 
1.93035E-01 
1.93432E-01 
1.93825E-01 
1.94215E-01 
1.94600E-01 
2.05507E-01 
2.05914E-01 
2.06319E-01 
2.06722E-01 
2.07128E-01 
2.07536E-01 
2.07945E-01 
2.08262E-01 
2.08355E-01 
2.08799E-01 
2.09242E-01 
2.09685E-01 
2.10127E-01 
2.10564E-01 
2.11001E-01 
2.11440E-01 
2.11878E-01 
2.12316E-01 
2.12752E-01 
2.13187E-01 
2.13620E-01 
2.14050E-01 
2.14476E-01 
2.14899E-01 
2.15317E-01 
2.15731E-01 
2.25749E-01 
2.26182E-01 
2.26613E-01 
2.27042E-01 
2.27473E-01 
2.27907E-01 
2.28342E-01 
2.28679E-01 
2.28778E-01 
2.29249E-01 
2.29721E-01 
2.30192E-01 
2.30663E-01 
2.31127E-01 
2.31592E-01 
2.32058E-01 
2.32524E-01 
2.32989E-01 
2.33454E-01 
2.33916E-01 
2.34376E-01 
2.34834E-01 
2.35287E-01 
2.35737E-01 
2.36182E-01 
2.36622E-01 
2.45555E-01 
2.46012E-01 
2.46466E-01 
2.46918E-01 
2.47372E-01 
2.47829E-01 
2.48288E-01 
2.48644E-01 
2.48748E-01 
2.49245E-01 
2.49742E-01 
2.50238E-01 
2.50734E-01 
2.51224E-01 
2.51714E-01 
2.52205E-01 
2.52696E-01 
2.53187E-01 
2.53676E-01 
2.54164E-01 
2.54649E-01 
2.55131E-01 
2.55609E-01 
2.56083E-01 
2.56552E-01 
2.57016E-01 
2.64880E-01 
2.65358E-01 
2.65833E-01 
2.66306E-01 
2.66782E-01 
2.67260E-01 
2.67740E-01 
2.68112E-01 
2.68221E-01 
2.68741E-01 
2.69261E-01 
2.69781E-01 
2.70299E-01 
2.70812E-01 
2.71324E-01 
2.71838E-01 
2.72352E-01 
2.72865E-01 
2.73378E-01 
2.73888E-01 
2.74395E-01 
2.74899E-01 
2.75399E-01 
2.75895E-01 
2.76386E-01 
2.76871E-01 
2.83589E-01 
2.84086E-01 
2.84580E-01 
2.85071E-01 
2.85565E-01 
2.86062E-01 
2.86561E-01 
2.86948E-01 
2.87061E-01 
2.87601E-01 
2.88142E-01 
2.88682E-01 
2.89221E-01 
2.89753E-01 
2.90286E-01 
2.90820E-01 
2.91354E-01 
2.91888E-01 
2.92420E-01 
2.92950E-01 
2.93477E-01 
2.94001E-01 
2.94521E-01 
2.95036E-01 
2.95546E-01 
2.96050E-01 
3.01549E-01 
3.02062E-01 
3.02572E-01 
3.03080E-01 
3.03590E-01 
3.04103E-01 
3.04619E-01 
3.05018E-01 
3.05135E-01 
3.05693E-01 
3.06251E-01 
3.06809E-01 
3.07366E-01 
3.07916E-01 
3.08467E-01 
3.09018E-01 
3.09570E-01 
3.10121E-01 
3.10671E-01 
3.11218E-01 
3.11763E-01 
3.12304E-01 
3.12841E-01 
3.13373E-01 
3.13900E-01 
3.14421E-01 
3.18623E-01 
3.19150E-01 
3.19674E-01 
3.20196E-01 
3.20720E-01 
3.21247E-01 
3.21777E-01 
3.22187E-01 
3.22307E-01 
3.22880E-01 
3.23454E-01 
3.24027E-01 
3.24599E-01 
3.25164E-01 
3.25729E-01 
3.26296E-01 
3.26862E-01 
3.27428E-01 
3.27993E-01 
3.28555E-01 
3.29115E-01 
3.29671E-01 
3.30222E-01 
3.30769E-01 
3.31310E-01 
3.31845E-01 
3.34678E-01 
3.35216E-01 
3.35752E-01 
3.36284E-01 
3.36820E-01 
3.37359E-01 
3.37900E-01 
3.38319E-01 
3.38442E-01 
3.39028E-01 
3.39614E-01 
3.40199E-01 
3.40784E-01 
3.41361E-01 
3.41939E-01 
3.42518E-01 
3.43097E-01 
3.43675E-01 
3.44252E-01 
3.44827E-01 
3.45399E-01 
3.45967E-01 
3.46530E-01 
3.47089E-01 
3.47642E-01 
3.48189E-01 
3.49580E-01 
3.50128E-01 
3.50672E-01 
3.51214E-01 
3.51759E-01 
3.52307E-01 
3.52856E-01 
3.53283E-01 
3.53408E-01 
3.54003E-01 
3.54599E-01 
3.55194E-01 
3.55789E-01 
3.56376E-01 
3.56963E-01 
3.57552E-01 
3.58141E-01 
3.58729E-01 
3.59316E-01 
3.59900E-01 
3.60481E-01 
3.61059E-01 
3.61632E-01 
3.62200E-01 
3.62762E-01 
3.63318E-01 
3.63182E-01 
3.63736E-01 
3.64287E-01 
3.64835E-01 
3.65387E-01 
3.65941E-01 
3.66498E-01 
3.66929E-01 
3.67056E-01 
3.67658E-01 
3.68261E-01 
3.68864E-01 
3.69465E-01 
3.70059E-01 
3.70654E-01 
3.71250E-01 
3.71846E-01 
3.72441E-01 
3.73035E-01 
3.73626E-01 
3.74214E-01 
3.74799E-01 
3.75379E-01 
3.75954E-01 
3.76523E-01 
3.77085E-01 
---
