PdfType: replica
Format: lhagrid1
---
1.00000E-06 1.28121E-06 1.64152E-06 2.10317E-06 2.69463E-06 3.45242E-06 4.42329E-06 5.66715E-06 7.26076E-06 9.30241E-06 1.19180E-05 1.52689E-05 1.95617E-05 2.50609E-05 3.21053E-05 4.11287E-05 5.26863E-05 6.74889E-05 8.64459E-05 1.10720E-04 1.41800E-04 1.81585E-04 2.32503E-04 2.97652E-04 3.80981E-04 4.87518E-04 6.26039E-04 8.00452E-04 1.02297E-03 1.30657E-03 1.66759E-03 2.12729E-03 2.71054E-03 3.44865E-03 4.37927E-03 5.54908E-03 7.01192E-03 8.83064E-03 1.10763E-02 1.38266E-02 1.71641E-02 2.11717E-02 2.59364E-02 3.15062E-02 3.79623E-02 4.53425E-02 5.36750E-02 6.29705E-02 7.32221E-02 8.44039E-02 9.64793E-02 1.09332E-01 1.23067E-01 1.37507E-01 1.52639E-01 1.68416E-01 1.84794E-01 2.01731E-01 2.19016E-01 2.36948E-01 2.55242E-01 2.73927E-01 2.92954E-01 3.12340E-01 3.32036E-01 3.52019E-01 3.72282E-01 3.92772E-01 4.13533E-01 4.34326E-01 4.55495E-01 4.76836E-01 4.98342E-01 5.20006E-01 5.41818E-01 5.63773E-01 5.85861E-01 6.08077E-01 6.30459E-01 6.52800E-01 6.75387E-01 6.98063E-01 7.20830E-01 7.43683E-01 7.66623E-01 7.89636E-01 8.12791E-01 8.35940E-01 8.59175E-01 8.82485E-01 9.05866E-01 9.29311E-01 9.52817E-01 9.76387E-01 1.00000E+00 
1.14018E+00 1.22539E+00 1.32482E+00 1.44156E+00 1.57954E+00 1.74381E+00 1.94091E+00 2.12132E+00 2.17945E+00 2.49622E+00 2.89383E+00 3.39925E+00 4.05063E+00 4.90286E+00 6.03623E+00 7.57063E+00 9.68869E+00 1.26749E+01 1.69835E+01 2.33578E+01 3.30501E+01 4.82334E+01 7.28041E+01 1.13998E+02 1.85779E+02 3.16228E+02 
908
2.22201E-01 
2.17737E-01 
2.13344E-01 
2.09014E-01 
2.04694E-01 
2.00390E-01 
1.96106E-01 
1.92809E-01 
1.91848E-01 
1.87290E-01 
1.82772E-01 
1.78297E-01 
1.73872E-01 
1.69541E-01 
1.65245E-01 
1.60979E-01 
1.56747E-01 
1.52557E-01 
1.48412E-01 
1.44318E-01 
1.40279E-01 
1.36299E-01 
1.32380E-01 
1.28527E-01 
1.24742E-01 
1.21028E-01 
2.22200E-01 
2.17737E-01 
2.13344E-01 
2.09013E-01 
2.04693E-01 
2.00389E-01 
1.96106E-01 
1.92808E-01 
1.91847E-01 
1.87289E-01 
1.82771E-01 
1.78297E-01 
1.73871E-01 
1.69541E-01 
1.65245E-01 
1.60978E-01 
1.56747E-01 
1.52556E-01 
1.48411E-01 
1.44317E-01 
1.40278E-01 
1.36298E-01 
1.32380E-01 
1.28527E-01 
1.24742E-01 
1.21027E-01 
2.22199E-01 
2.17736E-01 
2.13343E-01 
2.09013E-01 
2.04693E-01 
2.00388E-01 
1.96105E-01 
1.92808E-01 
1.91847E-01 
1.87289E-01 
1.82770E-01 
1.78296E-01 
1.73870E-01 
1.69540E-01 
1.65244E-01 
1.60977E-01 
1.56746E-01 
1.52555E-01 
1.48411E-01 
1.44317E-01 
1.40278E-01 
1.36297E-01 
1.32379E-01 
1.28526E-01 
1.24741E-01 
1.21026E-01 
2.22198E-01 
2.17735E-01 
2.13342E-01 
2.09012E-01 
2.04692E-01 
2.00387E-01 
1.96104E-01 
1.92807E-01 
1.91846E-01 
1.87288E-01 
1.82769E-01 
1.78295E-01 
1.73869E-01 
1.69539E-01 
1.65243E-01 
1.60976E-01 
1.56745E-01 
1.52554E-01 
1.48410E-01 
1.44316E-01 
1.40277E-01 
1.36296E-01 
1.32378E-01 
1.28525E-01 
1.24740E-01 
1.21025E-01 
2.22197E-01 
2.17734E-01 
2.13341E-01 
2.09010E-01 
2.04690E-01 
2.00386E-01 
1.96102E-01 
1.92805E-01 
1.91844E-01 
1.87286E-01 
1.82768E-01 
1.78294E-01 
1.73868E-01 
1.69538E-01 
1.65242E-01 
1.60975E-01 
1.56744E-01 
1.52553E-01 
1.48408E-01 
1.44314E-01 
1.40275E-01 
1.36295E-01 
1.32377E-01 
1.28524E-01 
1.24739E-01 
1.21024E-01 
2.22195E-01 
2.17732E-01 
2.13339E-01 
2.09008E-01 
2.04688E-01 
2.00384E-01 
1.96101E-01 
1.92804E-01 
1.91843E-01 
1.87285E-01 
1.82766E-01 
1.78292E-01 
1.73866E-01 
1.69536E-01 
1.65240E-01 
1.60973E-01 
1.56742E-01 
1.52551E-01 
1.48407E-01 
1.44313E-01 
1.40274E-01 
1.36293E-01 
1.32375E-01 
1.28522E-01 
1.24737E-01 
1.21022E-01 
2.22193E-01 
2.17730E-01 
2.13337E-01 
2.09006E-01 
2.04686E-01 
2.00382E-01 
1.96099E-01 
1.92801E-01 
1.91840E-01 
1.87282E-01 
1.82764E-01 
1.78290E-01 
1.73864E-01 
1.69534E-01 
1.65238E-01 
1.60971E-01 
1.56740E-01 
1.52549E-01 
1.48405E-01 
1.44311E-01 
1.40272E-01 
1.36291E-01 
1.32373E-01 
1.28520E-01 
1.24735E-01 
1.21020E-01 
2.22190E-01 
2.17727E-01 
2.13334E-01 
2.09003E-01 
2.04683E-01 
2.00379E-01 
1.96096E-01 
1.92799E-01 
1.91838E-01 
1.87280E-01 
1.82761E-01 
1.78287E-01 
1.73861E-01 
1.69531E-01 
1.65235E-01 
1.60969E-01 
1.56737E-01 
1.52547E-01 
1.48402E-01 
1.44308E-01 
1.40269E-01 
1.36289E-01 
1.32370E-01 
1.28518E-01 
1.24732E-01 
1.21018E-01 
2.22187E-01 
2.17723E-01 
2.13330E-01 
2.09000E-01 
2.04680E-01 
2.00376E-01 
1.96092E-01 
1.92795E-01 
1.91834E-01 
1.87276E-01 
1.82758E-01 
1.78284E-01 
1.73858E-01 
1.69528E-01 
1.65232E-01 
1.60965E-01 
1.56734E-01 
1.52543E-01 
1.48399E-01 
1.44305E-01 
1.40265E-01 
1.36285E-01 
1.32367E-01 
1.28514E-01 
1.24729E-01 
1.21014E-01 
2.22182E-01 
2.17718E-01 
2.13326E-01 
2.08995E-01 
2.04675E-01 
2.00371E-01 
1.96088E-01 
1.92790E-01 
1.91830E-01 
1.87272E-01 
1.82753E-01 
1.78279E-01 
1.73853E-01 
1.69523E-01 
1.65227E-01 
1.60961E-01 
1.56729E-01 
1.52539E-01 
1.48394E-01 
1.44300E-01 
1.40261E-01 
1.36281E-01 
1.32363E-01 
1.28510E-01 
1.24725E-01 
1.21010E-01 
2.22176E-01 
2.17713E-01 
2.13320E-01 
2.08989E-01 
2.04669E-01 
2.00365E-01 
1.96082E-01 
1.92785E-01 
1.91824E-01 
1.87266E-01 
1.82748E-01 
1.78273E-01 
1.73848E-01 
1.69517E-01 
1.65221E-01 
1.60955E-01 
1.56724E-01 
1.52533E-01 
1.48388E-01 
1.44295E-01 
1.40255E-01 
1.36275E-01 
1.32357E-01 
1.28504E-01 
1.24719E-01 
1.21004E-01 
2.22168E-01 
2.17705E-01 
2.13312E-01 
2.08982E-01 
2.04662E-01 
2.00358E-01 
1.96074E-01 
1.92777E-01 
1.91816E-01 
1.87258E-01 
1.82740E-01 
1.78266E-01 
1.73840E-01 
1.69510E-01 
1.65214E-01 
1.60948E-01 
1.56716E-01 
1.52526E-01 
1.48381E-01 
1.44287E-01 
1.40248E-01 
1.36268E-01 
1.32350E-01 
1.28497E-01 
1.24712E-01 
1.20997E-01 
2.22159E-01 
2.17695E-01 
2.13302E-01 
2.08972E-01 
2.04652E-01 
2.00348E-01 
1.96065E-01 
1.92768E-01 
1.91807E-01 
1.87249E-01 
1.82731E-01 
1.78256E-01 
1.73831E-01 
1.69500E-01 
1.65205E-01 
1.60938E-01 
1.56707E-01 
1.52516E-01 
1.48372E-01 
1.44278E-01 
1.40239E-01 
1.36259E-01 
1.32341E-01 
1.28488E-01 
1.24703E-01 
1.20988E-01 
2.22146E-01 
2.17683E-01 
2.13290E-01 
2.08960E-01 
2.04640E-01 
2.00336E-01 
1.96052E-01 
1.92755E-01 
1.91794E-01 
1.87237E-01 
1.82718E-01 
1.78244E-01 
1.73819E-01 
1.69488E-01 
1.65193E-01 
1.60926E-01 
1.56695E-01 
1.52505E-01 
1.48360E-01 
1.44266E-01 
1.40227E-01 
1.36247E-01 
1.32329E-01 
1.28476E-01 
1.24691E-01 
1.20977E-01 
2.22130E-01 
2.17667E-01 
2.13274E-01 
2.08944E-01 
2.04624E-01 
2.00320E-01 
1.96037E-01 
1.92740E-01 
1.91779E-01 
1.87221E-01 
1.82703E-01 
1.78229E-01 
1.73803E-01 
1.69473E-01 
1.65177E-01 
1.60911E-01 
1.56680E-01 
1.52489E-01 
1.48345E-01 
1.44251E-01 
1.40212E-01 
1.36232E-01 
1.32314E-01 
1.28461E-01 
1.24676E-01 
1.20962E-01 
2.22109E-01 
2.17646E-01 
2.13253E-01 
2.08923E-01 
2.04604E-01 
2.00300E-01 
1.96016E-01 
1.92719E-01 
1.91759E-01 
1.87201E-01 
1.82683E-01 
1.78209E-01 
1.73783E-01 
1.69453E-01 
1.65158E-01 
1.60891E-01 
1.56660E-01 
1.52470E-01 
1.48325E-01 
1.44232E-01 
1.40193E-01 
1.36213E-01 
1.32295E-01 
1.28442E-01 
1.24657E-01 
1.20942E-01 
2.22083E-01 
2.17620E-01 
2.13227E-01 
2.08897E-01 
2.04578E-01 
2.00274E-01 
1.95991E-01 
1.92694E-01 
1.91733E-01 
1.87175E-01 
1.82657E-01 
1.78183E-01 
1.73758E-01 
1.69428E-01 
1.65132E-01 
1.60866E-01 
1.56635E-01 
1.52445E-01 
1.48300E-01 
1.44207E-01 
1.40168E-01 
1.36188E-01 
1.32270E-01 
1.28417E-01 
1.24633E-01 
1.20918E-01 
2.22049E-01 
2.17586E-01 
2.13194E-01 
2.08864E-01 
2.04544E-01 
2.00241E-01 
1.95957E-01 
1.92661E-01 
1.91700E-01 
1.87142E-01 
1.82624E-01 
1.78151E-01 
1.73725E-01 
1.69395E-01 
1.65100E-01 
1.60834E-01 
1.56603E-01 
1.52412E-01 
1.48268E-01 
1.44175E-01 
1.40136E-01 
1.36156E-01 
1.32238E-01 
1.28386E-01 
1.24601E-01 
1.20887E-01 
2.22006E-01 
2.17543E-01 
2.13151E-01 
2.08821E-01 
2.04502E-01 
2.00198E-01 
1.95915E-01 
1.92618E-01 
1.91657E-01 
1.87100E-01 
1.82582E-01 
1.78109E-01 
1.73684E-01 
1.69354E-01 
1.65058E-01 
1.60792E-01 
1.56561E-01 
1.52371E-01 
1.48227E-01 
1.44134E-01 
1.40095E-01 
1.36115E-01 
1.32198E-01 
1.28345E-01 
1.24561E-01 
1.20846E-01 
2.21951E-01 
2.17488E-01 
2.13096E-01 
2.08766E-01 
2.04447E-01 
2.00144E-01 
1.95861E-01 
1.92564E-01 
1.91603E-01 
1.87046E-01 
1.82529E-01 
1.78055E-01 
1.73630E-01 
1.69300E-01 
1.65005E-01 
1.60739E-01 
1.56509E-01 
1.52319E-01 
1.48175E-01 
1.44081E-01 
1.40043E-01 
1.36063E-01 
1.32146E-01 
1.28294E-01 
1.24509E-01 
1.20795E-01 
2.21880E-01 
2.17418E-01 
2.13026E-01 
2.08696E-01 
2.04377E-01 
2.00074E-01 
1.95791E-01 
1.92495E-01 
1.91534E-01 
1.86977E-01 
1.82460E-01 
1.77986E-01 
1.73562E-01 
1.69232E-01 
1.64937E-01 
1.60671E-01 
1.56441E-01 
1.52251E-01 
1.48108E-01 
1.44014E-01 
1.39976E-01 
1.35997E-01 
1.32079E-01 
1.28227E-01 
1.24443E-01 
1.20729E-01 
2.21789E-01 
2.17327E-01 
2.12935E-01 
2.08606E-01 
2.04288E-01 
1.99985E-01 
1.95702E-01 
1.92406E-01 
1.91445E-01 
1.86889E-01 
1.82371E-01 
1.77898E-01 
1.73474E-01 
1.69145E-01 
1.64850E-01 
1.60585E-01 
1.56354E-01 
1.52165E-01 
1.48022E-01 
1.43929E-01 
1.39891E-01 
1.35911E-01 
1.31994E-01 
1.28143E-01 
1.24359E-01 
1.20645E-01 
2.21674E-01 
2.17212E-01 
2.12820E-01 
2.08491E-01 
2.04173E-01 
1.99870E-01 
1.95588E-01 
1.92292E-01 
1.91332E-01 
1.86775E-01 
1.82259E-01 
1.77786E-01 
1.73362E-01 
1.69033E-01 
1.64739E-01 
1.60474E-01 
1.56244E-01 
1.52055E-01 
1.47911E-01 
1.43819E-01 
1.39781E-01 
1.35802E-01 
1.31886E-01 
1.28034E-01 
1.24250E-01 
1.20537E-01 
2.21525E-01 
2.17064E-01 
2.12673E-01 
2.08344E-01 
2.04026E-01 
1.99724E-01 
1.95443E-01 
1.92147E-01 
1.91186E-01 
1.86631E-01 
1.82114E-01 
1.77642E-01 
1.73218E-01 
1.68890E-01 
1.64596E-01 
1.60331E-01 
1.56102E-01 
1.51913E-01 
1.47771E-01 
1.43678E-01 
1.39641E-01 
1.35663E-01 
1.31746E-01 
1.27895E-01 
1.24112E-01 
1.20399E-01 
2.21335E-01 
2.16875E-01 
2.12484E-01 
2.08156E-01 
2.03839E-01 
1.99537E-01 
1.95256E-01 
1.91961E-01 
1.91001E-01 
1.86445E-01 
1.81930E-01 
1.77458E-01 
1.73035E-01 
1.68707E-01 
1.64414E-01 
1.60150E-01 
1.55921E-01 
1.51733E-01 
1.47591E-01 
1.43499E-01 
1.39462E-01 
1.35484E-01 
1.31568E-01 
1.27718E-01 
1.23935E-01 
1.20222E-01 
2.21093E-01 
2.16633E-01 
2.12243E-01 
2.07916E-01 
2.03599E-01 
1.99299E-01 
1.95018E-01 
1.91723E-01 
1.90763E-01 
1.86209E-01 
1.81694E-01 
1.77223E-01 
1.72801E-01 
1.68473E-01 
1.64181E-01 
1.59917E-01 
1.55689E-01 
1.51502E-01 
1.47360E-01 
1.43269E-01 
1.39233E-01 
1.35256E-01 
1.31341E-01 
1.27491E-01 
1.23709E-01 
1.19997E-01 
2.20778E-01 
2.16319E-01 
2.11930E-01 
2.07604E-01 
2.03288E-01 
1.98988E-01 
1.94709E-01 
1.91415E-01 
1.90455E-01 
1.85901E-01 
1.81387E-01 
1.76917E-01 
1.72496E-01 
1.68170E-01 
1.63878E-01 
1.59616E-01 
1.55388E-01 
1.51202E-01 
1.47061E-01 
1.42971E-01 
1.38936E-01 
1.34960E-01 
1.31045E-01 
1.27196E-01 
1.23415E-01 
1.19703E-01 
2.20381E-01 
2.15923E-01 
2.11536E-01 
2.07211E-01 
2.02896E-01 
1.98597E-01 
1.94319E-01 
1.91026E-01 
1.90066E-01 
1.85514E-01 
1.81001E-01 
1.76533E-01 
1.72112E-01 
1.67787E-01 
1.63497E-01 
1.59236E-01 
1.55009E-01 
1.50824E-01 
1.46685E-01 
1.42596E-01 
1.38562E-01 
1.34586E-01 
1.30673E-01 
1.26825E-01 
1.23045E-01 
1.19334E-01 
2.19875E-01 
2.15419E-01 
2.11033E-01 
2.06710E-01 
2.02396E-01 
1.98099E-01 
1.93822E-01 
1.90531E-01 
1.89571E-01 
1.85020E-01 
1.80509E-01 
1.76042E-01 
1.71624E-01 
1.67300E-01 
1.63011E-01 
1.58751E-01 
1.54526E-01 
1.50343E-01 
1.46205E-01 
1.42117E-01 
1.38084E-01 
1.34110E-01 
1.30198E-01 
1.26352E-01 
1.22573E-01 
1.18864E-01 
2.19231E-01 
2.14777E-01 
2.10393E-01 
2.06071E-01 
2.01760E-01 
1.97465E-01 
1.93190E-01 
1.89899E-01 
1.88940E-01 
1.84392E-01 
1.79883E-01 
1.75417E-01 
1.71001E-01 
1.66679E-01 
1.62392E-01 
1.58134E-01 
1.53911E-01 
1.49729E-01 
1.45593E-01 
1.41507E-01 
1.37477E-01 
1.33504E-01 
1.29594E-01 
1.25749E-01 
1.21972E-01 
1.18264E-01 
2.18412E-01 
2.13960E-01 
2.09578E-01 
2.05259E-01 
2.00951E-01 
1.96658E-01 
1.92385E-01 
1.89097E-01 
1.88138E-01 
1.83592E-01 
1.79086E-01 
1.74623E-01 
1.70209E-01 
1.65890E-01 
1.61605E-01 
1.57349E-01 
1.53129E-01 
1.48949E-01 
1.44815E-01 
1.40732E-01 
1.36703E-01 
1.32734E-01 
1.28826E-01 
1.24983E-01 
1.21207E-01 
1.17502E-01 
2.17370E-01 
2.12921E-01 
2.08543E-01 
2.04227E-01 
1.99921E-01 
1.95631E-01 
1.91362E-01 
1.88076E-01 
1.87118E-01 
1.82575E-01 
1.78072E-01 
1.73612E-01 
1.69201E-01 
1.64885E-01 
1.60604E-01 
1.56351E-01 
1.52134E-01 
1.47957E-01 
1.43826E-01 
1.39746E-01 
1.35720E-01 
1.31753E-01 
1.27848E-01 
1.24008E-01 
1.20235E-01 
1.16533E-01 
2.16050E-01 
2.11605E-01 
2.07231E-01 
2.02919E-01 
1.98617E-01 
1.94331E-01 
1.90066E-01 
1.86782E-01 
1.85825E-01 
1.81287E-01 
1.76787E-01 
1.72332E-01 
1.67925E-01 
1.63613E-01 
1.59335E-01 
1.55087E-01 
1.50873E-01 
1.46700E-01 
1.42573E-01 
1.38497E-01 
1.34475E-01 
1.30511E-01 
1.26610E-01 
1.22773E-01 
1.19004E-01 
1.15305E-01 
2.14382E-01 
2.09942E-01 
2.05573E-01 
2.01266E-01 
1.96969E-01 
1.92688E-01 
1.88428E-01 
1.85148E-01 
1.84193E-01 
1.79659E-01 
1.75165E-01 
1.70715E-01 
1.66313E-01 
1.62006E-01 
1.57733E-01 
1.53490E-01 
1.49281E-01 
1.45113E-01 
1.40991E-01 
1.36919E-01 
1.32901E-01 
1.28943E-01 
1.25045E-01 
1.21213E-01 
1.17449E-01 
1.13754E-01 
2.12284E-01 
2.07851E-01 
2.03488E-01 
1.99188E-01 
1.94897E-01 
1.90622E-01 
1.86368E-01 
1.83093E-01 
1.82139E-01 
1.77612E-01 
1.73125E-01 
1.68681E-01 
1.64286E-01 
1.59985E-01 
1.55718E-01 
1.51481E-01 
1.47278E-01 
1.43116E-01 
1.39000E-01 
1.34934E-01 
1.30923E-01 
1.26969E-01 
1.23078E-01 
1.19252E-01 
1.15492E-01 
1.11803E-01 
2.09655E-01 
2.05230E-01 
2.00875E-01 
1.96582E-01 
1.92300E-01 
1.88033E-01 
1.83786E-01 
1.80518E-01 
1.79565E-01 
1.75047E-01 
1.70567E-01 
1.66132E-01 
1.61745E-01 
1.57452E-01 
1.53193E-01 
1.48963E-01 
1.44768E-01 
1.40614E-01 
1.36505E-01 
1.32447E-01 
1.28443E-01 
1.24497E-01 
1.20613E-01 
1.16793E-01 
1.13041E-01 
1.09358E-01 
2.06379E-01 
2.01964E-01 
1.97619E-01 
1.93336E-01 
1.89064E-01 
1.84807E-01 
1.80570E-01 
1.77309E-01 
1.76358E-01 
1.71850E-01 
1.67381E-01 
1.62956E-01 
1.58579E-01 
1.54296E-01 
1.50047E-01 
1.45827E-01 
1.41642E-01 
1.37497E-01 
1.33398E-01 
1.29348E-01 
1.25354E-01 
1.21417E-01 
1.17541E-01 
1.13731E-01 
1.09987E-01 
1.06313E-01 
2.02325E-01 
1.97923E-01 
1.93590E-01 
1.89320E-01 
1.85059E-01 
1.80814E-01 
1.76590E-01 
1.73338E-01 
1.72390E-01 
1.67895E-01 
1.63439E-01 
1.59026E-01 
1.54661E-01 
1.50390E-01 
1.46154E-01 
1.41946E-01 
1.37773E-01 
1.33640E-01 
1.29552E-01 
1.25515E-01 
1.21531E-01 
1.17606E-01 
1.13741E-01 
1.09942E-01 
1.06209E-01 
1.02545E-01 
1.97347E-01 
1.92961E-01 
1.88644E-01 
1.84388E-01 
1.80143E-01 
1.75913E-01 
1.71703E-01 
1.68463E-01 
1.67519E-01 
1.63039E-01 
1.58599E-01 
1.54202E-01 
1.49853E-01 
1.45597E-01 
1.41375E-01 
1.37182E-01 
1.33024E-01 
1.28905E-01 
1.24832E-01 
1.20809E-01 
1.16840E-01 
1.12928E-01 
1.09077E-01 
1.05291E-01 
1.01571E-01 
9.79205E-02 
1.91294E-01 
1.86927E-01 
1.82628E-01 
1.78391E-01 
1.74164E-01 
1.69952E-01 
1.65761E-01 
1.62535E-01 
1.61595E-01 
1.57135E-01 
1.52714E-01 
1.48336E-01 
1.44005E-01 
1.39768E-01 
1.35565E-01 
1.31390E-01 
1.27250E-01 
1.23149E-01 
1.19094E-01 
1.15088E-01 
1.11136E-01 
1.07241E-01 
1.03407E-01 
9.96372E-02 
9.59337E-02 
9.22987E-02 
1.84011E-01 
1.79667E-01 
1.75391E-01 
1.71176E-01 
1.66972E-01 
1.62782E-01 
1.58613E-01 
1.55404E-01 
1.54469E-01 
1.50032E-01 
1.45635E-01 
1.41280E-01 
1.36972E-01 
1.32757E-01 
1.28576E-01 
1.24423E-01 
1.20305E-01 
1.16226E-01 
1.12192E-01 
1.08207E-01 
1.04276E-01 
1.00402E-01 
9.65884E-02 
9.28383E-02 
8.91543E-02 
8.55386E-02 
1.75357E-01 
1.71040E-01 
1.66792E-01 
1.62604E-01 
1.58426E-01 
1.54263E-01 
1.50120E-01 
1.46932E-01 
1.46002E-01 
1.41594E-01 
1.37224E-01 
1.32897E-01 
1.28617E-01 
1.24429E-01 
1.20274E-01 
1.16148E-01 
1.12056E-01 
1.08003E-01 
1.03994E-01 
1.00035E-01 
9.61287E-02 
9.22793E-02 
8.84899E-02 
8.47637E-02 
8.11031E-02 
7.75104E-02 
1.65196E-01 
1.60912E-01 
1.56696E-01 
1.52540E-01 
1.48393E-01 
1.44262E-01 
1.40151E-01 
1.36986E-01 
1.36064E-01 
1.31689E-01 
1.27353E-01 
1.23058E-01 
1.18811E-01 
1.14654E-01 
1.10531E-01 
1.06436E-01 
1.02375E-01 
9.83529E-02 
9.43749E-02 
9.04456E-02 
8.65689E-02 
8.27486E-02 
7.89880E-02 
7.52900E-02 
7.16572E-02 
6.80917E-02 
1.53495E-01 
1.49249E-01 
1.45070E-01 
1.40951E-01 
1.36842E-01 
1.32747E-01 
1.28673E-01 
1.25536E-01 
1.24622E-01 
1.20286E-01 
1.15988E-01 
1.11732E-01 
1.07522E-01 
1.03403E-01 
9.93164E-02 
9.52578E-02 
9.12327E-02 
8.72464E-02 
8.33038E-02 
7.94094E-02 
7.55673E-02 
7.17810E-02 
6.80539E-02 
6.43888E-02 
6.07883E-02 
5.72545E-02 
1.40168E-01 
1.35966E-01 
1.31830E-01 
1.27754E-01 
1.23687E-01 
1.19635E-01 
1.15603E-01 
1.12499E-01 
1.11594E-01 
1.07303E-01 
1.03050E-01 
9.88377E-02 
9.46714E-02 
9.05948E-02 
8.65507E-02 
8.25342E-02 
7.85508E-02 
7.46058E-02 
7.07041E-02 
6.68501E-02 
6.30477E-02 
5.93007E-02 
5.56122E-02 
5.19851E-02 
4.84219E-02 
4.49248E-02 
1.25241E-01 
1.21089E-01 
1.17003E-01 
1.12975E-01 
1.08957E-01 
1.04953E-01 
1.00969E-01 
9.79020E-02 
9.70081E-02 
9.27685E-02 
8.85656E-02 
8.44038E-02 
8.02872E-02 
7.62591E-02 
7.22632E-02 
6.82945E-02 
6.43586E-02 
6.04606E-02 
5.66054E-02 
5.27973E-02 
4.90402E-02 
4.53378E-02 
4.16933E-02 
3.81094E-02 
3.45887E-02 
3.11332E-02 
1.08782E-01 
1.04686E-01 
1.00655E-01 
9.66817E-02 
9.27177E-02 
8.87683E-02 
8.48378E-02 
8.18124E-02 
8.09306E-02 
7.67483E-02 
7.26024E-02 
6.84969E-02 
6.44360E-02 
6.04624E-02 
5.65207E-02 
5.26057E-02 
4.87231E-02 
4.48779E-02 
4.10748E-02 
3.73183E-02 
3.36121E-02 
2.99598E-02 
2.63646E-02 
2.28292E-02 
1.93561E-02 
1.59475E-02 
9.09067E-02 
8.68734E-02 
8.29038E-02 
7.89908E-02 
7.50872E-02 
7.11978E-02 
6.73272E-02 
6.43477E-02 
6.34794E-02 
5.93607E-02 
5.52779E-02 
5.12349E-02 
4.72357E-02 
4.33226E-02 
3.94408E-02 
3.55854E-02 
3.17618E-02 
2.79751E-02 
2.42299E-02 
2.05305E-02 
1.68807E-02 
1.32840E-02 
9.74347E-03 
6.26189E-03 
2.84164E-03 
-5.15186E-04 
7.17830E-02 
6.78180E-02 
6.39155E-02 
6.00688E-02 
5.62312E-02 
5.24076E-02 
4.86024E-02 
4.56734E-02 
4.48198E-02 
4.07708E-02 
3.67570E-02 
3.27824E-02 
2.88509E-02 
2.50040E-02 
2.11878E-02 
1.73976E-02 
1.36387E-02 
9.91611E-03 
6.23428E-03 
2.59744E-03 
-9.90615E-04 
-4.52647E-03 
-8.00711E-03 
-1.14298E-02 
-1.47922E-02 
-1.80922E-02 
5.16219E-02 
4.77307E-02 
4.39010E-02 
4.01258E-02 
3.63597E-02 
3.26074E-02 
2.88731E-02 
2.59986E-02 
2.51608E-02 
2.11873E-02 
1.72482E-02 
1.33476E-02 
9.48937E-03 
5.71410E-03 
1.96903E-03 
-1.75057E-03 
-5.43945E-03 
-9.09275E-03 
-1.27060E-02 
-1.62751E-02 
-1.97963E-02 
-2.32663E-02 
-2.66822E-02 
-3.00411E-02 
-3.33409E-02 
-3.65794E-02 
3.06575E-02 
2.68454E-02 
2.30934E-02 
1.93950E-02 
1.57054E-02 
1.20294E-02 
8.37091E-03 
5.55483E-03 
4.73412E-03 
8.41296E-04 
-3.01772E-03 
-6.83903E-03 
-1.06189E-02 
-1.43174E-02 
-1.79864E-02 
-2.16304E-02 
-2.52443E-02 
-2.88234E-02 
-3.23632E-02 
-3.58598E-02 
-3.93095E-02 
-4.27090E-02 
-4.60554E-02 
-4.93461E-02 
-5.25788E-02 
-5.57515E-02 
9.25318E-03 
5.52441E-03 
1.85456E-03 
-1.76295E-03 
-5.37184E-03 
-8.96749E-03 
-1.25459E-02 
-1.53004E-02 
-1.61031E-02 
-1.99108E-02 
-2.36854E-02 
-2.74231E-02 
-3.11203E-02 
-3.47380E-02 
-3.83267E-02 
-4.18910E-02 
-4.54258E-02 
-4.89266E-02 
-5.23890E-02 
-5.58091E-02 
-5.91833E-02 
-6.25084E-02 
-6.57816E-02 
-6.90003E-02 
-7.21623E-02 
-7.52657E-02 
-1.25985E-02 
-1.62390E-02 
-1.98220E-02 
-2.33539E-02 
-2.68774E-02 
-3.03880E-02 
-3.38817E-02 
-3.65710E-02 
-3.73548E-02 
-4.10723E-02 
-4.47576E-02 
-4.84069E-02 
-5.20166E-02 
-5.55486E-02 
-5.90524E-02 
-6.25324E-02 
-6.59836E-02 
-6.94015E-02 
-7.27820E-02 
-7.61211E-02 
-7.94155E-02 
-8.26619E-02 
-8.58577E-02 
-8.90002E-02 
-9.20874E-02 
-9.51173E-02 
-3.44505E-02 
-3.79992E-02 
-4.14919E-02 
-4.49348E-02 
-4.83694E-02 
-5.17915E-02 
-5.51971E-02 
-5.78186E-02 
-5.85826E-02 
-6.22065E-02 
-6.57988E-02 
-6.93561E-02 
-7.28748E-02 
-7.63178E-02 
-7.97332E-02 
-8.31254E-02 
-8.64896E-02 
-8.98214E-02 
-9.31166E-02 
-9.63716E-02 
-9.95829E-02 
-1.02747E-01 
-1.05863E-01 
-1.08926E-01 
-1.11935E-01 
-1.14889E-01 
-5.61367E-02 
-5.95903E-02 
-6.29894E-02 
-6.63400E-02 
-6.96826E-02 
-7.30129E-02 
-7.63273E-02 
-7.88785E-02 
-7.96220E-02 
-8.31488E-02 
-8.66448E-02 
-9.01068E-02 
-9.35311E-02 
-9.68819E-02 
-1.00206E-01 
-1.03507E-01 
-1.06781E-01 
-1.10024E-01 
-1.13231E-01 
-1.16398E-01 
-1.19523E-01 
-1.22603E-01 
-1.25635E-01 
-1.28616E-01 
-1.31545E-01 
-1.34419E-01 
-7.74483E-02 
-8.08039E-02 
-8.41066E-02 
-8.73621E-02 
-9.06098E-02 
-9.38457E-02 
-9.70660E-02 
-9.95449E-02 
-1.00267E-01 
-1.03694E-01 
-1.07091E-01 
-1.10455E-01 
-1.13782E-01 
-1.17037E-01 
-1.20267E-01 
-1.23475E-01 
-1.26656E-01 
-1.29806E-01 
-1.32922E-01 
-1.36000E-01 
-1.39037E-01 
-1.42029E-01 
-1.44975E-01 
-1.47871E-01 
-1.50717E-01 
-1.53510E-01 
-9.81949E-02 
-1.01450E-01 
-1.04654E-01 
-1.07812E-01 
-1.10962E-01 
-1.14101E-01 
-1.17225E-01 
-1.19630E-01 
-1.20331E-01 
-1.23655E-01 
-1.26950E-01 
-1.30213E-01 
-1.33441E-01 
-1.36599E-01 
-1.39732E-01 
-1.42843E-01 
-1.45929E-01 
-1.48986E-01 
-1.52008E-01 
-1.54994E-01 
-1.57940E-01 
-1.60842E-01 
-1.63700E-01 
-1.66510E-01 
-1.69270E-01 
-1.71979E-01 
-1.18203E-01 
-1.21356E-01 
-1.24459E-01 
-1.27517E-01 
-1.30569E-01 
-1.33609E-01 
-1.36634E-01 
-1.38963E-01 
-1.39642E-01 
-1.42861E-01 
-1.46053E-01 
-1.49213E-01 
-1.52339E-01 
-1.55398E-01 
-1.58432E-01 
-1.61446E-01 
-1.64434E-01 
-1.67394E-01 
-1.70322E-01 
-1.73213E-01 
-1.76066E-01 
-1.78878E-01 
-1.81645E-01 
-1.84367E-01 
-1.87040E-01 
-1.89664E-01 
-1.37138E-01 
-1.40187E-01 
-1.43188E-01 
-1.46147E-01 
-1.49098E-01 
-1.52039E-01 
-1.54965E-01 
-1.57218E-01 
-1.57875E-01 
-1.60989E-01 
-1.64076E-01 
-1.67132E-01 
-1.70156E-01 
-1.73115E-01 
-1.76050E-01 
-1.78964E-01 
-1.81855E-01 
-1.84718E-01 
-1.87550E-01 
-1.90347E-01 
-1.93107E-01 
-1.95826E-01 
-1.98503E-01 
-2.01135E-01 
-2.03721E-01 
-2.06259E-01 
-1.55230E-01 
-1.58174E-01 
-1.61071E-01 
-1.63927E-01 
-1.66776E-01 
-1.69615E-01 
-1.72440E-01 
-1.74615E-01 
-1.75249E-01 
-1.78255E-01 
-1.81235E-01 
-1.84186E-01 
-1.87105E-01 
-1.89961E-01 
-1.92795E-01 
-1.95609E-01 
-1.98400E-01 
-2.01164E-01 
-2.03897E-01 
-2.06597E-01 
-2.09261E-01 
-2.11887E-01 
-2.14471E-01 
-2.17012E-01 
-2.19508E-01 
-2.21959E-01 
-1.72096E-01 
-1.74934E-01 
-1.77727E-01 
-1.80480E-01 
-1.83227E-01 
-1.85963E-01 
-1.88687E-01 
-1.90783E-01 
-1.91394E-01 
-1.94292E-01 
-1.97165E-01 
-2.00009E-01 
-2.02823E-01 
-2.05576E-01 
-2.08307E-01 
-2.11020E-01 
-2.13710E-01 
-2.16375E-01 
-2.19010E-01 
-2.21613E-01 
-2.24181E-01 
-2.26711E-01 
-2.29202E-01 
-2.31652E-01 
-2.34059E-01 
-2.36420E-01 
-1.87704E-01 
-1.90435E-01 
-1.93123E-01 
-1.95773E-01 
-1.98416E-01 
-2.01050E-01 
-2.03671E-01 
-2.05688E-01 
-2.06276E-01 
-2.09065E-01 
-2.11830E-01 
-2.14567E-01 
-2.17275E-01 
-2.19925E-01 
-2.22554E-01 
-2.25164E-01 
-2.27754E-01 
-2.30318E-01 
-2.32854E-01 
-2.35359E-01 
-2.37830E-01 
-2.40266E-01 
-2.42663E-01 
-2.45021E-01 
-2.47337E-01 
-2.49610E-01 
-2.01958E-01 
-2.04582E-01 
-2.07165E-01 
-2.09711E-01 
-2.12250E-01 
-2.14781E-01 
-2.17299E-01 
-2.19238E-01 
-2.19803E-01 
-2.22483E-01 
-2.25139E-01 
-2.27770E-01 
-2.30372E-01 
-2.32918E-01 
-2.35443E-01 
-2.37952E-01 
-2.40440E-01 
-2.42903E-01 
-2.45340E-01 
-2.47747E-01 
-2.50122E-01 
-2.52462E-01 
-2.54766E-01 
-2.57031E-01 
-2.59256E-01 
-2.61440E-01 
-2.14823E-01 
-2.17340E-01 
-2.19818E-01 
-2.22259E-01 
-2.24696E-01 
-2.27123E-01 
-2.29538E-01 
-2.31398E-01 
-2.31940E-01 
-2.34510E-01 
-2.37058E-01 
-2.39581E-01 
-2.42077E-01 
-2.44519E-01 
-2.46942E-01 
-2.49348E-01 
-2.51734E-01 
-2.54097E-01 
-2.56434E-01 
-2.58743E-01 
-2.61021E-01 
-2.63265E-01 
-2.65475E-01 
-2.67648E-01 
-2.69782E-01 
-2.71877E-01 
-2.26228E-01 
-2.28638E-01 
-2.31010E-01 
-2.33348E-01 
-2.35681E-01 
-2.38005E-01 
-2.40318E-01 
-2.42098E-01 
-2.42617E-01 
-2.45078E-01 
-2.47518E-01 
-2.49933E-01 
-2.52323E-01 
-2.54661E-01 
-2.56981E-01 
-2.59285E-01 
-2.61569E-01 
-2.63832E-01 
-2.66070E-01 
-2.68281E-01 
-2.70462E-01 
-2.72611E-01 
-2.74726E-01 
-2.76807E-01 
-2.78851E-01 
-2.80856E-01 
-2.36131E-01 
-2.38434E-01 
-2.40701E-01 
-2.42936E-01 
-2.45165E-01 
-2.47386E-01 
-2.49597E-01 
-2.51299E-01 
-2.51794E-01 
-2.54147E-01 
-2.56478E-01 
-2.58787E-01 
-2.61071E-01 
-2.63306E-01 
-2.65523E-01 
-2.67725E-01 
-2.69908E-01 
-2.72071E-01 
-2.74210E-01 
-2.76323E-01 
-2.78407E-01 
-2.80461E-01 
-2.82483E-01 
-2.84472E-01 
-2.86425E-01 
-2.88342E-01 
-2.44508E-01 
-2.46705E-01 
-2.48867E-01 
-2.50999E-01 
-2.53126E-01 
-2.55245E-01 
-2.57353E-01 
-2.58976E-01 
-2.59449E-01 
-2.61693E-01 
-2.63917E-01 
-2.66120E-01 
-2.68299E-01 
-2.70430E-01 
-2.72545E-01 
-2.74645E-01 
-2.76728E-01 
-2.78791E-01 
-2.80832E-01 
-2.82847E-01 
-2.84835E-01 
-2.86795E-01 
-2.88724E-01 
-2.90620E-01 
-2.92484E-01 
-2.94312E-01 
-2.51327E-01 
-2.53419E-01 
-2.55478E-01 
-2.57507E-01 
-2.59532E-01 
-2.61549E-01 
-2.63557E-01 
-2.65102E-01 
-2.65552E-01 
-2.67689E-01 
-2.69806E-01 
-2.71903E-01 
-2.73977E-01 
-2.76007E-01 
-2.78020E-01 
-2.80020E-01 
-2.82003E-01 
-2.83967E-01 
-2.85909E-01 
-2.87828E-01 
-2.89721E-01 
-2.91586E-01 
-2.93423E-01 
-2.95228E-01 
-2.97002E-01 
-2.98743E-01 
-2.56598E-01 
-2.58585E-01 
-2.60541E-01 
-2.62469E-01 
-2.64392E-01 
-2.66308E-01 
-2.68215E-01 
-2.69683E-01 
-2.70111E-01 
-2.72140E-01 
-2.74152E-01 
-2.76144E-01 
-2.78114E-01 
-2.80042E-01 
-2.81955E-01 
-2.83854E-01 
-2.85738E-01 
-2.87604E-01 
-2.89449E-01 
-2.91272E-01 
-2.93070E-01 
-2.94842E-01 
-2.96587E-01 
-2.98302E-01 
-2.99987E-01 
-3.01641E-01 
-2.60279E-01 
-2.62163E-01 
-2.64018E-01 
-2.65846E-01 
-2.67670E-01 
-2.69487E-01 
-2.71295E-01 
-2.72687E-01 
-2.73093E-01 
-2.75017E-01 
-2.76925E-01 
-2.78814E-01 
-2.80682E-01 
-2.82511E-01 
-2.84324E-01 
-2.86126E-01 
-2.87912E-01 
-2.89681E-01 
-2.91431E-01 
-2.93160E-01 
-2.94865E-01 
-2.96545E-01 
-2.98199E-01 
-2.99826E-01 
-3.01424E-01 
-3.02992E-01 
-2.62442E-01 
-2.64223E-01 
-2.65977E-01 
-2.67706E-01 
-2.69431E-01 
-2.71149E-01 
-2.72859E-01 
-2.74175E-01 
-2.74559E-01 
-2.76379E-01 
-2.78183E-01 
-2.79969E-01 
-2.81736E-01 
-2.83464E-01 
-2.85179E-01 
-2.86883E-01 
-2.88572E-01 
-2.90245E-01 
-2.91900E-01 
-2.93534E-01 
-2.95147E-01 
-2.96736E-01 
-2.98300E-01 
-2.99838E-01 
-3.01349E-01 
-3.02832E-01 
-2.63064E-01 
-2.64744E-01 
-2.66399E-01 
-2.68029E-01 
-2.69656E-01 
-2.71277E-01 
-2.72890E-01 
-2.74131E-01 
-2.74493E-01 
-2.76210E-01 
-2.77911E-01 
-2.79596E-01 
-2.81262E-01 
-2.82893E-01 
-2.84511E-01 
-2.86117E-01 
-2.87711E-01 
-2.89289E-01 
-2.90850E-01 
-2.92391E-01 
-2.93912E-01 
-2.95411E-01 
-2.96886E-01 
-2.98337E-01 
-2.99763E-01 
-3.01161E-01 
-2.62169E-01 
-2.63750E-01 
-2.65306E-01 
-2.66840E-01 
-2.68370E-01 
-2.69895E-01 
-2.71412E-01 
-2.72580E-01 
-2.72920E-01 
-2.74535E-01 
-2.76135E-01 
-2.77720E-01 
-2.79288E-01 
-2.80822E-01 
-2.82344E-01 
-2.83855E-01 
-2.85354E-01 
-2.86838E-01 
-2.88306E-01 
-2.89757E-01 
-2.91187E-01 
-2.92597E-01 
-2.93985E-01 
-2.95350E-01 
-2.96691E-01 
-2.98007E-01 
-2.59786E-01 
-2.61269E-01 
-2.62728E-01 
-2.64167E-01 
-2.65602E-01 
-2.67032E-01 
-2.68455E-01 
-2.69551E-01 
-2.69870E-01 
-2.71384E-01 
-2.72885E-01 
-2.74372E-01 
-2.75842E-01 
-2.77281E-01 
-2.78708E-01 
-2.80125E-01 
-2.81531E-01 
-2.82923E-01 
-2.84300E-01 
-2.85660E-01 
-2.87002E-01 
-2.88325E-01 
-2.89626E-01 
-2.90906E-01 
-2.92164E-01 
-2.93398E-01 
-2.55949E-01 
-2.57335E-01 
-2.58699E-01 
-2.60044E-01 
-2.61386E-01 
-2.62723E-01 
-2.64053E-01 
-2.65077E-01 
-2.65376E-01 
-2.66791E-01 
-2.68195E-01 
-2.69584E-01 
-2.70959E-01 
-2.72304E-01 
-2.73638E-01 
-2.74963E-01 
-2.76278E-01 
-2.77579E-01 
-2.78867E-01 
-2.80138E-01 
-2.81393E-01 
-2.82629E-01 
-2.83846E-01 
-2.85042E-01 
-2.86218E-01 
-2.87372E-01 
-2.50695E-01 
-2.51986E-01 
-2.53257E-01 
-2.54510E-01 
-2.55760E-01 
-2.57005E-01 
-2.58245E-01 
-2.59198E-01 
-2.59477E-01 
-2.60795E-01 
-2.62103E-01 
-2.63397E-01 
-2.64678E-01 
-2.65930E-01 
-2.67173E-01 
-2.68408E-01 
-2.69632E-01 
-2.70845E-01 
-2.72044E-01 
-2.73228E-01 
-2.74397E-01 
-2.75548E-01 
-2.76682E-01 
-2.77797E-01 
-2.78892E-01 
-2.79967E-01 
-2.44067E-01 
-2.45265E-01 
-2.46444E-01 
-2.47607E-01 
-2.48767E-01 
-2.49922E-01 
-2.51072E-01 
-2.51957E-01 
-2.52215E-01 
-2.53439E-01 
-2.54652E-01 
-2.55853E-01 
-2.57041E-01 
-2.58204E-01 
-2.59357E-01 
-2.60502E-01 
-2.61638E-01 
-2.62763E-01 
-2.63876E-01 
-2.64975E-01 
-2.66060E-01 
-2.67128E-01 
-2.68180E-01 
-2.69214E-01 
-2.70231E-01 
-2.71228E-01 
-2.36110E-01 
-2.37217E-01 
-2.38307E-01 
-2.39381E-01 
-2.40452E-01 
-2.41519E-01 
-2.42582E-01 
-2.43399E-01 
-2.43638E-01 
-2.44768E-01 
-2.45889E-01 
-2.46998E-01 
-2.48096E-01 
-2.49170E-01 
-2.50235E-01 
-2.51294E-01 
-2.52343E-01 
-2.53382E-01 
-2.54410E-01 
-2.55426E-01 
-2.56427E-01 
-2.57414E-01 
-2.58386E-01 
-2.59342E-01 
-2.60281E-01 
-2.61202E-01 
-2.26855E-01 
-2.27873E-01 
-2.28874E-01 
-2.29861E-01 
-2.30846E-01 
-2.31827E-01 
-2.32803E-01 
-2.33555E-01 
-2.33774E-01 
-2.34813E-01 
-2.35843E-01 
-2.36862E-01 
-2.37871E-01 
-2.38858E-01 
-2.39837E-01 
-2.40810E-01 
-2.41774E-01 
-2.42730E-01 
-2.43674E-01 
-2.44608E-01 
-2.45528E-01 
-2.46436E-01 
-2.47329E-01 
-2.48207E-01 
-2.49070E-01 
-2.49916E-01 
-2.16447E-01 
-2.17377E-01 
-2.18293E-01 
-2.19195E-01 
-2.20096E-01 
-2.20993E-01 
-2.21886E-01 
-2.22573E-01 
-2.22773E-01 
-2.23723E-01 
-2.24665E-01 
-2.25598E-01 
-2.26520E-01 
-2.27423E-01 
-2.28319E-01 
-2.29208E-01 
-2.30090E-01 
-2.30963E-01 
-2.31827E-01 
-2.32681E-01 
-2.33523E-01 
-2.34352E-01 
-2.35169E-01 
-2.35972E-01 
-2.36761E-01 
-2.37536E-01 
-2.04806E-01 
-2.05650E-01 
-2.06482E-01 
-2.07302E-01 
-2.08119E-01 
-2.08934E-01 
-2.09745E-01 
-2.10369E-01 
-2.10551E-01 
-2.11414E-01 
-2.12269E-01 
-2.13116E-01 
-2.13954E-01 
-2.14773E-01 
-2.15586E-01 
-2.16394E-01 
-2.17195E-01 
-2.17988E-01 
-2.18773E-01 
-2.19548E-01 
-2.20312E-01 
-2.21065E-01 
-2.21807E-01 
-2.22536E-01 
-2.23253E-01 
-2.23956E-01 
-1.92061E-01 
-1.92822E-01 
-1.93572E-01 
-1.94310E-01 
-1.95047E-01 
-1.95782E-01 
-1.96512E-01 
-1.97075E-01 
-1.97239E-01 
-1.98016E-01 
-1.98787E-01 
-1.99551E-01 
-2.00306E-01 
-2.01044E-01 
-2.01777E-01 
-2.02505E-01 
-2.03227E-01 
-2.03942E-01 
-2.04649E-01 
-2.05347E-01 
-2.06036E-01 
-2.06716E-01 
-2.07384E-01 
-2.08041E-01 
-2.08687E-01 
-2.09321E-01 
-1.78271E-01 
-1.78951E-01 
-1.79621E-01 
-1.80281E-01 
-1.80939E-01 
-1.81595E-01 
-1.82248E-01 
-1.82750E-01 
-1.82897E-01 
-1.83591E-01 
-1.84280E-01 
-1.84962E-01 
-1.85636E-01 
-1.86296E-01 
-1.86951E-01 
-1.87601E-01 
-1.88246E-01 
-1.88885E-01 
-1.89516E-01 
-1.90140E-01 
-1.90756E-01 
-1.91362E-01 
-1.91960E-01 
-1.92547E-01 
-1.93124E-01 
-1.93690E-01 
-1.63502E-01 
-1.64104E-01 
-1.64695E-01 
-1.65279E-01 
-1.65860E-01 
-1.66440E-01 
-1.67017E-01 
-1.67461E-01 
-1.67591E-01 
-1.68205E-01 
-1.68813E-01 
-1.69416E-01 
-1.70012E-01 
-1.70595E-01 
-1.71174E-01 
-1.71749E-01 
-1.72319E-01 
-1.72883E-01 
-1.73441E-01 
-1.73993E-01 
-1.74537E-01 
-1.75073E-01 
-1.75601E-01 
-1.76120E-01 
-1.76629E-01 
-1.77130E-01 
-1.47819E-01 
-1.48343E-01 
-1.48859E-01 
-1.49368E-01 
-1.49875E-01 
-1.50381E-01 
-1.50884E-01 
-1.51272E-01 
-1.51385E-01 
-1.51920E-01 
-1.52451E-01 
-1.52977E-01 
-1.53497E-01 
-1.54005E-01 
-1.54510E-01 
-1.55011E-01 
-1.55508E-01 
-1.56001E-01 
-1.56488E-01 
-1.56969E-01 
-1.57443E-01 
-1.57911E-01 
-1.58371E-01 
-1.58824E-01 
-1.59269E-01 
-1.59705E-01 
-1.31296E-01 
-1.31746E-01 
-1.32189E-01 
-1.32625E-01 
-1.33061E-01 
-1.33494E-01 
-1.33926E-01 
-1.34259E-01 
-1.34355E-01 
-1.34815E-01 
-1.35270E-01 
-1.35721E-01 
-1.36167E-01 
-1.36604E-01 
-1.37037E-01 
-1.37467E-01 
-1.37893E-01 
-1.38316E-01 
-1.38733E-01 
-1.39146E-01 
-1.39553E-01 
-1.39954E-01 
-1.40349E-01 
-1.40738E-01 
-1.41119E-01 
-1.41494E-01 
-1.13951E-01 
-1.14328E-01 
-1.14700E-01 
-1.15066E-01 
-1.15432E-01 
-1.15796E-01 
-1.16158E-01 
-1.16437E-01 
-1.16518E-01 
-1.16903E-01 
-1.17286E-01 
-1.17664E-01 
-1.18038E-01 
-1.18405E-01 
-1.18768E-01 
-1.19129E-01 
-1.19487E-01 
-1.19841E-01 
-1.20192E-01 
-1.20538E-01 
-1.20879E-01 
-1.21216E-01 
-1.21547E-01 
-1.21873E-01 
-1.22193E-01 
-1.22508E-01 
-9.59651E-02 
-9.62728E-02 
-9.65756E-02 
-9.68742E-02 
-9.71720E-02 
-9.74687E-02 
-9.77640E-02 
-9.79913E-02 
-9.80576E-02 
-9.83718E-02 
-9.86833E-02 
-9.89917E-02 
-9.92968E-02 
-9.95953E-02 
-9.98915E-02 
-1.00186E-01 
-1.00477E-01 
-1.00766E-01 
-1.01052E-01 
-1.01334E-01 
-1.01613E-01 
-1.01887E-01 
-1.02157E-01 
-1.02423E-01 
-1.02684E-01 
-1.02940E-01 
-7.73419E-02 
-7.75821E-02 
-7.78186E-02 
-7.80517E-02 
-7.82842E-02 
-7.85159E-02 
-7.87464E-02 
-7.89239E-02 
-7.89756E-02 
-7.92210E-02 
-7.94642E-02 
-7.97050E-02 
-7.99432E-02 
-8.01763E-02 
-8.04075E-02 
-8.06372E-02 
-8.08649E-02 
-8.10905E-02 
-8.13136E-02 
-8.15339E-02 
-8.17513E-02 
-8.19656E-02 
-8.21765E-02 
-8.23839E-02 
-8.25876E-02 
-8.27875E-02 
-5.81629E-02 
-5.83381E-02 
-5.85105E-02 
-5.86804E-02 
-5.88500E-02 
-5.90189E-02 
-5.91870E-02 
-5.93165E-02 
-5.93542E-02 
-5.95331E-02 
-5.97104E-02 
-5.98860E-02 
-6.00597E-02 
-6.02297E-02 
-6.03983E-02 
-6.05657E-02 
-6.07318E-02 
-6.08963E-02 
-6.10590E-02 
-6.12196E-02 
-6.13782E-02 
-6.15344E-02 
-6.16882E-02 
-6.18394E-02 
-6.19879E-02 
-6.21337E-02 
-3.85062E-02 
-3.86187E-02 
-3.87295E-02 
-3.88387E-02 
-3.89476E-02 
-3.90562E-02 
-3.91642E-02 
-3.92473E-02 
-3.92716E-02 
-3.93865E-02 
-3.95004E-02 
-3.96132E-02 
-3.97248E-02 
-3.98340E-02 
-3.99424E-02 
-4.00500E-02 
-4.01566E-02 
-4.02623E-02 
-4.03668E-02 
-4.04701E-02 
-4.05719E-02 
-4.06723E-02 
-4.07711E-02 
-4.08682E-02 
-4.09637E-02 
-4.10573E-02 
-1.84543E-02 
-1.85067E-02 
-1.85582E-02 
-1.86090E-02 
-1.86597E-02 
-1.87103E-02 
-1.87605E-02 
-1.87992E-02 
-1.88105E-02 
-1.88640E-02 
-1.89170E-02 
-1.89696E-02 
-1.90215E-02 
-1.90723E-02 
-1.91227E-02 
-1.91728E-02 
-1.92225E-02 
-1.92717E-02 
-1.93203E-02 
-1.93684E-02 
-1.94158E-02 
-1.94625E-02 
-1.95085E-02 
-1.95537E-02 
-1.95981E-02 
-1.96417E-02 
1.91223E-03 
1.91751E-03 
1.92270E-03 
1.92782E-03 
1.93292E-03 
1.93801E-03 
1.94308E-03 
1.94697E-03 
1.94811E-03 
1.95350E-03 
1.95884E-03 
1.96413E-03 
1.96936E-03 
1.97448E-03 
1.97955E-03 
1.98460E-03 
1.98960E-03 
1.99455E-03 
1.99945E-03 
2.00429E-03 
2.00907E-03 
2.01377E-03 
2.01840E-03 
2.02296E-03 
2.02743E-03 
2.03182E-03 
2.25165E-02 
2.25769E-02 
2.26364E-02 
2.26950E-02 
2.27535E-02 
2.28118E-02 
2.28698E-02 
2.29144E-02 
2.29274E-02 
2.29891E-02 
2.30503E-02 
2.31109E-02 
2.31708E-02 
2.32294E-02 
2.32876E-02 
2.33453E-02 
2.34026E-02 
2.34593E-02 
2.35154E-02 
2.35709E-02 
2.36255E-02 
2.36794E-02 
2.37325E-02 
2.37846E-02 
2.38359E-02 
2.38862E-02 
4.32595E-02 
4.33725E-02 
4.34837E-02 
4.35933E-02 
4.37026E-02 
4.38116E-02 
4.39200E-02 
4.40035E-02 
4.40278E-02 
4.41432E-02 
4.42576E-02 
4.43709E-02 
4.44829E-02 
4.45925E-02 
4.47013E-02 
4.48093E-02 
4.49164E-02 
4.50225E-02 
4.51274E-02 
4.52311E-02 
4.53333E-02 
4.54341E-02 
4.55333E-02 
4.56308E-02 
4.57266E-02 
4.58207E-02 
---
