PdfType: replica
Format: lhagrid1
---
1.00000E-06 1.28121E-06 1.64152E-06 2.10317E-06 2.69463E-06 3.45242E-06 4.42329E-06 5.66715E-06 7.26076E-06 9.30241E-06 1.19180E-05 1.52689E-05 1.95617E-05 2.50609E-05 3.21053E-05 4.11287E-05 5.26863E-05 6.74889E-05 8.64459E-05 1.10720E-04 1.41800E-04 1.81585E-04 2.32503E-04 2.97652E-04 3.80981E-04 4.87518E-04 6.26039E-04 8.00452E-04 1.02297E-03 1.30657E-03 1.66759E-03 2.12729E-03 2.71054E-03 3.44865E-03 4.37927E-03 5.54908E-03 7.01192E-03 8.83064E-03 1.10763E-02 1.38266E-02 1.71641E-02 2.11717E-02 2.59364E-02 3.15062E-02 3.79623E-02 4.53425E-02 5.36750E-02 6.29705E-02 7.32221E-02 8.44039E-02 9.64793E-02 1.09332E-01 1.23067E-01 1.37507E-01 1.52639E-01 1.68416E-01 1.84794E-01 2.01731E-01 2.19016E-01 2.36948E-01 2.55242E-01 2.73927E-01 2.92954E-01 3.12340E-01 3.32036E-01 3.52019E-01 3.72282E-01 3.92772E-01 4.13533E-01 4.34326E-01 4.55495E-01 4.76836E-01 4.98342E-01 5.20006E-01 5.41818E-01 5.63773E-01 5.85861E-01 6.08077E-01 6.30459E-01 6.52800E-01 6.75387E-01 6.98063E-01 7.20830E-01 7.43683E-01 7.66623E-01 7.89636E-01 8.12791E-01 8.35940E-01 8.59175E-01 8.82485E-01 9.05866E-01 9.29311E-01 9.52817E-01 9.76387E-01 1.00000E+00 
1.14018E+00 1.22539E+00 1.32482E+00 1.44156E+00 1.57954E+00 1.74381E+00 1.94091E+00 2.12132E+00 2.17945E+00 2.49622E+00 2.89383E+00 3.39925E+00 4.05063E+00 4.90286E+00 6.03623E+00 7.57063E+00 9.68869E+00 1.26749E+01 1.69835E+01 2.33578E+01 3.30501E+01 4.82334E+01 7.28041E+01 1.13998E+02 1.85779E+02 3.16228E+02 
908
1.09504E-01 
7.44463E-02 
5.54138E-02 
4.34687E-02 
3.52015E-02 
2.91571E-02 
2.45578E-02 
2.16967E-02 
2.09510E-02 
1.78525E-02 
1.53532E-02 
1.33015E-02 
1.15928E-02 
1.01662E-02 
8.94465E-03 
7.88819E-03 
6.96916E-03 
6.16560E-03 
5.45988E-03 
4.83771E-03 
4.28735E-03 
3.79909E-03 
3.36480E-03 
2.97766E-03 
2.63189E-03 
2.32255E-03 
1.09503E-01 
7.44461E-02 
5.54137E-02 
4.34687E-02 
3.52015E-02 
2.91570E-02 
2.45578E-02 
2.16966E-02 
2.09510E-02 
1.78525E-02 
1.53532E-02 
1.33015E-02 
1.15928E-02 
1.01662E-02 
8.94464E-03 
7.88818E-03 
6.96916E-03 
6.16559E-03 
5.45988E-03 
4.83771E-03 
4.28735E-03 
3.79909E-03 
3.36480E-03 
2.97767E-03 
2.63190E-03 
2.32255E-03 
1.09503E-01 
7.44459E-02 
5.54136E-02 
4.34685E-02 
3.52014E-02 
2.91570E-02 
2.45577E-02 
2.16966E-02 
2.09510E-02 
1.78524E-02 
1.53532E-02 
1.33014E-02 
1.15928E-02 
1.01662E-02 
8.94463E-03 
7.88818E-03 
6.96915E-03 
6.16559E-03 
5.45988E-03 
4.83771E-03 
4.28736E-03 
3.79909E-03 
3.36481E-03 
2.97767E-03 
2.63190E-03 
2.32256E-03 
1.09503E-01 
7.44457E-02 
5.54134E-02 
4.34684E-02 
3.52013E-02 
2.91569E-02 
2.45577E-02 
2.16965E-02 
2.09509E-02 
1.78524E-02 
1.53531E-02 
1.33014E-02 
1.15927E-02 
1.01662E-02 
8.94461E-03 
7.88817E-03 
6.96914E-03 
6.16559E-03 
5.45988E-03 
4.83771E-03 
4.28736E-03 
3.79910E-03 
3.36481E-03 
2.97768E-03 
2.63191E-03 
2.32257E-03 
1.09502E-01 
7.44453E-02 
5.54131E-02 
4.34682E-02 
3.52011E-02 
2.91567E-02 
2.45576E-02 
2.16964E-02 
2.09508E-02 
1.78523E-02 
1.53531E-02 
1.33014E-02 
1.15927E-02 
1.01662E-02 
8.94459E-03 
7.88815E-03 
6.96913E-03 
6.16558E-03 
5.45988E-03 
4.83771E-03 
4.28736E-03 
3.79910E-03 
3.36482E-03 
2.97769E-03 
2.63192E-03 
2.32259E-03 
1.09502E-01 
7.44449E-02 
5.54128E-02 
4.34680E-02 
3.52009E-02 
2.91566E-02 
2.45574E-02 
2.16963E-02 
2.09507E-02 
1.78522E-02 
1.53530E-02 
1.33013E-02 
1.15927E-02 
1.01661E-02 
8.94457E-03 
7.88813E-03 
6.96912E-03 
6.16557E-03 
5.45987E-03 
4.83772E-03 
4.28737E-03 
3.79911E-03 
3.36483E-03 
2.97770E-03 
2.63194E-03 
2.32260E-03 
1.09501E-01 
7.44444E-02 
5.54124E-02 
4.34677E-02 
3.52007E-02 
2.91564E-02 
2.45573E-02 
2.16962E-02 
2.09506E-02 
1.78521E-02 
1.53529E-02 
1.33013E-02 
1.15926E-02 
1.01661E-02 
8.94454E-03 
7.88811E-03 
6.96910E-03 
6.16557E-03 
5.45987E-03 
4.83772E-03 
4.28737E-03 
3.79912E-03 
3.36484E-03 
2.97772E-03 
2.63196E-03 
2.32262E-03 
1.09500E-01 
7.44437E-02 
5.54119E-02 
4.34673E-02 
3.52004E-02 
2.91562E-02 
2.45571E-02 
2.16960E-02 
2.09504E-02 
1.78520E-02 
1.53528E-02 
1.33012E-02 
1.15925E-02 
1.01660E-02 
8.94450E-03 
7.88808E-03 
6.96909E-03 
6.16555E-03 
5.45986E-03 
4.83772E-03 
4.28738E-03 
3.79913E-03 
3.36486E-03 
2.97774E-03 
2.63198E-03 
2.32265E-03 
1.09498E-01 
7.44428E-02 
5.54113E-02 
4.34668E-02 
3.52000E-02 
2.91558E-02 
2.45568E-02 
2.16958E-02 
2.09502E-02 
1.78518E-02 
1.53527E-02 
1.33011E-02 
1.15925E-02 
1.01660E-02 
8.94445E-03 
7.88804E-03 
6.96906E-03 
6.16554E-03 
5.45986E-03 
4.83772E-03 
4.28739E-03 
3.79915E-03 
3.36488E-03 
2.97777E-03 
2.63201E-03 
2.32269E-03 
1.09497E-01 
7.44416E-02 
5.54104E-02 
4.34661E-02 
3.51995E-02 
2.91554E-02 
2.45565E-02 
2.16955E-02 
2.09500E-02 
1.78516E-02 
1.53525E-02 
1.33009E-02 
1.15923E-02 
1.01659E-02 
8.94438E-03 
7.88800E-03 
6.96903E-03 
6.16552E-03 
5.45985E-03 
4.83772E-03 
4.28740E-03 
3.79917E-03 
3.36491E-03 
2.97780E-03 
2.63205E-03 
2.32273E-03 
1.09494E-01 
7.44401E-02 
5.54094E-02 
4.34653E-02 
3.51988E-02 
2.91549E-02 
2.45561E-02 
2.16952E-02 
2.09496E-02 
1.78514E-02 
1.53523E-02 
1.33008E-02 
1.15922E-02 
1.01658E-02 
8.94430E-03 
7.88794E-03 
6.96899E-03 
6.16549E-03 
5.45984E-03 
4.83773E-03 
4.28742E-03 
3.79919E-03 
3.36494E-03 
2.97784E-03 
2.63210E-03 
2.32279E-03 
1.09491E-01 
7.44382E-02 
5.54080E-02 
4.34643E-02 
3.51980E-02 
2.91543E-02 
2.45556E-02 
2.16947E-02 
2.09492E-02 
1.78510E-02 
1.53520E-02 
1.33005E-02 
1.15920E-02 
1.01656E-02 
8.94419E-03 
7.88786E-03 
6.96893E-03 
6.16546E-03 
5.45983E-03 
4.83773E-03 
4.28744E-03 
3.79923E-03 
3.36499E-03 
2.97790E-03 
2.63216E-03 
2.32286E-03 
1.09488E-01 
7.44358E-02 
5.54062E-02 
4.34629E-02 
3.51970E-02 
2.91534E-02 
2.45549E-02 
2.16942E-02 
2.09486E-02 
1.78506E-02 
1.53517E-02 
1.33002E-02 
1.15918E-02 
1.01655E-02 
8.94405E-03 
7.88776E-03 
6.96886E-03 
6.16542E-03 
5.45981E-03 
4.83774E-03 
4.28746E-03 
3.79927E-03 
3.36505E-03 
2.97797E-03 
2.63225E-03 
2.32295E-03 
1.09483E-01 
7.44327E-02 
5.54040E-02 
4.34612E-02 
3.51956E-02 
2.91524E-02 
2.45540E-02 
2.16934E-02 
2.09479E-02 
1.78500E-02 
1.53512E-02 
1.32999E-02 
1.15915E-02 
1.01652E-02 
8.94388E-03 
7.88763E-03 
6.96878E-03 
6.16537E-03 
5.45979E-03 
4.83775E-03 
4.28749E-03 
3.79932E-03 
3.36512E-03 
2.97806E-03 
2.63235E-03 
2.32307E-03 
1.09477E-01 
7.44288E-02 
5.54011E-02 
4.34590E-02 
3.51939E-02 
2.91510E-02 
2.45529E-02 
2.16925E-02 
2.09470E-02 
1.78493E-02 
1.53506E-02 
1.32994E-02 
1.15911E-02 
1.01649E-02 
8.94365E-03 
7.88746E-03 
6.96866E-03 
6.16530E-03 
5.45977E-03 
4.83775E-03 
4.28753E-03 
3.79939E-03 
3.36521E-03 
2.97817E-03 
2.63249E-03 
2.32323E-03 
1.09470E-01 
7.44237E-02 
5.53974E-02 
4.34562E-02 
3.51917E-02 
2.91492E-02 
2.45515E-02 
2.16912E-02 
2.09458E-02 
1.78483E-02 
1.53498E-02 
1.32988E-02 
1.15906E-02 
1.01646E-02 
8.94336E-03 
7.88725E-03 
6.96852E-03 
6.16522E-03 
5.45973E-03 
4.83777E-03 
4.28759E-03 
3.79948E-03 
3.36533E-03 
2.97832E-03 
2.63266E-03 
2.32342E-03 
1.09460E-01 
7.44172E-02 
5.53927E-02 
4.34526E-02 
3.51889E-02 
2.91469E-02 
2.45496E-02 
2.16897E-02 
2.09443E-02 
1.78471E-02 
1.53489E-02 
1.32980E-02 
1.15900E-02 
1.01641E-02 
8.94300E-03 
7.88698E-03 
6.96834E-03 
6.16511E-03 
5.45969E-03 
4.83778E-03 
4.28765E-03 
3.79959E-03 
3.36549E-03 
2.97851E-03 
2.63289E-03 
2.32367E-03 
1.09447E-01 
7.44088E-02 
5.53866E-02 
4.34480E-02 
3.51852E-02 
2.91440E-02 
2.45473E-02 
2.16877E-02 
2.09424E-02 
1.78456E-02 
1.53476E-02 
1.32970E-02 
1.15892E-02 
1.01635E-02 
8.94252E-03 
7.88663E-03 
6.96810E-03 
6.16497E-03 
5.45964E-03 
4.83780E-03 
4.28774E-03 
3.79974E-03 
3.36568E-03 
2.97876E-03 
2.63317E-03 
2.32400E-03 
1.09431E-01 
7.43981E-02 
5.53789E-02 
4.34421E-02 
3.51806E-02 
2.91403E-02 
2.45443E-02 
2.16851E-02 
2.09400E-02 
1.78436E-02 
1.53460E-02 
1.32957E-02 
1.15882E-02 
1.01627E-02 
8.94191E-03 
7.88619E-03 
6.96780E-03 
6.16479E-03 
5.45956E-03 
4.83783E-03 
4.28785E-03 
3.79992E-03 
3.36594E-03 
2.97907E-03 
2.63353E-03 
2.32441E-03 
1.09411E-01 
7.43844E-02 
5.53689E-02 
4.34345E-02 
3.51746E-02 
2.91356E-02 
2.45404E-02 
2.16818E-02 
2.09368E-02 
1.78411E-02 
1.53440E-02 
1.32941E-02 
1.15869E-02 
1.01616E-02 
8.94114E-03 
7.88562E-03 
6.96741E-03 
6.16456E-03 
5.45947E-03 
4.83786E-03 
4.28799E-03 
3.80016E-03 
3.36626E-03 
2.97947E-03 
2.63400E-03 
2.32494E-03 
1.09384E-01 
7.43669E-02 
5.53562E-02 
4.34248E-02 
3.51670E-02 
2.91295E-02 
2.45355E-02 
2.16776E-02 
2.09328E-02 
1.78378E-02 
1.53414E-02 
1.32920E-02 
1.15853E-02 
1.01603E-02 
8.94014E-03 
7.88489E-03 
6.96691E-03 
6.16427E-03 
5.45936E-03 
4.83790E-03 
4.28817E-03 
3.80046E-03 
3.36667E-03 
2.97998E-03 
2.63460E-03 
2.32561E-03 
1.09350E-01 
7.43445E-02 
5.53399E-02 
4.34124E-02 
3.51573E-02 
2.91217E-02 
2.45292E-02 
2.16722E-02 
2.09277E-02 
1.78337E-02 
1.53380E-02 
1.32893E-02 
1.15831E-02 
1.01587E-02 
8.93887E-03 
7.88396E-03 
6.96627E-03 
6.16389E-03 
5.45921E-03 
4.83795E-03 
4.28840E-03 
3.80085E-03 
3.36720E-03 
2.98063E-03 
2.63536E-03 
2.32647E-03 
1.09307E-01 
7.43158E-02 
5.53191E-02 
4.33965E-02 
3.51448E-02 
2.91117E-02 
2.45211E-02 
2.16653E-02 
2.09211E-02 
1.78283E-02 
1.53338E-02 
1.32859E-02 
1.15804E-02 
1.01565E-02 
8.93723E-03 
7.88276E-03 
6.96546E-03 
6.16340E-03 
5.45901E-03 
4.83801E-03 
4.28869E-03 
3.80134E-03 
3.36787E-03 
2.98146E-03 
2.63634E-03 
2.32758E-03 
1.09252E-01 
7.42791E-02 
5.52924E-02 
4.33761E-02 
3.51288E-02 
2.90989E-02 
2.45107E-02 
2.16565E-02 
2.09126E-02 
1.78215E-02 
1.53283E-02 
1.32815E-02 
1.15769E-02 
1.01538E-02 
8.93514E-03 
7.88123E-03 
6.96441E-03 
6.16278E-03 
5.45876E-03 
4.83809E-03 
4.28906E-03 
3.80197E-03 
3.36873E-03 
2.98252E-03 
2.63758E-03 
2.32899E-03 
1.09181E-01 
7.42321E-02 
5.52583E-02 
4.33501E-02 
3.51084E-02 
2.90826E-02 
2.44975E-02 
2.16452E-02 
2.09018E-02 
1.78128E-02 
1.53213E-02 
1.32759E-02 
1.15724E-02 
1.01503E-02 
8.93246E-03 
7.87926E-03 
6.96307E-03 
6.16198E-03 
5.45844E-03 
4.83819E-03 
4.28953E-03 
3.80277E-03 
3.36982E-03 
2.98388E-03 
2.63917E-03 
2.33078E-03 
1.09091E-01 
7.41721E-02 
5.52148E-02 
4.33168E-02 
3.50822E-02 
2.90617E-02 
2.44806E-02 
2.16307E-02 
2.08880E-02 
1.78017E-02 
1.53123E-02 
1.32687E-02 
1.15667E-02 
1.01458E-02 
8.92903E-03 
7.87675E-03 
6.96134E-03 
6.16095E-03 
5.45802E-03 
4.83831E-03 
4.29012E-03 
3.80379E-03 
3.37121E-03 
2.98560E-03 
2.64120E-03 
2.33308E-03 
1.08974E-01 
7.40940E-02 
5.51581E-02 
4.32736E-02 
3.50483E-02 
2.90345E-02 
2.44586E-02 
2.16119E-02 
2.08701E-02 
1.77872E-02 
1.53006E-02 
1.32593E-02 
1.15593E-02 
1.01400E-02 
8.92456E-03 
7.87346E-03 
6.95909E-03 
6.15961E-03 
5.45747E-03 
4.83845E-03 
4.29089E-03 
3.80510E-03 
3.37301E-03 
2.98784E-03 
2.64382E-03 
2.33605E-03 
1.08826E-01 
7.39957E-02 
5.50867E-02 
4.32191E-02 
3.50055E-02 
2.90003E-02 
2.44308E-02 
2.15882E-02 
2.08474E-02 
1.77690E-02 
1.52859E-02 
1.32475E-02 
1.15499E-02 
1.01326E-02 
8.91892E-03 
7.86931E-03 
6.95624E-03 
6.15789E-03 
5.45675E-03 
4.83862E-03 
4.29183E-03 
3.80673E-03 
3.37526E-03 
2.99063E-03 
2.64710E-03 
2.33977E-03 
1.08637E-01 
7.38704E-02 
5.49957E-02 
4.31496E-02 
3.49509E-02 
2.89566E-02 
2.43955E-02 
2.15580E-02 
2.08186E-02 
1.77457E-02 
1.52671E-02 
1.32324E-02 
1.15379E-02 
1.01232E-02 
8.91170E-03 
7.86400E-03 
6.95258E-03 
6.15568E-03 
5.45582E-03 
4.83880E-03 
4.29301E-03 
3.80879E-03 
3.37810E-03 
2.99417E-03 
2.65127E-03 
2.34449E-03 
1.08397E-01 
7.37106E-02 
5.48796E-02 
4.30610E-02 
3.48813E-02 
2.89009E-02 
2.43503E-02 
2.15195E-02 
2.07817E-02 
1.77160E-02 
1.52432E-02 
1.32132E-02 
1.15226E-02 
1.01111E-02 
8.90245E-03 
7.85718E-03 
6.94788E-03 
6.15282E-03 
5.45458E-03 
4.83900E-03 
4.29446E-03 
3.81137E-03 
3.38168E-03 
2.99864E-03 
2.65653E-03 
2.35046E-03 
1.08091E-01 
7.35072E-02 
5.47319E-02 
4.29482E-02 
3.47927E-02 
2.88299E-02 
2.42928E-02 
2.14703E-02 
2.07348E-02 
1.76781E-02 
1.52126E-02 
1.31886E-02 
1.15030E-02 
1.00957E-02 
8.89062E-03 
7.84844E-03 
6.94182E-03 
6.14912E-03 
5.45294E-03 
4.83917E-03 
4.29625E-03 
3.81458E-03 
3.38616E-03 
3.00425E-03 
2.66315E-03 
2.35799E-03 
1.07702E-01 
7.32484E-02 
5.45439E-02 
4.28046E-02 
3.46799E-02 
2.87396E-02 
2.42196E-02 
2.14077E-02 
2.06749E-02 
1.76298E-02 
1.51736E-02 
1.31572E-02 
1.14780E-02 
1.00760E-02 
8.87545E-03 
7.83720E-03 
6.93400E-03 
6.14429E-03 
5.45073E-03 
4.83928E-03 
4.29841E-03 
3.81856E-03 
3.39175E-03 
3.01129E-03 
2.67147E-03 
2.36746E-03 
1.07208E-01 
7.29200E-02 
5.43053E-02 
4.26224E-02 
3.45366E-02 
2.86248E-02 
2.41265E-02 
2.13282E-02 
2.05989E-02 
1.75684E-02 
1.51239E-02 
1.31173E-02 
1.14461E-02 
1.00508E-02 
8.85604E-03 
7.82277E-03 
6.92391E-03 
6.13798E-03 
5.44776E-03 
4.83925E-03 
4.30097E-03 
3.82342E-03 
3.39866E-03 
3.02002E-03 
2.68184E-03 
2.37929E-03 
1.06583E-01 
7.25046E-02 
5.40034E-02 
4.23917E-02 
3.43552E-02 
2.84795E-02 
2.40086E-02 
2.12273E-02 
2.05025E-02 
1.74904E-02 
1.50609E-02 
1.30664E-02 
1.14054E-02 
1.00187E-02 
8.83121E-03 
7.80424E-03 
6.91086E-03 
6.12973E-03 
5.44371E-03 
4.83891E-03 
4.30391E-03 
3.82927E-03 
3.40710E-03 
3.03077E-03 
2.69465E-03 
2.39394E-03 
1.05797E-01 
7.19811E-02 
5.36227E-02 
4.21007E-02 
3.41263E-02 
2.82960E-02 
2.38596E-02 
2.10998E-02 
2.03806E-02 
1.73918E-02 
1.49811E-02 
1.30020E-02 
1.13538E-02 
9.97780E-03 
8.79948E-03 
7.78045E-03 
6.89397E-03 
6.11887E-03 
5.43815E-03 
4.83802E-03 
4.30715E-03 
3.83618E-03 
3.41727E-03 
3.04385E-03 
2.71032E-03 
2.41194E-03 
1.04809E-01 
7.13233E-02 
5.31443E-02 
4.17349E-02 
3.38384E-02 
2.80650E-02 
2.36720E-02 
2.09391E-02 
2.02269E-02 
1.72673E-02 
1.48801E-02 
1.29204E-02 
1.12883E-02 
9.92575E-03 
8.75894E-03 
7.74986E-03 
6.87204E-03 
6.10451E-03 
5.43044E-03 
4.83617E-03 
4.31049E-03 
3.84412E-03 
3.42931E-03 
3.05953E-03 
2.72926E-03 
2.43380E-03 
1.03574E-01 
7.05014E-02 
5.25462E-02 
4.12772E-02 
3.34779E-02 
2.77756E-02 
2.34367E-02 
2.07375E-02 
2.00340E-02 
1.71109E-02 
1.47530E-02 
1.28175E-02 
1.12055E-02 
9.85966E-03 
8.70721E-03 
7.71055E-03 
6.84354E-03 
6.08546E-03 
5.41969E-03 
4.83273E-03 
4.31352E-03 
3.85289E-03 
3.44319E-03 
3.07796E-03 
2.75176E-03 
2.45993E-03 
1.02042E-01 
6.94804E-02 
5.18027E-02 
4.07079E-02 
3.30292E-02 
2.74150E-02 
2.31431E-02 
2.04856E-02 
1.97931E-02 
1.69151E-02 
1.45937E-02 
1.26880E-02 
1.11009E-02 
9.77593E-03 
8.64130E-03 
7.66004E-03 
6.80643E-03 
6.06006E-03 
5.40458E-03 
4.82670E-03 
4.31552E-03 
3.86201E-03 
3.45863E-03 
3.09905E-03 
2.77789E-03 
2.49057E-03 
1.00154E-01 
6.82211E-02 
5.08850E-02 
4.00045E-02 
3.24742E-02 
2.69684E-02 
2.27791E-02 
2.01730E-02 
1.94938E-02 
1.66714E-02 
1.43949E-02 
1.25260E-02 
1.09696E-02 
9.67019E-03 
8.55748E-03 
7.59518E-03 
6.75806E-03 
6.02612E-03 
5.38330E-03 
4.81659E-03 
4.31528E-03 
3.87053E-03 
3.47495E-03 
3.12232E-03 
2.80736E-03 
2.52559E-03 
9.78463E-02 
6.66810E-02 
4.97615E-02 
3.91425E-02 
3.17931E-02 
2.64197E-02 
2.23310E-02 
1.97875E-02 
1.91247E-02 
1.63701E-02 
1.41483E-02 
1.23244E-02 
1.08053E-02 
9.53717E-03 
8.45120E-03 
7.51203E-03 
6.69503E-03 
5.98068E-03 
5.35331E-03 
4.80021E-03 
4.31095E-03 
3.87689E-03 
3.49082E-03 
3.14666E-03 
2.83927E-03 
2.56427E-03 
9.50537E-02 
6.48151E-02 
4.83987E-02 
3.80955E-02 
3.09647E-02 
2.57511E-02 
2.17840E-02 
1.93161E-02 
1.86730E-02 
1.60003E-02 
1.38446E-02 
1.20749E-02 
1.06010E-02 
9.37058E-03 
8.31690E-03 
7.40566E-03 
6.61295E-03 
5.91984E-03 
5.31113E-03 
4.77448E-03 
4.29977E-03 
3.87861E-03 
3.50402E-03 
3.17010E-03 
2.87185E-03 
2.60503E-03 
9.17115E-02 
6.25792E-02 
4.67635E-02 
3.68372E-02 
2.99672E-02 
2.49443E-02 
2.11224E-02 
1.87448E-02 
1.81252E-02 
1.55503E-02 
1.34734E-02 
1.17685E-02 
1.03486E-02 
9.16312E-03 
8.14799E-03 
7.27009E-03 
6.50638E-03 
5.83863E-03 
5.25218E-03 
4.73517E-03 
4.27782E-03 
3.87208E-03 
3.51119E-03 
3.18948E-03 
2.90215E-03 
2.64509E-03 
8.77540E-02 
5.99277E-02 
4.48209E-02 
3.53396E-02 
2.87776E-02 
2.39799E-02 
2.03293E-02 
1.80582E-02 
1.74664E-02 
1.50070E-02 
1.30232E-02 
1.13947E-02 
1.00384E-02 
8.90608E-03 
7.93646E-03 
7.09791E-03 
6.36844E-03 
5.73062E-03 
5.17046E-03 
4.67662E-03 
4.23978E-03 
3.85223E-03 
3.50751E-03 
3.20023E-03 
2.92577E-03 
2.68024E-03 
8.31501E-02 
5.68375E-02 
4.25525E-02 
3.35870E-02 
2.73820E-02 
2.28453E-02 
1.93933E-02 
1.72458E-02 
1.66861E-02 
1.43605E-02 
1.24846E-02 
1.09447E-02 
9.66222E-03 
8.59151E-03 
7.67463E-03 
6.88170E-03 
6.19191E-03 
5.58879E-03 
5.05911E-03 
4.59213E-03 
4.17905E-03 
3.81258E-03 
3.48662E-03 
3.19605E-03 
2.93653E-03 
2.70435E-03 
7.78439E-02 
5.32687E-02 
3.99269E-02 
3.15533E-02 
2.57580E-02 
2.15208E-02 
1.82967E-02 
1.62911E-02 
1.57684E-02 
1.35963E-02 
1.18443E-02 
1.04060E-02 
9.20821E-03 
8.20819E-03 
7.35186E-03 
6.61128E-03 
5.96703E-03 
5.40373E-03 
4.90903E-03 
4.47288E-03 
4.08708E-03 
3.74480E-03 
3.44037E-03 
3.16898E-03 
2.92660E-03 
2.70975E-03 
7.18187E-02 
4.92067E-02 
3.69307E-02 
2.92261E-02 
2.38938E-02 
1.99951E-02 
1.70286E-02 
1.51831E-02 
1.47022E-02 
1.27036E-02 
1.10916E-02 
9.76820E-03 
8.66608E-03 
7.74595E-03 
6.95803E-03 
6.27661E-03 
5.68383E-03 
5.16553E-03 
4.71035E-03 
4.30904E-03 
3.95406E-03 
3.63913E-03 
3.35901E-03 
3.10931E-03 
2.88629E-03 
2.68676E-03 
6.50687E-02 
4.46440E-02 
3.35556E-02 
2.65963E-02 
2.17797E-02 
1.82582E-02 
1.55786E-02 
1.39117E-02 
1.34773E-02 
1.16720E-02 
1.02159E-02 
9.02059E-03 
8.02509E-03 
7.19397E-03 
6.48226E-03 
5.86676E-03 
5.33133E-03 
4.86317E-03 
4.45201E-03 
4.08953E-03 
3.76889E-03 
3.48442E-03 
3.23140E-03 
3.00585E-03 
2.80440E-03 
2.62418E-03 
5.76055E-02 
3.95844E-02 
2.98009E-02 
2.36606E-02 
1.94109E-02 
1.63037E-02 
1.39395E-02 
1.24687E-02 
1.20855E-02 
1.04927E-02 
9.20792E-03 
8.15325E-03 
7.27490E-03 
6.54159E-03 
5.91363E-03 
5.37057E-03 
4.89814E-03 
4.48508E-03 
4.12231E-03 
3.80248E-03 
3.51957E-03 
3.26858E-03 
3.04534E-03 
2.84633E-03 
2.66859E-03 
2.50958E-03 
4.94579E-02 
3.40430E-02 
2.56744E-02 
2.04220E-02 
1.67869E-02 
1.41291E-02 
1.21068E-02 
1.08488E-02 
1.05209E-02 
9.15846E-03 
8.05951E-03 
7.15736E-03 
6.40603E-03 
5.77877E-03 
5.24163E-03 
4.77711E-03 
4.37300E-03 
4.01967E-03 
3.70937E-03 
3.43580E-03 
3.19380E-03 
2.97911E-03 
2.78815E-03 
2.61792E-03 
2.46588E-03 
2.32987E-03 
4.06725E-02 
2.80469E-02 
2.11925E-02 
1.68905E-02 
1.39131E-02 
1.17363E-02 
1.00799E-02 
9.04944E-03 
8.78091E-03 
7.66499E-03 
6.76489E-03 
6.02597E-03 
5.41059E-03 
4.89683E-03 
4.45688E-03 
4.07641E-03 
3.74542E-03 
3.45603E-03 
3.20187E-03 
2.97780E-03 
2.77959E-03 
2.60374E-03 
2.44734E-03 
2.30791E-03 
2.18339E-03 
2.07198E-03 
3.13065E-02 
2.16303E-02 
1.63772E-02 
1.30802E-02 
1.07983E-02 
9.13002E-03 
7.86058E-03 
7.07087E-03 
6.86507E-03 
6.00984E-03 
5.32001E-03 
4.75371E-03 
4.28209E-03 
3.88835E-03 
3.55118E-03 
3.25959E-03 
3.00593E-03 
2.78413E-03 
2.58935E-03 
2.41762E-03 
2.26572E-03 
2.13095E-03 
2.01109E-03 
1.90423E-03 
1.80880E-03 
1.72341E-03 
2.14790E-02 
1.48707E-02 
1.12831E-02 
9.03149E-03 
7.47313E-03 
6.33376E-03 
5.46680E-03 
4.92748E-03 
4.78692E-03 
4.20285E-03 
3.73174E-03 
3.34499E-03 
3.02290E-03 
2.75400E-03 
2.52373E-03 
2.32459E-03 
2.15135E-03 
1.99988E-03 
1.86685E-03 
1.74957E-03 
1.64583E-03 
1.55379E-03 
1.47193E-03 
1.39896E-03 
1.33378E-03 
1.27547E-03 
1.11418E-02 
7.73062E-03 
5.87869E-03 
4.71639E-03 
3.91196E-03 
3.32382E-03 
2.87629E-03 
2.59789E-03 
2.52534E-03 
2.22384E-03 
1.98065E-03 
1.78101E-03 
1.61475E-03 
1.47594E-03 
1.35707E-03 
1.25428E-03 
1.16485E-03 
1.08666E-03 
1.01799E-03 
9.57455E-04 
9.03903E-04 
8.56393E-04 
8.14135E-04 
7.76466E-04 
7.42821E-04 
7.12721E-04 
4.62076E-04 
3.21328E-04 
2.44916E-04 
1.96958E-04 
1.63767E-04 
1.39500E-04 
1.21034E-04 
1.09547E-04 
1.06554E-04 
9.41137E-05 
8.40796E-05 
7.58423E-05 
6.89821E-05 
6.32548E-05 
5.83503E-05 
5.41088E-05 
5.04191E-05 
4.71930E-05 
4.43596E-05 
4.18617E-05 
3.96521E-05 
3.76918E-05 
3.59482E-05 
3.43940E-05 
3.30058E-05 
3.17638E-05 
-1.05176E-02 
-7.33099E-03 
-5.60097E-03 
-4.51518E-03 
-3.76371E-03 
-3.21428E-03 
-2.79621E-03 
-2.53614E-03 
-2.46836E-03 
-2.18671E-03 
-1.95953E-03 
-1.77303E-03 
-1.61771E-03 
-1.48804E-03 
-1.37700E-03 
-1.28097E-03 
-1.19743E-03 
-1.12439E-03 
-1.06024E-03 
-1.00369E-03 
-9.53660E-04 
-9.09278E-04 
-8.69802E-04 
-8.34612E-04 
-8.03181E-04 
-7.75063E-04 
-2.17288E-02 
-1.51817E-02 
-1.16273E-02 
-9.39644E-03 
-7.85250E-03 
-6.72366E-03 
-5.86473E-03 
-5.33039E-03 
-5.19114E-03 
-4.61247E-03 
-4.14572E-03 
-3.76255E-03 
-3.44344E-03 
-3.17702E-03 
-2.94888E-03 
-2.75158E-03 
-2.57995E-03 
-2.42988E-03 
-2.29808E-03 
-2.18189E-03 
-2.07911E-03 
-1.98792E-03 
-1.90681E-03 
-1.83451E-03 
-1.76994E-03 
-1.71217E-03 
-3.31051E-02 
-2.31869E-02 
-1.78024E-02 
-1.44229E-02 
-1.20840E-02 
-1.03740E-02 
-9.07277E-03 
-8.26331E-03 
-8.05235E-03 
-7.17573E-03 
-6.46865E-03 
-5.88819E-03 
-5.40477E-03 
-5.00118E-03 
-4.65558E-03 
-4.35669E-03 
-4.09668E-03 
-3.86934E-03 
-3.66968E-03 
-3.49366E-03 
-3.33796E-03 
-3.19982E-03 
-3.07696E-03 
-2.96743E-03 
-2.86961E-03 
-2.78209E-03 
-4.45820E-02 
-3.13035E-02 
-2.40946E-02 
-1.95702E-02 
-1.64389E-02 
-1.41494E-02 
-1.24074E-02 
-1.13237E-02 
-1.10413E-02 
-9.86764E-03 
-8.92099E-03 
-8.14387E-03 
-7.49667E-03 
-6.95634E-03 
-6.49365E-03 
-6.09349E-03 
-5.74540E-03 
-5.44103E-03 
-5.17373E-03 
-4.93808E-03 
-4.72962E-03 
-4.54468E-03 
-4.38019E-03 
-4.23355E-03 
-4.10259E-03 
-3.98542E-03 
-5.59852E-02 
-3.94092E-02 
-3.04102E-02 
-2.47623E-02 
-2.08533E-02 
-1.79953E-02 
-1.58207E-02 
-1.44679E-02 
-1.41153E-02 
-1.26503E-02 
-1.14685E-02 
-1.04984E-02 
-9.69051E-03 
-9.01600E-03 
-8.43840E-03 
-7.93888E-03 
-7.50434E-03 
-7.12440E-03 
-6.79072E-03 
-6.49654E-03 
-6.23632E-03 
-6.00545E-03 
-5.80011E-03 
-5.61706E-03 
-5.45357E-03 
-5.30731E-03 
-6.74764E-02 
-4.76204E-02 
-3.68406E-02 
-3.00751E-02 
-2.53926E-02 
-2.19691E-02 
-1.93641E-02 
-1.77436E-02 
-1.73213E-02 
-1.55663E-02 
-1.41508E-02 
-1.29887E-02 
-1.20209E-02 
-1.12129E-02 
-1.05210E-02 
-9.92266E-03 
-9.40213E-03 
-8.94700E-03 
-8.54729E-03 
-8.19490E-03 
-7.88318E-03 
-7.60664E-03 
-7.36066E-03 
-7.14139E-03 
-6.94555E-03 
-6.77034E-03 
-7.88348E-02 
-5.57803E-02 
-4.32641E-02 
-3.54087E-02 
-2.99720E-02 
-2.59970E-02 
-2.29724E-02 
-2.10908E-02 
-2.06005E-02 
-1.85628E-02 
-1.69192E-02 
-1.55700E-02 
-1.44463E-02 
-1.35081E-02 
-1.27048E-02 
-1.20100E-02 
-1.14057E-02 
-1.08772E-02 
-1.04131E-02 
-1.00040E-02 
-9.64204E-03 
-9.32095E-03 
-9.03535E-03 
-8.78076E-03 
-8.55337E-03 
-8.34994E-03 
-9.00459E-02 
-6.38785E-02 
-4.96724E-02 
-4.07564E-02 
-3.45856E-02 
-3.00739E-02 
-2.66410E-02 
-2.45054E-02 
-2.39488E-02 
-2.16360E-02 
-1.97705E-02 
-1.82391E-02 
-1.69637E-02 
-1.58989E-02 
-1.49871E-02 
-1.41985E-02 
-1.35125E-02 
-1.29127E-02 
-1.23860E-02 
-1.19216E-02 
-1.15108E-02 
-1.11463E-02 
-1.08222E-02 
-1.05332E-02 
-1.02751E-02 
-1.00442E-02 
-1.01047E-01 
-7.18695E-02 
-5.60294E-02 
-4.60879E-02 
-3.92073E-02 
-3.41767E-02 
-3.03489E-02 
-2.79676E-02 
-2.73471E-02 
-2.47683E-02 
-2.26882E-02 
-2.09806E-02 
-1.95585E-02 
-1.83712E-02 
-1.73545E-02 
-1.64753E-02 
-1.57104E-02 
-1.50416E-02 
-1.44543E-02 
-1.39365E-02 
-1.34784E-02 
-1.30720E-02 
-1.27106E-02 
-1.23884E-02 
-1.21006E-02 
-1.18432E-02 
-1.11813E-01 
-7.97351E-02 
-6.23203E-02 
-5.13905E-02 
-4.38259E-02 
-3.82952E-02 
-3.40869E-02 
-3.14689E-02 
-3.07866E-02 
-2.79515E-02 
-2.56646E-02 
-2.37873E-02 
-2.22238E-02 
-2.09185E-02 
-1.98007E-02 
-1.88341E-02 
-1.79932E-02 
-1.72579E-02 
-1.66122E-02 
-1.60429E-02 
-1.55393E-02 
-1.50925E-02 
-1.46951E-02 
-1.43409E-02 
-1.40245E-02 
-1.37415E-02 
-1.22282E-01 
-8.74294E-02 
-6.85079E-02 
-5.66325E-02 
-4.84135E-02 
-4.24043E-02 
-3.78319E-02 
-3.49874E-02 
-3.42461E-02 
-3.11656E-02 
-2.86809E-02 
-2.66412E-02 
-2.49424E-02 
-2.35242E-02 
-2.23097E-02 
-2.12594E-02 
-2.03458E-02 
-1.95469E-02 
-1.88453E-02 
-1.82267E-02 
-1.76796E-02 
-1.71942E-02 
-1.67624E-02 
-1.63775E-02 
-1.60338E-02 
-1.57262E-02 
-1.32409E-01 
-9.49177E-02 
-7.45636E-02 
-6.17890E-02 
-5.29477E-02 
-4.64835E-02 
-4.15649E-02 
-3.85051E-02 
-3.77077E-02 
-3.43940E-02 
-3.17211E-02 
-2.95269E-02 
-2.76996E-02 
-2.61740E-02 
-2.48675E-02 
-2.37377E-02 
-2.27549E-02 
-2.18955E-02 
-2.11408E-02 
-2.04754E-02 
-1.98868E-02 
-1.93647E-02 
-1.89002E-02 
-1.84862E-02 
-1.81164E-02 
-1.77856E-02 
-1.42157E-01 
-1.02171E-01 
-8.04631E-02 
-6.68387E-02 
-5.74093E-02 
-5.05151E-02 
-4.52693E-02 
-4.20059E-02 
-4.11554E-02 
-3.76213E-02 
-3.47707E-02 
-3.24305E-02 
-3.04816E-02 
-2.88545E-02 
-2.74612E-02 
-2.62562E-02 
-2.52080E-02 
-2.42914E-02 
-2.34865E-02 
-2.27769E-02 
-2.21491E-02 
-2.15922E-02 
-2.10969E-02 
-2.06553E-02 
-2.02609E-02 
-1.99081E-02 
-1.51466E-01 
-1.09145E-01 
-8.61687E-02 
-7.17485E-02 
-6.17682E-02 
-5.44713E-02 
-4.89191E-02 
-4.54651E-02 
-4.45649E-02 
-4.08243E-02 
-3.78072E-02 
-3.53303E-02 
-3.32676E-02 
-3.15454E-02 
-3.00707E-02 
-2.87953E-02 
-2.76859E-02 
-2.67158E-02 
-2.58639E-02 
-2.51128E-02 
-2.44484E-02 
-2.38589E-02 
-2.33347E-02 
-2.28673E-02 
-2.24499E-02 
-2.20764E-02 
-1.60324E-01 
-1.15827E-01 
-9.16696E-02 
-7.65080E-02 
-6.60147E-02 
-5.83427E-02 
-5.25050E-02 
-4.88734E-02 
-4.79270E-02 
-4.39941E-02 
-4.08219E-02 
-3.82177E-02 
-3.60489E-02 
-3.42382E-02 
-3.26877E-02 
-3.13467E-02 
-3.01802E-02 
-2.91603E-02 
-2.82646E-02 
-2.74749E-02 
-2.67763E-02 
-2.61566E-02 
-2.56053E-02 
-2.51140E-02 
-2.46751E-02 
-2.42824E-02 
-1.68602E-01 
-1.22118E-01 
-9.68823E-02 
-8.10440E-02 
-7.00822E-02 
-6.20677E-02 
-5.59694E-02 
-5.21757E-02 
-5.11871E-02 
-4.70786E-02 
-4.37648E-02 
-4.10443E-02 
-3.87787E-02 
-3.68872E-02 
-3.52675E-02 
-3.38667E-02 
-3.26481E-02 
-3.15826E-02 
-3.06469E-02 
-2.98220E-02 
-2.90922E-02 
-2.84448E-02 
-2.78690E-02 
-2.73557E-02 
-2.68972E-02 
-2.64870E-02 
-1.76404E-01 
-1.28096E-01 
-1.01870E-01 
-8.54101E-02 
-7.40182E-02 
-6.56892E-02 
-5.93516E-02 
-5.54090E-02 
-5.43815E-02 
-5.01119E-02 
-4.66679E-02 
-4.38407E-02 
-4.14862E-02 
-3.95205E-02 
-3.78372E-02 
-3.63814E-02 
-3.51150E-02 
-3.40077E-02 
-3.30353E-02 
-3.21779E-02 
-3.14196E-02 
-3.07468E-02 
-3.01483E-02 
-2.96149E-02 
-2.91384E-02 
-2.87121E-02 
-1.83616E-01 
-1.33672E-01 
-1.06557E-01 
-8.95397E-02 
-7.77618E-02 
-6.91506E-02 
-6.25983E-02 
-5.85221E-02 
-5.74598E-02 
-5.30455E-02 
-4.94849E-02 
-4.65619E-02 
-4.41276E-02 
-4.20953E-02 
-4.03549E-02 
-3.88498E-02 
-3.75405E-02 
-3.63957E-02 
-3.53903E-02 
-3.45040E-02 
-3.37199E-02 
-3.30243E-02 
-3.24056E-02 
-3.18540E-02 
-3.13614E-02 
-3.09207E-02 
-1.90206E-01 
-1.38818E-01 
-1.10919E-01 
-9.34097E-02 
-8.12913E-02 
-7.24311E-02 
-6.56894E-02 
-6.14954E-02 
-6.04024E-02 
-5.58604E-02 
-5.21969E-02 
-4.91894E-02 
-4.66847E-02 
-4.45936E-02 
-4.28029E-02 
-4.12543E-02 
-3.99072E-02 
-3.87293E-02 
-3.76948E-02 
-3.67828E-02 
-3.59761E-02 
-3.52604E-02 
-3.46238E-02 
-3.40563E-02 
-3.35495E-02 
-3.30960E-02 
-1.96140E-01 
-1.43506E-01 
-1.14931E-01 
-9.69966E-02 
-8.45844E-02 
-7.55094E-02 
-6.86041E-02 
-6.43084E-02 
-6.31890E-02 
-5.85369E-02 
-5.47845E-02 
-5.17041E-02 
-4.91387E-02 
-4.69969E-02 
-4.51628E-02 
-4.35767E-02 
-4.21969E-02 
-4.09904E-02 
-3.99309E-02 
-3.89967E-02 
-3.81704E-02 
-3.74374E-02 
-3.67853E-02 
-3.62041E-02 
-3.56850E-02 
-3.52205E-02 
-2.01384E-01 
-1.47707E-01 
-1.18566E-01 
-1.00276E-01 
-8.76180E-02 
-7.83632E-02 
-7.13211E-02 
-6.69403E-02 
-6.57986E-02 
-6.10543E-02 
-5.72276E-02 
-5.40862E-02 
-5.14699E-02 
-4.92857E-02 
-4.74152E-02 
-4.57977E-02 
-4.43905E-02 
-4.31602E-02 
-4.20796E-02 
-4.11270E-02 
-4.02843E-02 
-3.95367E-02 
-3.88718E-02 
-3.82790E-02 
-3.77496E-02 
-3.72759E-02 
-2.05907E-01 
-1.51394E-01 
-1.21799E-01 
-1.03225E-01 
-9.03696E-02 
-8.09707E-02 
-7.38190E-02 
-6.93700E-02 
-6.82106E-02 
-6.33924E-02 
-5.95061E-02 
-5.63158E-02 
-5.36588E-02 
-5.14405E-02 
-4.95410E-02 
-4.78982E-02 
-4.64692E-02 
-4.52197E-02 
-4.41223E-02 
-4.31549E-02 
-4.22991E-02 
-4.15398E-02 
-4.08645E-02 
-4.02625E-02 
-3.97249E-02 
-3.92439E-02 
-2.09675E-01 
-1.54538E-01 
-1.24605E-01 
-1.05818E-01 
-9.28156E-02 
-8.33092E-02 
-7.60757E-02 
-7.15758E-02 
-7.04030E-02 
-6.55298E-02 
-6.15990E-02 
-5.83721E-02 
-5.56848E-02 
-5.34411E-02 
-5.15199E-02 
-4.98583E-02 
-4.84129E-02 
-4.71491E-02 
-4.60392E-02 
-4.50606E-02 
-4.41951E-02 
-4.34271E-02 
-4.27441E-02 
-4.21352E-02 
-4.15914E-02 
-4.11049E-02 
-2.12657E-01 
-1.57112E-01 
-1.26957E-01 
-1.08032E-01 
-9.49330E-02 
-8.53562E-02 
-7.80692E-02 
-7.35359E-02 
-7.23546E-02 
-6.74453E-02 
-6.34854E-02 
-6.02347E-02 
-5.75274E-02 
-5.52672E-02 
-5.33317E-02 
-5.16579E-02 
-5.02018E-02 
-4.89286E-02 
-4.78105E-02 
-4.68247E-02 
-4.59527E-02 
-4.51791E-02 
-4.44910E-02 
-4.38776E-02 
-4.33298E-02 
-4.28397E-02 
-2.14824E-01 
-1.59091E-01 
-1.28834E-01 
-1.09844E-01 
-9.67012E-02 
-8.70919E-02 
-7.97802E-02 
-7.52316E-02 
-7.40462E-02 
-6.91202E-02 
-6.51470E-02 
-6.18852E-02 
-5.91688E-02 
-5.69009E-02 
-5.49588E-02 
-5.32793E-02 
-5.18183E-02 
-5.05408E-02 
-4.94189E-02 
-4.84298E-02 
-4.75548E-02 
-4.67786E-02 
-4.60882E-02 
-4.54727E-02 
-4.49230E-02 
-4.44312E-02 
-2.16133E-01 
-1.60435E-01 
-1.30196E-01 
-1.11218E-01 
-9.80835E-02 
-8.84803E-02 
-8.11731E-02 
-7.66274E-02 
-7.54427E-02 
-7.05198E-02 
-6.65490E-02 
-6.32893E-02 
-6.05746E-02 
-5.83081E-02 
-5.63673E-02 
-5.46888E-02 
-5.32286E-02 
-5.19520E-02 
-5.08307E-02 
-4.98423E-02 
-4.89679E-02 
-4.81921E-02 
-4.75021E-02 
-4.68871E-02 
-4.63377E-02 
-4.58462E-02 
-2.16570E-01 
-1.61133E-01 
-1.31037E-01 
-1.12148E-01 
-9.90749E-02 
-8.95167E-02 
-8.22438E-02 
-7.77194E-02 
-7.65403E-02 
-7.16406E-02 
-6.76884E-02 
-6.44440E-02 
-6.17420E-02 
-5.94861E-02 
-5.75544E-02 
-5.58838E-02 
-5.44306E-02 
-5.31599E-02 
-5.20439E-02 
-5.10601E-02 
-5.01898E-02 
-4.94177E-02 
-4.87309E-02 
-4.81187E-02 
-4.75720E-02 
-4.70828E-02 
-2.16095E-01 
-1.61150E-01 
-1.31320E-01 
-1.12599E-01 
-9.96413E-02 
-9.01679E-02 
-8.29594E-02 
-7.84751E-02 
-7.73065E-02 
-7.24502E-02 
-6.85330E-02 
-6.53174E-02 
-6.26393E-02 
-6.04035E-02 
-5.84889E-02 
-5.68331E-02 
-5.53927E-02 
-5.41333E-02 
-5.30272E-02 
-5.20521E-02 
-5.11895E-02 
-5.04242E-02 
-4.97436E-02 
-4.91368E-02 
-4.85949E-02 
-4.81100E-02 
-2.14679E-01 
-1.60457E-01 
-1.31021E-01 
-1.12546E-01 
-9.97596E-02 
-9.04110E-02 
-8.32975E-02 
-7.88723E-02 
-7.77191E-02 
-7.29267E-02 
-6.90612E-02 
-6.58879E-02 
-6.32452E-02 
-6.10388E-02 
-5.91494E-02 
-5.75154E-02 
-5.60940E-02 
-5.48512E-02 
-5.37597E-02 
-5.27974E-02 
-5.19462E-02 
-5.11910E-02 
-5.05193E-02 
-4.99206E-02 
-4.93858E-02 
-4.89074E-02 
-2.12292E-01 
-1.59030E-01 
-1.30114E-01 
-1.11966E-01 
-9.94060E-02 
-9.02227E-02 
-8.32352E-02 
-7.88882E-02 
-7.77554E-02 
-7.30478E-02 
-6.92507E-02 
-6.61335E-02 
-6.35375E-02 
-6.13702E-02 
-5.95142E-02 
-5.79092E-02 
-5.65129E-02 
-5.52921E-02 
-5.42199E-02 
-5.32746E-02 
-5.24385E-02 
-5.16967E-02 
-5.10369E-02 
-5.04487E-02 
-4.99234E-02 
-4.94534E-02 
-2.08905E-01 
-1.56840E-01 
-1.28575E-01 
-1.10834E-01 
-9.85565E-02 
-8.95797E-02 
-8.27491E-02 
-7.84999E-02 
-7.73925E-02 
-7.27908E-02 
-6.90790E-02 
-6.60319E-02 
-6.34942E-02 
-6.13756E-02 
-5.95614E-02 
-5.79924E-02 
-5.66275E-02 
-5.54341E-02 
-5.43860E-02 
-5.34620E-02 
-5.26446E-02 
-5.19195E-02 
-5.12745E-02 
-5.06996E-02 
-5.01860E-02 
-4.97266E-02 
-2.04491E-01 
-1.53863E-01 
-1.26377E-01 
-1.09127E-01 
-9.71877E-02 
-8.84585E-02 
-8.18165E-02 
-7.76845E-02 
-7.66077E-02 
-7.21329E-02 
-6.85236E-02 
-6.55606E-02 
-6.30929E-02 
-6.10328E-02 
-5.92686E-02 
-5.77429E-02 
-5.64157E-02 
-5.52552E-02 
-5.42361E-02 
-5.33376E-02 
-5.25427E-02 
-5.18376E-02 
-5.12104E-02 
-5.06514E-02 
-5.01520E-02 
-4.97053E-02 
-1.99004E-01 
-1.50059E-01 
-1.23488E-01 
-1.06811E-01 
-9.52690E-02 
-8.68302E-02 
-8.04091E-02 
-7.64146E-02 
-7.53736E-02 
-7.10476E-02 
-6.75583E-02 
-6.46939E-02 
-6.23083E-02 
-6.03167E-02 
-5.86112E-02 
-5.71363E-02 
-5.58532E-02 
-5.47313E-02 
-5.37461E-02 
-5.28774E-02 
-5.21091E-02 
-5.14274E-02 
-5.08211E-02 
-5.02806E-02 
-4.97978E-02 
-4.93660E-02 
-1.92449E-01 
-1.45427E-01 
-1.19899E-01 
-1.03877E-01 
-9.27888E-02 
-8.46815E-02 
-7.85126E-02 
-7.46750E-02 
-7.36749E-02 
-6.95189E-02 
-6.61666E-02 
-6.34147E-02 
-6.11229E-02 
-5.92094E-02 
-5.75710E-02 
-5.61539E-02 
-5.49213E-02 
-5.38435E-02 
-5.28969E-02 
-5.20624E-02 
-5.13242E-02 
-5.06693E-02 
-5.00868E-02 
-4.95676E-02 
-4.91038E-02 
-4.86889E-02 
-1.84776E-01 
-1.39924E-01 
-1.15574E-01 
-1.00292E-01 
-8.97149E-02 
-8.19818E-02 
-7.60976E-02 
-7.24371E-02 
-7.14831E-02 
-6.75189E-02 
-6.43214E-02 
-6.16964E-02 
-5.95103E-02 
-5.76852E-02 
-5.61224E-02 
-5.47707E-02 
-5.35949E-02 
-5.25669E-02 
-5.16640E-02 
-5.08680E-02 
-5.01639E-02 
-4.95392E-02 
-4.89836E-02 
-4.84883E-02 
-4.80459E-02 
-4.76502E-02 
-1.75957E-01 
-1.33524E-01 
-1.10488E-01 
-9.60296E-02 
-8.60232E-02 
-7.87071E-02 
-7.31402E-02 
-6.96771E-02 
-6.87746E-02 
-6.50242E-02 
-6.19991E-02 
-5.95158E-02 
-5.74476E-02 
-5.57209E-02 
-5.42423E-02 
-5.29636E-02 
-5.18512E-02 
-5.08786E-02 
-5.00244E-02 
-4.92714E-02 
-4.86052E-02 
-4.80142E-02 
-4.74886E-02 
-4.70200E-02 
-4.66015E-02 
-4.62271E-02 
-1.65964E-01 
-1.26201E-01 
-1.04614E-01 
-9.10656E-02 
-8.16887E-02 
-7.48329E-02 
-6.96164E-02 
-6.63711E-02 
-6.55254E-02 
-6.20110E-02 
-5.91762E-02 
-5.68491E-02 
-5.49110E-02 
-5.32930E-02 
-5.19075E-02 
-5.07092E-02 
-4.96668E-02 
-4.87554E-02 
-4.79549E-02 
-4.72493E-02 
-4.66250E-02 
-4.60712E-02 
-4.55786E-02 
-4.51395E-02 
-4.47473E-02 
-4.43965E-02 
-1.54770E-01 
-1.17929E-01 
-9.79282E-02 
-8.53754E-02 
-7.66875E-02 
-7.03355E-02 
-6.55022E-02 
-6.24955E-02 
-6.17119E-02 
-5.84557E-02 
-5.58293E-02 
-5.36731E-02 
-5.18775E-02 
-5.03784E-02 
-4.90946E-02 
-4.79844E-02 
-4.70186E-02 
-4.61742E-02 
-4.54325E-02 
-4.47787E-02 
-4.42004E-02 
-4.36872E-02 
-4.32309E-02 
-4.28240E-02 
-4.24607E-02 
-4.21356E-02 
-1.42347E-01 
-1.08682E-01 
-9.04047E-02 
-7.89338E-02 
-7.09948E-02 
-6.51904E-02 
-6.07737E-02 
-5.80261E-02 
-5.73101E-02 
-5.43346E-02 
-5.19345E-02 
-4.99642E-02 
-4.83234E-02 
-4.69534E-02 
-4.57804E-02 
-4.47658E-02 
-4.38833E-02 
-4.31116E-02 
-4.24339E-02 
-4.18365E-02 
-4.13080E-02 
-4.08391E-02 
-4.04220E-02 
-4.00503E-02 
-3.97182E-02 
-3.94212E-02 
-1.28663E-01 
-9.84296E-02 
-8.20157E-02 
-7.17141E-02 
-6.45843E-02 
-5.93715E-02 
-5.54051E-02 
-5.29376E-02 
-5.22945E-02 
-4.96223E-02 
-4.74669E-02 
-4.56974E-02 
-4.42238E-02 
-4.29936E-02 
-4.19400E-02 
-4.10289E-02 
-4.02364E-02 
-3.95434E-02 
-3.89347E-02 
-3.83982E-02 
-3.79235E-02 
-3.75024E-02 
-3.71279E-02 
-3.67940E-02 
-3.64958E-02 
-3.62291E-02 
-1.13703E-01 
-8.71552E-02 
-7.27426E-02 
-6.36970E-02 
-5.74366E-02 
-5.28594E-02 
-4.93765E-02 
-4.72099E-02 
-4.66452E-02 
-4.42988E-02 
-4.24062E-02 
-4.08525E-02 
-3.95586E-02 
-3.84783E-02 
-3.75532E-02 
-3.67532E-02 
-3.60573E-02 
-3.54488E-02 
-3.49144E-02 
-3.44432E-02 
-3.40264E-02 
-3.36567E-02 
-3.33278E-02 
-3.30347E-02 
-3.27728E-02 
-3.25386E-02 
---
