PdfType: replica
Format: lhagrid1
---
1.00000E-06 1.28121E-06 1.64152E-06 2.10317E-06 2.69463E-06 3.45242E-06 4.42329E-06 5.66715E-06 7.26076E-06 9.30241E-06 1.19180E-05 1.52689E-05 1.95617E-05 2.50609E-05 3.21053E-05 4.11287E-05 5.26863E-05 6.74889E-05 8.64459E-05 1.10720E-04 1.41800E-04 1.81585E-04 2.32503E-04 2.97652E-04 3.80981E-04 4.87518E-04 6.26039E-04 8.00452E-04 1.02297E-03 1.30657E-03 1.66759E-03 2.12729E-03 2.71054E-03 3.44865E-03 4.37927E-03 5.54908E-03 7.01192E-03 8.83064E-03 1.10763E-02 1.38266E-02 1.71641E-02 2.11717E-02 2.59364E-02 3.15062E-02 3.79623E-02 4.53425E-02 5.36750E-02 6.29705E-02 7.32221E-02 8.44039E-02 9.64793E-02 1.09332E-01 1.23067E-01 1.37507E-01 1.52639E-01 1.68416E-01 1.84794E-01 2.01731E-01 2.19016E-01 2.36948E-01 2.55242E-01 2.73927E-01 2.92954E-01 3.12340E-01 3.32036E-01 3.52019E-01 3.72282E-01 3.92772E-01 4.13533E-01 4.34326E-01 4.55495E-01 4.76836E-01 4.98342E-01 5.20006E-01 5.41818E-01 5.63773E-01 5.85861E-01 6.08077E-01 6.30459E-01 6.52800E-01 6.75387E-01 6.98063E-01 7.20830E-01 7.43683E-01 7.66623E-01 7.89636E-01 8.12791E-01 8.35940E-01 8.59175E-01 8.82485E-01 9.05866E-01 9.29311E-01 9.52817E-01 9.76387E-01 1.00000E+00 
1.14018E+00 1.22539E+00 1.32482E+00 1.44156E+00 1.57954E+00 1.74381E+00 1.94091E+00 2.12132E+00 2.17945E+00 2.49622E+00 2.89383E+00 3.39925E+00 4.05063E+00 4.90286E+00 6.03623E+00 7.57063E+00 9.68869E+00 1.26749E+01 1.69835E+01 2.33578E+01 3.30501E+01 4.82334E+01 7.28041E+01 1.13998E+02 1.85779E+02 3.16228E+02 
908
4.83008E-02 
4.74365E-02 
4.65791E-02 
4.57276E-02 
4.48713E-02 
4.40114E-02 
4.31490E-02 
4.24806E-02 
4.22851E-02 
4.13531E-02 
4.04219E-02 
3.94927E-02 
3.85667E-02 
3.76544E-02 
3.67433E-02 
3.58321E-02 
3.49225E-02 
3.40158E-02 
3.31135E-02 
3.22168E-02 
3.13271E-02 
3.04454E-02 
2.95729E-02 
2.87105E-02 
2.78592E-02 
2.70200E-02 
4.83008E-02 
4.74365E-02 
4.65791E-02 
4.57276E-02 
4.48713E-02 
4.40114E-02 
4.31490E-02 
4.24806E-02 
4.22850E-02 
4.13531E-02 
4.04219E-02 
3.94927E-02 
3.85667E-02 
3.76544E-02 
3.67432E-02 
3.58321E-02 
3.49224E-02 
3.40158E-02 
3.31135E-02 
3.22168E-02 
3.13271E-02 
3.04454E-02 
2.95728E-02 
2.87105E-02 
2.78592E-02 
2.70199E-02 
4.83008E-02 
4.74365E-02 
4.65791E-02 
4.57276E-02 
4.48713E-02 
4.40114E-02 
4.31490E-02 
4.24806E-02 
4.22850E-02 
4.13531E-02 
4.04219E-02 
3.94927E-02 
3.85667E-02 
3.76544E-02 
3.67432E-02 
3.58321E-02 
3.49224E-02 
3.40158E-02 
3.31134E-02 
3.22168E-02 
3.13270E-02 
3.04453E-02 
2.95728E-02 
2.87104E-02 
2.78592E-02 
2.70199E-02 
4.83008E-02 
4.74365E-02 
4.65791E-02 
4.57276E-02 
4.48713E-02 
4.40114E-02 
4.31490E-02 
4.24806E-02 
4.22850E-02 
4.13531E-02 
4.04219E-02 
3.94927E-02 
3.85667E-02 
3.76544E-02 
3.67432E-02 
3.58320E-02 
3.49224E-02 
3.40157E-02 
3.31134E-02 
3.22167E-02 
3.13270E-02 
3.04453E-02 
2.95728E-02 
2.87104E-02 
2.78591E-02 
2.70198E-02 
4.83008E-02 
4.74365E-02 
4.65791E-02 
4.57276E-02 
4.48713E-02 
4.40114E-02 
4.31490E-02 
4.24806E-02 
4.22850E-02 
4.13531E-02 
4.04219E-02 
3.94927E-02 
3.85666E-02 
3.76544E-02 
3.67432E-02 
3.58320E-02 
3.49224E-02 
3.40157E-02 
3.31134E-02 
3.22167E-02 
3.13269E-02 
3.04453E-02 
2.95727E-02 
2.87103E-02 
2.78591E-02 
2.70198E-02 
4.83008E-02 
4.74365E-02 
4.65791E-02 
4.57276E-02 
4.48713E-02 
4.40114E-02 
4.31489E-02 
4.24805E-02 
4.22850E-02 
4.13530E-02 
4.04219E-02 
3.94926E-02 
3.85666E-02 
3.76543E-02 
3.67431E-02 
3.58320E-02 
3.49223E-02 
3.40156E-02 
3.31133E-02 
3.22166E-02 
3.13269E-02 
3.04452E-02 
2.95726E-02 
2.87103E-02 
2.78590E-02 
2.70197E-02 
4.83008E-02 
4.74365E-02 
4.65791E-02 
4.57276E-02 
4.48713E-02 
4.40114E-02 
4.31489E-02 
4.24805E-02 
4.22850E-02 
4.13530E-02 
4.04218E-02 
3.94926E-02 
3.85666E-02 
3.76543E-02 
3.67431E-02 
3.58319E-02 
3.49223E-02 
3.40156E-02 
3.31132E-02 
3.22166E-02 
3.13268E-02 
3.04451E-02 
2.95726E-02 
2.87102E-02 
2.78589E-02 
2.70196E-02 
4.83008E-02 
4.74365E-02 
4.65791E-02 
4.57276E-02 
4.48713E-02 
4.40114E-02 
4.31489E-02 
4.24805E-02 
4.22850E-02 
4.13530E-02 
4.04218E-02 
3.94926E-02 
3.85665E-02 
3.76542E-02 
3.67430E-02 
3.58318E-02 
3.49222E-02 
3.40155E-02 
3.31132E-02 
3.22165E-02 
3.13267E-02 
3.04450E-02 
2.95724E-02 
2.87101E-02 
2.78588E-02 
2.70195E-02 
4.83009E-02 
4.74366E-02 
4.65792E-02 
4.57276E-02 
4.48713E-02 
4.40114E-02 
4.31489E-02 
4.24805E-02 
4.22849E-02 
4.13530E-02 
4.04217E-02 
3.94925E-02 
3.85665E-02 
3.76542E-02 
3.67429E-02 
3.58317E-02 
3.49221E-02 
3.40154E-02 
3.31130E-02 
3.22164E-02 
3.13266E-02 
3.04449E-02 
2.95723E-02 
2.87099E-02 
2.78586E-02 
2.70193E-02 
4.83009E-02 
4.74366E-02 
4.65792E-02 
4.57277E-02 
4.48713E-02 
4.40114E-02 
4.31489E-02 
4.24805E-02 
4.22849E-02 
4.13529E-02 
4.04217E-02 
3.94925E-02 
3.85664E-02 
3.76541E-02 
3.67428E-02 
3.58316E-02 
3.49220E-02 
3.40153E-02 
3.31129E-02 
3.22162E-02 
3.13264E-02 
3.04447E-02 
2.95721E-02 
2.87097E-02 
2.78584E-02 
2.70191E-02 
4.83010E-02 
4.74366E-02 
4.65792E-02 
4.57277E-02 
4.48713E-02 
4.40114E-02 
4.31488E-02 
4.24804E-02 
4.22849E-02 
4.13529E-02 
4.04216E-02 
3.94924E-02 
3.85663E-02 
3.76540E-02 
3.67427E-02 
3.58315E-02 
3.49218E-02 
3.40151E-02 
3.31127E-02 
3.22160E-02 
3.13262E-02 
3.04445E-02 
2.95719E-02 
2.87095E-02 
2.78581E-02 
2.70188E-02 
4.83010E-02 
4.74367E-02 
4.65792E-02 
4.57277E-02 
4.48713E-02 
4.40113E-02 
4.31488E-02 
4.24804E-02 
4.22848E-02 
4.13528E-02 
4.04215E-02 
3.94923E-02 
3.85662E-02 
3.76538E-02 
3.67426E-02 
3.58313E-02 
3.49216E-02 
3.40149E-02 
3.31125E-02 
3.22158E-02 
3.13259E-02 
3.04442E-02 
2.95716E-02 
2.87091E-02 
2.78578E-02 
2.70185E-02 
4.83011E-02 
4.74367E-02 
4.65793E-02 
4.57277E-02 
4.48713E-02 
4.40113E-02 
4.31488E-02 
4.24803E-02 
4.22847E-02 
4.13527E-02 
4.04214E-02 
3.94921E-02 
3.85660E-02 
3.76536E-02 
3.67423E-02 
3.58311E-02 
3.49213E-02 
3.40146E-02 
3.31122E-02 
3.22154E-02 
3.13256E-02 
3.04438E-02 
2.95712E-02 
2.87087E-02 
2.78574E-02 
2.70180E-02 
4.83012E-02 
4.74368E-02 
4.65793E-02 
4.57277E-02 
4.48713E-02 
4.40113E-02 
4.31487E-02 
4.24802E-02 
4.22847E-02 
4.13526E-02 
4.04213E-02 
3.94919E-02 
3.85658E-02 
3.76534E-02 
3.67421E-02 
3.58308E-02 
3.49210E-02 
3.40142E-02 
3.31118E-02 
3.22150E-02 
3.13251E-02 
3.04433E-02 
2.95707E-02 
2.87082E-02 
2.78568E-02 
2.70174E-02 
4.83013E-02 
4.74369E-02 
4.65794E-02 
4.57277E-02 
4.48713E-02 
4.40112E-02 
4.31486E-02 
4.24801E-02 
4.22845E-02 
4.13524E-02 
4.04211E-02 
3.94917E-02 
3.85655E-02 
3.76531E-02 
3.67417E-02 
3.58304E-02 
3.49206E-02 
3.40138E-02 
3.31113E-02 
3.22145E-02 
3.13246E-02 
3.04427E-02 
2.95700E-02 
2.87075E-02 
2.78561E-02 
2.70167E-02 
4.83015E-02 
4.74370E-02 
4.65795E-02 
4.57278E-02 
4.48713E-02 
4.40112E-02 
4.31485E-02 
4.24800E-02 
4.22844E-02 
4.13522E-02 
4.04208E-02 
3.94914E-02 
3.85652E-02 
3.76527E-02 
3.67413E-02 
3.58299E-02 
3.49201E-02 
3.40132E-02 
3.31107E-02 
3.22138E-02 
3.13238E-02 
3.04420E-02 
2.95692E-02 
2.87067E-02 
2.78552E-02 
2.70157E-02 
4.83017E-02 
4.74372E-02 
4.65796E-02 
4.57278E-02 
4.48713E-02 
4.40111E-02 
4.31484E-02 
4.24798E-02 
4.22842E-02 
4.13520E-02 
4.04205E-02 
3.94910E-02 
3.85647E-02 
3.76522E-02 
3.67407E-02 
3.58293E-02 
3.49194E-02 
3.40124E-02 
3.31099E-02 
3.22129E-02 
3.13229E-02 
3.04410E-02 
2.95682E-02 
2.87055E-02 
2.78540E-02 
2.70145E-02 
4.83020E-02 
4.74374E-02 
4.65797E-02 
4.57279E-02 
4.48712E-02 
4.40110E-02 
4.31482E-02 
4.24796E-02 
4.22840E-02 
4.13516E-02 
4.04201E-02 
3.94905E-02 
3.85642E-02 
3.76515E-02 
3.67400E-02 
3.58285E-02 
3.49185E-02 
3.40115E-02 
3.31088E-02 
3.22118E-02 
3.13217E-02 
3.04397E-02 
2.95668E-02 
2.87041E-02 
2.78525E-02 
2.70129E-02 
4.83024E-02 
4.74376E-02 
4.65798E-02 
4.57279E-02 
4.48712E-02 
4.40109E-02 
4.31480E-02 
4.24793E-02 
4.22836E-02 
4.13512E-02 
4.04196E-02 
3.94899E-02 
3.85634E-02 
3.76507E-02 
3.67391E-02 
3.58274E-02 
3.49174E-02 
3.40102E-02 
3.31075E-02 
3.22104E-02 
3.13202E-02 
3.04381E-02 
2.95651E-02 
2.87023E-02 
2.78506E-02 
2.70109E-02 
4.83028E-02 
4.74380E-02 
4.65800E-02 
4.57280E-02 
4.48712E-02 
4.40107E-02 
4.31477E-02 
4.24789E-02 
4.22832E-02 
4.13507E-02 
4.04189E-02 
3.94891E-02 
3.85625E-02 
3.76497E-02 
3.67379E-02 
3.58261E-02 
3.49159E-02 
3.40087E-02 
3.31058E-02 
3.22085E-02 
3.13182E-02 
3.04360E-02 
2.95629E-02 
2.87000E-02 
2.78482E-02 
2.70083E-02 
4.83034E-02 
4.74384E-02 
4.65803E-02 
4.57281E-02 
4.48711E-02 
4.40105E-02 
4.31473E-02 
4.24784E-02 
4.22827E-02 
4.13500E-02 
4.04180E-02 
3.94881E-02 
3.85613E-02 
3.76483E-02 
3.67363E-02 
3.58244E-02 
3.49140E-02 
3.40066E-02 
3.31036E-02 
3.22062E-02 
3.13157E-02 
3.04333E-02 
2.95600E-02 
2.86970E-02 
2.78450E-02 
2.70050E-02 
4.83041E-02 
4.74389E-02 
4.65806E-02 
4.57282E-02 
4.48711E-02 
4.40102E-02 
4.31469E-02 
4.24778E-02 
4.22820E-02 
4.13491E-02 
4.04169E-02 
3.94868E-02 
3.85598E-02 
3.76465E-02 
3.67344E-02 
3.58222E-02 
3.49116E-02 
3.40040E-02 
3.31008E-02 
3.22032E-02 
3.13125E-02 
3.04298E-02 
2.95564E-02 
2.86931E-02 
2.78410E-02 
2.70008E-02 
4.83050E-02 
4.74396E-02 
4.65810E-02 
4.57284E-02 
4.48710E-02 
4.40099E-02 
4.31463E-02 
4.24770E-02 
4.22812E-02 
4.13479E-02 
4.04155E-02 
3.94850E-02 
3.85578E-02 
3.76443E-02 
3.67318E-02 
3.58194E-02 
3.49086E-02 
3.40007E-02 
3.30971E-02 
3.21993E-02 
3.13083E-02 
3.04254E-02 
2.95517E-02 
2.86882E-02 
2.78358E-02 
2.69954E-02 
4.83062E-02 
4.74404E-02 
4.65815E-02 
4.57286E-02 
4.48708E-02 
4.40094E-02 
4.31455E-02 
4.24759E-02 
4.22800E-02 
4.13465E-02 
4.04137E-02 
3.94828E-02 
3.85552E-02 
3.76414E-02 
3.67286E-02 
3.58158E-02 
3.49046E-02 
3.39964E-02 
3.30925E-02 
3.21943E-02 
3.13030E-02 
3.04198E-02 
2.95457E-02 
2.86819E-02 
2.78292E-02 
2.69884E-02 
4.83077E-02 
4.74414E-02 
4.65822E-02 
4.57288E-02 
4.48706E-02 
4.40088E-02 
4.31444E-02 
4.24745E-02 
4.22786E-02 
4.13445E-02 
4.04113E-02 
3.94800E-02 
3.85519E-02 
3.76376E-02 
3.67244E-02 
3.58112E-02 
3.48996E-02 
3.39909E-02 
3.30866E-02 
3.21879E-02 
3.12962E-02 
3.04125E-02 
2.95381E-02 
2.86738E-02 
2.78206E-02 
2.69795E-02 
4.83095E-02 
4.74427E-02 
4.65829E-02 
4.57290E-02 
4.48703E-02 
4.40079E-02 
4.31430E-02 
4.24727E-02 
4.22766E-02 
4.13420E-02 
4.04082E-02 
3.94764E-02 
3.85477E-02 
3.76328E-02 
3.67190E-02 
3.58053E-02 
3.48931E-02 
3.39838E-02 
3.30789E-02 
3.21797E-02 
3.12874E-02 
3.04032E-02 
2.95282E-02 
2.86634E-02 
2.78097E-02 
2.69680E-02 
4.83118E-02 
4.74444E-02 
4.65839E-02 
4.57293E-02 
4.48698E-02 
4.40068E-02 
4.31412E-02 
4.24703E-02 
4.22741E-02 
4.13387E-02 
4.04041E-02 
3.94715E-02 
3.85421E-02 
3.76265E-02 
3.67120E-02 
3.57975E-02 
3.48845E-02 
3.39746E-02 
3.30689E-02 
3.21690E-02 
3.12760E-02 
3.03911E-02 
2.95154E-02 
2.86498E-02 
2.77955E-02 
2.69531E-02 
4.83146E-02 
4.74463E-02 
4.65849E-02 
4.57294E-02 
4.48691E-02 
4.40052E-02 
4.31387E-02 
4.24672E-02 
4.22708E-02 
4.13344E-02 
4.03989E-02 
3.94654E-02 
3.85350E-02 
3.76185E-02 
3.67030E-02 
3.57876E-02 
3.48737E-02 
3.39628E-02 
3.30563E-02 
3.21554E-02 
3.12615E-02 
3.03757E-02 
2.94991E-02 
2.86327E-02 
2.77774E-02 
2.69342E-02 
4.83180E-02 
4.74486E-02 
4.65861E-02 
4.57295E-02 
4.48681E-02 
4.40031E-02 
4.31354E-02 
4.24630E-02 
4.22663E-02 
4.13288E-02 
4.03921E-02 
3.94573E-02 
3.85258E-02 
3.76080E-02 
3.66914E-02 
3.57748E-02 
3.48597E-02 
3.39476E-02 
3.30399E-02 
3.21379E-02 
3.12428E-02 
3.03559E-02 
2.94781E-02 
2.86106E-02 
2.77542E-02 
2.69099E-02 
4.83221E-02 
4.74512E-02 
4.65873E-02 
4.57293E-02 
4.48665E-02 
4.40000E-02 
4.31310E-02 
4.24575E-02 
4.22605E-02 
4.13214E-02 
4.03831E-02 
3.94468E-02 
3.85137E-02 
3.75945E-02 
3.66763E-02 
3.57582E-02 
3.48416E-02 
3.39280E-02 
3.30188E-02 
3.21153E-02 
3.12188E-02 
3.03304E-02 
2.94512E-02 
2.85822E-02 
2.77244E-02 
2.68787E-02 
4.83269E-02 
4.74542E-02 
4.65884E-02 
4.57286E-02 
4.48640E-02 
4.39957E-02 
4.31249E-02 
4.24500E-02 
4.22525E-02 
4.13115E-02 
4.03712E-02 
3.94330E-02 
3.84979E-02 
3.75768E-02 
3.66567E-02 
3.57367E-02 
3.48182E-02 
3.39027E-02 
3.29916E-02 
3.20862E-02 
3.11877E-02 
3.02975E-02 
2.94164E-02 
2.85457E-02 
2.76861E-02 
2.68386E-02 
4.83322E-02 
4.74571E-02 
4.65891E-02 
4.57271E-02 
4.48601E-02 
4.39895E-02 
4.31164E-02 
4.24397E-02 
4.22417E-02 
4.12982E-02 
4.03554E-02 
3.94147E-02 
3.84771E-02 
3.75535E-02 
3.66310E-02 
3.57085E-02 
3.47876E-02 
3.38697E-02 
3.29561E-02 
3.20484E-02 
3.11475E-02 
3.02549E-02 
2.93715E-02 
2.84984E-02 
2.76366E-02 
2.67869E-02 
4.83377E-02 
4.74598E-02 
4.65888E-02 
4.57239E-02 
4.48540E-02 
4.39805E-02 
4.31044E-02 
4.24255E-02 
4.22268E-02 
4.12801E-02 
4.03342E-02 
3.93903E-02 
3.84496E-02 
3.75230E-02 
3.65973E-02 
3.56718E-02 
3.47477E-02 
3.38267E-02 
3.29101E-02 
3.19993E-02 
3.10955E-02 
3.01998E-02 
2.93135E-02 
2.84375E-02 
2.75728E-02 
2.67202E-02 
4.83429E-02 
4.74612E-02 
4.65866E-02 
4.57180E-02 
4.48445E-02 
4.39673E-02 
4.30875E-02 
4.24056E-02 
4.22062E-02 
4.12555E-02 
4.03056E-02 
3.93577E-02 
3.84130E-02 
3.74824E-02 
3.65529E-02 
3.56234E-02 
3.46955E-02 
3.37706E-02 
3.28501E-02 
3.19354E-02 
3.10278E-02 
3.01284E-02 
2.92383E-02 
2.83586E-02 
2.74902E-02 
2.66340E-02 
4.83464E-02 
4.74601E-02 
4.65808E-02 
4.57076E-02 
4.48295E-02 
4.39477E-02 
4.30632E-02 
4.23778E-02 
4.21772E-02 
4.12215E-02 
4.02666E-02 
3.93137E-02 
3.83640E-02 
3.74285E-02 
3.64941E-02 
3.55597E-02 
3.46268E-02 
3.36970E-02 
3.27717E-02 
3.18522E-02 
3.09397E-02 
3.00356E-02 
2.91408E-02 
2.82564E-02 
2.73834E-02 
2.65227E-02 
4.83461E-02 
4.74539E-02 
4.65689E-02 
4.56899E-02 
4.48060E-02 
4.39184E-02 
4.30281E-02 
4.23381E-02 
4.21363E-02 
4.11742E-02 
4.02130E-02 
3.92538E-02 
3.82979E-02 
3.73562E-02 
3.64156E-02 
3.54750E-02 
3.45361E-02 
3.36001E-02 
3.26687E-02 
3.17431E-02 
3.08247E-02 
2.99145E-02 
2.90138E-02 
2.81236E-02 
2.72449E-02 
2.63785E-02 
4.83384E-02 
4.74390E-02 
4.65467E-02 
4.56606E-02 
4.47694E-02 
4.38745E-02 
4.29770E-02 
4.22814E-02 
4.20779E-02 
4.11080E-02 
4.01389E-02 
3.91719E-02 
3.82082E-02 
3.72588E-02 
3.63105E-02 
3.53623E-02 
3.44156E-02 
3.34721E-02 
3.25330E-02 
3.15999E-02 
3.06739E-02 
2.97564E-02 
2.88483E-02 
2.79509E-02 
2.70650E-02 
2.61915E-02 
4.83175E-02 
4.74090E-02 
4.65078E-02 
4.56128E-02 
4.47128E-02 
4.38089E-02 
4.29023E-02 
4.21998E-02 
4.19942E-02 
4.10146E-02 
4.00359E-02 
3.90592E-02 
3.80858E-02 
3.71269E-02 
3.61691E-02 
3.52114E-02 
3.42552E-02 
3.33022E-02 
3.23538E-02 
3.14113E-02 
3.04761E-02 
2.95493E-02 
2.86322E-02 
2.77257E-02 
2.68309E-02 
2.59487E-02 
4.82745E-02 
4.73549E-02 
4.64427E-02 
4.55368E-02 
4.46258E-02 
4.37109E-02 
4.27934E-02 
4.20822E-02 
4.18742E-02 
4.08827E-02 
3.98920E-02 
3.89034E-02 
3.79182E-02 
3.69476E-02 
3.59782E-02 
3.50087E-02 
3.40410E-02 
3.30764E-02 
3.21164E-02 
3.11624E-02 
3.02158E-02 
2.92777E-02 
2.83494E-02 
2.74319E-02 
2.65263E-02 
2.56333E-02 
4.81960E-02 
4.72630E-02 
4.63375E-02 
4.54184E-02 
4.44940E-02 
4.35658E-02 
4.26347E-02 
4.19132E-02 
4.17022E-02 
4.06961E-02 
3.96909E-02 
3.86879E-02 
3.76882E-02 
3.67035E-02 
3.57199E-02 
3.47363E-02 
3.37543E-02 
3.27756E-02 
3.18016E-02 
3.08337E-02 
2.98732E-02 
2.89214E-02 
2.79795E-02 
2.70486E-02 
2.61297E-02 
2.52237E-02 
4.80632E-02 
4.71140E-02 
4.61724E-02 
4.52373E-02 
4.42970E-02 
4.33526E-02 
4.24055E-02 
4.16714E-02 
4.14567E-02 
4.04332E-02 
3.94106E-02 
3.83901E-02 
3.73732E-02 
3.63713E-02 
3.53707E-02 
3.43700E-02 
3.33711E-02 
3.23754E-02 
3.13844E-02 
3.03997E-02 
2.94226E-02 
2.84543E-02 
2.74961E-02 
2.65491E-02 
2.56142E-02 
2.46925E-02 
4.78497E-02 
4.68813E-02 
4.59207E-02 
4.49667E-02 
4.40072E-02 
4.30438E-02 
4.20774E-02 
4.13286E-02 
4.11095E-02 
4.00653E-02 
3.90219E-02 
3.79808E-02 
3.69433E-02 
3.59212E-02 
3.49002E-02 
3.38793E-02 
3.28601E-02 
3.18443E-02 
3.08333E-02 
2.98286E-02 
2.88317E-02 
2.78439E-02 
2.68662E-02 
2.59000E-02 
2.49462E-02 
2.40059E-02 
4.75204E-02 
4.65295E-02 
4.55465E-02 
4.45703E-02 
4.35885E-02 
4.26026E-02 
4.16138E-02 
4.08474E-02 
4.06232E-02 
3.95547E-02 
3.84871E-02 
3.74217E-02 
3.63600E-02 
3.53141E-02 
3.42694E-02 
3.32247E-02 
3.21818E-02 
3.11423E-02 
3.01077E-02 
2.90797E-02 
2.80596E-02 
2.70487E-02 
2.60483E-02 
2.50596E-02 
2.40836E-02 
2.31213E-02 
4.70334E-02 
4.60165E-02 
4.50078E-02 
4.40059E-02 
4.29985E-02 
4.19867E-02 
4.09720E-02 
4.01856E-02 
3.99555E-02 
3.88590E-02 
3.77634E-02 
3.66702E-02 
3.55807E-02 
3.45073E-02 
3.34352E-02 
3.23632E-02 
3.12930E-02 
3.02262E-02 
2.91646E-02 
2.81096E-02 
2.70628E-02 
2.60254E-02 
2.49988E-02 
2.39842E-02 
2.29826E-02 
2.19952E-02 
4.63339E-02 
4.52874E-02 
4.42494E-02 
4.32185E-02 
4.21817E-02 
4.11406E-02 
4.00964E-02 
3.92872E-02 
3.90504E-02 
3.79221E-02 
3.67947E-02 
3.56696E-02 
3.45485E-02 
3.34440E-02 
3.23408E-02 
3.12376E-02 
3.01362E-02 
2.90385E-02 
2.79461E-02 
2.68604E-02 
2.57832E-02 
2.47157E-02 
2.36593E-02 
2.26152E-02 
2.15846E-02 
2.05684E-02 
4.53610E-02 
4.42815E-02 
4.32107E-02 
4.21472E-02 
4.10777E-02 
4.00038E-02 
3.89266E-02 
3.80918E-02 
3.78476E-02 
3.66836E-02 
3.55206E-02 
3.43600E-02 
3.32035E-02 
3.20641E-02 
3.09260E-02 
2.97880E-02 
2.86519E-02 
2.75195E-02 
2.63926E-02 
2.52727E-02 
2.41614E-02 
2.30602E-02 
2.19705E-02 
2.08934E-02 
1.98302E-02 
1.87820E-02 
4.40467E-02 
4.29309E-02 
4.18240E-02 
4.07247E-02 
3.96192E-02 
3.85090E-02 
3.73955E-02 
3.65326E-02 
3.62801E-02 
3.50769E-02 
3.38747E-02 
3.26751E-02 
3.14796E-02 
3.03018E-02 
2.91254E-02 
2.79490E-02 
2.67746E-02 
2.56041E-02 
2.44391E-02 
2.32815E-02 
2.21328E-02 
2.09945E-02 
1.98680E-02 
1.87547E-02 
1.76556E-02 
1.65721E-02 
4.23194E-02 
4.11641E-02 
4.00181E-02 
3.88800E-02 
3.77354E-02 
3.65860E-02 
3.54332E-02 
3.45398E-02 
3.42784E-02 
3.30327E-02 
3.17880E-02 
3.05460E-02 
2.93082E-02 
2.80888E-02 
2.68709E-02 
2.56530E-02 
2.44371E-02 
2.32252E-02 
2.20191E-02 
2.08206E-02 
1.96313E-02 
1.84528E-02 
1.72865E-02 
1.61338E-02 
1.49959E-02 
1.38741E-02 
4.01070E-02 
3.89097E-02 
3.77219E-02 
3.65424E-02 
3.53561E-02 
3.41649E-02 
3.29701E-02 
3.20442E-02 
3.17733E-02 
3.04822E-02 
2.91923E-02 
2.79050E-02 
2.66222E-02 
2.53584E-02 
2.40961E-02 
2.28338E-02 
2.15737E-02 
2.03177E-02 
1.90677E-02 
1.78255E-02 
1.65930E-02 
1.53715E-02 
1.41628E-02 
1.29682E-02 
1.17889E-02 
1.06262E-02 
3.73422E-02 
3.61007E-02 
3.48691E-02 
3.36460E-02 
3.24160E-02 
3.11808E-02 
2.99420E-02 
2.89819E-02 
2.87010E-02 
2.73623E-02 
2.60248E-02 
2.46900E-02 
2.33599E-02 
2.20495E-02 
2.07406E-02 
1.94318E-02 
1.81251E-02 
1.68228E-02 
1.55267E-02 
1.42387E-02 
1.29606E-02 
1.16941E-02 
1.04408E-02 
9.20208E-03 
7.97931E-03 
6.77372E-03 
3.39647E-02 
3.26775E-02 
3.14006E-02 
3.01325E-02 
2.88572E-02 
2.75765E-02 
2.62920E-02 
2.52966E-02 
2.50054E-02 
2.36174E-02 
2.22305E-02 
2.08467E-02 
1.94675E-02 
1.81089E-02 
1.67518E-02 
1.53948E-02 
1.40400E-02 
1.26897E-02 
1.13459E-02 
1.00105E-02 
8.68535E-03 
7.37224E-03 
6.07275E-03 
4.78841E-03 
3.52061E-03 
2.27064E-03 
2.99480E-02 
2.86144E-02 
2.72915E-02 
2.59777E-02 
2.46564E-02 
2.33296E-02 
2.19988E-02 
2.09675E-02 
2.06658E-02 
1.92278E-02 
1.77910E-02 
1.63572E-02 
1.49284E-02 
1.35208E-02 
1.21148E-02 
1.07089E-02 
9.30529E-03 
7.90632E-03 
6.51404E-03 
5.13051E-03 
3.75763E-03 
2.39719E-03 
1.05087E-03 
-2.79752E-04 
-1.59324E-03 
-2.88826E-03 
2.52054E-02 
2.38248E-02 
2.24553E-02 
2.10951E-02 
1.97273E-02 
1.83537E-02 
1.69761E-02 
1.59084E-02 
1.55961E-02 
1.41074E-02 
1.26200E-02 
1.11357E-02 
9.65653E-03 
8.19932E-03 
6.74381E-03 
5.28834E-03 
3.83533E-03 
2.38707E-03 
9.45739E-04 
-4.86539E-04 
-1.90780E-03 
-3.31617E-03 
-4.70992E-03 
-6.08742E-03 
-7.44719E-03 
-8.78784E-03 
1.97538E-02 
1.83268E-02 
1.69111E-02 
1.55051E-02 
1.40912E-02 
1.26714E-02 
1.12473E-02 
1.01437E-02 
9.82080E-03 
8.28196E-03 
6.74442E-03 
5.21014E-03 
3.68111E-03 
2.17480E-03 
6.70245E-04 
-8.34260E-04 
-2.33623E-03 
-3.83330E-03 
-5.32319E-03 
-6.80372E-03 
-8.27287E-03 
-9.72869E-03 
-1.11694E-02 
-1.25933E-02 
-1.39989E-02 
-1.53847E-02 
1.35711E-02 
1.20984E-02 
1.06376E-02 
9.18670E-03 
7.72766E-03 
6.26245E-03 
4.79289E-03 
3.65400E-03 
3.32083E-03 
1.73285E-03 
1.46202E-04 
-1.43707E-03 
-3.01494E-03 
-4.56935E-03 
-6.12196E-03 
-7.67452E-03 
-9.22446E-03 
-1.07693E-02 
-1.23068E-02 
-1.38346E-02 
-1.53507E-02 
-1.68530E-02 
-1.83397E-02 
-1.98091E-02 
-2.12596E-02 
-2.26897E-02 
6.66059E-03 
5.14385E-03 
3.63925E-03 
2.14498E-03 
6.42276E-04 
-8.66779E-04 
-2.38031E-03 
-3.55328E-03 
-3.89641E-03 
-5.53191E-03 
-7.16604E-03 
-8.79669E-03 
-1.04218E-02 
-1.20227E-02 
-1.36218E-02 
-1.52208E-02 
-1.68171E-02 
-1.84082E-02 
-1.99917E-02 
-2.15652E-02 
-2.31266E-02 
-2.46739E-02 
-2.62051E-02 
-2.77185E-02 
-2.92124E-02 
-3.06852E-02 
-9.60638E-04 
-2.51939E-03 
-4.06567E-03 
-5.60134E-03 
-7.14566E-03 
-8.69652E-03 
-1.02520E-02 
-1.14574E-02 
-1.18101E-02 
-1.34909E-02 
-1.51703E-02 
-1.68461E-02 
-1.85162E-02 
-2.01615E-02 
-2.18048E-02 
-2.34481E-02 
-2.50887E-02 
-2.67239E-02 
-2.83512E-02 
-2.99683E-02 
-3.15730E-02 
-3.31631E-02 
-3.47368E-02 
-3.62921E-02 
-3.78273E-02 
-3.93410E-02 
-9.26141E-03 
-1.08596E-02 
-1.24450E-02 
-1.40196E-02 
-1.56030E-02 
-1.71931E-02 
-1.87879E-02 
-2.00239E-02 
-2.03855E-02 
-2.21088E-02 
-2.38307E-02 
-2.55490E-02 
-2.72613E-02 
-2.89482E-02 
-3.06332E-02 
-3.23181E-02 
-3.40002E-02 
-3.56767E-02 
-3.73453E-02 
-3.90033E-02 
-4.06486E-02 
-4.22790E-02 
-4.38925E-02 
-4.54871E-02 
-4.70612E-02 
-4.86132E-02 
-1.81076E-02 
-1.97419E-02 
-2.13631E-02 
-2.29732E-02 
-2.45923E-02 
-2.62184E-02 
-2.78492E-02 
-2.91130E-02 
-2.94828E-02 
-3.12450E-02 
-3.30058E-02 
-3.47628E-02 
-3.65138E-02 
-3.82388E-02 
-3.99618E-02 
-4.16847E-02 
-4.34048E-02 
-4.51192E-02 
-4.68254E-02 
-4.85209E-02 
-5.02033E-02 
-5.18705E-02 
-5.35204E-02 
-5.51510E-02 
-5.67607E-02 
-5.83477E-02 
-2.76139E-02 
-2.92811E-02 
-3.09350E-02 
-3.25776E-02 
-3.42294E-02 
-3.58881E-02 
-3.75519E-02 
-3.88412E-02 
-3.92184E-02 
-4.10162E-02 
-4.28124E-02 
-4.46049E-02 
-4.63912E-02 
-4.81510E-02 
-4.99087E-02 
-5.16664E-02 
-5.34211E-02 
-5.51701E-02 
-5.69107E-02 
-5.86404E-02 
-6.03567E-02 
-6.20575E-02 
-6.37407E-02 
-6.54042E-02 
-6.70463E-02 
-6.86653E-02 
-3.75804E-02 
-3.92766E-02 
-4.09592E-02 
-4.26302E-02 
-4.43107E-02 
-4.59982E-02 
-4.76908E-02 
-4.90025E-02 
-4.93862E-02 
-5.12152E-02 
-5.30427E-02 
-5.48662E-02 
-5.66835E-02 
-5.84738E-02 
-6.02621E-02 
-6.20502E-02 
-6.38354E-02 
-6.56147E-02 
-6.73855E-02 
-6.91452E-02 
-7.08913E-02 
-7.26216E-02 
-7.43340E-02 
-7.60263E-02 
-7.76969E-02 
-7.93440E-02 
-4.79576E-02 
-4.96784E-02 
-5.13855E-02 
-5.30808E-02 
-5.47857E-02 
-5.64978E-02 
-5.82149E-02 
-5.95457E-02 
-5.99350E-02 
-6.17906E-02 
-6.36446E-02 
-6.54946E-02 
-6.73383E-02 
-6.91547E-02 
-7.09689E-02 
-7.27830E-02 
-7.45941E-02 
-7.63993E-02 
-7.81958E-02 
-7.99811E-02 
-8.17526E-02 
-8.35080E-02 
-8.52453E-02 
-8.69622E-02 
-8.86571E-02 
-9.03282E-02 
-5.86430E-02 
-6.03838E-02 
-6.21107E-02 
-6.38258E-02 
-6.55505E-02 
-6.72825E-02 
-6.90196E-02 
-7.03659E-02 
-7.07597E-02 
-7.26369E-02 
-7.45124E-02 
-7.63840E-02 
-7.82492E-02 
-8.00866E-02 
-8.19219E-02 
-8.37572E-02 
-8.55894E-02 
-8.74155E-02 
-8.92330E-02 
-9.10390E-02 
-9.28311E-02 
-9.46070E-02 
-9.63644E-02 
-9.81014E-02 
-9.98160E-02 
-1.01506E-01 
-6.95606E-02 
-7.13166E-02 
-7.30585E-02 
-7.47884E-02 
-7.65281E-02 
-7.82752E-02 
-8.00274E-02 
-8.13853E-02 
-8.17826E-02 
-8.36760E-02 
-8.55679E-02 
-8.74557E-02 
-8.93371E-02 
-9.11905E-02 
-9.30418E-02 
-9.48930E-02 
-9.67411E-02 
-9.85831E-02 
-1.00416E-01 
-1.02238E-01 
-1.04046E-01 
-1.05837E-01 
-1.07610E-01 
-1.09362E-01 
-1.11091E-01 
-1.12796E-01 
-8.05876E-02 
-8.23535E-02 
-8.41052E-02 
-8.58449E-02 
-8.75944E-02 
-8.93514E-02 
-9.11135E-02 
-9.24791E-02 
-9.28786E-02 
-9.47827E-02 
-9.66853E-02 
-9.85837E-02 
-1.00476E-01 
-1.02340E-01 
-1.04201E-01 
-1.06063E-01 
-1.07922E-01 
-1.09774E-01 
-1.11618E-01 
-1.13449E-01 
-1.15267E-01 
-1.17069E-01 
-1.18852E-01 
-1.20613E-01 
-1.22353E-01 
-1.24067E-01 
-9.16067E-02 
-9.33770E-02 
-9.51332E-02 
-9.68773E-02 
-9.86312E-02 
-1.00393E-01 
-1.02159E-01 
-1.03528E-01 
-1.03929E-01 
-1.05838E-01 
-1.07745E-01 
-1.09648E-01 
-1.11545E-01 
-1.13413E-01 
-1.15280E-01 
-1.17146E-01 
-1.19009E-01 
-1.20866E-01 
-1.22715E-01 
-1.24551E-01 
-1.26374E-01 
-1.28180E-01 
-1.29967E-01 
-1.31733E-01 
-1.33477E-01 
-1.35196E-01 
-1.02501E-01 
-1.04270E-01 
-1.06025E-01 
-1.07768E-01 
-1.09520E-01 
-1.11281E-01 
-1.13046E-01 
-1.14414E-01 
-1.14814E-01 
-1.16722E-01 
-1.18628E-01 
-1.20529E-01 
-1.22425E-01 
-1.24292E-01 
-1.26157E-01 
-1.28022E-01 
-1.29884E-01 
-1.31740E-01 
-1.33587E-01 
-1.35422E-01 
-1.37243E-01 
-1.39048E-01 
-1.40834E-01 
-1.42599E-01 
-1.44341E-01 
-1.46059E-01 
-1.13122E-01 
-1.14883E-01 
-1.16631E-01 
-1.18367E-01 
-1.20112E-01 
-1.21865E-01 
-1.23624E-01 
-1.24986E-01 
-1.25385E-01 
-1.27284E-01 
-1.29183E-01 
-1.31077E-01 
-1.32964E-01 
-1.34824E-01 
-1.36681E-01 
-1.38539E-01 
-1.40393E-01 
-1.42241E-01 
-1.44081E-01 
-1.45909E-01 
-1.47722E-01 
-1.49520E-01 
-1.51298E-01 
-1.53056E-01 
-1.54791E-01 
-1.56502E-01 
-1.23363E-01 
-1.25111E-01 
-1.26846E-01 
-1.28568E-01 
-1.30301E-01 
-1.32040E-01 
-1.33785E-01 
-1.35137E-01 
-1.35533E-01 
-1.37418E-01 
-1.39302E-01 
-1.41182E-01 
-1.43055E-01 
-1.44901E-01 
-1.46744E-01 
-1.48587E-01 
-1.50428E-01 
-1.52262E-01 
-1.54087E-01 
-1.55901E-01 
-1.57701E-01 
-1.59485E-01 
-1.61250E-01 
-1.62994E-01 
-1.64717E-01 
-1.66414E-01 
-1.32979E-01 
-1.34708E-01 
-1.36423E-01 
-1.38127E-01 
-1.39840E-01 
-1.41560E-01 
-1.43285E-01 
-1.44622E-01 
-1.45013E-01 
-1.46878E-01 
-1.48740E-01 
-1.50599E-01 
-1.52452E-01 
-1.54277E-01 
-1.56100E-01 
-1.57922E-01 
-1.59742E-01 
-1.61556E-01 
-1.63361E-01 
-1.65154E-01 
-1.66934E-01 
-1.68698E-01 
-1.70444E-01 
-1.72169E-01 
-1.73872E-01 
-1.75551E-01 
-1.41990E-01 
-1.43693E-01 
-1.45382E-01 
-1.47060E-01 
-1.48747E-01 
-1.50441E-01 
-1.52140E-01 
-1.53457E-01 
-1.53842E-01 
-1.55678E-01 
-1.57513E-01 
-1.59344E-01 
-1.61168E-01 
-1.62966E-01 
-1.64761E-01 
-1.66556E-01 
-1.68348E-01 
-1.70134E-01 
-1.71912E-01 
-1.73679E-01 
-1.75432E-01 
-1.77169E-01 
-1.78888E-01 
-1.80587E-01 
-1.82264E-01 
-1.83918E-01 
-1.50154E-01 
-1.51824E-01 
-1.53481E-01 
-1.55126E-01 
-1.56780E-01 
-1.58442E-01 
-1.60109E-01 
-1.61400E-01 
-1.61778E-01 
-1.63579E-01 
-1.65378E-01 
-1.67174E-01 
-1.68963E-01 
-1.70726E-01 
-1.72486E-01 
-1.74247E-01 
-1.76005E-01 
-1.77757E-01 
-1.79500E-01 
-1.81233E-01 
-1.82952E-01 
-1.84656E-01 
-1.86342E-01 
-1.88008E-01 
-1.89653E-01 
-1.91275E-01 
-1.57318E-01 
-1.58949E-01 
-1.60566E-01 
-1.62173E-01 
-1.63788E-01 
-1.65410E-01 
-1.67037E-01 
-1.68298E-01 
-1.68667E-01 
-1.70425E-01 
-1.72182E-01 
-1.73935E-01 
-1.75682E-01 
-1.77403E-01 
-1.79122E-01 
-1.80841E-01 
-1.82557E-01 
-1.84267E-01 
-1.85969E-01 
-1.87661E-01 
-1.89340E-01 
-1.91003E-01 
-1.92649E-01 
-1.94276E-01 
-1.95882E-01 
-1.97465E-01 
-1.63327E-01 
-1.64911E-01 
-1.66482E-01 
-1.68043E-01 
-1.69612E-01 
-1.71188E-01 
-1.72769E-01 
-1.73994E-01 
-1.74352E-01 
-1.76060E-01 
-1.77767E-01 
-1.79470E-01 
-1.81167E-01 
-1.82839E-01 
-1.84509E-01 
-1.86179E-01 
-1.87846E-01 
-1.89507E-01 
-1.91161E-01 
-1.92804E-01 
-1.94435E-01 
-1.96051E-01 
-1.97650E-01 
-1.99231E-01 
-2.00791E-01 
-2.02329E-01 
-1.68017E-01 
-1.69547E-01 
-1.71065E-01 
-1.72573E-01 
-1.74090E-01 
-1.75612E-01 
-1.77140E-01 
-1.78323E-01 
-1.78669E-01 
-1.80320E-01 
-1.81969E-01 
-1.83614E-01 
-1.85254E-01 
-1.86870E-01 
-1.88483E-01 
-1.90097E-01 
-1.91707E-01 
-1.93313E-01 
-1.94911E-01 
-1.96499E-01 
-1.98074E-01 
-1.99636E-01 
-2.01181E-01 
-2.02708E-01 
-2.04215E-01 
-2.05701E-01 
-1.71224E-01 
-1.72694E-01 
-1.74152E-01 
-1.75600E-01 
-1.77056E-01 
-1.78519E-01 
-1.79985E-01 
-1.81122E-01 
-1.81454E-01 
-1.83039E-01 
-1.84623E-01 
-1.86203E-01 
-1.87778E-01 
-1.89330E-01 
-1.90879E-01 
-1.92429E-01 
-1.93976E-01 
-1.95518E-01 
-1.97052E-01 
-1.98577E-01 
-2.00090E-01 
-2.01590E-01 
-2.03073E-01 
-2.04540E-01 
-2.05988E-01 
-2.07415E-01 
-1.72780E-01 
-1.74182E-01 
-1.75572E-01 
-1.76953E-01 
-1.78342E-01 
-1.79737E-01 
-1.81136E-01 
-1.82220E-01 
-1.82537E-01 
-1.84049E-01 
-1.85560E-01 
-1.87067E-01 
-1.88569E-01 
-1.90049E-01 
-1.91527E-01 
-1.93005E-01 
-1.94480E-01 
-1.95951E-01 
-1.97414E-01 
-1.98869E-01 
-2.00312E-01 
-2.01742E-01 
-2.03157E-01 
-2.04556E-01 
-2.05937E-01 
-2.07298E-01 
-1.72512E-01 
-1.73839E-01 
-1.75155E-01 
-1.76462E-01 
-1.77776E-01 
-1.79096E-01 
-1.80420E-01 
-1.81446E-01 
-1.81746E-01 
-1.83177E-01 
-1.84606E-01 
-1.86032E-01 
-1.87454E-01 
-1.88854E-01 
-1.90253E-01 
-1.91651E-01 
-1.93048E-01 
-1.94439E-01 
-1.95824E-01 
-1.97201E-01 
-1.98566E-01 
-1.99920E-01 
-2.01259E-01 
-2.02583E-01 
-2.03889E-01 
-2.05178E-01 
-1.70241E-01 
-1.71485E-01 
-1.72719E-01 
-1.73944E-01 
-1.75176E-01 
-1.76414E-01 
-1.77655E-01 
-1.78617E-01 
-1.78898E-01 
-1.80239E-01 
-1.81579E-01 
-1.82916E-01 
-1.84249E-01 
-1.85562E-01 
-1.86873E-01 
-1.88184E-01 
-1.89493E-01 
-1.90798E-01 
-1.92096E-01 
-1.93386E-01 
-1.94667E-01 
-1.95936E-01 
-1.97191E-01 
-1.98432E-01 
-1.99657E-01 
-2.00865E-01 
-1.65826E-01 
-1.66980E-01 
-1.68124E-01 
-1.69261E-01 
-1.70404E-01 
-1.71552E-01 
-1.72704E-01 
-1.73596E-01 
-1.73857E-01 
-1.75101E-01 
-1.76345E-01 
-1.77585E-01 
-1.78821E-01 
-1.80039E-01 
-1.81256E-01 
-1.82472E-01 
-1.83687E-01 
-1.84897E-01 
-1.86102E-01 
-1.87299E-01 
-1.88487E-01 
-1.89664E-01 
-1.90829E-01 
-1.91980E-01 
-1.93117E-01 
-1.94237E-01 
-1.59031E-01 
-1.60087E-01 
-1.61135E-01 
-1.62175E-01 
-1.63221E-01 
-1.64272E-01 
-1.65325E-01 
-1.66142E-01 
-1.66381E-01 
-1.67519E-01 
-1.68657E-01 
-1.69792E-01 
-1.70923E-01 
-1.72038E-01 
-1.73151E-01 
-1.74264E-01 
-1.75375E-01 
-1.76483E-01 
-1.77585E-01 
-1.78680E-01 
-1.79767E-01 
-1.80845E-01 
-1.81910E-01 
-1.82964E-01 
-1.84004E-01 
-1.85029E-01 
-1.49703E-01 
-1.50653E-01 
-1.51596E-01 
-1.52532E-01 
-1.53473E-01 
-1.54419E-01 
-1.55367E-01 
-1.56102E-01 
-1.56317E-01 
-1.57341E-01 
-1.58365E-01 
-1.59387E-01 
-1.60405E-01 
-1.61408E-01 
-1.62409E-01 
-1.63411E-01 
-1.64411E-01 
-1.65408E-01 
-1.66400E-01 
-1.67386E-01 
-1.68364E-01 
-1.69333E-01 
-1.70292E-01 
-1.71240E-01 
-1.72176E-01 
-1.73099E-01 
-1.37658E-01 
-1.38495E-01 
-1.39325E-01 
-1.40149E-01 
-1.40978E-01 
-1.41811E-01 
-1.42646E-01 
-1.43293E-01 
-1.43482E-01 
-1.44384E-01 
-1.45286E-01 
-1.46185E-01 
-1.47082E-01 
-1.47965E-01 
-1.48847E-01 
-1.49729E-01 
-1.50610E-01 
-1.51488E-01 
-1.52361E-01 
-1.53230E-01 
-1.54091E-01 
-1.54945E-01 
-1.55789E-01 
-1.56624E-01 
-1.57448E-01 
-1.58261E-01 
-1.22713E-01 
-1.23428E-01 
-1.24138E-01 
-1.24843E-01 
-1.25552E-01 
-1.26264E-01 
-1.26978E-01 
-1.27531E-01 
-1.27693E-01 
-1.28465E-01 
-1.29235E-01 
-1.30005E-01 
-1.30771E-01 
-1.31527E-01 
-1.32281E-01 
-1.33035E-01 
-1.33788E-01 
-1.34539E-01 
-1.35286E-01 
-1.36028E-01 
-1.36765E-01 
-1.37495E-01 
-1.38217E-01 
-1.38931E-01 
-1.39636E-01 
-1.40331E-01 
-1.04679E-01 
-1.05265E-01 
-1.05847E-01 
-1.06424E-01 
-1.07005E-01 
-1.07589E-01 
-1.08174E-01 
-1.08627E-01 
-1.08760E-01 
-1.09392E-01 
-1.10024E-01 
-1.10655E-01 
-1.11283E-01 
-1.11902E-01 
-1.12520E-01 
-1.13138E-01 
-1.13755E-01 
-1.14370E-01 
-1.14983E-01 
-1.15591E-01 
-1.16195E-01 
-1.16793E-01 
-1.17385E-01 
-1.17970E-01 
-1.18548E-01 
-1.19117E-01 
-8.33773E-02 
-8.38266E-02 
-8.42724E-02 
-8.47151E-02 
-8.51602E-02 
-8.56073E-02 
-8.60557E-02 
-8.64032E-02 
-8.65049E-02 
-8.69894E-02 
-8.74735E-02 
-8.79566E-02 
-8.84381E-02 
-8.89124E-02 
-8.93861E-02 
-8.98599E-02 
-9.03328E-02 
-9.08042E-02 
-9.12733E-02 
-9.17395E-02 
-9.22021E-02 
-9.26605E-02 
-9.31141E-02 
-9.35624E-02 
-9.40050E-02 
-9.44414E-02 
-5.85397E-02 
-5.88436E-02 
-5.91450E-02 
-5.94444E-02 
-5.97455E-02 
-6.00479E-02 
-6.03511E-02 
-6.05862E-02 
-6.06549E-02 
-6.09826E-02 
-6.13100E-02 
-6.16367E-02 
-6.19623E-02 
-6.22831E-02 
-6.26035E-02 
-6.29239E-02 
-6.32437E-02 
-6.35625E-02 
-6.38798E-02 
-6.41951E-02 
-6.45079E-02 
-6.48179E-02 
-6.51247E-02 
-6.54280E-02 
-6.57273E-02 
-6.60224E-02 
-3.01338E-02 
-3.02846E-02 
-3.04343E-02 
-3.05830E-02 
-3.07325E-02 
-3.08826E-02 
-3.10332E-02 
-3.11499E-02 
-3.11840E-02 
-3.13467E-02 
-3.15093E-02 
-3.16715E-02 
-3.18331E-02 
-3.19924E-02 
-3.21515E-02 
-3.23106E-02 
-3.24694E-02 
-3.26277E-02 
-3.27852E-02 
-3.29417E-02 
-3.30971E-02 
-3.32510E-02 
-3.34033E-02 
-3.35539E-02 
-3.37025E-02 
-3.38490E-02 
2.13429E-03 
2.14461E-03 
2.15485E-03 
2.16501E-03 
2.17524E-03 
2.18551E-03 
2.19580E-03 
2.20378E-03 
2.20612E-03 
2.21725E-03 
2.22837E-03 
2.23946E-03 
2.25052E-03 
2.26141E-03 
2.27229E-03 
2.28317E-03 
2.29403E-03 
2.30486E-03 
2.31563E-03 
2.32634E-03 
2.33696E-03 
2.34749E-03 
2.35791E-03 
2.36821E-03 
2.37837E-03 
2.38839E-03 
3.84520E-02 
3.86317E-02 
3.88100E-02 
3.89871E-02 
3.91652E-02 
3.93440E-02 
3.95233E-02 
3.96623E-02 
3.97030E-02 
3.98968E-02 
4.00905E-02 
4.02837E-02 
4.04763E-02 
4.06660E-02 
4.08555E-02 
4.10449E-02 
4.12341E-02 
4.14226E-02 
4.16103E-02 
4.17968E-02 
4.19818E-02 
4.21651E-02 
4.23466E-02 
4.25259E-02 
4.27029E-02 
4.28775E-02 
7.90156E-02 
7.93730E-02 
7.97275E-02 
8.00796E-02 
8.04337E-02 
8.07893E-02 
8.11459E-02 
8.14223E-02 
8.15032E-02 
8.18885E-02 
8.22736E-02 
8.26578E-02 
8.30408E-02 
8.34180E-02 
8.37948E-02 
8.41716E-02 
8.45477E-02 
8.49226E-02 
8.52957E-02 
8.56665E-02 
8.60344E-02 
8.63990E-02 
8.67598E-02 
8.71164E-02 
8.74684E-02 
8.78155E-02 
1.24016E-01 
1.24559E-01 
1.25098E-01 
1.25633E-01 
1.26171E-01 
1.26712E-01 
1.27254E-01 
1.27674E-01 
1.27797E-01 
1.28383E-01 
1.28968E-01 
1.29553E-01 
1.30135E-01 
1.30708E-01 
1.31281E-01 
1.31854E-01 
1.32426E-01 
1.32995E-01 
1.33563E-01 
1.34126E-01 
1.34686E-01 
1.35240E-01 
1.35788E-01 
1.36331E-01 
1.36866E-01 
1.37393E-01 
1.73649E-01 
1.74386E-01 
1.75118E-01 
1.75844E-01 
1.76575E-01 
1.77309E-01 
1.78045E-01 
1.78615E-01 
1.78782E-01 
1.79577E-01 
1.80372E-01 
1.81165E-01 
1.81955E-01 
1.82734E-01 
1.83511E-01 
1.84289E-01 
1.85065E-01 
1.85839E-01 
1.86609E-01 
1.87374E-01 
1.88133E-01 
1.88886E-01 
1.89630E-01 
1.90366E-01 
1.91092E-01 
1.91809E-01 
2.28127E-01 
2.29067E-01 
2.30000E-01 
2.30926E-01 
2.31857E-01 
2.32793E-01 
2.33731E-01 
2.34458E-01 
2.34671E-01 
2.35685E-01 
2.36697E-01 
2.37708E-01 
2.38715E-01 
2.39708E-01 
2.40699E-01 
2.41690E-01 
2.42680E-01 
2.43666E-01 
2.44647E-01 
2.45623E-01 
2.46591E-01 
2.47550E-01 
2.48499E-01 
2.49437E-01 
2.50363E-01 
2.51276E-01 
2.87605E-01 
2.88756E-01 
2.89897E-01 
2.91031E-01 
2.92172E-01 
2.93317E-01 
2.94465E-01 
2.95356E-01 
2.95616E-01 
2.96857E-01 
2.98097E-01 
2.99335E-01 
3.00568E-01 
3.01783E-01 
3.02996E-01 
3.04210E-01 
3.05421E-01 
3.06629E-01 
3.07830E-01 
3.09024E-01 
3.10209E-01 
3.11384E-01 
3.12546E-01 
3.13694E-01 
3.14828E-01 
3.15945E-01 
---
