PdfType: replica
Format: lhagrid1
---
1.00000E-06 1.28121E-06 1.64152E-06 2.10317E-06 2.69463E-06 3.45242E-06 4.42329E-06 5.66715E-06 7.26076E-06 9.30241E-06 1.19180E-05 1.52689E-05 1.95617E-05 2.50609E-05 3.21053E-05 4.11287E-05 5.26863E-05 6.74889E-05 8.64459E-05 1.10720E-04 1.41800E-04 1.81585E-04 2.32503E-04 2.97652E-04 3.80981E-04 4.87518E-04 6.26039E-04 8.00452E-04 1.02297E-03 1.30657E-03 1.66759E-03 2.12729E-03 2.71054E-03 3.44865E-03 4.37927E-03 5.54908E-03 7.01192E-03 8.83064E-03 1.10763E-02 1.38266E-02 1.71641E-02 2.11717E-02 2.59364E-02 3.15062E-02 3.79623E-02 4.53425E-02 5.36750E-02 6.29705E-02 7.32221E-02 8.44039E-02 9.64793E-02 1.09332E-01 1.23067E-01 1.37507E-01 1.52639E-01 1.68416E-01 1.84794E-01 2.01731E-01 2.19016E-01 2.36948E-01 2.55242E-01 2.73927E-01 2.92954E-01 3.12340E-01 3.32036E-01 3.52019E-01 3.72282E-01 3.92772E-01 4.13533E-01 4.34326E-01 4.55495E-01 4.76836E-01 4.98342E-01 5.20006E-01 5.41818E-01 5.63773E-01 5.85861E-01 6.08077E-01 6.30459E-01 6.52800E-01 6.75387E-01 6.98063E-01 7.20830E-01 7.43683E-01 7.66623E-01 7.89636E-01 8.12791E-01 8.35940E-01 8.59175E-01 8.82485E-01 9.05866E-01 9.29311E-01 9.52817E-01 9.76387E-01 1.00000E+00 
1.14018E+00 1.22539E+00 1.32482E+00 1.44156E+00 1.57954E+00 1.74381E+00 1.94091E+00 2.12132E+00 2.17945E+00 2.49622E+00 2.89383E+00 3.39925E+00 4.05063E+00 4.90286E+00 6.03623E+00 7.57063E+00 9.68869E+00 1.26749E+01 1.69835E+01 2.33578E+01 3.30501E+01 4.82334E+01 7.28041E+01 1.13998E+02 1.85779E+02 3.16228E+02 
908
-9.29108E-12 
-9.29108E-12 
-9.29108E-12 
-9.29108E-12 
-9.29108E-12 
-9.29108E-12 
-9.29108E-12 
-9.29108E-12 
-9.29108E-12 
-9.29108E-12 
-9.29108E-12 
-9.29108E-12 
-9.29108E-12 
-9.29108E-12 
-9.29108E-12 
-9.29108E-12 
-9.29108E-12 
-9.29108E-12 
-9.29108E-12 
-9.29108E-12 
-9.29108E-12 
-9.29108E-12 
-9.29108E-12 
-9.29108E-12 
-9.29108E-12 
-9.29108E-12 
-1.47661E-11 
-1.47661E-11 
-1.47661E-11 
-1.47661E-11 
-1.47661E-11 
-1.47661E-11 
-1.47661E-11 
-1.47661E-11 
-1.47661E-11 
-1.47661E-11 
-1.47661E-11 
-1.47661E-11 
-1.47661E-11 
-1.47661E-11 
-1.47661E-11 
-1.47661E-11 
-1.47661E-11 
-1.47661E-11 
-1.47661E-11 
-1.47661E-11 
-1.47661E-11 
-1.47661E-11 
-1.47661E-11 
-1.47661E-11 
-1.47661E-11 
-1.47661E-11 
-2.34679E-11 
-2.34679E-11 
-2.34679E-11 
-2.34679E-11 
-2.34679E-11 
-2.34679E-11 
-2.34679E-11 
-2.34679E-11 
-2.34679E-11 
-2.34679E-11 
-2.34679E-11 
-2.34679E-11 
-2.34679E-11 
-2.34679E-11 
-2.34679E-11 
-2.34679E-11 
-2.34679E-11 
-2.34679E-11 
-2.34679E-11 
-2.34679E-11 
-2.34679E-11 
-2.34679E-11 
-2.34679E-11 
-2.34679E-11 
-2.34679E-11 
-2.34679E-11 
-3.72982E-11 
-3.72982E-11 
-3.72982E-11 
-3.72982E-11 
-3.72982E-11 
-3.72982E-11 
-3.72982E-11 
-3.72982E-11 
-3.72982E-11 
-3.72982E-11 
-3.72982E-11 
-3.72982E-11 
-3.72982E-11 
-3.72982E-11 
-3.72982E-11 
-3.72982E-11 
-3.72982E-11 
-3.72982E-11 
-3.72982E-11 
-3.72982E-11 
-3.72982E-11 
-3.72982E-11 
-3.72982E-11 
-3.72982E-11 
-3.72982E-11 
-3.72982E-11 
-5.92782E-11 
-5.92782E-11 
-5.92782E-11 
-5.92782E-11 
-5.92782E-11 
-5.92782E-11 
-5.92782E-11 
-5.92782E-11 
-5.92782E-11 
-5.92782E-11 
-5.92782E-11 
-5.92782E-11 
-5.92782E-11 
-5.92782E-11 
-5.92782E-11 
-5.92782E-11 
-5.92782E-11 
-5.92782E-11 
-5.92782E-11 
-5.92782E-11 
-5.92782E-11 
-5.92782E-11 
-5.92782E-11 
-5.92782E-11 
-5.92782E-11 
-5.92782E-11 
-9.42109E-11 
-9.42109E-11 
-9.42109E-11 
-9.42109E-11 
-9.42109E-11 
-9.42109E-11 
-9.42109E-11 
-9.42109E-11 
-9.42109E-11 
-9.42109E-11 
-9.42109E-11 
-9.42109E-11 
-9.42109E-11 
-9.42109E-11 
-9.42109E-11 
-9.42109E-11 
-9.42109E-11 
-9.42109E-11 
-9.42109E-11 
-9.42109E-11 
-9.42109E-11 
-9.42109E-11 
-9.42109E-11 
-9.42109E-11 
-9.42109E-11 
-9.42109E-11 
-1.49728E-10 
-1.49728E-10 
-1.49728E-10 
-1.49728E-10 
-1.49728E-10 
-1.49728E-10 
-1.49728E-10 
-1.49728E-10 
-1.49728E-10 
-1.49728E-10 
-1.49728E-10 
-1.49728E-10 
-1.49728E-10 
-1.49728E-10 
-1.49728E-10 
-1.49728E-10 
-1.49728E-10 
-1.49728E-10 
-1.49728E-10 
-1.49728E-10 
-1.49728E-10 
-1.49728E-10 
-1.49728E-10 
-1.49728E-10 
-1.49728E-10 
-1.49728E-10 
-2.37957E-10 
-2.37957E-10 
-2.37957E-10 
-2.37957E-10 
-2.37957E-10 
-2.37957E-10 
-2.37957E-10 
-2.37957E-10 
-2.37957E-10 
-2.37957E-10 
-2.37957E-10 
-2.37957E-10 
-2.37957E-10 
-2.37957E-10 
-2.37957E-10 
-2.37957E-10 
-2.37957E-10 
-2.37957E-10 
-2.37957E-10 
-2.37957E-10 
-2.37957E-10 
-2.37957E-10 
-2.37957E-10 
-2.37957E-10 
-2.37957E-10 
-2.37957E-10 
-3.78173E-10 
-3.78173E-10 
-3.78173E-10 
-3.78173E-10 
-3.78173E-10 
-3.78173E-10 
-3.78173E-10 
-3.78173E-10 
-3.78173E-10 
-3.78173E-10 
-3.78173E-10 
-3.78173E-10 
-3.78173E-10 
-3.78173E-10 
-3.78173E-10 
-3.78173E-10 
-3.78173E-10 
-3.78173E-10 
-3.78173E-10 
-3.78173E-10 
-3.78173E-10 
-3.78173E-10 
-3.78173E-10 
-3.78173E-10 
-3.78173E-10 
-3.78173E-10 
-6.01000E-10 
-6.01000E-10 
-6.01000E-10 
-6.01000E-10 
-6.01000E-10 
-6.01000E-10 
-6.01000E-10 
-6.01000E-10 
-6.01000E-10 
-6.01000E-10 
-6.01000E-10 
-6.01000E-10 
-6.01000E-10 
-6.01000E-10 
-6.01000E-10 
-6.01000E-10 
-6.01000E-10 
-6.01000E-10 
-6.01000E-10 
-6.01000E-10 
-6.01000E-10 
-6.01000E-10 
-6.01000E-10 
-6.01000E-10 
-6.01000E-10 
-6.01000E-10 
-9.55098E-10 
-9.55098E-10 
-9.55098E-10 
-9.55098E-10 
-9.55098E-10 
-9.55098E-10 
-9.55098E-10 
-9.55098E-10 
-9.55098E-10 
-9.55098E-10 
-9.55098E-10 
-9.55098E-10 
-9.55098E-10 
-9.55098E-10 
-9.55098E-10 
-9.55098E-10 
-9.55098E-10 
-9.55098E-10 
-9.55098E-10 
-9.55098E-10 
-9.55098E-10 
-9.55098E-10 
-9.55098E-10 
-9.55098E-10 
-9.55098E-10 
-9.55098E-10 
-1.51780E-09 
-1.51780E-09 
-1.51780E-09 
-1.51780E-09 
-1.51780E-09 
-1.51780E-09 
-1.51780E-09 
-1.51780E-09 
-1.51780E-09 
-1.51780E-09 
-1.51780E-09 
-1.51780E-09 
-1.51780E-09 
-1.51780E-09 
-1.51780E-09 
-1.51780E-09 
-1.51780E-09 
-1.51780E-09 
-1.51780E-09 
-1.51780E-09 
-1.51780E-09 
-1.51780E-09 
-1.51780E-09 
-1.51780E-09 
-1.51780E-09 
-1.51780E-09 
-2.41195E-09 
-2.41195E-09 
-2.41195E-09 
-2.41195E-09 
-2.41195E-09 
-2.41195E-09 
-2.41195E-09 
-2.41195E-09 
-2.41195E-09 
-2.41195E-09 
-2.41195E-09 
-2.41195E-09 
-2.41195E-09 
-2.41195E-09 
-2.41195E-09 
-2.41195E-09 
-2.41195E-09 
-2.41195E-09 
-2.41195E-09 
-2.41195E-09 
-2.41195E-09 
-2.41195E-09 
-2.41195E-09 
-2.41195E-09 
-2.41195E-09 
-2.41195E-09 
-3.83270E-09 
-3.83270E-09 
-3.83270E-09 
-3.83270E-09 
-3.83270E-09 
-3.83270E-09 
-3.83270E-09 
-3.83270E-09 
-3.83270E-09 
-3.83270E-09 
-3.83270E-09 
-3.83270E-09 
-3.83270E-09 
-3.83270E-09 
-3.83270E-09 
-3.83270E-09 
-3.83270E-09 
-3.83270E-09 
-3.83270E-09 
-3.83270E-09 
-3.83270E-09 
-3.83270E-09 
-3.83270E-09 
-3.83270E-09 
-3.83270E-09 
-3.83270E-09 
-6.09006E-09 
-6.09006E-09 
-6.09006E-09 
-6.09006E-09 
-6.09006E-09 
-6.09006E-09 
-6.09006E-09 
-6.09006E-09 
-6.09006E-09 
-6.09006E-09 
-6.09006E-09 
-6.09006E-09 
-6.09006E-09 
-6.09006E-09 
-6.09006E-09 
-6.09006E-09 
-6.09006E-09 
-6.09006E-09 
-6.09006E-09 
-6.09006E-09 
-6.09006E-09 
-6.09006E-09 
-6.09006E-09 
-6.09006E-09 
-6.09006E-09 
-6.09006E-09 
-9.67639E-09 
-9.67639E-09 
-9.67639E-09 
-9.67639E-09 
-9.67639E-09 
-9.67639E-09 
-9.67639E-09 
-9.67639E-09 
-9.67639E-09 
-9.67639E-09 
-9.67639E-09 
-9.67639E-09 
-9.67639E-09 
-9.67639E-09 
-9.67639E-09 
-9.67639E-09 
-9.67639E-09 
-9.67639E-09 
-9.67639E-09 
-9.67639E-09 
-9.67639E-09 
-9.67639E-09 
-9.67639E-09 
-9.67639E-09 
-9.67639E-09 
-9.67639E-09 
-1.53735E-08 
-1.53735E-08 
-1.53735E-08 
-1.53735E-08 
-1.53735E-08 
-1.53735E-08 
-1.53735E-08 
-1.53735E-08 
-1.53735E-08 
-1.53735E-08 
-1.53735E-08 
-1.53735E-08 
-1.53735E-08 
-1.53735E-08 
-1.53735E-08 
-1.53735E-08 
-1.53735E-08 
-1.53735E-08 
-1.53735E-08 
-1.53735E-08 
-1.53735E-08 
-1.53735E-08 
-1.53735E-08 
-1.53735E-08 
-1.53735E-08 
-1.53735E-08 
-2.44228E-08 
-2.44228E-08 
-2.44228E-08 
-2.44228E-08 
-2.44228E-08 
-2.44228E-08 
-2.44228E-08 
-2.44228E-08 
-2.44228E-08 
-2.44228E-08 
-2.44228E-08 
-2.44228E-08 
-2.44228E-08 
-2.44228E-08 
-2.44228E-08 
-2.44228E-08 
-2.44228E-08 
-2.44228E-08 
-2.44228E-08 
-2.44228E-08 
-2.44228E-08 
-2.44228E-08 
-2.44228E-08 
-2.44228E-08 
-2.44228E-08 
-2.44228E-08 
-3.87947E-08 
-3.87947E-08 
-3.87947E-08 
-3.87947E-08 
-3.87947E-08 
-3.87947E-08 
-3.87947E-08 
-3.87947E-08 
-3.87947E-08 
-3.87947E-08 
-3.87947E-08 
-3.87947E-08 
-3.87947E-08 
-3.87947E-08 
-3.87947E-08 
-3.87947E-08 
-3.87947E-08 
-3.87947E-08 
-3.87947E-08 
-3.87947E-08 
-3.87947E-08 
-3.87947E-08 
-3.87947E-08 
-3.87947E-08 
-3.87947E-08 
-3.87947E-08 
-6.16148E-08 
-6.16148E-08 
-6.16148E-08 
-6.16148E-08 
-6.16148E-08 
-6.16148E-08 
-6.16148E-08 
-6.16148E-08 
-6.16148E-08 
-6.16148E-08 
-6.16148E-08 
-6.16148E-08 
-6.16148E-08 
-6.16148E-08 
-6.16148E-08 
-6.16148E-08 
-6.16148E-08 
-6.16148E-08 
-6.16148E-08 
-6.16148E-08 
-6.16148E-08 
-6.16148E-08 
-6.16148E-08 
-6.16148E-08 
-6.16148E-08 
-6.16148E-08 
-9.78434E-08 
-9.78434E-08 
-9.78434E-08 
-9.78434E-08 
-9.78434E-08 
-9.78434E-08 
-9.78434E-08 
-9.78434E-08 
-9.78434E-08 
-9.78434E-08 
-9.78434E-08 
-9.78434E-08 
-9.78434E-08 
-9.78434E-08 
-9.78434E-08 
-9.78434E-08 
-9.78434E-08 
-9.78434E-08 
-9.78434E-08 
-9.78434E-08 
-9.78434E-08 
-9.78434E-08 
-9.78434E-08 
-9.78434E-08 
-9.78434E-08 
-9.78434E-08 
-1.55339E-07 
-1.55339E-07 
-1.55339E-07 
-1.55339E-07 
-1.55339E-07 
-1.55339E-07 
-1.55339E-07 
-1.55339E-07 
-1.55339E-07 
-1.55339E-07 
-1.55339E-07 
-1.55339E-07 
-1.55339E-07 
-1.55339E-07 
-1.55339E-07 
-1.55339E-07 
-1.55339E-07 
-1.55339E-07 
-1.55339E-07 
-1.55339E-07 
-1.55339E-07 
-1.55339E-07 
-1.55339E-07 
-1.55339E-07 
-1.55339E-07 
-1.55339E-07 
-2.46556E-07 
-2.46556E-07 
-2.46556E-07 
-2.46556E-07 
-2.46556E-07 
-2.46556E-07 
-2.46556E-07 
-2.46556E-07 
-2.46556E-07 
-2.46556E-07 
-2.46556E-07 
-2.46556E-07 
-2.46556E-07 
-2.46556E-07 
-2.46556E-07 
-2.46556E-07 
-2.46556E-07 
-2.46556E-07 
-2.46556E-07 
-2.46556E-07 
-2.46556E-07 
-2.46556E-07 
-2.46556E-07 
-2.46556E-07 
-2.46556E-07 
-2.46556E-07 
-3.91207E-07 
-3.91207E-07 
-3.91207E-07 
-3.91207E-07 
-3.91207E-07 
-3.91207E-07 
-3.91207E-07 
-3.91207E-07 
-3.91207E-07 
-3.91207E-07 
-3.91207E-07 
-3.91207E-07 
-3.91207E-07 
-3.91207E-07 
-3.91207E-07 
-3.91207E-07 
-3.91207E-07 
-3.91207E-07 
-3.91207E-07 
-3.91207E-07 
-3.91207E-07 
-3.91207E-07 
-3.91207E-07 
-3.91207E-07 
-3.91207E-07 
-3.91207E-07 
-6.20465E-07 
-6.20465E-07 
-6.20465E-07 
-6.20465E-07 
-6.20465E-07 
-6.20465E-07 
-6.20465E-07 
-6.20465E-07 
-6.20465E-07 
-6.20465E-07 
-6.20465E-07 
-6.20465E-07 
-6.20465E-07 
-6.20465E-07 
-6.20465E-07 
-6.20465E-07 
-6.20465E-07 
-6.20465E-07 
-6.20465E-07 
-6.20465E-07 
-6.20465E-07 
-6.20465E-07 
-6.20465E-07 
-6.20465E-07 
-6.20465E-07 
-6.20465E-07 
-9.83561E-07 
-9.83561E-07 
-9.83561E-07 
-9.83561E-07 
-9.83561E-07 
-9.83561E-07 
-9.83561E-07 
-9.83561E-07 
-9.83561E-07 
-9.83561E-07 
-9.83561E-07 
-9.83561E-07 
-9.83561E-07 
-9.83561E-07 
-9.83561E-07 
-9.83561E-07 
-9.83561E-07 
-9.83561E-07 
-9.83561E-07 
-9.83561E-07 
-9.83561E-07 
-9.83561E-07 
-9.83561E-07 
-9.83561E-07 
-9.83561E-07 
-9.83561E-07 
-1.56927E-06 
-1.56927E-06 
-1.56927E-06 
-1.56927E-06 
-1.56927E-06 
-1.56927E-06 
-1.56927E-06 
-1.56927E-06 
-1.56927E-06 
-1.56927E-06 
-1.56927E-06 
-1.56927E-06 
-1.56927E-06 
-1.56927E-06 
-1.56927E-06 
-1.56927E-06 
-1.56927E-06 
-1.56927E-06 
-1.56927E-06 
-1.56927E-06 
-1.56927E-06 
-1.56927E-06 
-1.56927E-06 
-1.56927E-06 
-1.56927E-06 
-1.56927E-06 
-2.48339E-06 
-2.48339E-06 
-2.48339E-06 
-2.48339E-06 
-2.48339E-06 
-2.48339E-06 
-2.48339E-06 
-2.48339E-06 
-2.48339E-06 
-2.48339E-06 
-2.48339E-06 
-2.48339E-06 
-2.48339E-06 
-2.48339E-06 
-2.48339E-06 
-2.48339E-06 
-2.48339E-06 
-2.48339E-06 
-2.48339E-06 
-2.48339E-06 
-2.48339E-06 
-2.48339E-06 
-2.48339E-06 
-2.48339E-06 
-2.48339E-06 
-2.48339E-06 
-3.92602E-06 
-3.92602E-06 
-3.92602E-06 
-3.92602E-06 
-3.92602E-06 
-3.92602E-06 
-3.92602E-06 
-3.92602E-06 
-3.92602E-06 
-3.92602E-06 
-3.92602E-06 
-3.92602E-06 
-3.92602E-06 
-3.92602E-06 
-3.92602E-06 
-3.92602E-06 
-3.92602E-06 
-3.92602E-06 
-3.92602E-06 
-3.92602E-06 
-3.92602E-06 
-3.92602E-06 
-3.92602E-06 
-3.92602E-06 
-3.92602E-06 
-3.92602E-06 
-6.19883E-06 
-6.19883E-06 
-6.19883E-06 
-6.19883E-06 
-6.19883E-06 
-6.19883E-06 
-6.19883E-06 
-6.19883E-06 
-6.19883E-06 
-6.19883E-06 
-6.19883E-06 
-6.19883E-06 
-6.19883E-06 
-6.19883E-06 
-6.19883E-06 
-6.19883E-06 
-6.19883E-06 
-6.19883E-06 
-6.19883E-06 
-6.19883E-06 
-6.19883E-06 
-6.19883E-06 
-6.19883E-06 
-6.19883E-06 
-6.19883E-06 
-6.19883E-06 
-9.77226E-06 
-9.77226E-06 
-9.77226E-06 
-9.77226E-06 
-9.77226E-06 
-9.77226E-06 
-9.77226E-06 
-9.77226E-06 
-9.77226E-06 
-9.77226E-06 
-9.77226E-06 
-9.77226E-06 
-9.77226E-06 
-9.77226E-06 
-9.77226E-06 
-9.77226E-06 
-9.77226E-06 
-9.77226E-06 
-9.77226E-06 
-9.77226E-06 
-9.77226E-06 
-9.77226E-06 
-9.77226E-06 
-9.77226E-06 
-9.77226E-06 
-9.77226E-06 
-1.53872E-05 
-1.53872E-05 
-1.53872E-05 
-1.53872E-05 
-1.53872E-05 
-1.53872E-05 
-1.53872E-05 
-1.53872E-05 
-1.53872E-05 
-1.53872E-05 
-1.53872E-05 
-1.53872E-05 
-1.53872E-05 
-1.53872E-05 
-1.53872E-05 
-1.53872E-05 
-1.53872E-05 
-1.53872E-05 
-1.53872E-05 
-1.53872E-05 
-1.53872E-05 
-1.53872E-05 
-1.53872E-05 
-1.53872E-05 
-1.53872E-05 
-1.53872E-05 
-2.41676E-05 
-2.41676E-05 
-2.41676E-05 
-2.41676E-05 
-2.41676E-05 
-2.41676E-05 
-2.41676E-05 
-2.41676E-05 
-2.41676E-05 
-2.41676E-05 
-2.41676E-05 
-2.41676E-05 
-2.41676E-05 
-2.41676E-05 
-2.41676E-05 
-2.41676E-05 
-2.41676E-05 
-2.41676E-05 
-2.41676E-05 
-2.41676E-05 
-2.41676E-05 
-2.41676E-05 
-2.41676E-05 
-2.41676E-05 
-2.41676E-05 
-2.41676E-05 
-3.78394E-05 
-3.78394E-05 
-3.78394E-05 
-3.78394E-05 
-3.78394E-05 
-3.78394E-05 
-3.78394E-05 
-3.78394E-05 
-3.78394E-05 
-3.78394E-05 
-3.78394E-05 
-3.78394E-05 
-3.78394E-05 
-3.78394E-05 
-3.78394E-05 
-3.78394E-05 
-3.78394E-05 
-3.78394E-05 
-3.78394E-05 
-3.78394E-05 
-3.78394E-05 
-3.78394E-05 
-3.78394E-05 
-3.78394E-05 
-3.78394E-05 
-3.78394E-05 
-5.90016E-05 
-5.90016E-05 
-5.90016E-05 
-5.90016E-05 
-5.90016E-05 
-5.90016E-05 
-5.90016E-05 
-5.90016E-05 
-5.90016E-05 
-5.90016E-05 
-5.90016E-05 
-5.90016E-05 
-5.90016E-05 
-5.90016E-05 
-5.90016E-05 
-5.90016E-05 
-5.90016E-05 
-5.90016E-05 
-5.90016E-05 
-5.90016E-05 
-5.90016E-05 
-5.90016E-05 
-5.90016E-05 
-5.90016E-05 
-5.90016E-05 
-5.90016E-05 
-9.15727E-05 
-9.15727E-05 
-9.15727E-05 
-9.15727E-05 
-9.15727E-05 
-9.15727E-05 
-9.15727E-05 
-9.15727E-05 
-9.15727E-05 
-9.15727E-05 
-9.15727E-05 
-9.15727E-05 
-9.15727E-05 
-9.15727E-05 
-9.15727E-05 
-9.15727E-05 
-9.15727E-05 
-9.15727E-05 
-9.15727E-05 
-9.15727E-05 
-9.15727E-05 
-9.15727E-05 
-9.15727E-05 
-9.15727E-05 
-9.15727E-05 
-9.15727E-05 
-1.41280E-04 
-1.41280E-04 
-1.41280E-04 
-1.41280E-04 
-1.41280E-04 
-1.41280E-04 
-1.41280E-04 
-1.41280E-04 
-1.41280E-04 
-1.41280E-04 
-1.41280E-04 
-1.41280E-04 
-1.41280E-04 
-1.41280E-04 
-1.41280E-04 
-1.41280E-04 
-1.41280E-04 
-1.41280E-04 
-1.41280E-04 
-1.41280E-04 
-1.41280E-04 
-1.41280E-04 
-1.41280E-04 
-1.41280E-04 
-1.41280E-04 
-1.41280E-04 
-2.16399E-04 
-2.16399E-04 
-2.16399E-04 
-2.16399E-04 
-2.16399E-04 
-2.16399E-04 
-2.16399E-04 
-2.16399E-04 
-2.16399E-04 
-2.16399E-04 
-2.16399E-04 
-2.16399E-04 
-2.16399E-04 
-2.16399E-04 
-2.16399E-04 
-2.16399E-04 
-2.16399E-04 
-2.16399E-04 
-2.16399E-04 
-2.16399E-04 
-2.16399E-04 
-2.16399E-04 
-2.16399E-04 
-2.16399E-04 
-2.16399E-04 
-2.16399E-04 
-3.28587E-04 
-3.28587E-04 
-3.28587E-04 
-3.28587E-04 
-3.28587E-04 
-3.28587E-04 
-3.28587E-04 
-3.28587E-04 
-3.28587E-04 
-3.28587E-04 
-3.28587E-04 
-3.28587E-04 
-3.28587E-04 
-3.28587E-04 
-3.28587E-04 
-3.28587E-04 
-3.28587E-04 
-3.28587E-04 
-3.28587E-04 
-3.28587E-04 
-3.28587E-04 
-3.28587E-04 
-3.28587E-04 
-3.28587E-04 
-3.28587E-04 
-3.28587E-04 
-4.93806E-04 
-4.93806E-04 
-4.93806E-04 
-4.93806E-04 
-4.93806E-04 
-4.93806E-04 
-4.93806E-04 
-4.93806E-04 
-4.93806E-04 
-4.93806E-04 
-4.93806E-04 
-4.93806E-04 
-4.93806E-04 
-4.93806E-04 
-4.93806E-04 
-4.93806E-04 
-4.93806E-04 
-4.93806E-04 
-4.93806E-04 
-4.93806E-04 
-4.93806E-04 
-4.93806E-04 
-4.93806E-04 
-4.93806E-04 
-4.93806E-04 
-4.93806E-04 
-7.33228E-04 
-7.33228E-04 
-7.33228E-04 
-7.33228E-04 
-7.33228E-04 
-7.33228E-04 
-7.33228E-04 
-7.33228E-04 
-7.33228E-04 
-7.33228E-04 
-7.33228E-04 
-7.33228E-04 
-7.33228E-04 
-7.33228E-04 
-7.33228E-04 
-7.33228E-04 
-7.33228E-04 
-7.33228E-04 
-7.33228E-04 
-7.33228E-04 
-7.33228E-04 
-7.33228E-04 
-7.33228E-04 
-7.33228E-04 
-7.33228E-04 
-7.33228E-04 
-1.07378E-03 
-1.07378E-03 
-1.07378E-03 
-1.07378E-03 
-1.07378E-03 
-1.07378E-03 
-1.07378E-03 
-1.07378E-03 
-1.07378E-03 
-1.07378E-03 
-1.07378E-03 
-1.07378E-03 
-1.07378E-03 
-1.07378E-03 
-1.07378E-03 
-1.07378E-03 
-1.07378E-03 
-1.07378E-03 
-1.07378E-03 
-1.07378E-03 
-1.07378E-03 
-1.07378E-03 
-1.07378E-03 
-1.07378E-03 
-1.07378E-03 
-1.07378E-03 
-1.54905E-03 
-1.54905E-03 
-1.54905E-03 
-1.54905E-03 
-1.54905E-03 
-1.54905E-03 
-1.54905E-03 
-1.54905E-03 
-1.54905E-03 
-1.54905E-03 
-1.54905E-03 
-1.54905E-03 
-1.54905E-03 
-1.54905E-03 
-1.54905E-03 
-1.54905E-03 
-1.54905E-03 
-1.54905E-03 
-1.54905E-03 
-1.54905E-03 
-1.54905E-03 
-1.54905E-03 
-1.54905E-03 
-1.54905E-03 
-1.54905E-03 
-1.54905E-03 
-2.19437E-03 
-2.19437E-03 
-2.19437E-03 
-2.19437E-03 
-2.19437E-03 
-2.19437E-03 
-2.19437E-03 
-2.19437E-03 
-2.19437E-03 
-2.19437E-03 
-2.19437E-03 
-2.19437E-03 
-2.19437E-03 
-2.19437E-03 
-2.19437E-03 
-2.19437E-03 
-2.19437E-03 
-2.19437E-03 
-2.19437E-03 
-2.19437E-03 
-2.19437E-03 
-2.19437E-03 
-2.19437E-03 
-2.19437E-03 
-2.19437E-03 
-2.19437E-03 
-3.05319E-03 
-3.05319E-03 
-3.05319E-03 
-3.05319E-03 
-3.05319E-03 
-3.05319E-03 
-3.05319E-03 
-3.05319E-03 
-3.05319E-03 
-3.05319E-03 
-3.05319E-03 
-3.05319E-03 
-3.05319E-03 
-3.05319E-03 
-3.05319E-03 
-3.05319E-03 
-3.05319E-03 
-3.05319E-03 
-3.05319E-03 
-3.05319E-03 
-3.05319E-03 
-3.05319E-03 
-3.05319E-03 
-3.05319E-03 
-3.05319E-03 
-3.05319E-03 
-4.16655E-03 
-4.16655E-03 
-4.16655E-03 
-4.16655E-03 
-4.16655E-03 
-4.16655E-03 
-4.16655E-03 
-4.16655E-03 
-4.16655E-03 
-4.16655E-03 
-4.16655E-03 
-4.16655E-03 
-4.16655E-03 
-4.16655E-03 
-4.16655E-03 
-4.16655E-03 
-4.16655E-03 
-4.16655E-03 
-4.16655E-03 
-4.16655E-03 
-4.16655E-03 
-4.16655E-03 
-4.16655E-03 
-4.16655E-03 
-4.16655E-03 
-4.16655E-03 
-5.57318E-03 
-5.57318E-03 
-5.57318E-03 
-5.57318E-03 
-5.57318E-03 
-5.57318E-03 
-5.57318E-03 
-5.57318E-03 
-5.57318E-03 
-5.57318E-03 
-5.57318E-03 
-5.57318E-03 
-5.57318E-03 
-5.57318E-03 
-5.57318E-03 
-5.57318E-03 
-5.57318E-03 
-5.57318E-03 
-5.57318E-03 
-5.57318E-03 
-5.57318E-03 
-5.57318E-03 
-5.57318E-03 
-5.57318E-03 
-5.57318E-03 
-5.57318E-03 
-7.30446E-03 
-7.30446E-03 
-7.30446E-03 
-7.30446E-03 
-7.30446E-03 
-7.30446E-03 
-7.30446E-03 
-7.30446E-03 
-7.30446E-03 
-7.30446E-03 
-7.30446E-03 
-7.30446E-03 
-7.30446E-03 
-7.30446E-03 
-7.30446E-03 
-7.30446E-03 
-7.30446E-03 
-7.30446E-03 
-7.30446E-03 
-7.30446E-03 
-7.30446E-03 
-7.30446E-03 
-7.30446E-03 
-7.30446E-03 
-7.30446E-03 
-7.30446E-03 
-9.37980E-03 
-9.37980E-03 
-9.37980E-03 
-9.37980E-03 
-9.37980E-03 
-9.37980E-03 
-9.37980E-03 
-9.37980E-03 
-9.37980E-03 
-9.37980E-03 
-9.37980E-03 
-9.37980E-03 
-9.37980E-03 
-9.37980E-03 
-9.37980E-03 
-9.37980E-03 
-9.37980E-03 
-9.37980E-03 
-9.37980E-03 
-9.37980E-03 
-9.37980E-03 
-9.37980E-03 
-9.37980E-03 
-9.37980E-03 
-9.37980E-03 
-9.37980E-03 
-1.18017E-02 
-1.18017E-02 
-1.18017E-02 
-1.18017E-02 
-1.18017E-02 
-1.18017E-02 
-1.18017E-02 
-1.18017E-02 
-1.18017E-02 
-1.18017E-02 
-1.18017E-02 
-1.18017E-02 
-1.18017E-02 
-1.18017E-02 
-1.18017E-02 
-1.18017E-02 
-1.18017E-02 
-1.18017E-02 
-1.18017E-02 
-1.18017E-02 
-1.18017E-02 
-1.18017E-02 
-1.18017E-02 
-1.18017E-02 
-1.18017E-02 
-1.18017E-02 
-1.45535E-02 
-1.45535E-02 
-1.45535E-02 
-1.45535E-02 
-1.45535E-02 
-1.45535E-02 
-1.45535E-02 
-1.45535E-02 
-1.45535E-02 
-1.45535E-02 
-1.45535E-02 
-1.45535E-02 
-1.45535E-02 
-1.45535E-02 
-1.45535E-02 
-1.45535E-02 
-1.45535E-02 
-1.45535E-02 
-1.45535E-02 
-1.45535E-02 
-1.45535E-02 
-1.45535E-02 
-1.45535E-02 
-1.45535E-02 
-1.45535E-02 
-1.45535E-02 
-1.75800E-02 
-1.75800E-02 
-1.75800E-02 
-1.75800E-02 
-1.75800E-02 
-1.75800E-02 
-1.75800E-02 
-1.75800E-02 
-1.75800E-02 
-1.75800E-02 
-1.75800E-02 
-1.75800E-02 
-1.75800E-02 
-1.75800E-02 
-1.75800E-02 
-1.75800E-02 
-1.75800E-02 
-1.75800E-02 
-1.75800E-02 
-1.75800E-02 
-1.75800E-02 
-1.75800E-02 
-1.75800E-02 
-1.75800E-02 
-1.75800E-02 
-1.75800E-02 
-2.08576E-02 
-2.08576E-02 
-2.08576E-02 
-2.08576E-02 
-2.08576E-02 
-2.08576E-02 
-2.08576E-02 
-2.08576E-02 
-2.08576E-02 
-2.08576E-02 
-2.08576E-02 
-2.08576E-02 
-2.08576E-02 
-2.08576E-02 
-2.08576E-02 
-2.08576E-02 
-2.08576E-02 
-2.08576E-02 
-2.08576E-02 
-2.08576E-02 
-2.08576E-02 
-2.08576E-02 
-2.08576E-02 
-2.08576E-02 
-2.08576E-02 
-2.08576E-02 
-2.42736E-02 
-2.42736E-02 
-2.42736E-02 
-2.42736E-02 
-2.42736E-02 
-2.42736E-02 
-2.42736E-02 
-2.42736E-02 
-2.42736E-02 
-2.42736E-02 
-2.42736E-02 
-2.42736E-02 
-2.42736E-02 
-2.42736E-02 
-2.42736E-02 
-2.42736E-02 
-2.42736E-02 
-2.42736E-02 
-2.42736E-02 
-2.42736E-02 
-2.42736E-02 
-2.42736E-02 
-2.42736E-02 
-2.42736E-02 
-2.42736E-02 
-2.42736E-02 
-2.77327E-02 
-2.77327E-02 
-2.77327E-02 
-2.77327E-02 
-2.77327E-02 
-2.77327E-02 
-2.77327E-02 
-2.77327E-02 
-2.77327E-02 
-2.77327E-02 
-2.77327E-02 
-2.77327E-02 
-2.77327E-02 
-2.77327E-02 
-2.77327E-02 
-2.77327E-02 
-2.77327E-02 
-2.77327E-02 
-2.77327E-02 
-2.77327E-02 
-2.77327E-02 
-2.77327E-02 
-2.77327E-02 
-2.77327E-02 
-2.77327E-02 
-2.77327E-02 
-3.11103E-02 
-3.11103E-02 
-3.11103E-02 
-3.11103E-02 
-3.11103E-02 
-3.11103E-02 
-3.11103E-02 
-3.11103E-02 
-3.11103E-02 
-3.11103E-02 
-3.11103E-02 
-3.11103E-02 
-3.11103E-02 
-3.11103E-02 
-3.11103E-02 
-3.11103E-02 
-3.11103E-02 
-3.11103E-02 
-3.11103E-02 
-3.11103E-02 
-3.11103E-02 
-3.11103E-02 
-3.11103E-02 
-3.11103E-02 
-3.11103E-02 
-3.11103E-02 
-3.42619E-02 
-3.42619E-02 
-3.42619E-02 
-3.42619E-02 
-3.42619E-02 
-3.42619E-02 
-3.42619E-02 
-3.42619E-02 
-3.42619E-02 
-3.42619E-02 
-3.42619E-02 
-3.42619E-02 
-3.42619E-02 
-3.42619E-02 
-3.42619E-02 
-3.42619E-02 
-3.42619E-02 
-3.42619E-02 
-3.42619E-02 
-3.42619E-02 
-3.42619E-02 
-3.42619E-02 
-3.42619E-02 
-3.42619E-02 
-3.42619E-02 
-3.42619E-02 
-3.70241E-02 
-3.70241E-02 
-3.70241E-02 
-3.70241E-02 
-3.70241E-02 
-3.70241E-02 
-3.70241E-02 
-3.70241E-02 
-3.70241E-02 
-3.70241E-02 
-3.70241E-02 
-3.70241E-02 
-3.70241E-02 
-3.70241E-02 
-3.70241E-02 
-3.70241E-02 
-3.70241E-02 
-3.70241E-02 
-3.70241E-02 
-3.70241E-02 
-3.70241E-02 
-3.70241E-02 
-3.70241E-02 
-3.70241E-02 
-3.70241E-02 
-3.70241E-02 
-3.91984E-02 
-3.91984E-02 
-3.91984E-02 
-3.91984E-02 
-3.91984E-02 
-3.91984E-02 
-3.91984E-02 
-3.91984E-02 
-3.91984E-02 
-3.91984E-02 
-3.91984E-02 
-3.91984E-02 
-3.91984E-02 
-3.91984E-02 
-3.91984E-02 
-3.91984E-02 
-3.91984E-02 
-3.91984E-02 
-3.91984E-02 
-3.91984E-02 
-3.91984E-02 
-3.91984E-02 
-3.91984E-02 
-3.91984E-02 
-3.91984E-02 
-3.91984E-02 
-4.06317E-02 
-4.06317E-02 
-4.06317E-02 
-4.06317E-02 
-4.06317E-02 
-4.06317E-02 
-4.06317E-02 
-4.06317E-02 
-4.06317E-02 
-4.06317E-02 
-4.06317E-02 
-4.06317E-02 
-4.06317E-02 
-4.06317E-02 
-4.06317E-02 
-4.06317E-02 
-4.06317E-02 
-4.06317E-02 
-4.06317E-02 
-4.06317E-02 
-4.06317E-02 
-4.06317E-02 
-4.06317E-02 
-4.06317E-02 
-4.06317E-02 
-4.06317E-02 
-4.10894E-02 
-4.10894E-02 
-4.10894E-02 
-4.10894E-02 
-4.10894E-02 
-4.10894E-02 
-4.10894E-02 
-4.10894E-02 
-4.10894E-02 
-4.10894E-02 
-4.10894E-02 
-4.10894E-02 
-4.10894E-02 
-4.10894E-02 
-4.10894E-02 
-4.10894E-02 
-4.10894E-02 
-4.10894E-02 
-4.10894E-02 
-4.10894E-02 
-4.10894E-02 
-4.10894E-02 
-4.10894E-02 
-4.10894E-02 
-4.10894E-02 
-4.10894E-02 
-4.03601E-02 
-4.03601E-02 
-4.03601E-02 
-4.03601E-02 
-4.03601E-02 
-4.03601E-02 
-4.03601E-02 
-4.03601E-02 
-4.03601E-02 
-4.03601E-02 
-4.03601E-02 
-4.03601E-02 
-4.03601E-02 
-4.03601E-02 
-4.03601E-02 
-4.03601E-02 
-4.03601E-02 
-4.03601E-02 
-4.03601E-02 
-4.03601E-02 
-4.03601E-02 
-4.03601E-02 
-4.03601E-02 
-4.03601E-02 
-4.03601E-02 
-4.03601E-02 
-3.82186E-02 
-3.82186E-02 
-3.82186E-02 
-3.82186E-02 
-3.82186E-02 
-3.82186E-02 
-3.82186E-02 
-3.82186E-02 
-3.82186E-02 
-3.82186E-02 
-3.82186E-02 
-3.82186E-02 
-3.82186E-02 
-3.82186E-02 
-3.82186E-02 
-3.82186E-02 
-3.82186E-02 
-3.82186E-02 
-3.82186E-02 
-3.82186E-02 
-3.82186E-02 
-3.82186E-02 
-3.82186E-02 
-3.82186E-02 
-3.82186E-02 
-3.82186E-02 
-3.44221E-02 
-3.44221E-02 
-3.44221E-02 
-3.44221E-02 
-3.44221E-02 
-3.44221E-02 
-3.44221E-02 
-3.44221E-02 
-3.44221E-02 
-3.44221E-02 
-3.44221E-02 
-3.44221E-02 
-3.44221E-02 
-3.44221E-02 
-3.44221E-02 
-3.44221E-02 
-3.44221E-02 
-3.44221E-02 
-3.44221E-02 
-3.44221E-02 
-3.44221E-02 
-3.44221E-02 
-3.44221E-02 
-3.44221E-02 
-3.44221E-02 
-3.44221E-02 
-2.87266E-02 
-2.87266E-02 
-2.87266E-02 
-2.87266E-02 
-2.87266E-02 
-2.87266E-02 
-2.87266E-02 
-2.87266E-02 
-2.87266E-02 
-2.87266E-02 
-2.87266E-02 
-2.87266E-02 
-2.87266E-02 
-2.87266E-02 
-2.87266E-02 
-2.87266E-02 
-2.87266E-02 
-2.87266E-02 
-2.87266E-02 
-2.87266E-02 
-2.87266E-02 
-2.87266E-02 
-2.87266E-02 
-2.87266E-02 
-2.87266E-02 
-2.87266E-02 
-2.08793E-02 
-2.08793E-02 
-2.08793E-02 
-2.08793E-02 
-2.08793E-02 
-2.08793E-02 
-2.08793E-02 
-2.08793E-02 
-2.08793E-02 
-2.08793E-02 
-2.08793E-02 
-2.08793E-02 
-2.08793E-02 
-2.08793E-02 
-2.08793E-02 
-2.08793E-02 
-2.08793E-02 
-2.08793E-02 
-2.08793E-02 
-2.08793E-02 
-2.08793E-02 
-2.08793E-02 
-2.08793E-02 
-2.08793E-02 
-2.08793E-02 
-2.08793E-02 
-1.06135E-02 
-1.06135E-02 
-1.06135E-02 
-1.06135E-02 
-1.06135E-02 
-1.06135E-02 
-1.06135E-02 
-1.06135E-02 
-1.06135E-02 
-1.06135E-02 
-1.06135E-02 
-1.06135E-02 
-1.06135E-02 
-1.06135E-02 
-1.06135E-02 
-1.06135E-02 
-1.06135E-02 
-1.06135E-02 
-1.06135E-02 
-1.06135E-02 
-1.06135E-02 
-1.06135E-02 
-1.06135E-02 
-1.06135E-02 
-1.06135E-02 
-1.06135E-02 
2.31688E-03 
2.31688E-03 
2.31688E-03 
2.31688E-03 
2.31688E-03 
2.31688E-03 
2.31688E-03 
2.31688E-03 
2.31688E-03 
2.31688E-03 
2.31688E-03 
2.31688E-03 
2.31688E-03 
2.31688E-03 
2.31688E-03 
2.31688E-03 
2.31688E-03 
2.31688E-03 
2.31688E-03 
2.31688E-03 
2.31688E-03 
2.31688E-03 
2.31688E-03 
2.31688E-03 
2.31688E-03 
2.31688E-03 
1.82244E-02 
1.82244E-02 
1.82244E-02 
1.82244E-02 
1.82244E-02 
1.82244E-02 
1.82244E-02 
1.82244E-02 
1.82244E-02 
1.82244E-02 
1.82244E-02 
1.82244E-02 
1.82244E-02 
1.82244E-02 
1.82244E-02 
1.82244E-02 
1.82244E-02 
1.82244E-02 
1.82244E-02 
1.82244E-02 
1.82244E-02 
1.82244E-02 
1.82244E-02 
1.82244E-02 
1.82244E-02 
1.82244E-02 
3.71801E-02 
3.71801E-02 
3.71801E-02 
3.71801E-02 
3.71801E-02 
3.71801E-02 
3.71801E-02 
3.71801E-02 
3.71801E-02 
3.71801E-02 
3.71801E-02 
3.71801E-02 
3.71801E-02 
3.71801E-02 
3.71801E-02 
3.71801E-02 
3.71801E-02 
3.71801E-02 
3.71801E-02 
3.71801E-02 
3.71801E-02 
3.71801E-02 
3.71801E-02 
3.71801E-02 
3.71801E-02 
3.71801E-02 
5.97858E-02 
5.97858E-02 
5.97858E-02 
5.97858E-02 
5.97858E-02 
5.97858E-02 
5.97858E-02 
5.97858E-02 
5.97858E-02 
5.97858E-02 
5.97858E-02 
5.97858E-02 
5.97858E-02 
5.97858E-02 
5.97858E-02 
5.97858E-02 
5.97858E-02 
5.97858E-02 
5.97858E-02 
5.97858E-02 
5.97858E-02 
5.97858E-02 
5.97858E-02 
5.97858E-02 
5.97858E-02 
5.97858E-02 
8.61558E-02 
8.61558E-02 
8.61558E-02 
8.61558E-02 
8.61558E-02 
8.61558E-02 
8.61558E-02 
8.61558E-02 
8.61558E-02 
8.61558E-02 
8.61558E-02 
8.61558E-02 
8.61558E-02 
8.61558E-02 
8.61558E-02 
8.61558E-02 
8.61558E-02 
8.61558E-02 
8.61558E-02 
8.61558E-02 
8.61558E-02 
8.61558E-02 
8.61558E-02 
8.61558E-02 
8.61558E-02 
8.61558E-02 
1.16574E-01 
1.16574E-01 
1.16574E-01 
1.16574E-01 
1.16574E-01 
1.16574E-01 
1.16574E-01 
1.16574E-01 
1.16574E-01 
1.16574E-01 
1.16574E-01 
1.16574E-01 
1.16574E-01 
1.16574E-01 
1.16574E-01 
1.16574E-01 
1.16574E-01 
1.16574E-01 
1.16574E-01 
1.16574E-01 
1.16574E-01 
1.16574E-01 
1.16574E-01 
1.16574E-01 
1.16574E-01 
1.16574E-01 
1.51326E-01 
1.51326E-01 
1.51326E-01 
1.51326E-01 
1.51326E-01 
1.51326E-01 
1.51326E-01 
1.51326E-01 
1.51326E-01 
1.51326E-01 
1.51326E-01 
1.51326E-01 
1.51326E-01 
1.51326E-01 
1.51326E-01 
1.51326E-01 
1.51326E-01 
1.51326E-01 
1.51326E-01 
1.51326E-01 
1.51326E-01 
1.51326E-01 
1.51326E-01 
1.51326E-01 
1.51326E-01 
1.51326E-01 
1.90698E-01 
1.90698E-01 
1.90698E-01 
1.90698E-01 
1.90698E-01 
1.90698E-01 
1.90698E-01 
1.90698E-01 
1.90698E-01 
1.90698E-01 
1.90698E-01 
1.90698E-01 
1.90698E-01 
1.90698E-01 
1.90698E-01 
1.90698E-01 
1.90698E-01 
1.90698E-01 
1.90698E-01 
1.90698E-01 
1.90698E-01 
1.90698E-01 
1.90698E-01 
1.90698E-01 
1.90698E-01 
1.90698E-01 
2.34983E-01 
2.34983E-01 
2.34983E-01 
2.34983E-01 
2.34983E-01 
2.34983E-01 
2.34983E-01 
2.34983E-01 
2.34983E-01 
2.34983E-01 
2.34983E-01 
2.34983E-01 
2.34983E-01 
2.34983E-01 
2.34983E-01 
2.34983E-01 
2.34983E-01 
2.34983E-01 
2.34983E-01 
2.34983E-01 
2.34983E-01 
2.34983E-01 
2.34983E-01 
2.34983E-01 
2.34983E-01 
2.34983E-01 
2.84469E-01 
2.84469E-01 
2.84469E-01 
2.84469E-01 
2.84469E-01 
2.84469E-01 
2.84469E-01 
2.84469E-01 
2.84469E-01 
2.84469E-01 
2.84469E-01 
2.84469E-01 
2.84469E-01 
2.84469E-01 
2.84469E-01 
2.84469E-01 
2.84469E-01 
2.84469E-01 
2.84469E-01 
2.84469E-01 
2.84469E-01 
2.84469E-01 
2.84469E-01 
2.84469E-01 
2.84469E-01 
2.84469E-01 
3.39452E-01 
3.39452E-01 
3.39452E-01 
3.39452E-01 
3.39452E-01 
3.39452E-01 
3.39452E-01 
3.39452E-01 
3.39452E-01 
3.39452E-01 
3.39452E-01 
3.39452E-01 
3.39452E-01 
3.39452E-01 
3.39452E-01 
3.39452E-01 
3.39452E-01 
3.39452E-01 
3.39452E-01 
3.39452E-01 
3.39452E-01 
3.39452E-01 
3.39452E-01 
3.39452E-01 
3.39452E-01 
3.39452E-01 
4.00356E-01 
4.00356E-01 
4.00356E-01 
4.00356E-01 
4.00356E-01 
4.00356E-01 
4.00356E-01 
4.00356E-01 
4.00356E-01 
4.00356E-01 
4.00356E-01 
4.00356E-01 
4.00356E-01 
4.00356E-01 
4.00356E-01 
4.00356E-01 
4.00356E-01 
4.00356E-01 
4.00356E-01 
4.00356E-01 
4.00356E-01 
4.00356E-01 
4.00356E-01 
4.00356E-01 
4.00356E-01 
4.00356E-01 
4.66886E-01 
4.66886E-01 
4.66886E-01 
4.66886E-01 
4.66886E-01 
4.66886E-01 
4.66886E-01 
4.66886E-01 
4.66886E-01 
4.66886E-01 
4.66886E-01 
4.66886E-01 
4.66886E-01 
4.66886E-01 
4.66886E-01 
4.66886E-01 
4.66886E-01 
4.66886E-01 
4.66886E-01 
4.66886E-01 
4.66886E-01 
4.66886E-01 
4.66886E-01 
4.66886E-01 
4.66886E-01 
4.66886E-01 
5.40205E-01 
5.40205E-01 
5.40205E-01 
5.40205E-01 
5.40205E-01 
5.40205E-01 
5.40205E-01 
5.40205E-01 
5.40205E-01 
5.40205E-01 
5.40205E-01 
5.40205E-01 
5.40205E-01 
5.40205E-01 
5.40205E-01 
5.40205E-01 
5.40205E-01 
5.40205E-01 
5.40205E-01 
5.40205E-01 
5.40205E-01 
5.40205E-01 
5.40205E-01 
5.40205E-01 
5.40205E-01 
5.40205E-01 
6.20167E-01 
6.20167E-01 
6.20167E-01 
6.20167E-01 
6.20167E-01 
6.20167E-01 
6.20167E-01 
6.20167E-01 
6.20167E-01 
6.20167E-01 
6.20167E-01 
6.20167E-01 
6.20167E-01 
6.20167E-01 
6.20167E-01 
6.20167E-01 
6.20167E-01 
6.20167E-01 
6.20167E-01 
6.20167E-01 
6.20167E-01 
6.20167E-01 
6.20167E-01 
6.20167E-01 
6.20167E-01 
6.20167E-01 
7.07087E-01 
7.07087E-01 
7.07087E-01 
7.07087E-01 
7.07087E-01 
7.07087E-01 
7.07087E-01 
7.07087E-01 
7.07087E-01 
7.07087E-01 
7.07087E-01 
7.07087E-01 
7.07087E-01 
7.07087E-01 
7.07087E-01 
7.07087E-01 
7.07087E-01 
7.07087E-01 
7.07087E-01 
7.07087E-01 
7.07087E-01 
7.07087E-01 
7.07087E-01 
7.07087E-01 
7.07087E-01 
7.07087E-01 
8.01258E-01 
8.01258E-01 
8.01258E-01 
8.01258E-01 
8.01258E-01 
8.01258E-01 
8.01258E-01 
8.01258E-01 
8.01258E-01 
8.01258E-01 
8.01258E-01 
8.01258E-01 
8.01258E-01 
8.01258E-01 
8.01258E-01 
8.01258E-01 
8.01258E-01 
8.01258E-01 
8.01258E-01 
8.01258E-01 
8.01258E-01 
8.01258E-01 
8.01258E-01 
8.01258E-01 
8.01258E-01 
8.01258E-01 
9.02997E-01 
9.02997E-01 
9.02997E-01 
9.02997E-01 
9.02997E-01 
9.02997E-01 
9.02997E-01 
9.02997E-01 
9.02997E-01 
9.02997E-01 
9.02997E-01 
9.02997E-01 
9.02997E-01 
9.02997E-01 
9.02997E-01 
9.02997E-01 
9.02997E-01 
9.02997E-01 
9.02997E-01 
9.02997E-01 
9.02997E-01 
9.02997E-01 
9.02997E-01 
9.02997E-01 
9.02997E-01 
9.02997E-01 
1.01255E+00 
1.01255E+00 
1.01255E+00 
1.01255E+00 
1.01255E+00 
1.01255E+00 
1.01255E+00 
1.01255E+00 
1.01255E+00 
1.01255E+00 
1.01255E+00 
1.01255E+00 
1.01255E+00 
1.01255E+00 
1.01255E+00 
1.01255E+00 
1.01255E+00 
1.01255E+00 
1.01255E+00 
1.01255E+00 
1.01255E+00 
1.01255E+00 
1.01255E+00 
1.01255E+00 
1.01255E+00 
1.01255E+00 
1.13060E+00 
1.13060E+00 
1.13060E+00 
1.13060E+00 
1.13060E+00 
1.13060E+00 
1.13060E+00 
1.13060E+00 
1.13060E+00 
1.13060E+00 
1.13060E+00 
1.13060E+00 
1.13060E+00 
1.13060E+00 
1.13060E+00 
1.13060E+00 
1.13060E+00 
1.13060E+00 
1.13060E+00 
1.13060E+00 
1.13060E+00 
1.13060E+00 
1.13060E+00 
1.13060E+00 
1.13060E+00 
1.13060E+00 
1.25669E+00 
1.25669E+00 
1.25669E+00 
1.25669E+00 
1.25669E+00 
1.25669E+00 
1.25669E+00 
1.25669E+00 
1.25669E+00 
1.25669E+00 
1.25669E+00 
1.25669E+00 
1.25669E+00 
1.25669E+00 
1.25669E+00 
1.25669E+00 
1.25669E+00 
1.25669E+00 
1.25669E+00 
1.25669E+00 
1.25669E+00 
1.25669E+00 
1.25669E+00 
1.25669E+00 
1.25669E+00 
1.25669E+00 
1.39161E+00 
1.39161E+00 
1.39161E+00 
1.39161E+00 
1.39161E+00 
1.39161E+00 
1.39161E+00 
1.39161E+00 
1.39161E+00 
1.39161E+00 
1.39161E+00 
1.39161E+00 
1.39161E+00 
1.39161E+00 
1.39161E+00 
1.39161E+00 
1.39161E+00 
1.39161E+00 
1.39161E+00 
1.39161E+00 
1.39161E+00 
1.39161E+00 
1.39161E+00 
1.39161E+00 
1.39161E+00 
1.39161E+00 
1.53562E+00 
1.53562E+00 
1.53562E+00 
1.53562E+00 
1.53562E+00 
1.53562E+00 
1.53562E+00 
1.53562E+00 
1.53562E+00 
1.53562E+00 
1.53562E+00 
1.53562E+00 
1.53562E+00 
1.53562E+00 
1.53562E+00 
1.53562E+00 
1.53562E+00 
1.53562E+00 
1.53562E+00 
1.53562E+00 
1.53562E+00 
1.53562E+00 
1.53562E+00 
1.53562E+00 
1.53562E+00 
1.53562E+00 
1.68902E+00 
1.68902E+00 
1.68902E+00 
1.68902E+00 
1.68902E+00 
1.68902E+00 
1.68902E+00 
1.68902E+00 
1.68902E+00 
1.68902E+00 
1.68902E+00 
1.68902E+00 
1.68902E+00 
1.68902E+00 
1.68902E+00 
1.68902E+00 
1.68902E+00 
1.68902E+00 
1.68902E+00 
1.68902E+00 
1.68902E+00 
1.68902E+00 
1.68902E+00 
1.68902E+00 
1.68902E+00 
1.68902E+00 
1.85209E+00 
1.85209E+00 
1.85209E+00 
1.85209E+00 
1.85209E+00 
1.85209E+00 
1.85209E+00 
1.85209E+00 
1.85209E+00 
1.85209E+00 
1.85209E+00 
1.85209E+00 
1.85209E+00 
1.85209E+00 
1.85209E+00 
1.85209E+00 
1.85209E+00 
1.85209E+00 
1.85209E+00 
1.85209E+00 
1.85209E+00 
1.85209E+00 
1.85209E+00 
1.85209E+00 
1.85209E+00 
1.85209E+00 
2.02512E+00 
2.02512E+00 
2.02512E+00 
2.02512E+00 
2.02512E+00 
2.02512E+00 
2.02512E+00 
2.02512E+00 
2.02512E+00 
2.02512E+00 
2.02512E+00 
2.02512E+00 
2.02512E+00 
2.02512E+00 
2.02512E+00 
2.02512E+00 
2.02512E+00 
2.02512E+00 
2.02512E+00 
2.02512E+00 
2.02512E+00 
2.02512E+00 
2.02512E+00 
2.02512E+00 
2.02512E+00 
2.02512E+00 
2.20846E+00 
2.20846E+00 
2.20846E+00 
2.20846E+00 
2.20846E+00 
2.20846E+00 
2.20846E+00 
2.20846E+00 
2.20846E+00 
2.20846E+00 
2.20846E+00 
2.20846E+00 
2.20846E+00 
2.20846E+00 
2.20846E+00 
2.20846E+00 
2.20846E+00 
2.20846E+00 
2.20846E+00 
2.20846E+00 
2.20846E+00 
2.20846E+00 
2.20846E+00 
2.20846E+00 
2.20846E+00 
2.20846E+00 
2.40226E+00 
2.40226E+00 
2.40226E+00 
2.40226E+00 
2.40226E+00 
2.40226E+00 
2.40226E+00 
2.40226E+00 
2.40226E+00 
2.40226E+00 
2.40226E+00 
2.40226E+00 
2.40226E+00 
2.40226E+00 
2.40226E+00 
2.40226E+00 
2.40226E+00 
2.40226E+00 
2.40226E+00 
2.40226E+00 
2.40226E+00 
2.40226E+00 
2.40226E+00 
2.40226E+00 
2.40226E+00 
2.40226E+00 
---
