PdfType: replica
Format: lhagrid1
---
1.00000E-06 1.28121E-06 1.64152E-06 2.10317E-06 2.69463E-06 3.45242E-06 4.42329E-06 5.66715E-06 7.26076E-06 9.30241E-06 1.19180E-05 1.52689E-05 1.95617E-05 2.50609E-05 3.21053E-05 4.11287E-05 5.26863E-05 6.74889E-05 8.64459E-05 1.10720E-04 1.41800E-04 1.81585E-04 2.32503E-04 2.97652E-04 3.80981E-04 4.87518E-04 6.26039E-04 8.00452E-04 1.02297E-03 1.30657E-03 1.66759E-03 2.12729E-03 2.71054E-03 3.44865E-03 4.37927E-03 5.54908E-03 7.01192E-03 8.83064E-03 1.10763E-02 1.38266E-02 1.71641E-02 2.11717E-02 2.59364E-02 3.15062E-02 3.79623E-02 4.53425E-02 5.36750E-02 6.29705E-02 7.32221E-02 8.44039E-02 9.64793E-02 1.09332E-01 1.23067E-01 1.37507E-01 1.52639E-01 1.68416E-01 1.84794E-01 2.01731E-01 2.19016E-01 2.36948E-01 2.55242E-01 2.73927E-01 2.92954E-01 3.12340E-01 3.32036E-01 3.52019E-01 3.72282E-01 3.92772E-01 4.13533E-01 4.34326E-01 4.55495E-01 4.76836E-01 4.98342E-01 5.20006E-01 5.41818E-01 5.63773E-01 5.85861E-01 6.08077E-01 6.30459E-01 6.52800E-01 6.75387E-01 6.98063E-01 7.20830E-01 7.43683E-01 7.66623E-01 7.89636E-01 8.12791E-01 8.35940E-01 8.59175E-01 8.82485E-01 9.05866E-01 9.29311E-01 9.52817E-01 9.76387E-01 1.00000E+00 
1.14018E+00 1.22539E+00 1.32482E+00 1.44156E+00 1.57954E+00 1.74381E+00 1.94091E+00 2.12132E+00 2.17945E+00 2.49622E+00 2.89383E+00 3.39925E+00 4.05063E+00 4.90286E+00 6.03623E+00 7.57063E+00 9.68869E+00 1.26749E+01 1.69835E+01 2.33578E+01 3.30501E+01 4.82334E+01 7.28041E+01 1.13998E+02 1.85779E+02 3.16228E+02 
908
-1.47325E-14 
-1.47325E-14 
-1.47325E-14 
-1.47325E-14 
-1.47325E-14 
-1.47325E-14 
-1.47325E-14 
-1.47325E-14 
-1.47325E-14 
-1.47325E-14 
-1.47325E-14 
-1.47325E-14 
-1.47325E-14 
-1.47325E-14 
-1.47325E-14 
-1.47325E-14 
-1.47325E-14 
-1.47325E-14 
-1.47325E-14 
-1.47325E-14 
-1.47325E-14 
-1.47325E-14 
-1.47325E-14 
-1.47325E-14 
-1.47325E-14 
-1.47325E-14 
-2.61890E-14 
-2.61890E-14 
-2.61890E-14 
-2.61890E-14 
-2.61890E-14 
-2.61890E-14 
-2.61890E-14 
-2.61890E-14 
-2.61890E-14 
-2.61890E-14 
-2.61890E-14 
-2.61890E-14 
-2.61890E-14 
-2.61890E-14 
-2.61890E-14 
-2.61890E-14 
-2.61890E-14 
-2.61890E-14 
-2.61890E-14 
-2.61890E-14 
-2.61890E-14 
-2.61890E-14 
-2.61890E-14 
-2.61890E-14 
-2.61890E-14 
-2.61890E-14 
-4.65555E-14 
-4.65555E-14 
-4.65555E-14 
-4.65555E-14 
-4.65555E-14 
-4.65555E-14 
-4.65555E-14 
-4.65555E-14 
-4.65555E-14 
-4.65555E-14 
-4.65555E-14 
-4.65555E-14 
-4.65555E-14 
-4.65555E-14 
-4.65555E-14 
-4.65555E-14 
-4.65555E-14 
-4.65555E-14 
-4.65555E-14 
-4.65555E-14 
-4.65555E-14 
-4.65555E-14 
-4.65555E-14 
-4.65555E-14 
-4.65555E-14 
-4.65555E-14 
-8.27618E-14 
-8.27618E-14 
-8.27618E-14 
-8.27618E-14 
-8.27618E-14 
-8.27618E-14 
-8.27618E-14 
-8.27618E-14 
-8.27618E-14 
-8.27618E-14 
-8.27618E-14 
-8.27618E-14 
-8.27618E-14 
-8.27618E-14 
-8.27618E-14 
-8.27618E-14 
-8.27618E-14 
-8.27618E-14 
-8.27618E-14 
-8.27618E-14 
-8.27618E-14 
-8.27618E-14 
-8.27618E-14 
-8.27618E-14 
-8.27618E-14 
-8.27618E-14 
-1.47123E-13 
-1.47123E-13 
-1.47123E-13 
-1.47123E-13 
-1.47123E-13 
-1.47123E-13 
-1.47123E-13 
-1.47123E-13 
-1.47123E-13 
-1.47123E-13 
-1.47123E-13 
-1.47123E-13 
-1.47123E-13 
-1.47123E-13 
-1.47123E-13 
-1.47123E-13 
-1.47123E-13 
-1.47123E-13 
-1.47123E-13 
-1.47123E-13 
-1.47123E-13 
-1.47123E-13 
-1.47123E-13 
-1.47123E-13 
-1.47123E-13 
-1.47123E-13 
-2.61535E-13 
-2.61535E-13 
-2.61535E-13 
-2.61535E-13 
-2.61535E-13 
-2.61535E-13 
-2.61535E-13 
-2.61535E-13 
-2.61535E-13 
-2.61535E-13 
-2.61535E-13 
-2.61535E-13 
-2.61535E-13 
-2.61535E-13 
-2.61535E-13 
-2.61535E-13 
-2.61535E-13 
-2.61535E-13 
-2.61535E-13 
-2.61535E-13 
-2.61535E-13 
-2.61535E-13 
-2.61535E-13 
-2.61535E-13 
-2.61535E-13 
-2.61535E-13 
-4.64913E-13 
-4.64913E-13 
-4.64913E-13 
-4.64913E-13 
-4.64913E-13 
-4.64913E-13 
-4.64913E-13 
-4.64913E-13 
-4.64913E-13 
-4.64913E-13 
-4.64913E-13 
-4.64913E-13 
-4.64913E-13 
-4.64913E-13 
-4.64913E-13 
-4.64913E-13 
-4.64913E-13 
-4.64913E-13 
-4.64913E-13 
-4.64913E-13 
-4.64913E-13 
-4.64913E-13 
-4.64913E-13 
-4.64913E-13 
-4.64913E-13 
-4.64913E-13 
-8.26435E-13 
-8.26435E-13 
-8.26435E-13 
-8.26435E-13 
-8.26435E-13 
-8.26435E-13 
-8.26435E-13 
-8.26435E-13 
-8.26435E-13 
-8.26435E-13 
-8.26435E-13 
-8.26435E-13 
-8.26435E-13 
-8.26435E-13 
-8.26435E-13 
-8.26435E-13 
-8.26435E-13 
-8.26435E-13 
-8.26435E-13 
-8.26435E-13 
-8.26435E-13 
-8.26435E-13 
-8.26435E-13 
-8.26435E-13 
-8.26435E-13 
-8.26435E-13 
-1.46906E-12 
-1.46906E-12 
-1.46906E-12 
-1.46906E-12 
-1.46906E-12 
-1.46906E-12 
-1.46906E-12 
-1.46906E-12 
-1.46906E-12 
-1.46906E-12 
-1.46906E-12 
-1.46906E-12 
-1.46906E-12 
-1.46906E-12 
-1.46906E-12 
-1.46906E-12 
-1.46906E-12 
-1.46906E-12 
-1.46906E-12 
-1.46906E-12 
-1.46906E-12 
-1.46906E-12 
-1.46906E-12 
-1.46906E-12 
-1.46906E-12 
-1.46906E-12 
-2.61133E-12 
-2.61133E-12 
-2.61133E-12 
-2.61133E-12 
-2.61133E-12 
-2.61133E-12 
-2.61133E-12 
-2.61133E-12 
-2.61133E-12 
-2.61133E-12 
-2.61133E-12 
-2.61133E-12 
-2.61133E-12 
-2.61133E-12 
-2.61133E-12 
-2.61133E-12 
-2.61133E-12 
-2.61133E-12 
-2.61133E-12 
-2.61133E-12 
-2.61133E-12 
-2.61133E-12 
-2.61133E-12 
-2.61133E-12 
-2.61133E-12 
-2.61133E-12 
-4.64163E-12 
-4.64163E-12 
-4.64163E-12 
-4.64163E-12 
-4.64163E-12 
-4.64163E-12 
-4.64163E-12 
-4.64163E-12 
-4.64163E-12 
-4.64163E-12 
-4.64163E-12 
-4.64163E-12 
-4.64163E-12 
-4.64163E-12 
-4.64163E-12 
-4.64163E-12 
-4.64163E-12 
-4.64163E-12 
-4.64163E-12 
-4.64163E-12 
-4.64163E-12 
-4.64163E-12 
-4.64163E-12 
-4.64163E-12 
-4.64163E-12 
-4.64163E-12 
-8.25030E-12 
-8.25030E-12 
-8.25030E-12 
-8.25030E-12 
-8.25030E-12 
-8.25030E-12 
-8.25030E-12 
-8.25030E-12 
-8.25030E-12 
-8.25030E-12 
-8.25030E-12 
-8.25030E-12 
-8.25030E-12 
-8.25030E-12 
-8.25030E-12 
-8.25030E-12 
-8.25030E-12 
-8.25030E-12 
-8.25030E-12 
-8.25030E-12 
-8.25030E-12 
-8.25030E-12 
-8.25030E-12 
-8.25030E-12 
-8.25030E-12 
-8.25030E-12 
-1.46641E-11 
-1.46641E-11 
-1.46641E-11 
-1.46641E-11 
-1.46641E-11 
-1.46641E-11 
-1.46641E-11 
-1.46641E-11 
-1.46641E-11 
-1.46641E-11 
-1.46641E-11 
-1.46641E-11 
-1.46641E-11 
-1.46641E-11 
-1.46641E-11 
-1.46641E-11 
-1.46641E-11 
-1.46641E-11 
-1.46641E-11 
-1.46641E-11 
-1.46641E-11 
-1.46641E-11 
-1.46641E-11 
-1.46641E-11 
-1.46641E-11 
-1.46641E-11 
-2.60626E-11 
-2.60626E-11 
-2.60626E-11 
-2.60626E-11 
-2.60626E-11 
-2.60626E-11 
-2.60626E-11 
-2.60626E-11 
-2.60626E-11 
-2.60626E-11 
-2.60626E-11 
-2.60626E-11 
-2.60626E-11 
-2.60626E-11 
-2.60626E-11 
-2.60626E-11 
-2.60626E-11 
-2.60626E-11 
-2.60626E-11 
-2.60626E-11 
-2.60626E-11 
-2.60626E-11 
-2.60626E-11 
-2.60626E-11 
-2.60626E-11 
-2.60626E-11 
-4.63186E-11 
-4.63186E-11 
-4.63186E-11 
-4.63186E-11 
-4.63186E-11 
-4.63186E-11 
-4.63186E-11 
-4.63186E-11 
-4.63186E-11 
-4.63186E-11 
-4.63186E-11 
-4.63186E-11 
-4.63186E-11 
-4.63186E-11 
-4.63186E-11 
-4.63186E-11 
-4.63186E-11 
-4.63186E-11 
-4.63186E-11 
-4.63186E-11 
-4.63186E-11 
-4.63186E-11 
-4.63186E-11 
-4.63186E-11 
-4.63186E-11 
-4.63186E-11 
-8.23120E-11 
-8.23120E-11 
-8.23120E-11 
-8.23120E-11 
-8.23120E-11 
-8.23120E-11 
-8.23120E-11 
-8.23120E-11 
-8.23120E-11 
-8.23120E-11 
-8.23120E-11 
-8.23120E-11 
-8.23120E-11 
-8.23120E-11 
-8.23120E-11 
-8.23120E-11 
-8.23120E-11 
-8.23120E-11 
-8.23120E-11 
-8.23120E-11 
-8.23120E-11 
-8.23120E-11 
-8.23120E-11 
-8.23120E-11 
-8.23120E-11 
-8.23120E-11 
-1.46262E-10 
-1.46262E-10 
-1.46262E-10 
-1.46262E-10 
-1.46262E-10 
-1.46262E-10 
-1.46262E-10 
-1.46262E-10 
-1.46262E-10 
-1.46262E-10 
-1.46262E-10 
-1.46262E-10 
-1.46262E-10 
-1.46262E-10 
-1.46262E-10 
-1.46262E-10 
-1.46262E-10 
-1.46262E-10 
-1.46262E-10 
-1.46262E-10 
-1.46262E-10 
-1.46262E-10 
-1.46262E-10 
-1.46262E-10 
-1.46262E-10 
-1.46262E-10 
-2.59868E-10 
-2.59868E-10 
-2.59868E-10 
-2.59868E-10 
-2.59868E-10 
-2.59868E-10 
-2.59868E-10 
-2.59868E-10 
-2.59868E-10 
-2.59868E-10 
-2.59868E-10 
-2.59868E-10 
-2.59868E-10 
-2.59868E-10 
-2.59868E-10 
-2.59868E-10 
-2.59868E-10 
-2.59868E-10 
-2.59868E-10 
-2.59868E-10 
-2.59868E-10 
-2.59868E-10 
-2.59868E-10 
-2.59868E-10 
-2.59868E-10 
-2.59868E-10 
-4.61654E-10 
-4.61654E-10 
-4.61654E-10 
-4.61654E-10 
-4.61654E-10 
-4.61654E-10 
-4.61654E-10 
-4.61654E-10 
-4.61654E-10 
-4.61654E-10 
-4.61654E-10 
-4.61654E-10 
-4.61654E-10 
-4.61654E-10 
-4.61654E-10 
-4.61654E-10 
-4.61654E-10 
-4.61654E-10 
-4.61654E-10 
-4.61654E-10 
-4.61654E-10 
-4.61654E-10 
-4.61654E-10 
-4.61654E-10 
-4.61654E-10 
-4.61654E-10 
-8.19980E-10 
-8.19980E-10 
-8.19980E-10 
-8.19980E-10 
-8.19980E-10 
-8.19980E-10 
-8.19980E-10 
-8.19980E-10 
-8.19980E-10 
-8.19980E-10 
-8.19980E-10 
-8.19980E-10 
-8.19980E-10 
-8.19980E-10 
-8.19980E-10 
-8.19980E-10 
-8.19980E-10 
-8.19980E-10 
-8.19980E-10 
-8.19980E-10 
-8.19980E-10 
-8.19980E-10 
-8.19980E-10 
-8.19980E-10 
-8.19980E-10 
-8.19980E-10 
-1.45615E-09 
-1.45615E-09 
-1.45615E-09 
-1.45615E-09 
-1.45615E-09 
-1.45615E-09 
-1.45615E-09 
-1.45615E-09 
-1.45615E-09 
-1.45615E-09 
-1.45615E-09 
-1.45615E-09 
-1.45615E-09 
-1.45615E-09 
-1.45615E-09 
-1.45615E-09 
-1.45615E-09 
-1.45615E-09 
-1.45615E-09 
-1.45615E-09 
-1.45615E-09 
-1.45615E-09 
-1.45615E-09 
-1.45615E-09 
-1.45615E-09 
-1.45615E-09 
-2.58518E-09 
-2.58518E-09 
-2.58518E-09 
-2.58518E-09 
-2.58518E-09 
-2.58518E-09 
-2.58518E-09 
-2.58518E-09 
-2.58518E-09 
-2.58518E-09 
-2.58518E-09 
-2.58518E-09 
-2.58518E-09 
-2.58518E-09 
-2.58518E-09 
-2.58518E-09 
-2.58518E-09 
-2.58518E-09 
-2.58518E-09 
-2.58518E-09 
-2.58518E-09 
-2.58518E-09 
-2.58518E-09 
-2.58518E-09 
-2.58518E-09 
-2.58518E-09 
-4.58809E-09 
-4.58809E-09 
-4.58809E-09 
-4.58809E-09 
-4.58809E-09 
-4.58809E-09 
-4.58809E-09 
-4.58809E-09 
-4.58809E-09 
-4.58809E-09 
-4.58809E-09 
-4.58809E-09 
-4.58809E-09 
-4.58809E-09 
-4.58809E-09 
-4.58809E-09 
-4.58809E-09 
-4.58809E-09 
-4.58809E-09 
-4.58809E-09 
-4.58809E-09 
-4.58809E-09 
-4.58809E-09 
-4.58809E-09 
-4.58809E-09 
-4.58809E-09 
-8.13946E-09 
-8.13946E-09 
-8.13946E-09 
-8.13946E-09 
-8.13946E-09 
-8.13946E-09 
-8.13946E-09 
-8.13946E-09 
-8.13946E-09 
-8.13946E-09 
-8.13946E-09 
-8.13946E-09 
-8.13946E-09 
-8.13946E-09 
-8.13946E-09 
-8.13946E-09 
-8.13946E-09 
-8.13946E-09 
-8.13946E-09 
-8.13946E-09 
-8.13946E-09 
-8.13946E-09 
-8.13946E-09 
-8.13946E-09 
-8.13946E-09 
-8.13946E-09 
-1.44323E-08 
-1.44323E-08 
-1.44323E-08 
-1.44323E-08 
-1.44323E-08 
-1.44323E-08 
-1.44323E-08 
-1.44323E-08 
-1.44323E-08 
-1.44323E-08 
-1.44323E-08 
-1.44323E-08 
-1.44323E-08 
-1.44323E-08 
-1.44323E-08 
-1.44323E-08 
-1.44323E-08 
-1.44323E-08 
-1.44323E-08 
-1.44323E-08 
-1.44323E-08 
-1.44323E-08 
-1.44323E-08 
-1.44323E-08 
-1.44323E-08 
-1.44323E-08 
-2.55738E-08 
-2.55738E-08 
-2.55738E-08 
-2.55738E-08 
-2.55738E-08 
-2.55738E-08 
-2.55738E-08 
-2.55738E-08 
-2.55738E-08 
-2.55738E-08 
-2.55738E-08 
-2.55738E-08 
-2.55738E-08 
-2.55738E-08 
-2.55738E-08 
-2.55738E-08 
-2.55738E-08 
-2.55738E-08 
-2.55738E-08 
-2.55738E-08 
-2.55738E-08 
-2.55738E-08 
-2.55738E-08 
-2.55738E-08 
-2.55738E-08 
-2.55738E-08 
-4.56822E-08 
-4.56822E-08 
-4.56822E-08 
-4.56822E-08 
-4.56822E-08 
-4.56822E-08 
-4.56822E-08 
-4.56822E-08 
-4.56822E-08 
-4.56822E-08 
-4.56822E-08 
-4.56822E-08 
-4.56822E-08 
-4.56822E-08 
-4.56822E-08 
-4.56822E-08 
-4.56822E-08 
-4.56822E-08 
-4.56822E-08 
-4.56822E-08 
-4.56822E-08 
-4.56822E-08 
-4.56822E-08 
-4.56822E-08 
-4.56822E-08 
-4.56822E-08 
-8.07782E-08 
-8.07782E-08 
-8.07782E-08 
-8.07782E-08 
-8.07782E-08 
-8.07782E-08 
-8.07782E-08 
-8.07782E-08 
-8.07782E-08 
-8.07782E-08 
-8.07782E-08 
-8.07782E-08 
-8.07782E-08 
-8.07782E-08 
-8.07782E-08 
-8.07782E-08 
-8.07782E-08 
-8.07782E-08 
-8.07782E-08 
-8.07782E-08 
-8.07782E-08 
-8.07782E-08 
-8.07782E-08 
-8.07782E-08 
-8.07782E-08 
-8.07782E-08 
-1.42658E-07 
-1.42658E-07 
-1.42658E-07 
-1.42658E-07 
-1.42658E-07 
-1.42658E-07 
-1.42658E-07 
-1.42658E-07 
-1.42658E-07 
-1.42658E-07 
-1.42658E-07 
-1.42658E-07 
-1.42658E-07 
-1.42658E-07 
-1.42658E-07 
-1.42658E-07 
-1.42658E-07 
-1.42658E-07 
-1.42658E-07 
-1.42658E-07 
-1.42658E-07 
-1.42658E-07 
-1.42658E-07 
-1.42658E-07 
-1.42658E-07 
-1.42658E-07 
-2.51547E-07 
-2.51547E-07 
-2.51547E-07 
-2.51547E-07 
-2.51547E-07 
-2.51547E-07 
-2.51547E-07 
-2.51547E-07 
-2.51547E-07 
-2.51547E-07 
-2.51547E-07 
-2.51547E-07 
-2.51547E-07 
-2.51547E-07 
-2.51547E-07 
-2.51547E-07 
-2.51547E-07 
-2.51547E-07 
-2.51547E-07 
-2.51547E-07 
-2.51547E-07 
-2.51547E-07 
-2.51547E-07 
-2.51547E-07 
-2.51547E-07 
-2.51547E-07 
-4.42698E-07 
-4.42698E-07 
-4.42698E-07 
-4.42698E-07 
-4.42698E-07 
-4.42698E-07 
-4.42698E-07 
-4.42698E-07 
-4.42698E-07 
-4.42698E-07 
-4.42698E-07 
-4.42698E-07 
-4.42698E-07 
-4.42698E-07 
-4.42698E-07 
-4.42698E-07 
-4.42698E-07 
-4.42698E-07 
-4.42698E-07 
-4.42698E-07 
-4.42698E-07 
-4.42698E-07 
-4.42698E-07 
-4.42698E-07 
-4.42698E-07 
-4.42698E-07 
-7.77953E-07 
-7.77953E-07 
-7.77953E-07 
-7.77953E-07 
-7.77953E-07 
-7.77953E-07 
-7.77953E-07 
-7.77953E-07 
-7.77953E-07 
-7.77953E-07 
-7.77953E-07 
-7.77953E-07 
-7.77953E-07 
-7.77953E-07 
-7.77953E-07 
-7.77953E-07 
-7.77953E-07 
-7.77953E-07 
-7.77953E-07 
-7.77953E-07 
-7.77953E-07 
-7.77953E-07 
-7.77953E-07 
-7.77953E-07 
-7.77953E-07 
-7.77953E-07 
-1.36286E-06 
-1.36286E-06 
-1.36286E-06 
-1.36286E-06 
-1.36286E-06 
-1.36286E-06 
-1.36286E-06 
-1.36286E-06 
-1.36286E-06 
-1.36286E-06 
-1.36286E-06 
-1.36286E-06 
-1.36286E-06 
-1.36286E-06 
-1.36286E-06 
-1.36286E-06 
-1.36286E-06 
-1.36286E-06 
-1.36286E-06 
-1.36286E-06 
-1.36286E-06 
-1.36286E-06 
-1.36286E-06 
-1.36286E-06 
-1.36286E-06 
-1.36286E-06 
-2.37825E-06 
-2.37825E-06 
-2.37825E-06 
-2.37825E-06 
-2.37825E-06 
-2.37825E-06 
-2.37825E-06 
-2.37825E-06 
-2.37825E-06 
-2.37825E-06 
-2.37825E-06 
-2.37825E-06 
-2.37825E-06 
-2.37825E-06 
-2.37825E-06 
-2.37825E-06 
-2.37825E-06 
-2.37825E-06 
-2.37825E-06 
-2.37825E-06 
-2.37825E-06 
-2.37825E-06 
-2.37825E-06 
-2.37825E-06 
-2.37825E-06 
-2.37825E-06 
-4.12904E-06 
-4.12904E-06 
-4.12904E-06 
-4.12904E-06 
-4.12904E-06 
-4.12904E-06 
-4.12904E-06 
-4.12904E-06 
-4.12904E-06 
-4.12904E-06 
-4.12904E-06 
-4.12904E-06 
-4.12904E-06 
-4.12904E-06 
-4.12904E-06 
-4.12904E-06 
-4.12904E-06 
-4.12904E-06 
-4.12904E-06 
-4.12904E-06 
-4.12904E-06 
-4.12904E-06 
-4.12904E-06 
-4.12904E-06 
-4.12904E-06 
-4.12904E-06 
-7.12756E-06 
-7.12756E-06 
-7.12756E-06 
-7.12756E-06 
-7.12756E-06 
-7.12756E-06 
-7.12756E-06 
-7.12756E-06 
-7.12756E-06 
-7.12756E-06 
-7.12756E-06 
-7.12756E-06 
-7.12756E-06 
-7.12756E-06 
-7.12756E-06 
-7.12756E-06 
-7.12756E-06 
-7.12756E-06 
-7.12756E-06 
-7.12756E-06 
-7.12756E-06 
-7.12756E-06 
-7.12756E-06 
-7.12756E-06 
-7.12756E-06 
-7.12756E-06 
-1.22132E-05 
-1.22132E-05 
-1.22132E-05 
-1.22132E-05 
-1.22132E-05 
-1.22132E-05 
-1.22132E-05 
-1.22132E-05 
-1.22132E-05 
-1.22132E-05 
-1.22132E-05 
-1.22132E-05 
-1.22132E-05 
-1.22132E-05 
-1.22132E-05 
-1.22132E-05 
-1.22132E-05 
-1.22132E-05 
-1.22132E-05 
-1.22132E-05 
-1.22132E-05 
-1.22132E-05 
-1.22132E-05 
-1.22132E-05 
-1.22132E-05 
-1.22132E-05 
-2.07407E-05 
-2.07407E-05 
-2.07407E-05 
-2.07407E-05 
-2.07407E-05 
-2.07407E-05 
-2.07407E-05 
-2.07407E-05 
-2.07407E-05 
-2.07407E-05 
-2.07407E-05 
-2.07407E-05 
-2.07407E-05 
-2.07407E-05 
-2.07407E-05 
-2.07407E-05 
-2.07407E-05 
-2.07407E-05 
-2.07407E-05 
-2.07407E-05 
-2.07407E-05 
-2.07407E-05 
-2.07407E-05 
-2.07407E-05 
-2.07407E-05 
-2.07407E-05 
-3.48449E-05 
-3.48449E-05 
-3.48449E-05 
-3.48449E-05 
-3.48449E-05 
-3.48449E-05 
-3.48449E-05 
-3.48449E-05 
-3.48449E-05 
-3.48449E-05 
-3.48449E-05 
-3.48449E-05 
-3.48449E-05 
-3.48449E-05 
-3.48449E-05 
-3.48449E-05 
-3.48449E-05 
-3.48449E-05 
-3.48449E-05 
-3.48449E-05 
-3.48449E-05 
-3.48449E-05 
-3.48449E-05 
-3.48449E-05 
-3.48449E-05 
-3.48449E-05 
-5.77947E-05 
-5.77947E-05 
-5.77947E-05 
-5.77947E-05 
-5.77947E-05 
-5.77947E-05 
-5.77947E-05 
-5.77947E-05 
-5.77947E-05 
-5.77947E-05 
-5.77947E-05 
-5.77947E-05 
-5.77947E-05 
-5.77947E-05 
-5.77947E-05 
-5.77947E-05 
-5.77947E-05 
-5.77947E-05 
-5.77947E-05 
-5.77947E-05 
-5.77947E-05 
-5.77947E-05 
-5.77947E-05 
-5.77947E-05 
-5.77947E-05 
-5.77947E-05 
-9.44407E-05 
-9.44407E-05 
-9.44407E-05 
-9.44407E-05 
-9.44407E-05 
-9.44407E-05 
-9.44407E-05 
-9.44407E-05 
-9.44407E-05 
-9.44407E-05 
-9.44407E-05 
-9.44407E-05 
-9.44407E-05 
-9.44407E-05 
-9.44407E-05 
-9.44407E-05 
-9.44407E-05 
-9.44407E-05 
-9.44407E-05 
-9.44407E-05 
-9.44407E-05 
-9.44407E-05 
-9.44407E-05 
-9.44407E-05 
-9.44407E-05 
-9.44407E-05 
-1.51698E-04 
-1.51698E-04 
-1.51698E-04 
-1.51698E-04 
-1.51698E-04 
-1.51698E-04 
-1.51698E-04 
-1.51698E-04 
-1.51698E-04 
-1.51698E-04 
-1.51698E-04 
-1.51698E-04 
-1.51698E-04 
-1.51698E-04 
-1.51698E-04 
-1.51698E-04 
-1.51698E-04 
-1.51698E-04 
-1.51698E-04 
-1.51698E-04 
-1.51698E-04 
-1.51698E-04 
-1.51698E-04 
-1.51698E-04 
-1.51698E-04 
-1.51698E-04 
-2.39162E-04 
-2.39162E-04 
-2.39162E-04 
-2.39162E-04 
-2.39162E-04 
-2.39162E-04 
-2.39162E-04 
-2.39162E-04 
-2.39162E-04 
-2.39162E-04 
-2.39162E-04 
-2.39162E-04 
-2.39162E-04 
-2.39162E-04 
-2.39162E-04 
-2.39162E-04 
-2.39162E-04 
-2.39162E-04 
-2.39162E-04 
-2.39162E-04 
-2.39162E-04 
-2.39162E-04 
-2.39162E-04 
-2.39162E-04 
-2.39162E-04 
-2.39162E-04 
-3.68618E-04 
-3.68618E-04 
-3.68618E-04 
-3.68618E-04 
-3.68618E-04 
-3.68618E-04 
-3.68618E-04 
-3.68618E-04 
-3.68618E-04 
-3.68618E-04 
-3.68618E-04 
-3.68618E-04 
-3.68618E-04 
-3.68618E-04 
-3.68618E-04 
-3.68618E-04 
-3.68618E-04 
-3.68618E-04 
-3.68618E-04 
-3.68618E-04 
-3.68618E-04 
-3.68618E-04 
-3.68618E-04 
-3.68618E-04 
-3.68618E-04 
-3.68618E-04 
-5.55587E-04 
-5.55587E-04 
-5.55587E-04 
-5.55587E-04 
-5.55587E-04 
-5.55587E-04 
-5.55587E-04 
-5.55587E-04 
-5.55587E-04 
-5.55587E-04 
-5.55587E-04 
-5.55587E-04 
-5.55587E-04 
-5.55587E-04 
-5.55587E-04 
-5.55587E-04 
-5.55587E-04 
-5.55587E-04 
-5.55587E-04 
-5.55587E-04 
-5.55587E-04 
-5.55587E-04 
-5.55587E-04 
-5.55587E-04 
-5.55587E-04 
-5.55587E-04 
-8.17381E-04 
-8.17381E-04 
-8.17381E-04 
-8.17381E-04 
-8.17381E-04 
-8.17381E-04 
-8.17381E-04 
-8.17381E-04 
-8.17381E-04 
-8.17381E-04 
-8.17381E-04 
-8.17381E-04 
-8.17381E-04 
-8.17381E-04 
-8.17381E-04 
-8.17381E-04 
-8.17381E-04 
-8.17381E-04 
-8.17381E-04 
-8.17381E-04 
-8.17381E-04 
-8.17381E-04 
-8.17381E-04 
-8.17381E-04 
-8.17381E-04 
-8.17381E-04 
-1.17281E-03 
-1.17281E-03 
-1.17281E-03 
-1.17281E-03 
-1.17281E-03 
-1.17281E-03 
-1.17281E-03 
-1.17281E-03 
-1.17281E-03 
-1.17281E-03 
-1.17281E-03 
-1.17281E-03 
-1.17281E-03 
-1.17281E-03 
-1.17281E-03 
-1.17281E-03 
-1.17281E-03 
-1.17281E-03 
-1.17281E-03 
-1.17281E-03 
-1.17281E-03 
-1.17281E-03 
-1.17281E-03 
-1.17281E-03 
-1.17281E-03 
-1.17281E-03 
-1.64036E-03 
-1.64036E-03 
-1.64036E-03 
-1.64036E-03 
-1.64036E-03 
-1.64036E-03 
-1.64036E-03 
-1.64036E-03 
-1.64036E-03 
-1.64036E-03 
-1.64036E-03 
-1.64036E-03 
-1.64036E-03 
-1.64036E-03 
-1.64036E-03 
-1.64036E-03 
-1.64036E-03 
-1.64036E-03 
-1.64036E-03 
-1.64036E-03 
-1.64036E-03 
-1.64036E-03 
-1.64036E-03 
-1.64036E-03 
-1.64036E-03 
-1.64036E-03 
-2.23596E-03 
-2.23596E-03 
-2.23596E-03 
-2.23596E-03 
-2.23596E-03 
-2.23596E-03 
-2.23596E-03 
-2.23596E-03 
-2.23596E-03 
-2.23596E-03 
-2.23596E-03 
-2.23596E-03 
-2.23596E-03 
-2.23596E-03 
-2.23596E-03 
-2.23596E-03 
-2.23596E-03 
-2.23596E-03 
-2.23596E-03 
-2.23596E-03 
-2.23596E-03 
-2.23596E-03 
-2.23596E-03 
-2.23596E-03 
-2.23596E-03 
-2.23596E-03 
-2.97007E-03 
-2.97007E-03 
-2.97007E-03 
-2.97007E-03 
-2.97007E-03 
-2.97007E-03 
-2.97007E-03 
-2.97007E-03 
-2.97007E-03 
-2.97007E-03 
-2.97007E-03 
-2.97007E-03 
-2.97007E-03 
-2.97007E-03 
-2.97007E-03 
-2.97007E-03 
-2.97007E-03 
-2.97007E-03 
-2.97007E-03 
-2.97007E-03 
-2.97007E-03 
-2.97007E-03 
-2.97007E-03 
-2.97007E-03 
-2.97007E-03 
-2.97007E-03 
-3.84518E-03 
-3.84518E-03 
-3.84518E-03 
-3.84518E-03 
-3.84518E-03 
-3.84518E-03 
-3.84518E-03 
-3.84518E-03 
-3.84518E-03 
-3.84518E-03 
-3.84518E-03 
-3.84518E-03 
-3.84518E-03 
-3.84518E-03 
-3.84518E-03 
-3.84518E-03 
-3.84518E-03 
-3.84518E-03 
-3.84518E-03 
-3.84518E-03 
-3.84518E-03 
-3.84518E-03 
-3.84518E-03 
-3.84518E-03 
-3.84518E-03 
-3.84518E-03 
-4.84738E-03 
-4.84738E-03 
-4.84738E-03 
-4.84738E-03 
-4.84738E-03 
-4.84738E-03 
-4.84738E-03 
-4.84738E-03 
-4.84738E-03 
-4.84738E-03 
-4.84738E-03 
-4.84738E-03 
-4.84738E-03 
-4.84738E-03 
-4.84738E-03 
-4.84738E-03 
-4.84738E-03 
-4.84738E-03 
-4.84738E-03 
-4.84738E-03 
-4.84738E-03 
-4.84738E-03 
-4.84738E-03 
-4.84738E-03 
-4.84738E-03 
-4.84738E-03 
-5.96772E-03 
-5.96772E-03 
-5.96772E-03 
-5.96772E-03 
-5.96772E-03 
-5.96772E-03 
-5.96772E-03 
-5.96772E-03 
-5.96772E-03 
-5.96772E-03 
-5.96772E-03 
-5.96772E-03 
-5.96772E-03 
-5.96772E-03 
-5.96772E-03 
-5.96772E-03 
-5.96772E-03 
-5.96772E-03 
-5.96772E-03 
-5.96772E-03 
-5.96772E-03 
-5.96772E-03 
-5.96772E-03 
-5.96772E-03 
-5.96772E-03 
-5.96772E-03 
-7.16012E-03 
-7.16012E-03 
-7.16012E-03 
-7.16012E-03 
-7.16012E-03 
-7.16012E-03 
-7.16012E-03 
-7.16012E-03 
-7.16012E-03 
-7.16012E-03 
-7.16012E-03 
-7.16012E-03 
-7.16012E-03 
-7.16012E-03 
-7.16012E-03 
-7.16012E-03 
-7.16012E-03 
-7.16012E-03 
-7.16012E-03 
-7.16012E-03 
-7.16012E-03 
-7.16012E-03 
-7.16012E-03 
-7.16012E-03 
-7.16012E-03 
-7.16012E-03 
-8.37508E-03 
-8.37508E-03 
-8.37508E-03 
-8.37508E-03 
-8.37508E-03 
-8.37508E-03 
-8.37508E-03 
-8.37508E-03 
-8.37508E-03 
-8.37508E-03 
-8.37508E-03 
-8.37508E-03 
-8.37508E-03 
-8.37508E-03 
-8.37508E-03 
-8.37508E-03 
-8.37508E-03 
-8.37508E-03 
-8.37508E-03 
-8.37508E-03 
-8.37508E-03 
-8.37508E-03 
-8.37508E-03 
-8.37508E-03 
-8.37508E-03 
-8.37508E-03 
-9.54250E-03 
-9.54250E-03 
-9.54250E-03 
-9.54250E-03 
-9.54250E-03 
-9.54250E-03 
-9.54250E-03 
-9.54250E-03 
-9.54250E-03 
-9.54250E-03 
-9.54250E-03 
-9.54250E-03 
-9.54250E-03 
-9.54250E-03 
-9.54250E-03 
-9.54250E-03 
-9.54250E-03 
-9.54250E-03 
-9.54250E-03 
-9.54250E-03 
-9.54250E-03 
-9.54250E-03 
-9.54250E-03 
-9.54250E-03 
-9.54250E-03 
-9.54250E-03 
-1.05735E-02 
-1.05735E-02 
-1.05735E-02 
-1.05735E-02 
-1.05735E-02 
-1.05735E-02 
-1.05735E-02 
-1.05735E-02 
-1.05735E-02 
-1.05735E-02 
-1.05735E-02 
-1.05735E-02 
-1.05735E-02 
-1.05735E-02 
-1.05735E-02 
-1.05735E-02 
-1.05735E-02 
-1.05735E-02 
-1.05735E-02 
-1.05735E-02 
-1.05735E-02 
-1.05735E-02 
-1.05735E-02 
-1.05735E-02 
-1.05735E-02 
-1.05735E-02 
-1.13596E-02 
-1.13596E-02 
-1.13596E-02 
-1.13596E-02 
-1.13596E-02 
-1.13596E-02 
-1.13596E-02 
-1.13596E-02 
-1.13596E-02 
-1.13596E-02 
-1.13596E-02 
-1.13596E-02 
-1.13596E-02 
-1.13596E-02 
-1.13596E-02 
-1.13596E-02 
-1.13596E-02 
-1.13596E-02 
-1.13596E-02 
-1.13596E-02 
-1.13596E-02 
-1.13596E-02 
-1.13596E-02 
-1.13596E-02 
-1.13596E-02 
-1.13596E-02 
-1.17706E-02 
-1.17706E-02 
-1.17706E-02 
-1.17706E-02 
-1.17706E-02 
-1.17706E-02 
-1.17706E-02 
-1.17706E-02 
-1.17706E-02 
-1.17706E-02 
-1.17706E-02 
-1.17706E-02 
-1.17706E-02 
-1.17706E-02 
-1.17706E-02 
-1.17706E-02 
-1.17706E-02 
-1.17706E-02 
-1.17706E-02 
-1.17706E-02 
-1.17706E-02 
-1.17706E-02 
-1.17706E-02 
-1.17706E-02 
-1.17706E-02 
-1.17706E-02 
-1.16670E-02 
-1.16670E-02 
-1.16670E-02 
-1.16670E-02 
-1.16670E-02 
-1.16670E-02 
-1.16670E-02 
-1.16670E-02 
-1.16670E-02 
-1.16670E-02 
-1.16670E-02 
-1.16670E-02 
-1.16670E-02 
-1.16670E-02 
-1.16670E-02 
-1.16670E-02 
-1.16670E-02 
-1.16670E-02 
-1.16670E-02 
-1.16670E-02 
-1.16670E-02 
-1.16670E-02 
-1.16670E-02 
-1.16670E-02 
-1.16670E-02 
-1.16670E-02 
-1.08794E-02 
-1.08794E-02 
-1.08794E-02 
-1.08794E-02 
-1.08794E-02 
-1.08794E-02 
-1.08794E-02 
-1.08794E-02 
-1.08794E-02 
-1.08794E-02 
-1.08794E-02 
-1.08794E-02 
-1.08794E-02 
-1.08794E-02 
-1.08794E-02 
-1.08794E-02 
-1.08794E-02 
-1.08794E-02 
-1.08794E-02 
-1.08794E-02 
-1.08794E-02 
-1.08794E-02 
-1.08794E-02 
-1.08794E-02 
-1.08794E-02 
-1.08794E-02 
-9.22477E-03 
-9.22477E-03 
-9.22477E-03 
-9.22477E-03 
-9.22477E-03 
-9.22477E-03 
-9.22477E-03 
-9.22477E-03 
-9.22477E-03 
-9.22477E-03 
-9.22477E-03 
-9.22477E-03 
-9.22477E-03 
-9.22477E-03 
-9.22477E-03 
-9.22477E-03 
-9.22477E-03 
-9.22477E-03 
-9.22477E-03 
-9.22477E-03 
-9.22477E-03 
-9.22477E-03 
-9.22477E-03 
-9.22477E-03 
-9.22477E-03 
-9.22477E-03 
-6.50422E-03 
-6.50422E-03 
-6.50422E-03 
-6.50422E-03 
-6.50422E-03 
-6.50422E-03 
-6.50422E-03 
-6.50422E-03 
-6.50422E-03 
-6.50422E-03 
-6.50422E-03 
-6.50422E-03 
-6.50422E-03 
-6.50422E-03 
-6.50422E-03 
-6.50422E-03 
-6.50422E-03 
-6.50422E-03 
-6.50422E-03 
-6.50422E-03 
-6.50422E-03 
-6.50422E-03 
-6.50422E-03 
-6.50422E-03 
-6.50422E-03 
-6.50422E-03 
-2.49098E-03 
-2.49098E-03 
-2.49098E-03 
-2.49098E-03 
-2.49098E-03 
-2.49098E-03 
-2.49098E-03 
-2.49098E-03 
-2.49098E-03 
-2.49098E-03 
-2.49098E-03 
-2.49098E-03 
-2.49098E-03 
-2.49098E-03 
-2.49098E-03 
-2.49098E-03 
-2.49098E-03 
-2.49098E-03 
-2.49098E-03 
-2.49098E-03 
-2.49098E-03 
-2.49098E-03 
-2.49098E-03 
-2.49098E-03 
-2.49098E-03 
-2.49098E-03 
3.04996E-03 
3.04996E-03 
3.04996E-03 
3.04996E-03 
3.04996E-03 
3.04996E-03 
3.04996E-03 
3.04996E-03 
3.04996E-03 
3.04996E-03 
3.04996E-03 
3.04996E-03 
3.04996E-03 
3.04996E-03 
3.04996E-03 
3.04996E-03 
3.04996E-03 
3.04996E-03 
3.04996E-03 
3.04996E-03 
3.04996E-03 
3.04996E-03 
3.04996E-03 
3.04996E-03 
3.04996E-03 
3.04996E-03 
1.03732E-02 
1.03732E-02 
1.03732E-02 
1.03732E-02 
1.03732E-02 
1.03732E-02 
1.03732E-02 
1.03732E-02 
1.03732E-02 
1.03732E-02 
1.03732E-02 
1.03732E-02 
1.03732E-02 
1.03732E-02 
1.03732E-02 
1.03732E-02 
1.03732E-02 
1.03732E-02 
1.03732E-02 
1.03732E-02 
1.03732E-02 
1.03732E-02 
1.03732E-02 
1.03732E-02 
1.03732E-02 
1.03732E-02 
1.97568E-02 
1.97568E-02 
1.97568E-02 
1.97568E-02 
1.97568E-02 
1.97568E-02 
1.97568E-02 
1.97568E-02 
1.97568E-02 
1.97568E-02 
1.97568E-02 
1.97568E-02 
1.97568E-02 
1.97568E-02 
1.97568E-02 
1.97568E-02 
1.97568E-02 
1.97568E-02 
1.97568E-02 
1.97568E-02 
1.97568E-02 
1.97568E-02 
1.97568E-02 
1.97568E-02 
1.97568E-02 
1.97568E-02 
3.14710E-02 
3.14710E-02 
3.14710E-02 
3.14710E-02 
3.14710E-02 
3.14710E-02 
3.14710E-02 
3.14710E-02 
3.14710E-02 
3.14710E-02 
3.14710E-02 
3.14710E-02 
3.14710E-02 
3.14710E-02 
3.14710E-02 
3.14710E-02 
3.14710E-02 
3.14710E-02 
3.14710E-02 
3.14710E-02 
3.14710E-02 
3.14710E-02 
3.14710E-02 
3.14710E-02 
3.14710E-02 
3.14710E-02 
4.58569E-02 
4.58569E-02 
4.58569E-02 
4.58569E-02 
4.58569E-02 
4.58569E-02 
4.58569E-02 
4.58569E-02 
4.58569E-02 
4.58569E-02 
4.58569E-02 
4.58569E-02 
4.58569E-02 
4.58569E-02 
4.58569E-02 
4.58569E-02 
4.58569E-02 
4.58569E-02 
4.58569E-02 
4.58569E-02 
4.58569E-02 
4.58569E-02 
4.58569E-02 
4.58569E-02 
4.58569E-02 
4.58569E-02 
6.30481E-02 
6.30481E-02 
6.30481E-02 
6.30481E-02 
6.30481E-02 
6.30481E-02 
6.30481E-02 
6.30481E-02 
6.30481E-02 
6.30481E-02 
6.30481E-02 
6.30481E-02 
6.30481E-02 
6.30481E-02 
6.30481E-02 
6.30481E-02 
6.30481E-02 
6.30481E-02 
6.30481E-02 
6.30481E-02 
6.30481E-02 
6.30481E-02 
6.30481E-02 
6.30481E-02 
6.30481E-02 
6.30481E-02 
8.36700E-02 
8.36700E-02 
8.36700E-02 
8.36700E-02 
8.36700E-02 
8.36700E-02 
8.36700E-02 
8.36700E-02 
8.36700E-02 
8.36700E-02 
8.36700E-02 
8.36700E-02 
8.36700E-02 
8.36700E-02 
8.36700E-02 
8.36700E-02 
8.36700E-02 
8.36700E-02 
8.36700E-02 
8.36700E-02 
8.36700E-02 
8.36700E-02 
8.36700E-02 
8.36700E-02 
8.36700E-02 
8.36700E-02 
1.07917E-01 
1.07917E-01 
1.07917E-01 
1.07917E-01 
1.07917E-01 
1.07917E-01 
1.07917E-01 
1.07917E-01 
1.07917E-01 
1.07917E-01 
1.07917E-01 
1.07917E-01 
1.07917E-01 
1.07917E-01 
1.07917E-01 
1.07917E-01 
1.07917E-01 
1.07917E-01 
1.07917E-01 
1.07917E-01 
1.07917E-01 
1.07917E-01 
1.07917E-01 
1.07917E-01 
1.07917E-01 
1.07917E-01 
1.36149E-01 
1.36149E-01 
1.36149E-01 
1.36149E-01 
1.36149E-01 
1.36149E-01 
1.36149E-01 
1.36149E-01 
1.36149E-01 
1.36149E-01 
1.36149E-01 
1.36149E-01 
1.36149E-01 
1.36149E-01 
1.36149E-01 
1.36149E-01 
1.36149E-01 
1.36149E-01 
1.36149E-01 
1.36149E-01 
1.36149E-01 
1.36149E-01 
1.36149E-01 
1.36149E-01 
1.36149E-01 
1.36149E-01 
1.68737E-01 
1.68737E-01 
1.68737E-01 
1.68737E-01 
1.68737E-01 
1.68737E-01 
1.68737E-01 
1.68737E-01 
1.68737E-01 
1.68737E-01 
1.68737E-01 
1.68737E-01 
1.68737E-01 
1.68737E-01 
1.68737E-01 
1.68737E-01 
1.68737E-01 
1.68737E-01 
1.68737E-01 
1.68737E-01 
1.68737E-01 
1.68737E-01 
1.68737E-01 
1.68737E-01 
1.68737E-01 
1.68737E-01 
2.06063E-01 
2.06063E-01 
2.06063E-01 
2.06063E-01 
2.06063E-01 
2.06063E-01 
2.06063E-01 
2.06063E-01 
2.06063E-01 
2.06063E-01 
2.06063E-01 
2.06063E-01 
2.06063E-01 
2.06063E-01 
2.06063E-01 
2.06063E-01 
2.06063E-01 
2.06063E-01 
2.06063E-01 
2.06063E-01 
2.06063E-01 
2.06063E-01 
2.06063E-01 
2.06063E-01 
2.06063E-01 
2.06063E-01 
2.48526E-01 
2.48526E-01 
2.48526E-01 
2.48526E-01 
2.48526E-01 
2.48526E-01 
2.48526E-01 
2.48526E-01 
2.48526E-01 
2.48526E-01 
2.48526E-01 
2.48526E-01 
2.48526E-01 
2.48526E-01 
2.48526E-01 
2.48526E-01 
2.48526E-01 
2.48526E-01 
2.48526E-01 
2.48526E-01 
2.48526E-01 
2.48526E-01 
2.48526E-01 
2.48526E-01 
2.48526E-01 
2.48526E-01 
2.96531E-01 
2.96531E-01 
2.96531E-01 
2.96531E-01 
2.96531E-01 
2.96531E-01 
2.96531E-01 
2.96531E-01 
2.96531E-01 
2.96531E-01 
2.96531E-01 
2.96531E-01 
2.96531E-01 
2.96531E-01 
2.96531E-01 
2.96531E-01 
2.96531E-01 
2.96531E-01 
2.96531E-01 
2.96531E-01 
2.96531E-01 
2.96531E-01 
2.96531E-01 
2.96531E-01 
2.96531E-01 
2.96531E-01 
3.50500E-01 
3.50500E-01 
3.50500E-01 
3.50500E-01 
3.50500E-01 
3.50500E-01 
3.50500E-01 
3.50500E-01 
3.50500E-01 
3.50500E-01 
3.50500E-01 
3.50500E-01 
3.50500E-01 
3.50500E-01 
3.50500E-01 
3.50500E-01 
3.50500E-01 
3.50500E-01 
3.50500E-01 
3.50500E-01 
3.50500E-01 
3.50500E-01 
3.50500E-01 
3.50500E-01 
3.50500E-01 
3.50500E-01 
4.10992E-01 
4.10992E-01 
4.10992E-01 
4.10992E-01 
4.10992E-01 
4.10992E-01 
4.10992E-01 
4.10992E-01 
4.10992E-01 
4.10992E-01 
4.10992E-01 
4.10992E-01 
4.10992E-01 
4.10992E-01 
4.10992E-01 
4.10992E-01 
4.10992E-01 
4.10992E-01 
4.10992E-01 
4.10992E-01 
4.10992E-01 
4.10992E-01 
4.10992E-01 
4.10992E-01 
4.10992E-01 
4.10992E-01 
4.77859E-01 
4.77859E-01 
4.77859E-01 
4.77859E-01 
4.77859E-01 
4.77859E-01 
4.77859E-01 
4.77859E-01 
4.77859E-01 
4.77859E-01 
4.77859E-01 
4.77859E-01 
4.77859E-01 
4.77859E-01 
4.77859E-01 
4.77859E-01 
4.77859E-01 
4.77859E-01 
4.77859E-01 
4.77859E-01 
4.77859E-01 
4.77859E-01 
4.77859E-01 
4.77859E-01 
4.77859E-01 
4.77859E-01 
5.52421E-01 
5.52421E-01 
5.52421E-01 
5.52421E-01 
5.52421E-01 
5.52421E-01 
5.52421E-01 
5.52421E-01 
5.52421E-01 
5.52421E-01 
5.52421E-01 
5.52421E-01 
5.52421E-01 
5.52421E-01 
5.52421E-01 
5.52421E-01 
5.52421E-01 
5.52421E-01 
5.52421E-01 
5.52421E-01 
5.52421E-01 
5.52421E-01 
5.52421E-01 
5.52421E-01 
5.52421E-01 
5.52421E-01 
6.34698E-01 
6.34698E-01 
6.34698E-01 
6.34698E-01 
6.34698E-01 
6.34698E-01 
6.34698E-01 
6.34698E-01 
6.34698E-01 
6.34698E-01 
6.34698E-01 
6.34698E-01 
6.34698E-01 
6.34698E-01 
6.34698E-01 
6.34698E-01 
6.34698E-01 
6.34698E-01 
6.34698E-01 
6.34698E-01 
6.34698E-01 
6.34698E-01 
6.34698E-01 
6.34698E-01 
6.34698E-01 
6.34698E-01 
7.25178E-01 
7.25178E-01 
7.25178E-01 
7.25178E-01 
7.25178E-01 
7.25178E-01 
7.25178E-01 
7.25178E-01 
7.25178E-01 
7.25178E-01 
7.25178E-01 
7.25178E-01 
7.25178E-01 
7.25178E-01 
7.25178E-01 
7.25178E-01 
7.25178E-01 
7.25178E-01 
7.25178E-01 
7.25178E-01 
7.25178E-01 
7.25178E-01 
7.25178E-01 
7.25178E-01 
7.25178E-01 
7.25178E-01 
8.24337E-01 
8.24337E-01 
8.24337E-01 
8.24337E-01 
8.24337E-01 
8.24337E-01 
8.24337E-01 
8.24337E-01 
8.24337E-01 
8.24337E-01 
8.24337E-01 
8.24337E-01 
8.24337E-01 
8.24337E-01 
8.24337E-01 
8.24337E-01 
8.24337E-01 
8.24337E-01 
8.24337E-01 
8.24337E-01 
8.24337E-01 
8.24337E-01 
8.24337E-01 
8.24337E-01 
8.24337E-01 
8.24337E-01 
9.32684E-01 
9.32684E-01 
9.32684E-01 
9.32684E-01 
9.32684E-01 
9.32684E-01 
9.32684E-01 
9.32684E-01 
9.32684E-01 
9.32684E-01 
9.32684E-01 
9.32684E-01 
9.32684E-01 
9.32684E-01 
9.32684E-01 
9.32684E-01 
9.32684E-01 
9.32684E-01 
9.32684E-01 
9.32684E-01 
9.32684E-01 
9.32684E-01 
9.32684E-01 
9.32684E-01 
9.32684E-01 
9.32684E-01 
1.05067E+00 
1.05067E+00 
1.05067E+00 
1.05067E+00 
1.05067E+00 
1.05067E+00 
1.05067E+00 
1.05067E+00 
1.05067E+00 
1.05067E+00 
1.05067E+00 
1.05067E+00 
1.05067E+00 
1.05067E+00 
1.05067E+00 
1.05067E+00 
1.05067E+00 
1.05067E+00 
1.05067E+00 
1.05067E+00 
1.05067E+00 
1.05067E+00 
1.05067E+00 
1.05067E+00 
1.05067E+00 
1.05067E+00 
1.17920E+00 
1.17920E+00 
1.17920E+00 
1.17920E+00 
1.17920E+00 
1.17920E+00 
1.17920E+00 
1.17920E+00 
1.17920E+00 
1.17920E+00 
1.17920E+00 
1.17920E+00 
1.17920E+00 
1.17920E+00 
1.17920E+00 
1.17920E+00 
1.17920E+00 
1.17920E+00 
1.17920E+00 
1.17920E+00 
1.17920E+00 
1.17920E+00 
1.17920E+00 
1.17920E+00 
1.17920E+00 
1.17920E+00 
1.31799E+00 
1.31799E+00 
1.31799E+00 
1.31799E+00 
1.31799E+00 
1.31799E+00 
1.31799E+00 
1.31799E+00 
1.31799E+00 
1.31799E+00 
1.31799E+00 
1.31799E+00 
1.31799E+00 
1.31799E+00 
1.31799E+00 
1.31799E+00 
1.31799E+00 
1.31799E+00 
1.31799E+00 
1.31799E+00 
1.31799E+00 
1.31799E+00 
1.31799E+00 
1.31799E+00 
1.31799E+00 
1.31799E+00 
1.46809E+00 
1.46809E+00 
1.46809E+00 
1.46809E+00 
1.46809E+00 
1.46809E+00 
1.46809E+00 
1.46809E+00 
1.46809E+00 
1.46809E+00 
1.46809E+00 
1.46809E+00 
1.46809E+00 
1.46809E+00 
1.46809E+00 
1.46809E+00 
1.46809E+00 
1.46809E+00 
1.46809E+00 
1.46809E+00 
1.46809E+00 
1.46809E+00 
1.46809E+00 
1.46809E+00 
1.46809E+00 
1.46809E+00 
1.63000E+00 
1.63000E+00 
1.63000E+00 
1.63000E+00 
1.63000E+00 
1.63000E+00 
1.63000E+00 
1.63000E+00 
1.63000E+00 
1.63000E+00 
1.63000E+00 
1.63000E+00 
1.63000E+00 
1.63000E+00 
1.63000E+00 
1.63000E+00 
1.63000E+00 
1.63000E+00 
1.63000E+00 
1.63000E+00 
1.63000E+00 
1.63000E+00 
1.63000E+00 
1.63000E+00 
1.63000E+00 
1.63000E+00 
1.80425E+00 
1.80425E+00 
1.80425E+00 
1.80425E+00 
1.80425E+00 
1.80425E+00 
1.80425E+00 
1.80425E+00 
1.80425E+00 
1.80425E+00 
1.80425E+00 
1.80425E+00 
1.80425E+00 
1.80425E+00 
1.80425E+00 
1.80425E+00 
1.80425E+00 
1.80425E+00 
1.80425E+00 
1.80425E+00 
1.80425E+00 
1.80425E+00 
1.80425E+00 
1.80425E+00 
1.80425E+00 
1.80425E+00 
1.99138E+00 
1.99138E+00 
1.99138E+00 
1.99138E+00 
1.99138E+00 
1.99138E+00 
1.99138E+00 
1.99138E+00 
1.99138E+00 
1.99138E+00 
1.99138E+00 
1.99138E+00 
1.99138E+00 
1.99138E+00 
1.99138E+00 
1.99138E+00 
1.99138E+00 
1.99138E+00 
1.99138E+00 
1.99138E+00 
1.99138E+00 
1.99138E+00 
1.99138E+00 
1.99138E+00 
1.99138E+00 
1.99138E+00 
2.19194E+00 
2.19194E+00 
2.19194E+00 
2.19194E+00 
2.19194E+00 
2.19194E+00 
2.19194E+00 
2.19194E+00 
2.19194E+00 
2.19194E+00 
2.19194E+00 
2.19194E+00 
2.19194E+00 
2.19194E+00 
2.19194E+00 
2.19194E+00 
2.19194E+00 
2.19194E+00 
2.19194E+00 
2.19194E+00 
2.19194E+00 
2.19194E+00 
2.19194E+00 
2.19194E+00 
2.19194E+00 
2.19194E+00 
2.40654E+00 
2.40654E+00 
2.40654E+00 
2.40654E+00 
2.40654E+00 
2.40654E+00 
2.40654E+00 
2.40654E+00 
2.40654E+00 
2.40654E+00 
2.40654E+00 
2.40654E+00 
2.40654E+00 
2.40654E+00 
2.40654E+00 
2.40654E+00 
2.40654E+00 
2.40654E+00 
2.40654E+00 
2.40654E+00 
2.40654E+00 
2.40654E+00 
2.40654E+00 
2.40654E+00 
2.40654E+00 
2.40654E+00 
2.63560E+00 
2.63560E+00 
2.63560E+00 
2.63560E+00 
2.63560E+00 
2.63560E+00 
2.63560E+00 
2.63560E+00 
2.63560E+00 
2.63560E+00 
2.63560E+00 
2.63560E+00 
2.63560E+00 
2.63560E+00 
2.63560E+00 
2.63560E+00 
2.63560E+00 
2.63560E+00 
2.63560E+00 
2.63560E+00 
2.63560E+00 
2.63560E+00 
2.63560E+00 
2.63560E+00 
2.63560E+00 
2.63560E+00 
---
