PdfType: replica
Format: lhagrid1
---
1.00000E-06 1.28121E-06 1.64152E-06 2.10317E-06 2.69463E-06 3.45242E-06 4.42329E-06 5.66715E-06 7.26076E-06 9.30241E-06 1.19180E-05 1.52689E-05 1.95617E-05 2.50609E-05 3.21053E-05 4.11287E-05 5.26863E-05 6.74889E-05 8.64459E-05 1.10720E-04 1.41800E-04 1.81585E-04 2.32503E-04 2.97652E-04 3.80981E-04 4.87518E-04 6.26039E-04 8.00452E-04 1.02297E-03 1.30657E-03 1.66759E-03 2.12729E-03 2.71054E-03 3.44865E-03 4.37927E-03 5.54908E-03 7.01192E-03 8.83064E-03 1.10763E-02 1.38266E-02 1.71641E-02 2.11717E-02 2.59364E-02 3.15062E-02 3.79623E-02 4.53425E-02 5.36750E-02 6.29705E-02 7.32221E-02 8.44039E-02 9.64793E-02 1.09332E-01 1.23067E-01 1.37507E-01 1.52639E-01 1.68416E-01 1.84794E-01 2.01731E-01 2.19016E-01 2.36948E-01 2.55242E-01 2.73927E-01 2.92954E-01 3.12340E-01 3.32036E-01 3.52019E-01 3.72282E-01 3.92772E-01 4.13533E-01 4.34326E-01 4.55495E-01 4.76836E-01 4.98342E-01 5.20006E-01 5.41818E-01 5.63773E-01 5.85861E-01 6.08077E-01 6.30459E-01 6.52800E-01 6.75387E-01 6.98063E-01 7.20830E-01 7.43683E-01 7.66623E-01 7.89636E-01 8.12791E-01 8.35940E-01 8.59175E-01 8.82485E-01 9.05866E-01 9.29311E-01 9.52817E-01 9.76387E-01 1.00000E+00 
1.14018E+00 1.22539E+00 1.32482E+00 1.44156E+00 1.57954E+00 1.74381E+00 1.94091E+00 2.12132E+00 2.17945E+00 2.49622E+00 2.89383E+00 3.39925E+00 4.05063E+00 4.90286E+00 6.03623E+00 7.57063E+00 9.68869E+00 1.26749E+01 1.69835E+01 2.33578E+01 3.30501E+01 4.82334E+01 7.28041E+01 1.13998E+02 1.85779E+02 3.16228E+02 
908
-3.13574E-10 
-3.13574E-10 
-3.13574E-10 
-3.13574E-10 
-3.13574E-10 
-3.13574E-10 
-3.13574E-10 
-3.13574E-10 
-3.13574E-10 
-3.13574E-10 
-3.13574E-10 
-3.13574E-10 
-3.13574E-10 
-3.13574E-10 
-3.13574E-10 
-3.13574E-10 
-3.13574E-10 
-3.13574E-10 
-3.13574E-10 
-3.13574E-10 
-3.13574E-10 
-3.13574E-10 
-3.13574E-10 
-3.13574E-10 
-3.13574E-10 
-3.13574E-10 
-4.66605E-10 
-4.66605E-10 
-4.66605E-10 
-4.66605E-10 
-4.66605E-10 
-4.66605E-10 
-4.66605E-10 
-4.66605E-10 
-4.66605E-10 
-4.66605E-10 
-4.66605E-10 
-4.66605E-10 
-4.66605E-10 
-4.66605E-10 
-4.66605E-10 
-4.66605E-10 
-4.66605E-10 
-4.66605E-10 
-4.66605E-10 
-4.66605E-10 
-4.66605E-10 
-4.66605E-10 
-4.66605E-10 
-4.66605E-10 
-4.66605E-10 
-4.66605E-10 
-6.94331E-10 
-6.94331E-10 
-6.94331E-10 
-6.94331E-10 
-6.94331E-10 
-6.94331E-10 
-6.94331E-10 
-6.94331E-10 
-6.94331E-10 
-6.94331E-10 
-6.94331E-10 
-6.94331E-10 
-6.94331E-10 
-6.94331E-10 
-6.94331E-10 
-6.94331E-10 
-6.94331E-10 
-6.94331E-10 
-6.94331E-10 
-6.94331E-10 
-6.94331E-10 
-6.94331E-10 
-6.94331E-10 
-6.94331E-10 
-6.94331E-10 
-6.94331E-10 
-1.03321E-09 
-1.03321E-09 
-1.03321E-09 
-1.03321E-09 
-1.03321E-09 
-1.03321E-09 
-1.03321E-09 
-1.03321E-09 
-1.03321E-09 
-1.03321E-09 
-1.03321E-09 
-1.03321E-09 
-1.03321E-09 
-1.03321E-09 
-1.03321E-09 
-1.03321E-09 
-1.03321E-09 
-1.03321E-09 
-1.03321E-09 
-1.03321E-09 
-1.03321E-09 
-1.03321E-09 
-1.03321E-09 
-1.03321E-09 
-1.03321E-09 
-1.03321E-09 
-1.53746E-09 
-1.53746E-09 
-1.53746E-09 
-1.53746E-09 
-1.53746E-09 
-1.53746E-09 
-1.53746E-09 
-1.53746E-09 
-1.53746E-09 
-1.53746E-09 
-1.53746E-09 
-1.53746E-09 
-1.53746E-09 
-1.53746E-09 
-1.53746E-09 
-1.53746E-09 
-1.53746E-09 
-1.53746E-09 
-1.53746E-09 
-1.53746E-09 
-1.53746E-09 
-1.53746E-09 
-1.53746E-09 
-1.53746E-09 
-1.53746E-09 
-1.53746E-09 
-2.28780E-09 
-2.28780E-09 
-2.28780E-09 
-2.28780E-09 
-2.28780E-09 
-2.28780E-09 
-2.28780E-09 
-2.28780E-09 
-2.28780E-09 
-2.28780E-09 
-2.28780E-09 
-2.28780E-09 
-2.28780E-09 
-2.28780E-09 
-2.28780E-09 
-2.28780E-09 
-2.28780E-09 
-2.28780E-09 
-2.28780E-09 
-2.28780E-09 
-2.28780E-09 
-2.28780E-09 
-2.28780E-09 
-2.28780E-09 
-2.28780E-09 
-2.28780E-09 
-3.40431E-09 
-3.40431E-09 
-3.40431E-09 
-3.40431E-09 
-3.40431E-09 
-3.40431E-09 
-3.40431E-09 
-3.40431E-09 
-3.40431E-09 
-3.40431E-09 
-3.40431E-09 
-3.40431E-09 
-3.40431E-09 
-3.40431E-09 
-3.40431E-09 
-3.40431E-09 
-3.40431E-09 
-3.40431E-09 
-3.40431E-09 
-3.40431E-09 
-3.40431E-09 
-3.40431E-09 
-3.40431E-09 
-3.40431E-09 
-3.40431E-09 
-3.40431E-09 
-5.06564E-09 
-5.06564E-09 
-5.06564E-09 
-5.06564E-09 
-5.06564E-09 
-5.06564E-09 
-5.06564E-09 
-5.06564E-09 
-5.06564E-09 
-5.06564E-09 
-5.06564E-09 
-5.06564E-09 
-5.06564E-09 
-5.06564E-09 
-5.06564E-09 
-5.06564E-09 
-5.06564E-09 
-5.06564E-09 
-5.06564E-09 
-5.06564E-09 
-5.06564E-09 
-5.06564E-09 
-5.06564E-09 
-5.06564E-09 
-5.06564E-09 
-5.06564E-09 
-7.53767E-09 
-7.53767E-09 
-7.53767E-09 
-7.53767E-09 
-7.53767E-09 
-7.53767E-09 
-7.53767E-09 
-7.53767E-09 
-7.53767E-09 
-7.53767E-09 
-7.53767E-09 
-7.53767E-09 
-7.53767E-09 
-7.53767E-09 
-7.53767E-09 
-7.53767E-09 
-7.53767E-09 
-7.53767E-09 
-7.53767E-09 
-7.53767E-09 
-7.53767E-09 
-7.53767E-09 
-7.53767E-09 
-7.53767E-09 
-7.53767E-09 
-7.53767E-09 
-1.12159E-08 
-1.12159E-08 
-1.12159E-08 
-1.12159E-08 
-1.12159E-08 
-1.12159E-08 
-1.12159E-08 
-1.12159E-08 
-1.12159E-08 
-1.12159E-08 
-1.12159E-08 
-1.12159E-08 
-1.12159E-08 
-1.12159E-08 
-1.12159E-08 
-1.12159E-08 
-1.12159E-08 
-1.12159E-08 
-1.12159E-08 
-1.12159E-08 
-1.12159E-08 
-1.12159E-08 
-1.12159E-08 
-1.12159E-08 
-1.12159E-08 
-1.12159E-08 
-1.66886E-08 
-1.66886E-08 
-1.66886E-08 
-1.66886E-08 
-1.66886E-08 
-1.66886E-08 
-1.66886E-08 
-1.66886E-08 
-1.66886E-08 
-1.66886E-08 
-1.66886E-08 
-1.66886E-08 
-1.66886E-08 
-1.66886E-08 
-1.66886E-08 
-1.66886E-08 
-1.66886E-08 
-1.66886E-08 
-1.66886E-08 
-1.66886E-08 
-1.66886E-08 
-1.66886E-08 
-1.66886E-08 
-1.66886E-08 
-1.66886E-08 
-1.66886E-08 
-2.48312E-08 
-2.48312E-08 
-2.48312E-08 
-2.48312E-08 
-2.48312E-08 
-2.48312E-08 
-2.48312E-08 
-2.48312E-08 
-2.48312E-08 
-2.48312E-08 
-2.48312E-08 
-2.48312E-08 
-2.48312E-08 
-2.48312E-08 
-2.48312E-08 
-2.48312E-08 
-2.48312E-08 
-2.48312E-08 
-2.48312E-08 
-2.48312E-08 
-2.48312E-08 
-2.48312E-08 
-2.48312E-08 
-2.48312E-08 
-2.48312E-08 
-2.48312E-08 
-3.69461E-08 
-3.69461E-08 
-3.69461E-08 
-3.69461E-08 
-3.69461E-08 
-3.69461E-08 
-3.69461E-08 
-3.69461E-08 
-3.69461E-08 
-3.69461E-08 
-3.69461E-08 
-3.69461E-08 
-3.69461E-08 
-3.69461E-08 
-3.69461E-08 
-3.69461E-08 
-3.69461E-08 
-3.69461E-08 
-3.69461E-08 
-3.69461E-08 
-3.69461E-08 
-3.69461E-08 
-3.69461E-08 
-3.69461E-08 
-3.69461E-08 
-3.69461E-08 
-5.49696E-08 
-5.49696E-08 
-5.49696E-08 
-5.49696E-08 
-5.49696E-08 
-5.49696E-08 
-5.49696E-08 
-5.49696E-08 
-5.49696E-08 
-5.49696E-08 
-5.49696E-08 
-5.49696E-08 
-5.49696E-08 
-5.49696E-08 
-5.49696E-08 
-5.49696E-08 
-5.49696E-08 
-5.49696E-08 
-5.49696E-08 
-5.49696E-08 
-5.49696E-08 
-5.49696E-08 
-5.49696E-08 
-5.49696E-08 
-5.49696E-08 
-5.49696E-08 
-8.17821E-08 
-8.17821E-08 
-8.17821E-08 
-8.17821E-08 
-8.17821E-08 
-8.17821E-08 
-8.17821E-08 
-8.17821E-08 
-8.17821E-08 
-8.17821E-08 
-8.17821E-08 
-8.17821E-08 
-8.17821E-08 
-8.17821E-08 
-8.17821E-08 
-8.17821E-08 
-8.17821E-08 
-8.17821E-08 
-8.17821E-08 
-8.17821E-08 
-8.17821E-08 
-8.17821E-08 
-8.17821E-08 
-8.17821E-08 
-8.17821E-08 
-8.17821E-08 
-1.21667E-07 
-1.21667E-07 
-1.21667E-07 
-1.21667E-07 
-1.21667E-07 
-1.21667E-07 
-1.21667E-07 
-1.21667E-07 
-1.21667E-07 
-1.21667E-07 
-1.21667E-07 
-1.21667E-07 
-1.21667E-07 
-1.21667E-07 
-1.21667E-07 
-1.21667E-07 
-1.21667E-07 
-1.21667E-07 
-1.21667E-07 
-1.21667E-07 
-1.21667E-07 
-1.21667E-07 
-1.21667E-07 
-1.21667E-07 
-1.21667E-07 
-1.21667E-07 
-1.80992E-07 
-1.80992E-07 
-1.80992E-07 
-1.80992E-07 
-1.80992E-07 
-1.80992E-07 
-1.80992E-07 
-1.80992E-07 
-1.80992E-07 
-1.80992E-07 
-1.80992E-07 
-1.80992E-07 
-1.80992E-07 
-1.80992E-07 
-1.80992E-07 
-1.80992E-07 
-1.80992E-07 
-1.80992E-07 
-1.80992E-07 
-1.80992E-07 
-1.80992E-07 
-1.80992E-07 
-1.80992E-07 
-1.80992E-07 
-1.80992E-07 
-1.80992E-07 
-2.69225E-07 
-2.69225E-07 
-2.69225E-07 
-2.69225E-07 
-2.69225E-07 
-2.69225E-07 
-2.69225E-07 
-2.69225E-07 
-2.69225E-07 
-2.69225E-07 
-2.69225E-07 
-2.69225E-07 
-2.69225E-07 
-2.69225E-07 
-2.69225E-07 
-2.69225E-07 
-2.69225E-07 
-2.69225E-07 
-2.69225E-07 
-2.69225E-07 
-2.69225E-07 
-2.69225E-07 
-2.69225E-07 
-2.69225E-07 
-2.69225E-07 
-2.69225E-07 
-4.00431E-07 
-4.00431E-07 
-4.00431E-07 
-4.00431E-07 
-4.00431E-07 
-4.00431E-07 
-4.00431E-07 
-4.00431E-07 
-4.00431E-07 
-4.00431E-07 
-4.00431E-07 
-4.00431E-07 
-4.00431E-07 
-4.00431E-07 
-4.00431E-07 
-4.00431E-07 
-4.00431E-07 
-4.00431E-07 
-4.00431E-07 
-4.00431E-07 
-4.00431E-07 
-4.00431E-07 
-4.00431E-07 
-4.00431E-07 
-4.00431E-07 
-4.00431E-07 
-5.95506E-07 
-5.95506E-07 
-5.95506E-07 
-5.95506E-07 
-5.95506E-07 
-5.95506E-07 
-5.95506E-07 
-5.95506E-07 
-5.95506E-07 
-5.95506E-07 
-5.95506E-07 
-5.95506E-07 
-5.95506E-07 
-5.95506E-07 
-5.95506E-07 
-5.95506E-07 
-5.95506E-07 
-5.95506E-07 
-5.95506E-07 
-5.95506E-07 
-5.95506E-07 
-5.95506E-07 
-5.95506E-07 
-5.95506E-07 
-5.95506E-07 
-5.95506E-07 
-8.85494E-07 
-8.85494E-07 
-8.85494E-07 
-8.85494E-07 
-8.85494E-07 
-8.85494E-07 
-8.85494E-07 
-8.85494E-07 
-8.85494E-07 
-8.85494E-07 
-8.85494E-07 
-8.85494E-07 
-8.85494E-07 
-8.85494E-07 
-8.85494E-07 
-8.85494E-07 
-8.85494E-07 
-8.85494E-07 
-8.85494E-07 
-8.85494E-07 
-8.85494E-07 
-8.85494E-07 
-8.85494E-07 
-8.85494E-07 
-8.85494E-07 
-8.85494E-07 
-1.31644E-06 
-1.31644E-06 
-1.31644E-06 
-1.31644E-06 
-1.31644E-06 
-1.31644E-06 
-1.31644E-06 
-1.31644E-06 
-1.31644E-06 
-1.31644E-06 
-1.31644E-06 
-1.31644E-06 
-1.31644E-06 
-1.31644E-06 
-1.31644E-06 
-1.31644E-06 
-1.31644E-06 
-1.31644E-06 
-1.31644E-06 
-1.31644E-06 
-1.31644E-06 
-1.31644E-06 
-1.31644E-06 
-1.31644E-06 
-1.31644E-06 
-1.31644E-06 
-1.95665E-06 
-1.95665E-06 
-1.95665E-06 
-1.95665E-06 
-1.95665E-06 
-1.95665E-06 
-1.95665E-06 
-1.95665E-06 
-1.95665E-06 
-1.95665E-06 
-1.95665E-06 
-1.95665E-06 
-1.95665E-06 
-1.95665E-06 
-1.95665E-06 
-1.95665E-06 
-1.95665E-06 
-1.95665E-06 
-1.95665E-06 
-1.95665E-06 
-1.95665E-06 
-1.95665E-06 
-1.95665E-06 
-1.95665E-06 
-1.95665E-06 
-1.95665E-06 
-2.90738E-06 
-2.90738E-06 
-2.90738E-06 
-2.90738E-06 
-2.90738E-06 
-2.90738E-06 
-2.90738E-06 
-2.90738E-06 
-2.90738E-06 
-2.90738E-06 
-2.90738E-06 
-2.90738E-06 
-2.90738E-06 
-2.90738E-06 
-2.90738E-06 
-2.90738E-06 
-2.90738E-06 
-2.90738E-06 
-2.90738E-06 
-2.90738E-06 
-2.90738E-06 
-2.90738E-06 
-2.90738E-06 
-2.90738E-06 
-2.90738E-06 
-2.90738E-06 
-4.31846E-06 
-4.31846E-06 
-4.31846E-06 
-4.31846E-06 
-4.31846E-06 
-4.31846E-06 
-4.31846E-06 
-4.31846E-06 
-4.31846E-06 
-4.31846E-06 
-4.31846E-06 
-4.31846E-06 
-4.31846E-06 
-4.31846E-06 
-4.31846E-06 
-4.31846E-06 
-4.31846E-06 
-4.31846E-06 
-4.31846E-06 
-4.31846E-06 
-4.31846E-06 
-4.31846E-06 
-4.31846E-06 
-4.31846E-06 
-4.31846E-06 
-4.31846E-06 
-6.41148E-06 
-6.41148E-06 
-6.41148E-06 
-6.41148E-06 
-6.41148E-06 
-6.41148E-06 
-6.41148E-06 
-6.41148E-06 
-6.41148E-06 
-6.41148E-06 
-6.41148E-06 
-6.41148E-06 
-6.41148E-06 
-6.41148E-06 
-6.41148E-06 
-6.41148E-06 
-6.41148E-06 
-6.41148E-06 
-6.41148E-06 
-6.41148E-06 
-6.41148E-06 
-6.41148E-06 
-6.41148E-06 
-6.41148E-06 
-6.41148E-06 
-6.41148E-06 
-9.57178E-06 
-9.57178E-06 
-9.57178E-06 
-9.57178E-06 
-9.57178E-06 
-9.57178E-06 
-9.57178E-06 
-9.57178E-06 
-9.57178E-06 
-9.57178E-06 
-9.57178E-06 
-9.57178E-06 
-9.57178E-06 
-9.57178E-06 
-9.57178E-06 
-9.57178E-06 
-9.57178E-06 
-9.57178E-06 
-9.57178E-06 
-9.57178E-06 
-9.57178E-06 
-9.57178E-06 
-9.57178E-06 
-9.57178E-06 
-9.57178E-06 
-9.57178E-06 
-1.41897E-05 
-1.41897E-05 
-1.41897E-05 
-1.41897E-05 
-1.41897E-05 
-1.41897E-05 
-1.41897E-05 
-1.41897E-05 
-1.41897E-05 
-1.41897E-05 
-1.41897E-05 
-1.41897E-05 
-1.41897E-05 
-1.41897E-05 
-1.41897E-05 
-1.41897E-05 
-1.41897E-05 
-1.41897E-05 
-1.41897E-05 
-1.41897E-05 
-1.41897E-05 
-1.41897E-05 
-1.41897E-05 
-1.41897E-05 
-1.41897E-05 
-1.41897E-05 
-2.10169E-05 
-2.10169E-05 
-2.10169E-05 
-2.10169E-05 
-2.10169E-05 
-2.10169E-05 
-2.10169E-05 
-2.10169E-05 
-2.10169E-05 
-2.10169E-05 
-2.10169E-05 
-2.10169E-05 
-2.10169E-05 
-2.10169E-05 
-2.10169E-05 
-2.10169E-05 
-2.10169E-05 
-2.10169E-05 
-2.10169E-05 
-2.10169E-05 
-2.10169E-05 
-2.10169E-05 
-2.10169E-05 
-2.10169E-05 
-2.10169E-05 
-2.10169E-05 
-3.10940E-05 
-3.10940E-05 
-3.10940E-05 
-3.10940E-05 
-3.10940E-05 
-3.10940E-05 
-3.10940E-05 
-3.10940E-05 
-3.10940E-05 
-3.10940E-05 
-3.10940E-05 
-3.10940E-05 
-3.10940E-05 
-3.10940E-05 
-3.10940E-05 
-3.10940E-05 
-3.10940E-05 
-3.10940E-05 
-3.10940E-05 
-3.10940E-05 
-3.10940E-05 
-3.10940E-05 
-3.10940E-05 
-3.10940E-05 
-3.10940E-05 
-3.10940E-05 
-4.59401E-05 
-4.59401E-05 
-4.59401E-05 
-4.59401E-05 
-4.59401E-05 
-4.59401E-05 
-4.59401E-05 
-4.59401E-05 
-4.59401E-05 
-4.59401E-05 
-4.59401E-05 
-4.59401E-05 
-4.59401E-05 
-4.59401E-05 
-4.59401E-05 
-4.59401E-05 
-4.59401E-05 
-4.59401E-05 
-4.59401E-05 
-4.59401E-05 
-4.59401E-05 
-4.59401E-05 
-4.59401E-05 
-4.59401E-05 
-4.59401E-05 
-4.59401E-05 
-6.78012E-05 
-6.78012E-05 
-6.78012E-05 
-6.78012E-05 
-6.78012E-05 
-6.78012E-05 
-6.78012E-05 
-6.78012E-05 
-6.78012E-05 
-6.78012E-05 
-6.78012E-05 
-6.78012E-05 
-6.78012E-05 
-6.78012E-05 
-6.78012E-05 
-6.78012E-05 
-6.78012E-05 
-6.78012E-05 
-6.78012E-05 
-6.78012E-05 
-6.78012E-05 
-6.78012E-05 
-6.78012E-05 
-6.78012E-05 
-6.78012E-05 
-6.78012E-05 
-9.98438E-05 
-9.98438E-05 
-9.98438E-05 
-9.98438E-05 
-9.98438E-05 
-9.98438E-05 
-9.98438E-05 
-9.98438E-05 
-9.98438E-05 
-9.98438E-05 
-9.98438E-05 
-9.98438E-05 
-9.98438E-05 
-9.98438E-05 
-9.98438E-05 
-9.98438E-05 
-9.98438E-05 
-9.98438E-05 
-9.98438E-05 
-9.98438E-05 
-9.98438E-05 
-9.98438E-05 
-9.98438E-05 
-9.98438E-05 
-9.98438E-05 
-9.98438E-05 
-1.46622E-04 
-1.46622E-04 
-1.46622E-04 
-1.46622E-04 
-1.46622E-04 
-1.46622E-04 
-1.46622E-04 
-1.46622E-04 
-1.46622E-04 
-1.46622E-04 
-1.46622E-04 
-1.46622E-04 
-1.46622E-04 
-1.46622E-04 
-1.46622E-04 
-1.46622E-04 
-1.46622E-04 
-1.46622E-04 
-1.46622E-04 
-1.46622E-04 
-1.46622E-04 
-1.46622E-04 
-1.46622E-04 
-1.46622E-04 
-1.46622E-04 
-1.46622E-04 
-2.14536E-04 
-2.14536E-04 
-2.14536E-04 
-2.14536E-04 
-2.14536E-04 
-2.14536E-04 
-2.14536E-04 
-2.14536E-04 
-2.14536E-04 
-2.14536E-04 
-2.14536E-04 
-2.14536E-04 
-2.14536E-04 
-2.14536E-04 
-2.14536E-04 
-2.14536E-04 
-2.14536E-04 
-2.14536E-04 
-2.14536E-04 
-2.14536E-04 
-2.14536E-04 
-2.14536E-04 
-2.14536E-04 
-2.14536E-04 
-2.14536E-04 
-2.14536E-04 
-3.12618E-04 
-3.12618E-04 
-3.12618E-04 
-3.12618E-04 
-3.12618E-04 
-3.12618E-04 
-3.12618E-04 
-3.12618E-04 
-3.12618E-04 
-3.12618E-04 
-3.12618E-04 
-3.12618E-04 
-3.12618E-04 
-3.12618E-04 
-3.12618E-04 
-3.12618E-04 
-3.12618E-04 
-3.12618E-04 
-3.12618E-04 
-3.12618E-04 
-3.12618E-04 
-3.12618E-04 
-3.12618E-04 
-3.12618E-04 
-3.12618E-04 
-3.12618E-04 
-4.53152E-04 
-4.53152E-04 
-4.53152E-04 
-4.53152E-04 
-4.53152E-04 
-4.53152E-04 
-4.53152E-04 
-4.53152E-04 
-4.53152E-04 
-4.53152E-04 
-4.53152E-04 
-4.53152E-04 
-4.53152E-04 
-4.53152E-04 
-4.53152E-04 
-4.53152E-04 
-4.53152E-04 
-4.53152E-04 
-4.53152E-04 
-4.53152E-04 
-4.53152E-04 
-4.53152E-04 
-4.53152E-04 
-4.53152E-04 
-4.53152E-04 
-4.53152E-04 
-6.52671E-04 
-6.52671E-04 
-6.52671E-04 
-6.52671E-04 
-6.52671E-04 
-6.52671E-04 
-6.52671E-04 
-6.52671E-04 
-6.52671E-04 
-6.52671E-04 
-6.52671E-04 
-6.52671E-04 
-6.52671E-04 
-6.52671E-04 
-6.52671E-04 
-6.52671E-04 
-6.52671E-04 
-6.52671E-04 
-6.52671E-04 
-6.52671E-04 
-6.52671E-04 
-6.52671E-04 
-6.52671E-04 
-6.52671E-04 
-6.52671E-04 
-6.52671E-04 
-9.32837E-04 
-9.32837E-04 
-9.32837E-04 
-9.32837E-04 
-9.32837E-04 
-9.32837E-04 
-9.32837E-04 
-9.32837E-04 
-9.32837E-04 
-9.32837E-04 
-9.32837E-04 
-9.32837E-04 
-9.32837E-04 
-9.32837E-04 
-9.32837E-04 
-9.32837E-04 
-9.32837E-04 
-9.32837E-04 
-9.32837E-04 
-9.32837E-04 
-9.32837E-04 
-9.32837E-04 
-9.32837E-04 
-9.32837E-04 
-9.32837E-04 
-9.32837E-04 
-1.32113E-03 
-1.32113E-03 
-1.32113E-03 
-1.32113E-03 
-1.32113E-03 
-1.32113E-03 
-1.32113E-03 
-1.32113E-03 
-1.32113E-03 
-1.32113E-03 
-1.32113E-03 
-1.32113E-03 
-1.32113E-03 
-1.32113E-03 
-1.32113E-03 
-1.32113E-03 
-1.32113E-03 
-1.32113E-03 
-1.32113E-03 
-1.32113E-03 
-1.32113E-03 
-1.32113E-03 
-1.32113E-03 
-1.32113E-03 
-1.32113E-03 
-1.32113E-03 
-1.85123E-03 
-1.85123E-03 
-1.85123E-03 
-1.85123E-03 
-1.85123E-03 
-1.85123E-03 
-1.85123E-03 
-1.85123E-03 
-1.85123E-03 
-1.85123E-03 
-1.85123E-03 
-1.85123E-03 
-1.85123E-03 
-1.85123E-03 
-1.85123E-03 
-1.85123E-03 
-1.85123E-03 
-1.85123E-03 
-1.85123E-03 
-1.85123E-03 
-1.85123E-03 
-1.85123E-03 
-1.85123E-03 
-1.85123E-03 
-1.85123E-03 
-1.85123E-03 
-2.56247E-03 
-2.56247E-03 
-2.56247E-03 
-2.56247E-03 
-2.56247E-03 
-2.56247E-03 
-2.56247E-03 
-2.56247E-03 
-2.56247E-03 
-2.56247E-03 
-2.56247E-03 
-2.56247E-03 
-2.56247E-03 
-2.56247E-03 
-2.56247E-03 
-2.56247E-03 
-2.56247E-03 
-2.56247E-03 
-2.56247E-03 
-2.56247E-03 
-2.56247E-03 
-2.56247E-03 
-2.56247E-03 
-2.56247E-03 
-2.56247E-03 
-2.56247E-03 
-3.49996E-03 
-3.49996E-03 
-3.49996E-03 
-3.49996E-03 
-3.49996E-03 
-3.49996E-03 
-3.49996E-03 
-3.49996E-03 
-3.49996E-03 
-3.49996E-03 
-3.49996E-03 
-3.49996E-03 
-3.49996E-03 
-3.49996E-03 
-3.49996E-03 
-3.49996E-03 
-3.49996E-03 
-3.49996E-03 
-3.49996E-03 
-3.49996E-03 
-3.49996E-03 
-3.49996E-03 
-3.49996E-03 
-3.49996E-03 
-3.49996E-03 
-3.49996E-03 
-4.70399E-03 
-4.70399E-03 
-4.70399E-03 
-4.70399E-03 
-4.70399E-03 
-4.70399E-03 
-4.70399E-03 
-4.70399E-03 
-4.70399E-03 
-4.70399E-03 
-4.70399E-03 
-4.70399E-03 
-4.70399E-03 
-4.70399E-03 
-4.70399E-03 
-4.70399E-03 
-4.70399E-03 
-4.70399E-03 
-4.70399E-03 
-4.70399E-03 
-4.70399E-03 
-4.70399E-03 
-4.70399E-03 
-4.70399E-03 
-4.70399E-03 
-4.70399E-03 
-6.22201E-03 
-6.22201E-03 
-6.22201E-03 
-6.22201E-03 
-6.22201E-03 
-6.22201E-03 
-6.22201E-03 
-6.22201E-03 
-6.22201E-03 
-6.22201E-03 
-6.22201E-03 
-6.22201E-03 
-6.22201E-03 
-6.22201E-03 
-6.22201E-03 
-6.22201E-03 
-6.22201E-03 
-6.22201E-03 
-6.22201E-03 
-6.22201E-03 
-6.22201E-03 
-6.22201E-03 
-6.22201E-03 
-6.22201E-03 
-6.22201E-03 
-6.22201E-03 
-8.08897E-03 
-8.08897E-03 
-8.08897E-03 
-8.08897E-03 
-8.08897E-03 
-8.08897E-03 
-8.08897E-03 
-8.08897E-03 
-8.08897E-03 
-8.08897E-03 
-8.08897E-03 
-8.08897E-03 
-8.08897E-03 
-8.08897E-03 
-8.08897E-03 
-8.08897E-03 
-8.08897E-03 
-8.08897E-03 
-8.08897E-03 
-8.08897E-03 
-8.08897E-03 
-8.08897E-03 
-8.08897E-03 
-8.08897E-03 
-8.08897E-03 
-8.08897E-03 
-1.03297E-02 
-1.03297E-02 
-1.03297E-02 
-1.03297E-02 
-1.03297E-02 
-1.03297E-02 
-1.03297E-02 
-1.03297E-02 
-1.03297E-02 
-1.03297E-02 
-1.03297E-02 
-1.03297E-02 
-1.03297E-02 
-1.03297E-02 
-1.03297E-02 
-1.03297E-02 
-1.03297E-02 
-1.03297E-02 
-1.03297E-02 
-1.03297E-02 
-1.03297E-02 
-1.03297E-02 
-1.03297E-02 
-1.03297E-02 
-1.03297E-02 
-1.03297E-02 
-1.29527E-02 
-1.29527E-02 
-1.29527E-02 
-1.29527E-02 
-1.29527E-02 
-1.29527E-02 
-1.29527E-02 
-1.29527E-02 
-1.29527E-02 
-1.29527E-02 
-1.29527E-02 
-1.29527E-02 
-1.29527E-02 
-1.29527E-02 
-1.29527E-02 
-1.29527E-02 
-1.29527E-02 
-1.29527E-02 
-1.29527E-02 
-1.29527E-02 
-1.29527E-02 
-1.29527E-02 
-1.29527E-02 
-1.29527E-02 
-1.29527E-02 
-1.29527E-02 
-1.59457E-02 
-1.59457E-02 
-1.59457E-02 
-1.59457E-02 
-1.59457E-02 
-1.59457E-02 
-1.59457E-02 
-1.59457E-02 
-1.59457E-02 
-1.59457E-02 
-1.59457E-02 
-1.59457E-02 
-1.59457E-02 
-1.59457E-02 
-1.59457E-02 
-1.59457E-02 
-1.59457E-02 
-1.59457E-02 
-1.59457E-02 
-1.59457E-02 
-1.59457E-02 
-1.59457E-02 
-1.59457E-02 
-1.59457E-02 
-1.59457E-02 
-1.59457E-02 
-1.92716E-02 
-1.92716E-02 
-1.92716E-02 
-1.92716E-02 
-1.92716E-02 
-1.92716E-02 
-1.92716E-02 
-1.92716E-02 
-1.92716E-02 
-1.92716E-02 
-1.92716E-02 
-1.92716E-02 
-1.92716E-02 
-1.92716E-02 
-1.92716E-02 
-1.92716E-02 
-1.92716E-02 
-1.92716E-02 
-1.92716E-02 
-1.92716E-02 
-1.92716E-02 
-1.92716E-02 
-1.92716E-02 
-1.92716E-02 
-1.92716E-02 
-1.92716E-02 
-2.28692E-02 
-2.28692E-02 
-2.28692E-02 
-2.28692E-02 
-2.28692E-02 
-2.28692E-02 
-2.28692E-02 
-2.28692E-02 
-2.28692E-02 
-2.28692E-02 
-2.28692E-02 
-2.28692E-02 
-2.28692E-02 
-2.28692E-02 
-2.28692E-02 
-2.28692E-02 
-2.28692E-02 
-2.28692E-02 
-2.28692E-02 
-2.28692E-02 
-2.28692E-02 
-2.28692E-02 
-2.28692E-02 
-2.28692E-02 
-2.28692E-02 
-2.28692E-02 
-2.66324E-02 
-2.66324E-02 
-2.66324E-02 
-2.66324E-02 
-2.66324E-02 
-2.66324E-02 
-2.66324E-02 
-2.66324E-02 
-2.66324E-02 
-2.66324E-02 
-2.66324E-02 
-2.66324E-02 
-2.66324E-02 
-2.66324E-02 
-2.66324E-02 
-2.66324E-02 
-2.66324E-02 
-2.66324E-02 
-2.66324E-02 
-2.66324E-02 
-2.66324E-02 
-2.66324E-02 
-2.66324E-02 
-2.66324E-02 
-2.66324E-02 
-2.66324E-02 
-3.04980E-02 
-3.04980E-02 
-3.04980E-02 
-3.04980E-02 
-3.04980E-02 
-3.04980E-02 
-3.04980E-02 
-3.04980E-02 
-3.04980E-02 
-3.04980E-02 
-3.04980E-02 
-3.04980E-02 
-3.04980E-02 
-3.04980E-02 
-3.04980E-02 
-3.04980E-02 
-3.04980E-02 
-3.04980E-02 
-3.04980E-02 
-3.04980E-02 
-3.04980E-02 
-3.04980E-02 
-3.04980E-02 
-3.04980E-02 
-3.04980E-02 
-3.04980E-02 
-3.43014E-02 
-3.43014E-02 
-3.43014E-02 
-3.43014E-02 
-3.43014E-02 
-3.43014E-02 
-3.43014E-02 
-3.43014E-02 
-3.43014E-02 
-3.43014E-02 
-3.43014E-02 
-3.43014E-02 
-3.43014E-02 
-3.43014E-02 
-3.43014E-02 
-3.43014E-02 
-3.43014E-02 
-3.43014E-02 
-3.43014E-02 
-3.43014E-02 
-3.43014E-02 
-3.43014E-02 
-3.43014E-02 
-3.43014E-02 
-3.43014E-02 
-3.43014E-02 
-3.79070E-02 
-3.79070E-02 
-3.79070E-02 
-3.79070E-02 
-3.79070E-02 
-3.79070E-02 
-3.79070E-02 
-3.79070E-02 
-3.79070E-02 
-3.79070E-02 
-3.79070E-02 
-3.79070E-02 
-3.79070E-02 
-3.79070E-02 
-3.79070E-02 
-3.79070E-02 
-3.79070E-02 
-3.79070E-02 
-3.79070E-02 
-3.79070E-02 
-3.79070E-02 
-3.79070E-02 
-3.79070E-02 
-3.79070E-02 
-3.79070E-02 
-3.79070E-02 
-4.11535E-02 
-4.11535E-02 
-4.11535E-02 
-4.11535E-02 
-4.11535E-02 
-4.11535E-02 
-4.11535E-02 
-4.11535E-02 
-4.11535E-02 
-4.11535E-02 
-4.11535E-02 
-4.11535E-02 
-4.11535E-02 
-4.11535E-02 
-4.11535E-02 
-4.11535E-02 
-4.11535E-02 
-4.11535E-02 
-4.11535E-02 
-4.11535E-02 
-4.11535E-02 
-4.11535E-02 
-4.11535E-02 
-4.11535E-02 
-4.11535E-02 
-4.11535E-02 
-4.38658E-02 
-4.38658E-02 
-4.38658E-02 
-4.38658E-02 
-4.38658E-02 
-4.38658E-02 
-4.38658E-02 
-4.38658E-02 
-4.38658E-02 
-4.38658E-02 
-4.38658E-02 
-4.38658E-02 
-4.38658E-02 
-4.38658E-02 
-4.38658E-02 
-4.38658E-02 
-4.38658E-02 
-4.38658E-02 
-4.38658E-02 
-4.38658E-02 
-4.38658E-02 
-4.38658E-02 
-4.38658E-02 
-4.38658E-02 
-4.38658E-02 
-4.38658E-02 
-4.58570E-02 
-4.58570E-02 
-4.58570E-02 
-4.58570E-02 
-4.58570E-02 
-4.58570E-02 
-4.58570E-02 
-4.58570E-02 
-4.58570E-02 
-4.58570E-02 
-4.58570E-02 
-4.58570E-02 
-4.58570E-02 
-4.58570E-02 
-4.58570E-02 
-4.58570E-02 
-4.58570E-02 
-4.58570E-02 
-4.58570E-02 
-4.58570E-02 
-4.58570E-02 
-4.58570E-02 
-4.58570E-02 
-4.58570E-02 
-4.58570E-02 
-4.58570E-02 
-4.69251E-02 
-4.69251E-02 
-4.69251E-02 
-4.69251E-02 
-4.69251E-02 
-4.69251E-02 
-4.69251E-02 
-4.69251E-02 
-4.69251E-02 
-4.69251E-02 
-4.69251E-02 
-4.69251E-02 
-4.69251E-02 
-4.69251E-02 
-4.69251E-02 
-4.69251E-02 
-4.69251E-02 
-4.69251E-02 
-4.69251E-02 
-4.69251E-02 
-4.69251E-02 
-4.69251E-02 
-4.69251E-02 
-4.69251E-02 
-4.69251E-02 
-4.69251E-02 
-4.68879E-02 
-4.68879E-02 
-4.68879E-02 
-4.68879E-02 
-4.68879E-02 
-4.68879E-02 
-4.68879E-02 
-4.68879E-02 
-4.68879E-02 
-4.68879E-02 
-4.68879E-02 
-4.68879E-02 
-4.68879E-02 
-4.68879E-02 
-4.68879E-02 
-4.68879E-02 
-4.68879E-02 
-4.68879E-02 
-4.68879E-02 
-4.68879E-02 
-4.68879E-02 
-4.68879E-02 
-4.68879E-02 
-4.68879E-02 
-4.68879E-02 
-4.68879E-02 
-4.55291E-02 
-4.55291E-02 
-4.55291E-02 
-4.55291E-02 
-4.55291E-02 
-4.55291E-02 
-4.55291E-02 
-4.55291E-02 
-4.55291E-02 
-4.55291E-02 
-4.55291E-02 
-4.55291E-02 
-4.55291E-02 
-4.55291E-02 
-4.55291E-02 
-4.55291E-02 
-4.55291E-02 
-4.55291E-02 
-4.55291E-02 
-4.55291E-02 
-4.55291E-02 
-4.55291E-02 
-4.55291E-02 
-4.55291E-02 
-4.55291E-02 
-4.55291E-02 
-4.26424E-02 
-4.26424E-02 
-4.26424E-02 
-4.26424E-02 
-4.26424E-02 
-4.26424E-02 
-4.26424E-02 
-4.26424E-02 
-4.26424E-02 
-4.26424E-02 
-4.26424E-02 
-4.26424E-02 
-4.26424E-02 
-4.26424E-02 
-4.26424E-02 
-4.26424E-02 
-4.26424E-02 
-4.26424E-02 
-4.26424E-02 
-4.26424E-02 
-4.26424E-02 
-4.26424E-02 
-4.26424E-02 
-4.26424E-02 
-4.26424E-02 
-4.26424E-02 
-3.80226E-02 
-3.80226E-02 
-3.80226E-02 
-3.80226E-02 
-3.80226E-02 
-3.80226E-02 
-3.80226E-02 
-3.80226E-02 
-3.80226E-02 
-3.80226E-02 
-3.80226E-02 
-3.80226E-02 
-3.80226E-02 
-3.80226E-02 
-3.80226E-02 
-3.80226E-02 
-3.80226E-02 
-3.80226E-02 
-3.80226E-02 
-3.80226E-02 
-3.80226E-02 
-3.80226E-02 
-3.80226E-02 
-3.80226E-02 
-3.80226E-02 
-3.80226E-02 
-3.14461E-02 
-3.14461E-02 
-3.14461E-02 
-3.14461E-02 
-3.14461E-02 
-3.14461E-02 
-3.14461E-02 
-3.14461E-02 
-3.14461E-02 
-3.14461E-02 
-3.14461E-02 
-3.14461E-02 
-3.14461E-02 
-3.14461E-02 
-3.14461E-02 
-3.14461E-02 
-3.14461E-02 
-3.14461E-02 
-3.14461E-02 
-3.14461E-02 
-3.14461E-02 
-3.14461E-02 
-3.14461E-02 
-3.14461E-02 
-3.14461E-02 
-3.14461E-02 
-2.27042E-02 
-2.27042E-02 
-2.27042E-02 
-2.27042E-02 
-2.27042E-02 
-2.27042E-02 
-2.27042E-02 
-2.27042E-02 
-2.27042E-02 
-2.27042E-02 
-2.27042E-02 
-2.27042E-02 
-2.27042E-02 
-2.27042E-02 
-2.27042E-02 
-2.27042E-02 
-2.27042E-02 
-2.27042E-02 
-2.27042E-02 
-2.27042E-02 
-2.27042E-02 
-2.27042E-02 
-2.27042E-02 
-2.27042E-02 
-2.27042E-02 
-2.27042E-02 
-1.15837E-02 
-1.15837E-02 
-1.15837E-02 
-1.15837E-02 
-1.15837E-02 
-1.15837E-02 
-1.15837E-02 
-1.15837E-02 
-1.15837E-02 
-1.15837E-02 
-1.15837E-02 
-1.15837E-02 
-1.15837E-02 
-1.15837E-02 
-1.15837E-02 
-1.15837E-02 
-1.15837E-02 
-1.15837E-02 
-1.15837E-02 
-1.15837E-02 
-1.15837E-02 
-1.15837E-02 
-1.15837E-02 
-1.15837E-02 
-1.15837E-02 
-1.15837E-02 
2.13857E-03 
2.13857E-03 
2.13857E-03 
2.13857E-03 
2.13857E-03 
2.13857E-03 
2.13857E-03 
2.13857E-03 
2.13857E-03 
2.13857E-03 
2.13857E-03 
2.13857E-03 
2.13857E-03 
2.13857E-03 
2.13857E-03 
2.13857E-03 
2.13857E-03 
2.13857E-03 
2.13857E-03 
2.13857E-03 
2.13857E-03 
2.13857E-03 
2.13857E-03 
2.13857E-03 
2.13857E-03 
2.13857E-03 
1.86504E-02 
1.86504E-02 
1.86504E-02 
1.86504E-02 
1.86504E-02 
1.86504E-02 
1.86504E-02 
1.86504E-02 
1.86504E-02 
1.86504E-02 
1.86504E-02 
1.86504E-02 
1.86504E-02 
1.86504E-02 
1.86504E-02 
1.86504E-02 
1.86504E-02 
1.86504E-02 
1.86504E-02 
1.86504E-02 
1.86504E-02 
1.86504E-02 
1.86504E-02 
1.86504E-02 
1.86504E-02 
1.86504E-02 
3.82164E-02 
3.82164E-02 
3.82164E-02 
3.82164E-02 
3.82164E-02 
3.82164E-02 
3.82164E-02 
3.82164E-02 
3.82164E-02 
3.82164E-02 
3.82164E-02 
3.82164E-02 
3.82164E-02 
3.82164E-02 
3.82164E-02 
3.82164E-02 
3.82164E-02 
3.82164E-02 
3.82164E-02 
3.82164E-02 
3.82164E-02 
3.82164E-02 
3.82164E-02 
3.82164E-02 
3.82164E-02 
3.82164E-02 
6.08048E-02 
6.08048E-02 
6.08048E-02 
6.08048E-02 
6.08048E-02 
6.08048E-02 
6.08048E-02 
6.08048E-02 
6.08048E-02 
6.08048E-02 
6.08048E-02 
6.08048E-02 
6.08048E-02 
6.08048E-02 
6.08048E-02 
6.08048E-02 
6.08048E-02 
6.08048E-02 
6.08048E-02 
6.08048E-02 
6.08048E-02 
6.08048E-02 
6.08048E-02 
6.08048E-02 
6.08048E-02 
6.08048E-02 
8.70108E-02 
8.70108E-02 
8.70108E-02 
8.70108E-02 
8.70108E-02 
8.70108E-02 
8.70108E-02 
8.70108E-02 
8.70108E-02 
8.70108E-02 
8.70108E-02 
8.70108E-02 
8.70108E-02 
8.70108E-02 
8.70108E-02 
8.70108E-02 
8.70108E-02 
8.70108E-02 
8.70108E-02 
8.70108E-02 
8.70108E-02 
8.70108E-02 
8.70108E-02 
8.70108E-02 
8.70108E-02 
8.70108E-02 
1.16841E-01 
1.16841E-01 
1.16841E-01 
1.16841E-01 
1.16841E-01 
1.16841E-01 
1.16841E-01 
1.16841E-01 
1.16841E-01 
1.16841E-01 
1.16841E-01 
1.16841E-01 
1.16841E-01 
1.16841E-01 
1.16841E-01 
1.16841E-01 
1.16841E-01 
1.16841E-01 
1.16841E-01 
1.16841E-01 
1.16841E-01 
1.16841E-01 
1.16841E-01 
1.16841E-01 
1.16841E-01 
1.16841E-01 
1.50500E-01 
1.50500E-01 
1.50500E-01 
1.50500E-01 
1.50500E-01 
1.50500E-01 
1.50500E-01 
1.50500E-01 
1.50500E-01 
1.50500E-01 
1.50500E-01 
1.50500E-01 
1.50500E-01 
1.50500E-01 
1.50500E-01 
1.50500E-01 
1.50500E-01 
1.50500E-01 
1.50500E-01 
1.50500E-01 
1.50500E-01 
1.50500E-01 
1.50500E-01 
1.50500E-01 
1.50500E-01 
1.50500E-01 
1.88194E-01 
1.88194E-01 
1.88194E-01 
1.88194E-01 
1.88194E-01 
1.88194E-01 
1.88194E-01 
1.88194E-01 
1.88194E-01 
1.88194E-01 
1.88194E-01 
1.88194E-01 
1.88194E-01 
1.88194E-01 
1.88194E-01 
1.88194E-01 
1.88194E-01 
1.88194E-01 
1.88194E-01 
1.88194E-01 
1.88194E-01 
1.88194E-01 
1.88194E-01 
1.88194E-01 
1.88194E-01 
1.88194E-01 
2.30118E-01 
2.30118E-01 
2.30118E-01 
2.30118E-01 
2.30118E-01 
2.30118E-01 
2.30118E-01 
2.30118E-01 
2.30118E-01 
2.30118E-01 
2.30118E-01 
2.30118E-01 
2.30118E-01 
2.30118E-01 
2.30118E-01 
2.30118E-01 
2.30118E-01 
2.30118E-01 
2.30118E-01 
2.30118E-01 
2.30118E-01 
2.30118E-01 
2.30118E-01 
2.30118E-01 
2.30118E-01 
2.30118E-01 
2.76477E-01 
2.76477E-01 
2.76477E-01 
2.76477E-01 
2.76477E-01 
2.76477E-01 
2.76477E-01 
2.76477E-01 
2.76477E-01 
2.76477E-01 
2.76477E-01 
2.76477E-01 
2.76477E-01 
2.76477E-01 
2.76477E-01 
2.76477E-01 
2.76477E-01 
2.76477E-01 
2.76477E-01 
2.76477E-01 
2.76477E-01 
2.76477E-01 
2.76477E-01 
2.76477E-01 
2.76477E-01 
2.76477E-01 
3.27463E-01 
3.27463E-01 
3.27463E-01 
3.27463E-01 
3.27463E-01 
3.27463E-01 
3.27463E-01 
3.27463E-01 
3.27463E-01 
3.27463E-01 
3.27463E-01 
3.27463E-01 
3.27463E-01 
3.27463E-01 
3.27463E-01 
3.27463E-01 
3.27463E-01 
3.27463E-01 
3.27463E-01 
3.27463E-01 
3.27463E-01 
3.27463E-01 
3.27463E-01 
3.27463E-01 
3.27463E-01 
3.27463E-01 
3.83274E-01 
3.83274E-01 
3.83274E-01 
3.83274E-01 
3.83274E-01 
3.83274E-01 
3.83274E-01 
3.83274E-01 
3.83274E-01 
3.83274E-01 
3.83274E-01 
3.83274E-01 
3.83274E-01 
3.83274E-01 
3.83274E-01 
3.83274E-01 
3.83274E-01 
3.83274E-01 
3.83274E-01 
3.83274E-01 
3.83274E-01 
3.83274E-01 
3.83274E-01 
3.83274E-01 
3.83274E-01 
3.83274E-01 
4.44231E-01 
4.44231E-01 
4.44231E-01 
4.44231E-01 
4.44231E-01 
4.44231E-01 
4.44231E-01 
4.44231E-01 
4.44231E-01 
4.44231E-01 
4.44231E-01 
4.44231E-01 
4.44231E-01 
4.44231E-01 
4.44231E-01 
4.44231E-01 
4.44231E-01 
4.44231E-01 
4.44231E-01 
4.44231E-01 
4.44231E-01 
4.44231E-01 
4.44231E-01 
4.44231E-01 
4.44231E-01 
4.44231E-01 
5.09941E-01 
5.09941E-01 
5.09941E-01 
5.09941E-01 
5.09941E-01 
5.09941E-01 
5.09941E-01 
5.09941E-01 
5.09941E-01 
5.09941E-01 
5.09941E-01 
5.09941E-01 
5.09941E-01 
5.09941E-01 
5.09941E-01 
5.09941E-01 
5.09941E-01 
5.09941E-01 
5.09941E-01 
5.09941E-01 
5.09941E-01 
5.09941E-01 
5.09941E-01 
5.09941E-01 
5.09941E-01 
5.09941E-01 
5.81449E-01 
5.81449E-01 
5.81449E-01 
5.81449E-01 
5.81449E-01 
5.81449E-01 
5.81449E-01 
5.81449E-01 
5.81449E-01 
5.81449E-01 
5.81449E-01 
5.81449E-01 
5.81449E-01 
5.81449E-01 
5.81449E-01 
5.81449E-01 
5.81449E-01 
5.81449E-01 
5.81449E-01 
5.81449E-01 
5.81449E-01 
5.81449E-01 
5.81449E-01 
5.81449E-01 
5.81449E-01 
5.81449E-01 
6.58503E-01 
6.58503E-01 
6.58503E-01 
6.58503E-01 
6.58503E-01 
6.58503E-01 
6.58503E-01 
6.58503E-01 
6.58503E-01 
6.58503E-01 
6.58503E-01 
6.58503E-01 
6.58503E-01 
6.58503E-01 
6.58503E-01 
6.58503E-01 
6.58503E-01 
6.58503E-01 
6.58503E-01 
6.58503E-01 
6.58503E-01 
6.58503E-01 
6.58503E-01 
6.58503E-01 
6.58503E-01 
6.58503E-01 
7.41306E-01 
7.41306E-01 
7.41306E-01 
7.41306E-01 
7.41306E-01 
7.41306E-01 
7.41306E-01 
7.41306E-01 
7.41306E-01 
7.41306E-01 
7.41306E-01 
7.41306E-01 
7.41306E-01 
7.41306E-01 
7.41306E-01 
7.41306E-01 
7.41306E-01 
7.41306E-01 
7.41306E-01 
7.41306E-01 
7.41306E-01 
7.41306E-01 
7.41306E-01 
7.41306E-01 
7.41306E-01 
7.41306E-01 
8.30034E-01 
8.30034E-01 
8.30034E-01 
8.30034E-01 
8.30034E-01 
8.30034E-01 
8.30034E-01 
8.30034E-01 
8.30034E-01 
8.30034E-01 
8.30034E-01 
8.30034E-01 
8.30034E-01 
8.30034E-01 
8.30034E-01 
8.30034E-01 
8.30034E-01 
8.30034E-01 
8.30034E-01 
8.30034E-01 
8.30034E-01 
8.30034E-01 
8.30034E-01 
8.30034E-01 
8.30034E-01 
8.30034E-01 
9.24887E-01 
9.24887E-01 
9.24887E-01 
9.24887E-01 
9.24887E-01 
9.24887E-01 
9.24887E-01 
9.24887E-01 
9.24887E-01 
9.24887E-01 
9.24887E-01 
9.24887E-01 
9.24887E-01 
9.24887E-01 
9.24887E-01 
9.24887E-01 
9.24887E-01 
9.24887E-01 
9.24887E-01 
9.24887E-01 
9.24887E-01 
9.24887E-01 
9.24887E-01 
9.24887E-01 
9.24887E-01 
9.24887E-01 
1.02600E+00 
1.02600E+00 
1.02600E+00 
1.02600E+00 
1.02600E+00 
1.02600E+00 
1.02600E+00 
1.02600E+00 
1.02600E+00 
1.02600E+00 
1.02600E+00 
1.02600E+00 
1.02600E+00 
1.02600E+00 
1.02600E+00 
1.02600E+00 
1.02600E+00 
1.02600E+00 
1.02600E+00 
1.02600E+00 
1.02600E+00 
1.02600E+00 
1.02600E+00 
1.02600E+00 
1.02600E+00 
1.02600E+00 
1.13389E+00 
1.13389E+00 
1.13389E+00 
1.13389E+00 
1.13389E+00 
1.13389E+00 
1.13389E+00 
1.13389E+00 
1.13389E+00 
1.13389E+00 
1.13389E+00 
1.13389E+00 
1.13389E+00 
1.13389E+00 
1.13389E+00 
1.13389E+00 
1.13389E+00 
1.13389E+00 
1.13389E+00 
1.13389E+00 
1.13389E+00 
1.13389E+00 
1.13389E+00 
1.13389E+00 
1.13389E+00 
1.13389E+00 
1.24805E+00 
1.24805E+00 
1.24805E+00 
1.24805E+00 
1.24805E+00 
1.24805E+00 
1.24805E+00 
1.24805E+00 
1.24805E+00 
1.24805E+00 
1.24805E+00 
1.24805E+00 
1.24805E+00 
1.24805E+00 
1.24805E+00 
1.24805E+00 
1.24805E+00 
1.24805E+00 
1.24805E+00 
1.24805E+00 
1.24805E+00 
1.24805E+00 
1.24805E+00 
1.24805E+00 
1.24805E+00 
1.24805E+00 
1.36909E+00 
1.36909E+00 
1.36909E+00 
1.36909E+00 
1.36909E+00 
1.36909E+00 
1.36909E+00 
1.36909E+00 
1.36909E+00 
1.36909E+00 
1.36909E+00 
1.36909E+00 
1.36909E+00 
1.36909E+00 
1.36909E+00 
1.36909E+00 
1.36909E+00 
1.36909E+00 
1.36909E+00 
1.36909E+00 
1.36909E+00 
1.36909E+00 
1.36909E+00 
1.36909E+00 
1.36909E+00 
1.36909E+00 
1.49717E+00 
1.49717E+00 
1.49717E+00 
1.49717E+00 
1.49717E+00 
1.49717E+00 
1.49717E+00 
1.49717E+00 
1.49717E+00 
1.49717E+00 
1.49717E+00 
1.49717E+00 
1.49717E+00 
1.49717E+00 
1.49717E+00 
1.49717E+00 
1.49717E+00 
1.49717E+00 
1.49717E+00 
1.49717E+00 
1.49717E+00 
1.49717E+00 
1.49717E+00 
1.49717E+00 
1.49717E+00 
1.49717E+00 
1.63243E+00 
1.63243E+00 
1.63243E+00 
1.63243E+00 
1.63243E+00 
1.63243E+00 
1.63243E+00 
1.63243E+00 
1.63243E+00 
1.63243E+00 
1.63243E+00 
1.63243E+00 
1.63243E+00 
1.63243E+00 
1.63243E+00 
1.63243E+00 
1.63243E+00 
1.63243E+00 
1.63243E+00 
1.63243E+00 
1.63243E+00 
1.63243E+00 
1.63243E+00 
1.63243E+00 
1.63243E+00 
1.63243E+00 
1.77505E+00 
1.77505E+00 
1.77505E+00 
1.77505E+00 
1.77505E+00 
1.77505E+00 
1.77505E+00 
1.77505E+00 
1.77505E+00 
1.77505E+00 
1.77505E+00 
1.77505E+00 
1.77505E+00 
1.77505E+00 
1.77505E+00 
1.77505E+00 
1.77505E+00 
1.77505E+00 
1.77505E+00 
1.77505E+00 
1.77505E+00 
1.77505E+00 
1.77505E+00 
1.77505E+00 
1.77505E+00 
1.77505E+00 
1.92516E+00 
1.92516E+00 
1.92516E+00 
1.92516E+00 
1.92516E+00 
1.92516E+00 
1.92516E+00 
1.92516E+00 
1.92516E+00 
1.92516E+00 
1.92516E+00 
1.92516E+00 
1.92516E+00 
1.92516E+00 
1.92516E+00 
1.92516E+00 
1.92516E+00 
1.92516E+00 
1.92516E+00 
1.92516E+00 
1.92516E+00 
1.92516E+00 
1.92516E+00 
1.92516E+00 
1.92516E+00 
1.92516E+00 
2.08299E+00 
2.08299E+00 
2.08299E+00 
2.08299E+00 
2.08299E+00 
2.08299E+00 
2.08299E+00 
2.08299E+00 
2.08299E+00 
2.08299E+00 
2.08299E+00 
2.08299E+00 
2.08299E+00 
2.08299E+00 
2.08299E+00 
2.08299E+00 
2.08299E+00 
2.08299E+00 
2.08299E+00 
2.08299E+00 
2.08299E+00 
2.08299E+00 
2.08299E+00 
2.08299E+00 
2.08299E+00 
2.08299E+00 
2.24857E+00 
2.24857E+00 
2.24857E+00 
2.24857E+00 
2.24857E+00 
2.24857E+00 
2.24857E+00 
2.24857E+00 
2.24857E+00 
2.24857E+00 
2.24857E+00 
2.24857E+00 
2.24857E+00 
2.24857E+00 
2.24857E+00 
2.24857E+00 
2.24857E+00 
2.24857E+00 
2.24857E+00 
2.24857E+00 
2.24857E+00 
2.24857E+00 
2.24857E+00 
2.24857E+00 
2.24857E+00 
2.24857E+00 
---
