PdfType: replica
Format: lhagrid1
---
1.00000E-06 1.28121E-06 1.64152E-06 2.10317E-06 2.69463E-06 3.45242E-06 4.42329E-06 5.66715E-06 7.26076E-06 9.30241E-06 1.19180E-05 1.52689E-05 1.95617E-05 2.50609E-05 3.21053E-05 4.11287E-05 5.26863E-05 6.74889E-05 8.64459E-05 1.10720E-04 1.41800E-04 1.81585E-04 2.32503E-04 2.97652E-04 3.80981E-04 4.87518E-04 6.26039E-04 8.00452E-04 1.02297E-03 1.30657E-03 1.66759E-03 2.12729E-03 2.71054E-03 3.44865E-03 4.37927E-03 5.54908E-03 7.01192E-03 8.83064E-03 1.10763E-02 1.38266E-02 1.71641E-02 2.11717E-02 2.59364E-02 3.15062E-02 3.79623E-02 4.53425E-02 5.36750E-02 6.29705E-02 7.32221E-02 8.44039E-02 9.64793E-02 1.09332E-01 1.23067E-01 1.37507E-01 1.52639E-01 1.68416E-01 1.84794E-01 2.01731E-01 2.19016E-01 2.36948E-01 2.55242E-01 2.73927E-01 2.92954E-01 3.12340E-01 3.32036E-01 3.52019E-01 3.72282E-01 3.92772E-01 4.13533E-01 4.34326E-01 4.55495E-01 4.76836E-01 4.98342E-01 5.20006E-01 5.41818E-01 5.63773E-01 5.85861E-01 6.08077E-01 6.30459E-01 6.52800E-01 6.75387E-01 6.98063E-01 7.20830E-01 7.43683E-01 7.66623E-01 7.89636E-01 8.12791E-01 8.35940E-01 8.59175E-01 8.82485E-01 9.05866E-01 9.29311E-01 9.52817E-01 9.76387E-01 1.00000E+00 
1.14018E+00 1.22539E+00 1.32482E+00 1.44156E+00 1.57954E+00 1.74381E+00 1.94091E+00 2.12132E+00 2.17945E+00 2.49622E+00 2.89383E+00 3.39925E+00 4.05063E+00 4.90286E+00 6.03623E+00 7.57063E+00 9.68869E+00 1.26749E+01 1.69835E+01 2.33578E+01 3.30501E+01 4.82334E+01 7.28041E+01 1.13998E+02 1.85779E+02 3.16228E+02 
908
-8.48120E-12 
-8.48120E-12 
-8.48120E-12 
-8.48120E-12 
-8.48120E-12 
-8.48120E-12 
-8.48120E-12 
-8.48120E-12 
-8.48120E-12 
-8.48120E-12 
-8.48120E-12 
-8.48120E-12 
-8.48120E-12 
-8.48120E-12 
-8.48120E-12 
-8.48120E-12 
-8.48120E-12 
-8.48120E-12 
-8.48120E-12 
-8.48120E-12 
-8.48120E-12 
-8.48120E-12 
-8.48120E-12 
-8.48120E-12 
-8.48120E-12 
-8.48120E-12 
-1.34642E-11 
-1.34642E-11 
-1.34642E-11 
-1.34642E-11 
-1.34642E-11 
-1.34642E-11 
-1.34642E-11 
-1.34642E-11 
-1.34642E-11 
-1.34642E-11 
-1.34642E-11 
-1.34642E-11 
-1.34642E-11 
-1.34642E-11 
-1.34642E-11 
-1.34642E-11 
-1.34642E-11 
-1.34642E-11 
-1.34642E-11 
-1.34642E-11 
-1.34642E-11 
-1.34642E-11 
-1.34642E-11 
-1.34642E-11 
-1.34642E-11 
-1.34642E-11 
-2.13753E-11 
-2.13753E-11 
-2.13753E-11 
-2.13753E-11 
-2.13753E-11 
-2.13753E-11 
-2.13753E-11 
-2.13753E-11 
-2.13753E-11 
-2.13753E-11 
-2.13753E-11 
-2.13753E-11 
-2.13753E-11 
-2.13753E-11 
-2.13753E-11 
-2.13753E-11 
-2.13753E-11 
-2.13753E-11 
-2.13753E-11 
-2.13753E-11 
-2.13753E-11 
-2.13753E-11 
-2.13753E-11 
-2.13753E-11 
-2.13753E-11 
-2.13753E-11 
-3.39351E-11 
-3.39351E-11 
-3.39351E-11 
-3.39351E-11 
-3.39351E-11 
-3.39351E-11 
-3.39351E-11 
-3.39351E-11 
-3.39351E-11 
-3.39351E-11 
-3.39351E-11 
-3.39351E-11 
-3.39351E-11 
-3.39351E-11 
-3.39351E-11 
-3.39351E-11 
-3.39351E-11 
-3.39351E-11 
-3.39351E-11 
-3.39351E-11 
-3.39351E-11 
-3.39351E-11 
-3.39351E-11 
-3.39351E-11 
-3.39351E-11 
-3.39351E-11 
-5.38739E-11 
-5.38739E-11 
-5.38739E-11 
-5.38739E-11 
-5.38739E-11 
-5.38739E-11 
-5.38739E-11 
-5.38739E-11 
-5.38739E-11 
-5.38739E-11 
-5.38739E-11 
-5.38739E-11 
-5.38739E-11 
-5.38739E-11 
-5.38739E-11 
-5.38739E-11 
-5.38739E-11 
-5.38739E-11 
-5.38739E-11 
-5.38739E-11 
-5.38739E-11 
-5.38739E-11 
-5.38739E-11 
-5.38739E-11 
-5.38739E-11 
-5.38739E-11 
-8.55280E-11 
-8.55280E-11 
-8.55280E-11 
-8.55280E-11 
-8.55280E-11 
-8.55280E-11 
-8.55280E-11 
-8.55280E-11 
-8.55280E-11 
-8.55280E-11 
-8.55280E-11 
-8.55280E-11 
-8.55280E-11 
-8.55280E-11 
-8.55280E-11 
-8.55280E-11 
-8.55280E-11 
-8.55280E-11 
-8.55280E-11 
-8.55280E-11 
-8.55280E-11 
-8.55280E-11 
-8.55280E-11 
-8.55280E-11 
-8.55280E-11 
-8.55280E-11 
-1.35779E-10 
-1.35779E-10 
-1.35779E-10 
-1.35779E-10 
-1.35779E-10 
-1.35779E-10 
-1.35779E-10 
-1.35779E-10 
-1.35779E-10 
-1.35779E-10 
-1.35779E-10 
-1.35779E-10 
-1.35779E-10 
-1.35779E-10 
-1.35779E-10 
-1.35779E-10 
-1.35779E-10 
-1.35779E-10 
-1.35779E-10 
-1.35779E-10 
-1.35779E-10 
-1.35779E-10 
-1.35779E-10 
-1.35779E-10 
-1.35779E-10 
-1.35779E-10 
-2.15552E-10 
-2.15552E-10 
-2.15552E-10 
-2.15552E-10 
-2.15552E-10 
-2.15552E-10 
-2.15552E-10 
-2.15552E-10 
-2.15552E-10 
-2.15552E-10 
-2.15552E-10 
-2.15552E-10 
-2.15552E-10 
-2.15552E-10 
-2.15552E-10 
-2.15552E-10 
-2.15552E-10 
-2.15552E-10 
-2.15552E-10 
-2.15552E-10 
-2.15552E-10 
-2.15552E-10 
-2.15552E-10 
-2.15552E-10 
-2.15552E-10 
-2.15552E-10 
-3.42190E-10 
-3.42190E-10 
-3.42190E-10 
-3.42190E-10 
-3.42190E-10 
-3.42190E-10 
-3.42190E-10 
-3.42190E-10 
-3.42190E-10 
-3.42190E-10 
-3.42190E-10 
-3.42190E-10 
-3.42190E-10 
-3.42190E-10 
-3.42190E-10 
-3.42190E-10 
-3.42190E-10 
-3.42190E-10 
-3.42190E-10 
-3.42190E-10 
-3.42190E-10 
-3.42190E-10 
-3.42190E-10 
-3.42190E-10 
-3.42190E-10 
-3.42190E-10 
-5.43218E-10 
-5.43218E-10 
-5.43218E-10 
-5.43218E-10 
-5.43218E-10 
-5.43218E-10 
-5.43218E-10 
-5.43218E-10 
-5.43218E-10 
-5.43218E-10 
-5.43218E-10 
-5.43218E-10 
-5.43218E-10 
-5.43218E-10 
-5.43218E-10 
-5.43218E-10 
-5.43218E-10 
-5.43218E-10 
-5.43218E-10 
-5.43218E-10 
-5.43218E-10 
-5.43218E-10 
-5.43218E-10 
-5.43218E-10 
-5.43218E-10 
-5.43218E-10 
-8.62324E-10 
-8.62324E-10 
-8.62324E-10 
-8.62324E-10 
-8.62324E-10 
-8.62324E-10 
-8.62324E-10 
-8.62324E-10 
-8.62324E-10 
-8.62324E-10 
-8.62324E-10 
-8.62324E-10 
-8.62324E-10 
-8.62324E-10 
-8.62324E-10 
-8.62324E-10 
-8.62324E-10 
-8.62324E-10 
-8.62324E-10 
-8.62324E-10 
-8.62324E-10 
-8.62324E-10 
-8.62324E-10 
-8.62324E-10 
-8.62324E-10 
-8.62324E-10 
-1.36886E-09 
-1.36886E-09 
-1.36886E-09 
-1.36886E-09 
-1.36886E-09 
-1.36886E-09 
-1.36886E-09 
-1.36886E-09 
-1.36886E-09 
-1.36886E-09 
-1.36886E-09 
-1.36886E-09 
-1.36886E-09 
-1.36886E-09 
-1.36886E-09 
-1.36886E-09 
-1.36886E-09 
-1.36886E-09 
-1.36886E-09 
-1.36886E-09 
-1.36886E-09 
-1.36886E-09 
-1.36886E-09 
-1.36886E-09 
-1.36886E-09 
-1.36886E-09 
-2.17289E-09 
-2.17289E-09 
-2.17289E-09 
-2.17289E-09 
-2.17289E-09 
-2.17289E-09 
-2.17289E-09 
-2.17289E-09 
-2.17289E-09 
-2.17289E-09 
-2.17289E-09 
-2.17289E-09 
-2.17289E-09 
-2.17289E-09 
-2.17289E-09 
-2.17289E-09 
-2.17289E-09 
-2.17289E-09 
-2.17289E-09 
-2.17289E-09 
-2.17289E-09 
-2.17289E-09 
-2.17289E-09 
-2.17289E-09 
-2.17289E-09 
-2.17289E-09 
-3.44903E-09 
-3.44903E-09 
-3.44903E-09 
-3.44903E-09 
-3.44903E-09 
-3.44903E-09 
-3.44903E-09 
-3.44903E-09 
-3.44903E-09 
-3.44903E-09 
-3.44903E-09 
-3.44903E-09 
-3.44903E-09 
-3.44903E-09 
-3.44903E-09 
-3.44903E-09 
-3.44903E-09 
-3.44903E-09 
-3.44903E-09 
-3.44903E-09 
-3.44903E-09 
-3.44903E-09 
-3.44903E-09 
-3.44903E-09 
-3.44903E-09 
-3.44903E-09 
-5.47439E-09 
-5.47439E-09 
-5.47439E-09 
-5.47439E-09 
-5.47439E-09 
-5.47439E-09 
-5.47439E-09 
-5.47439E-09 
-5.47439E-09 
-5.47439E-09 
-5.47439E-09 
-5.47439E-09 
-5.47439E-09 
-5.47439E-09 
-5.47439E-09 
-5.47439E-09 
-5.47439E-09 
-5.47439E-09 
-5.47439E-09 
-5.47439E-09 
-5.47439E-09 
-5.47439E-09 
-5.47439E-09 
-5.47439E-09 
-5.47439E-09 
-5.47439E-09 
-8.68862E-09 
-8.68862E-09 
-8.68862E-09 
-8.68862E-09 
-8.68862E-09 
-8.68862E-09 
-8.68862E-09 
-8.68862E-09 
-8.68862E-09 
-8.68862E-09 
-8.68862E-09 
-8.68862E-09 
-8.68862E-09 
-8.68862E-09 
-8.68862E-09 
-8.68862E-09 
-8.68862E-09 
-8.68862E-09 
-8.68862E-09 
-8.68862E-09 
-8.68862E-09 
-8.68862E-09 
-8.68862E-09 
-8.68862E-09 
-8.68862E-09 
-8.68862E-09 
-1.37890E-08 
-1.37890E-08 
-1.37890E-08 
-1.37890E-08 
-1.37890E-08 
-1.37890E-08 
-1.37890E-08 
-1.37890E-08 
-1.37890E-08 
-1.37890E-08 
-1.37890E-08 
-1.37890E-08 
-1.37890E-08 
-1.37890E-08 
-1.37890E-08 
-1.37890E-08 
-1.37890E-08 
-1.37890E-08 
-1.37890E-08 
-1.37890E-08 
-1.37890E-08 
-1.37890E-08 
-1.37890E-08 
-1.37890E-08 
-1.37890E-08 
-1.37890E-08 
-2.18816E-08 
-2.18816E-08 
-2.18816E-08 
-2.18816E-08 
-2.18816E-08 
-2.18816E-08 
-2.18816E-08 
-2.18816E-08 
-2.18816E-08 
-2.18816E-08 
-2.18816E-08 
-2.18816E-08 
-2.18816E-08 
-2.18816E-08 
-2.18816E-08 
-2.18816E-08 
-2.18816E-08 
-2.18816E-08 
-2.18816E-08 
-2.18816E-08 
-2.18816E-08 
-2.18816E-08 
-2.18816E-08 
-2.18816E-08 
-2.18816E-08 
-2.18816E-08 
-3.47198E-08 
-3.47198E-08 
-3.47198E-08 
-3.47198E-08 
-3.47198E-08 
-3.47198E-08 
-3.47198E-08 
-3.47198E-08 
-3.47198E-08 
-3.47198E-08 
-3.47198E-08 
-3.47198E-08 
-3.47198E-08 
-3.47198E-08 
-3.47198E-08 
-3.47198E-08 
-3.47198E-08 
-3.47198E-08 
-3.47198E-08 
-3.47198E-08 
-3.47198E-08 
-3.47198E-08 
-3.47198E-08 
-3.47198E-08 
-3.47198E-08 
-3.47198E-08 
-5.50825E-08 
-5.50825E-08 
-5.50825E-08 
-5.50825E-08 
-5.50825E-08 
-5.50825E-08 
-5.50825E-08 
-5.50825E-08 
-5.50825E-08 
-5.50825E-08 
-5.50825E-08 
-5.50825E-08 
-5.50825E-08 
-5.50825E-08 
-5.50825E-08 
-5.50825E-08 
-5.50825E-08 
-5.50825E-08 
-5.50825E-08 
-5.50825E-08 
-5.50825E-08 
-5.50825E-08 
-5.50825E-08 
-5.50825E-08 
-5.50825E-08 
-5.50825E-08 
-8.73740E-08 
-8.73740E-08 
-8.73740E-08 
-8.73740E-08 
-8.73740E-08 
-8.73740E-08 
-8.73740E-08 
-8.73740E-08 
-8.73740E-08 
-8.73740E-08 
-8.73740E-08 
-8.73740E-08 
-8.73740E-08 
-8.73740E-08 
-8.73740E-08 
-8.73740E-08 
-8.73740E-08 
-8.73740E-08 
-8.73740E-08 
-8.73740E-08 
-8.73740E-08 
-8.73740E-08 
-8.73740E-08 
-8.73740E-08 
-8.73740E-08 
-8.73740E-08 
-1.38565E-07 
-1.38565E-07 
-1.38565E-07 
-1.38565E-07 
-1.38565E-07 
-1.38565E-07 
-1.38565E-07 
-1.38565E-07 
-1.38565E-07 
-1.38565E-07 
-1.38565E-07 
-1.38565E-07 
-1.38565E-07 
-1.38565E-07 
-1.38565E-07 
-1.38565E-07 
-1.38565E-07 
-1.38565E-07 
-1.38565E-07 
-1.38565E-07 
-1.38565E-07 
-1.38565E-07 
-1.38565E-07 
-1.38565E-07 
-1.38565E-07 
-1.38565E-07 
-2.19690E-07 
-2.19690E-07 
-2.19690E-07 
-2.19690E-07 
-2.19690E-07 
-2.19690E-07 
-2.19690E-07 
-2.19690E-07 
-2.19690E-07 
-2.19690E-07 
-2.19690E-07 
-2.19690E-07 
-2.19690E-07 
-2.19690E-07 
-2.19690E-07 
-2.19690E-07 
-2.19690E-07 
-2.19690E-07 
-2.19690E-07 
-2.19690E-07 
-2.19690E-07 
-2.19690E-07 
-2.19690E-07 
-2.19690E-07 
-2.19690E-07 
-2.19690E-07 
-3.48194E-07 
-3.48194E-07 
-3.48194E-07 
-3.48194E-07 
-3.48194E-07 
-3.48194E-07 
-3.48194E-07 
-3.48194E-07 
-3.48194E-07 
-3.48194E-07 
-3.48194E-07 
-3.48194E-07 
-3.48194E-07 
-3.48194E-07 
-3.48194E-07 
-3.48194E-07 
-3.48194E-07 
-3.48194E-07 
-3.48194E-07 
-3.48194E-07 
-3.48194E-07 
-3.48194E-07 
-3.48194E-07 
-3.48194E-07 
-3.48194E-07 
-3.48194E-07 
-5.51636E-07 
-5.51636E-07 
-5.51636E-07 
-5.51636E-07 
-5.51636E-07 
-5.51636E-07 
-5.51636E-07 
-5.51636E-07 
-5.51636E-07 
-5.51636E-07 
-5.51636E-07 
-5.51636E-07 
-5.51636E-07 
-5.51636E-07 
-5.51636E-07 
-5.51636E-07 
-5.51636E-07 
-5.51636E-07 
-5.51636E-07 
-5.51636E-07 
-5.51636E-07 
-5.51636E-07 
-5.51636E-07 
-5.51636E-07 
-5.51636E-07 
-5.51636E-07 
-8.73485E-07 
-8.73485E-07 
-8.73485E-07 
-8.73485E-07 
-8.73485E-07 
-8.73485E-07 
-8.73485E-07 
-8.73485E-07 
-8.73485E-07 
-8.73485E-07 
-8.73485E-07 
-8.73485E-07 
-8.73485E-07 
-8.73485E-07 
-8.73485E-07 
-8.73485E-07 
-8.73485E-07 
-8.73485E-07 
-8.73485E-07 
-8.73485E-07 
-8.73485E-07 
-8.73485E-07 
-8.73485E-07 
-8.73485E-07 
-8.73485E-07 
-8.73485E-07 
-1.39207E-06 
-1.39207E-06 
-1.39207E-06 
-1.39207E-06 
-1.39207E-06 
-1.39207E-06 
-1.39207E-06 
-1.39207E-06 
-1.39207E-06 
-1.39207E-06 
-1.39207E-06 
-1.39207E-06 
-1.39207E-06 
-1.39207E-06 
-1.39207E-06 
-1.39207E-06 
-1.39207E-06 
-1.39207E-06 
-1.39207E-06 
-1.39207E-06 
-1.39207E-06 
-1.39207E-06 
-1.39207E-06 
-1.39207E-06 
-1.39207E-06 
-1.39207E-06 
-2.20053E-06 
-2.20053E-06 
-2.20053E-06 
-2.20053E-06 
-2.20053E-06 
-2.20053E-06 
-2.20053E-06 
-2.20053E-06 
-2.20053E-06 
-2.20053E-06 
-2.20053E-06 
-2.20053E-06 
-2.20053E-06 
-2.20053E-06 
-2.20053E-06 
-2.20053E-06 
-2.20053E-06 
-2.20053E-06 
-2.20053E-06 
-2.20053E-06 
-2.20053E-06 
-2.20053E-06 
-2.20053E-06 
-2.20053E-06 
-2.20053E-06 
-2.20053E-06 
-3.47496E-06 
-3.47496E-06 
-3.47496E-06 
-3.47496E-06 
-3.47496E-06 
-3.47496E-06 
-3.47496E-06 
-3.47496E-06 
-3.47496E-06 
-3.47496E-06 
-3.47496E-06 
-3.47496E-06 
-3.47496E-06 
-3.47496E-06 
-3.47496E-06 
-3.47496E-06 
-3.47496E-06 
-3.47496E-06 
-3.47496E-06 
-3.47496E-06 
-3.47496E-06 
-3.47496E-06 
-3.47496E-06 
-3.47496E-06 
-3.47496E-06 
-3.47496E-06 
-5.48049E-06 
-5.48049E-06 
-5.48049E-06 
-5.48049E-06 
-5.48049E-06 
-5.48049E-06 
-5.48049E-06 
-5.48049E-06 
-5.48049E-06 
-5.48049E-06 
-5.48049E-06 
-5.48049E-06 
-5.48049E-06 
-5.48049E-06 
-5.48049E-06 
-5.48049E-06 
-5.48049E-06 
-5.48049E-06 
-5.48049E-06 
-5.48049E-06 
-5.48049E-06 
-5.48049E-06 
-5.48049E-06 
-5.48049E-06 
-5.48049E-06 
-5.48049E-06 
-8.63005E-06 
-8.63005E-06 
-8.63005E-06 
-8.63005E-06 
-8.63005E-06 
-8.63005E-06 
-8.63005E-06 
-8.63005E-06 
-8.63005E-06 
-8.63005E-06 
-8.63005E-06 
-8.63005E-06 
-8.63005E-06 
-8.63005E-06 
-8.63005E-06 
-8.63005E-06 
-8.63005E-06 
-8.63005E-06 
-8.63005E-06 
-8.63005E-06 
-8.63005E-06 
-8.63005E-06 
-8.63005E-06 
-8.63005E-06 
-8.63005E-06 
-8.63005E-06 
-1.35732E-05 
-1.35732E-05 
-1.35732E-05 
-1.35732E-05 
-1.35732E-05 
-1.35732E-05 
-1.35732E-05 
-1.35732E-05 
-1.35732E-05 
-1.35732E-05 
-1.35732E-05 
-1.35732E-05 
-1.35732E-05 
-1.35732E-05 
-1.35732E-05 
-1.35732E-05 
-1.35732E-05 
-1.35732E-05 
-1.35732E-05 
-1.35732E-05 
-1.35732E-05 
-1.35732E-05 
-1.35732E-05 
-1.35732E-05 
-1.35732E-05 
-1.35732E-05 
-2.12939E-05 
-2.12939E-05 
-2.12939E-05 
-2.12939E-05 
-2.12939E-05 
-2.12939E-05 
-2.12939E-05 
-2.12939E-05 
-2.12939E-05 
-2.12939E-05 
-2.12939E-05 
-2.12939E-05 
-2.12939E-05 
-2.12939E-05 
-2.12939E-05 
-2.12939E-05 
-2.12939E-05 
-2.12939E-05 
-2.12939E-05 
-2.12939E-05 
-2.12939E-05 
-2.12939E-05 
-2.12939E-05 
-2.12939E-05 
-2.12939E-05 
-2.12939E-05 
-3.33011E-05 
-3.33011E-05 
-3.33011E-05 
-3.33011E-05 
-3.33011E-05 
-3.33011E-05 
-3.33011E-05 
-3.33011E-05 
-3.33011E-05 
-3.33011E-05 
-3.33011E-05 
-3.33011E-05 
-3.33011E-05 
-3.33011E-05 
-3.33011E-05 
-3.33011E-05 
-3.33011E-05 
-3.33011E-05 
-3.33011E-05 
-3.33011E-05 
-3.33011E-05 
-3.33011E-05 
-3.33011E-05 
-3.33011E-05 
-3.33011E-05 
-3.33011E-05 
-5.18637E-05 
-5.18637E-05 
-5.18637E-05 
-5.18637E-05 
-5.18637E-05 
-5.18637E-05 
-5.18637E-05 
-5.18637E-05 
-5.18637E-05 
-5.18637E-05 
-5.18637E-05 
-5.18637E-05 
-5.18637E-05 
-5.18637E-05 
-5.18637E-05 
-5.18637E-05 
-5.18637E-05 
-5.18637E-05 
-5.18637E-05 
-5.18637E-05 
-5.18637E-05 
-5.18637E-05 
-5.18637E-05 
-5.18637E-05 
-5.18637E-05 
-5.18637E-05 
-8.03969E-05 
-8.03969E-05 
-8.03969E-05 
-8.03969E-05 
-8.03969E-05 
-8.03969E-05 
-8.03969E-05 
-8.03969E-05 
-8.03969E-05 
-8.03969E-05 
-8.03969E-05 
-8.03969E-05 
-8.03969E-05 
-8.03969E-05 
-8.03969E-05 
-8.03969E-05 
-8.03969E-05 
-8.03969E-05 
-8.03969E-05 
-8.03969E-05 
-8.03969E-05 
-8.03969E-05 
-8.03969E-05 
-8.03969E-05 
-8.03969E-05 
-8.03969E-05 
-1.23884E-04 
-1.23884E-04 
-1.23884E-04 
-1.23884E-04 
-1.23884E-04 
-1.23884E-04 
-1.23884E-04 
-1.23884E-04 
-1.23884E-04 
-1.23884E-04 
-1.23884E-04 
-1.23884E-04 
-1.23884E-04 
-1.23884E-04 
-1.23884E-04 
-1.23884E-04 
-1.23884E-04 
-1.23884E-04 
-1.23884E-04 
-1.23884E-04 
-1.23884E-04 
-1.23884E-04 
-1.23884E-04 
-1.23884E-04 
-1.23884E-04 
-1.23884E-04 
-1.89511E-04 
-1.89511E-04 
-1.89511E-04 
-1.89511E-04 
-1.89511E-04 
-1.89511E-04 
-1.89511E-04 
-1.89511E-04 
-1.89511E-04 
-1.89511E-04 
-1.89511E-04 
-1.89511E-04 
-1.89511E-04 
-1.89511E-04 
-1.89511E-04 
-1.89511E-04 
-1.89511E-04 
-1.89511E-04 
-1.89511E-04 
-1.89511E-04 
-1.89511E-04 
-1.89511E-04 
-1.89511E-04 
-1.89511E-04 
-1.89511E-04 
-1.89511E-04 
-2.87379E-04 
-2.87379E-04 
-2.87379E-04 
-2.87379E-04 
-2.87379E-04 
-2.87379E-04 
-2.87379E-04 
-2.87379E-04 
-2.87379E-04 
-2.87379E-04 
-2.87379E-04 
-2.87379E-04 
-2.87379E-04 
-2.87379E-04 
-2.87379E-04 
-2.87379E-04 
-2.87379E-04 
-2.87379E-04 
-2.87379E-04 
-2.87379E-04 
-2.87379E-04 
-2.87379E-04 
-2.87379E-04 
-2.87379E-04 
-2.87379E-04 
-2.87379E-04 
-4.31282E-04 
-4.31282E-04 
-4.31282E-04 
-4.31282E-04 
-4.31282E-04 
-4.31282E-04 
-4.31282E-04 
-4.31282E-04 
-4.31282E-04 
-4.31282E-04 
-4.31282E-04 
-4.31282E-04 
-4.31282E-04 
-4.31282E-04 
-4.31282E-04 
-4.31282E-04 
-4.31282E-04 
-4.31282E-04 
-4.31282E-04 
-4.31282E-04 
-4.31282E-04 
-4.31282E-04 
-4.31282E-04 
-4.31282E-04 
-4.31282E-04 
-4.31282E-04 
-6.39463E-04 
-6.39463E-04 
-6.39463E-04 
-6.39463E-04 
-6.39463E-04 
-6.39463E-04 
-6.39463E-04 
-6.39463E-04 
-6.39463E-04 
-6.39463E-04 
-6.39463E-04 
-6.39463E-04 
-6.39463E-04 
-6.39463E-04 
-6.39463E-04 
-6.39463E-04 
-6.39463E-04 
-6.39463E-04 
-6.39463E-04 
-6.39463E-04 
-6.39463E-04 
-6.39463E-04 
-6.39463E-04 
-6.39463E-04 
-6.39463E-04 
-6.39463E-04 
-9.35037E-04 
-9.35037E-04 
-9.35037E-04 
-9.35037E-04 
-9.35037E-04 
-9.35037E-04 
-9.35037E-04 
-9.35037E-04 
-9.35037E-04 
-9.35037E-04 
-9.35037E-04 
-9.35037E-04 
-9.35037E-04 
-9.35037E-04 
-9.35037E-04 
-9.35037E-04 
-9.35037E-04 
-9.35037E-04 
-9.35037E-04 
-9.35037E-04 
-9.35037E-04 
-9.35037E-04 
-9.35037E-04 
-9.35037E-04 
-9.35037E-04 
-9.35037E-04 
-1.34670E-03 
-1.34670E-03 
-1.34670E-03 
-1.34670E-03 
-1.34670E-03 
-1.34670E-03 
-1.34670E-03 
-1.34670E-03 
-1.34670E-03 
-1.34670E-03 
-1.34670E-03 
-1.34670E-03 
-1.34670E-03 
-1.34670E-03 
-1.34670E-03 
-1.34670E-03 
-1.34670E-03 
-1.34670E-03 
-1.34670E-03 
-1.34670E-03 
-1.34670E-03 
-1.34670E-03 
-1.34670E-03 
-1.34670E-03 
-1.34670E-03 
-1.34670E-03 
-1.90439E-03 
-1.90439E-03 
-1.90439E-03 
-1.90439E-03 
-1.90439E-03 
-1.90439E-03 
-1.90439E-03 
-1.90439E-03 
-1.90439E-03 
-1.90439E-03 
-1.90439E-03 
-1.90439E-03 
-1.90439E-03 
-1.90439E-03 
-1.90439E-03 
-1.90439E-03 
-1.90439E-03 
-1.90439E-03 
-1.90439E-03 
-1.90439E-03 
-1.90439E-03 
-1.90439E-03 
-1.90439E-03 
-1.90439E-03 
-1.90439E-03 
-1.90439E-03 
-2.64474E-03 
-2.64474E-03 
-2.64474E-03 
-2.64474E-03 
-2.64474E-03 
-2.64474E-03 
-2.64474E-03 
-2.64474E-03 
-2.64474E-03 
-2.64474E-03 
-2.64474E-03 
-2.64474E-03 
-2.64474E-03 
-2.64474E-03 
-2.64474E-03 
-2.64474E-03 
-2.64474E-03 
-2.64474E-03 
-2.64474E-03 
-2.64474E-03 
-2.64474E-03 
-2.64474E-03 
-2.64474E-03 
-2.64474E-03 
-2.64474E-03 
-2.64474E-03 
-3.60178E-03 
-3.60178E-03 
-3.60178E-03 
-3.60178E-03 
-3.60178E-03 
-3.60178E-03 
-3.60178E-03 
-3.60178E-03 
-3.60178E-03 
-3.60178E-03 
-3.60178E-03 
-3.60178E-03 
-3.60178E-03 
-3.60178E-03 
-3.60178E-03 
-3.60178E-03 
-3.60178E-03 
-3.60178E-03 
-3.60178E-03 
-3.60178E-03 
-3.60178E-03 
-3.60178E-03 
-3.60178E-03 
-3.60178E-03 
-3.60178E-03 
-3.60178E-03 
-4.80699E-03 
-4.80699E-03 
-4.80699E-03 
-4.80699E-03 
-4.80699E-03 
-4.80699E-03 
-4.80699E-03 
-4.80699E-03 
-4.80699E-03 
-4.80699E-03 
-4.80699E-03 
-4.80699E-03 
-4.80699E-03 
-4.80699E-03 
-4.80699E-03 
-4.80699E-03 
-4.80699E-03 
-4.80699E-03 
-4.80699E-03 
-4.80699E-03 
-4.80699E-03 
-4.80699E-03 
-4.80699E-03 
-4.80699E-03 
-4.80699E-03 
-4.80699E-03 
-6.28478E-03 
-6.28478E-03 
-6.28478E-03 
-6.28478E-03 
-6.28478E-03 
-6.28478E-03 
-6.28478E-03 
-6.28478E-03 
-6.28478E-03 
-6.28478E-03 
-6.28478E-03 
-6.28478E-03 
-6.28478E-03 
-6.28478E-03 
-6.28478E-03 
-6.28478E-03 
-6.28478E-03 
-6.28478E-03 
-6.28478E-03 
-6.28478E-03 
-6.28478E-03 
-6.28478E-03 
-6.28478E-03 
-6.28478E-03 
-6.28478E-03 
-6.28478E-03 
-8.04844E-03 
-8.04844E-03 
-8.04844E-03 
-8.04844E-03 
-8.04844E-03 
-8.04844E-03 
-8.04844E-03 
-8.04844E-03 
-8.04844E-03 
-8.04844E-03 
-8.04844E-03 
-8.04844E-03 
-8.04844E-03 
-8.04844E-03 
-8.04844E-03 
-8.04844E-03 
-8.04844E-03 
-8.04844E-03 
-8.04844E-03 
-8.04844E-03 
-8.04844E-03 
-8.04844E-03 
-8.04844E-03 
-8.04844E-03 
-8.04844E-03 
-8.04844E-03 
-1.00959E-02 
-1.00959E-02 
-1.00959E-02 
-1.00959E-02 
-1.00959E-02 
-1.00959E-02 
-1.00959E-02 
-1.00959E-02 
-1.00959E-02 
-1.00959E-02 
-1.00959E-02 
-1.00959E-02 
-1.00959E-02 
-1.00959E-02 
-1.00959E-02 
-1.00959E-02 
-1.00959E-02 
-1.00959E-02 
-1.00959E-02 
-1.00959E-02 
-1.00959E-02 
-1.00959E-02 
-1.00959E-02 
-1.00959E-02 
-1.00959E-02 
-1.00959E-02 
-1.24076E-02 
-1.24076E-02 
-1.24076E-02 
-1.24076E-02 
-1.24076E-02 
-1.24076E-02 
-1.24076E-02 
-1.24076E-02 
-1.24076E-02 
-1.24076E-02 
-1.24076E-02 
-1.24076E-02 
-1.24076E-02 
-1.24076E-02 
-1.24076E-02 
-1.24076E-02 
-1.24076E-02 
-1.24076E-02 
-1.24076E-02 
-1.24076E-02 
-1.24076E-02 
-1.24076E-02 
-1.24076E-02 
-1.24076E-02 
-1.24076E-02 
-1.24076E-02 
-1.49306E-02 
-1.49306E-02 
-1.49306E-02 
-1.49306E-02 
-1.49306E-02 
-1.49306E-02 
-1.49306E-02 
-1.49306E-02 
-1.49306E-02 
-1.49306E-02 
-1.49306E-02 
-1.49306E-02 
-1.49306E-02 
-1.49306E-02 
-1.49306E-02 
-1.49306E-02 
-1.49306E-02 
-1.49306E-02 
-1.49306E-02 
-1.49306E-02 
-1.49306E-02 
-1.49306E-02 
-1.49306E-02 
-1.49306E-02 
-1.49306E-02 
-1.49306E-02 
-1.76368E-02 
-1.76368E-02 
-1.76368E-02 
-1.76368E-02 
-1.76368E-02 
-1.76368E-02 
-1.76368E-02 
-1.76368E-02 
-1.76368E-02 
-1.76368E-02 
-1.76368E-02 
-1.76368E-02 
-1.76368E-02 
-1.76368E-02 
-1.76368E-02 
-1.76368E-02 
-1.76368E-02 
-1.76368E-02 
-1.76368E-02 
-1.76368E-02 
-1.76368E-02 
-1.76368E-02 
-1.76368E-02 
-1.76368E-02 
-1.76368E-02 
-1.76368E-02 
-2.04225E-02 
-2.04225E-02 
-2.04225E-02 
-2.04225E-02 
-2.04225E-02 
-2.04225E-02 
-2.04225E-02 
-2.04225E-02 
-2.04225E-02 
-2.04225E-02 
-2.04225E-02 
-2.04225E-02 
-2.04225E-02 
-2.04225E-02 
-2.04225E-02 
-2.04225E-02 
-2.04225E-02 
-2.04225E-02 
-2.04225E-02 
-2.04225E-02 
-2.04225E-02 
-2.04225E-02 
-2.04225E-02 
-2.04225E-02 
-2.04225E-02 
-2.04225E-02 
-2.31973E-02 
-2.31973E-02 
-2.31973E-02 
-2.31973E-02 
-2.31973E-02 
-2.31973E-02 
-2.31973E-02 
-2.31973E-02 
-2.31973E-02 
-2.31973E-02 
-2.31973E-02 
-2.31973E-02 
-2.31973E-02 
-2.31973E-02 
-2.31973E-02 
-2.31973E-02 
-2.31973E-02 
-2.31973E-02 
-2.31973E-02 
-2.31973E-02 
-2.31973E-02 
-2.31973E-02 
-2.31973E-02 
-2.31973E-02 
-2.31973E-02 
-2.31973E-02 
-2.58449E-02 
-2.58449E-02 
-2.58449E-02 
-2.58449E-02 
-2.58449E-02 
-2.58449E-02 
-2.58449E-02 
-2.58449E-02 
-2.58449E-02 
-2.58449E-02 
-2.58449E-02 
-2.58449E-02 
-2.58449E-02 
-2.58449E-02 
-2.58449E-02 
-2.58449E-02 
-2.58449E-02 
-2.58449E-02 
-2.58449E-02 
-2.58449E-02 
-2.58449E-02 
-2.58449E-02 
-2.58449E-02 
-2.58449E-02 
-2.58449E-02 
-2.58449E-02 
-2.82315E-02 
-2.82315E-02 
-2.82315E-02 
-2.82315E-02 
-2.82315E-02 
-2.82315E-02 
-2.82315E-02 
-2.82315E-02 
-2.82315E-02 
-2.82315E-02 
-2.82315E-02 
-2.82315E-02 
-2.82315E-02 
-2.82315E-02 
-2.82315E-02 
-2.82315E-02 
-2.82315E-02 
-2.82315E-02 
-2.82315E-02 
-2.82315E-02 
-2.82315E-02 
-2.82315E-02 
-2.82315E-02 
-2.82315E-02 
-2.82315E-02 
-2.82315E-02 
-3.02065E-02 
-3.02065E-02 
-3.02065E-02 
-3.02065E-02 
-3.02065E-02 
-3.02065E-02 
-3.02065E-02 
-3.02065E-02 
-3.02065E-02 
-3.02065E-02 
-3.02065E-02 
-3.02065E-02 
-3.02065E-02 
-3.02065E-02 
-3.02065E-02 
-3.02065E-02 
-3.02065E-02 
-3.02065E-02 
-3.02065E-02 
-3.02065E-02 
-3.02065E-02 
-3.02065E-02 
-3.02065E-02 
-3.02065E-02 
-3.02065E-02 
-3.02065E-02 
-3.15935E-02 
-3.15935E-02 
-3.15935E-02 
-3.15935E-02 
-3.15935E-02 
-3.15935E-02 
-3.15935E-02 
-3.15935E-02 
-3.15935E-02 
-3.15935E-02 
-3.15935E-02 
-3.15935E-02 
-3.15935E-02 
-3.15935E-02 
-3.15935E-02 
-3.15935E-02 
-3.15935E-02 
-3.15935E-02 
-3.15935E-02 
-3.15935E-02 
-3.15935E-02 
-3.15935E-02 
-3.15935E-02 
-3.15935E-02 
-3.15935E-02 
-3.15935E-02 
-3.22409E-02 
-3.22409E-02 
-3.22409E-02 
-3.22409E-02 
-3.22409E-02 
-3.22409E-02 
-3.22409E-02 
-3.22409E-02 
-3.22409E-02 
-3.22409E-02 
-3.22409E-02 
-3.22409E-02 
-3.22409E-02 
-3.22409E-02 
-3.22409E-02 
-3.22409E-02 
-3.22409E-02 
-3.22409E-02 
-3.22409E-02 
-3.22409E-02 
-3.22409E-02 
-3.22409E-02 
-3.22409E-02 
-3.22409E-02 
-3.22409E-02 
-3.22409E-02 
-3.19431E-02 
-3.19431E-02 
-3.19431E-02 
-3.19431E-02 
-3.19431E-02 
-3.19431E-02 
-3.19431E-02 
-3.19431E-02 
-3.19431E-02 
-3.19431E-02 
-3.19431E-02 
-3.19431E-02 
-3.19431E-02 
-3.19431E-02 
-3.19431E-02 
-3.19431E-02 
-3.19431E-02 
-3.19431E-02 
-3.19431E-02 
-3.19431E-02 
-3.19431E-02 
-3.19431E-02 
-3.19431E-02 
-3.19431E-02 
-3.19431E-02 
-3.19431E-02 
-3.05053E-02 
-3.05053E-02 
-3.05053E-02 
-3.05053E-02 
-3.05053E-02 
-3.05053E-02 
-3.05053E-02 
-3.05053E-02 
-3.05053E-02 
-3.05053E-02 
-3.05053E-02 
-3.05053E-02 
-3.05053E-02 
-3.05053E-02 
-3.05053E-02 
-3.05053E-02 
-3.05053E-02 
-3.05053E-02 
-3.05053E-02 
-3.05053E-02 
-3.05053E-02 
-3.05053E-02 
-3.05053E-02 
-3.05053E-02 
-3.05053E-02 
-3.05053E-02 
-2.77235E-02 
-2.77235E-02 
-2.77235E-02 
-2.77235E-02 
-2.77235E-02 
-2.77235E-02 
-2.77235E-02 
-2.77235E-02 
-2.77235E-02 
-2.77235E-02 
-2.77235E-02 
-2.77235E-02 
-2.77235E-02 
-2.77235E-02 
-2.77235E-02 
-2.77235E-02 
-2.77235E-02 
-2.77235E-02 
-2.77235E-02 
-2.77235E-02 
-2.77235E-02 
-2.77235E-02 
-2.77235E-02 
-2.77235E-02 
-2.77235E-02 
-2.77235E-02 
-2.33751E-02 
-2.33751E-02 
-2.33751E-02 
-2.33751E-02 
-2.33751E-02 
-2.33751E-02 
-2.33751E-02 
-2.33751E-02 
-2.33751E-02 
-2.33751E-02 
-2.33751E-02 
-2.33751E-02 
-2.33751E-02 
-2.33751E-02 
-2.33751E-02 
-2.33751E-02 
-2.33751E-02 
-2.33751E-02 
-2.33751E-02 
-2.33751E-02 
-2.33751E-02 
-2.33751E-02 
-2.33751E-02 
-2.33751E-02 
-2.33751E-02 
-2.33751E-02 
-1.72399E-02 
-1.72399E-02 
-1.72399E-02 
-1.72399E-02 
-1.72399E-02 
-1.72399E-02 
-1.72399E-02 
-1.72399E-02 
-1.72399E-02 
-1.72399E-02 
-1.72399E-02 
-1.72399E-02 
-1.72399E-02 
-1.72399E-02 
-1.72399E-02 
-1.72399E-02 
-1.72399E-02 
-1.72399E-02 
-1.72399E-02 
-1.72399E-02 
-1.72399E-02 
-1.72399E-02 
-1.72399E-02 
-1.72399E-02 
-1.72399E-02 
-1.72399E-02 
-9.08873E-03 
-9.08873E-03 
-9.08873E-03 
-9.08873E-03 
-9.08873E-03 
-9.08873E-03 
-9.08873E-03 
-9.08873E-03 
-9.08873E-03 
-9.08873E-03 
-9.08873E-03 
-9.08873E-03 
-9.08873E-03 
-9.08873E-03 
-9.08873E-03 
-9.08873E-03 
-9.08873E-03 
-9.08873E-03 
-9.08873E-03 
-9.08873E-03 
-9.08873E-03 
-9.08873E-03 
-9.08873E-03 
-9.08873E-03 
-9.08873E-03 
-9.08873E-03 
1.32076E-03 
1.32076E-03 
1.32076E-03 
1.32076E-03 
1.32076E-03 
1.32076E-03 
1.32076E-03 
1.32076E-03 
1.32076E-03 
1.32076E-03 
1.32076E-03 
1.32076E-03 
1.32076E-03 
1.32076E-03 
1.32076E-03 
1.32076E-03 
1.32076E-03 
1.32076E-03 
1.32076E-03 
1.32076E-03 
1.32076E-03 
1.32076E-03 
1.32076E-03 
1.32076E-03 
1.32076E-03 
1.32076E-03 
1.42093E-02 
1.42093E-02 
1.42093E-02 
1.42093E-02 
1.42093E-02 
1.42093E-02 
1.42093E-02 
1.42093E-02 
1.42093E-02 
1.42093E-02 
1.42093E-02 
1.42093E-02 
1.42093E-02 
1.42093E-02 
1.42093E-02 
1.42093E-02 
1.42093E-02 
1.42093E-02 
1.42093E-02 
1.42093E-02 
1.42093E-02 
1.42093E-02 
1.42093E-02 
1.42093E-02 
1.42093E-02 
1.42093E-02 
2.98631E-02 
2.98631E-02 
2.98631E-02 
2.98631E-02 
2.98631E-02 
2.98631E-02 
2.98631E-02 
2.98631E-02 
2.98631E-02 
2.98631E-02 
2.98631E-02 
2.98631E-02 
2.98631E-02 
2.98631E-02 
2.98631E-02 
2.98631E-02 
2.98631E-02 
2.98631E-02 
2.98631E-02 
2.98631E-02 
2.98631E-02 
2.98631E-02 
2.98631E-02 
2.98631E-02 
2.98631E-02 
2.98631E-02 
4.83320E-02 
4.83320E-02 
4.83320E-02 
4.83320E-02 
4.83320E-02 
4.83320E-02 
4.83320E-02 
4.83320E-02 
4.83320E-02 
4.83320E-02 
4.83320E-02 
4.83320E-02 
4.83320E-02 
4.83320E-02 
4.83320E-02 
4.83320E-02 
4.83320E-02 
4.83320E-02 
4.83320E-02 
4.83320E-02 
4.83320E-02 
4.83320E-02 
4.83320E-02 
4.83320E-02 
4.83320E-02 
4.83320E-02 
7.01827E-02 
7.01827E-02 
7.01827E-02 
7.01827E-02 
7.01827E-02 
7.01827E-02 
7.01827E-02 
7.01827E-02 
7.01827E-02 
7.01827E-02 
7.01827E-02 
7.01827E-02 
7.01827E-02 
7.01827E-02 
7.01827E-02 
7.01827E-02 
7.01827E-02 
7.01827E-02 
7.01827E-02 
7.01827E-02 
7.01827E-02 
7.01827E-02 
7.01827E-02 
7.01827E-02 
7.01827E-02 
7.01827E-02 
9.55061E-02 
9.55061E-02 
9.55061E-02 
9.55061E-02 
9.55061E-02 
9.55061E-02 
9.55061E-02 
9.55061E-02 
9.55061E-02 
9.55061E-02 
9.55061E-02 
9.55061E-02 
9.55061E-02 
9.55061E-02 
9.55061E-02 
9.55061E-02 
9.55061E-02 
9.55061E-02 
9.55061E-02 
9.55061E-02 
9.55061E-02 
9.55061E-02 
9.55061E-02 
9.55061E-02 
9.55061E-02 
9.55061E-02 
1.24558E-01 
1.24558E-01 
1.24558E-01 
1.24558E-01 
1.24558E-01 
1.24558E-01 
1.24558E-01 
1.24558E-01 
1.24558E-01 
1.24558E-01 
1.24558E-01 
1.24558E-01 
1.24558E-01 
1.24558E-01 
1.24558E-01 
1.24558E-01 
1.24558E-01 
1.24558E-01 
1.24558E-01 
1.24558E-01 
1.24558E-01 
1.24558E-01 
1.24558E-01 
1.24558E-01 
1.24558E-01 
1.24558E-01 
1.57597E-01 
1.57597E-01 
1.57597E-01 
1.57597E-01 
1.57597E-01 
1.57597E-01 
1.57597E-01 
1.57597E-01 
1.57597E-01 
1.57597E-01 
1.57597E-01 
1.57597E-01 
1.57597E-01 
1.57597E-01 
1.57597E-01 
1.57597E-01 
1.57597E-01 
1.57597E-01 
1.57597E-01 
1.57597E-01 
1.57597E-01 
1.57597E-01 
1.57597E-01 
1.57597E-01 
1.57597E-01 
1.57597E-01 
1.94880E-01 
1.94880E-01 
1.94880E-01 
1.94880E-01 
1.94880E-01 
1.94880E-01 
1.94880E-01 
1.94880E-01 
1.94880E-01 
1.94880E-01 
1.94880E-01 
1.94880E-01 
1.94880E-01 
1.94880E-01 
1.94880E-01 
1.94880E-01 
1.94880E-01 
1.94880E-01 
1.94880E-01 
1.94880E-01 
1.94880E-01 
1.94880E-01 
1.94880E-01 
1.94880E-01 
1.94880E-01 
1.94880E-01 
2.36673E-01 
2.36673E-01 
2.36673E-01 
2.36673E-01 
2.36673E-01 
2.36673E-01 
2.36673E-01 
2.36673E-01 
2.36673E-01 
2.36673E-01 
2.36673E-01 
2.36673E-01 
2.36673E-01 
2.36673E-01 
2.36673E-01 
2.36673E-01 
2.36673E-01 
2.36673E-01 
2.36673E-01 
2.36673E-01 
2.36673E-01 
2.36673E-01 
2.36673E-01 
2.36673E-01 
2.36673E-01 
2.36673E-01 
2.83233E-01 
2.83233E-01 
2.83233E-01 
2.83233E-01 
2.83233E-01 
2.83233E-01 
2.83233E-01 
2.83233E-01 
2.83233E-01 
2.83233E-01 
2.83233E-01 
2.83233E-01 
2.83233E-01 
2.83233E-01 
2.83233E-01 
2.83233E-01 
2.83233E-01 
2.83233E-01 
2.83233E-01 
2.83233E-01 
2.83233E-01 
2.83233E-01 
2.83233E-01 
2.83233E-01 
2.83233E-01 
2.83233E-01 
3.34829E-01 
3.34829E-01 
3.34829E-01 
3.34829E-01 
3.34829E-01 
3.34829E-01 
3.34829E-01 
3.34829E-01 
3.34829E-01 
3.34829E-01 
3.34829E-01 
3.34829E-01 
3.34829E-01 
3.34829E-01 
3.34829E-01 
3.34829E-01 
3.34829E-01 
3.34829E-01 
3.34829E-01 
3.34829E-01 
3.34829E-01 
3.34829E-01 
3.34829E-01 
3.34829E-01 
3.34829E-01 
3.34829E-01 
3.91845E-01 
3.91845E-01 
3.91845E-01 
3.91845E-01 
3.91845E-01 
3.91845E-01 
3.91845E-01 
3.91845E-01 
3.91845E-01 
3.91845E-01 
3.91845E-01 
3.91845E-01 
3.91845E-01 
3.91845E-01 
3.91845E-01 
3.91845E-01 
3.91845E-01 
3.91845E-01 
3.91845E-01 
3.91845E-01 
3.91845E-01 
3.91845E-01 
3.91845E-01 
3.91845E-01 
3.91845E-01 
3.91845E-01 
4.53996E-01 
4.53996E-01 
4.53996E-01 
4.53996E-01 
4.53996E-01 
4.53996E-01 
4.53996E-01 
4.53996E-01 
4.53996E-01 
4.53996E-01 
4.53996E-01 
4.53996E-01 
4.53996E-01 
4.53996E-01 
4.53996E-01 
4.53996E-01 
4.53996E-01 
4.53996E-01 
4.53996E-01 
4.53996E-01 
4.53996E-01 
4.53996E-01 
4.53996E-01 
4.53996E-01 
4.53996E-01 
4.53996E-01 
5.22358E-01 
5.22358E-01 
5.22358E-01 
5.22358E-01 
5.22358E-01 
5.22358E-01 
5.22358E-01 
5.22358E-01 
5.22358E-01 
5.22358E-01 
5.22358E-01 
5.22358E-01 
5.22358E-01 
5.22358E-01 
5.22358E-01 
5.22358E-01 
5.22358E-01 
5.22358E-01 
5.22358E-01 
5.22358E-01 
5.22358E-01 
5.22358E-01 
5.22358E-01 
5.22358E-01 
5.22358E-01 
5.22358E-01 
5.96785E-01 
5.96785E-01 
5.96785E-01 
5.96785E-01 
5.96785E-01 
5.96785E-01 
5.96785E-01 
5.96785E-01 
5.96785E-01 
5.96785E-01 
5.96785E-01 
5.96785E-01 
5.96785E-01 
5.96785E-01 
5.96785E-01 
5.96785E-01 
5.96785E-01 
5.96785E-01 
5.96785E-01 
5.96785E-01 
5.96785E-01 
5.96785E-01 
5.96785E-01 
5.96785E-01 
5.96785E-01 
5.96785E-01 
6.77560E-01 
6.77560E-01 
6.77560E-01 
6.77560E-01 
6.77560E-01 
6.77560E-01 
6.77560E-01 
6.77560E-01 
6.77560E-01 
6.77560E-01 
6.77560E-01 
6.77560E-01 
6.77560E-01 
6.77560E-01 
6.77560E-01 
6.77560E-01 
6.77560E-01 
6.77560E-01 
6.77560E-01 
6.77560E-01 
6.77560E-01 
6.77560E-01 
6.77560E-01 
6.77560E-01 
6.77560E-01 
6.77560E-01 
7.64947E-01 
7.64947E-01 
7.64947E-01 
7.64947E-01 
7.64947E-01 
7.64947E-01 
7.64947E-01 
7.64947E-01 
7.64947E-01 
7.64947E-01 
7.64947E-01 
7.64947E-01 
7.64947E-01 
7.64947E-01 
7.64947E-01 
7.64947E-01 
7.64947E-01 
7.64947E-01 
7.64947E-01 
7.64947E-01 
7.64947E-01 
7.64947E-01 
7.64947E-01 
7.64947E-01 
7.64947E-01 
7.64947E-01 
8.59230E-01 
8.59230E-01 
8.59230E-01 
8.59230E-01 
8.59230E-01 
8.59230E-01 
8.59230E-01 
8.59230E-01 
8.59230E-01 
8.59230E-01 
8.59230E-01 
8.59230E-01 
8.59230E-01 
8.59230E-01 
8.59230E-01 
8.59230E-01 
8.59230E-01 
8.59230E-01 
8.59230E-01 
8.59230E-01 
8.59230E-01 
8.59230E-01 
8.59230E-01 
8.59230E-01 
8.59230E-01 
8.59230E-01 
9.60634E-01 
9.60634E-01 
9.60634E-01 
9.60634E-01 
9.60634E-01 
9.60634E-01 
9.60634E-01 
9.60634E-01 
9.60634E-01 
9.60634E-01 
9.60634E-01 
9.60634E-01 
9.60634E-01 
9.60634E-01 
9.60634E-01 
9.60634E-01 
9.60634E-01 
9.60634E-01 
9.60634E-01 
9.60634E-01 
9.60634E-01 
9.60634E-01 
9.60634E-01 
9.60634E-01 
9.60634E-01 
9.60634E-01 
1.06977E+00 
1.06977E+00 
1.06977E+00 
1.06977E+00 
1.06977E+00 
1.06977E+00 
1.06977E+00 
1.06977E+00 
1.06977E+00 
1.06977E+00 
1.06977E+00 
1.06977E+00 
1.06977E+00 
1.06977E+00 
1.06977E+00 
1.06977E+00 
1.06977E+00 
1.06977E+00 
1.06977E+00 
1.06977E+00 
1.06977E+00 
1.06977E+00 
1.06977E+00 
1.06977E+00 
1.06977E+00 
1.06977E+00 
1.18622E+00 
1.18622E+00 
1.18622E+00 
1.18622E+00 
1.18622E+00 
1.18622E+00 
1.18622E+00 
1.18622E+00 
1.18622E+00 
1.18622E+00 
1.18622E+00 
1.18622E+00 
1.18622E+00 
1.18622E+00 
1.18622E+00 
1.18622E+00 
1.18622E+00 
1.18622E+00 
1.18622E+00 
1.18622E+00 
1.18622E+00 
1.18622E+00 
1.18622E+00 
1.18622E+00 
1.18622E+00 
1.18622E+00 
1.31070E+00 
1.31070E+00 
1.31070E+00 
1.31070E+00 
1.31070E+00 
1.31070E+00 
1.31070E+00 
1.31070E+00 
1.31070E+00 
1.31070E+00 
1.31070E+00 
1.31070E+00 
1.31070E+00 
1.31070E+00 
1.31070E+00 
1.31070E+00 
1.31070E+00 
1.31070E+00 
1.31070E+00 
1.31070E+00 
1.31070E+00 
1.31070E+00 
1.31070E+00 
1.31070E+00 
1.31070E+00 
1.31070E+00 
1.44345E+00 
1.44345E+00 
1.44345E+00 
1.44345E+00 
1.44345E+00 
1.44345E+00 
1.44345E+00 
1.44345E+00 
1.44345E+00 
1.44345E+00 
1.44345E+00 
1.44345E+00 
1.44345E+00 
1.44345E+00 
1.44345E+00 
1.44345E+00 
1.44345E+00 
1.44345E+00 
1.44345E+00 
1.44345E+00 
1.44345E+00 
1.44345E+00 
1.44345E+00 
1.44345E+00 
1.44345E+00 
1.44345E+00 
1.58473E+00 
1.58473E+00 
1.58473E+00 
1.58473E+00 
1.58473E+00 
1.58473E+00 
1.58473E+00 
1.58473E+00 
1.58473E+00 
1.58473E+00 
1.58473E+00 
1.58473E+00 
1.58473E+00 
1.58473E+00 
1.58473E+00 
1.58473E+00 
1.58473E+00 
1.58473E+00 
1.58473E+00 
1.58473E+00 
1.58473E+00 
1.58473E+00 
1.58473E+00 
1.58473E+00 
1.58473E+00 
1.58473E+00 
1.73480E+00 
1.73480E+00 
1.73480E+00 
1.73480E+00 
1.73480E+00 
1.73480E+00 
1.73480E+00 
1.73480E+00 
1.73480E+00 
1.73480E+00 
1.73480E+00 
1.73480E+00 
1.73480E+00 
1.73480E+00 
1.73480E+00 
1.73480E+00 
1.73480E+00 
1.73480E+00 
1.73480E+00 
1.73480E+00 
1.73480E+00 
1.73480E+00 
1.73480E+00 
1.73480E+00 
1.73480E+00 
1.73480E+00 
1.89391E+00 
1.89391E+00 
1.89391E+00 
1.89391E+00 
1.89391E+00 
1.89391E+00 
1.89391E+00 
1.89391E+00 
1.89391E+00 
1.89391E+00 
1.89391E+00 
1.89391E+00 
1.89391E+00 
1.89391E+00 
1.89391E+00 
1.89391E+00 
1.89391E+00 
1.89391E+00 
1.89391E+00 
1.89391E+00 
1.89391E+00 
1.89391E+00 
1.89391E+00 
1.89391E+00 
1.89391E+00 
1.89391E+00 
2.06238E+00 
2.06238E+00 
2.06238E+00 
2.06238E+00 
2.06238E+00 
2.06238E+00 
2.06238E+00 
2.06238E+00 
2.06238E+00 
2.06238E+00 
2.06238E+00 
2.06238E+00 
2.06238E+00 
2.06238E+00 
2.06238E+00 
2.06238E+00 
2.06238E+00 
2.06238E+00 
2.06238E+00 
2.06238E+00 
2.06238E+00 
2.06238E+00 
2.06238E+00 
2.06238E+00 
2.06238E+00 
2.06238E+00 
2.24033E+00 
2.24033E+00 
2.24033E+00 
2.24033E+00 
2.24033E+00 
2.24033E+00 
2.24033E+00 
2.24033E+00 
2.24033E+00 
2.24033E+00 
2.24033E+00 
2.24033E+00 
2.24033E+00 
2.24033E+00 
2.24033E+00 
2.24033E+00 
2.24033E+00 
2.24033E+00 
2.24033E+00 
2.24033E+00 
2.24033E+00 
2.24033E+00 
2.24033E+00 
2.24033E+00 
2.24033E+00 
2.24033E+00 
---
