PdfType: replica
Format: lhagrid1
---
1.00000E-06 1.28121E-06 1.64152E-06 2.10317E-06 2.69463E-06 3.45242E-06 4.42329E-06 5.66715E-06 7.26076E-06 9.30241E-06 1.19180E-05 1.52689E-05 1.95617E-05 2.50609E-05 3.21053E-05 4.11287E-05 5.26863E-05 6.74889E-05 8.64459E-05 1.10720E-04 1.41800E-04 1.81585E-04 2.32503E-04 2.97652E-04 3.80981E-04 4.87518E-04 6.26039E-04 8.00452E-04 1.02297E-03 1.30657E-03 1.66759E-03 2.12729E-03 2.71054E-03 3.44865E-03 4.37927E-03 5.54908E-03 7.01192E-03 8.83064E-03 1.10763E-02 1.38266E-02 1.71641E-02 2.11717E-02 2.59364E-02 3.15062E-02 3.79623E-02 4.53425E-02 5.36750E-02 6.29705E-02 7.32221E-02 8.44039E-02 9.64793E-02 1.09332E-01 1.23067E-01 1.37507E-01 1.52639E-01 1.68416E-01 1.84794E-01 2.01731E-01 2.19016E-01 2.36948E-01 2.55242E-01 2.73927E-01 2.92954E-01 3.12340E-01 3.32036E-01 3.52019E-01 3.72282E-01 3.92772E-01 4.13533E-01 4.34326E-01 4.55495E-01 4.76836E-01 4.98342E-01 5.20006E-01 5.41818E-01 5.63773E-01 5.85861E-01 6.08077E-01 6.30459E-01 6.52800E-01 6.75387E-01 6.98063E-01 7.20830E-01 7.43683E-01 7.66623E-01 7.89636E-01 8.12791E-01 8.35940E-01 8.59175E-01 8.82485E-01 9.05866E-01 9.29311E-01 9.52817E-01 9.76387E-01 1.00000E+00 
1.14018E+00 1.22539E+00 1.32482E+00 1.44156E+00 1.57954E+00 1.74381E+00 1.94091E+00 2.12132E+00 2.17945E+00 2.49622E+00 2.89383E+00 3.39925E+00 4.05063E+00 4.90286E+00 6.03623E+00 7.57063E+00 9.68869E+00 1.26749E+01 1.69835E+01 2.33578E+01 3.30501E+01 4.82334E+01 7.28041E+01 1.13998E+02 1.85779E+02 3.16228E+02 
908
-5.68015E-12 
-5.68015E-12 
-5.68015E-12 
-5.68015E-12 
-5.68015E-12 
-5.68015E-12 
-5.68015E-12 
-5.68015E-12 
-5.68015E-12 
-5.68015E-12 
-5.68015E-12 
-5.68015E-12 
-5.68015E-12 
-5.68015E-12 
-5.68015E-12 
-5.68015E-12 
-5.68015E-12 
-5.68015E-12 
-5.68015E-12 
-5.68015E-12 
-5.68015E-12 
-5.68015E-12 
-5.68015E-12 
-5.68015E-12 
-5.68015E-12 
-5.68015E-12 
-9.07756E-12 
-9.07756E-12 
-9.07756E-12 
-9.07756E-12 
-9.07756E-12 
-9.07756E-12 
-9.07756E-12 
-9.07756E-12 
-9.07756E-12 
-9.07756E-12 
-9.07756E-12 
-9.07756E-12 
-9.07756E-12 
-9.07756E-12 
-9.07756E-12 
-9.07756E-12 
-9.07756E-12 
-9.07756E-12 
-9.07756E-12 
-9.07756E-12 
-9.07756E-12 
-9.07756E-12 
-9.07756E-12 
-9.07756E-12 
-9.07756E-12 
-9.07756E-12 
-1.45074E-11 
-1.45074E-11 
-1.45074E-11 
-1.45074E-11 
-1.45074E-11 
-1.45074E-11 
-1.45074E-11 
-1.45074E-11 
-1.45074E-11 
-1.45074E-11 
-1.45074E-11 
-1.45074E-11 
-1.45074E-11 
-1.45074E-11 
-1.45074E-11 
-1.45074E-11 
-1.45074E-11 
-1.45074E-11 
-1.45074E-11 
-1.45074E-11 
-1.45074E-11 
-1.45074E-11 
-1.45074E-11 
-1.45074E-11 
-1.45074E-11 
-1.45074E-11 
-2.31853E-11 
-2.31853E-11 
-2.31853E-11 
-2.31853E-11 
-2.31853E-11 
-2.31853E-11 
-2.31853E-11 
-2.31853E-11 
-2.31853E-11 
-2.31853E-11 
-2.31853E-11 
-2.31853E-11 
-2.31853E-11 
-2.31853E-11 
-2.31853E-11 
-2.31853E-11 
-2.31853E-11 
-2.31853E-11 
-2.31853E-11 
-2.31853E-11 
-2.31853E-11 
-2.31853E-11 
-2.31853E-11 
-2.31853E-11 
-2.31853E-11 
-2.31853E-11 
-3.70535E-11 
-3.70535E-11 
-3.70535E-11 
-3.70535E-11 
-3.70535E-11 
-3.70535E-11 
-3.70535E-11 
-3.70535E-11 
-3.70535E-11 
-3.70535E-11 
-3.70535E-11 
-3.70535E-11 
-3.70535E-11 
-3.70535E-11 
-3.70535E-11 
-3.70535E-11 
-3.70535E-11 
-3.70535E-11 
-3.70535E-11 
-3.70535E-11 
-3.70535E-11 
-3.70535E-11 
-3.70535E-11 
-3.70535E-11 
-3.70535E-11 
-3.70535E-11 
-5.92169E-11 
-5.92169E-11 
-5.92169E-11 
-5.92169E-11 
-5.92169E-11 
-5.92169E-11 
-5.92169E-11 
-5.92169E-11 
-5.92169E-11 
-5.92169E-11 
-5.92169E-11 
-5.92169E-11 
-5.92169E-11 
-5.92169E-11 
-5.92169E-11 
-5.92169E-11 
-5.92169E-11 
-5.92169E-11 
-5.92169E-11 
-5.92169E-11 
-5.92169E-11 
-5.92169E-11 
-5.92169E-11 
-5.92169E-11 
-5.92169E-11 
-5.92169E-11 
-9.46360E-11 
-9.46360E-11 
-9.46360E-11 
-9.46360E-11 
-9.46360E-11 
-9.46360E-11 
-9.46360E-11 
-9.46360E-11 
-9.46360E-11 
-9.46360E-11 
-9.46360E-11 
-9.46360E-11 
-9.46360E-11 
-9.46360E-11 
-9.46360E-11 
-9.46360E-11 
-9.46360E-11 
-9.46360E-11 
-9.46360E-11 
-9.46360E-11 
-9.46360E-11 
-9.46360E-11 
-9.46360E-11 
-9.46360E-11 
-9.46360E-11 
-9.46360E-11 
-1.51238E-10 
-1.51238E-10 
-1.51238E-10 
-1.51238E-10 
-1.51238E-10 
-1.51238E-10 
-1.51238E-10 
-1.51238E-10 
-1.51238E-10 
-1.51238E-10 
-1.51238E-10 
-1.51238E-10 
-1.51238E-10 
-1.51238E-10 
-1.51238E-10 
-1.51238E-10 
-1.51238E-10 
-1.51238E-10 
-1.51238E-10 
-1.51238E-10 
-1.51238E-10 
-1.51238E-10 
-1.51238E-10 
-1.51238E-10 
-1.51238E-10 
-1.51238E-10 
-2.41693E-10 
-2.41693E-10 
-2.41693E-10 
-2.41693E-10 
-2.41693E-10 
-2.41693E-10 
-2.41693E-10 
-2.41693E-10 
-2.41693E-10 
-2.41693E-10 
-2.41693E-10 
-2.41693E-10 
-2.41693E-10 
-2.41693E-10 
-2.41693E-10 
-2.41693E-10 
-2.41693E-10 
-2.41693E-10 
-2.41693E-10 
-2.41693E-10 
-2.41693E-10 
-2.41693E-10 
-2.41693E-10 
-2.41693E-10 
-2.41693E-10 
-2.41693E-10 
-3.86240E-10 
-3.86240E-10 
-3.86240E-10 
-3.86240E-10 
-3.86240E-10 
-3.86240E-10 
-3.86240E-10 
-3.86240E-10 
-3.86240E-10 
-3.86240E-10 
-3.86240E-10 
-3.86240E-10 
-3.86240E-10 
-3.86240E-10 
-3.86240E-10 
-3.86240E-10 
-3.86240E-10 
-3.86240E-10 
-3.86240E-10 
-3.86240E-10 
-3.86240E-10 
-3.86240E-10 
-3.86240E-10 
-3.86240E-10 
-3.86240E-10 
-3.86240E-10 
-6.17221E-10 
-6.17221E-10 
-6.17221E-10 
-6.17221E-10 
-6.17221E-10 
-6.17221E-10 
-6.17221E-10 
-6.17221E-10 
-6.17221E-10 
-6.17221E-10 
-6.17221E-10 
-6.17221E-10 
-6.17221E-10 
-6.17221E-10 
-6.17221E-10 
-6.17221E-10 
-6.17221E-10 
-6.17221E-10 
-6.17221E-10 
-6.17221E-10 
-6.17221E-10 
-6.17221E-10 
-6.17221E-10 
-6.17221E-10 
-6.17221E-10 
-6.17221E-10 
-9.86314E-10 
-9.86314E-10 
-9.86314E-10 
-9.86314E-10 
-9.86314E-10 
-9.86314E-10 
-9.86314E-10 
-9.86314E-10 
-9.86314E-10 
-9.86314E-10 
-9.86314E-10 
-9.86314E-10 
-9.86314E-10 
-9.86314E-10 
-9.86314E-10 
-9.86314E-10 
-9.86314E-10 
-9.86314E-10 
-9.86314E-10 
-9.86314E-10 
-9.86314E-10 
-9.86314E-10 
-9.86314E-10 
-9.86314E-10 
-9.86314E-10 
-9.86314E-10 
-1.57608E-09 
-1.57608E-09 
-1.57608E-09 
-1.57608E-09 
-1.57608E-09 
-1.57608E-09 
-1.57608E-09 
-1.57608E-09 
-1.57608E-09 
-1.57608E-09 
-1.57608E-09 
-1.57608E-09 
-1.57608E-09 
-1.57608E-09 
-1.57608E-09 
-1.57608E-09 
-1.57608E-09 
-1.57608E-09 
-1.57608E-09 
-1.57608E-09 
-1.57608E-09 
-1.57608E-09 
-1.57608E-09 
-1.57608E-09 
-1.57608E-09 
-1.57608E-09 
-2.51840E-09 
-2.51840E-09 
-2.51840E-09 
-2.51840E-09 
-2.51840E-09 
-2.51840E-09 
-2.51840E-09 
-2.51840E-09 
-2.51840E-09 
-2.51840E-09 
-2.51840E-09 
-2.51840E-09 
-2.51840E-09 
-2.51840E-09 
-2.51840E-09 
-2.51840E-09 
-2.51840E-09 
-2.51840E-09 
-2.51840E-09 
-2.51840E-09 
-2.51840E-09 
-2.51840E-09 
-2.51840E-09 
-2.51840E-09 
-2.51840E-09 
-2.51840E-09 
-4.02391E-09 
-4.02391E-09 
-4.02391E-09 
-4.02391E-09 
-4.02391E-09 
-4.02391E-09 
-4.02391E-09 
-4.02391E-09 
-4.02391E-09 
-4.02391E-09 
-4.02391E-09 
-4.02391E-09 
-4.02391E-09 
-4.02391E-09 
-4.02391E-09 
-4.02391E-09 
-4.02391E-09 
-4.02391E-09 
-4.02391E-09 
-4.02391E-09 
-4.02391E-09 
-4.02391E-09 
-4.02391E-09 
-4.02391E-09 
-4.02391E-09 
-4.02391E-09 
-6.42907E-09 
-6.42907E-09 
-6.42907E-09 
-6.42907E-09 
-6.42907E-09 
-6.42907E-09 
-6.42907E-09 
-6.42907E-09 
-6.42907E-09 
-6.42907E-09 
-6.42907E-09 
-6.42907E-09 
-6.42907E-09 
-6.42907E-09 
-6.42907E-09 
-6.42907E-09 
-6.42907E-09 
-6.42907E-09 
-6.42907E-09 
-6.42907E-09 
-6.42907E-09 
-6.42907E-09 
-6.42907E-09 
-6.42907E-09 
-6.42907E-09 
-6.42907E-09 
-1.02711E-08 
-1.02711E-08 
-1.02711E-08 
-1.02711E-08 
-1.02711E-08 
-1.02711E-08 
-1.02711E-08 
-1.02711E-08 
-1.02711E-08 
-1.02711E-08 
-1.02711E-08 
-1.02711E-08 
-1.02711E-08 
-1.02711E-08 
-1.02711E-08 
-1.02711E-08 
-1.02711E-08 
-1.02711E-08 
-1.02711E-08 
-1.02711E-08 
-1.02711E-08 
-1.02711E-08 
-1.02711E-08 
-1.02711E-08 
-1.02711E-08 
-1.02711E-08 
-1.64076E-08 
-1.64076E-08 
-1.64076E-08 
-1.64076E-08 
-1.64076E-08 
-1.64076E-08 
-1.64076E-08 
-1.64076E-08 
-1.64076E-08 
-1.64076E-08 
-1.64076E-08 
-1.64076E-08 
-1.64076E-08 
-1.64076E-08 
-1.64076E-08 
-1.64076E-08 
-1.64076E-08 
-1.64076E-08 
-1.64076E-08 
-1.64076E-08 
-1.64076E-08 
-1.64076E-08 
-1.64076E-08 
-1.64076E-08 
-1.64076E-08 
-1.64076E-08 
-2.62074E-08 
-2.62074E-08 
-2.62074E-08 
-2.62074E-08 
-2.62074E-08 
-2.62074E-08 
-2.62074E-08 
-2.62074E-08 
-2.62074E-08 
-2.62074E-08 
-2.62074E-08 
-2.62074E-08 
-2.62074E-08 
-2.62074E-08 
-2.62074E-08 
-2.62074E-08 
-2.62074E-08 
-2.62074E-08 
-2.62074E-08 
-2.62074E-08 
-2.62074E-08 
-2.62074E-08 
-2.62074E-08 
-2.62074E-08 
-2.62074E-08 
-2.62074E-08 
-4.18544E-08 
-4.18544E-08 
-4.18544E-08 
-4.18544E-08 
-4.18544E-08 
-4.18544E-08 
-4.18544E-08 
-4.18544E-08 
-4.18544E-08 
-4.18544E-08 
-4.18544E-08 
-4.18544E-08 
-4.18544E-08 
-4.18544E-08 
-4.18544E-08 
-4.18544E-08 
-4.18544E-08 
-4.18544E-08 
-4.18544E-08 
-4.18544E-08 
-4.18544E-08 
-4.18544E-08 
-4.18544E-08 
-4.18544E-08 
-4.18544E-08 
-4.18544E-08 
-6.68328E-08 
-6.68328E-08 
-6.68328E-08 
-6.68328E-08 
-6.68328E-08 
-6.68328E-08 
-6.68328E-08 
-6.68328E-08 
-6.68328E-08 
-6.68328E-08 
-6.68328E-08 
-6.68328E-08 
-6.68328E-08 
-6.68328E-08 
-6.68328E-08 
-6.68328E-08 
-6.68328E-08 
-6.68328E-08 
-6.68328E-08 
-6.68328E-08 
-6.68328E-08 
-6.68328E-08 
-6.68328E-08 
-6.68328E-08 
-6.68328E-08 
-6.68328E-08 
-1.06694E-07 
-1.06694E-07 
-1.06694E-07 
-1.06694E-07 
-1.06694E-07 
-1.06694E-07 
-1.06694E-07 
-1.06694E-07 
-1.06694E-07 
-1.06694E-07 
-1.06694E-07 
-1.06694E-07 
-1.06694E-07 
-1.06694E-07 
-1.06694E-07 
-1.06694E-07 
-1.06694E-07 
-1.06694E-07 
-1.06694E-07 
-1.06694E-07 
-1.06694E-07 
-1.06694E-07 
-1.06694E-07 
-1.06694E-07 
-1.06694E-07 
-1.06694E-07 
-1.70283E-07 
-1.70283E-07 
-1.70283E-07 
-1.70283E-07 
-1.70283E-07 
-1.70283E-07 
-1.70283E-07 
-1.70283E-07 
-1.70283E-07 
-1.70283E-07 
-1.70283E-07 
-1.70283E-07 
-1.70283E-07 
-1.70283E-07 
-1.70283E-07 
-1.70283E-07 
-1.70283E-07 
-1.70283E-07 
-1.70283E-07 
-1.70283E-07 
-1.70283E-07 
-1.70283E-07 
-1.70283E-07 
-1.70283E-07 
-1.70283E-07 
-1.70283E-07 
-2.71679E-07 
-2.71679E-07 
-2.71679E-07 
-2.71679E-07 
-2.71679E-07 
-2.71679E-07 
-2.71679E-07 
-2.71679E-07 
-2.71679E-07 
-2.71679E-07 
-2.71679E-07 
-2.71679E-07 
-2.71679E-07 
-2.71679E-07 
-2.71679E-07 
-2.71679E-07 
-2.71679E-07 
-2.71679E-07 
-2.71679E-07 
-2.71679E-07 
-2.71679E-07 
-2.71679E-07 
-2.71679E-07 
-2.71679E-07 
-2.71679E-07 
-2.71679E-07 
-4.33267E-07 
-4.33267E-07 
-4.33267E-07 
-4.33267E-07 
-4.33267E-07 
-4.33267E-07 
-4.33267E-07 
-4.33267E-07 
-4.33267E-07 
-4.33267E-07 
-4.33267E-07 
-4.33267E-07 
-4.33267E-07 
-4.33267E-07 
-4.33267E-07 
-4.33267E-07 
-4.33267E-07 
-4.33267E-07 
-4.33267E-07 
-4.33267E-07 
-4.33267E-07 
-4.33267E-07 
-4.33267E-07 
-4.33267E-07 
-4.33267E-07 
-4.33267E-07 
-6.90595E-07 
-6.90595E-07 
-6.90595E-07 
-6.90595E-07 
-6.90595E-07 
-6.90595E-07 
-6.90595E-07 
-6.90595E-07 
-6.90595E-07 
-6.90595E-07 
-6.90595E-07 
-6.90595E-07 
-6.90595E-07 
-6.90595E-07 
-6.90595E-07 
-6.90595E-07 
-6.90595E-07 
-6.90595E-07 
-6.90595E-07 
-6.90595E-07 
-6.90595E-07 
-6.90595E-07 
-6.90595E-07 
-6.90595E-07 
-6.90595E-07 
-6.90595E-07 
-1.10798E-06 
-1.10798E-06 
-1.10798E-06 
-1.10798E-06 
-1.10798E-06 
-1.10798E-06 
-1.10798E-06 
-1.10798E-06 
-1.10798E-06 
-1.10798E-06 
-1.10798E-06 
-1.10798E-06 
-1.10798E-06 
-1.10798E-06 
-1.10798E-06 
-1.10798E-06 
-1.10798E-06 
-1.10798E-06 
-1.10798E-06 
-1.10798E-06 
-1.10798E-06 
-1.10798E-06 
-1.10798E-06 
-1.10798E-06 
-1.10798E-06 
-1.10798E-06 
-1.76298E-06 
-1.76298E-06 
-1.76298E-06 
-1.76298E-06 
-1.76298E-06 
-1.76298E-06 
-1.76298E-06 
-1.76298E-06 
-1.76298E-06 
-1.76298E-06 
-1.76298E-06 
-1.76298E-06 
-1.76298E-06 
-1.76298E-06 
-1.76298E-06 
-1.76298E-06 
-1.76298E-06 
-1.76298E-06 
-1.76298E-06 
-1.76298E-06 
-1.76298E-06 
-1.76298E-06 
-1.76298E-06 
-1.76298E-06 
-1.76298E-06 
-1.76298E-06 
-2.80227E-06 
-2.80227E-06 
-2.80227E-06 
-2.80227E-06 
-2.80227E-06 
-2.80227E-06 
-2.80227E-06 
-2.80227E-06 
-2.80227E-06 
-2.80227E-06 
-2.80227E-06 
-2.80227E-06 
-2.80227E-06 
-2.80227E-06 
-2.80227E-06 
-2.80227E-06 
-2.80227E-06 
-2.80227E-06 
-2.80227E-06 
-2.80227E-06 
-2.80227E-06 
-2.80227E-06 
-2.80227E-06 
-2.80227E-06 
-2.80227E-06 
-2.80227E-06 
-4.44846E-06 
-4.44846E-06 
-4.44846E-06 
-4.44846E-06 
-4.44846E-06 
-4.44846E-06 
-4.44846E-06 
-4.44846E-06 
-4.44846E-06 
-4.44846E-06 
-4.44846E-06 
-4.44846E-06 
-4.44846E-06 
-4.44846E-06 
-4.44846E-06 
-4.44846E-06 
-4.44846E-06 
-4.44846E-06 
-4.44846E-06 
-4.44846E-06 
-4.44846E-06 
-4.44846E-06 
-4.44846E-06 
-4.44846E-06 
-4.44846E-06 
-4.44846E-06 
-7.05047E-06 
-7.05047E-06 
-7.05047E-06 
-7.05047E-06 
-7.05047E-06 
-7.05047E-06 
-7.05047E-06 
-7.05047E-06 
-7.05047E-06 
-7.05047E-06 
-7.05047E-06 
-7.05047E-06 
-7.05047E-06 
-7.05047E-06 
-7.05047E-06 
-7.05047E-06 
-7.05047E-06 
-7.05047E-06 
-7.05047E-06 
-7.05047E-06 
-7.05047E-06 
-7.05047E-06 
-7.05047E-06 
-7.05047E-06 
-7.05047E-06 
-7.05047E-06 
-1.11606E-05 
-1.11606E-05 
-1.11606E-05 
-1.11606E-05 
-1.11606E-05 
-1.11606E-05 
-1.11606E-05 
-1.11606E-05 
-1.11606E-05 
-1.11606E-05 
-1.11606E-05 
-1.11606E-05 
-1.11606E-05 
-1.11606E-05 
-1.11606E-05 
-1.11606E-05 
-1.11606E-05 
-1.11606E-05 
-1.11606E-05 
-1.11606E-05 
-1.11606E-05 
-1.11606E-05 
-1.11606E-05 
-1.11606E-05 
-1.11606E-05 
-1.11606E-05 
-1.76214E-05 
-1.76214E-05 
-1.76214E-05 
-1.76214E-05 
-1.76214E-05 
-1.76214E-05 
-1.76214E-05 
-1.76214E-05 
-1.76214E-05 
-1.76214E-05 
-1.76214E-05 
-1.76214E-05 
-1.76214E-05 
-1.76214E-05 
-1.76214E-05 
-1.76214E-05 
-1.76214E-05 
-1.76214E-05 
-1.76214E-05 
-1.76214E-05 
-1.76214E-05 
-1.76214E-05 
-1.76214E-05 
-1.76214E-05 
-1.76214E-05 
-1.76214E-05 
-2.77327E-05 
-2.77327E-05 
-2.77327E-05 
-2.77327E-05 
-2.77327E-05 
-2.77327E-05 
-2.77327E-05 
-2.77327E-05 
-2.77327E-05 
-2.77327E-05 
-2.77327E-05 
-2.77327E-05 
-2.77327E-05 
-2.77327E-05 
-2.77327E-05 
-2.77327E-05 
-2.77327E-05 
-2.77327E-05 
-2.77327E-05 
-2.77327E-05 
-2.77327E-05 
-2.77327E-05 
-2.77327E-05 
-2.77327E-05 
-2.77327E-05 
-2.77327E-05 
-4.34618E-05 
-4.34618E-05 
-4.34618E-05 
-4.34618E-05 
-4.34618E-05 
-4.34618E-05 
-4.34618E-05 
-4.34618E-05 
-4.34618E-05 
-4.34618E-05 
-4.34618E-05 
-4.34618E-05 
-4.34618E-05 
-4.34618E-05 
-4.34618E-05 
-4.34618E-05 
-4.34618E-05 
-4.34618E-05 
-4.34618E-05 
-4.34618E-05 
-4.34618E-05 
-4.34618E-05 
-4.34618E-05 
-4.34618E-05 
-4.34618E-05 
-4.34618E-05 
-6.77878E-05 
-6.77878E-05 
-6.77878E-05 
-6.77878E-05 
-6.77878E-05 
-6.77878E-05 
-6.77878E-05 
-6.77878E-05 
-6.77878E-05 
-6.77878E-05 
-6.77878E-05 
-6.77878E-05 
-6.77878E-05 
-6.77878E-05 
-6.77878E-05 
-6.77878E-05 
-6.77878E-05 
-6.77878E-05 
-6.77878E-05 
-6.77878E-05 
-6.77878E-05 
-6.77878E-05 
-6.77878E-05 
-6.77878E-05 
-6.77878E-05 
-6.77878E-05 
-1.05085E-04 
-1.05085E-04 
-1.05085E-04 
-1.05085E-04 
-1.05085E-04 
-1.05085E-04 
-1.05085E-04 
-1.05085E-04 
-1.05085E-04 
-1.05085E-04 
-1.05085E-04 
-1.05085E-04 
-1.05085E-04 
-1.05085E-04 
-1.05085E-04 
-1.05085E-04 
-1.05085E-04 
-1.05085E-04 
-1.05085E-04 
-1.05085E-04 
-1.05085E-04 
-1.05085E-04 
-1.05085E-04 
-1.05085E-04 
-1.05085E-04 
-1.05085E-04 
-1.61697E-04 
-1.61697E-04 
-1.61697E-04 
-1.61697E-04 
-1.61697E-04 
-1.61697E-04 
-1.61697E-04 
-1.61697E-04 
-1.61697E-04 
-1.61697E-04 
-1.61697E-04 
-1.61697E-04 
-1.61697E-04 
-1.61697E-04 
-1.61697E-04 
-1.61697E-04 
-1.61697E-04 
-1.61697E-04 
-1.61697E-04 
-1.61697E-04 
-1.61697E-04 
-1.61697E-04 
-1.61697E-04 
-1.61697E-04 
-1.61697E-04 
-1.61697E-04 
-2.46594E-04 
-2.46594E-04 
-2.46594E-04 
-2.46594E-04 
-2.46594E-04 
-2.46594E-04 
-2.46594E-04 
-2.46594E-04 
-2.46594E-04 
-2.46594E-04 
-2.46594E-04 
-2.46594E-04 
-2.46594E-04 
-2.46594E-04 
-2.46594E-04 
-2.46594E-04 
-2.46594E-04 
-2.46594E-04 
-2.46594E-04 
-2.46594E-04 
-2.46594E-04 
-2.46594E-04 
-2.46594E-04 
-2.46594E-04 
-2.46594E-04 
-2.46594E-04 
-3.72093E-04 
-3.72093E-04 
-3.72093E-04 
-3.72093E-04 
-3.72093E-04 
-3.72093E-04 
-3.72093E-04 
-3.72093E-04 
-3.72093E-04 
-3.72093E-04 
-3.72093E-04 
-3.72093E-04 
-3.72093E-04 
-3.72093E-04 
-3.72093E-04 
-3.72093E-04 
-3.72093E-04 
-3.72093E-04 
-3.72093E-04 
-3.72093E-04 
-3.72093E-04 
-3.72093E-04 
-3.72093E-04 
-3.72093E-04 
-3.72093E-04 
-3.72093E-04 
-5.54561E-04 
-5.54561E-04 
-5.54561E-04 
-5.54561E-04 
-5.54561E-04 
-5.54561E-04 
-5.54561E-04 
-5.54561E-04 
-5.54561E-04 
-5.54561E-04 
-5.54561E-04 
-5.54561E-04 
-5.54561E-04 
-5.54561E-04 
-5.54561E-04 
-5.54561E-04 
-5.54561E-04 
-5.54561E-04 
-5.54561E-04 
-5.54561E-04 
-5.54561E-04 
-5.54561E-04 
-5.54561E-04 
-5.54561E-04 
-5.54561E-04 
-5.54561E-04 
-8.14837E-04 
-8.14837E-04 
-8.14837E-04 
-8.14837E-04 
-8.14837E-04 
-8.14837E-04 
-8.14837E-04 
-8.14837E-04 
-8.14837E-04 
-8.14837E-04 
-8.14837E-04 
-8.14837E-04 
-8.14837E-04 
-8.14837E-04 
-8.14837E-04 
-8.14837E-04 
-8.14837E-04 
-8.14837E-04 
-8.14837E-04 
-8.14837E-04 
-8.14837E-04 
-8.14837E-04 
-8.14837E-04 
-8.14837E-04 
-8.14837E-04 
-8.14837E-04 
-1.17887E-03 
-1.17887E-03 
-1.17887E-03 
-1.17887E-03 
-1.17887E-03 
-1.17887E-03 
-1.17887E-03 
-1.17887E-03 
-1.17887E-03 
-1.17887E-03 
-1.17887E-03 
-1.17887E-03 
-1.17887E-03 
-1.17887E-03 
-1.17887E-03 
-1.17887E-03 
-1.17887E-03 
-1.17887E-03 
-1.17887E-03 
-1.17887E-03 
-1.17887E-03 
-1.17887E-03 
-1.17887E-03 
-1.17887E-03 
-1.17887E-03 
-1.17887E-03 
-1.67388E-03 
-1.67388E-03 
-1.67388E-03 
-1.67388E-03 
-1.67388E-03 
-1.67388E-03 
-1.67388E-03 
-1.67388E-03 
-1.67388E-03 
-1.67388E-03 
-1.67388E-03 
-1.67388E-03 
-1.67388E-03 
-1.67388E-03 
-1.67388E-03 
-1.67388E-03 
-1.67388E-03 
-1.67388E-03 
-1.67388E-03 
-1.67388E-03 
-1.67388E-03 
-1.67388E-03 
-1.67388E-03 
-1.67388E-03 
-1.67388E-03 
-1.67388E-03 
-2.33306E-03 
-2.33306E-03 
-2.33306E-03 
-2.33306E-03 
-2.33306E-03 
-2.33306E-03 
-2.33306E-03 
-2.33306E-03 
-2.33306E-03 
-2.33306E-03 
-2.33306E-03 
-2.33306E-03 
-2.33306E-03 
-2.33306E-03 
-2.33306E-03 
-2.33306E-03 
-2.33306E-03 
-2.33306E-03 
-2.33306E-03 
-2.33306E-03 
-2.33306E-03 
-2.33306E-03 
-2.33306E-03 
-2.33306E-03 
-2.33306E-03 
-2.33306E-03 
-3.18727E-03 
-3.18727E-03 
-3.18727E-03 
-3.18727E-03 
-3.18727E-03 
-3.18727E-03 
-3.18727E-03 
-3.18727E-03 
-3.18727E-03 
-3.18727E-03 
-3.18727E-03 
-3.18727E-03 
-3.18727E-03 
-3.18727E-03 
-3.18727E-03 
-3.18727E-03 
-3.18727E-03 
-3.18727E-03 
-3.18727E-03 
-3.18727E-03 
-3.18727E-03 
-3.18727E-03 
-3.18727E-03 
-3.18727E-03 
-3.18727E-03 
-3.18727E-03 
-4.26477E-03 
-4.26477E-03 
-4.26477E-03 
-4.26477E-03 
-4.26477E-03 
-4.26477E-03 
-4.26477E-03 
-4.26477E-03 
-4.26477E-03 
-4.26477E-03 
-4.26477E-03 
-4.26477E-03 
-4.26477E-03 
-4.26477E-03 
-4.26477E-03 
-4.26477E-03 
-4.26477E-03 
-4.26477E-03 
-4.26477E-03 
-4.26477E-03 
-4.26477E-03 
-4.26477E-03 
-4.26477E-03 
-4.26477E-03 
-4.26477E-03 
-4.26477E-03 
-5.58695E-03 
-5.58695E-03 
-5.58695E-03 
-5.58695E-03 
-5.58695E-03 
-5.58695E-03 
-5.58695E-03 
-5.58695E-03 
-5.58695E-03 
-5.58695E-03 
-5.58695E-03 
-5.58695E-03 
-5.58695E-03 
-5.58695E-03 
-5.58695E-03 
-5.58695E-03 
-5.58695E-03 
-5.58695E-03 
-5.58695E-03 
-5.58695E-03 
-5.58695E-03 
-5.58695E-03 
-5.58695E-03 
-5.58695E-03 
-5.58695E-03 
-5.58695E-03 
-7.16437E-03 
-7.16437E-03 
-7.16437E-03 
-7.16437E-03 
-7.16437E-03 
-7.16437E-03 
-7.16437E-03 
-7.16437E-03 
-7.16437E-03 
-7.16437E-03 
-7.16437E-03 
-7.16437E-03 
-7.16437E-03 
-7.16437E-03 
-7.16437E-03 
-7.16437E-03 
-7.16437E-03 
-7.16437E-03 
-7.16437E-03 
-7.16437E-03 
-7.16437E-03 
-7.16437E-03 
-7.16437E-03 
-7.16437E-03 
-7.16437E-03 
-7.16437E-03 
-8.99253E-03 
-8.99253E-03 
-8.99253E-03 
-8.99253E-03 
-8.99253E-03 
-8.99253E-03 
-8.99253E-03 
-8.99253E-03 
-8.99253E-03 
-8.99253E-03 
-8.99253E-03 
-8.99253E-03 
-8.99253E-03 
-8.99253E-03 
-8.99253E-03 
-8.99253E-03 
-8.99253E-03 
-8.99253E-03 
-8.99253E-03 
-8.99253E-03 
-8.99253E-03 
-8.99253E-03 
-8.99253E-03 
-8.99253E-03 
-8.99253E-03 
-8.99253E-03 
-1.10499E-02 
-1.10499E-02 
-1.10499E-02 
-1.10499E-02 
-1.10499E-02 
-1.10499E-02 
-1.10499E-02 
-1.10499E-02 
-1.10499E-02 
-1.10499E-02 
-1.10499E-02 
-1.10499E-02 
-1.10499E-02 
-1.10499E-02 
-1.10499E-02 
-1.10499E-02 
-1.10499E-02 
-1.10499E-02 
-1.10499E-02 
-1.10499E-02 
-1.10499E-02 
-1.10499E-02 
-1.10499E-02 
-1.10499E-02 
-1.10499E-02 
-1.10499E-02 
-1.32832E-02 
-1.32832E-02 
-1.32832E-02 
-1.32832E-02 
-1.32832E-02 
-1.32832E-02 
-1.32832E-02 
-1.32832E-02 
-1.32832E-02 
-1.32832E-02 
-1.32832E-02 
-1.32832E-02 
-1.32832E-02 
-1.32832E-02 
-1.32832E-02 
-1.32832E-02 
-1.32832E-02 
-1.32832E-02 
-1.32832E-02 
-1.32832E-02 
-1.32832E-02 
-1.32832E-02 
-1.32832E-02 
-1.32832E-02 
-1.32832E-02 
-1.32832E-02 
-1.56587E-02 
-1.56587E-02 
-1.56587E-02 
-1.56587E-02 
-1.56587E-02 
-1.56587E-02 
-1.56587E-02 
-1.56587E-02 
-1.56587E-02 
-1.56587E-02 
-1.56587E-02 
-1.56587E-02 
-1.56587E-02 
-1.56587E-02 
-1.56587E-02 
-1.56587E-02 
-1.56587E-02 
-1.56587E-02 
-1.56587E-02 
-1.56587E-02 
-1.56587E-02 
-1.56587E-02 
-1.56587E-02 
-1.56587E-02 
-1.56587E-02 
-1.56587E-02 
-1.80740E-02 
-1.80740E-02 
-1.80740E-02 
-1.80740E-02 
-1.80740E-02 
-1.80740E-02 
-1.80740E-02 
-1.80740E-02 
-1.80740E-02 
-1.80740E-02 
-1.80740E-02 
-1.80740E-02 
-1.80740E-02 
-1.80740E-02 
-1.80740E-02 
-1.80740E-02 
-1.80740E-02 
-1.80740E-02 
-1.80740E-02 
-1.80740E-02 
-1.80740E-02 
-1.80740E-02 
-1.80740E-02 
-1.80740E-02 
-1.80740E-02 
-1.80740E-02 
-2.04352E-02 
-2.04352E-02 
-2.04352E-02 
-2.04352E-02 
-2.04352E-02 
-2.04352E-02 
-2.04352E-02 
-2.04352E-02 
-2.04352E-02 
-2.04352E-02 
-2.04352E-02 
-2.04352E-02 
-2.04352E-02 
-2.04352E-02 
-2.04352E-02 
-2.04352E-02 
-2.04352E-02 
-2.04352E-02 
-2.04352E-02 
-2.04352E-02 
-2.04352E-02 
-2.04352E-02 
-2.04352E-02 
-2.04352E-02 
-2.04352E-02 
-2.04352E-02 
-2.26236E-02 
-2.26236E-02 
-2.26236E-02 
-2.26236E-02 
-2.26236E-02 
-2.26236E-02 
-2.26236E-02 
-2.26236E-02 
-2.26236E-02 
-2.26236E-02 
-2.26236E-02 
-2.26236E-02 
-2.26236E-02 
-2.26236E-02 
-2.26236E-02 
-2.26236E-02 
-2.26236E-02 
-2.26236E-02 
-2.26236E-02 
-2.26236E-02 
-2.26236E-02 
-2.26236E-02 
-2.26236E-02 
-2.26236E-02 
-2.26236E-02 
-2.26236E-02 
-2.45018E-02 
-2.45018E-02 
-2.45018E-02 
-2.45018E-02 
-2.45018E-02 
-2.45018E-02 
-2.45018E-02 
-2.45018E-02 
-2.45018E-02 
-2.45018E-02 
-2.45018E-02 
-2.45018E-02 
-2.45018E-02 
-2.45018E-02 
-2.45018E-02 
-2.45018E-02 
-2.45018E-02 
-2.45018E-02 
-2.45018E-02 
-2.45018E-02 
-2.45018E-02 
-2.45018E-02 
-2.45018E-02 
-2.45018E-02 
-2.45018E-02 
-2.45018E-02 
-2.59157E-02 
-2.59157E-02 
-2.59157E-02 
-2.59157E-02 
-2.59157E-02 
-2.59157E-02 
-2.59157E-02 
-2.59157E-02 
-2.59157E-02 
-2.59157E-02 
-2.59157E-02 
-2.59157E-02 
-2.59157E-02 
-2.59157E-02 
-2.59157E-02 
-2.59157E-02 
-2.59157E-02 
-2.59157E-02 
-2.59157E-02 
-2.59157E-02 
-2.59157E-02 
-2.59157E-02 
-2.59157E-02 
-2.59157E-02 
-2.59157E-02 
-2.59157E-02 
-2.66905E-02 
-2.66905E-02 
-2.66905E-02 
-2.66905E-02 
-2.66905E-02 
-2.66905E-02 
-2.66905E-02 
-2.66905E-02 
-2.66905E-02 
-2.66905E-02 
-2.66905E-02 
-2.66905E-02 
-2.66905E-02 
-2.66905E-02 
-2.66905E-02 
-2.66905E-02 
-2.66905E-02 
-2.66905E-02 
-2.66905E-02 
-2.66905E-02 
-2.66905E-02 
-2.66905E-02 
-2.66905E-02 
-2.66905E-02 
-2.66905E-02 
-2.66905E-02 
-2.66575E-02 
-2.66575E-02 
-2.66575E-02 
-2.66575E-02 
-2.66575E-02 
-2.66575E-02 
-2.66575E-02 
-2.66575E-02 
-2.66575E-02 
-2.66575E-02 
-2.66575E-02 
-2.66575E-02 
-2.66575E-02 
-2.66575E-02 
-2.66575E-02 
-2.66575E-02 
-2.66575E-02 
-2.66575E-02 
-2.66575E-02 
-2.66575E-02 
-2.66575E-02 
-2.66575E-02 
-2.66575E-02 
-2.66575E-02 
-2.66575E-02 
-2.66575E-02 
-2.56145E-02 
-2.56145E-02 
-2.56145E-02 
-2.56145E-02 
-2.56145E-02 
-2.56145E-02 
-2.56145E-02 
-2.56145E-02 
-2.56145E-02 
-2.56145E-02 
-2.56145E-02 
-2.56145E-02 
-2.56145E-02 
-2.56145E-02 
-2.56145E-02 
-2.56145E-02 
-2.56145E-02 
-2.56145E-02 
-2.56145E-02 
-2.56145E-02 
-2.56145E-02 
-2.56145E-02 
-2.56145E-02 
-2.56145E-02 
-2.56145E-02 
-2.56145E-02 
-2.33579E-02 
-2.33579E-02 
-2.33579E-02 
-2.33579E-02 
-2.33579E-02 
-2.33579E-02 
-2.33579E-02 
-2.33579E-02 
-2.33579E-02 
-2.33579E-02 
-2.33579E-02 
-2.33579E-02 
-2.33579E-02 
-2.33579E-02 
-2.33579E-02 
-2.33579E-02 
-2.33579E-02 
-2.33579E-02 
-2.33579E-02 
-2.33579E-02 
-2.33579E-02 
-2.33579E-02 
-2.33579E-02 
-2.33579E-02 
-2.33579E-02 
-2.33579E-02 
-1.96778E-02 
-1.96778E-02 
-1.96778E-02 
-1.96778E-02 
-1.96778E-02 
-1.96778E-02 
-1.96778E-02 
-1.96778E-02 
-1.96778E-02 
-1.96778E-02 
-1.96778E-02 
-1.96778E-02 
-1.96778E-02 
-1.96778E-02 
-1.96778E-02 
-1.96778E-02 
-1.96778E-02 
-1.96778E-02 
-1.96778E-02 
-1.96778E-02 
-1.96778E-02 
-1.96778E-02 
-1.96778E-02 
-1.96778E-02 
-1.96778E-02 
-1.96778E-02 
-1.43414E-02 
-1.43414E-02 
-1.43414E-02 
-1.43414E-02 
-1.43414E-02 
-1.43414E-02 
-1.43414E-02 
-1.43414E-02 
-1.43414E-02 
-1.43414E-02 
-1.43414E-02 
-1.43414E-02 
-1.43414E-02 
-1.43414E-02 
-1.43414E-02 
-1.43414E-02 
-1.43414E-02 
-1.43414E-02 
-1.43414E-02 
-1.43414E-02 
-1.43414E-02 
-1.43414E-02 
-1.43414E-02 
-1.43414E-02 
-1.43414E-02 
-1.43414E-02 
-7.12098E-03 
-7.12098E-03 
-7.12098E-03 
-7.12098E-03 
-7.12098E-03 
-7.12098E-03 
-7.12098E-03 
-7.12098E-03 
-7.12098E-03 
-7.12098E-03 
-7.12098E-03 
-7.12098E-03 
-7.12098E-03 
-7.12098E-03 
-7.12098E-03 
-7.12098E-03 
-7.12098E-03 
-7.12098E-03 
-7.12098E-03 
-7.12098E-03 
-7.12098E-03 
-7.12098E-03 
-7.12098E-03 
-7.12098E-03 
-7.12098E-03 
-7.12098E-03 
2.22183E-03 
2.22183E-03 
2.22183E-03 
2.22183E-03 
2.22183E-03 
2.22183E-03 
2.22183E-03 
2.22183E-03 
2.22183E-03 
2.22183E-03 
2.22183E-03 
2.22183E-03 
2.22183E-03 
2.22183E-03 
2.22183E-03 
2.22183E-03 
2.22183E-03 
2.22183E-03 
2.22183E-03 
2.22183E-03 
2.22183E-03 
2.22183E-03 
2.22183E-03 
2.22183E-03 
2.22183E-03 
2.22183E-03 
1.39403E-02 
1.39403E-02 
1.39403E-02 
1.39403E-02 
1.39403E-02 
1.39403E-02 
1.39403E-02 
1.39403E-02 
1.39403E-02 
1.39403E-02 
1.39403E-02 
1.39403E-02 
1.39403E-02 
1.39403E-02 
1.39403E-02 
1.39403E-02 
1.39403E-02 
1.39403E-02 
1.39403E-02 
1.39403E-02 
1.39403E-02 
1.39403E-02 
1.39403E-02 
1.39403E-02 
1.39403E-02 
1.39403E-02 
2.82637E-02 
2.82637E-02 
2.82637E-02 
2.82637E-02 
2.82637E-02 
2.82637E-02 
2.82637E-02 
2.82637E-02 
2.82637E-02 
2.82637E-02 
2.82637E-02 
2.82637E-02 
2.82637E-02 
2.82637E-02 
2.82637E-02 
2.82637E-02 
2.82637E-02 
2.82637E-02 
2.82637E-02 
2.82637E-02 
2.82637E-02 
2.82637E-02 
2.82637E-02 
2.82637E-02 
2.82637E-02 
2.82637E-02 
4.54939E-02 
4.54939E-02 
4.54939E-02 
4.54939E-02 
4.54939E-02 
4.54939E-02 
4.54939E-02 
4.54939E-02 
4.54939E-02 
4.54939E-02 
4.54939E-02 
4.54939E-02 
4.54939E-02 
4.54939E-02 
4.54939E-02 
4.54939E-02 
4.54939E-02 
4.54939E-02 
4.54939E-02 
4.54939E-02 
4.54939E-02 
4.54939E-02 
4.54939E-02 
4.54939E-02 
4.54939E-02 
4.54939E-02 
6.56744E-02 
6.56744E-02 
6.56744E-02 
6.56744E-02 
6.56744E-02 
6.56744E-02 
6.56744E-02 
6.56744E-02 
6.56744E-02 
6.56744E-02 
6.56744E-02 
6.56744E-02 
6.56744E-02 
6.56744E-02 
6.56744E-02 
6.56744E-02 
6.56744E-02 
6.56744E-02 
6.56744E-02 
6.56744E-02 
6.56744E-02 
6.56744E-02 
6.56744E-02 
6.56744E-02 
6.56744E-02 
6.56744E-02 
8.94139E-02 
8.94139E-02 
8.94139E-02 
8.94139E-02 
8.94139E-02 
8.94139E-02 
8.94139E-02 
8.94139E-02 
8.94139E-02 
8.94139E-02 
8.94139E-02 
8.94139E-02 
8.94139E-02 
8.94139E-02 
8.94139E-02 
8.94139E-02 
8.94139E-02 
8.94139E-02 
8.94139E-02 
8.94139E-02 
8.94139E-02 
8.94139E-02 
8.94139E-02 
8.94139E-02 
8.94139E-02 
8.94139E-02 
1.16801E-01 
1.16801E-01 
1.16801E-01 
1.16801E-01 
1.16801E-01 
1.16801E-01 
1.16801E-01 
1.16801E-01 
1.16801E-01 
1.16801E-01 
1.16801E-01 
1.16801E-01 
1.16801E-01 
1.16801E-01 
1.16801E-01 
1.16801E-01 
1.16801E-01 
1.16801E-01 
1.16801E-01 
1.16801E-01 
1.16801E-01 
1.16801E-01 
1.16801E-01 
1.16801E-01 
1.16801E-01 
1.16801E-01 
1.48105E-01 
1.48105E-01 
1.48105E-01 
1.48105E-01 
1.48105E-01 
1.48105E-01 
1.48105E-01 
1.48105E-01 
1.48105E-01 
1.48105E-01 
1.48105E-01 
1.48105E-01 
1.48105E-01 
1.48105E-01 
1.48105E-01 
1.48105E-01 
1.48105E-01 
1.48105E-01 
1.48105E-01 
1.48105E-01 
1.48105E-01 
1.48105E-01 
1.48105E-01 
1.48105E-01 
1.48105E-01 
1.48105E-01 
1.83600E-01 
1.83600E-01 
1.83600E-01 
1.83600E-01 
1.83600E-01 
1.83600E-01 
1.83600E-01 
1.83600E-01 
1.83600E-01 
1.83600E-01 
1.83600E-01 
1.83600E-01 
1.83600E-01 
1.83600E-01 
1.83600E-01 
1.83600E-01 
1.83600E-01 
1.83600E-01 
1.83600E-01 
1.83600E-01 
1.83600E-01 
1.83600E-01 
1.83600E-01 
1.83600E-01 
1.83600E-01 
1.83600E-01 
2.23556E-01 
2.23556E-01 
2.23556E-01 
2.23556E-01 
2.23556E-01 
2.23556E-01 
2.23556E-01 
2.23556E-01 
2.23556E-01 
2.23556E-01 
2.23556E-01 
2.23556E-01 
2.23556E-01 
2.23556E-01 
2.23556E-01 
2.23556E-01 
2.23556E-01 
2.23556E-01 
2.23556E-01 
2.23556E-01 
2.23556E-01 
2.23556E-01 
2.23556E-01 
2.23556E-01 
2.23556E-01 
2.23556E-01 
2.68255E-01 
2.68255E-01 
2.68255E-01 
2.68255E-01 
2.68255E-01 
2.68255E-01 
2.68255E-01 
2.68255E-01 
2.68255E-01 
2.68255E-01 
2.68255E-01 
2.68255E-01 
2.68255E-01 
2.68255E-01 
2.68255E-01 
2.68255E-01 
2.68255E-01 
2.68255E-01 
2.68255E-01 
2.68255E-01 
2.68255E-01 
2.68255E-01 
2.68255E-01 
2.68255E-01 
2.68255E-01 
2.68255E-01 
3.17971E-01 
3.17971E-01 
3.17971E-01 
3.17971E-01 
3.17971E-01 
3.17971E-01 
3.17971E-01 
3.17971E-01 
3.17971E-01 
3.17971E-01 
3.17971E-01 
3.17971E-01 
3.17971E-01 
3.17971E-01 
3.17971E-01 
3.17971E-01 
3.17971E-01 
3.17971E-01 
3.17971E-01 
3.17971E-01 
3.17971E-01 
3.17971E-01 
3.17971E-01 
3.17971E-01 
3.17971E-01 
3.17971E-01 
3.72986E-01 
3.72986E-01 
3.72986E-01 
3.72986E-01 
3.72986E-01 
3.72986E-01 
3.72986E-01 
3.72986E-01 
3.72986E-01 
3.72986E-01 
3.72986E-01 
3.72986E-01 
3.72986E-01 
3.72986E-01 
3.72986E-01 
3.72986E-01 
3.72986E-01 
3.72986E-01 
3.72986E-01 
3.72986E-01 
3.72986E-01 
3.72986E-01 
3.72986E-01 
3.72986E-01 
3.72986E-01 
3.72986E-01 
4.33712E-01 
4.33712E-01 
4.33712E-01 
4.33712E-01 
4.33712E-01 
4.33712E-01 
4.33712E-01 
4.33712E-01 
4.33712E-01 
4.33712E-01 
4.33712E-01 
4.33712E-01 
4.33712E-01 
4.33712E-01 
4.33712E-01 
4.33712E-01 
4.33712E-01 
4.33712E-01 
4.33712E-01 
4.33712E-01 
4.33712E-01 
4.33712E-01 
4.33712E-01 
4.33712E-01 
4.33712E-01 
4.33712E-01 
4.99843E-01 
4.99843E-01 
4.99843E-01 
4.99843E-01 
4.99843E-01 
4.99843E-01 
4.99843E-01 
4.99843E-01 
4.99843E-01 
4.99843E-01 
4.99843E-01 
4.99843E-01 
4.99843E-01 
4.99843E-01 
4.99843E-01 
4.99843E-01 
4.99843E-01 
4.99843E-01 
4.99843E-01 
4.99843E-01 
4.99843E-01 
4.99843E-01 
4.99843E-01 
4.99843E-01 
4.99843E-01 
4.99843E-01 
5.72526E-01 
5.72526E-01 
5.72526E-01 
5.72526E-01 
5.72526E-01 
5.72526E-01 
5.72526E-01 
5.72526E-01 
5.72526E-01 
5.72526E-01 
5.72526E-01 
5.72526E-01 
5.72526E-01 
5.72526E-01 
5.72526E-01 
5.72526E-01 
5.72526E-01 
5.72526E-01 
5.72526E-01 
5.72526E-01 
5.72526E-01 
5.72526E-01 
5.72526E-01 
5.72526E-01 
5.72526E-01 
5.72526E-01 
6.51604E-01 
6.51604E-01 
6.51604E-01 
6.51604E-01 
6.51604E-01 
6.51604E-01 
6.51604E-01 
6.51604E-01 
6.51604E-01 
6.51604E-01 
6.51604E-01 
6.51604E-01 
6.51604E-01 
6.51604E-01 
6.51604E-01 
6.51604E-01 
6.51604E-01 
6.51604E-01 
6.51604E-01 
6.51604E-01 
6.51604E-01 
6.51604E-01 
6.51604E-01 
6.51604E-01 
6.51604E-01 
6.51604E-01 
7.37382E-01 
7.37382E-01 
7.37382E-01 
7.37382E-01 
7.37382E-01 
7.37382E-01 
7.37382E-01 
7.37382E-01 
7.37382E-01 
7.37382E-01 
7.37382E-01 
7.37382E-01 
7.37382E-01 
7.37382E-01 
7.37382E-01 
7.37382E-01 
7.37382E-01 
7.37382E-01 
7.37382E-01 
7.37382E-01 
7.37382E-01 
7.37382E-01 
7.37382E-01 
7.37382E-01 
7.37382E-01 
7.37382E-01 
8.30140E-01 
8.30140E-01 
8.30140E-01 
8.30140E-01 
8.30140E-01 
8.30140E-01 
8.30140E-01 
8.30140E-01 
8.30140E-01 
8.30140E-01 
8.30140E-01 
8.30140E-01 
8.30140E-01 
8.30140E-01 
8.30140E-01 
8.30140E-01 
8.30140E-01 
8.30140E-01 
8.30140E-01 
8.30140E-01 
8.30140E-01 
8.30140E-01 
8.30140E-01 
8.30140E-01 
8.30140E-01 
8.30140E-01 
9.30182E-01 
9.30182E-01 
9.30182E-01 
9.30182E-01 
9.30182E-01 
9.30182E-01 
9.30182E-01 
9.30182E-01 
9.30182E-01 
9.30182E-01 
9.30182E-01 
9.30182E-01 
9.30182E-01 
9.30182E-01 
9.30182E-01 
9.30182E-01 
9.30182E-01 
9.30182E-01 
9.30182E-01 
9.30182E-01 
9.30182E-01 
9.30182E-01 
9.30182E-01 
9.30182E-01 
9.30182E-01 
9.30182E-01 
1.03775E+00 
1.03775E+00 
1.03775E+00 
1.03775E+00 
1.03775E+00 
1.03775E+00 
1.03775E+00 
1.03775E+00 
1.03775E+00 
1.03775E+00 
1.03775E+00 
1.03775E+00 
1.03775E+00 
1.03775E+00 
1.03775E+00 
1.03775E+00 
1.03775E+00 
1.03775E+00 
1.03775E+00 
1.03775E+00 
1.03775E+00 
1.03775E+00 
1.03775E+00 
1.03775E+00 
1.03775E+00 
1.03775E+00 
1.15350E+00 
1.15350E+00 
1.15350E+00 
1.15350E+00 
1.15350E+00 
1.15350E+00 
1.15350E+00 
1.15350E+00 
1.15350E+00 
1.15350E+00 
1.15350E+00 
1.15350E+00 
1.15350E+00 
1.15350E+00 
1.15350E+00 
1.15350E+00 
1.15350E+00 
1.15350E+00 
1.15350E+00 
1.15350E+00 
1.15350E+00 
1.15350E+00 
1.15350E+00 
1.15350E+00 
1.15350E+00 
1.15350E+00 
1.27698E+00 
1.27698E+00 
1.27698E+00 
1.27698E+00 
1.27698E+00 
1.27698E+00 
1.27698E+00 
1.27698E+00 
1.27698E+00 
1.27698E+00 
1.27698E+00 
1.27698E+00 
1.27698E+00 
1.27698E+00 
1.27698E+00 
1.27698E+00 
1.27698E+00 
1.27698E+00 
1.27698E+00 
1.27698E+00 
1.27698E+00 
1.27698E+00 
1.27698E+00 
1.27698E+00 
1.27698E+00 
1.27698E+00 
1.40896E+00 
1.40896E+00 
1.40896E+00 
1.40896E+00 
1.40896E+00 
1.40896E+00 
1.40896E+00 
1.40896E+00 
1.40896E+00 
1.40896E+00 
1.40896E+00 
1.40896E+00 
1.40896E+00 
1.40896E+00 
1.40896E+00 
1.40896E+00 
1.40896E+00 
1.40896E+00 
1.40896E+00 
1.40896E+00 
1.40896E+00 
1.40896E+00 
1.40896E+00 
1.40896E+00 
1.40896E+00 
1.40896E+00 
1.54970E+00 
1.54970E+00 
1.54970E+00 
1.54970E+00 
1.54970E+00 
1.54970E+00 
1.54970E+00 
1.54970E+00 
1.54970E+00 
1.54970E+00 
1.54970E+00 
1.54970E+00 
1.54970E+00 
1.54970E+00 
1.54970E+00 
1.54970E+00 
1.54970E+00 
1.54970E+00 
1.54970E+00 
1.54970E+00 
1.54970E+00 
1.54970E+00 
1.54970E+00 
1.54970E+00 
1.54970E+00 
1.54970E+00 
1.69948E+00 
1.69948E+00 
1.69948E+00 
1.69948E+00 
1.69948E+00 
1.69948E+00 
1.69948E+00 
1.69948E+00 
1.69948E+00 
1.69948E+00 
1.69948E+00 
1.69948E+00 
1.69948E+00 
1.69948E+00 
1.69948E+00 
1.69948E+00 
1.69948E+00 
1.69948E+00 
1.69948E+00 
1.69948E+00 
1.69948E+00 
1.69948E+00 
1.69948E+00 
1.69948E+00 
1.69948E+00 
1.69948E+00 
1.85857E+00 
1.85857E+00 
1.85857E+00 
1.85857E+00 
1.85857E+00 
1.85857E+00 
1.85857E+00 
1.85857E+00 
1.85857E+00 
1.85857E+00 
1.85857E+00 
1.85857E+00 
1.85857E+00 
1.85857E+00 
1.85857E+00 
1.85857E+00 
1.85857E+00 
1.85857E+00 
1.85857E+00 
1.85857E+00 
1.85857E+00 
1.85857E+00 
1.85857E+00 
1.85857E+00 
1.85857E+00 
1.85857E+00 
2.02726E+00 
2.02726E+00 
2.02726E+00 
2.02726E+00 
2.02726E+00 
2.02726E+00 
2.02726E+00 
2.02726E+00 
2.02726E+00 
2.02726E+00 
2.02726E+00 
2.02726E+00 
2.02726E+00 
2.02726E+00 
2.02726E+00 
2.02726E+00 
2.02726E+00 
2.02726E+00 
2.02726E+00 
2.02726E+00 
2.02726E+00 
2.02726E+00 
2.02726E+00 
2.02726E+00 
2.02726E+00 
2.02726E+00 
2.20588E+00 
2.20588E+00 
2.20588E+00 
2.20588E+00 
2.20588E+00 
2.20588E+00 
2.20588E+00 
2.20588E+00 
2.20588E+00 
2.20588E+00 
2.20588E+00 
2.20588E+00 
2.20588E+00 
2.20588E+00 
2.20588E+00 
2.20588E+00 
2.20588E+00 
2.20588E+00 
2.20588E+00 
2.20588E+00 
2.20588E+00 
2.20588E+00 
2.20588E+00 
2.20588E+00 
2.20588E+00 
2.20588E+00 
2.39457E+00 
2.39457E+00 
2.39457E+00 
2.39457E+00 
2.39457E+00 
2.39457E+00 
2.39457E+00 
2.39457E+00 
2.39457E+00 
2.39457E+00 
2.39457E+00 
2.39457E+00 
2.39457E+00 
2.39457E+00 
2.39457E+00 
2.39457E+00 
2.39457E+00 
2.39457E+00 
2.39457E+00 
2.39457E+00 
2.39457E+00 
2.39457E+00 
2.39457E+00 
2.39457E+00 
2.39457E+00 
2.39457E+00 
---
