PdfType: replica
Format: lhagrid1
---
1.00000E-06 1.28121E-06 1.64152E-06 2.10317E-06 2.69463E-06 3.45242E-06 4.42329E-06 5.66715E-06 7.26076E-06 9.30241E-06 1.19180E-05 1.52689E-05 1.95617E-05 2.50609E-05 3.21053E-05 4.11287E-05 5.26863E-05 6.74889E-05 8.64459E-05 1.10720E-04 1.41800E-04 1.81585E-04 2.32503E-04 2.97652E-04 3.80981E-04 4.87518E-04 6.26039E-04 8.00452E-04 1.02297E-03 1.30657E-03 1.66759E-03 2.12729E-03 2.71054E-03 3.44865E-03 4.37927E-03 5.54908E-03 7.01192E-03 8.83064E-03 1.10763E-02 1.38266E-02 1.71641E-02 2.11717E-02 2.59364E-02 3.15062E-02 3.79623E-02 4.53425E-02 5.36750E-02 6.29705E-02 7.32221E-02 8.44039E-02 9.64793E-02 1.09332E-01 1.23067E-01 1.37507E-01 1.52639E-01 1.68416E-01 1.84794E-01 2.01731E-01 2.19016E-01 2.36948E-01 2.55242E-01 2.73927E-01 2.92954E-01 3.12340E-01 3.32036E-01 3.52019E-01 3.72282E-01 3.92772E-01 4.13533E-01 4.34326E-01 4.55495E-01 4.76836E-01 4.98342E-01 5.20006E-01 5.41818E-01 5.63773E-01 5.85861E-01 6.08077E-01 6.30459E-01 6.52800E-01 6.75387E-01 6.98063E-01 7.20830E-01 7.43683E-01 7.66623E-01 7.89636E-01 8.12791E-01 8.35940E-01 8.59175E-01 8.82485E-01 9.05866E-01 9.29311E-01 9.52817E-01 9.76387E-01 1.00000E+00 
1.14018E+00 1.22539E+00 1.32482E+00 1.44156E+00 1.57954E+00 1.74381E+00 1.94091E+00 2.12132E+00 2.17945E+00 2.49622E+00 2.89383E+00 3.39925E+00 4.05063E+00 4.90286E+00 6.03623E+00 7.57063E+00 9.68869E+00 1.26749E+01 1.69835E+01 2.33578E+01 3.30501E+01 4.82334E+01 7.28041E+01 1.13998E+02 1.85779E+02 3.16228E+02 
908
-9.30813E-15 
-9.30813E-15 
-9.30813E-15 
-9.30813E-15 
-9.30813E-15 
-9.30813E-15 
-9.30813E-15 
-9.30813E-15 
-9.30813E-15 
-9.30813E-15 
-9.30813E-15 
-9.30813E-15 
-9.30813E-15 
-9.30813E-15 
-9.30813E-15 
-9.30813E-15 
-9.30813E-15 
-9.30813E-15 
-9.30813E-15 
-9.30813E-15 
-9.30813E-15 
-9.30813E-15 
-9.30813E-15 
-9.30813E-15 
-9.30813E-15 
-9.30813E-15 
-1.66577E-14 
-1.66577E-14 
-1.66577E-14 
-1.66577E-14 
-1.66577E-14 
-1.66577E-14 
-1.66577E-14 
-1.66577E-14 
-1.66577E-14 
-1.66577E-14 
-1.66577E-14 
-1.66577E-14 
-1.66577E-14 
-1.66577E-14 
-1.66577E-14 
-1.66577E-14 
-1.66577E-14 
-1.66577E-14 
-1.66577E-14 
-1.66577E-14 
-1.66577E-14 
-1.66577E-14 
-1.66577E-14 
-1.66577E-14 
-1.66577E-14 
-1.66577E-14 
-2.98114E-14 
-2.98114E-14 
-2.98114E-14 
-2.98114E-14 
-2.98114E-14 
-2.98114E-14 
-2.98114E-14 
-2.98114E-14 
-2.98114E-14 
-2.98114E-14 
-2.98114E-14 
-2.98114E-14 
-2.98114E-14 
-2.98114E-14 
-2.98114E-14 
-2.98114E-14 
-2.98114E-14 
-2.98114E-14 
-2.98114E-14 
-2.98114E-14 
-2.98114E-14 
-2.98114E-14 
-2.98114E-14 
-2.98114E-14 
-2.98114E-14 
-2.98114E-14 
-5.33525E-14 
-5.33525E-14 
-5.33525E-14 
-5.33525E-14 
-5.33525E-14 
-5.33525E-14 
-5.33525E-14 
-5.33525E-14 
-5.33525E-14 
-5.33525E-14 
-5.33525E-14 
-5.33525E-14 
-5.33525E-14 
-5.33525E-14 
-5.33525E-14 
-5.33525E-14 
-5.33525E-14 
-5.33525E-14 
-5.33525E-14 
-5.33525E-14 
-5.33525E-14 
-5.33525E-14 
-5.33525E-14 
-5.33525E-14 
-5.33525E-14 
-5.33525E-14 
-9.54813E-14 
-9.54813E-14 
-9.54813E-14 
-9.54813E-14 
-9.54813E-14 
-9.54813E-14 
-9.54813E-14 
-9.54813E-14 
-9.54813E-14 
-9.54813E-14 
-9.54813E-14 
-9.54813E-14 
-9.54813E-14 
-9.54813E-14 
-9.54813E-14 
-9.54813E-14 
-9.54813E-14 
-9.54813E-14 
-9.54813E-14 
-9.54813E-14 
-9.54813E-14 
-9.54813E-14 
-9.54813E-14 
-9.54813E-14 
-9.54813E-14 
-9.54813E-14 
-1.70876E-13 
-1.70876E-13 
-1.70876E-13 
-1.70876E-13 
-1.70876E-13 
-1.70876E-13 
-1.70876E-13 
-1.70876E-13 
-1.70876E-13 
-1.70876E-13 
-1.70876E-13 
-1.70876E-13 
-1.70876E-13 
-1.70876E-13 
-1.70876E-13 
-1.70876E-13 
-1.70876E-13 
-1.70876E-13 
-1.70876E-13 
-1.70876E-13 
-1.70876E-13 
-1.70876E-13 
-1.70876E-13 
-1.70876E-13 
-1.70876E-13 
-1.70876E-13 
-3.05800E-13 
-3.05800E-13 
-3.05800E-13 
-3.05800E-13 
-3.05800E-13 
-3.05800E-13 
-3.05800E-13 
-3.05800E-13 
-3.05800E-13 
-3.05800E-13 
-3.05800E-13 
-3.05800E-13 
-3.05800E-13 
-3.05800E-13 
-3.05800E-13 
-3.05800E-13 
-3.05800E-13 
-3.05800E-13 
-3.05800E-13 
-3.05800E-13 
-3.05800E-13 
-3.05800E-13 
-3.05800E-13 
-3.05800E-13 
-3.05800E-13 
-3.05800E-13 
-5.47252E-13 
-5.47252E-13 
-5.47252E-13 
-5.47252E-13 
-5.47252E-13 
-5.47252E-13 
-5.47252E-13 
-5.47252E-13 
-5.47252E-13 
-5.47252E-13 
-5.47252E-13 
-5.47252E-13 
-5.47252E-13 
-5.47252E-13 
-5.47252E-13 
-5.47252E-13 
-5.47252E-13 
-5.47252E-13 
-5.47252E-13 
-5.47252E-13 
-5.47252E-13 
-5.47252E-13 
-5.47252E-13 
-5.47252E-13 
-5.47252E-13 
-5.47252E-13 
-9.79337E-13 
-9.79337E-13 
-9.79337E-13 
-9.79337E-13 
-9.79337E-13 
-9.79337E-13 
-9.79337E-13 
-9.79337E-13 
-9.79337E-13 
-9.79337E-13 
-9.79337E-13 
-9.79337E-13 
-9.79337E-13 
-9.79337E-13 
-9.79337E-13 
-9.79337E-13 
-9.79337E-13 
-9.79337E-13 
-9.79337E-13 
-9.79337E-13 
-9.79337E-13 
-9.79337E-13 
-9.79337E-13 
-9.79337E-13 
-9.79337E-13 
-9.79337E-13 
-1.75254E-12 
-1.75254E-12 
-1.75254E-12 
-1.75254E-12 
-1.75254E-12 
-1.75254E-12 
-1.75254E-12 
-1.75254E-12 
-1.75254E-12 
-1.75254E-12 
-1.75254E-12 
-1.75254E-12 
-1.75254E-12 
-1.75254E-12 
-1.75254E-12 
-1.75254E-12 
-1.75254E-12 
-1.75254E-12 
-1.75254E-12 
-1.75254E-12 
-1.75254E-12 
-1.75254E-12 
-1.75254E-12 
-1.75254E-12 
-1.75254E-12 
-1.75254E-12 
-3.13609E-12 
-3.13609E-12 
-3.13609E-12 
-3.13609E-12 
-3.13609E-12 
-3.13609E-12 
-3.13609E-12 
-3.13609E-12 
-3.13609E-12 
-3.13609E-12 
-3.13609E-12 
-3.13609E-12 
-3.13609E-12 
-3.13609E-12 
-3.13609E-12 
-3.13609E-12 
-3.13609E-12 
-3.13609E-12 
-3.13609E-12 
-3.13609E-12 
-3.13609E-12 
-3.13609E-12 
-3.13609E-12 
-3.13609E-12 
-3.13609E-12 
-3.13609E-12 
-5.61177E-12 
-5.61177E-12 
-5.61177E-12 
-5.61177E-12 
-5.61177E-12 
-5.61177E-12 
-5.61177E-12 
-5.61177E-12 
-5.61177E-12 
-5.61177E-12 
-5.61177E-12 
-5.61177E-12 
-5.61177E-12 
-5.61177E-12 
-5.61177E-12 
-5.61177E-12 
-5.61177E-12 
-5.61177E-12 
-5.61177E-12 
-5.61177E-12 
-5.61177E-12 
-5.61177E-12 
-5.61177E-12 
-5.61177E-12 
-5.61177E-12 
-5.61177E-12 
-1.00415E-11 
-1.00415E-11 
-1.00415E-11 
-1.00415E-11 
-1.00415E-11 
-1.00415E-11 
-1.00415E-11 
-1.00415E-11 
-1.00415E-11 
-1.00415E-11 
-1.00415E-11 
-1.00415E-11 
-1.00415E-11 
-1.00415E-11 
-1.00415E-11 
-1.00415E-11 
-1.00415E-11 
-1.00415E-11 
-1.00415E-11 
-1.00415E-11 
-1.00415E-11 
-1.00415E-11 
-1.00415E-11 
-1.00415E-11 
-1.00415E-11 
-1.00415E-11 
-1.79669E-11 
-1.79669E-11 
-1.79669E-11 
-1.79669E-11 
-1.79669E-11 
-1.79669E-11 
-1.79669E-11 
-1.79669E-11 
-1.79669E-11 
-1.79669E-11 
-1.79669E-11 
-1.79669E-11 
-1.79669E-11 
-1.79669E-11 
-1.79669E-11 
-1.79669E-11 
-1.79669E-11 
-1.79669E-11 
-1.79669E-11 
-1.79669E-11 
-1.79669E-11 
-1.79669E-11 
-1.79669E-11 
-1.79669E-11 
-1.79669E-11 
-1.79669E-11 
-3.21456E-11 
-3.21456E-11 
-3.21456E-11 
-3.21456E-11 
-3.21456E-11 
-3.21456E-11 
-3.21456E-11 
-3.21456E-11 
-3.21456E-11 
-3.21456E-11 
-3.21456E-11 
-3.21456E-11 
-3.21456E-11 
-3.21456E-11 
-3.21456E-11 
-3.21456E-11 
-3.21456E-11 
-3.21456E-11 
-3.21456E-11 
-3.21456E-11 
-3.21456E-11 
-3.21456E-11 
-3.21456E-11 
-3.21456E-11 
-3.21456E-11 
-3.21456E-11 
-5.75096E-11 
-5.75096E-11 
-5.75096E-11 
-5.75096E-11 
-5.75096E-11 
-5.75096E-11 
-5.75096E-11 
-5.75096E-11 
-5.75096E-11 
-5.75096E-11 
-5.75096E-11 
-5.75096E-11 
-5.75096E-11 
-5.75096E-11 
-5.75096E-11 
-5.75096E-11 
-5.75096E-11 
-5.75096E-11 
-5.75096E-11 
-5.75096E-11 
-5.75096E-11 
-5.75096E-11 
-5.75096E-11 
-5.75096E-11 
-5.75096E-11 
-5.75096E-11 
-1.02877E-10 
-1.02877E-10 
-1.02877E-10 
-1.02877E-10 
-1.02877E-10 
-1.02877E-10 
-1.02877E-10 
-1.02877E-10 
-1.02877E-10 
-1.02877E-10 
-1.02877E-10 
-1.02877E-10 
-1.02877E-10 
-1.02877E-10 
-1.02877E-10 
-1.02877E-10 
-1.02877E-10 
-1.02877E-10 
-1.02877E-10 
-1.02877E-10 
-1.02877E-10 
-1.02877E-10 
-1.02877E-10 
-1.02877E-10 
-1.02877E-10 
-1.02877E-10 
-1.84014E-10 
-1.84014E-10 
-1.84014E-10 
-1.84014E-10 
-1.84014E-10 
-1.84014E-10 
-1.84014E-10 
-1.84014E-10 
-1.84014E-10 
-1.84014E-10 
-1.84014E-10 
-1.84014E-10 
-1.84014E-10 
-1.84014E-10 
-1.84014E-10 
-1.84014E-10 
-1.84014E-10 
-1.84014E-10 
-1.84014E-10 
-1.84014E-10 
-1.84014E-10 
-1.84014E-10 
-1.84014E-10 
-1.84014E-10 
-1.84014E-10 
-1.84014E-10 
-3.29096E-10 
-3.29096E-10 
-3.29096E-10 
-3.29096E-10 
-3.29096E-10 
-3.29096E-10 
-3.29096E-10 
-3.29096E-10 
-3.29096E-10 
-3.29096E-10 
-3.29096E-10 
-3.29096E-10 
-3.29096E-10 
-3.29096E-10 
-3.29096E-10 
-3.29096E-10 
-3.29096E-10 
-3.29096E-10 
-3.29096E-10 
-3.29096E-10 
-3.29096E-10 
-3.29096E-10 
-3.29096E-10 
-3.29096E-10 
-3.29096E-10 
-3.29096E-10 
-5.88459E-10 
-5.88459E-10 
-5.88459E-10 
-5.88459E-10 
-5.88459E-10 
-5.88459E-10 
-5.88459E-10 
-5.88459E-10 
-5.88459E-10 
-5.88459E-10 
-5.88459E-10 
-5.88459E-10 
-5.88459E-10 
-5.88459E-10 
-5.88459E-10 
-5.88459E-10 
-5.88459E-10 
-5.88459E-10 
-5.88459E-10 
-5.88459E-10 
-5.88459E-10 
-5.88459E-10 
-5.88459E-10 
-5.88459E-10 
-5.88459E-10 
-5.88459E-10 
-1.05202E-09 
-1.05202E-09 
-1.05202E-09 
-1.05202E-09 
-1.05202E-09 
-1.05202E-09 
-1.05202E-09 
-1.05202E-09 
-1.05202E-09 
-1.05202E-09 
-1.05202E-09 
-1.05202E-09 
-1.05202E-09 
-1.05202E-09 
-1.05202E-09 
-1.05202E-09 
-1.05202E-09 
-1.05202E-09 
-1.05202E-09 
-1.05202E-09 
-1.05202E-09 
-1.05202E-09 
-1.05202E-09 
-1.05202E-09 
-1.05202E-09 
-1.05202E-09 
-1.88024E-09 
-1.88024E-09 
-1.88024E-09 
-1.88024E-09 
-1.88024E-09 
-1.88024E-09 
-1.88024E-09 
-1.88024E-09 
-1.88024E-09 
-1.88024E-09 
-1.88024E-09 
-1.88024E-09 
-1.88024E-09 
-1.88024E-09 
-1.88024E-09 
-1.88024E-09 
-1.88024E-09 
-1.88024E-09 
-1.88024E-09 
-1.88024E-09 
-1.88024E-09 
-1.88024E-09 
-1.88024E-09 
-1.88024E-09 
-1.88024E-09 
-1.88024E-09 
-3.35935E-09 
-3.35935E-09 
-3.35935E-09 
-3.35935E-09 
-3.35935E-09 
-3.35935E-09 
-3.35935E-09 
-3.35935E-09 
-3.35935E-09 
-3.35935E-09 
-3.35935E-09 
-3.35935E-09 
-3.35935E-09 
-3.35935E-09 
-3.35935E-09 
-3.35935E-09 
-3.35935E-09 
-3.35935E-09 
-3.35935E-09 
-3.35935E-09 
-3.35935E-09 
-3.35935E-09 
-3.35935E-09 
-3.35935E-09 
-3.35935E-09 
-3.35935E-09 
-5.99951E-09 
-5.99951E-09 
-5.99951E-09 
-5.99951E-09 
-5.99951E-09 
-5.99951E-09 
-5.99951E-09 
-5.99951E-09 
-5.99951E-09 
-5.99951E-09 
-5.99951E-09 
-5.99951E-09 
-5.99951E-09 
-5.99951E-09 
-5.99951E-09 
-5.99951E-09 
-5.99951E-09 
-5.99951E-09 
-5.99951E-09 
-5.99951E-09 
-5.99951E-09 
-5.99951E-09 
-5.99951E-09 
-5.99951E-09 
-5.99951E-09 
-5.99951E-09 
-1.07090E-08 
-1.07090E-08 
-1.07090E-08 
-1.07090E-08 
-1.07090E-08 
-1.07090E-08 
-1.07090E-08 
-1.07090E-08 
-1.07090E-08 
-1.07090E-08 
-1.07090E-08 
-1.07090E-08 
-1.07090E-08 
-1.07090E-08 
-1.07090E-08 
-1.07090E-08 
-1.07090E-08 
-1.07090E-08 
-1.07090E-08 
-1.07090E-08 
-1.07090E-08 
-1.07090E-08 
-1.07090E-08 
-1.07090E-08 
-1.07090E-08 
-1.07090E-08 
-1.91027E-08 
-1.91027E-08 
-1.91027E-08 
-1.91027E-08 
-1.91027E-08 
-1.91027E-08 
-1.91027E-08 
-1.91027E-08 
-1.91027E-08 
-1.91027E-08 
-1.91027E-08 
-1.91027E-08 
-1.91027E-08 
-1.91027E-08 
-1.91027E-08 
-1.91027E-08 
-1.91027E-08 
-1.91027E-08 
-1.91027E-08 
-1.91027E-08 
-1.91027E-08 
-1.91027E-08 
-1.91027E-08 
-1.91027E-08 
-1.91027E-08 
-1.91027E-08 
-3.43537E-08 
-3.43537E-08 
-3.43537E-08 
-3.43537E-08 
-3.43537E-08 
-3.43537E-08 
-3.43537E-08 
-3.43537E-08 
-3.43537E-08 
-3.43537E-08 
-3.43537E-08 
-3.43537E-08 
-3.43537E-08 
-3.43537E-08 
-3.43537E-08 
-3.43537E-08 
-3.43537E-08 
-3.43537E-08 
-3.43537E-08 
-3.43537E-08 
-3.43537E-08 
-3.43537E-08 
-3.43537E-08 
-3.43537E-08 
-3.43537E-08 
-3.43537E-08 
-6.11494E-08 
-6.11494E-08 
-6.11494E-08 
-6.11494E-08 
-6.11494E-08 
-6.11494E-08 
-6.11494E-08 
-6.11494E-08 
-6.11494E-08 
-6.11494E-08 
-6.11494E-08 
-6.11494E-08 
-6.11494E-08 
-6.11494E-08 
-6.11494E-08 
-6.11494E-08 
-6.11494E-08 
-6.11494E-08 
-6.11494E-08 
-6.11494E-08 
-6.11494E-08 
-6.11494E-08 
-6.11494E-08 
-6.11494E-08 
-6.11494E-08 
-6.11494E-08 
-1.08707E-07 
-1.08707E-07 
-1.08707E-07 
-1.08707E-07 
-1.08707E-07 
-1.08707E-07 
-1.08707E-07 
-1.08707E-07 
-1.08707E-07 
-1.08707E-07 
-1.08707E-07 
-1.08707E-07 
-1.08707E-07 
-1.08707E-07 
-1.08707E-07 
-1.08707E-07 
-1.08707E-07 
-1.08707E-07 
-1.08707E-07 
-1.08707E-07 
-1.08707E-07 
-1.08707E-07 
-1.08707E-07 
-1.08707E-07 
-1.08707E-07 
-1.08707E-07 
-1.92941E-07 
-1.92941E-07 
-1.92941E-07 
-1.92941E-07 
-1.92941E-07 
-1.92941E-07 
-1.92941E-07 
-1.92941E-07 
-1.92941E-07 
-1.92941E-07 
-1.92941E-07 
-1.92941E-07 
-1.92941E-07 
-1.92941E-07 
-1.92941E-07 
-1.92941E-07 
-1.92941E-07 
-1.92941E-07 
-1.92941E-07 
-1.92941E-07 
-1.92941E-07 
-1.92941E-07 
-1.92941E-07 
-1.92941E-07 
-1.92941E-07 
-1.92941E-07 
-3.41778E-07 
-3.41778E-07 
-3.41778E-07 
-3.41778E-07 
-3.41778E-07 
-3.41778E-07 
-3.41778E-07 
-3.41778E-07 
-3.41778E-07 
-3.41778E-07 
-3.41778E-07 
-3.41778E-07 
-3.41778E-07 
-3.41778E-07 
-3.41778E-07 
-3.41778E-07 
-3.41778E-07 
-3.41778E-07 
-3.41778E-07 
-3.41778E-07 
-3.41778E-07 
-3.41778E-07 
-3.41778E-07 
-3.41778E-07 
-3.41778E-07 
-3.41778E-07 
-6.04509E-07 
-6.04509E-07 
-6.04509E-07 
-6.04509E-07 
-6.04509E-07 
-6.04509E-07 
-6.04509E-07 
-6.04509E-07 
-6.04509E-07 
-6.04509E-07 
-6.04509E-07 
-6.04509E-07 
-6.04509E-07 
-6.04509E-07 
-6.04509E-07 
-6.04509E-07 
-6.04509E-07 
-6.04509E-07 
-6.04509E-07 
-6.04509E-07 
-6.04509E-07 
-6.04509E-07 
-6.04509E-07 
-6.04509E-07 
-6.04509E-07 
-6.04509E-07 
-1.06583E-06 
-1.06583E-06 
-1.06583E-06 
-1.06583E-06 
-1.06583E-06 
-1.06583E-06 
-1.06583E-06 
-1.06583E-06 
-1.06583E-06 
-1.06583E-06 
-1.06583E-06 
-1.06583E-06 
-1.06583E-06 
-1.06583E-06 
-1.06583E-06 
-1.06583E-06 
-1.06583E-06 
-1.06583E-06 
-1.06583E-06 
-1.06583E-06 
-1.06583E-06 
-1.06583E-06 
-1.06583E-06 
-1.06583E-06 
-1.06583E-06 
-1.06583E-06 
-1.87175E-06 
-1.87175E-06 
-1.87175E-06 
-1.87175E-06 
-1.87175E-06 
-1.87175E-06 
-1.87175E-06 
-1.87175E-06 
-1.87175E-06 
-1.87175E-06 
-1.87175E-06 
-1.87175E-06 
-1.87175E-06 
-1.87175E-06 
-1.87175E-06 
-1.87175E-06 
-1.87175E-06 
-1.87175E-06 
-1.87175E-06 
-1.87175E-06 
-1.87175E-06 
-1.87175E-06 
-1.87175E-06 
-1.87175E-06 
-1.87175E-06 
-1.87175E-06 
-3.27000E-06 
-3.27000E-06 
-3.27000E-06 
-3.27000E-06 
-3.27000E-06 
-3.27000E-06 
-3.27000E-06 
-3.27000E-06 
-3.27000E-06 
-3.27000E-06 
-3.27000E-06 
-3.27000E-06 
-3.27000E-06 
-3.27000E-06 
-3.27000E-06 
-3.27000E-06 
-3.27000E-06 
-3.27000E-06 
-3.27000E-06 
-3.27000E-06 
-3.27000E-06 
-3.27000E-06 
-3.27000E-06 
-3.27000E-06 
-3.27000E-06 
-3.27000E-06 
-5.67933E-06 
-5.67933E-06 
-5.67933E-06 
-5.67933E-06 
-5.67933E-06 
-5.67933E-06 
-5.67933E-06 
-5.67933E-06 
-5.67933E-06 
-5.67933E-06 
-5.67933E-06 
-5.67933E-06 
-5.67933E-06 
-5.67933E-06 
-5.67933E-06 
-5.67933E-06 
-5.67933E-06 
-5.67933E-06 
-5.67933E-06 
-5.67933E-06 
-5.67933E-06 
-5.67933E-06 
-5.67933E-06 
-5.67933E-06 
-5.67933E-06 
-5.67933E-06 
-9.78989E-06 
-9.78989E-06 
-9.78989E-06 
-9.78989E-06 
-9.78989E-06 
-9.78989E-06 
-9.78989E-06 
-9.78989E-06 
-9.78989E-06 
-9.78989E-06 
-9.78989E-06 
-9.78989E-06 
-9.78989E-06 
-9.78989E-06 
-9.78989E-06 
-9.78989E-06 
-9.78989E-06 
-9.78989E-06 
-9.78989E-06 
-9.78989E-06 
-9.78989E-06 
-9.78989E-06 
-9.78989E-06 
-9.78989E-06 
-9.78989E-06 
-9.78989E-06 
-1.67218E-05 
-1.67218E-05 
-1.67218E-05 
-1.67218E-05 
-1.67218E-05 
-1.67218E-05 
-1.67218E-05 
-1.67218E-05 
-1.67218E-05 
-1.67218E-05 
-1.67218E-05 
-1.67218E-05 
-1.67218E-05 
-1.67218E-05 
-1.67218E-05 
-1.67218E-05 
-1.67218E-05 
-1.67218E-05 
-1.67218E-05 
-1.67218E-05 
-1.67218E-05 
-1.67218E-05 
-1.67218E-05 
-1.67218E-05 
-1.67218E-05 
-1.67218E-05 
-2.82496E-05 
-2.82496E-05 
-2.82496E-05 
-2.82496E-05 
-2.82496E-05 
-2.82496E-05 
-2.82496E-05 
-2.82496E-05 
-2.82496E-05 
-2.82496E-05 
-2.82496E-05 
-2.82496E-05 
-2.82496E-05 
-2.82496E-05 
-2.82496E-05 
-2.82496E-05 
-2.82496E-05 
-2.82496E-05 
-2.82496E-05 
-2.82496E-05 
-2.82496E-05 
-2.82496E-05 
-2.82496E-05 
-2.82496E-05 
-2.82496E-05 
-2.82496E-05 
-4.71040E-05 
-4.71040E-05 
-4.71040E-05 
-4.71040E-05 
-4.71040E-05 
-4.71040E-05 
-4.71040E-05 
-4.71040E-05 
-4.71040E-05 
-4.71040E-05 
-4.71040E-05 
-4.71040E-05 
-4.71040E-05 
-4.71040E-05 
-4.71040E-05 
-4.71040E-05 
-4.71040E-05 
-4.71040E-05 
-4.71040E-05 
-4.71040E-05 
-4.71040E-05 
-4.71040E-05 
-4.71040E-05 
-4.71040E-05 
-4.71040E-05 
-4.71040E-05 
-7.73545E-05 
-7.73545E-05 
-7.73545E-05 
-7.73545E-05 
-7.73545E-05 
-7.73545E-05 
-7.73545E-05 
-7.73545E-05 
-7.73545E-05 
-7.73545E-05 
-7.73545E-05 
-7.73545E-05 
-7.73545E-05 
-7.73545E-05 
-7.73545E-05 
-7.73545E-05 
-7.73545E-05 
-7.73545E-05 
-7.73545E-05 
-7.73545E-05 
-7.73545E-05 
-7.73545E-05 
-7.73545E-05 
-7.73545E-05 
-7.73545E-05 
-7.73545E-05 
-1.24824E-04 
-1.24824E-04 
-1.24824E-04 
-1.24824E-04 
-1.24824E-04 
-1.24824E-04 
-1.24824E-04 
-1.24824E-04 
-1.24824E-04 
-1.24824E-04 
-1.24824E-04 
-1.24824E-04 
-1.24824E-04 
-1.24824E-04 
-1.24824E-04 
-1.24824E-04 
-1.24824E-04 
-1.24824E-04 
-1.24824E-04 
-1.24824E-04 
-1.24824E-04 
-1.24824E-04 
-1.24824E-04 
-1.24824E-04 
-1.24824E-04 
-1.24824E-04 
-1.97613E-04 
-1.97613E-04 
-1.97613E-04 
-1.97613E-04 
-1.97613E-04 
-1.97613E-04 
-1.97613E-04 
-1.97613E-04 
-1.97613E-04 
-1.97613E-04 
-1.97613E-04 
-1.97613E-04 
-1.97613E-04 
-1.97613E-04 
-1.97613E-04 
-1.97613E-04 
-1.97613E-04 
-1.97613E-04 
-1.97613E-04 
-1.97613E-04 
-1.97613E-04 
-1.97613E-04 
-1.97613E-04 
-1.97613E-04 
-1.97613E-04 
-1.97613E-04 
-3.05690E-04 
-3.05690E-04 
-3.05690E-04 
-3.05690E-04 
-3.05690E-04 
-3.05690E-04 
-3.05690E-04 
-3.05690E-04 
-3.05690E-04 
-3.05690E-04 
-3.05690E-04 
-3.05690E-04 
-3.05690E-04 
-3.05690E-04 
-3.05690E-04 
-3.05690E-04 
-3.05690E-04 
-3.05690E-04 
-3.05690E-04 
-3.05690E-04 
-3.05690E-04 
-3.05690E-04 
-3.05690E-04 
-3.05690E-04 
-3.05690E-04 
-3.05690E-04 
-4.62163E-04 
-4.62163E-04 
-4.62163E-04 
-4.62163E-04 
-4.62163E-04 
-4.62163E-04 
-4.62163E-04 
-4.62163E-04 
-4.62163E-04 
-4.62163E-04 
-4.62163E-04 
-4.62163E-04 
-4.62163E-04 
-4.62163E-04 
-4.62163E-04 
-4.62163E-04 
-4.62163E-04 
-4.62163E-04 
-4.62163E-04 
-4.62163E-04 
-4.62163E-04 
-4.62163E-04 
-4.62163E-04 
-4.62163E-04 
-4.62163E-04 
-4.62163E-04 
-6.81599E-04 
-6.81599E-04 
-6.81599E-04 
-6.81599E-04 
-6.81599E-04 
-6.81599E-04 
-6.81599E-04 
-6.81599E-04 
-6.81599E-04 
-6.81599E-04 
-6.81599E-04 
-6.81599E-04 
-6.81599E-04 
-6.81599E-04 
-6.81599E-04 
-6.81599E-04 
-6.81599E-04 
-6.81599E-04 
-6.81599E-04 
-6.81599E-04 
-6.81599E-04 
-6.81599E-04 
-6.81599E-04 
-6.81599E-04 
-6.81599E-04 
-6.81599E-04 
-9.79678E-04 
-9.79678E-04 
-9.79678E-04 
-9.79678E-04 
-9.79678E-04 
-9.79678E-04 
-9.79678E-04 
-9.79678E-04 
-9.79678E-04 
-9.79678E-04 
-9.79678E-04 
-9.79678E-04 
-9.79678E-04 
-9.79678E-04 
-9.79678E-04 
-9.79678E-04 
-9.79678E-04 
-9.79678E-04 
-9.79678E-04 
-9.79678E-04 
-9.79678E-04 
-9.79678E-04 
-9.79678E-04 
-9.79678E-04 
-9.79678E-04 
-9.79678E-04 
-1.37152E-03 
-1.37152E-03 
-1.37152E-03 
-1.37152E-03 
-1.37152E-03 
-1.37152E-03 
-1.37152E-03 
-1.37152E-03 
-1.37152E-03 
-1.37152E-03 
-1.37152E-03 
-1.37152E-03 
-1.37152E-03 
-1.37152E-03 
-1.37152E-03 
-1.37152E-03 
-1.37152E-03 
-1.37152E-03 
-1.37152E-03 
-1.37152E-03 
-1.37152E-03 
-1.37152E-03 
-1.37152E-03 
-1.37152E-03 
-1.37152E-03 
-1.37152E-03 
-1.86958E-03 
-1.86958E-03 
-1.86958E-03 
-1.86958E-03 
-1.86958E-03 
-1.86958E-03 
-1.86958E-03 
-1.86958E-03 
-1.86958E-03 
-1.86958E-03 
-1.86958E-03 
-1.86958E-03 
-1.86958E-03 
-1.86958E-03 
-1.86958E-03 
-1.86958E-03 
-1.86958E-03 
-1.86958E-03 
-1.86958E-03 
-1.86958E-03 
-1.86958E-03 
-1.86958E-03 
-1.86958E-03 
-1.86958E-03 
-1.86958E-03 
-1.86958E-03 
-2.48096E-03 
-2.48096E-03 
-2.48096E-03 
-2.48096E-03 
-2.48096E-03 
-2.48096E-03 
-2.48096E-03 
-2.48096E-03 
-2.48096E-03 
-2.48096E-03 
-2.48096E-03 
-2.48096E-03 
-2.48096E-03 
-2.48096E-03 
-2.48096E-03 
-2.48096E-03 
-2.48096E-03 
-2.48096E-03 
-2.48096E-03 
-2.48096E-03 
-2.48096E-03 
-2.48096E-03 
-2.48096E-03 
-2.48096E-03 
-2.48096E-03 
-2.48096E-03 
-3.20500E-03 
-3.20500E-03 
-3.20500E-03 
-3.20500E-03 
-3.20500E-03 
-3.20500E-03 
-3.20500E-03 
-3.20500E-03 
-3.20500E-03 
-3.20500E-03 
-3.20500E-03 
-3.20500E-03 
-3.20500E-03 
-3.20500E-03 
-3.20500E-03 
-3.20500E-03 
-3.20500E-03 
-3.20500E-03 
-3.20500E-03 
-3.20500E-03 
-3.20500E-03 
-3.20500E-03 
-3.20500E-03 
-3.20500E-03 
-3.20500E-03 
-3.20500E-03 
-4.02608E-03 
-4.02608E-03 
-4.02608E-03 
-4.02608E-03 
-4.02608E-03 
-4.02608E-03 
-4.02608E-03 
-4.02608E-03 
-4.02608E-03 
-4.02608E-03 
-4.02608E-03 
-4.02608E-03 
-4.02608E-03 
-4.02608E-03 
-4.02608E-03 
-4.02608E-03 
-4.02608E-03 
-4.02608E-03 
-4.02608E-03 
-4.02608E-03 
-4.02608E-03 
-4.02608E-03 
-4.02608E-03 
-4.02608E-03 
-4.02608E-03 
-4.02608E-03 
-4.93064E-03 
-4.93064E-03 
-4.93064E-03 
-4.93064E-03 
-4.93064E-03 
-4.93064E-03 
-4.93064E-03 
-4.93064E-03 
-4.93064E-03 
-4.93064E-03 
-4.93064E-03 
-4.93064E-03 
-4.93064E-03 
-4.93064E-03 
-4.93064E-03 
-4.93064E-03 
-4.93064E-03 
-4.93064E-03 
-4.93064E-03 
-4.93064E-03 
-4.93064E-03 
-4.93064E-03 
-4.93064E-03 
-4.93064E-03 
-4.93064E-03 
-4.93064E-03 
-5.87256E-03 
-5.87256E-03 
-5.87256E-03 
-5.87256E-03 
-5.87256E-03 
-5.87256E-03 
-5.87256E-03 
-5.87256E-03 
-5.87256E-03 
-5.87256E-03 
-5.87256E-03 
-5.87256E-03 
-5.87256E-03 
-5.87256E-03 
-5.87256E-03 
-5.87256E-03 
-5.87256E-03 
-5.87256E-03 
-5.87256E-03 
-5.87256E-03 
-5.87256E-03 
-5.87256E-03 
-5.87256E-03 
-5.87256E-03 
-5.87256E-03 
-5.87256E-03 
-6.80032E-03 
-6.80032E-03 
-6.80032E-03 
-6.80032E-03 
-6.80032E-03 
-6.80032E-03 
-6.80032E-03 
-6.80032E-03 
-6.80032E-03 
-6.80032E-03 
-6.80032E-03 
-6.80032E-03 
-6.80032E-03 
-6.80032E-03 
-6.80032E-03 
-6.80032E-03 
-6.80032E-03 
-6.80032E-03 
-6.80032E-03 
-6.80032E-03 
-6.80032E-03 
-6.80032E-03 
-6.80032E-03 
-6.80032E-03 
-6.80032E-03 
-6.80032E-03 
-7.64272E-03 
-7.64272E-03 
-7.64272E-03 
-7.64272E-03 
-7.64272E-03 
-7.64272E-03 
-7.64272E-03 
-7.64272E-03 
-7.64272E-03 
-7.64272E-03 
-7.64272E-03 
-7.64272E-03 
-7.64272E-03 
-7.64272E-03 
-7.64272E-03 
-7.64272E-03 
-7.64272E-03 
-7.64272E-03 
-7.64272E-03 
-7.64272E-03 
-7.64272E-03 
-7.64272E-03 
-7.64272E-03 
-7.64272E-03 
-7.64272E-03 
-7.64272E-03 
-8.31016E-03 
-8.31016E-03 
-8.31016E-03 
-8.31016E-03 
-8.31016E-03 
-8.31016E-03 
-8.31016E-03 
-8.31016E-03 
-8.31016E-03 
-8.31016E-03 
-8.31016E-03 
-8.31016E-03 
-8.31016E-03 
-8.31016E-03 
-8.31016E-03 
-8.31016E-03 
-8.31016E-03 
-8.31016E-03 
-8.31016E-03 
-8.31016E-03 
-8.31016E-03 
-8.31016E-03 
-8.31016E-03 
-8.31016E-03 
-8.31016E-03 
-8.31016E-03 
-8.69375E-03 
-8.69375E-03 
-8.69375E-03 
-8.69375E-03 
-8.69375E-03 
-8.69375E-03 
-8.69375E-03 
-8.69375E-03 
-8.69375E-03 
-8.69375E-03 
-8.69375E-03 
-8.69375E-03 
-8.69375E-03 
-8.69375E-03 
-8.69375E-03 
-8.69375E-03 
-8.69375E-03 
-8.69375E-03 
-8.69375E-03 
-8.69375E-03 
-8.69375E-03 
-8.69375E-03 
-8.69375E-03 
-8.69375E-03 
-8.69375E-03 
-8.69375E-03 
-8.66750E-03 
-8.66750E-03 
-8.66750E-03 
-8.66750E-03 
-8.66750E-03 
-8.66750E-03 
-8.66750E-03 
-8.66750E-03 
-8.66750E-03 
-8.66750E-03 
-8.66750E-03 
-8.66750E-03 
-8.66750E-03 
-8.66750E-03 
-8.66750E-03 
-8.66750E-03 
-8.66750E-03 
-8.66750E-03 
-8.66750E-03 
-8.66750E-03 
-8.66750E-03 
-8.66750E-03 
-8.66750E-03 
-8.66750E-03 
-8.66750E-03 
-8.66750E-03 
-8.08350E-03 
-8.08350E-03 
-8.08350E-03 
-8.08350E-03 
-8.08350E-03 
-8.08350E-03 
-8.08350E-03 
-8.08350E-03 
-8.08350E-03 
-8.08350E-03 
-8.08350E-03 
-8.08350E-03 
-8.08350E-03 
-8.08350E-03 
-8.08350E-03 
-8.08350E-03 
-8.08350E-03 
-8.08350E-03 
-8.08350E-03 
-8.08350E-03 
-8.08350E-03 
-8.08350E-03 
-8.08350E-03 
-8.08350E-03 
-8.08350E-03 
-8.08350E-03 
-6.77908E-03 
-6.77908E-03 
-6.77908E-03 
-6.77908E-03 
-6.77908E-03 
-6.77908E-03 
-6.77908E-03 
-6.77908E-03 
-6.77908E-03 
-6.77908E-03 
-6.77908E-03 
-6.77908E-03 
-6.77908E-03 
-6.77908E-03 
-6.77908E-03 
-6.77908E-03 
-6.77908E-03 
-6.77908E-03 
-6.77908E-03 
-6.77908E-03 
-6.77908E-03 
-6.77908E-03 
-6.77908E-03 
-6.77908E-03 
-6.77908E-03 
-6.77908E-03 
-4.56975E-03 
-4.56975E-03 
-4.56975E-03 
-4.56975E-03 
-4.56975E-03 
-4.56975E-03 
-4.56975E-03 
-4.56975E-03 
-4.56975E-03 
-4.56975E-03 
-4.56975E-03 
-4.56975E-03 
-4.56975E-03 
-4.56975E-03 
-4.56975E-03 
-4.56975E-03 
-4.56975E-03 
-4.56975E-03 
-4.56975E-03 
-4.56975E-03 
-4.56975E-03 
-4.56975E-03 
-4.56975E-03 
-4.56975E-03 
-4.56975E-03 
-4.56975E-03 
-1.25754E-03 
-1.25754E-03 
-1.25754E-03 
-1.25754E-03 
-1.25754E-03 
-1.25754E-03 
-1.25754E-03 
-1.25754E-03 
-1.25754E-03 
-1.25754E-03 
-1.25754E-03 
-1.25754E-03 
-1.25754E-03 
-1.25754E-03 
-1.25754E-03 
-1.25754E-03 
-1.25754E-03 
-1.25754E-03 
-1.25754E-03 
-1.25754E-03 
-1.25754E-03 
-1.25754E-03 
-1.25754E-03 
-1.25754E-03 
-1.25754E-03 
-1.25754E-03 
3.38556E-03 
3.38556E-03 
3.38556E-03 
3.38556E-03 
3.38556E-03 
3.38556E-03 
3.38556E-03 
3.38556E-03 
3.38556E-03 
3.38556E-03 
3.38556E-03 
3.38556E-03 
3.38556E-03 
3.38556E-03 
3.38556E-03 
3.38556E-03 
3.38556E-03 
3.38556E-03 
3.38556E-03 
3.38556E-03 
3.38556E-03 
3.38556E-03 
3.38556E-03 
3.38556E-03 
3.38556E-03 
3.38556E-03 
9.59389E-03 
9.59389E-03 
9.59389E-03 
9.59389E-03 
9.59389E-03 
9.59389E-03 
9.59389E-03 
9.59389E-03 
9.59389E-03 
9.59389E-03 
9.59389E-03 
9.59389E-03 
9.59389E-03 
9.59389E-03 
9.59389E-03 
9.59389E-03 
9.59389E-03 
9.59389E-03 
9.59389E-03 
9.59389E-03 
9.59389E-03 
9.59389E-03 
9.59389E-03 
9.59389E-03 
9.59389E-03 
9.59389E-03 
1.76223E-02 
1.76223E-02 
1.76223E-02 
1.76223E-02 
1.76223E-02 
1.76223E-02 
1.76223E-02 
1.76223E-02 
1.76223E-02 
1.76223E-02 
1.76223E-02 
1.76223E-02 
1.76223E-02 
1.76223E-02 
1.76223E-02 
1.76223E-02 
1.76223E-02 
1.76223E-02 
1.76223E-02 
1.76223E-02 
1.76223E-02 
1.76223E-02 
1.76223E-02 
1.76223E-02 
1.76223E-02 
1.76223E-02 
2.77498E-02 
2.77498E-02 
2.77498E-02 
2.77498E-02 
2.77498E-02 
2.77498E-02 
2.77498E-02 
2.77498E-02 
2.77498E-02 
2.77498E-02 
2.77498E-02 
2.77498E-02 
2.77498E-02 
2.77498E-02 
2.77498E-02 
2.77498E-02 
2.77498E-02 
2.77498E-02 
2.77498E-02 
2.77498E-02 
2.77498E-02 
2.77498E-02 
2.77498E-02 
2.77498E-02 
2.77498E-02 
2.77498E-02 
4.02463E-02 
4.02463E-02 
4.02463E-02 
4.02463E-02 
4.02463E-02 
4.02463E-02 
4.02463E-02 
4.02463E-02 
4.02463E-02 
4.02463E-02 
4.02463E-02 
4.02463E-02 
4.02463E-02 
4.02463E-02 
4.02463E-02 
4.02463E-02 
4.02463E-02 
4.02463E-02 
4.02463E-02 
4.02463E-02 
4.02463E-02 
4.02463E-02 
4.02463E-02 
4.02463E-02 
4.02463E-02 
4.02463E-02 
5.54565E-02 
5.54565E-02 
5.54565E-02 
5.54565E-02 
5.54565E-02 
5.54565E-02 
5.54565E-02 
5.54565E-02 
5.54565E-02 
5.54565E-02 
5.54565E-02 
5.54565E-02 
5.54565E-02 
5.54565E-02 
5.54565E-02 
5.54565E-02 
5.54565E-02 
5.54565E-02 
5.54565E-02 
5.54565E-02 
5.54565E-02 
5.54565E-02 
5.54565E-02 
5.54565E-02 
5.54565E-02 
5.54565E-02 
7.35063E-02 
7.35063E-02 
7.35063E-02 
7.35063E-02 
7.35063E-02 
7.35063E-02 
7.35063E-02 
7.35063E-02 
7.35063E-02 
7.35063E-02 
7.35063E-02 
7.35063E-02 
7.35063E-02 
7.35063E-02 
7.35063E-02 
7.35063E-02 
7.35063E-02 
7.35063E-02 
7.35063E-02 
7.35063E-02 
7.35063E-02 
7.35063E-02 
7.35063E-02 
7.35063E-02 
7.35063E-02 
7.35063E-02 
9.50379E-02 
9.50379E-02 
9.50379E-02 
9.50379E-02 
9.50379E-02 
9.50379E-02 
9.50379E-02 
9.50379E-02 
9.50379E-02 
9.50379E-02 
9.50379E-02 
9.50379E-02 
9.50379E-02 
9.50379E-02 
9.50379E-02 
9.50379E-02 
9.50379E-02 
9.50379E-02 
9.50379E-02 
9.50379E-02 
9.50379E-02 
9.50379E-02 
9.50379E-02 
9.50379E-02 
9.50379E-02 
9.50379E-02 
1.20241E-01 
1.20241E-01 
1.20241E-01 
1.20241E-01 
1.20241E-01 
1.20241E-01 
1.20241E-01 
1.20241E-01 
1.20241E-01 
1.20241E-01 
1.20241E-01 
1.20241E-01 
1.20241E-01 
1.20241E-01 
1.20241E-01 
1.20241E-01 
1.20241E-01 
1.20241E-01 
1.20241E-01 
1.20241E-01 
1.20241E-01 
1.20241E-01 
1.20241E-01 
1.20241E-01 
1.20241E-01 
1.20241E-01 
1.49477E-01 
1.49477E-01 
1.49477E-01 
1.49477E-01 
1.49477E-01 
1.49477E-01 
1.49477E-01 
1.49477E-01 
1.49477E-01 
1.49477E-01 
1.49477E-01 
1.49477E-01 
1.49477E-01 
1.49477E-01 
1.49477E-01 
1.49477E-01 
1.49477E-01 
1.49477E-01 
1.49477E-01 
1.49477E-01 
1.49477E-01 
1.49477E-01 
1.49477E-01 
1.49477E-01 
1.49477E-01 
1.49477E-01 
1.83122E-01 
1.83122E-01 
1.83122E-01 
1.83122E-01 
1.83122E-01 
1.83122E-01 
1.83122E-01 
1.83122E-01 
1.83122E-01 
1.83122E-01 
1.83122E-01 
1.83122E-01 
1.83122E-01 
1.83122E-01 
1.83122E-01 
1.83122E-01 
1.83122E-01 
1.83122E-01 
1.83122E-01 
1.83122E-01 
1.83122E-01 
1.83122E-01 
1.83122E-01 
1.83122E-01 
1.83122E-01 
1.83122E-01 
2.21560E-01 
2.21560E-01 
2.21560E-01 
2.21560E-01 
2.21560E-01 
2.21560E-01 
2.21560E-01 
2.21560E-01 
2.21560E-01 
2.21560E-01 
2.21560E-01 
2.21560E-01 
2.21560E-01 
2.21560E-01 
2.21560E-01 
2.21560E-01 
2.21560E-01 
2.21560E-01 
2.21560E-01 
2.21560E-01 
2.21560E-01 
2.21560E-01 
2.21560E-01 
2.21560E-01 
2.21560E-01 
2.21560E-01 
2.65198E-01 
2.65198E-01 
2.65198E-01 
2.65198E-01 
2.65198E-01 
2.65198E-01 
2.65198E-01 
2.65198E-01 
2.65198E-01 
2.65198E-01 
2.65198E-01 
2.65198E-01 
2.65198E-01 
2.65198E-01 
2.65198E-01 
2.65198E-01 
2.65198E-01 
2.65198E-01 
2.65198E-01 
2.65198E-01 
2.65198E-01 
2.65198E-01 
2.65198E-01 
2.65198E-01 
2.65198E-01 
2.65198E-01 
3.14442E-01 
3.14442E-01 
3.14442E-01 
3.14442E-01 
3.14442E-01 
3.14442E-01 
3.14442E-01 
3.14442E-01 
3.14442E-01 
3.14442E-01 
3.14442E-01 
3.14442E-01 
3.14442E-01 
3.14442E-01 
3.14442E-01 
3.14442E-01 
3.14442E-01 
3.14442E-01 
3.14442E-01 
3.14442E-01 
3.14442E-01 
3.14442E-01 
3.14442E-01 
3.14442E-01 
3.14442E-01 
3.14442E-01 
3.69723E-01 
3.69723E-01 
3.69723E-01 
3.69723E-01 
3.69723E-01 
3.69723E-01 
3.69723E-01 
3.69723E-01 
3.69723E-01 
3.69723E-01 
3.69723E-01 
3.69723E-01 
3.69723E-01 
3.69723E-01 
3.69723E-01 
3.69723E-01 
3.69723E-01 
3.69723E-01 
3.69723E-01 
3.69723E-01 
3.69723E-01 
3.69723E-01 
3.69723E-01 
3.69723E-01 
3.69723E-01 
3.69723E-01 
4.31608E-01 
4.31608E-01 
4.31608E-01 
4.31608E-01 
4.31608E-01 
4.31608E-01 
4.31608E-01 
4.31608E-01 
4.31608E-01 
4.31608E-01 
4.31608E-01 
4.31608E-01 
4.31608E-01 
4.31608E-01 
4.31608E-01 
4.31608E-01 
4.31608E-01 
4.31608E-01 
4.31608E-01 
4.31608E-01 
4.31608E-01 
4.31608E-01 
4.31608E-01 
4.31608E-01 
4.31608E-01 
4.31608E-01 
4.99941E-01 
4.99941E-01 
4.99941E-01 
4.99941E-01 
4.99941E-01 
4.99941E-01 
4.99941E-01 
4.99941E-01 
4.99941E-01 
4.99941E-01 
4.99941E-01 
4.99941E-01 
4.99941E-01 
4.99941E-01 
4.99941E-01 
4.99941E-01 
4.99941E-01 
4.99941E-01 
4.99941E-01 
4.99941E-01 
4.99941E-01 
4.99941E-01 
4.99941E-01 
4.99941E-01 
4.99941E-01 
4.99941E-01 
5.76070E-01 
5.76070E-01 
5.76070E-01 
5.76070E-01 
5.76070E-01 
5.76070E-01 
5.76070E-01 
5.76070E-01 
5.76070E-01 
5.76070E-01 
5.76070E-01 
5.76070E-01 
5.76070E-01 
5.76070E-01 
5.76070E-01 
5.76070E-01 
5.76070E-01 
5.76070E-01 
5.76070E-01 
5.76070E-01 
5.76070E-01 
5.76070E-01 
5.76070E-01 
5.76070E-01 
5.76070E-01 
5.76070E-01 
6.60013E-01 
6.60013E-01 
6.60013E-01 
6.60013E-01 
6.60013E-01 
6.60013E-01 
6.60013E-01 
6.60013E-01 
6.60013E-01 
6.60013E-01 
6.60013E-01 
6.60013E-01 
6.60013E-01 
6.60013E-01 
6.60013E-01 
6.60013E-01 
6.60013E-01 
6.60013E-01 
6.60013E-01 
6.60013E-01 
6.60013E-01 
6.60013E-01 
6.60013E-01 
6.60013E-01 
6.60013E-01 
6.60013E-01 
7.52266E-01 
7.52266E-01 
7.52266E-01 
7.52266E-01 
7.52266E-01 
7.52266E-01 
7.52266E-01 
7.52266E-01 
7.52266E-01 
7.52266E-01 
7.52266E-01 
7.52266E-01 
7.52266E-01 
7.52266E-01 
7.52266E-01 
7.52266E-01 
7.52266E-01 
7.52266E-01 
7.52266E-01 
7.52266E-01 
7.52266E-01 
7.52266E-01 
7.52266E-01 
7.52266E-01 
7.52266E-01 
7.52266E-01 
8.53314E-01 
8.53314E-01 
8.53314E-01 
8.53314E-01 
8.53314E-01 
8.53314E-01 
8.53314E-01 
8.53314E-01 
8.53314E-01 
8.53314E-01 
8.53314E-01 
8.53314E-01 
8.53314E-01 
8.53314E-01 
8.53314E-01 
8.53314E-01 
8.53314E-01 
8.53314E-01 
8.53314E-01 
8.53314E-01 
8.53314E-01 
8.53314E-01 
8.53314E-01 
8.53314E-01 
8.53314E-01 
8.53314E-01 
9.63677E-01 
9.63677E-01 
9.63677E-01 
9.63677E-01 
9.63677E-01 
9.63677E-01 
9.63677E-01 
9.63677E-01 
9.63677E-01 
9.63677E-01 
9.63677E-01 
9.63677E-01 
9.63677E-01 
9.63677E-01 
9.63677E-01 
9.63677E-01 
9.63677E-01 
9.63677E-01 
9.63677E-01 
9.63677E-01 
9.63677E-01 
9.63677E-01 
9.63677E-01 
9.63677E-01 
9.63677E-01 
9.63677E-01 
1.08381E+00 
1.08381E+00 
1.08381E+00 
1.08381E+00 
1.08381E+00 
1.08381E+00 
1.08381E+00 
1.08381E+00 
1.08381E+00 
1.08381E+00 
1.08381E+00 
1.08381E+00 
1.08381E+00 
1.08381E+00 
1.08381E+00 
1.08381E+00 
1.08381E+00 
1.08381E+00 
1.08381E+00 
1.08381E+00 
1.08381E+00 
1.08381E+00 
1.08381E+00 
1.08381E+00 
1.08381E+00 
1.08381E+00 
1.21465E+00 
1.21465E+00 
1.21465E+00 
1.21465E+00 
1.21465E+00 
1.21465E+00 
1.21465E+00 
1.21465E+00 
1.21465E+00 
1.21465E+00 
1.21465E+00 
1.21465E+00 
1.21465E+00 
1.21465E+00 
1.21465E+00 
1.21465E+00 
1.21465E+00 
1.21465E+00 
1.21465E+00 
1.21465E+00 
1.21465E+00 
1.21465E+00 
1.21465E+00 
1.21465E+00 
1.21465E+00 
1.21465E+00 
1.35590E+00 
1.35590E+00 
1.35590E+00 
1.35590E+00 
1.35590E+00 
1.35590E+00 
1.35590E+00 
1.35590E+00 
1.35590E+00 
1.35590E+00 
1.35590E+00 
1.35590E+00 
1.35590E+00 
1.35590E+00 
1.35590E+00 
1.35590E+00 
1.35590E+00 
1.35590E+00 
1.35590E+00 
1.35590E+00 
1.35590E+00 
1.35590E+00 
1.35590E+00 
1.35590E+00 
1.35590E+00 
1.35590E+00 
1.50863E+00 
1.50863E+00 
1.50863E+00 
1.50863E+00 
1.50863E+00 
1.50863E+00 
1.50863E+00 
1.50863E+00 
1.50863E+00 
1.50863E+00 
1.50863E+00 
1.50863E+00 
1.50863E+00 
1.50863E+00 
1.50863E+00 
1.50863E+00 
1.50863E+00 
1.50863E+00 
1.50863E+00 
1.50863E+00 
1.50863E+00 
1.50863E+00 
1.50863E+00 
1.50863E+00 
1.50863E+00 
1.50863E+00 
1.67335E+00 
1.67335E+00 
1.67335E+00 
1.67335E+00 
1.67335E+00 
1.67335E+00 
1.67335E+00 
1.67335E+00 
1.67335E+00 
1.67335E+00 
1.67335E+00 
1.67335E+00 
1.67335E+00 
1.67335E+00 
1.67335E+00 
1.67335E+00 
1.67335E+00 
1.67335E+00 
1.67335E+00 
1.67335E+00 
1.67335E+00 
1.67335E+00 
1.67335E+00 
1.67335E+00 
1.67335E+00 
1.67335E+00 
1.85061E+00 
1.85061E+00 
1.85061E+00 
1.85061E+00 
1.85061E+00 
1.85061E+00 
1.85061E+00 
1.85061E+00 
1.85061E+00 
1.85061E+00 
1.85061E+00 
1.85061E+00 
1.85061E+00 
1.85061E+00 
1.85061E+00 
1.85061E+00 
1.85061E+00 
1.85061E+00 
1.85061E+00 
1.85061E+00 
1.85061E+00 
1.85061E+00 
1.85061E+00 
1.85061E+00 
1.85061E+00 
1.85061E+00 
2.04096E+00 
2.04096E+00 
2.04096E+00 
2.04096E+00 
2.04096E+00 
2.04096E+00 
2.04096E+00 
2.04096E+00 
2.04096E+00 
2.04096E+00 
2.04096E+00 
2.04096E+00 
2.04096E+00 
2.04096E+00 
2.04096E+00 
2.04096E+00 
2.04096E+00 
2.04096E+00 
2.04096E+00 
2.04096E+00 
2.04096E+00 
2.04096E+00 
2.04096E+00 
2.04096E+00 
2.04096E+00 
2.04096E+00 
2.24496E+00 
2.24496E+00 
2.24496E+00 
2.24496E+00 
2.24496E+00 
2.24496E+00 
2.24496E+00 
2.24496E+00 
2.24496E+00 
2.24496E+00 
2.24496E+00 
2.24496E+00 
2.24496E+00 
2.24496E+00 
2.24496E+00 
2.24496E+00 
2.24496E+00 
2.24496E+00 
2.24496E+00 
2.24496E+00 
2.24496E+00 
2.24496E+00 
2.24496E+00 
2.24496E+00 
2.24496E+00 
2.24496E+00 
2.46326E+00 
2.46326E+00 
2.46326E+00 
2.46326E+00 
2.46326E+00 
2.46326E+00 
2.46326E+00 
2.46326E+00 
2.46326E+00 
2.46326E+00 
2.46326E+00 
2.46326E+00 
2.46326E+00 
2.46326E+00 
2.46326E+00 
2.46326E+00 
2.46326E+00 
2.46326E+00 
2.46326E+00 
2.46326E+00 
2.46326E+00 
2.46326E+00 
2.46326E+00 
2.46326E+00 
2.46326E+00 
2.46326E+00 
2.69625E+00 
2.69625E+00 
2.69625E+00 
2.69625E+00 
2.69625E+00 
2.69625E+00 
2.69625E+00 
2.69625E+00 
2.69625E+00 
2.69625E+00 
2.69625E+00 
2.69625E+00 
2.69625E+00 
2.69625E+00 
2.69625E+00 
2.69625E+00 
2.69625E+00 
2.69625E+00 
2.69625E+00 
2.69625E+00 
2.69625E+00 
2.69625E+00 
2.69625E+00 
2.69625E+00 
2.69625E+00 
2.69625E+00 
---
